(38.595348, 24.115273, 0.0)
(38.727890, 24.215424, 0.0)
(38.342663, 24.994539, 0.0)
(38.302803, 25.145561, 0.0)
(38.321110, 25.140316, 0.0)
(38.323799, 25.115356, 0.0)
(38.366760, 25.119043, 0.0)
(38.402287, 25.108383, 0.0)
(38.445423, 25.073002, 0.0)
(38.449173, 25.224049, 0.0)
(38.487049, 25.214399, 0.0)
(38.494148, 25.206068, 0.0)
(38.523468, 25.191217, 0.0)
(38.520836, 25.192036, 0.0)
(38.549530, 25.188961, 0.0)
(38.583271, 25.194166, 0.0)
(38.594704, 25.186777, 0.0)
(38.587173, 25.177950, 0.0)
(38.587173, 25.177950, 0.0)
(38.586430, 25.174082, 0.0)
(38.597301, 25.197060, 0.0)
(38.591625, 25.199408, 0.0)
(38.595848, 25.205414, 0.0)
(38.590645, 25.221466, 0.0)
(38.576347, 25.224602, 0.0)
(38.580719, 25.251326, 0.0)
(38.590584, 25.249178, 0.0)
(38.593040, 25.263998, 0.0)
(38.597038, 25.245728, 0.0)
(38.601475, 25.246120, 0.0)
(38.601154, 25.242052, 0.0)
(38.566284, 25.219812, 0.0)
(38.567989, 25.239344, 0.0)
(38.598167, 25.277880, 0.0)
(38.584091, 25.283516, 0.0)
(38.595238, 25.285524, 0.0)
(38.610359, 25.297375, 0.0)
(38.622330, 25.308960, 0.0)
(38.612808, 25.294348, 0.0)
(38.601543, 25.298716, 0.0)
(38.617214, 25.296858, 0.0)
(38.609680, 25.315355, 0.0)
(38.605858, 25.311161, 0.0)
(38.612984, 25.320171, 0.0)
(38.611568, 25.326548, 0.0)
(38.613422, 25.321432, 0.0)
(38.613422, 25.321432, 0.0)
(38.608608, 25.319412, 0.0)
(38.614803, 25.299711, 0.0)
(38.626865, 25.319403, 0.0)
(38.612545, 25.275150, 0.0)
(38.608856, 25.290823, 0.0)
(38.622238, 25.349773, 0.0)
(38.620552, 25.365952, 0.0)
(38.594185, 25.378729, 0.0)
(38.613220, 25.382490, 0.0)
(38.639469, 25.372501, 0.0)
(38.644943, 25.363855, 0.0)
(38.637035, 25.349287, 0.0)
(38.643547, 25.347919, 0.0)
(38.640568, 25.340916, 0.0)
(38.642738, 25.358898, 0.0)
(38.649590, 25.361235, 0.0)
(38.642239, 25.367754, 0.0)
(38.650219, 25.348263, 0.0)
(38.653255, 25.358114, 0.0)
(38.660034, 25.351465, 0.0)
(38.661484, 25.340891, 0.0)
(38.674557, 25.343227, 0.0)
(38.665462, 25.338461, 0.0)
(38.653873, 25.332567, 0.0)
(38.662235, 25.341732, 0.0)
(38.676575, 25.366545, 0.0)
(38.658958, 25.360170, 0.0)
(38.643394, 25.379858, 0.0)
(38.669037, 25.395510, 0.0)
(38.648018, 25.391897, 0.0)
(38.639343, 25.380419, 0.0)
(38.641159, 25.382641, 0.0)
(38.632683, 25.380993, 0.0)
(38.612377, 25.387783, 0.0)
(38.612377, 25.387783, 0.0)
(38.623791, 25.384447, 0.0)
(38.617519, 25.391508, 0.0)
(38.607021, 25.389521, 0.0)
(38.601555, 25.401648, 0.0)
(38.604076, 25.391266, 0.0)
(38.612377, 25.387783, 0.0)
(38.611366, 25.384840, 0.0)
(38.610085, 25.382301, 0.0)
(38.605915, 25.384615, 0.0)
(38.612377, 25.387783, 0.0)
(38.608204, 25.390112, 0.0)
(38.606354, 25.379139, 0.0)
(38.610516, 25.376839, 0.0)
(38.612377, 25.387783, 0.0)
(38.610085, 25.382301, 0.0)
(38.597641, 25.388109, 0.0)
(38.597641, 25.388109, 0.0)
(38.602898, 25.386457, 0.0)
(38.576527, 25.397547, 0.0)
(38.571640, 25.372917, 0.0)
(38.573055, 25.377935, 0.0)
(38.564667, 25.376144, 0.0)
(38.568771, 25.373922, 0.0)
(38.572071, 25.396770, 0.0)
(38.571049, 25.374287, 0.0)
(38.573814, 25.393353, 0.0)
(38.566963, 25.430525, 0.0)
(38.537704, 25.392780, 0.0)
(38.530979, 25.425785, 0.0)
(38.533813, 25.445509, 0.0)
(38.542507, 25.440748, 0.0)
(38.551434, 25.407505, 0.0)
(38.571594, 25.384083, 0.0)
(38.582256, 25.356787, 0.0)
(38.548103, 25.330242, 0.0)
(38.519180, 25.361149, 0.0)
(38.535538, 25.358515, 0.0)
(38.530952, 25.352995, 0.0)
(38.526100, 25.378248, 0.0)
(38.521194, 25.359402, 0.0)
(38.528652, 25.282368, 0.0)
(38.520710, 25.276764, 0.0)
(38.530022, 25.247080, 0.0)
(38.588390, 25.242146, 0.0)
(38.598541, 25.196341, 0.0)
(38.616035, 25.240427, 0.0)
(38.607922, 25.232416, 0.0)
(38.562714, 25.245789, 0.0)
(38.534908, 25.256813, 0.0)
(38.554249, 25.282921, 0.0)
(38.548103, 25.300352, 0.0)
(38.549473, 25.294903, 0.0)
(38.566319, 25.320108, 0.0)
(38.583065, 25.287197, 0.0)
(38.586147, 25.290762, 0.0)
(38.588478, 25.289133, 0.0)
(38.574322, 25.298553, 0.0)
(38.546677, 25.309391, 0.0)
(38.518688, 25.337025, 0.0)
(38.504765, 25.332958, 0.0)
(38.505901, 25.333231, 0.0)
(38.507393, 25.328325, 0.0)
(38.505848, 25.317623, 0.0)
(38.509548, 25.314411, 0.0)
(38.493408, 25.202171, 0.0)
(38.476231, 25.180216, 0.0)
(38.456066, 25.160500, 0.0)
(38.470108, 25.187735, 0.0)
(38.478485, 25.185471, 0.0)
(38.469147, 25.191462, 0.0)
(38.493855, 25.206501, 0.0)
(38.537727, 25.241919, 0.0)
(38.554600, 25.232327, 0.0)
(38.559101, 25.233891, 0.0)
(38.593048, 25.274397, 0.0)
(38.574570, 25.288755, 0.0)
(38.586929, 25.298008, 0.0)
(38.574402, 25.297113, 0.0)
(38.569977, 25.301165, 0.0)
(38.581188, 25.310490, 0.0)
(38.578537, 25.314760, 0.0)
(38.585808, 25.318151, 0.0)
(38.591381, 25.328350, 0.0)
(38.589073, 25.322845, 0.0)
(38.591381, 25.328350, 0.0)
(38.588295, 25.344627, 0.0)
(38.573906, 25.332222, 0.0)
(38.563370, 25.341446, 0.0)
(38.305592, 25.379433, 0.0)
(38.671654, 27.161388, 0.0)
(38.299690, 25.923077, 0.0)
(38.331337, 25.133125, 0.0)
(38.324234, 25.022152, 0.0)
(38.358425, 25.079060, 0.0)
(38.409351, 25.113182, 0.0)
(38.438469, 25.092978, 0.0)
(38.452267, 25.195766, 0.0)
(38.464939, 25.162096, 0.0)
(38.475624, 25.181320, 0.0)
(38.465225, 25.187153, 0.0)
(38.449875, 25.246593, 0.0)
(38.458382, 25.253529, 0.0)
(40.438858, 26.145945, 0.0)
(43.951950, 28.908895, 0.0)
(45.443821, 30.706114, 0.0)
(45.548584, 31.045204, 0.0)
(45.516575, 31.028896, 0.0)
(45.500267, 31.022367, 0.0)
(45.494061, 31.032421, 0.0)
(45.510780, 31.285454, 0.0)
(45.491600, 31.337234, 0.0)
(45.493752, 31.348995, 0.0)
(45.477570, 31.330645, 0.0)
(45.443527, 31.316494, 0.0)
(45.429577, 31.360785, 0.0)
(45.418095, 31.411444, 0.0)
(45.412266, 31.403614, 0.0)
(45.406059, 31.406918, 0.0)
(45.415916, 31.437595, 0.0)
(45.408566, 31.439770, 0.0)
(45.405903, 31.445610, 0.0)
(45.404819, 31.488419, 0.0)
(45.390152, 31.492134, 0.0)
(45.382092, 31.511042, 0.0)
(45.402561, 31.557142, 0.0)
(45.378883, 31.571163, 0.0)
(45.363438, 31.552298, 0.0)
(45.366859, 31.564539, 0.0)
(45.373245, 31.559891, 0.0)
(45.361370, 31.557804, 0.0)
(45.354172, 31.582251, 0.0)
(45.387897, 31.580122, 0.0)
(45.386681, 31.571907, 0.0)
(45.384636, 31.541185, 0.0)
(45.364365, 31.516829, 0.0)
(45.390965, 31.516577, 0.0)
(45.367901, 31.502455, 0.0)
(45.346134, 31.467535, 0.0)
(45.438568, 30.786959, 0.0)
(45.801594, 26.483715, 0.0)
(45.576496, 24.128166, 0.0)
(45.228836, 23.409533, 0.0)
(45.183067, 23.306005, 0.0)
(45.170876, 23.310070, 0.0)
(45.192116, 23.302055, 0.0)
(45.176773, 23.242226, 0.0)
(45.289650, 23.101662, 0.0)
(45.337357, 23.079218, 0.0)
(45.306358, 23.034187, 0.0)
(45.301464, 23.035095, 0.0)
(45.309113, 23.022146, 0.0)
(45.337246, 23.019978, 0.0)
(45.301235, 22.972429, 0.0)
(45.317192, 22.959879, 0.0)
(45.337234, 22.950634, 0.0)
(45.321709, 22.943758, 0.0)
(45.320259, 22.933853, 0.0)
(45.302109, 22.911243, 0.0)
(45.318691, 22.925266, 0.0)
(45.299892, 22.914211, 0.0)
(45.305740, 22.959164, 0.0)
(45.298889, 22.963217, 0.0)
(45.270355, 22.941538, 0.0)
(45.279881, 22.952854, 0.0)
(45.279881, 22.952854, 0.0)
(45.245411, 22.939569, 0.0)
(44.996437, 22.826000, 0.0)
(42.105061, 21.521606, 0.0)
(41.253345, 21.314627, 0.0)
(41.214108, 21.267189, 0.0)
(41.256378, 21.273325, 0.0)
(41.269360, 21.275156, 0.0)
(41.270607, 21.263260, 0.0)
(41.278561, 21.243732, 0.0)
(41.280960, 21.254276, 0.0)
(41.291916, 21.222021, 0.0)
(41.266350, 21.212852, 0.0)
(38.104424, 21.888100, 0.0)
(34.764709, 24.281349, 0.0)
(32.079319, 27.378983, 0.0)
(30.686409, 29.660442, 0.0)
(30.805464, 30.218357, 0.0)
(30.793013, 30.299583, 0.0)
(30.725357, 30.269136, 0.0)
(30.647236, 30.286024, 0.0)
(30.529245, 30.717690, 0.0)
(30.433506, 30.743679, 0.0)
(30.422812, 30.749319, 0.0)
(30.398590, 30.764225, 0.0)
(30.395666, 30.768398, 0.0)
(30.383839, 30.770060, 0.0)
(30.385847, 30.779142, 0.0)
(30.380045, 30.805153, 0.0)
(30.362165, 30.800152, 0.0)
(30.357811, 30.813433, 0.0)
(30.357811, 30.813433, 0.0)
(30.357811, 30.813433, 0.0)
(30.351797, 30.812023, 0.0)
(30.352552, 30.805805, 0.0)
(30.344305, 30.817797, 0.0)
(30.226118, 30.229635, 0.0)
(30.209480, 28.044531, 0.0)
(30.177753, 27.730839, 0.0)
(30.151297, 27.793047, 0.0)
(30.150963, 27.814487, 0.0)
(30.164623, 27.811750, 0.0)
(30.153378, 27.805338, 0.0)
(30.119576, 27.772217, 0.0)
(30.132557, 27.788086, 0.0)
(30.130199, 27.802017, 0.0)
(30.123220, 27.810766, 0.0)
(30.137592, 27.808535, 0.0)
(30.154325, 27.838657, 0.0)
(29.659002, 26.102949, 0.0)
(29.752216, 23.500000, 0.0)
(29.701132, 22.888561, 0.0)
(29.688658, 22.809019, 0.0)
(29.666147, 22.767090, 0.0)
(29.665745, 22.733377, 0.0)
(29.646824, 22.722771, 0.0)
(29.479143, 22.813583, 0.0)
(29.399206, 22.768679, 0.0)
(29.409571, 22.762577, 0.0)
(29.419943, 22.714039, 0.0)
(29.426165, 22.694170, 0.0)
(29.421164, 22.674789, 0.0)
(29.407072, 22.632294, 0.0)
(29.407072, 22.632294, 0.0)
(29.409985, 22.637781, 0.0)
(29.402054, 22.632263, 0.0)
(29.402054, 22.632263, 0.0)
(29.402054, 22.632263, 0.0)
(29.409994, 22.643967, 0.0)
(29.408772, 22.649958, 0.0)
(29.412437, 22.640743, 0.0)
(29.426086, 22.654181, 0.0)
(29.426086, 22.654181, 0.0)
(29.411600, 22.658886, 0.0)
(29.411604, 22.664762, 0.0)
(29.413588, 22.676327, 0.0)
(29.413580, 22.670452, 0.0)
(29.410801, 22.676199, 0.0)
(29.423758, 22.690577, 0.0)
(29.433819, 22.700682, 0.0)
(29.441881, 22.690626, 0.0)
(29.430828, 22.710770, 0.0)
(29.418882, 22.713333, 0.0)
(29.418865, 22.719336, 0.0)
(29.422253, 22.734138, 0.0)
(29.402462, 22.746830, 0.0)
(31.620462, 22.583185, 0.0)
(37.203110, 24.134111, 0.0)
(38.898388, 25.152676, 0.0)
(38.945728, 25.155188, 0.0)
(38.889015, 25.120020, 0.0)
(38.878960, 25.106466, 0.0)
(38.870663, 25.114643, 0.0)
(38.715351, 25.281691, 0.0)
(38.689735, 25.390205, 0.0)
(38.683865, 25.354731, 0.0)
(38.656914, 25.321146, 0.0)
(38.645897, 25.306400, 0.0)
(38.637051, 25.302704, 0.0)
(38.660061, 25.329426, 0.0)
(38.655273, 25.339136, 0.0)
(38.670124, 25.368210, 0.0)
(38.656696, 25.395542, 0.0)
(38.650654, 25.403076, 0.0)
(38.646400, 25.421209, 0.0)
(38.675846, 25.414108, 0.0)
(38.701103, 25.392794, 0.0)
(38.723621, 25.376793, 0.0)
(38.766991, 25.389389, 0.0)
(38.754810, 25.366497, 0.0)
(38.747097, 25.346483, 0.0)
(38.731003, 25.318607, 0.0)
(38.759216, 25.335230, 0.0)
(38.711864, 25.320417, 0.0)
(38.491108, 25.366228, 0.0)
(38.590233, 26.960621, 0.0)
(38.517986, 26.763853, 0.0)
(38.346272, 25.666813, 0.0)
(38.360828, 25.102383, 0.0)
(38.416294, 24.962048, 0.0)
(38.441219, 25.056330, 0.0)
(38.470760, 25.071915, 0.0)
(38.498222, 25.054098, 0.0)
(38.484577, 25.072929, 0.0)
(38.485378, 25.077383, 0.0)
(38.493031, 25.137104, 0.0)
(37.391022, 25.509418, 0.0)
(33.568634, 27.756071, 0.0)
(30.981215, 29.909231, 0.0)
(30.477545, 30.327141, 0.0)
(30.433058, 30.324324, 0.0)
(30.398046, 30.282658, 0.0)
(30.382904, 30.285625, 0.0)
(30.368214, 30.282715, 0.0)
(30.360065, 30.274477, 0.0)
(33.586525, 30.068022, 0.0)
(33.839989, 30.228136, 0.0)
(33.886429, 30.192158, 0.0)
(33.915913, 30.156992, 0.0)
(33.964073, 30.142054, 0.0)
(34.858498, 30.377409, 0.0)
(35.524448, 30.490164, 0.0)
(35.647568, 30.519520, 0.0)
(35.844215, 30.480373, 0.0)
(36.043869, 30.493303, 0.0)
(36.236805, 30.514624, 0.0)
(37.771149, 30.585789, 0.0)
(38.119938, 30.532660, 0.0)
(38.274979, 30.539793, 0.0)
(38.510399, 30.570887, 0.0)
(38.746880, 30.578062, 0.0)
(38.936535, 30.586611, 0.0)
(39.148975, 30.566422, 0.0)
(39.986599, 30.814863, 0.0)
(41.476658, 31.034885, 0.0)
(41.674431, 31.047812, 0.0)
(41.807339, 31.040773, 0.0)
(41.900723, 31.051638, 0.0)
(42.008198, 31.073454, 0.0)
(42.109497, 31.060074, 0.0)
(42.203873, 31.034740, 0.0)
(42.366753, 31.093351, 0.0)
(42.442432, 31.032310, 0.0)
(42.592495, 31.034857, 0.0)
(43.635666, 31.342499, 0.0)
(44.383945, 31.221668, 0.0)
(44.491779, 31.229242, 0.0)
(44.538185, 31.235464, 0.0)
(44.642841, 31.221561, 0.0)
(44.696457, 31.246552, 0.0)
(44.723515, 31.275463, 0.0)
(44.731209, 31.290203, 0.0)
(44.743519, 31.298849, 0.0)
(44.744541, 31.343292, 0.0)
(44.777966, 31.342987, 0.0)
(44.811035, 31.290098, 0.0)
(45.164963, 31.268166, 0.0)
(45.229530, 31.226440, 0.0)
(45.257076, 31.174059, 0.0)
(45.272633, 31.166971, 0.0)
(45.232922, 31.179024, 0.0)
(45.191803, 31.142658, 0.0)
(45.330929, 30.974203, 0.0)
(45.331547, 30.491798, 0.0)
(45.214237, 30.474030, 0.0)
(45.186279, 30.477261, 0.0)
(44.981609, 30.467581, 0.0)
(43.139088, 30.341366, 0.0)
(42.951096, 30.339518, 0.0)
(42.815823, 30.298922, 0.0)
(42.690357, 30.317188, 0.0)
(42.506245, 30.320608, 0.0)
(42.381145, 30.315172, 0.0)
(42.223759, 30.273645, 0.0)
(42.032322, 30.305014, 0.0)
(41.650944, 30.599470, 0.0)
(41.460850, 30.633566, 0.0)
(41.308723, 30.585314, 0.0)
(41.152081, 30.589151, 0.0)
(40.996090, 30.553467, 0.0)
(39.842453, 30.528574, 0.0)
(39.628143, 30.479057, 0.0)
(39.483868, 30.455971, 0.0)
(39.292061, 30.391378, 0.0)
(39.111889, 30.368467, 0.0)
(38.906406, 30.342842, 0.0)
(38.736198, 30.324614, 0.0)
(36.582996, 30.292833, 0.0)
(36.095654, 30.149076, 0.0)
(35.975700, 30.051752, 0.0)
(35.851311, 30.028599, 0.0)
(35.793449, 30.006123, 0.0)
(35.642921, 29.988964, 0.0)
(35.555107, 30.016848, 0.0)
(35.439129, 29.997780, 0.0)
(35.346401, 29.998867, 0.0)
(33.455887, 30.618427, 0.0)
(32.400066, 30.652945, 0.0)
(32.241905, 30.629148, 0.0)
(32.141918, 30.568377, 0.0)
(32.090317, 30.565178, 0.0)
(32.051155, 30.543869, 0.0)
(30.638878, 30.910242, 0.0)
(30.144928, 30.778505, 0.0)
(30.106199, 30.632788, 0.0)
(30.127892, 30.596012, 0.0)
(30.158413, 30.551548, 0.0)
(30.162178, 30.580477, 0.0)
(30.173586, 30.590685, 0.0)
(30.170248, 30.593781, 0.0)
(30.165348, 30.584709, 0.0)
(30.164696, 30.573305, 0.0)
(30.157358, 30.559137, 0.0)
(30.400614, 30.292482, 0.0)
(30.655741, 30.041285, 0.0)
(30.685732, 30.001326, 0.0)
(30.704903, 29.987026, 0.0)
(30.771671, 29.968330, 0.0)
(30.842863, 29.910130, 0.0)
(30.901960, 29.883158, 0.0)
(31.096418, 29.795233, 0.0)
(33.625530, 29.055229, 0.0)
(34.029446, 28.956362, 0.0)
(34.293304, 28.856863, 0.0)
(34.548645, 28.825209, 0.0)
(34.782066, 28.821436, 0.0)
(35.043438, 28.816950, 0.0)
(35.259880, 28.809010, 0.0)
(34.945431, 28.945568, 0.0)
(34.707718, 29.119392, 0.0)
(34.964890, 29.089258, 0.0)
(35.219704, 29.124601, 0.0)
(35.519379, 29.137297, 0.0)
(35.829842, 29.095451, 0.0)
(36.201561, 29.055105, 0.0)
(36.507046, 29.022869, 0.0)
(36.763680, 29.055283, 0.0)
(37.048870, 29.050760, 0.0)
(37.320004, 29.062151, 0.0)
(37.542343, 29.075190, 0.0)
(37.811920, 29.153681, 0.0)
(38.080620, 29.239050, 0.0)
(38.371422, 29.316118, 0.0)
(38.716606, 29.366354, 0.0)
(39.037758, 29.419313, 0.0)
(39.377934, 29.437748, 0.0)
(39.712536, 29.455849, 0.0)
(40.011292, 29.512939, 0.0)
(41.074100, 29.652567, 0.0)
(41.424084, 29.685192, 0.0)
(41.562031, 29.726501, 0.0)
(41.758762, 29.793911, 0.0)
(41.941769, 29.800520, 0.0)
(42.486504, 29.829781, 0.0)
(44.423424, 29.852922, 0.0)
(44.838028, 29.851748, 0.0)
(44.873802, 29.857086, 0.0)
(44.933796, 29.864614, 0.0)
(44.972050, 29.843822, 0.0)
(45.003101, 29.787060, 0.0)
(45.049664, 29.791672, 0.0)
(45.102585, 29.760700, 0.0)
(45.115200, 29.778399, 0.0)
(45.138599, 29.749092, 0.0)
(45.173878, 29.813749, 0.0)
(45.187931, 29.829025, 0.0)
(45.191830, 29.887676, 0.0)
(45.175560, 29.920364, 0.0)
(45.148006, 29.965418, 0.0)
(45.118793, 29.919893, 0.0)
(45.115162, 29.939537, 0.0)
(45.102386, 29.899855, 0.0)
(45.085510, 29.904091, 0.0)
(45.060101, 29.881981, 0.0)
(45.271275, 29.314997, 0.0)
(45.414970, 28.851751, 0.0)
(45.341167, 28.831387, 0.0)
(45.236412, 28.790703, 0.0)
(45.112507, 28.717949, 0.0)
(43.727985, 28.193754, 0.0)
(43.311028, 28.113317, 0.0)
(43.102158, 27.915758, 0.0)
(42.883404, 27.820110, 0.0)
(42.642998, 27.753942, 0.0)
(42.254459, 27.762396, 0.0)
(41.912476, 28.488413, 0.0)
(41.668663, 28.626425, 0.0)
(41.411037, 28.571669, 0.0)
(41.216331, 28.573431, 0.0)
(41.006424, 28.506510, 0.0)
(40.792259, 28.458519, 0.0)
(40.576664, 28.429958, 0.0)
(40.397106, 28.421227, 0.0)
(40.205906, 28.404327, 0.0)
(40.013096, 28.309235, 0.0)
(39.828712, 28.272213, 0.0)
(39.425426, 28.560089, 0.0)
(39.193588, 28.613991, 0.0)
(39.021404, 28.599028, 0.0)
(38.867683, 28.600677, 0.0)
(38.696171, 28.566587, 0.0)
(38.559425, 28.562374, 0.0)
(37.759956, 28.560560, 0.0)
(37.405453, 28.527773, 0.0)
(37.267544, 28.548489, 0.0)
(37.169388, 28.536831, 0.0)
(37.050926, 28.493143, 0.0)
(34.802807, 28.902708, 0.0)
(33.755653, 28.804482, 0.0)
(33.508884, 28.707123, 0.0)
(33.436768, 28.677786, 0.0)
(33.346035, 28.695702, 0.0)
(33.306740, 28.658432, 0.0)
(33.257275, 28.598202, 0.0)
(33.236691, 28.593691, 0.0)
(31.380117, 29.182619, 0.0)
(30.873802, 29.131348, 0.0)
(30.833447, 29.096159, 0.0)
(30.820072, 29.103764, 0.0)
(30.819731, 29.087452, 0.0)
(30.790209, 29.051794, 0.0)
(30.774786, 29.012512, 0.0)
(30.750877, 29.005184, 0.0)
(30.694275, 28.994915, 0.0)
(30.680027, 28.982323, 0.0)
(30.674286, 28.989403, 0.0)
(30.689653, 28.965530, 0.0)
(30.722586, 28.969887, 0.0)
(30.850824, 28.992720, 0.0)
(31.003365, 28.926016, 0.0)
(31.086792, 28.873440, 0.0)
(31.233130, 28.799252, 0.0)
(31.374313, 28.710693, 0.0)
(31.632818, 28.599770, 0.0)
(31.904612, 28.514109, 0.0)
(32.129227, 28.406229, 0.0)
(32.458527, 28.322521, 0.0)
(32.777046, 28.271526, 0.0)
(33.091412, 28.156635, 0.0)
(33.415443, 28.092768, 0.0)
(33.627747, 28.082113, 0.0)
(33.941505, 28.008923, 0.0)
(34.244576, 28.014002, 0.0)
(34.480083, 27.944080, 0.0)
(34.824684, 27.936251, 0.0)
(35.094086, 27.923328, 0.0)
(35.375095, 27.916807, 0.0)
(35.621540, 27.916067, 0.0)
(36.358501, 27.826723, 0.0)
(36.753704, 27.824123, 0.0)
(37.003796, 27.827400, 0.0)
(37.346184, 27.873026, 0.0)
(37.645676, 27.859650, 0.0)
(37.880360, 27.848658, 0.0)
(38.144821, 27.917799, 0.0)
(38.597847, 27.883339, 0.0)
(39.389343, 27.858517, 0.0)
(39.705818, 27.889082, 0.0)
(39.879326, 27.913698, 0.0)
(40.117867, 27.966038, 0.0)
(40.345226, 28.024597, 0.0)
(40.875214, 28.076994, 0.0)
(41.081295, 28.162783, 0.0)
(41.289116, 28.161837, 0.0)
(41.459457, 28.193050, 0.0)
(42.083282, 28.458599, 0.0)
(42.904900, 28.552191, 0.0)
(43.065495, 28.618006, 0.0)
(43.213593, 28.687763, 0.0)
(43.372078, 28.754562, 0.0)
(43.499249, 28.763752, 0.0)
(43.609467, 28.897680, 0.0)
(43.690109, 28.818106, 0.0)
(43.840145, 28.957609, 0.0)
(44.386776, 29.085785, 0.0)
(44.539951, 29.163801, 0.0)
(44.603416, 29.204859, 0.0)
(44.716763, 29.259893, 0.0)
(44.831718, 29.273373, 0.0)
(45.210587, 29.171373, 0.0)
(45.278362, 29.129992, 0.0)
(45.302170, 29.137791, 0.0)
(45.303295, 29.109394, 0.0)
(45.274548, 29.115707, 0.0)
(45.249535, 29.123232, 0.0)
(45.219971, 29.158453, 0.0)
(45.178917, 29.140343, 0.0)
(45.111122, 29.115076, 0.0)
(45.057110, 29.102770, 0.0)
(44.939983, 29.105413, 0.0)
(44.862808, 29.055641, 0.0)
(44.774727, 29.004234, 0.0)
(44.692120, 28.948380, 0.0)
(42.866894, 27.926279, 0.0)
(42.443047, 27.876471, 0.0)
(42.291954, 27.779572, 0.0)
(42.200901, 27.702921, 0.0)
(42.022705, 27.695850, 0.0)
(41.903702, 27.653915, 0.0)
(41.727901, 27.583658, 0.0)
(41.623417, 27.585379, 0.0)
(41.493771, 27.561430, 0.0)
(41.342163, 27.475376, 0.0)
(41.215210, 27.449503, 0.0)
(41.097931, 27.440493, 0.0)
(40.895573, 27.425285, 0.0)
(40.728771, 27.447187, 0.0)
(40.612404, 27.423700, 0.0)
(39.423222, 27.323458, 0.0)
(39.014046, 27.348274, 0.0)
(38.830280, 27.306395, 0.0)
(38.676895, 27.281679, 0.0)
(38.602638, 27.258049, 0.0)
(38.507793, 27.293207, 0.0)
(38.353416, 27.265095, 0.0)
(37.488655, 27.410627, 0.0)
(36.029800, 27.378746, 0.0)
(35.772404, 27.440628, 0.0)
(35.669506, 27.448809, 0.0)
(35.541126, 27.396393, 0.0)
(35.311226, 27.448097, 0.0)
(32.499969, 28.033417, 0.0)
(31.918978, 28.086500, 0.0)
(31.812452, 28.025541, 0.0)
(31.796169, 28.047787, 0.0)
(31.759150, 28.021259, 0.0)
(31.748747, 28.042393, 0.0)
(31.736683, 28.023216, 0.0)
(31.722544, 28.025278, 0.0)
(31.691980, 28.021574, 0.0)
(31.668447, 28.019024, 0.0)
(30.679291, 28.210112, 0.0)
(30.575779, 28.228518, 0.0)
(30.535360, 28.247673, 0.0)
(30.550196, 28.214905, 0.0)
(30.550865, 28.189274, 0.0)
(30.562283, 28.195768, 0.0)
(30.566769, 28.184616, 0.0)
(30.370548, 28.175810, 0.0)
(30.258741, 27.976547, 0.0)
(30.278370, 27.927126, 0.0)
(30.314129, 27.908304, 0.0)
(30.351963, 27.902649, 0.0)
(30.421600, 27.868132, 0.0)
(30.476366, 27.859472, 0.0)
(30.313425, 27.704554, 0.0)
(30.428217, 27.700874, 0.0)
(30.585588, 27.640205, 0.0)
(30.757168, 27.497196, 0.0)
(31.474083, 27.291800, 0.0)
(32.144066, 27.116549, 0.0)
(32.444767, 27.046652, 0.0)
(32.653030, 27.019329, 0.0)
(32.879059, 26.932079, 0.0)
(33.169724, 26.895239, 0.0)
(33.417816, 26.889940, 0.0)
(33.647949, 26.865654, 0.0)
(33.947914, 26.818676, 0.0)
(34.921028, 26.732929, 0.0)
(35.342651, 26.782473, 0.0)
(35.600693, 26.788820, 0.0)
(35.910271, 26.785374, 0.0)
(36.192181, 26.785833, 0.0)
(36.950699, 26.822725, 0.0)
(37.548222, 26.864721, 0.0)
(37.855900, 26.868763, 0.0)
(38.194740, 26.883177, 0.0)
(38.476780, 26.943933, 0.0)
(38.755833, 26.990978, 0.0)
(39.028587, 27.008989, 0.0)
(39.736786, 27.075220, 0.0)
(40.818901, 27.139032, 0.0)
(41.017258, 27.168274, 0.0)
(41.159397, 27.173437, 0.0)
(41.316456, 27.218918, 0.0)
(41.495182, 27.231958, 0.0)
(41.617504, 27.289551, 0.0)
(41.745090, 27.345209, 0.0)
(41.958508, 27.393789, 0.0)
(42.087025, 27.459679, 0.0)
(42.337906, 27.517506, 0.0)
(44.157612, 27.932196, 0.0)
(44.271572, 27.799362, 0.0)
(44.722343, 28.006897, 0.0)
(45.057487, 28.063599, 0.0)
(45.174664, 28.070442, 0.0)
(45.190929, 28.164238, 0.0)
(45.194881, 28.184893, 0.0)
(45.226921, 28.224510, 0.0)
(45.268993, 28.223738, 0.0)
(45.310085, 28.257303, 0.0)
(45.332684, 28.237776, 0.0)
(45.347374, 28.193550, 0.0)
(45.385956, 28.196781, 0.0)
(45.380432, 28.226780, 0.0)
(45.526672, 27.957216, 0.0)
(45.528557, 27.931395, 0.0)
(45.504646, 27.982021, 0.0)
(45.474030, 27.925951, 0.0)
(45.469017, 27.886562, 0.0)
(45.475487, 27.860970, 0.0)
(45.581432, 27.532742, 0.0)
(45.564388, 27.411896, 0.0)
(45.500053, 27.374071, 0.0)
(45.415730, 27.391382, 0.0)
(44.833199, 27.142134, 0.0)
(44.355278, 27.044180, 0.0)
(44.250778, 27.039053, 0.0)
(44.139114, 26.997406, 0.0)
(44.089306, 26.957930, 0.0)
(43.606731, 26.901880, 0.0)
(43.112305, 26.917582, 0.0)
(42.948605, 26.883631, 0.0)
(42.815323, 26.863770, 0.0)
(42.641518, 26.824291, 0.0)
(42.452896, 26.785965, 0.0)
(40.988926, 26.613283, 0.0)
(40.794838, 26.580175, 0.0)
(40.733707, 26.588602, 0.0)
(40.565300, 26.526869, 0.0)
(40.462151, 26.523691, 0.0)
(40.345417, 26.446365, 0.0)
(38.976963, 26.347380, 0.0)
(38.310719, 26.290031, 0.0)
(38.176109, 26.273499, 0.0)
(38.033535, 26.250299, 0.0)
(37.854519, 26.247656, 0.0)
(37.731159, 26.258734, 0.0)
(37.643623, 26.251820, 0.0)
(36.949841, 26.376398, 0.0)
(34.476521, 26.423182, 0.0)
(34.174801, 26.419497, 0.0)
(34.037933, 26.454834, 0.0)
(33.941872, 26.498808, 0.0)
(33.808933, 26.520798, 0.0)
(33.753410, 26.543167, 0.0)
(33.700386, 26.577778, 0.0)
(33.663136, 26.585470, 0.0)
(33.594215, 26.613625, 0.0)
(31.824490, 27.153765, 0.0)
(30.868999, 27.705334, 0.0)
(30.523340, 27.522690, 0.0)
(30.459936, 27.163507, 0.0)
(30.429453, 27.090548, 0.0)
(30.413584, 27.056450, 0.0)
(30.407763, 27.087278, 0.0)
(30.442387, 27.084526, 0.0)
(30.432953, 27.095564, 0.0)
(30.426687, 27.118261, 0.0)
(30.422119, 27.112957, 0.0)
(30.441208, 27.098328, 0.0)
(30.433680, 27.109898, 0.0)
(30.454245, 27.088600, 0.0)
(30.474255, 27.075512, 0.0)
(30.509518, 27.082150, 0.0)
(30.485151, 27.053816, 0.0)
(30.355898, 26.920280, 0.0)
(30.452124, 26.893175, 0.0)
(30.574213, 26.830769, 0.0)
(30.684525, 26.770231, 0.0)
(30.805124, 26.671911, 0.0)
(30.921625, 26.607038, 0.0)
(31.132587, 26.586538, 0.0)
(31.306807, 26.492846, 0.0)
(31.563498, 26.463251, 0.0)
(32.847275, 25.992413, 0.0)
(33.155708, 25.852884, 0.0)
(33.400848, 25.812864, 0.0)
(33.648052, 25.782372, 0.0)
(33.954277, 25.730515, 0.0)
(34.227406, 25.639385, 0.0)
(34.518963, 25.658630, 0.0)
(34.766094, 25.586376, 0.0)
(35.610775, 25.519188, 0.0)
(36.157093, 25.560146, 0.0)
(36.487434, 25.557940, 0.0)
(36.854771, 25.568750, 0.0)
(37.190392, 25.578846, 0.0)
(37.614933, 25.593676, 0.0)
(37.923923, 25.615881, 0.0)
(38.232193, 25.638065, 0.0)
(38.571362, 25.638023, 0.0)
(38.862999, 25.701508, 0.0)
(39.628609, 25.844099, 0.0)
(40.364758, 25.824078, 0.0)
(40.687950, 25.862383, 0.0)
(40.845360, 25.893171, 0.0)
(41.082123, 26.022682, 0.0)
(41.338364, 26.051739, 0.0)
(41.459835, 26.071301, 0.0)
(41.644039, 26.127943, 0.0)
(42.160713, 26.257349, 0.0)
(43.042599, 26.272549, 0.0)
(43.275768, 26.306889, 0.0)
(43.418167, 26.364622, 0.0)
(43.576515, 26.420315, 0.0)
(43.750767, 26.465965, 0.0)
(43.943207, 26.523674, 0.0)
(44.057159, 26.555410, 0.0)
(44.189144, 26.674671, 0.0)
(45.716122, 26.955214, 0.0)
(45.930767, 26.852697, 0.0)
(45.933231, 26.776945, 0.0)
(45.931736, 26.819048, 0.0)
(45.917854, 26.772299, 0.0)
(45.931015, 26.754074, 0.0)
(45.928986, 26.745054, 0.0)
(45.933018, 26.741859, 0.0)
(45.930775, 26.780352, 0.0)
(45.932823, 26.789373, 0.0)
(45.930775, 26.780352, 0.0)
(45.921974, 26.797705, 0.0)
(45.904221, 26.809883, 0.0)
(45.864426, 26.811375, 0.0)
(45.841251, 26.801500, 0.0)
(45.800900, 26.784426, 0.0)
(45.483051, 26.718039, 0.0)
(45.324135, 26.702520, 0.0)
(45.274605, 26.661921, 0.0)
(44.753735, 26.530058, 0.0)
(44.358353, 26.458691, 0.0)
(44.206219, 26.402649, 0.0)
(44.114185, 26.432505, 0.0)
(44.002155, 26.350863, 0.0)
(43.170471, 26.189583, 0.0)
(42.955135, 26.177290, 0.0)
(42.813660, 26.078037, 0.0)
(42.704643, 26.070309, 0.0)
(42.556374, 25.985960, 0.0)
(41.137489, 25.668564, 0.0)
(40.951309, 25.672701, 0.0)
(40.873085, 25.679222, 0.0)
(40.759399, 25.648554, 0.0)
(40.604645, 25.579681, 0.0)
(40.461998, 25.543020, 0.0)
(40.290577, 25.539892, 0.0)
(38.621296, 25.323076, 0.0)
(38.275749, 25.285887, 0.0)
(38.188267, 25.258528, 0.0)
(38.043175, 25.255594, 0.0)
(37.885757, 25.206562, 0.0)
(37.735992, 25.198618, 0.0)
(37.634068, 25.180031, 0.0)
(37.436245, 25.205647, 0.0)
(35.941601, 25.250309, 0.0)
(35.621540, 25.094257, 0.0)
(34.971237, 25.187960, 0.0)
(34.677540, 25.274052, 0.0)
(34.524120, 25.277191, 0.0)
(34.345722, 25.324213, 0.0)
(34.250072, 25.300800, 0.0)
(34.165272, 25.314665, 0.0)
(34.060852, 25.387733, 0.0)
(32.618496, 25.655769, 0.0)
(32.041103, 25.816271, 0.0)
(31.910744, 25.856768, 0.0)
(31.794647, 25.856388, 0.0)
(31.774519, 25.860903, 0.0)
(31.738932, 25.862196, 0.0)
(31.570438, 25.998220, 0.0)
(30.281521, 26.261765, 0.0)
(30.123865, 26.272856, 0.0)
(30.103848, 26.276659, 0.0)
(30.083277, 26.269623, 0.0)
(30.097441, 26.262960, 0.0)
(30.093792, 26.251947, 0.0)
(30.102390, 26.241037, 0.0)
(30.112753, 26.214870, 0.0)
(29.960266, 26.270201, 0.0)
(29.873785, 26.192291, 0.0)
(29.999670, 26.148571, 0.0)
(30.050661, 26.099812, 0.0)
(30.105515, 26.078632, 0.0)
(30.172775, 25.980814, 0.0)
(30.236925, 25.952204, 0.0)
(30.397751, 25.926937, 0.0)
(31.291864, 25.472330, 0.0)
(31.516584, 25.324497, 0.0)
(31.775162, 25.266378, 0.0)
(32.105129, 25.133173, 0.0)
(32.395065, 25.078135, 0.0)
(33.658020, 24.826710, 0.0)
(34.095188, 24.734550, 0.0)
(34.435799, 24.746298, 0.0)
(34.750622, 24.673113, 0.0)
(35.007454, 24.684776, 0.0)
(35.309700, 24.666647, 0.0)
(35.558590, 24.663870, 0.0)
(35.842270, 24.673876, 0.0)
(36.124454, 24.727537, 0.0)
(36.361290, 24.716770, 0.0)
(36.604351, 24.744967, 0.0)
(37.740723, 24.716684, 0.0)
(38.075962, 24.733479, 0.0)
(38.286758, 24.731693, 0.0)
(38.596203, 24.788767, 0.0)
(38.914707, 24.817842, 0.0)
(39.114216, 24.850773, 0.0)
(39.362518, 24.867458, 0.0)
(39.620216, 24.932716, 0.0)
(40.685566, 24.993216, 0.0)
(41.056747, 24.973377, 0.0)
(41.286613, 25.020014, 0.0)
(41.513084, 25.060579, 0.0)
(41.753822, 25.107159, 0.0)
(42.823116, 25.214304, 0.0)
(43.170063, 25.244265, 0.0)
(43.356560, 25.295633, 0.0)
(43.473625, 25.382675, 0.0)
(43.646732, 25.425709, 0.0)
(44.923950, 25.832277, 0.0)
(45.427979, 26.016001, 0.0)
(45.479771, 26.054630, 0.0)
(45.491001, 26.047380, 0.0)
(45.515533, 26.004440, 0.0)
(45.561504, 26.015585, 0.0)
(45.600758, 26.026537, 0.0)
(45.616066, 26.040556, 0.0)
(45.626205, 26.101124, 0.0)
(45.670715, 26.150389, 0.0)
(45.671280, 26.188148, 0.0)
(45.668228, 26.193382, 0.0)
(45.614372, 26.123575, 0.0)
(45.597092, 26.114508, 0.0)
(45.568710, 26.044994, 0.0)
(45.502892, 25.996096, 0.0)
(45.473312, 25.996719, 0.0)
(44.705826, 25.444929, 0.0)
(43.630432, 24.709049, 0.0)
(43.405708, 24.654161, 0.0)
(43.360168, 24.643356, 0.0)
(43.288399, 24.568443, 0.0)
(43.234650, 24.545622, 0.0)
(43.156986, 24.486446, 0.0)
(43.057350, 24.449770, 0.0)
(43.004498, 24.468376, 0.0)
(42.917606, 24.442675, 0.0)
(42.792183, 24.396191, 0.0)
(42.658482, 24.371485, 0.0)
(42.552036, 24.385410, 0.0)
(42.436264, 24.404718, 0.0)
(42.273750, 24.330914, 0.0)
(41.891041, 24.391970, 0.0)
(41.346359, 24.409531, 0.0)
(41.130424, 24.443077, 0.0)
(40.999336, 24.386112, 0.0)
(40.862854, 24.402897, 0.0)
(40.506275, 24.358599, 0.0)
(39.587543, 24.309677, 0.0)
(39.392853, 24.288010, 0.0)
(39.251232, 24.274670, 0.0)
(39.142872, 24.272320, 0.0)
(39.004963, 24.216711, 0.0)
(37.741474, 24.179127, 0.0)
(37.548420, 24.157160, 0.0)
(37.489704, 24.140392, 0.0)
(37.282421, 24.108541, 0.0)
(37.227684, 24.100950, 0.0)
(36.460320, 24.173500, 0.0)
(35.824104, 24.177778, 0.0)
(35.734062, 24.205873, 0.0)
(35.619236, 24.236065, 0.0)
(35.534893, 24.199425, 0.0)
(34.331806, 24.405138, 0.0)
(33.700626, 24.433916, 0.0)
(33.565189, 24.443558, 0.0)
(33.508202, 24.429247, 0.0)
(33.448452, 24.455189, 0.0)
(32.542648, 24.737782, 0.0)
(31.652872, 24.927864, 0.0)
(31.529879, 24.922508, 0.0)
(31.508129, 24.910400, 0.0)
(31.407532, 24.922260, 0.0)
(30.855112, 25.091980, 0.0)
(30.604630, 25.095993, 0.0)
(30.586622, 25.081707, 0.0)
(30.494314, 25.098244, 0.0)
(30.438219, 25.096827, 0.0)
(30.187860, 25.131731, 0.0)
(30.148155, 25.029112, 0.0)
(30.159538, 25.009232, 0.0)
(30.181591, 24.984142, 0.0)
(30.237869, 24.971561, 0.0)
(30.365284, 24.941906, 0.0)
(30.212742, 24.718025, 0.0)
(30.428534, 24.941145, 0.0)
(30.766087, 24.233604, 0.0)
(31.083258, 24.091120, 0.0)
(31.445744, 24.083727, 0.0)
(31.712341, 24.056753, 0.0)
(31.973721, 24.009192, 0.0)
(32.262070, 23.980446, 0.0)
(32.511810, 23.899054, 0.0)
(32.782516, 23.843418, 0.0)
(33.055107, 23.814379, 0.0)
(33.320389, 23.750612, 0.0)
(33.665703, 23.626930, 0.0)
(34.499187, 23.527037, 0.0)
(34.840744, 23.473970, 0.0)
(35.168976, 23.457985, 0.0)
(35.513096, 23.514454, 0.0)
(35.772213, 23.502544, 0.0)
(36.117695, 23.535500, 0.0)
(36.427929, 23.520391, 0.0)
(37.263683, 23.437290, 0.0)
(37.765686, 23.377611, 0.0)
(38.054485, 23.419930, 0.0)
(38.360546, 23.409180, 0.0)
(38.630501, 23.450361, 0.0)
(38.861298, 23.445885, 0.0)
(39.743900, 23.545774, 0.0)
(40.086063, 23.554985, 0.0)
(40.245792, 23.579222, 0.0)
(40.441936, 23.611101, 0.0)
(40.722027, 23.697182, 0.0)
(41.390911, 23.801519, 0.0)
(41.791996, 23.837488, 0.0)
(42.004803, 23.910580, 0.0)
(42.111423, 23.930378, 0.0)
(42.274830, 24.009962, 0.0)
(42.861744, 24.108953, 0.0)
(43.247131, 24.199425, 0.0)
(43.363914, 24.168249, 0.0)
(43.812225, 24.284967, 0.0)
(44.042274, 24.356487, 0.0)
(44.148342, 24.449438, 0.0)
(44.304508, 24.536587, 0.0)
(44.405567, 24.575169, 0.0)
(44.773605, 24.777607, 0.0)
(45.352432, 25.017986, 0.0)
(45.421120, 25.125704, 0.0)
(45.443314, 25.143936, 0.0)
(45.541451, 25.207344, 0.0)
(45.550117, 25.203461, 0.0)
(45.573730, 25.243114, 0.0)
(45.773006, 25.309303, 0.0)
(45.782749, 25.286713, 0.0)
(45.760654, 25.305408, 0.0)
(45.755821, 25.277561, 0.0)
(45.720364, 25.235882, 0.0)
(45.679192, 25.193846, 0.0)
(45.626785, 24.979197, 0.0)
(45.511375, 24.920254, 0.0)
(45.404312, 24.906494, 0.0)
(45.320656, 24.856441, 0.0)
(44.479614, 24.479803, 0.0)
(44.305229, 24.420799, 0.0)
(44.173100, 24.312681, 0.0)
(44.078960, 24.259092, 0.0)
(43.958805, 24.243832, 0.0)
(43.008057, 23.932701, 0.0)
(42.476765, 23.833847, 0.0)
(42.320286, 23.805460, 0.0)
(42.240128, 23.788136, 0.0)
(42.077705, 23.769766, 0.0)
(41.919468, 23.686199, 0.0)
(41.787727, 23.652300, 0.0)
(40.458965, 23.333107, 0.0)
(40.066956, 23.299471, 0.0)
(39.923870, 23.256701, 0.0)
(39.760830, 23.255451, 0.0)
(39.568535, 23.254047, 0.0)
(39.381954, 23.241739, 0.0)
(39.266548, 23.216053, 0.0)
(37.889278, 23.179144, 0.0)
(37.229130, 23.171423, 0.0)
(36.316826, 23.067181, 0.0)
(35.913101, 23.238083, 0.0)
(35.739246, 23.384615, 0.0)
(35.589607, 23.438507, 0.0)
(35.461601, 23.487179, 0.0)
(35.328384, 23.529097, 0.0)
(35.181137, 23.503550, 0.0)
(35.030460, 23.509352, 0.0)
(34.929485, 23.548876, 0.0)
(34.839272, 23.564318, 0.0)
(34.770046, 23.596067, 0.0)
(34.098602, 23.623642, 0.0)
(33.690010, 23.576120, 0.0)
(33.580109, 23.607010, 0.0)
(33.521477, 23.603258, 0.0)
(33.209568, 23.716948, 0.0)
(32.028828, 23.996803, 0.0)
(31.647156, 24.039303, 0.0)
(31.585587, 24.029852, 0.0)
(31.516411, 24.045372, 0.0)
(31.484779, 24.089270, 0.0)
(30.391932, 24.392799, 0.0)
(30.139742, 24.465857, 0.0)
(30.095287, 24.481464, 0.0)
(30.091728, 24.471884, 0.0)
(30.078648, 24.452179, 0.0)
(30.099806, 24.445549, 0.0)
(30.116184, 24.431170, 0.0)
(30.135939, 24.398409, 0.0)
(30.201275, 24.373438, 0.0)
(30.235003, 24.357855, 0.0)
(30.216490, 24.333992, 0.0)
(30.196241, 24.253092, 0.0)
(30.307362, 24.164782, 0.0)
(30.466686, 24.086205, 0.0)
(30.629898, 23.991730, 0.0)
(31.093536, 23.713606, 0.0)
(31.603333, 25.012226, 0.0)
(33.149246, 24.346027, 0.0)
(33.439201, 23.047825, 0.0)
(33.618332, 22.576839, 0.0)
(33.969654, 22.539890, 0.0)
(34.245251, 22.509907, 0.0)
(34.495071, 22.477829, 0.0)
(34.779381, 22.480526, 0.0)
(34.985123, 22.469015, 0.0)
(35.297565, 22.489967, 0.0)
(35.484371, 22.538490, 0.0)
(35.724014, 22.558886, 0.0)
(36.015415, 22.572405, 0.0)
(36.382046, 22.562933, 0.0)
(37.288399, 22.534071, 0.0)
(37.619209, 22.535547, 0.0)
(37.892178, 22.533264, 0.0)
(38.180336, 22.523077, 0.0)
(38.471401, 22.531397, 0.0)
(39.639038, 22.560717, 0.0)
(40.388954, 22.671618, 0.0)
(40.633488, 22.658829, 0.0)
(40.896465, 22.743824, 0.0)
(41.168018, 22.794123, 0.0)
(41.392998, 22.849438, 0.0)
(41.659126, 22.952068, 0.0)
(41.940422, 23.003405, 0.0)
(42.168816, 23.139227, 0.0)
(44.662113, 23.999201, 0.0)
(45.266975, 24.314350, 0.0)
(45.627872, 24.421715, 0.0)
(45.481499, 24.454632, 0.0)
(45.481472, 24.494467, 0.0)
(45.526505, 24.528095, 0.0)
(45.528267, 24.519411, 0.0)
(45.518360, 24.522293, 0.0)
(45.532166, 24.515329, 0.0)
(45.547974, 24.550097, 0.0)
(45.536106, 24.553846, 0.0)
(45.545574, 24.568047, 0.0)
(45.552643, 24.605200, 0.0)
(45.562622, 24.610256, 0.0)
(45.523514, 24.573805, 0.0)
(45.531929, 24.573380, 0.0)
(45.520447, 24.564486, 0.0)
(45.510387, 24.541372, 0.0)
(45.467628, 24.486134, 0.0)
(45.434517, 24.442347, 0.0)
(45.399258, 24.400501, 0.0)
(45.337933, 24.331299, 0.0)
(45.447208, 24.080490, 0.0)
(45.329712, 23.976871, 0.0)
(45.232353, 23.916275, 0.0)
(45.095100, 23.843615, 0.0)
(44.987698, 23.831953, 0.0)
(44.903851, 23.815786, 0.0)
(44.308731, 23.507318, 0.0)
(43.847313, 23.280210, 0.0)
(43.659496, 23.156044, 0.0)
(43.564861, 23.078587, 0.0)
(43.420876, 23.032761, 0.0)
(43.296143, 22.988909, 0.0)
(42.435238, 22.768890, 0.0)
(42.138000, 22.708748, 0.0)
(42.016655, 22.706650, 0.0)
(41.789200, 22.595974, 0.0)
(41.615025, 22.545185, 0.0)
(41.005505, 22.463650, 0.0)
(40.179832, 22.218315, 0.0)
(39.964165, 22.173363, 0.0)
(39.762959, 22.110559, 0.0)
(39.579491, 22.119961, 0.0)
(39.416050, 22.117592, 0.0)
(39.250576, 22.112713, 0.0)
(39.143291, 22.144777, 0.0)
(38.891148, 22.128584, 0.0)
(37.595867, 22.132242, 0.0)
(37.327267, 22.120459, 0.0)
(37.169083, 22.093988, 0.0)
(37.005280, 22.153847, 0.0)
(36.805748, 22.173805, 0.0)
(36.578907, 22.200954, 0.0)
(35.038555, 22.229723, 0.0)
(34.767349, 22.347767, 0.0)
(34.610443, 22.342741, 0.0)
(34.430393, 22.372446, 0.0)
(34.259354, 22.395197, 0.0)
(34.082855, 22.430241, 0.0)
(33.908810, 22.463039, 0.0)
(31.778124, 22.991716, 0.0)
(31.540998, 23.014473, 0.0)
(31.434504, 23.039877, 0.0)
(31.378992, 23.031570, 0.0)
(31.292837, 23.063467, 0.0)
(31.162834, 23.109287, 0.0)
(31.099897, 23.165413, 0.0)
(31.040436, 23.198099, 0.0)
(30.999931, 23.209455, 0.0)
(30.476456, 23.453150, 0.0)
(30.307905, 23.557962, 0.0)
(30.276173, 23.561255, 0.0)
(30.272089, 23.570330, 0.0)
(30.249023, 23.540401, 0.0)
(30.268557, 23.513683, 0.0)
(30.303631, 23.527939, 0.0)
(30.084459, 23.252939, 0.0)
(30.082142, 23.063427, 0.0)
(30.205183, 23.044764, 0.0)
(30.421785, 22.972141, 0.0)
(30.574181, 22.885641, 0.0)
(30.778883, 22.813662, 0.0)
(31.045700, 22.723516, 0.0)
(31.342201, 22.601173, 0.0)
(31.866852, 22.436747, 0.0)
(32.462429, 22.319820, 0.0)
(32.777103, 22.243986, 0.0)
(33.083019, 22.175251, 0.0)
(33.358418, 22.132315, 0.0)
(33.638210, 22.079803, 0.0)
(33.976528, 22.051491, 0.0)
(34.237736, 21.996929, 0.0)
(34.565899, 21.936682, 0.0)
(34.896175, 21.921833, 0.0)
(35.196712, 21.832752, 0.0)
(35.533276, 21.799864, 0.0)
(36.112118, 21.719013, 0.0)
(36.659554, 21.603762, 0.0)
(37.019402, 21.620106, 0.0)
(37.309460, 21.635628, 0.0)
(37.673222, 21.632469, 0.0)
(37.959759, 21.611174, 0.0)
(38.143616, 21.586042, 0.0)
(38.383709, 21.585146, 0.0)
(39.432339, 21.559086, 0.0)
(39.711952, 21.525398, 0.0)
(39.963467, 21.586060, 0.0)
(40.150257, 21.648987, 0.0)
(40.335564, 21.704597, 0.0)
(41.324814, 21.844355, 0.0)
(41.695839, 21.917049, 0.0)
(41.890415, 22.015293, 0.0)
(42.088169, 22.043373, 0.0)
(42.286816, 22.133333, 0.0)
(42.638325, 22.255247, 0.0)
(43.171265, 22.362019, 0.0)
(43.351151, 22.487440, 0.0)
(43.449821, 22.540871, 0.0)
(43.598080, 22.643909, 0.0)
(44.145046, 22.952461, 0.0)
(44.553856, 23.192358, 0.0)
(44.647251, 23.186899, 0.0)
(44.747845, 23.229660, 0.0)
(44.791050, 23.259951, 0.0)
(44.803448, 23.258768, 0.0)
(44.858532, 23.306072, 0.0)
(44.875332, 23.320436, 0.0)
(45.429714, 23.659622, 0.0)
(45.649918, 23.913891, 0.0)
(45.661438, 23.899466, 0.0)
(45.667973, 23.858395, 0.0)
(45.641617, 23.879639, 0.0)
(45.646755, 23.846043, 0.0)
(45.597416, 23.814480, 0.0)
(45.592987, 23.604427, 0.0)
(45.539883, 23.530485, 0.0)
(45.442776, 23.497143, 0.0)
(45.350060, 23.423895, 0.0)
(44.588917, 23.005732, 0.0)
(44.256641, 22.781906, 0.0)
(44.182762, 22.731602, 0.0)
(44.093777, 22.676731, 0.0)
(43.931763, 22.601875, 0.0)
(43.817104, 22.520866, 0.0)
(43.565876, 22.395643, 0.0)
(42.892624, 22.084726, 0.0)
(42.720280, 22.033979, 0.0)
(42.608093, 21.998915, 0.0)
(42.399010, 21.883503, 0.0)
(42.293995, 21.908419, 0.0)
(41.572124, 21.632740, 0.0)
(41.028664, 21.483639, 0.0)
(40.846981, 21.443924, 0.0)
(40.700756, 21.406645, 0.0)
(40.505859, 21.401169, 0.0)
(40.342255, 21.331587, 0.0)
(39.454334, 21.221880, 0.0)
(39.181820, 21.158741, 0.0)
(38.980946, 21.102608, 0.0)
(38.835098, 21.093863, 0.0)
(38.212605, 21.147491, 0.0)
(36.958206, 21.095892, 0.0)
(36.596638, 21.106985, 0.0)
(36.464874, 21.142443, 0.0)
(36.239426, 21.111917, 0.0)
(35.987457, 21.157681, 0.0)
(34.767735, 21.283539, 0.0)
(34.475380, 21.374359, 0.0)
(34.348526, 21.384447, 0.0)
(34.165684, 21.393185, 0.0)
(34.041042, 21.447945, 0.0)
(33.921593, 21.490633, 0.0)
(33.069885, 21.797588, 0.0)
(32.132603, 22.094385, 0.0)
(31.872950, 22.144522, 0.0)
(31.846239, 22.170338, 0.0)
(31.770945, 22.214327, 0.0)
(31.738628, 22.229357, 0.0)
(31.644220, 22.272640, 0.0)
(30.150290, 22.829027, 0.0)
(29.968430, 22.885206, 0.0)
(29.985823, 22.897533, 0.0)
(29.954922, 22.900955, 0.0)
(29.955811, 22.907261, 0.0)
(29.973843, 22.919533, 0.0)
(29.988123, 22.914225, 0.0)
(29.932480, 22.903923, 0.0)
(29.943581, 22.877571, 0.0)
(29.987690, 22.824257, 0.0)
(29.721140, 22.878180, 0.0)
(29.711082, 22.822512, 0.0)
(29.771975, 22.828648, 0.0)
(29.914658, 22.729773, 0.0)
(30.052744, 22.615452, 0.0)
(30.626095, 22.187904, 0.0)
(30.901302, 22.005745, 0.0)
(31.178835, 21.884441, 0.0)
(31.433384, 21.757990, 0.0)
(31.736189, 21.658512, 0.0)
(32.008507, 21.549292, 0.0)
(32.913063, 21.282991, 0.0)
(33.483059, 21.155609, 0.0)
(33.734619, 21.126963, 0.0)
(34.015587, 21.064590, 0.0)
(34.236336, 21.021736, 0.0)
(34.546509, 20.986839, 0.0)
(34.805206, 20.922070, 0.0)
(35.039703, 20.895494, 0.0)
(35.314888, 20.851698, 0.0)
(35.955040, 20.723646, 0.0)
(36.499355, 20.658840, 0.0)
(36.802643, 20.641172, 0.0)
(37.087379, 20.609245, 0.0)
(37.396290, 20.603626, 0.0)
(38.683750, 20.551943, 0.0)
(38.988754, 20.574518, 0.0)
(39.247059, 20.589893, 0.0)
(39.440228, 20.640430, 0.0)
(39.660801, 20.652170, 0.0)
(39.929230, 20.732681, 0.0)
(40.085655, 20.748951, 0.0)
(40.229088, 20.751902, 0.0)
(41.178890, 20.863935, 0.0)
(41.458725, 20.937557, 0.0)
(41.623650, 20.968801, 0.0)
(41.764198, 21.023054, 0.0)
(41.943493, 21.076445, 0.0)
(42.648109, 21.351656, 0.0)
(43.243389, 21.556271, 0.0)
(43.384346, 21.621964, 0.0)
(43.446377, 21.651047, 0.0)
(43.566029, 21.685995, 0.0)
(43.654366, 21.752268, 0.0)
(43.735458, 21.780910, 0.0)
(43.852707, 21.858461, 0.0)
(44.591587, 22.335081, 0.0)
(44.711479, 22.405275, 0.0)
(44.753624, 22.433891, 0.0)
(44.785965, 22.441898, 0.0)
(44.785965, 22.441898, 0.0)
(44.805641, 22.468958, 0.0)
(44.799351, 22.468231, 0.0)
(44.761086, 22.489433, 0.0)
(44.762363, 22.498291, 0.0)
(44.669262, 22.426792, 0.0)
(44.146229, 21.873940, 0.0)
(44.039497, 21.800354, 0.0)
(44.041740, 21.822977, 0.0)
(44.010792, 21.806105, 0.0)
(43.963837, 21.753057, 0.0)
(43.911198, 21.737579, 0.0)
(43.845066, 21.688377, 0.0)
(43.783066, 21.658451, 0.0)
(43.745956, 21.647562, 0.0)
(43.648438, 21.587378, 0.0)
(43.574493, 21.584957, 0.0)
(43.474007, 21.597492, 0.0)
(43.357571, 21.521208, 0.0)
(43.294052, 21.507788, 0.0)
(42.235249, 21.053734, 0.0)
(41.777748, 20.999544, 0.0)
(41.555187, 20.869596, 0.0)
(41.356224, 20.776854, 0.0)
(41.153332, 20.767956, 0.0)
(41.007336, 20.747458, 0.0)
(40.278103, 20.608662, 0.0)
(39.596882, 20.501673, 0.0)
(39.431366, 20.485546, 0.0)
(39.296909, 20.457899, 0.0)
(39.107960, 20.400421, 0.0)
(38.958389, 20.350531, 0.0)
(38.105545, 20.232515, 0.0)
(37.183945, 20.185247, 0.0)
(36.231110, 19.917107, 0.0)
(35.461857, 20.108101, 0.0)
(35.064495, 20.292973, 0.0)
(34.907162, 20.368603, 0.0)
(34.826748, 20.420849, 0.0)
(34.725670, 20.454710, 0.0)
(34.624336, 20.443890, 0.0)
(34.544422, 20.482658, 0.0)
(34.434071, 20.479143, 0.0)
(34.320793, 20.507769, 0.0)
(34.240055, 20.529713, 0.0)
(34.158600, 20.584841, 0.0)
(33.066696, 20.921301, 0.0)
(32.826382, 20.982107, 0.0)
(32.762951, 21.013353, 0.0)
(32.691845, 21.033607, 0.0)
(32.497822, 21.121216, 0.0)
(31.404955, 21.568848, 0.0)
(31.219925, 21.660322, 0.0)
(31.126551, 21.706738, 0.0)
(31.083427, 21.723383, 0.0)
(31.062325, 21.750496, 0.0)
(31.058903, 21.743790, 0.0)
(31.051798, 21.765497, 0.0)
(31.071085, 21.767204, 0.0)
(31.083284, 21.755426, 0.0)
(31.127419, 21.743589, 0.0)
(31.169865, 21.715645, 0.0)
(31.193579, 21.720568, 0.0)
(31.225681, 21.697374, 0.0)
(31.251411, 21.700344, 0.0)
(31.299126, 21.703537, 0.0)
(30.693993, 21.797525, 0.0)
(30.754087, 21.778168, 0.0)
(30.891499, 21.717348, 0.0)
(31.057087, 21.598242, 0.0)
(31.257166, 21.512388, 0.0)
(31.460892, 21.419365, 0.0)
(32.652267, 20.876888, 0.0)
(32.992081, 20.694149, 0.0)
(33.308189, 20.609537, 0.0)
(33.572044, 20.549622, 0.0)
(33.847519, 20.484432, 0.0)
(34.146008, 20.403419, 0.0)
(34.391972, 20.292017, 0.0)
(34.721783, 20.235971, 0.0)
(34.984680, 20.233606, 0.0)
(35.241665, 20.146698, 0.0)
(35.506588, 20.137846, 0.0)
(36.147114, 20.043957, 0.0)
(36.793076, 19.974106, 0.0)
(37.227894, 19.757774, 0.0)
(37.905087, 19.723335, 0.0)
(38.209370, 19.785749, 0.0)
(38.515827, 19.805128, 0.0)
(38.774139, 19.810854, 0.0)
(38.964718, 19.845280, 0.0)
(39.200829, 19.916370, 0.0)
(39.360657, 19.965460, 0.0)
(39.544651, 20.009823, 0.0)
(39.715324, 20.070944, 0.0)
(39.854256, 20.124350, 0.0)
(40.941807, 20.444784, 0.0)
(41.249222, 20.519314, 0.0)
(41.335995, 20.567720, 0.0)
(41.458561, 20.579758, 0.0)
(41.608906, 20.649572, 0.0)
(41.686825, 20.676924, 0.0)
(42.456223, 20.893614, 0.0)
(42.661255, 20.997299, 0.0)
(42.714859, 20.979664, 0.0)
(42.817898, 21.002544, 0.0)
(42.852119, 20.991081, 0.0)
(42.896088, 21.007990, 0.0)
(42.898956, 20.980322, 0.0)
(42.942463, 20.896568, 0.0)
(42.963093, 20.900354, 0.0)
(42.941216, 20.865486, 0.0)
(42.944469, 20.880669, 0.0)
(42.935463, 20.917545, 0.0)
(42.913296, 20.950027, 0.0)
(42.904675, 20.946898, 0.0)
(42.908028, 20.962496, 0.0)
(42.905560, 20.959099, 0.0)
(42.910061, 20.955782, 0.0)
(42.881729, 20.953321, 0.0)
(42.971481, 21.033928, 0.0)
(44.536930, 22.167049, 0.0)
(44.810741, 22.430880, 0.0)
(44.832539, 22.431442, 0.0)
(44.816620, 22.414270, 0.0)
(44.785629, 22.402657, 0.0)
(45.469688, 23.386419, 0.0)
(45.831654, 24.072767, 0.0)
(45.860855, 24.108025, 0.0)
(45.864487, 24.155466, 0.0)
(45.862030, 24.155418, 0.0)
(45.832710, 24.229864, 0.0)
(45.899258, 24.676718, 0.0)
(45.935734, 24.818441, 0.0)
(45.933449, 24.830769, 0.0)
(45.922943, 24.896938, 0.0)
(45.937511, 25.147110, 0.0)
(45.835732, 25.562075, 0.0)
(45.839733, 25.885668, 0.0)
(45.887100, 26.287397, 0.0)
(45.885269, 26.550829, 0.0)
(45.885128, 26.628937, 0.0)
(45.885479, 26.657549, 0.0)
(45.897743, 26.722857, 0.0)
(45.903660, 26.742352, 0.0)
(45.897671, 26.763252, 0.0)
(45.895493, 26.774666, 0.0)
(45.896870, 26.785572, 0.0)
(45.904015, 26.863121, 0.0)
(45.900982, 27.422743, 0.0)
(45.897358, 27.556992, 0.0)
(45.900063, 27.569231, 0.0)
(45.892090, 28.054794, 0.0)
(45.815117, 29.346449, 0.0)
(45.746674, 29.802919, 0.0)
(45.722515, 29.871237, 0.0)
(45.690163, 29.870340, 0.0)
(45.671257, 29.909227, 0.0)
(45.647831, 29.934635, 0.0)
(45.613964, 29.927658, 0.0)
(45.592937, 29.922155, 0.0)
(45.594486, 29.954437, 0.0)
(45.693768, 30.382158, 0.0)
(45.640480, 30.680712, 0.0)
(45.622524, 30.781477, 0.0)
(45.618835, 30.790243, 0.0)
(45.606152, 30.800299, 0.0)
(45.531548, 30.792343, 0.0)
(45.518734, 30.776068, 0.0)
(45.540146, 30.850309, 0.0)
(45.530914, 30.865627, 0.0)
(45.510509, 30.841894, 0.0)
(45.506260, 30.832592, 0.0)
(45.526814, 30.878948, 0.0)
(45.486263, 30.831184, 0.0)
(45.448582, 30.994192, 0.0)
(45.412903, 31.146778, 0.0)
(45.388935, 31.111538, 0.0)
(45.343475, 31.083401, 0.0)
(45.343475, 31.083401, 0.0)
(45.331932, 31.058008, 0.0)
(45.079876, 30.612917, 0.0)
(45.046181, 30.539871, 0.0)
(45.120827, 30.511627, 0.0)
(45.270355, 29.951784, 0.0)
(45.434677, 29.213226, 0.0)
(45.443958, 29.075922, 0.0)
(45.489864, 28.945612, 0.0)
(45.462681, 28.761948, 0.0)
(45.463516, 28.558111, 0.0)
(45.485165, 28.470385, 0.0)
(45.486744, 28.412661, 0.0)
(45.487320, 28.315855, 0.0)
(45.504753, 28.223368, 0.0)
(45.586224, 27.789743, 0.0)
(45.569126, 27.652805, 0.0)
(45.590561, 27.591486, 0.0)
(45.603363, 27.449240, 0.0)
(45.608364, 27.356266, 0.0)
(45.654282, 26.852747, 0.0)
(45.667671, 26.591150, 0.0)
(45.683891, 26.521189, 0.0)
(45.690750, 26.462307, 0.0)
(45.682674, 26.436617, 0.0)
(45.753922, 26.271328, 0.0)
(45.791321, 25.652569, 0.0)
(45.813919, 25.514015, 0.0)
(45.816170, 25.456121, 0.0)
(45.807049, 25.320044, 0.0)
(45.810734, 25.281757, 0.0)
(45.807350, 25.233465, 0.0)
(45.802696, 25.190048, 0.0)
(45.777885, 24.910208, 0.0)
(45.735550, 24.580769, 0.0)
(45.738636, 24.472519, 0.0)
(45.715977, 24.395815, 0.0)
(45.694714, 24.325672, 0.0)
(45.678688, 24.131214, 0.0)
(45.599495, 23.584927, 0.0)
(45.557861, 23.471609, 0.0)
(45.551407, 23.435057, 0.0)
(45.537624, 23.351294, 0.0)
(45.377502, 22.815384, 0.0)
(45.375233, 22.725893, 0.0)
(45.345619, 22.678261, 0.0)
(45.327427, 22.611647, 0.0)
(45.276070, 22.574869, 0.0)
(45.249771, 22.494221, 0.0)
(45.123837, 22.138083, 0.0)
(45.087162, 22.042955, 0.0)
(45.054928, 22.030186, 0.0)
(45.000080, 22.011702, 0.0)
(44.984295, 22.015594, 0.0)
(44.938198, 22.006371, 0.0)
(44.926357, 22.017448, 0.0)
(44.901733, 21.984877, 0.0)
(44.721310, 21.978310, 0.0)
(44.727375, 21.997478, 0.0)
(44.716579, 22.015568, 0.0)
(44.939438, 22.599764, 0.0)
(44.950001, 22.933632, 0.0)
(44.938953, 23.021816, 0.0)
(44.989437, 23.118938, 0.0)
(45.013153, 23.192152, 0.0)
(45.113415, 23.536531, 0.0)
(45.097527, 24.072201, 0.0)
(45.252670, 24.474186, 0.0)
(45.247295, 24.730257, 0.0)
(45.249249, 24.784155, 0.0)
(45.257553, 24.837217, 0.0)
(45.297123, 24.919800, 0.0)
(45.272911, 24.956493, 0.0)
(45.268414, 24.995476, 0.0)
(45.111504, 25.165485, 0.0)
(44.783607, 25.245968, 0.0)
(44.855118, 27.011148, 0.0)
(45.140831, 27.510315, 0.0)
(45.129410, 27.290794, 0.0)
(45.108383, 27.112820, 0.0)
(45.063709, 27.142082, 0.0)
(45.096157, 27.250639, 0.0)
(45.083050, 27.309662, 0.0)
(45.090378, 27.337914, 0.0)
(45.102200, 27.384129, 0.0)
(45.109459, 27.470249, 0.0)
(45.146297, 27.531799, 0.0)
(45.150288, 27.627563, 0.0)
(45.143940, 27.679268, 0.0)
(45.195732, 27.738903, 0.0)
(45.183044, 27.744871, 0.0)
(45.074898, 28.094273, 0.0)
(45.072632, 28.263546, 0.0)
(45.059761, 28.295017, 0.0)
(45.060677, 28.302984, 0.0)
(44.992611, 29.139839, 0.0)
(44.960060, 29.393738, 0.0)
(44.932056, 29.430653, 0.0)
(44.888523, 29.479435, 0.0)
(44.893990, 29.504725, 0.0)
(44.860188, 29.519094, 0.0)
(44.843006, 29.516308, 0.0)
(44.848057, 29.526711, 0.0)
(44.827606, 29.564438, 0.0)
(44.800091, 29.877836, 0.0)
(44.775429, 29.964638, 0.0)
(44.768501, 29.972277, 0.0)
(44.761189, 30.007181, 0.0)
(44.757084, 30.004093, 0.0)
(44.741558, 30.015905, 0.0)
(44.732689, 30.038956, 0.0)
(44.663033, 30.078827, 0.0)
(44.197815, 29.945150, 0.0)
(44.121277, 29.898403, 0.0)
(44.103260, 29.879734, 0.0)
(44.064083, 29.851175, 0.0)
(44.050697, 29.747919, 0.0)
(44.033680, 29.690201, 0.0)
(44.136887, 29.578272, 0.0)
(44.152813, 29.464333, 0.0)
(44.159054, 29.411377, 0.0)
(44.160316, 29.307474, 0.0)
(44.403362, 28.824558, 0.0)
(44.537956, 28.342272, 0.0)
(44.518612, 28.149536, 0.0)
(44.523312, 28.092834, 0.0)
(44.538433, 27.938772, 0.0)
(44.565262, 27.888412, 0.0)
(44.565163, 27.765900, 0.0)
(44.581406, 27.710897, 0.0)
(44.672230, 26.826223, 0.0)
(44.669540, 26.518192, 0.0)
(44.642178, 26.386766, 0.0)
(44.652523, 26.327818, 0.0)
(44.666607, 26.215385, 0.0)
(44.647968, 26.141539, 0.0)
(44.645023, 26.109606, 0.0)
(44.638664, 26.054018, 0.0)
(44.647911, 25.680683, 0.0)
(44.620964, 24.887634, 0.0)
(44.605698, 24.782856, 0.0)
(44.639336, 24.730303, 0.0)
(44.612209, 24.684683, 0.0)
(44.626289, 24.643211, 0.0)
(44.603207, 24.597906, 0.0)
(44.605560, 24.575825, 0.0)
(44.604939, 24.550489, 0.0)
(44.593941, 23.913767, 0.0)
(44.557941, 23.755812, 0.0)
(44.553726, 23.759369, 0.0)
(44.541756, 23.736830, 0.0)
(44.530743, 23.709635, 0.0)
(44.267761, 22.779377, 0.0)
(44.229660, 22.518293, 0.0)
(44.226654, 22.460876, 0.0)
(44.242271, 22.440134, 0.0)
(44.235668, 22.400894, 0.0)
(44.233376, 22.314997, 0.0)
(44.200237, 21.912445, 0.0)
(44.120251, 21.756578, 0.0)
(44.106609, 21.748697, 0.0)
(44.084778, 21.749382, 0.0)
(44.099457, 21.719170, 0.0)
(44.092575, 21.723806, 0.0)
(44.093761, 21.701271, 0.0)
(44.081841, 21.685959, 0.0)
(44.080147, 21.677105, 0.0)
(44.060856, 21.667446, 0.0)
(43.429054, 21.334532, 0.0)
(43.254627, 21.240067, 0.0)
(43.254627, 21.240067, 0.0)
(43.244923, 21.244835, 0.0)
(43.225269, 21.236835, 0.0)
(43.594616, 22.366819, 0.0)
(43.924248, 24.100163, 0.0)
(44.158375, 25.567274, 0.0)
(44.093559, 25.702326, 0.0)
(44.053860, 25.759401, 0.0)
(44.034252, 25.804541, 0.0)
(44.020462, 25.812202, 0.0)
(44.025726, 25.421799, 0.0)
(44.065643, 24.379841, 0.0)
(44.077248, 24.336363, 0.0)
(44.083027, 24.372726, 0.0)
(44.074703, 24.401127, 0.0)
(44.063129, 24.436993, 0.0)
(44.053089, 24.497120, 0.0)
(44.057903, 24.537540, 0.0)
(44.086525, 24.575638, 0.0)
(44.080349, 24.875137, 0.0)
(44.019100, 25.349833, 0.0)
(44.005718, 25.469645, 0.0)
(44.043133, 25.536350, 0.0)
(44.014782, 25.605877, 0.0)
(44.021164, 25.649490, 0.0)
(44.137585, 26.866108, 0.0)
(44.075233, 27.462397, 0.0)
(44.054337, 27.518389, 0.0)
(44.022663, 27.591166, 0.0)
(44.010696, 27.705778, 0.0)
(43.994560, 27.763498, 0.0)
(43.992744, 27.775566, 0.0)
(43.988613, 27.815384, 0.0)
(44.005161, 27.887079, 0.0)
(43.981125, 27.889706, 0.0)
(43.969566, 28.223845, 0.0)
(43.924870, 29.305384, 0.0)
(43.877972, 29.387465, 0.0)
(43.837318, 29.414555, 0.0)
(43.790272, 29.486181, 0.0)
(43.770260, 29.524937, 0.0)
(43.734406, 29.529364, 0.0)
(43.715622, 29.579748, 0.0)
(43.709339, 29.570341, 0.0)
(43.664318, 30.013830, 0.0)
(43.625107, 30.170479, 0.0)
(43.619480, 30.205065, 0.0)
(43.578354, 30.211214, 0.0)
(43.529236, 30.211248, 0.0)
(43.526859, 30.207880, 0.0)
(43.525295, 30.194544, 0.0)
(43.515373, 30.187189, 0.0)
(43.507767, 30.210144, 0.0)
(43.512161, 30.207708, 0.0)
(43.509392, 30.197550, 0.0)
(42.887901, 30.170515, 0.0)
(42.579460, 30.155886, 0.0)
(42.576519, 30.142698, 0.0)
(42.544373, 30.071871, 0.0)
(42.554111, 29.967499, 0.0)
(42.823273, 29.234747, 0.0)
(42.922264, 28.768173, 0.0)
(42.917023, 28.604963, 0.0)
(42.911350, 28.509890, 0.0)
(42.944187, 28.437193, 0.0)
(42.946281, 28.371452, 0.0)
(42.956467, 28.316652, 0.0)
(42.956562, 28.252228, 0.0)
(43.108067, 27.851791, 0.0)
(43.163742, 27.480463, 0.0)
(43.149807, 27.415453, 0.0)
(43.198967, 27.370737, 0.0)
(43.175995, 27.242317, 0.0)
(43.199436, 27.202888, 0.0)
(43.213818, 26.353079, 0.0)
(43.215324, 26.226088, 0.0)
(43.189854, 26.138311, 0.0)
(43.190300, 26.065159, 0.0)
(43.213360, 25.964672, 0.0)
(43.275448, 24.925020, 0.0)
(43.009800, 23.870382, 0.0)
(42.865559, 23.630770, 0.0)
(42.921024, 22.738033, 0.0)
(42.946495, 22.059172, 0.0)
(42.940445, 21.661539, 0.0)
(42.956951, 21.620258, 0.0)
(42.923309, 21.581577, 0.0)
(42.963093, 21.570021, 0.0)
(43.006088, 21.569128, 0.0)
(43.013512, 21.560278, 0.0)
(42.972816, 21.555922, 0.0)
(42.993282, 21.583368, 0.0)
(42.986031, 21.559740, 0.0)
(42.978165, 21.554701, 0.0)
(43.057091, 21.571339, 0.0)
(43.064869, 21.529060, 0.0)
(43.069027, 21.508432, 0.0)
(43.063034, 21.489901, 0.0)
(43.018261, 21.469044, 0.0)
(43.037045, 21.489058, 0.0)
(43.031418, 21.489662, 0.0)
(43.008022, 21.465637, 0.0)
(43.008022, 21.465637, 0.0)
(42.860897, 21.233919, 0.0)
(42.597988, 20.821463, 0.0)
(42.599506, 20.762197, 0.0)
(42.601280, 20.747002, 0.0)
(42.591064, 20.730850, 0.0)
(42.563099, 20.726854, 0.0)
(42.561317, 20.739790, 0.0)
(42.514744, 20.725622, 0.0)
(42.320457, 20.668955, 0.0)
(41.959267, 20.580755, 0.0)
(41.936806, 20.602119, 0.0)
(41.935966, 20.609711, 0.0)
(41.930473, 20.622318, 0.0)
(42.033752, 21.317089, 0.0)
(42.190174, 22.456154, 0.0)
(42.021111, 22.658777, 0.0)
(42.057255, 22.909157, 0.0)
(42.251865, 22.787903, 0.0)
(42.276474, 22.781141, 0.0)
(42.239586, 22.838169, 0.0)
(42.282249, 22.946533, 0.0)
(42.288612, 23.023302, 0.0)
(42.345440, 23.071003, 0.0)
(42.363758, 23.094812, 0.0)
(42.372402, 23.146357, 0.0)
(42.380238, 23.252672, 0.0)
(42.373013, 23.285875, 0.0)
(42.423248, 23.793299, 0.0)
(42.413975, 24.154686, 0.0)
(42.366425, 24.224081, 0.0)
(42.370155, 24.332666, 0.0)
(42.349598, 24.406900, 0.0)
(42.396618, 24.961399, 0.0)
(42.436623, 26.121197, 0.0)
(42.397251, 26.306950, 0.0)
(42.376656, 26.387691, 0.0)
(42.323532, 26.468079, 0.0)
(42.296726, 26.549450, 0.0)
(42.301838, 26.569450, 0.0)
(42.310455, 26.937063, 0.0)
(42.558319, 29.214682, 0.0)
(42.501869, 30.071795, 0.0)
(42.428318, 30.144691, 0.0)
(42.366993, 30.175772, 0.0)
(42.344776, 30.121304, 0.0)
(42.327000, 30.128052, 0.0)
(42.320438, 30.147291, 0.0)
(42.306530, 30.159473, 0.0)
(42.318043, 30.138128, 0.0)
(42.306461, 30.146408, 0.0)
(42.286907, 30.165079, 0.0)
(42.256340, 30.185755, 0.0)
(42.264988, 30.210186, 0.0)
(42.263062, 30.227409, 0.0)
(42.241352, 30.234320, 0.0)
(42.216148, 30.226574, 0.0)
(42.235771, 30.201435, 0.0)
(42.254074, 30.183922, 0.0)
(42.204239, 30.141539, 0.0)
(42.193314, 30.096533, 0.0)
(42.210819, 30.082857, 0.0)
(41.913284, 30.005651, 0.0)
(41.867985, 30.004282, 0.0)
(41.872063, 29.979450, 0.0)
(41.865685, 29.956923, 0.0)
(41.864674, 29.924435, 0.0)
(41.326420, 29.488619, 0.0)
(41.256767, 29.384123, 0.0)
(41.256180, 29.349655, 0.0)
(41.242233, 29.265745, 0.0)
(41.221237, 29.232740, 0.0)
(41.183117, 29.199623, 0.0)
(41.247906, 29.006353, 0.0)
(41.410316, 28.141285, 0.0)
(41.436581, 27.871389, 0.0)
(41.415974, 27.814936, 0.0)
(41.423702, 27.752720, 0.0)
(41.474171, 27.676952, 0.0)
(41.459652, 27.657772, 0.0)
(41.522560, 26.844311, 0.0)
(41.539589, 26.397558, 0.0)
(41.545483, 26.311056, 0.0)
(41.541111, 26.277678, 0.0)
(41.532509, 26.229626, 0.0)
(41.544201, 26.191696, 0.0)
(41.541229, 26.160856, 0.0)
(41.536072, 26.119600, 0.0)
(41.566875, 26.086584, 0.0)
(41.425343, 25.372362, 0.0)
(41.409363, 25.245184, 0.0)
(41.444530, 25.182610, 0.0)
(41.426231, 25.117973, 0.0)
(41.414146, 25.104761, 0.0)
(41.437607, 24.743288, 0.0)
(41.539551, 23.731552, 0.0)
(41.496616, 23.218605, 0.0)
(41.473125, 23.186491, 0.0)
(41.484482, 23.189320, 0.0)
(41.472107, 23.087120, 0.0)
(41.457184, 23.069052, 0.0)
(41.415195, 22.947748, 0.0)
(41.152580, 21.260571, 0.0)
(41.123592, 20.854746, 0.0)
(41.118248, 20.826645, 0.0)
(41.079983, 20.789526, 0.0)
(41.084724, 20.786814, 0.0)
(41.062263, 20.747253, 0.0)
(40.660191, 20.173267, 0.0)
(40.641369, 20.142698, 0.0)
(40.641369, 20.142698, 0.0)
(40.644226, 20.150846, 0.0)
(40.620712, 20.189026, 0.0)
(40.620712, 20.189026, 0.0)
(40.615967, 20.211771, 0.0)
(40.606792, 20.219906, 0.0)
(40.606792, 20.219906, 0.0)
(40.593639, 20.241152, 0.0)
(40.592628, 20.248337, 0.0)
(40.592690, 20.263489, 0.0)
(40.585903, 20.260620, 0.0)
(40.584339, 20.267241, 0.0)
(40.555073, 20.269205, 0.0)
(40.542130, 20.263586, 0.0)
(40.205795, 20.265226, 0.0)
(40.313423, 24.408546, 0.0)
(40.144390, 23.726217, 0.0)
(40.120659, 23.693415, 0.0)
(40.151768, 23.799799, 0.0)
(40.250877, 23.174643, 0.0)
(40.361603, 22.202942, 0.0)
(40.391373, 22.240566, 0.0)
(40.382347, 22.372650, 0.0)
(40.385849, 22.434790, 0.0)
(40.368248, 22.505033, 0.0)
(40.387501, 22.573097, 0.0)
(40.406448, 22.764050, 0.0)
(40.397007, 23.208883, 0.0)
(40.433979, 23.369940, 0.0)
(40.484211, 23.463955, 0.0)
(40.482468, 23.492649, 0.0)
(40.601662, 24.174864, 0.0)
(40.623272, 24.491638, 0.0)
(40.596634, 24.598661, 0.0)
(40.616325, 24.664225, 0.0)
(40.613682, 24.716026, 0.0)
(40.638905, 24.961382, 0.0)
(40.635494, 25.550037, 0.0)
(40.626381, 25.691866, 0.0)
(40.603336, 25.746300, 0.0)
(40.590782, 25.812796, 0.0)
(40.579945, 25.902046, 0.0)
(40.583328, 25.954998, 0.0)
(40.693237, 26.350311, 0.0)
(40.808369, 26.995911, 0.0)
(40.785744, 27.198982, 0.0)
(40.779839, 27.216246, 0.0)
(40.773335, 27.280268, 0.0)
(40.777187, 27.339098, 0.0)
(40.760246, 27.375101, 0.0)
(40.848843, 28.950897, 0.0)
(40.777473, 29.507750, 0.0)
(40.690346, 29.558207, 0.0)
(40.665211, 29.538897, 0.0)
(40.606541, 29.552353, 0.0)
(40.591022, 29.589405, 0.0)
(40.579350, 29.577440, 0.0)
(40.568195, 29.572105, 0.0)
(40.557266, 29.579348, 0.0)
(40.560326, 29.587856, 0.0)
(40.555141, 29.603153, 0.0)
(40.531754, 29.612024, 0.0)
(40.530128, 29.626547, 0.0)
(40.503498, 29.616600, 0.0)
(40.466892, 29.616619, 0.0)
(40.471558, 29.638437, 0.0)
(40.464775, 29.622662, 0.0)
(39.878777, 29.804028, 0.0)
(39.567562, 29.834160, 0.0)
(39.526493, 29.794052, 0.0)
(39.488079, 29.757483, 0.0)
(39.492367, 29.663712, 0.0)
(39.641418, 29.290382, 0.0)
(39.701851, 28.672747, 0.0)
(39.666492, 28.491203, 0.0)
(39.634830, 28.341042, 0.0)
(39.649597, 28.226177, 0.0)
(39.658047, 28.071255, 0.0)
(39.641876, 27.159678, 0.0)
(39.650368, 26.995010, 0.0)
(39.644299, 26.932552, 0.0)
(39.648067, 26.879137, 0.0)
(39.653503, 26.791765, 0.0)
(39.655087, 26.773863, 0.0)
(39.645916, 26.745461, 0.0)
(39.637394, 26.402498, 0.0)
(39.578426, 25.478119, 0.0)
(39.591255, 25.290657, 0.0)
(39.602455, 25.248421, 0.0)
(39.607025, 25.190853, 0.0)
(39.608212, 25.105270, 0.0)
(39.618801, 25.106207, 0.0)
(39.618237, 25.086046, 0.0)
(39.633690, 24.007578, 0.0)
(39.539337, 22.651686, 0.0)
(39.514187, 22.560753, 0.0)
(39.505341, 22.557217, 0.0)
(39.497494, 22.516630, 0.0)
(39.504990, 22.492382, 0.0)
(39.509010, 22.511614, 0.0)
(39.512566, 22.523989, 0.0)
(39.455036, 22.051645, 0.0)
(39.203304, 20.393494, 0.0)
(39.189651, 20.360439, 0.0)
(39.186573, 20.376644, 0.0)
(39.175972, 20.344202, 0.0)
(39.151249, 20.303448, 0.0)
(39.155125, 20.310015, 0.0)
(39.172047, 20.306908, 0.0)
(39.147854, 20.312838, 0.0)
(39.179192, 20.307692, 0.0)
(39.221756, 20.313745, 0.0)
(39.193459, 20.293285, 0.0)
(39.190598, 20.276720, 0.0)
(39.203529, 20.282591, 0.0)
(39.209023, 20.287920, 0.0)
(39.212666, 20.294821, 0.0)
(39.225510, 20.195211, 0.0)
(39.202812, 19.998978, 0.0)
(39.196457, 19.992807, 0.0)
(39.156033, 19.988976, 0.0)
(39.181755, 19.994658, 0.0)
(39.187195, 19.992111, 0.0)
(39.193649, 19.993074, 0.0)
(38.214458, 19.949064, 0.0)
(38.115608, 19.940001, 0.0)
(38.105186, 19.961254, 0.0)
(38.103474, 20.020514, 0.0)
(38.402973, 21.118681, 0.0)
(38.576096, 21.876390, 0.0)
(38.572041, 22.053692, 0.0)
(38.562794, 22.095804, 0.0)
(38.510056, 22.201157, 0.0)
(38.508224, 22.240885, 0.0)
(38.510582, 22.305275, 0.0)
(38.507843, 22.387594, 0.0)
(38.518890, 22.411041, 0.0)
(38.516712, 22.504017, 0.0)
(38.520351, 22.548201, 0.0)
(38.526905, 22.613125, 0.0)
(38.522568, 22.638073, 0.0)
(38.745872, 23.314032, 0.0)
(38.758595, 23.484505, 0.0)
(38.742481, 23.540571, 0.0)
(38.753384, 23.808643, 0.0)
(38.773243, 24.364725, 0.0)
(38.743446, 24.493126, 0.0)
(38.704899, 24.551567, 0.0)
(38.676937, 24.611664, 0.0)
(38.671921, 24.775829, 0.0)
(38.938889, 26.379801, 0.0)
(38.909817, 26.911413, 0.0)
(38.875164, 27.061684, 0.0)
(38.841202, 27.074198, 0.0)
(38.791706, 27.106516, 0.0)
(38.759518, 27.127497, 0.0)
(38.749477, 27.162029, 0.0)
(38.725445, 27.200876, 0.0)
(38.717842, 27.216183, 0.0)
(38.647240, 27.673761, 0.0)
(38.840118, 29.428453, 0.0)
(38.823246, 29.865225, 0.0)
(38.765865, 29.869122, 0.0)
(38.695000, 29.926521, 0.0)
(38.685764, 29.881823, 0.0)
(38.682949, 29.891153, 0.0)
(38.630436, 29.886835, 0.0)
(38.604488, 29.889570, 0.0)
(38.600842, 29.886126, 0.0)
(38.603886, 29.907507, 0.0)
(38.636368, 29.354692, 0.0)
(38.597679, 29.312601, 0.0)
(38.597767, 29.370411, 0.0)
(38.641201, 29.357027, 0.0)
(38.586567, 29.353846, 0.0)
(38.571770, 29.336405, 0.0)
(38.587692, 29.363258, 0.0)
(38.580116, 29.360563, 0.0)
(38.555084, 29.390480, 0.0)
(38.559856, 29.387894, 0.0)
(38.562687, 29.391632, 0.0)
(37.675903, 29.673210, 0.0)
(37.451435, 29.644897, 0.0)
(37.453823, 29.610941, 0.0)
(37.447632, 29.574116, 0.0)
(37.561810, 29.127747, 0.0)
(37.739365, 28.505877, 0.0)
(37.722111, 28.266903, 0.0)
(37.711250, 28.197496, 0.0)
(37.713642, 28.142500, 0.0)
(37.721451, 28.069422, 0.0)
(37.700939, 28.008074, 0.0)
(37.713005, 27.920410, 0.0)
(37.710739, 26.938484, 0.0)
(37.661358, 26.678799, 0.0)
(37.643730, 26.589861, 0.0)
(37.653534, 26.504200, 0.0)
(37.648449, 26.473658, 0.0)
(37.645203, 26.478140, 0.0)
(37.644226, 26.110441, 0.0)
(37.630703, 25.038689, 0.0)
(37.613270, 24.937817, 0.0)
(37.595844, 24.892830, 0.0)
(37.599754, 24.863234, 0.0)
(37.612175, 24.743147, 0.0)
(37.552765, 24.252747, 0.0)
(37.223057, 21.502462, 0.0)
(37.105446, 20.447035, 0.0)
(37.090672, 20.404654, 0.0)
(37.093719, 20.391724, 0.0)
(37.079823, 20.374096, 0.0)
(37.072010, 20.379583, 0.0)
(37.069790, 20.374054, 0.0)
(37.094166, 20.378408, 0.0)
(37.104919, 20.346409, 0.0)
(37.096073, 20.354685, 0.0)
(37.097301, 20.348719, 0.0)
(37.132950, 20.356792, 0.0)
(37.116875, 20.348499, 0.0)
(37.150036, 20.377926, 0.0)
(37.147282, 20.379017, 0.0)
(37.154125, 20.383406, 0.0)
(37.148697, 20.385530, 0.0)
(37.149960, 20.405281, 0.0)
(37.149960, 20.405281, 0.0)
(37.155437, 20.403194, 0.0)
(37.155437, 20.403194, 0.0)
(37.154060, 20.389967, 0.0)
(37.154125, 20.383406, 0.0)
(37.152477, 20.408636, 0.0)
(37.149960, 20.405281, 0.0)
(37.148361, 20.403194, 0.0)
(37.146667, 20.392899, 0.0)
(37.150146, 20.398897, 0.0)
(37.149822, 20.410885, 0.0)
(37.126194, 20.393431, 0.0)
(37.142509, 20.402876, 0.0)
(36.906799, 20.399557, 0.0)
(36.336544, 20.422852, 0.0)
(36.208225, 20.446466, 0.0)
(36.220360, 20.450863, 0.0)
(36.211903, 20.475657, 0.0)
(36.170734, 20.772881, 0.0)
(36.236794, 21.115473, 0.0)
(36.239910, 21.241911, 0.0)
(36.232483, 21.297041, 0.0)
(36.273521, 21.453356, 0.0)
(36.362076, 22.044092, 0.0)
(36.338165, 22.181736, 0.0)
(36.296497, 22.284163, 0.0)
(36.303429, 22.349253, 0.0)
(36.331516, 22.401772, 0.0)
(36.454224, 22.972279, 0.0)
(36.625095, 24.094213, 0.0)
(36.623867, 24.249168, 0.0)
(36.599129, 24.294737, 0.0)
(36.573208, 24.340334, 0.0)
(36.579628, 24.362333, 0.0)
(36.560493, 24.422812, 0.0)
(36.565514, 24.520912, 0.0)
(36.580219, 24.567844, 0.0)
(36.541119, 24.953588, 0.0)
(36.379971, 24.991684, 0.0)
(36.400845, 25.586971, 0.0)
(36.623924, 25.905813, 0.0)
(36.667984, 26.022511, 0.0)
(36.726471, 26.083241, 0.0)
(36.745571, 26.174358, 0.0)
(36.725052, 26.220678, 0.0)
(36.734341, 26.271566, 0.0)
(36.765038, 26.367878, 0.0)
(36.605209, 27.138674, 0.0)
(36.579353, 27.588610, 0.0)
(36.586159, 27.651976, 0.0)
(36.615528, 27.655968, 0.0)
(36.588173, 27.677538, 0.0)
(36.575287, 27.687368, 0.0)
(36.723736, 28.034098, 0.0)
(36.981907, 29.197046, 0.0)
(37.052387, 29.894920, 0.0)
(37.020023, 29.980227, 0.0)
(37.024570, 29.956467, 0.0)
(37.020973, 29.940424, 0.0)
(37.015312, 29.915848, 0.0)
(37.015312, 29.915848, 0.0)
(37.011112, 29.915747, 0.0)
(37.014057, 29.935207, 0.0)
(37.002949, 29.930735, 0.0)
(36.977024, 29.876877, 0.0)
(36.967476, 29.883596, 0.0)
(36.968716, 29.878229, 0.0)
(36.944080, 29.863022, 0.0)
(36.939213, 29.880194, 0.0)
(36.938210, 29.876732, 0.0)
(36.444134, 29.844046, 0.0)
(35.676971, 30.299006, 0.0)
(35.278614, 29.912308, 0.0)
(35.542271, 29.085772, 0.0)
(35.655777, 28.582611, 0.0)
(35.645889, 28.205006, 0.0)
(35.605919, 27.965511, 0.0)
(35.600792, 27.768908, 0.0)
(35.599255, 27.631834, 0.0)
(35.601383, 27.532921, 0.0)
(35.644024, 27.473852, 0.0)
(35.653969, 27.418850, 0.0)
(35.669376, 27.384302, 0.0)
(35.491924, 26.669903, 0.0)
(35.459152, 26.396128, 0.0)
(35.449203, 26.398373, 0.0)
(35.463795, 26.287579, 0.0)
(35.442871, 26.206705, 0.0)
(35.434147, 26.146654, 0.0)
(35.446804, 26.096996, 0.0)
(35.560234, 24.814257, 0.0)
(35.539520, 24.543106, 0.0)
(35.533695, 24.475845, 0.0)
(35.516464, 24.402481, 0.0)
(35.535095, 24.360439, 0.0)
(35.525284, 24.343729, 0.0)
(35.522228, 24.316319, 0.0)
(35.557274, 24.270535, 0.0)
(35.579281, 24.280542, 0.0)
(35.408554, 23.886768, 0.0)
(35.350136, 23.255125, 0.0)
(35.324772, 23.160383, 0.0)
(35.325169, 23.155043, 0.0)
(35.320877, 23.122561, 0.0)
(35.326496, 23.128536, 0.0)
(35.350662, 22.558144, 0.0)
(35.341774, 21.465897, 0.0)
(35.331112, 21.416109, 0.0)
(35.295998, 21.411732, 0.0)
(35.286919, 21.402315, 0.0)
(35.340458, 21.405159, 0.0)
(35.351143, 21.433865, 0.0)
(35.386478, 21.440670, 0.0)
(35.051735, 20.518955, 0.0)
(35.016056, 20.325926, 0.0)
(35.017887, 20.346907, 0.0)
(35.034214, 20.325275, 0.0)
(35.037907, 20.331081, 0.0)
(35.057430, 20.348970, 0.0)
(35.072979, 20.410690, 0.0)
(35.049538, 20.407255, 0.0)
(35.046581, 20.432941, 0.0)
(35.039585, 20.429329, 0.0)
(35.027966, 20.424366, 0.0)
(35.061008, 20.428659, 0.0)
(35.028770, 20.437801, 0.0)
(34.418812, 20.433567, 0.0)
(34.131645, 20.455315, 0.0)
(34.110847, 20.505926, 0.0)
(34.126663, 20.548466, 0.0)
(34.160110, 20.633408, 0.0)
(34.460979, 21.661539, 0.0)
(34.349800, 21.862020, 0.0)
(34.323097, 21.924608, 0.0)
(34.318218, 22.018057, 0.0)
(34.274158, 22.072746, 0.0)
(34.287224, 22.105515, 0.0)
(34.301125, 22.329750, 0.0)
(34.347866, 22.695059, 0.0)
(34.363117, 22.775398, 0.0)
(34.390305, 22.865839, 0.0)
(34.372147, 22.986132, 0.0)
(34.379730, 23.417233, 0.0)
(34.291637, 24.337704, 0.0)
(34.575298, 25.286398, 0.0)
(34.876495, 25.541189, 0.0)
(34.913883, 25.566494, 0.0)
(34.902340, 25.607122, 0.0)
(34.883335, 25.646015, 0.0)
(34.883713, 25.678734, 0.0)
(34.868740, 25.721729, 0.0)
(34.889042, 25.818457, 0.0)
(34.878780, 25.892530, 0.0)
(35.059715, 27.643202, 0.0)
(35.507725, 29.392397, 0.0)
(35.479290, 29.621462, 0.0)
(35.410633, 29.577585, 0.0)
(35.394909, 29.575893, 0.0)
(35.376705, 29.578346, 0.0)
(35.352489, 29.588417, 0.0)
(35.294033, 29.640728, 0.0)
(34.961636, 29.836479, 0.0)
(34.946667, 29.870649, 0.0)
(34.945835, 29.825443, 0.0)
(34.937897, 29.814991, 0.0)
(34.922424, 29.819109, 0.0)
(34.905979, 29.845764, 0.0)
(34.886829, 29.884857, 0.0)
(34.872612, 29.940798, 0.0)
(34.887539, 29.957935, 0.0)
(34.878139, 29.955835, 0.0)
(34.908714, 29.954878, 0.0)
(34.919880, 29.957909, 0.0)
(34.925690, 29.974663, 0.0)
(34.928261, 29.955853, 0.0)
(34.939880, 29.978447, 0.0)
(34.953941, 30.005684, 0.0)
(34.935822, 29.996450, 0.0)
(34.953941, 30.005684, 0.0)
(34.931820, 30.012909, 0.0)
(34.912125, 30.004284, 0.0)
(34.926353, 29.998512, 0.0)
(34.900257, 29.993221, 0.0)
(34.331676, 29.823137, 0.0)
(33.895226, 29.643290, 0.0)
(33.796150, 29.511198, 0.0)
(33.776527, 29.450659, 0.0)
(33.761959, 29.390388, 0.0)
(33.863918, 28.284248, 0.0)
(33.850822, 28.041920, 0.0)
(33.814610, 27.947729, 0.0)
(33.781315, 27.831230, 0.0)
(33.771030, 27.774605, 0.0)
(33.785374, 27.740099, 0.0)
(33.763741, 27.616838, 0.0)
(33.752544, 27.541025, 0.0)
(33.642601, 26.840094, 0.0)
(33.638317, 26.689354, 0.0)
(33.618786, 26.648829, 0.0)
(33.601254, 26.578087, 0.0)
(33.605820, 26.490601, 0.0)
(33.625736, 26.435980, 0.0)
(33.613754, 26.427219, 0.0)
(33.590931, 25.622879, 0.0)
(33.546745, 25.012730, 0.0)
(33.512371, 24.995569, 0.0)
(33.521927, 24.996792, 0.0)
(33.511253, 24.953192, 0.0)
(33.480431, 24.893684, 0.0)
(33.477089, 24.820959, 0.0)
(33.502129, 24.802479, 0.0)
(33.500023, 24.765413, 0.0)
(33.490894, 24.748178, 0.0)
(33.419556, 24.022312, 0.0)
(33.419788, 23.777027, 0.0)
(33.409859, 23.806664, 0.0)
(33.398426, 23.717270, 0.0)
(33.411484, 23.682695, 0.0)
(33.404728, 23.610298, 0.0)
(33.432487, 23.313135, 0.0)
(33.388645, 22.481359, 0.0)
(33.381725, 22.378870, 0.0)
(33.381725, 22.378870, 0.0)
(33.367580, 22.375919, 0.0)
(33.351585, 22.397840, 0.0)
(33.360275, 22.335194, 0.0)
(33.374069, 22.326965, 0.0)
(33.376282, 22.321383, 0.0)
(33.327736, 21.745838, 0.0)
(33.206257, 21.292307, 0.0)
(33.194386, 21.261246, 0.0)
(33.182053, 21.259487, 0.0)
(33.169018, 21.268850, 0.0)
(33.166603, 21.284338, 0.0)
(33.165455, 21.315479, 0.0)
(33.171635, 21.307730, 0.0)
(33.151340, 21.307961, 0.0)
(33.162212, 21.303720, 0.0)
(33.064388, 21.364687, 0.0)
(32.464058, 21.615656, 0.0)
(32.385742, 21.659683, 0.0)
(32.399391, 21.693991, 0.0)
(32.378101, 21.727301, 0.0)
(32.371719, 21.760355, 0.0)
(32.362911, 21.804787, 0.0)
(32.386440, 21.871866, 0.0)
(32.387619, 21.853182, 0.0)
(32.428463, 22.431042, 0.0)
(32.482304, 23.055870, 0.0)
(32.493389, 23.150690, 0.0)
(32.469574, 23.241995, 0.0)
(32.496868, 23.291922, 0.0)
(32.500034, 23.365210, 0.0)
(32.502441, 23.407724, 0.0)
(32.535561, 23.459402, 0.0)
(32.609016, 24.016054, 0.0)
(32.598694, 24.191048, 0.0)
(32.574535, 24.244946, 0.0)
(32.570389, 24.337145, 0.0)
(32.573231, 24.491114, 0.0)
(32.720150, 25.399248, 0.0)
(32.719597, 25.571199, 0.0)
(32.688858, 25.649141, 0.0)
(32.660995, 25.703644, 0.0)
(32.649582, 25.751446, 0.0)
(32.655327, 25.822418, 0.0)
(32.652317, 25.871031, 0.0)
(32.675819, 26.080940, 0.0)
(32.797115, 26.651518, 0.0)
(32.811245, 26.801197, 0.0)
(32.793991, 26.838722, 0.0)
(32.792866, 26.887093, 0.0)
(32.793404, 26.904074, 0.0)
(32.785431, 27.020847, 0.0)
(32.801945, 27.275770, 0.0)
(32.863697, 27.448748, 0.0)
(32.879944, 27.485476, 0.0)
(32.879570, 27.692112, 0.0)
(33.025036, 28.599058, 0.0)
(33.028938, 28.779938, 0.0)
(33.011517, 28.821552, 0.0)
(32.975094, 28.858120, 0.0)
(32.975201, 28.889956, 0.0)
(32.987640, 28.944246, 0.0)
(32.973751, 28.953196, 0.0)
(32.986698, 28.946880, 0.0)
(32.974457, 28.982700, 0.0)
(32.963970, 28.997719, 0.0)
(32.966351, 29.001760, 0.0)
(32.968456, 29.045794, 0.0)
(32.870182, 29.024073, 0.0)
(32.698544, 29.351294, 0.0)
(32.537277, 28.756193, 0.0)
(32.556679, 27.807558, 0.0)
(32.529316, 27.539194, 0.0)
(32.557945, 27.502098, 0.0)
(32.612240, 27.492565, 0.0)
(32.582150, 27.474846, 0.0)
(32.560665, 27.436392, 0.0)
(31.658039, 27.439098, 0.0)
(31.507935, 27.426533, 0.0)
(31.497555, 27.375937, 0.0)
(31.487680, 27.315943, 0.0)
(31.471722, 27.313231, 0.0)
(31.487495, 27.270245, 0.0)
(31.495005, 27.221600, 0.0)
(31.503044, 27.217230, 0.0)
(31.499905, 27.165359, 0.0)
(31.515100, 27.129002, 0.0)
(31.651875, 27.010019, 0.0)
(31.823408, 26.666805, 0.0)
(31.839861, 26.593088, 0.0)
(31.873508, 26.531324, 0.0)
(31.868013, 26.444860, 0.0)
(31.886496, 26.362991, 0.0)
(31.907841, 26.318527, 0.0)
(31.933397, 26.270451, 0.0)
(31.932587, 26.203674, 0.0)
(31.820324, 25.561949, 0.0)
(31.793182, 25.106724, 0.0)
(31.744057, 24.989264, 0.0)
(31.728535, 24.912363, 0.0)
(31.724798, 24.881050, 0.0)
(31.710262, 24.806894, 0.0)
(31.720001, 24.765783, 0.0)
(31.619911, 24.474651, 0.0)
(31.491329, 23.672848, 0.0)
(31.346201, 23.434551, 0.0)
(31.240160, 22.648197, 0.0)
(31.357325, 22.439804, 0.0)
(31.369564, 22.485992, 0.0)
(31.348454, 22.514246, 0.0)
(31.372105, 22.504936, 0.0)
(31.371012, 22.503704, 0.0)
(31.372633, 22.477703, 0.0)
(31.399900, 22.462381, 0.0)
(31.409613, 22.457886, 0.0)
(31.405207, 22.447424, 0.0)
(31.389341, 22.417984, 0.0)
(31.397257, 22.404507, 0.0)
(31.398417, 22.410826, 0.0)
(31.441996, 21.779034, 0.0)
(31.480604, 21.660925, 0.0)
(31.487844, 21.652880, 0.0)
(31.459751, 21.622507, 0.0)
(31.444130, 21.608110, 0.0)
(31.456440, 21.591028, 0.0)
(31.444130, 21.608110, 0.0)
(31.444130, 21.608110, 0.0)
(31.444130, 21.608110, 0.0)
(31.434036, 21.615505, 0.0)
(31.408667, 21.608608, 0.0)
(30.793484, 21.972960, 0.0)
(30.699568, 22.072002, 0.0)
(30.674217, 22.098867, 0.0)
(30.659304, 22.126970, 0.0)
(30.629677, 22.312733, 0.0)
(30.885611, 23.401724, 0.0)
(31.032866, 24.212883, 0.0)
(31.030579, 24.350336, 0.0)
(31.015676, 24.421648, 0.0)
(31.018764, 24.489996, 0.0)
(31.028168, 24.527473, 0.0)
(31.048618, 24.568157, 0.0)
(31.056046, 24.584322, 0.0)
(31.049221, 24.666201, 0.0)
(31.067511, 24.765017, 0.0)
(31.066502, 24.803106, 0.0)
(31.065929, 24.885155, 0.0)
(30.819693, 25.118673, 0.0)
(30.794439, 25.180037, 0.0)
(30.801783, 25.196253, 0.0)
(30.793301, 25.222235, 0.0)
(30.798525, 25.328918, 0.0)
(30.792032, 25.361372, 0.0)
(30.822361, 25.628592, 0.0)
(30.868082, 26.114685, 0.0)
(30.873417, 26.240088, 0.0)
(30.882275, 26.322256, 0.0)
(30.862297, 26.356792, 0.0)
(30.866201, 26.400970, 0.0)
(30.988468, 26.673214, 0.0)
(31.070221, 27.019993, 0.0)
(31.087395, 27.053694, 0.0)
(31.075144, 27.138968, 0.0)
(31.098686, 27.201017, 0.0)
(31.225939, 27.600349, 0.0)
(31.265757, 27.753353, 0.0)
(31.271935, 27.757189, 0.0)
(31.282907, 27.833662, 0.0)
(31.288326, 27.857571, 0.0)
(31.269203, 27.879751, 0.0)
(31.302313, 28.590385, 0.0)
(31.281239, 28.746439, 0.0)
(31.280573, 28.759920, 0.0)
(31.273754, 28.796219, 0.0)
(31.268095, 28.815929, 0.0)
(31.263809, 28.824955, 0.0)
(31.268938, 28.821587, 0.0)
(31.271784, 28.813633, 0.0)
(31.274366, 28.809483, 0.0)
(31.270678, 28.811775, 0.0)
(31.259829, 28.828667, 0.0)
(31.257515, 28.840385, 0.0)
(31.256641, 28.855085, 0.0)
(31.028685, 28.896004, 0.0)
(30.597878, 28.933649, 0.0)
(30.557344, 28.921299, 0.0)
(30.567583, 28.909096, 0.0)
(30.579529, 28.876554, 0.0)
(30.581495, 28.871338, 0.0)
(30.565231, 28.858719, 0.0)
(30.513863, 28.850849, 0.0)
(30.513863, 28.850849, 0.0)
(30.519939, 28.827522, 0.0)
(30.513792, 28.771177, 0.0)
(30.515224, 28.711416, 0.0)
(30.514618, 28.643499, 0.0)
(30.553316, 28.580263, 0.0)
(30.571751, 28.447290, 0.0)
(30.561819, 28.381208, 0.0)
(30.579472, 28.277500, 0.0)
(30.461853, 27.892651, 0.0)
(30.276762, 26.671595, 0.0)
(30.268631, 26.502563, 0.0)
(30.262938, 26.486597, 0.0)
(30.209053, 26.416218, 0.0)
(30.205244, 26.320623, 0.0)
(30.196114, 26.309973, 0.0)
(30.188025, 26.239820, 0.0)
(30.180058, 26.172874, 0.0)
(30.187418, 26.119259, 0.0)
(30.185795, 26.076557, 0.0)
(30.156059, 26.084177, 0.0)
(30.141693, 26.038776, 0.0)
(30.158730, 25.964083, 0.0)
(30.097389, 25.631182, 0.0)
(29.917002, 24.313091, 0.0)
(29.915968, 23.531506, 0.0)
(29.925438, 23.465992, 0.0)
(29.906517, 23.464420, 0.0)
(29.902090, 23.416494, 0.0)
(29.917982, 23.342266, 0.0)
(29.918676, 23.319895, 0.0)
(29.894606, 23.304869, 0.0)
(29.890198, 23.266376, 0.0)
(29.911890, 23.257498, 0.0)
(29.929464, 23.249067, 0.0)
(29.922226, 23.234758, 0.0)
(29.927343, 23.223774, 0.0)
(29.917347, 23.223398, 0.0)
(29.927343, 23.223774, 0.0)
(29.943676, 23.208559, 0.0)
(29.973520, 23.206686, 0.0)
(29.970240, 23.217602, 0.0)
(29.779083, 22.950623, 0.0)
(29.780346, 22.903923, 0.0)
(29.780346, 22.903923, 0.0)
(29.783251, 22.897827, 0.0)
(29.773741, 22.904396, 0.0)
(29.778288, 22.900532, 0.0)
(29.779528, 22.914091, 0.0)
(29.770893, 22.914736, 0.0)
(29.756203, 22.906467, 0.0)
(29.753805, 22.901545, 0.0)
(29.762260, 22.915281, 0.0)
(29.746939, 22.903151, 0.0)
(29.472324, 23.106970, 0.0)
(29.418583, 23.194948, 0.0)
(29.418531, 23.233215, 0.0)
(29.413097, 23.225460, 0.0)
(29.373486, 23.369230, 0.0)
(29.377890, 23.945192, 0.0)
(29.368168, 24.081406, 0.0)
(29.363712, 24.112083, 0.0)
(29.360701, 24.159929, 0.0)
(29.351807, 24.207634, 0.0)
(29.368603, 24.250557, 0.0)
(29.374237, 24.304140, 0.0)
(29.380428, 24.568693, 0.0)
(29.399382, 24.709812, 0.0)
(29.505211, 25.105045, 0.0)
(29.586788, 25.467253, 0.0)
(29.593401, 25.602629, 0.0)
(29.568069, 25.687819, 0.0)
(29.572010, 25.743805, 0.0)
(29.576527, 25.831699, 0.0)
(29.490746, 25.839937, 0.0)
(29.260508, 26.938566, 0.0)
(29.419926, 26.862444, 0.0)
(29.504578, 26.531548, 0.0)
(29.540401, 26.516710, 0.0)
(29.575794, 26.618692, 0.0)
(29.579409, 26.716112, 0.0)
(29.602968, 26.729721, 0.0)
(29.625395, 26.801311, 0.0)
(29.612135, 26.893625, 0.0)
(29.678659, 27.701647, 0.0)
(29.691870, 27.977026, 0.0)
(29.675634, 28.061956, 0.0)
(29.691370, 28.140902, 0.0)
(29.711863, 28.189301, 0.0)
(29.719013, 28.215330, 0.0)
(29.714378, 28.287466, 0.0)
(30.078182, 28.977732, 0.0)
(30.104362, 29.146469, 0.0)
(30.107796, 29.202496, 0.0)
(30.087074, 29.213572, 0.0)
(30.088106, 29.242321, 0.0)
(30.098944, 29.299522, 0.0)
(30.110201, 29.306170, 0.0)
(30.186533, 30.004574, 0.0)
(30.254023, 30.130146, 0.0)
(30.243244, 30.135311, 0.0)
(30.237003, 30.198053, 0.0)
(30.269867, 30.208548, 0.0)
(30.283371, 30.237116, 0.0)
(30.246302, 30.250797, 0.0)
(30.235209, 30.266239, 0.0)
(30.250519, 30.269243, 0.0)
(30.236731, 30.264051, 0.0)
(30.243675, 30.262537, 0.0)
(30.266302, 30.286375, 0.0)
(30.300920, 30.251194, 0.0)
(30.257702, 30.297955, 0.0)
(30.260750, 30.288883, 0.0)
(30.243204, 30.392559, 0.0)
(30.263327, 30.621841, 0.0)
(30.256475, 30.626781, 0.0)
(30.272196, 30.602131, 0.0)
(30.257811, 30.600471, 0.0)
(30.267691, 30.608875, 0.0)
(30.281414, 30.593248, 0.0)
(30.281414, 30.593248, 0.0)
(30.280413, 30.604631, 0.0)
(30.281414, 30.593248, 0.0)
