(36.540684, 31.256569, 0.0)
(36.563148, 31.270422, 0.0)
(36.544605, 31.268730, 0.0)
(36.552620, 31.245798, 0.0)
(36.563988, 31.240400, 0.0)
(36.541557, 31.226276, 0.0)
(36.532047, 31.214245, 0.0)
(36.571308, 31.222826, 0.0)
(36.575089, 31.271851, 0.0)
(36.535915, 31.310591, 0.0)
(36.543583, 31.329243, 0.0)
(36.553341, 31.350136, 0.0)
(36.560844, 31.328007, 0.0)
(36.504650, 31.354515, 0.0)
(36.564560, 31.341892, 0.0)
(36.549198, 31.331366, 0.0)
(36.536934, 31.529419, 0.0)
(36.574253, 31.542582, 0.0)
(36.515656, 31.539326, 0.0)
(36.552887, 31.575348, 0.0)
(36.509686, 31.602570, 0.0)
(36.502274, 31.617878, 0.0)
(36.499123, 31.600000, 0.0)
(36.496517, 31.584616, 0.0)
(36.504616, 31.545532, 0.0)
(36.491711, 31.548191, 0.0)
(36.497555, 31.548323, 0.0)
(36.443882, 31.580183, 0.0)
(36.439011, 31.568298, 0.0)
(36.430252, 31.590467, 0.0)
(36.452934, 31.616320, 0.0)
(36.450268, 31.616184, 0.0)
(36.398571, 31.624144, 0.0)
(36.440060, 31.622364, 0.0)
(36.428940, 31.622471, 0.0)
(36.420223, 31.600676, 0.0)
(36.409962, 31.558975, 0.0)
(36.430042, 31.546434, 0.0)
(36.427891, 31.533009, 0.0)
(36.408722, 31.554235, 0.0)
(36.408428, 31.552465, 0.0)
(36.406246, 31.561962, 0.0)
(36.411678, 31.559168, 0.0)
(36.408161, 31.569860, 0.0)
(36.408188, 31.576778, 0.0)
(36.416946, 31.563145, 0.0)
(36.438721, 31.557781, 0.0)
(36.417347, 31.559361, 0.0)
(36.420341, 31.548071, 0.0)
(36.420341, 31.548071, 0.0)
(36.423153, 31.549524, 0.0)
(36.401901, 31.552412, 0.0)
(36.400066, 31.552536, 0.0)
(36.428802, 31.547295, 0.0)
(36.418411, 31.546579, 0.0)
(36.410904, 31.568747, 0.0)
(36.398106, 31.564453, 0.0)
(36.423927, 31.567734, 0.0)
(36.413837, 31.567535, 0.0)
(36.417126, 31.576176, 0.0)
(36.445236, 31.578325, 0.0)
(36.446785, 31.589424, 0.0)
(36.458603, 31.594437, 0.0)
(36.442581, 31.609640, 0.0)
(36.443138, 31.615374, 0.0)
(36.444542, 31.614666, 0.0)
(36.419037, 31.619530, 0.0)
(36.418488, 31.629366, 0.0)
(36.418159, 31.643528, 0.0)
(36.435318, 31.628115, 0.0)
(36.399120, 31.615976, 0.0)
(36.288418, 31.670115, 0.0)
(36.508373, 33.526234, 0.0)
(36.421585, 32.682888, 0.0)
(36.430321, 31.819405, 0.0)
(36.480461, 31.732737, 0.0)
(36.465881, 31.792984, 0.0)
(36.505241, 31.758808, 0.0)
(36.431671, 31.728645, 0.0)
(36.487217, 33.072166, 0.0)
(36.554276, 34.542458, 0.0)
(36.483253, 32.932247, 0.0)
(36.359882, 31.993807, 0.0)
(36.408810, 31.780964, 0.0)
(36.455936, 31.792620, 0.0)
(36.469387, 31.779337, 0.0)
(36.483814, 31.747019, 0.0)
(36.478985, 31.718910, 0.0)
(36.487961, 31.717363, 0.0)
(36.498329, 31.731035, 0.0)
(36.501911, 31.742884, 0.0)
(36.488056, 31.727776, 0.0)
(36.509506, 31.688950, 0.0)
(36.546192, 31.696140, 0.0)
(36.544769, 31.678675, 0.0)
(36.572216, 31.645582, 0.0)
(36.558155, 31.627724, 0.0)
(36.578938, 31.640940, 0.0)
(36.576359, 31.621056, 0.0)
(36.610943, 31.634918, 0.0)
(36.605385, 31.620598, 0.0)
(36.596825, 31.615927, 0.0)
(36.564152, 31.577051, 0.0)
(36.604969, 31.575542, 0.0)
(36.628979, 31.574926, 0.0)
(36.573936, 31.592710, 0.0)
(36.619228, 31.598267, 0.0)
(36.623150, 31.603455, 0.0)
(36.623798, 31.610010, 0.0)
(36.595543, 31.618858, 0.0)
(36.611778, 31.616425, 0.0)
(36.613697, 31.619280, 0.0)
(36.595375, 31.631985, 0.0)
(36.574749, 31.671459, 0.0)
(36.556053, 31.710934, 0.0)
(36.591103, 31.739065, 0.0)
(36.560436, 31.750875, 0.0)
(36.585693, 31.763449, 0.0)
(36.580467, 31.750509, 0.0)
(36.584766, 31.740259, 0.0)
(36.602707, 31.728876, 0.0)
(36.608200, 31.703398, 0.0)
(36.608875, 31.738079, 0.0)
(36.591160, 31.729231, 0.0)
(36.627895, 31.745020, 0.0)
(36.612762, 31.739935, 0.0)
(36.551189, 31.697439, 0.0)
(36.597130, 31.698858, 0.0)
(36.609890, 31.697392, 0.0)
(36.601543, 31.717306, 0.0)
(36.550793, 31.717247, 0.0)
(36.553658, 31.718849, 0.0)
(36.606087, 31.741257, 0.0)
(36.553967, 31.730940, 0.0)
(36.582867, 31.728516, 0.0)
(36.590687, 31.724300, 0.0)
(36.596748, 31.709959, 0.0)
(36.603535, 31.708727, 0.0)
(36.532921, 31.682255, 0.0)
(36.580688, 31.728233, 0.0)
(36.551445, 31.706228, 0.0)
(36.514103, 31.726042, 0.0)
(36.524078, 31.704653, 0.0)
(36.518105, 31.703989, 0.0)
(36.555626, 31.690783, 0.0)
(36.559532, 31.675047, 0.0)
(36.410553, 31.712851, 0.0)
(36.418770, 31.783928, 0.0)
(36.416840, 31.790714, 0.0)
(36.429630, 31.813269, 0.0)
(36.429928, 31.795330, 0.0)
(36.405552, 31.787811, 0.0)
(36.417545, 31.752747, 0.0)
(36.454594, 31.739916, 0.0)
(36.473270, 31.734785, 0.0)
(36.450916, 31.749714, 0.0)
(36.434338, 31.763321, 0.0)
(36.464146, 31.768776, 0.0)
(36.454025, 31.785431, 0.0)
(36.428776, 31.780127, 0.0)
(36.443115, 31.763803, 0.0)
(36.453262, 31.743084, 0.0)
(36.435024, 31.726034, 0.0)
(36.417889, 31.749010, 0.0)
(36.423958, 31.760771, 0.0)
(36.428234, 31.769100, 0.0)
(36.422062, 31.774881, 0.0)
(36.416267, 31.786259, 0.0)
(36.460804, 31.947733, 0.0)
(36.466095, 31.955795, 0.0)
(36.467121, 31.907108, 0.0)
(36.469131, 31.888758, 0.0)
(36.478493, 31.890598, 0.0)
(36.444572, 31.895269, 0.0)
(36.442501, 31.905012, 0.0)
(36.447624, 31.909214, 0.0)
(36.450310, 31.939203, 0.0)
(36.409035, 31.884869, 0.0)
(36.414734, 31.842388, 0.0)
(36.426056, 31.821630, 0.0)
(36.428791, 31.813129, 0.0)
(36.423347, 31.824942, 0.0)
(36.421795, 31.800821, 0.0)
(36.420921, 31.811121, 0.0)
(37.154194, 31.987617, 0.0)
(39.890316, 33.155411, 0.0)
(42.151520, 37.086208, 0.0)
(43.605446, 39.158752, 0.0)
(44.336124, 39.033577, 0.0)
(44.403706, 38.601562, 0.0)
(43.828396, 38.334862, 0.0)
(43.534565, 38.581413, 0.0)
(43.498329, 38.618980, 0.0)
(43.558495, 38.614429, 0.0)
(43.549393, 38.580437, 0.0)
(43.753696, 38.670055, 0.0)
(43.734203, 39.221828, 0.0)
(43.816582, 39.917480, 0.0)
(43.766125, 39.112343, 0.0)
(43.675026, 38.906128, 0.0)
(43.711563, 38.961201, 0.0)
(43.701740, 38.993187, 0.0)
(43.776424, 39.001648, 0.0)
(43.735367, 38.998569, 0.0)
(43.736103, 38.965782, 0.0)
(43.812790, 38.916130, 0.0)
(43.784344, 38.903809, 0.0)
(43.808590, 38.934540, 0.0)
(43.783112, 38.888000, 0.0)
(43.808094, 38.921421, 0.0)
(43.788601, 38.954369, 0.0)
(43.765812, 38.920334, 0.0)
(43.780319, 38.900719, 0.0)
(43.762524, 38.885139, 0.0)
(43.754311, 38.883797, 0.0)
(43.769344, 38.877884, 0.0)
(43.758469, 38.897671, 0.0)
(43.781723, 38.867069, 0.0)
(43.669212, 38.365673, 0.0)
(43.516850, 37.714687, 0.0)
(43.515331, 37.668865, 0.0)
(43.532970, 37.669319, 0.0)
(43.534206, 37.687687, 0.0)
(43.610405, 34.222652, 0.0)
(43.417763, 31.474455, 0.0)
(43.254532, 30.682529, 0.0)
(43.247627, 30.588564, 0.0)
(43.329479, 30.585602, 0.0)
(43.275581, 30.649933, 0.0)
(43.543903, 30.190025, 0.0)
(43.682697, 30.177092, 0.0)
(43.692177, 30.201239, 0.0)
(43.720810, 30.194510, 0.0)
(43.675751, 30.164103, 0.0)
(43.752239, 30.122379, 0.0)
(43.763988, 30.068018, 0.0)
(43.806175, 30.045086, 0.0)
(43.781425, 30.034872, 0.0)
(43.534145, 29.627729, 0.0)
(43.606396, 29.870377, 0.0)
(43.765030, 30.218273, 0.0)
(43.784714, 30.246382, 0.0)
(43.809074, 30.249416, 0.0)
(43.862110, 30.267546, 0.0)
(43.860359, 30.247366, 0.0)
(43.885754, 30.193665, 0.0)
(43.920918, 30.199331, 0.0)
(43.917469, 30.145086, 0.0)
(43.903774, 30.062019, 0.0)
(43.909367, 30.035486, 0.0)
(43.939430, 30.002600, 0.0)
(43.990112, 30.018158, 0.0)
(43.989067, 29.945904, 0.0)
(43.994953, 29.904305, 0.0)
(43.992687, 29.868317, 0.0)
(44.038479, 29.861368, 0.0)
(43.990055, 29.842373, 0.0)
(43.972645, 29.833385, 0.0)
(43.948719, 29.750237, 0.0)
(40.313545, 30.376795, 0.0)
(36.535500, 33.250732, 0.0)
(32.979176, 35.094006, 0.0)
(30.967070, 36.446621, 0.0)
(30.206129, 36.803715, 0.0)
(30.137114, 36.707893, 0.0)
(30.091389, 36.643684, 0.0)
(29.289831, 37.449345, 0.0)
(28.684872, 37.787209, 0.0)
(28.540407, 37.792103, 0.0)
(28.512959, 37.761555, 0.0)
(28.520243, 37.717449, 0.0)
(28.473482, 37.687004, 0.0)
(28.478918, 37.655430, 0.0)
(28.434694, 37.633450, 0.0)
(28.427477, 37.617725, 0.0)
(28.368345, 37.822735, 0.0)
(28.375839, 37.821224, 0.0)
(28.371429, 37.829670, 0.0)
(28.312317, 37.844982, 0.0)
(28.335699, 37.826458, 0.0)
(28.255676, 37.821182, 0.0)
(28.289917, 37.822563, 0.0)
(28.209345, 37.814747, 0.0)
(28.185429, 37.793709, 0.0)
(28.198072, 37.790955, 0.0)
(28.141239, 37.806450, 0.0)
(28.147818, 37.804642, 0.0)
(28.102198, 37.781498, 0.0)
(28.105366, 37.759064, 0.0)
(28.095142, 37.742821, 0.0)
(28.086111, 37.738369, 0.0)
(28.102760, 37.737137, 0.0)
(28.097742, 37.707039, 0.0)
(28.103733, 37.688080, 0.0)
(28.108324, 37.673050, 0.0)
(28.103537, 37.650696, 0.0)
(28.099752, 37.617130, 0.0)
(28.063257, 37.593891, 0.0)
(28.082289, 37.513805, 0.0)
(28.912125, 34.227459, 0.0)
(29.592035, 31.042900, 0.0)
(30.166515, 29.733873, 0.0)
(30.186193, 29.565552, 0.0)
(30.170734, 29.571409, 0.0)
(30.167715, 29.570587, 0.0)
(29.627199, 29.578384, 0.0)
(28.440802, 29.330296, 0.0)
(28.398598, 29.334648, 0.0)
(28.399836, 29.324053, 0.0)
(28.347080, 29.311646, 0.0)
(28.354757, 29.309488, 0.0)
(28.312422, 29.232416, 0.0)
(28.303421, 29.171267, 0.0)
(28.167408, 29.339941, 0.0)
(28.168390, 29.242956, 0.0)
(28.158276, 29.159414, 0.0)
(28.170473, 29.169693, 0.0)
(28.145136, 29.174417, 0.0)
(28.148680, 29.181648, 0.0)
(28.118237, 29.206758, 0.0)
(28.121597, 29.184217, 0.0)
(28.096399, 29.133886, 0.0)
(28.141760, 29.084753, 0.0)
(28.144751, 29.037708, 0.0)
(28.130655, 29.048311, 0.0)
(28.125629, 29.071316, 0.0)
(28.093267, 29.060423, 0.0)
(28.200911, 29.038046, 0.0)
(28.136536, 29.060781, 0.0)
(28.141315, 29.027241, 0.0)
(28.143858, 29.008558, 0.0)
(28.100874, 29.020287, 0.0)
(28.134287, 28.999409, 0.0)
(28.109581, 28.997244, 0.0)
(30.878460, 28.306686, 0.0)
(33.623104, 28.090649, 0.0)
(35.816959, 28.822058, 0.0)
(37.051701, 30.592722, 0.0)
(36.780827, 31.814404, 0.0)
(36.615700, 32.002075, 0.0)
(36.602730, 31.932810, 0.0)
(36.655689, 31.905846, 0.0)
(36.694416, 31.899933, 0.0)
(36.633415, 31.882891, 0.0)
(36.661339, 31.850426, 0.0)
(36.657429, 31.820019, 0.0)
(36.513958, 31.750910, 0.0)
(36.766926, 31.465189, 0.0)
(36.844646, 31.574213, 0.0)
(36.707466, 31.866373, 0.0)
(36.750980, 31.921679, 0.0)
(36.809845, 31.924036, 0.0)
(36.847485, 31.942724, 0.0)
(36.852993, 31.905100, 0.0)
(36.852608, 31.902067, 0.0)
(36.838364, 31.885576, 0.0)
(36.854721, 31.873333, 0.0)
(36.674194, 31.825035, 0.0)
(36.634300, 31.706528, 0.0)
(36.644661, 31.697567, 0.0)
(36.562492, 31.656721, 0.0)
(36.418667, 31.669117, 0.0)
(36.909248, 33.414867, 0.0)
(37.346588, 33.700924, 0.0)
(36.612450, 31.974503, 0.0)
(36.489864, 31.846563, 0.0)
(36.512524, 31.967342, 0.0)
(36.504253, 31.996445, 0.0)
(36.589813, 31.927809, 0.0)
(36.563286, 31.906328, 0.0)
(36.565422, 31.877705, 0.0)
(36.540531, 31.887020, 0.0)
(36.513180, 31.869007, 0.0)
(32.945145, 34.278309, 0.0)
(29.800985, 36.816582, 0.0)
(28.975311, 37.704754, 0.0)
(29.374332, 37.794884, 0.0)
(29.338551, 37.737877, 0.0)
(29.299900, 37.747124, 0.0)
(29.239527, 37.737339, 0.0)
(29.251667, 37.747414, 0.0)
(29.244196, 37.729885, 0.0)
(30.022692, 37.824837, 0.0)
(31.443678, 38.201904, 0.0)
(31.471882, 38.228844, 0.0)
(31.461433, 38.219105, 0.0)
(31.541565, 38.117542, 0.0)
(32.118587, 38.101021, 0.0)
(34.290401, 38.041035, 0.0)
(34.529755, 38.000183, 0.0)
(34.700577, 37.910164, 0.0)
(34.822861, 37.875351, 0.0)
(36.115376, 38.199566, 0.0)
(36.808937, 38.217548, 0.0)
(37.004166, 38.162804, 0.0)
(37.262596, 38.082741, 0.0)
(37.397984, 38.089916, 0.0)
(38.298138, 38.200211, 0.0)
(38.810299, 38.156643, 0.0)
(38.883419, 38.155624, 0.0)
(39.015068, 38.133286, 0.0)
(39.091625, 38.130413, 0.0)
(39.340538, 38.142982, 0.0)
(40.410370, 38.379368, 0.0)
(40.543045, 38.357540, 0.0)
(40.641281, 38.347431, 0.0)
(40.705429, 38.343323, 0.0)
(40.860458, 38.368404, 0.0)
(42.319412, 38.500198, 0.0)
(42.667702, 38.480217, 0.0)
(42.729183, 38.465137, 0.0)
(42.764046, 38.465824, 0.0)
(42.803097, 38.424934, 0.0)
(43.237038, 38.448906, 0.0)
(43.591705, 38.447620, 0.0)
(43.792004, 38.369167, 0.0)
(43.950352, 38.234455, 0.0)
(44.141678, 38.173672, 0.0)
(44.651752, 38.032875, 0.0)
(44.772232, 37.715252, 0.0)
(44.769638, 37.702511, 0.0)
(44.735931, 37.737427, 0.0)
(44.731289, 37.693756, 0.0)
(44.705593, 37.651947, 0.0)
(44.664433, 37.550373, 0.0)
(44.652401, 37.424152, 0.0)
(44.636520, 37.283504, 0.0)
(44.555058, 37.223049, 0.0)
(43.139706, 37.034374, 0.0)
(43.046780, 36.909622, 0.0)
(42.959175, 36.828716, 0.0)
(42.879890, 36.752918, 0.0)
(42.715038, 36.626637, 0.0)
(42.623249, 36.525032, 0.0)
(42.420536, 36.475426, 0.0)
(41.493637, 36.991554, 0.0)
(41.281487, 37.020985, 0.0)
(41.110928, 36.987843, 0.0)
(40.831863, 36.889370, 0.0)
(40.446102, 36.829094, 0.0)
(38.768394, 36.801380, 0.0)
(38.457893, 36.698711, 0.0)
(38.274670, 36.704067, 0.0)
(38.099815, 36.675423, 0.0)
(37.925838, 36.639805, 0.0)
(36.586792, 36.744835, 0.0)
(36.012417, 36.858070, 0.0)
(35.849964, 36.875645, 0.0)
(35.703548, 36.795219, 0.0)
(35.541424, 36.827713, 0.0)
(35.332813, 36.812592, 0.0)
(32.776615, 37.078682, 0.0)
(32.819942, 37.065434, 0.0)
(32.849552, 37.034069, 0.0)
(32.707275, 37.008350, 0.0)
(32.641899, 37.026508, 0.0)
(32.602619, 36.987926, 0.0)
(32.493061, 36.941936, 0.0)
(32.414246, 36.941738, 0.0)
(30.684544, 37.231461, 0.0)
(30.820711, 37.162746, 0.0)
(30.774347, 37.097355, 0.0)
(30.745413, 37.090462, 0.0)
(30.668858, 37.062347, 0.0)
(29.788128, 37.339661, 0.0)
(29.197956, 37.330658, 0.0)
(29.120174, 37.321999, 0.0)
(29.028259, 37.322582, 0.0)
(28.972557, 37.298660, 0.0)
(28.859934, 37.315125, 0.0)
(28.782646, 37.317257, 0.0)
(28.753143, 37.268307, 0.0)
(28.713533, 37.263451, 0.0)
(28.629278, 37.230476, 0.0)
(28.231281, 36.845509, 0.0)
(28.220280, 36.656887, 0.0)
(28.267368, 36.554558, 0.0)
(28.298794, 36.396351, 0.0)
(28.396370, 36.283077, 0.0)
(28.484133, 36.223953, 0.0)
(28.561069, 36.167709, 0.0)
(30.315908, 36.401798, 0.0)
(30.335899, 36.652924, 0.0)
(30.442965, 36.563919, 0.0)
(30.655695, 36.405304, 0.0)
(30.936417, 36.355465, 0.0)
(31.204412, 36.285736, 0.0)
(31.464857, 36.212917, 0.0)
(31.692482, 36.192577, 0.0)
(31.970436, 36.185879, 0.0)
(32.218803, 36.121880, 0.0)
(32.428795, 36.052040, 0.0)
(33.647175, 36.400154, 0.0)
(34.607719, 36.963486, 0.0)
(34.860374, 36.996616, 0.0)
(35.147060, 36.960011, 0.0)
(35.416832, 36.941692, 0.0)
(35.724174, 36.958549, 0.0)
(37.220150, 36.830551, 0.0)
(37.488361, 36.813084, 0.0)
(37.732494, 36.818027, 0.0)
(37.939873, 36.828941, 0.0)
(38.135632, 36.817223, 0.0)
(38.953297, 36.947498, 0.0)
(39.708817, 37.064522, 0.0)
(39.915012, 37.022038, 0.0)
(40.088612, 37.033741, 0.0)
(40.265690, 37.063984, 0.0)
(40.380512, 37.049671, 0.0)
(40.489128, 37.064762, 0.0)
(40.832546, 37.166889, 0.0)
(41.715221, 37.283333, 0.0)
(41.865902, 37.260860, 0.0)
(41.974693, 37.292831, 0.0)
(42.095959, 37.242893, 0.0)
(42.188759, 37.229443, 0.0)
(42.905613, 37.228851, 0.0)
(43.093426, 37.248760, 0.0)
(43.155640, 37.279488, 0.0)
(43.270786, 37.272781, 0.0)
(43.937450, 37.403076, 0.0)
(44.085918, 37.255726, 0.0)
(44.023876, 37.246155, 0.0)
(43.993526, 37.239853, 0.0)
(43.988945, 37.278595, 0.0)
(44.021286, 37.267902, 0.0)
(43.999340, 37.240967, 0.0)
(44.009174, 37.217201, 0.0)
(44.030602, 37.143482, 0.0)
(44.013020, 37.055119, 0.0)
(43.993435, 36.966297, 0.0)
(43.882404, 36.825474, 0.0)
(43.853863, 36.644928, 0.0)
(43.253754, 36.625774, 0.0)
(42.989105, 36.577690, 0.0)
(42.917366, 36.542065, 0.0)
(42.731167, 36.525341, 0.0)
(42.560978, 36.456333, 0.0)
(41.368069, 36.470760, 0.0)
(41.135277, 36.496765, 0.0)
(40.943527, 36.426590, 0.0)
(40.728470, 36.351341, 0.0)
(40.578121, 36.288391, 0.0)
(39.466530, 36.185276, 0.0)
(38.545017, 36.028557, 0.0)
(38.307293, 35.987328, 0.0)
(37.819653, 35.949680, 0.0)
(35.595699, 35.851734, 0.0)
(35.360706, 35.791996, 0.0)
(35.165325, 35.734871, 0.0)
(35.062393, 35.627010, 0.0)
(34.994377, 35.580544, 0.0)
(34.836113, 35.559746, 0.0)
(34.689610, 35.506275, 0.0)
(34.582935, 35.480732, 0.0)
(34.465912, 35.406219, 0.0)
(34.277874, 35.398022, 0.0)
(34.033733, 35.433929, 0.0)
(33.696209, 35.507847, 0.0)
(32.109562, 35.972599, 0.0)
(31.950737, 36.111015, 0.0)
(31.804651, 36.092205, 0.0)
(31.638590, 36.121964, 0.0)
(31.490257, 36.084156, 0.0)
(31.391174, 36.029202, 0.0)
(31.277592, 35.928787, 0.0)
(30.172667, 36.225639, 0.0)
(28.937941, 36.345554, 0.0)
(28.752787, 36.318092, 0.0)
(28.731417, 36.255379, 0.0)
(28.692091, 36.208775, 0.0)
(28.601225, 36.189495, 0.0)
(28.493711, 36.172516, 0.0)
(28.472364, 36.136990, 0.0)
(28.402044, 36.169106, 0.0)
(28.319754, 36.104713, 0.0)
(27.887457, 36.091434, 0.0)
(27.789909, 36.078011, 0.0)
(27.830917, 36.060898, 0.0)
(27.810318, 36.020428, 0.0)
(27.856190, 35.935669, 0.0)
(27.880772, 35.877361, 0.0)
(27.866621, 35.786411, 0.0)
(27.925255, 35.704407, 0.0)
(28.052912, 35.639614, 0.0)
(28.152493, 35.554237, 0.0)
(28.461704, 35.487919, 0.0)
(28.999683, 35.602318, 0.0)
(29.280228, 35.506256, 0.0)
(29.542223, 35.409809, 0.0)
(29.824753, 35.340565, 0.0)
(30.202202, 35.241238, 0.0)
(31.159828, 35.379101, 0.0)
(31.552458, 35.353493, 0.0)
(31.895248, 35.336971, 0.0)
(32.142376, 35.309353, 0.0)
(32.453945, 35.261707, 0.0)
(32.797325, 35.242088, 0.0)
(33.104572, 35.152618, 0.0)
(34.560146, 35.381523, 0.0)
(34.865845, 35.412003, 0.0)
(35.093872, 35.369507, 0.0)
(35.361115, 35.318016, 0.0)
(35.615601, 35.314808, 0.0)
(37.167805, 35.350815, 0.0)
(37.599949, 35.379234, 0.0)
(37.764641, 35.392975, 0.0)
(37.994167, 35.378082, 0.0)
(38.184128, 35.373516, 0.0)
(38.445255, 35.372421, 0.0)
(38.642654, 35.379925, 0.0)
(39.298061, 35.531773, 0.0)
(40.170757, 35.708591, 0.0)
(40.370564, 35.750893, 0.0)
(40.485882, 35.767883, 0.0)
(40.654247, 35.804302, 0.0)
(40.845379, 35.840050, 0.0)
(40.996170, 35.806488, 0.0)
(41.175262, 35.880966, 0.0)
(42.088356, 36.068680, 0.0)
(42.347317, 36.171558, 0.0)
(42.478550, 36.194038, 0.0)
(42.616856, 36.229557, 0.0)
(42.736107, 36.230923, 0.0)
(43.608337, 36.416531, 0.0)
(43.862709, 36.427292, 0.0)
(43.948219, 36.426125, 0.0)
(44.033230, 36.511486, 0.0)
(44.066494, 36.521263, 0.0)
(44.131405, 36.494602, 0.0)
(44.161137, 36.525444, 0.0)
(44.158215, 36.474007, 0.0)
(44.213425, 36.431889, 0.0)
(44.221306, 36.406593, 0.0)
(44.194939, 36.360390, 0.0)
(44.178082, 36.276878, 0.0)
(44.227646, 36.209267, 0.0)
(44.158768, 36.073681, 0.0)
(44.052872, 35.968155, 0.0)
(43.132263, 35.713943, 0.0)
(43.032700, 35.664711, 0.0)
(42.965019, 35.650730, 0.0)
(42.810577, 35.529205, 0.0)
(42.698746, 35.429977, 0.0)
(41.555573, 35.329109, 0.0)
(41.235134, 35.215446, 0.0)
(41.019054, 35.126106, 0.0)
(40.899639, 35.074787, 0.0)
(40.723816, 34.911552, 0.0)
(39.900181, 34.774082, 0.0)
(38.983269, 34.522266, 0.0)
(38.772991, 34.563965, 0.0)
(38.580860, 34.519333, 0.0)
(38.400002, 34.435841, 0.0)
(38.224514, 34.370861, 0.0)
(36.971432, 34.316074, 0.0)
(36.901646, 34.323833, 0.0)
(36.701454, 34.362171, 0.0)
(36.529743, 34.358482, 0.0)
(36.360664, 34.380112, 0.0)
(34.954906, 34.374352, 0.0)
(34.137241, 34.442200, 0.0)
(33.919094, 34.460476, 0.0)
(33.750732, 34.370495, 0.0)
(33.549545, 34.312424, 0.0)
(33.375145, 34.262074, 0.0)
(33.178226, 34.286964, 0.0)
(31.493990, 34.560184, 0.0)
(31.148994, 34.584846, 0.0)
(30.967569, 34.613670, 0.0)
(30.766798, 34.630798, 0.0)
(30.624992, 34.638111, 0.0)
(30.445326, 34.650223, 0.0)
(28.979548, 35.033024, 0.0)
(28.766544, 35.017605, 0.0)
(28.627693, 34.992657, 0.0)
(28.534334, 34.971252, 0.0)
(28.410128, 34.943474, 0.0)
(28.277878, 34.956364, 0.0)
(28.157734, 35.010475, 0.0)
(27.263178, 35.299557, 0.0)
(26.948481, 35.273064, 0.0)
(26.851995, 35.180538, 0.0)
(26.838717, 35.124863, 0.0)
(26.826809, 35.047737, 0.0)
(26.812494, 35.003780, 0.0)
(26.800716, 34.948341, 0.0)
(26.888088, 34.792324, 0.0)
(26.996363, 34.679115, 0.0)
(27.099192, 34.582397, 0.0)
(27.213646, 34.471935, 0.0)
(27.343687, 34.371220, 0.0)
(27.683889, 34.323032, 0.0)
(28.572777, 34.454426, 0.0)
(28.849411, 34.377014, 0.0)
(29.170383, 34.308708, 0.0)
(29.545872, 34.242313, 0.0)
(30.028986, 34.131104, 0.0)
(30.762745, 34.254227, 0.0)
(31.057854, 34.182606, 0.0)
(31.340918, 34.170490, 0.0)
(31.634792, 34.118053, 0.0)
(32.261272, 34.089230, 0.0)
(32.801037, 34.064060, 0.0)
(32.960705, 34.061192, 0.0)
(33.266712, 34.059933, 0.0)
(33.524082, 34.089802, 0.0)
(34.511868, 34.107311, 0.0)
(34.994301, 34.120140, 0.0)
(35.273689, 34.151604, 0.0)
(35.654552, 34.115864, 0.0)
(36.029469, 34.087864, 0.0)
(36.365166, 34.053223, 0.0)
(37.832554, 34.174065, 0.0)
(38.156063, 34.235626, 0.0)
(38.360744, 34.245228, 0.0)
(38.596756, 34.269360, 0.0)
(38.840519, 34.318150, 0.0)
(39.929302, 34.529560, 0.0)
(40.124355, 34.595173, 0.0)
(40.264687, 34.621552, 0.0)
(40.471531, 34.671169, 0.0)
(40.629955, 34.653400, 0.0)
(41.490726, 34.965618, 0.0)
(41.994400, 35.110836, 0.0)
(42.198902, 35.137482, 0.0)
(42.383881, 35.136162, 0.0)
(42.544930, 35.120945, 0.0)
(42.759735, 35.158199, 0.0)
(43.652157, 35.373978, 0.0)
(43.910000, 35.440727, 0.0)
(43.982418, 35.457466, 0.0)
(44.095154, 35.439991, 0.0)
(44.232208, 35.490940, 0.0)
(44.839615, 35.767509, 0.0)
(44.696621, 35.560547, 0.0)
(44.711960, 35.517735, 0.0)
(44.705441, 35.494442, 0.0)
(44.621685, 35.413479, 0.0)
(44.587025, 35.355160, 0.0)
(44.524464, 35.291512, 0.0)
(44.476250, 35.195873, 0.0)
(44.371155, 35.079075, 0.0)
(44.328129, 35.024876, 0.0)
(44.243839, 34.923836, 0.0)
(43.155605, 34.599110, 0.0)
(43.141800, 34.609840, 0.0)
(43.080807, 34.567192, 0.0)
(43.009899, 34.381771, 0.0)
(42.351910, 34.111492, 0.0)
(41.792645, 33.941967, 0.0)
(41.580891, 33.968208, 0.0)
(41.327190, 33.982635, 0.0)
(41.118160, 33.920467, 0.0)
(40.940922, 33.890732, 0.0)
(39.652580, 33.586052, 0.0)
(39.448158, 33.483608, 0.0)
(39.259514, 33.495934, 0.0)
(39.087257, 33.440292, 0.0)
(37.024509, 33.245796, 0.0)
(36.722488, 33.279808, 0.0)
(36.530823, 33.294830, 0.0)
(36.338078, 33.235001, 0.0)
(36.240757, 33.214577, 0.0)
(36.079784, 33.208118, 0.0)
(35.894432, 33.176193, 0.0)
(35.760120, 33.174969, 0.0)
(35.421383, 33.234978, 0.0)
(33.663937, 33.460712, 0.0)
(33.407120, 33.444908, 0.0)
(33.201843, 33.429359, 0.0)
(33.046806, 33.415646, 0.0)
(32.921844, 33.420185, 0.0)
(32.799320, 33.414467, 0.0)
(32.688862, 33.436230, 0.0)
(31.406528, 33.807671, 0.0)
(31.138597, 33.846848, 0.0)
(30.967142, 33.867035, 0.0)
(30.821486, 33.824562, 0.0)
(30.683741, 33.798111, 0.0)
(30.295389, 33.889763, 0.0)
(28.227459, 34.271137, 0.0)
(28.029953, 33.957291, 0.0)
(28.028767, 33.831264, 0.0)
(27.970303, 33.818371, 0.0)
(27.840267, 33.856857, 0.0)
(27.636068, 33.923691, 0.0)
(27.432903, 34.031200, 0.0)
(27.366291, 34.053375, 0.0)
(27.391333, 34.025860, 0.0)
(27.461142, 33.946777, 0.0)
(27.518024, 33.871101, 0.0)
(27.596581, 33.770561, 0.0)
(27.694460, 33.618225, 0.0)
(27.757906, 33.510277, 0.0)
(27.911356, 33.397411, 0.0)
(27.973436, 33.361771, 0.0)
(28.079615, 33.241879, 0.0)
(29.145315, 33.201565, 0.0)
(29.342310, 33.155479, 0.0)
(29.561409, 33.033398, 0.0)
(29.861980, 32.933964, 0.0)
(30.222477, 32.897045, 0.0)
(30.551498, 32.821022, 0.0)
(30.970301, 32.737579, 0.0)
(31.384398, 32.725723, 0.0)
(32.298496, 33.087921, 0.0)
(32.633888, 33.084183, 0.0)
(32.958889, 33.016529, 0.0)
(33.336926, 33.001102, 0.0)
(33.651669, 32.924328, 0.0)
(34.005486, 32.862988, 0.0)
(34.240574, 32.819290, 0.0)
(34.618206, 32.802002, 0.0)
(35.826244, 32.883049, 0.0)
(36.149052, 32.869095, 0.0)
(36.377392, 32.851658, 0.0)
(36.664219, 32.856121, 0.0)
(37.620022, 33.015030, 0.0)
(38.672314, 33.194962, 0.0)
(38.961422, 33.212543, 0.0)
(39.118950, 33.204311, 0.0)
(39.287552, 33.162392, 0.0)
(39.634037, 33.216141, 0.0)
(40.823223, 33.544781, 0.0)
(40.740128, 33.503437, 0.0)
(40.785645, 33.504501, 0.0)
(40.930908, 33.551670, 0.0)
(41.006279, 33.566151, 0.0)
(42.142300, 34.002693, 0.0)
(43.243408, 34.461864, 0.0)
(43.377422, 34.457661, 0.0)
(43.434669, 34.466869, 0.0)
(43.471779, 34.532837, 0.0)
(43.595837, 34.536438, 0.0)
(43.633583, 34.562286, 0.0)
(44.584766, 35.194454, 0.0)
(44.499859, 34.938282, 0.0)
(44.514835, 34.955078, 0.0)
(44.575886, 34.964458, 0.0)
(44.582027, 34.956707, 0.0)
(44.611217, 34.968567, 0.0)
(44.620766, 34.947754, 0.0)
(44.643570, 34.912277, 0.0)
(44.623444, 34.904293, 0.0)
(44.605282, 34.831375, 0.0)
(43.937630, 34.196774, 0.0)
(44.253983, 34.324787, 0.0)
(44.230488, 34.263584, 0.0)
(44.067665, 34.161526, 0.0)
(43.993095, 34.122272, 0.0)
(43.294842, 33.927402, 0.0)
(43.189167, 33.960152, 0.0)
(41.885746, 33.600700, 0.0)
(41.765961, 33.567673, 0.0)
(41.702190, 33.558128, 0.0)
(41.528511, 33.499378, 0.0)
(41.391891, 33.432819, 0.0)
(41.152191, 33.356564, 0.0)
(41.036564, 33.331444, 0.0)
(40.877380, 33.277760, 0.0)
(39.516075, 32.728745, 0.0)
(39.327656, 32.652901, 0.0)
(39.196831, 32.623680, 0.0)
(39.048893, 32.586960, 0.0)
(38.794998, 32.508659, 0.0)
(37.289307, 32.283867, 0.0)
(37.037693, 32.257145, 0.0)
(36.889984, 32.219223, 0.0)
(36.670300, 32.113407, 0.0)
(36.516575, 32.079273, 0.0)
(34.833065, 32.116768, 0.0)
(34.286259, 32.201836, 0.0)
(34.127857, 32.189148, 0.0)
(33.977798, 32.205956, 0.0)
(33.764820, 32.214817, 0.0)
(33.627934, 32.259647, 0.0)
(33.428814, 32.265030, 0.0)
(32.908123, 32.381710, 0.0)
(31.778778, 32.676861, 0.0)
(31.493685, 32.683624, 0.0)
(31.209095, 32.687859, 0.0)
(30.946770, 32.737148, 0.0)
(30.643742, 32.803474, 0.0)
(29.757530, 33.112843, 0.0)
(28.055035, 33.655182, 0.0)
(27.894518, 33.674137, 0.0)
(27.821217, 33.646225, 0.0)
(27.783625, 33.668766, 0.0)
(27.769245, 33.642754, 0.0)
(27.713789, 33.627560, 0.0)
(27.632055, 33.589657, 0.0)
(27.633646, 33.528049, 0.0)
(27.597218, 33.429169, 0.0)
(27.639816, 33.295132, 0.0)
(27.613131, 33.232418, 0.0)
(27.554728, 33.228306, 0.0)
(27.669794, 33.230503, 0.0)
(27.725134, 33.209282, 0.0)
(27.800230, 33.214252, 0.0)
(27.899193, 33.157154, 0.0)
(27.993568, 33.114948, 0.0)
(28.120777, 33.030991, 0.0)
(28.256193, 32.920357, 0.0)
(28.443281, 32.836540, 0.0)
(28.592125, 32.801441, 0.0)
(29.625999, 32.610146, 0.0)
(29.865030, 32.575836, 0.0)
(30.071114, 32.547749, 0.0)
(30.379593, 32.470158, 0.0)
(30.662943, 32.370384, 0.0)
(31.722025, 32.275829, 0.0)
(32.120937, 32.088066, 0.0)
(32.409500, 31.994230, 0.0)
(32.759155, 31.907473, 0.0)
(33.077011, 31.844563, 0.0)
(33.805698, 31.821447, 0.0)
(34.578632, 31.760098, 0.0)
(34.875656, 31.689316, 0.0)
(35.142117, 31.658091, 0.0)
(35.471889, 31.590639, 0.0)
(35.829655, 31.525564, 0.0)
(37.132118, 31.677130, 0.0)
(37.425888, 31.685394, 0.0)
(37.731262, 31.634687, 0.0)
(37.979065, 31.611742, 0.0)
(38.284645, 31.658400, 0.0)
(38.512306, 31.692760, 0.0)
(38.769753, 31.713705, 0.0)
(39.511883, 31.962772, 0.0)
(40.629379, 32.218082, 0.0)
(40.848232, 32.203934, 0.0)
(41.014362, 32.175453, 0.0)
(41.370697, 32.218891, 0.0)
(42.954651, 32.871258, 0.0)
(43.097168, 32.870018, 0.0)
(43.203636, 32.917873, 0.0)
(43.346924, 32.952835, 0.0)
(43.430290, 32.943859, 0.0)
(43.511745, 32.971554, 0.0)
(43.559406, 33.009300, 0.0)
(44.273228, 33.286678, 0.0)
(44.558548, 33.491631, 0.0)
(44.570988, 33.555847, 0.0)
(44.625992, 33.622791, 0.0)
(44.608574, 33.650700, 0.0)
(44.628323, 33.651463, 0.0)
(44.570671, 33.674072, 0.0)
(44.587711, 33.698055, 0.0)
(44.667213, 33.597008, 0.0)
(44.599304, 33.532818, 0.0)
(44.623428, 33.317219, 0.0)
(44.465714, 33.213627, 0.0)
(44.433636, 32.989647, 0.0)
(44.231430, 32.759277, 0.0)
(44.064964, 32.768520, 0.0)
(43.422916, 32.656113, 0.0)
(43.126690, 32.525108, 0.0)
(43.105919, 32.499001, 0.0)
(43.074379, 32.356689, 0.0)
(42.931389, 32.157860, 0.0)
(42.478043, 31.927961, 0.0)
(41.696133, 31.629923, 0.0)
(41.556984, 31.551182, 0.0)
(41.395840, 31.494722, 0.0)
(41.276546, 31.529757, 0.0)
(40.759037, 31.481781, 0.0)
(38.920189, 31.049036, 0.0)
(38.765881, 30.999752, 0.0)
(38.648651, 30.879799, 0.0)
(38.545422, 30.826853, 0.0)
(38.429722, 30.803946, 0.0)
(38.303352, 30.765310, 0.0)
(38.142330, 30.737000, 0.0)
(37.423000, 30.808891, 0.0)
(36.055519, 30.815033, 0.0)
(35.774193, 30.763771, 0.0)
(35.644192, 30.728123, 0.0)
(35.424725, 30.713198, 0.0)
(35.231522, 30.685966, 0.0)
(34.998962, 30.667238, 0.0)
(34.831581, 30.677046, 0.0)
(33.339996, 30.966356, 0.0)
(32.769741, 31.098352, 0.0)
(32.626141, 31.098015, 0.0)
(32.458908, 31.086666, 0.0)
(32.241390, 31.080135, 0.0)
(31.961294, 31.138462, 0.0)
(29.199146, 32.013374, 0.0)
(29.079758, 31.945667, 0.0)
(29.026718, 31.954529, 0.0)
(28.989998, 31.940670, 0.0)
(28.897284, 31.918447, 0.0)
(28.856440, 31.899117, 0.0)
(28.826845, 31.891188, 0.0)
(28.787304, 31.869894, 0.0)
(28.787224, 31.837843, 0.0)
(27.977118, 32.156551, 0.0)
(27.850731, 32.056747, 0.0)
(27.844810, 31.927572, 0.0)
(27.845690, 31.909311, 0.0)
(27.849346, 31.878050, 0.0)
(27.849606, 31.852011, 0.0)
(27.867996, 31.849218, 0.0)
(28.327316, 31.501112, 0.0)
(28.520548, 31.371101, 0.0)
(28.271940, 31.490435, 0.0)
(28.410517, 31.398024, 0.0)
(28.587406, 31.301310, 0.0)
(28.841745, 31.167059, 0.0)
(29.478184, 31.227993, 0.0)
(29.673172, 31.214798, 0.0)
(30.037325, 31.085054, 0.0)
(30.592653, 31.128569, 0.0)
(30.899607, 31.077084, 0.0)
(31.199574, 30.951778, 0.0)
(31.537247, 30.839437, 0.0)
(31.842220, 30.688595, 0.0)
(33.228298, 30.498735, 0.0)
(33.614468, 30.449253, 0.0)
(33.869324, 30.371265, 0.0)
(34.093674, 30.330908, 0.0)
(34.401421, 30.282688, 0.0)
(36.986240, 30.331654, 0.0)
(37.245090, 30.296867, 0.0)
(37.546837, 30.293037, 0.0)
(37.760799, 30.271608, 0.0)
(37.907795, 30.229902, 0.0)
(40.021355, 30.658630, 0.0)
(40.436157, 30.773344, 0.0)
(40.663246, 30.796198, 0.0)
(40.714325, 30.852106, 0.0)
(40.812325, 30.921713, 0.0)
(40.872219, 30.939411, 0.0)
(40.892181, 30.971750, 0.0)
(40.974216, 30.959629, 0.0)
(41.042706, 30.983122, 0.0)
(41.130386, 30.984118, 0.0)
(43.099075, 32.005398, 0.0)
(43.777443, 32.392555, 0.0)
(43.879837, 32.434994, 0.0)
(43.904945, 32.419373, 0.0)
(43.884533, 32.464626, 0.0)
(43.957245, 32.437946, 0.0)
(44.005314, 32.450264, 0.0)
(44.074787, 32.374550, 0.0)
(44.119366, 32.383461, 0.0)
(44.485249, 32.743641, 0.0)
(44.659206, 32.929199, 0.0)
(44.648426, 32.908783, 0.0)
(44.692108, 32.856491, 0.0)
(44.729771, 32.855385, 0.0)
(44.729401, 32.780930, 0.0)
(44.429157, 32.474670, 0.0)
(44.335812, 32.341026, 0.0)
(44.393063, 32.332561, 0.0)
(44.401119, 32.300457, 0.0)
(44.384499, 32.293888, 0.0)
(44.367851, 32.258160, 0.0)
(44.338413, 32.187763, 0.0)
(44.233784, 32.056751, 0.0)
(44.209377, 31.999317, 0.0)
(43.153534, 31.466469, 0.0)
(43.085171, 31.428650, 0.0)
(43.011887, 31.307278, 0.0)
(42.914852, 31.233135, 0.0)
(42.649792, 31.114998, 0.0)
(42.365498, 31.009647, 0.0)
(40.989399, 30.563665, 0.0)
(40.769783, 30.526260, 0.0)
(40.581676, 30.416235, 0.0)
(40.369942, 30.374203, 0.0)
(40.216042, 30.272497, 0.0)
(39.418411, 30.118212, 0.0)
(37.942600, 29.592241, 0.0)
(37.671635, 29.606703, 0.0)
(37.196098, 29.575872, 0.0)
(37.028641, 29.509762, 0.0)
(36.793209, 29.511019, 0.0)
(36.732521, 29.330114, 0.0)
(36.649704, 29.463459, 0.0)
(36.433453, 29.537071, 0.0)
(36.376965, 29.527782, 0.0)
(36.311733, 29.502024, 0.0)
(36.142124, 29.495457, 0.0)
(32.480927, 30.097857, 0.0)
(30.898954, 30.551273, 0.0)
(30.381962, 30.721518, 0.0)
(30.260683, 30.646276, 0.0)
(30.168114, 30.639982, 0.0)
(30.041864, 30.681177, 0.0)
(29.941305, 30.716555, 0.0)
(29.822151, 30.685909, 0.0)
(29.682386, 30.700727, 0.0)
(29.583136, 30.721418, 0.0)
(29.473181, 30.705919, 0.0)
(29.321507, 30.718832, 0.0)
(29.225027, 30.743534, 0.0)
(29.192469, 30.722113, 0.0)
(29.104210, 30.751726, 0.0)
(29.004536, 30.780432, 0.0)
(28.943750, 30.794752, 0.0)
(28.870338, 30.772524, 0.0)
(28.825375, 30.800373, 0.0)
(28.757589, 30.801268, 0.0)
(28.740627, 30.773447, 0.0)
(28.747837, 30.742142, 0.0)
(28.748064, 30.737000, 0.0)
(28.755564, 30.694124, 0.0)
(28.785311, 30.687862, 0.0)
(28.870668, 30.609924, 0.0)
(28.668585, 30.602125, 0.0)
(28.705191, 30.497818, 0.0)
(28.968327, 30.332109, 0.0)
(29.108055, 30.267241, 0.0)
(29.265028, 30.151909, 0.0)
(29.802174, 30.017748, 0.0)
(29.999634, 29.932407, 0.0)
(31.162832, 29.612333, 0.0)
(31.384432, 29.516720, 0.0)
(31.300467, 29.550003, 0.0)
(31.737156, 29.508430, 0.0)
(31.928526, 29.448338, 0.0)
(32.119720, 29.381445, 0.0)
(32.294289, 29.321299, 0.0)
(33.155487, 29.191032, 0.0)
(33.805199, 29.169649, 0.0)
(33.974026, 29.110617, 0.0)
(34.519089, 29.026751, 0.0)
(36.782059, 29.097486, 0.0)
(37.045574, 29.038424, 0.0)
(37.254948, 29.027073, 0.0)
(37.379436, 29.024874, 0.0)
(38.835194, 29.263075, 0.0)
(40.558258, 29.885521, 0.0)
(40.501781, 29.764515, 0.0)
(40.545666, 29.726175, 0.0)
(40.707462, 29.764103, 0.0)
(40.745960, 29.761055, 0.0)
(40.960407, 29.913029, 0.0)
(40.459217, 29.642086, 0.0)
(39.989868, 29.538462, 0.0)
(40.527462, 29.730669, 0.0)
(40.905708, 29.938202, 0.0)
(41.007278, 29.966692, 0.0)
(41.178078, 29.994835, 0.0)
(43.138409, 31.124695, 0.0)
(43.864857, 31.688030, 0.0)
(43.953449, 31.654974, 0.0)
(43.929878, 31.663712, 0.0)
(43.964485, 31.697134, 0.0)
(43.990089, 31.682318, 0.0)
(44.030018, 31.638548, 0.0)
(44.056343, 31.624794, 0.0)
(44.061630, 31.611401, 0.0)
(44.143276, 31.633007, 0.0)
(44.139584, 31.661434, 0.0)
(44.191856, 31.680552, 0.0)
(44.191452, 31.673782, 0.0)
(44.194950, 31.674070, 0.0)
(44.226013, 31.669949, 0.0)
(44.161362, 31.623859, 0.0)
(44.194088, 31.577898, 0.0)
(44.160820, 31.497137, 0.0)
(44.094090, 31.350000, 0.0)
(44.016270, 31.295933, 0.0)
(43.528168, 30.981474, 0.0)
(43.428528, 30.787096, 0.0)
(43.006760, 30.538717, 0.0)
(42.243713, 30.306614, 0.0)
(41.928223, 30.234995, 0.0)
(41.765141, 30.111723, 0.0)
(41.649532, 30.017447, 0.0)
(41.495865, 29.961071, 0.0)
(41.210945, 29.692690, 0.0)
(41.139942, 29.716537, 0.0)
(41.015770, 29.665724, 0.0)
(40.875809, 29.596102, 0.0)
(39.585751, 28.992992, 0.0)
(38.918736, 28.920036, 0.0)
(38.222382, 28.817673, 0.0)
(36.939240, 28.723116, 0.0)
(35.999409, 28.765602, 0.0)
(35.973122, 28.850605, 0.0)
(35.837273, 28.878620, 0.0)
(35.626911, 28.895266, 0.0)
(35.522160, 28.853458, 0.0)
(35.487495, 28.834017, 0.0)
(35.375324, 28.831869, 0.0)
(35.210011, 28.735546, 0.0)
(35.133118, 28.699053, 0.0)
(35.013260, 28.651585, 0.0)
(34.894493, 28.617563, 0.0)
(34.765430, 28.585579, 0.0)
(33.286686, 28.740934, 0.0)
(32.977257, 28.726393, 0.0)
(31.900417, 29.122295, 0.0)
(30.766859, 29.401907, 0.0)
(30.648394, 29.196144, 0.0)
(30.249258, 29.485779, 0.0)
(30.140963, 29.680304, 0.0)
(30.100006, 29.726362, 0.0)
(29.998093, 29.729948, 0.0)
(29.947977, 29.742012, 0.0)
(29.820442, 29.779015, 0.0)
(29.726746, 29.822620, 0.0)
(29.689936, 29.846226, 0.0)
(29.243908, 29.865778, 0.0)
(29.151711, 29.841600, 0.0)
(29.106913, 29.788385, 0.0)
(29.133595, 29.739861, 0.0)
(29.127470, 29.721148, 0.0)
(29.141121, 29.673273, 0.0)
(29.156042, 29.651005, 0.0)
(29.160944, 29.664583, 0.0)
(29.194315, 29.623892, 0.0)
(29.278282, 29.579344, 0.0)
(29.309530, 29.607418, 0.0)
(29.266397, 29.557289, 0.0)
(29.507660, 29.646637, 0.0)
(29.290779, 29.684875, 0.0)
(29.451418, 29.559748, 0.0)
(29.600281, 29.505550, 0.0)
(29.808804, 29.346369, 0.0)
(29.988363, 28.728441, 0.0)
(30.421526, 28.490839, 0.0)
(31.265011, 28.577457, 0.0)
(31.662025, 28.651773, 0.0)
(31.920094, 28.564829, 0.0)
(32.147167, 28.509190, 0.0)
(32.380600, 28.449499, 0.0)
(33.440525, 28.367262, 0.0)
(33.725086, 28.333328, 0.0)
(33.935604, 28.325497, 0.0)
(34.142933, 28.292595, 0.0)
(34.359489, 28.270731, 0.0)
(35.998898, 28.329271, 0.0)
(36.259289, 28.287363, 0.0)
(36.442757, 28.188919, 0.0)
(36.617199, 28.191977, 0.0)
(36.824154, 28.160421, 0.0)
(37.017017, 28.139107, 0.0)
(37.156010, 28.125780, 0.0)
(38.816265, 28.244225, 0.0)
(39.165791, 28.227972, 0.0)
(39.262054, 28.216854, 0.0)
(39.444355, 28.228003, 0.0)
(39.568535, 28.243835, 0.0)
(40.317322, 28.548542, 0.0)
(41.897964, 29.387482, 0.0)
(42.078251, 29.431683, 0.0)
(42.129570, 29.510609, 0.0)
(42.135742, 29.564274, 0.0)
(42.227703, 29.607443, 0.0)
(43.358459, 30.114872, 0.0)
(43.715351, 30.394650, 0.0)
(43.608006, 30.376034, 0.0)
(43.631256, 30.386234, 0.0)
(43.664059, 30.440336, 0.0)
(43.642410, 30.464489, 0.0)
(43.681465, 30.510389, 0.0)
(43.710484, 30.506554, 0.0)
(43.813057, 30.466141, 0.0)
(43.809299, 30.489374, 0.0)
(43.862495, 30.497829, 0.0)
(43.892113, 30.484472, 0.0)
(43.880333, 30.478586, 0.0)
(43.886253, 30.463604, 0.0)
(43.851784, 30.417936, 0.0)
(43.775352, 30.294298, 0.0)
(43.611252, 30.048000, 0.0)
(43.552505, 29.996065, 0.0)
(43.514526, 29.906693, 0.0)
(43.444225, 29.931030, 0.0)
(42.393234, 29.429993, 0.0)
(41.465923, 28.994698, 0.0)
(41.437405, 29.072319, 0.0)
(41.076393, 28.955807, 0.0)
(40.964611, 28.882277, 0.0)
(40.910149, 28.795004, 0.0)
(40.819492, 28.746460, 0.0)
(40.665394, 28.710430, 0.0)
(40.428806, 28.630083, 0.0)
(39.842251, 28.206131, 0.0)
(38.908096, 27.947376, 0.0)
(38.552677, 28.013582, 0.0)
(38.429253, 27.923964, 0.0)
(38.346733, 27.885265, 0.0)
(38.227043, 27.809696, 0.0)
(38.139683, 27.829256, 0.0)
(37.912083, 27.804474, 0.0)
(36.510643, 27.769440, 0.0)
(36.274456, 27.762747, 0.0)
(36.085850, 27.692759, 0.0)
(36.004784, 27.611753, 0.0)
(35.887741, 27.574278, 0.0)
(35.017193, 27.691025, 0.0)
(34.110783, 27.794603, 0.0)
(33.899326, 27.801485, 0.0)
(33.785431, 27.815384, 0.0)
(33.627918, 27.818268, 0.0)
(33.524536, 27.825848, 0.0)
(33.438763, 27.816545, 0.0)
(33.375847, 27.818283, 0.0)
(31.643476, 28.454670, 0.0)
(30.891420, 28.684391, 0.0)
(30.716095, 28.698256, 0.0)
(30.631876, 28.697735, 0.0)
(30.491413, 28.729553, 0.0)
(30.384247, 28.769163, 0.0)
(30.309242, 28.805681, 0.0)
(30.175301, 28.830334, 0.0)
(28.502735, 29.587635, 0.0)
(28.383718, 29.530743, 0.0)
(28.368826, 29.460938, 0.0)
(28.341259, 29.406784, 0.0)
(28.357248, 29.373331, 0.0)
(28.342772, 29.380787, 0.0)
(28.342367, 29.381510, 0.0)
(28.349255, 29.380743, 0.0)
(28.375618, 29.380980, 0.0)
(28.384315, 29.354401, 0.0)
(28.474791, 29.279091, 0.0)
(28.520334, 29.231314, 0.0)
(28.546532, 29.230837, 0.0)
(28.953569, 28.697392, 0.0)
(29.247778, 28.673044, 0.0)
(29.758043, 28.532352, 0.0)
(29.967966, 28.434042, 0.0)
(30.130608, 28.319389, 0.0)
(30.313822, 28.248110, 0.0)
(30.496630, 28.168530, 0.0)
(30.724213, 28.084055, 0.0)
(31.488094, 27.775879, 0.0)
(33.188511, 27.387676, 0.0)
(33.802174, 27.564800, 0.0)
(33.851734, 27.732681, 0.0)
(33.998917, 27.644712, 0.0)
(34.193256, 27.543726, 0.0)
(34.425461, 27.504530, 0.0)
(34.590893, 27.491121, 0.0)
(34.826942, 27.455603, 0.0)
(35.028923, 27.437389, 0.0)
(35.260353, 27.377413, 0.0)
(36.399414, 27.432949, 0.0)
(36.776123, 27.403028, 0.0)
(37.014442, 27.370949, 0.0)
(37.232010, 27.337488, 0.0)
(37.415237, 27.335323, 0.0)
(37.824909, 27.402996, 0.0)
(40.179081, 28.175785, 0.0)
(40.359367, 28.188110, 0.0)
(40.445587, 28.190693, 0.0)
(40.591808, 28.237637, 0.0)
(40.687771, 28.199854, 0.0)
(40.843803, 28.187559, 0.0)
(40.978958, 28.209150, 0.0)
(41.079384, 28.233063, 0.0)
(41.240963, 28.297588, 0.0)
(41.680256, 28.484398, 0.0)
(42.840652, 29.194294, 0.0)
(42.966873, 29.244167, 0.0)
(43.051170, 29.228725, 0.0)
(43.191601, 29.253466, 0.0)
(43.234615, 29.257465, 0.0)
(43.256714, 29.277639, 0.0)
(43.299831, 29.291847, 0.0)
(43.667408, 29.466606, 0.0)
(43.606384, 29.219736, 0.0)
(43.618969, 29.176235, 0.0)
(43.636158, 29.198175, 0.0)
(43.627678, 29.175308, 0.0)
(43.662350, 29.121933, 0.0)
(43.643181, 29.123941, 0.0)
(43.451427, 28.958858, 0.0)
(43.728325, 29.279488, 0.0)
(43.719269, 29.223566, 0.0)
(43.703903, 29.180651, 0.0)
(43.676960, 29.148132, 0.0)
(43.547741, 29.078684, 0.0)
(43.479214, 29.021585, 0.0)
(43.381557, 28.968025, 0.0)
(41.897293, 28.251009, 0.0)
(41.736317, 28.169992, 0.0)
(41.629894, 28.126480, 0.0)
(41.413921, 28.097837, 0.0)
(40.308689, 27.722275, 0.0)
(39.155876, 27.330557, 0.0)
(38.654854, 27.263330, 0.0)
(38.519783, 27.191999, 0.0)
(38.431324, 27.126431, 0.0)
(38.348492, 27.090172, 0.0)
(38.249474, 27.005938, 0.0)
(38.133747, 26.970488, 0.0)
(37.938087, 26.945982, 0.0)
(37.841328, 26.950127, 0.0)
(37.718567, 26.951878, 0.0)
(37.195484, 27.010283, 0.0)
(36.239700, 27.100960, 0.0)
(36.074585, 27.084475, 0.0)
(35.944176, 27.025181, 0.0)
(35.835052, 26.995071, 0.0)
(34.644154, 27.141266, 0.0)
(34.325062, 27.167549, 0.0)
(34.159283, 27.130684, 0.0)
(32.889912, 27.368650, 0.0)
(31.682808, 27.735683, 0.0)
(31.557789, 27.855276, 0.0)
(30.905008, 28.136187, 0.0)
(30.313801, 28.248095, 0.0)
(30.298357, 27.640774, 0.0)
(30.568230, 27.591665, 0.0)
(30.621082, 27.860226, 0.0)
(30.491308, 28.084513, 0.0)
(30.443684, 28.180431, 0.0)
(30.409592, 28.182186, 0.0)
(30.383926, 28.185457, 0.0)
(30.306372, 28.174105, 0.0)
(29.327600, 28.694193, 0.0)
(29.171888, 28.772470, 0.0)
(29.140436, 28.764450, 0.0)
(29.132034, 28.759470, 0.0)
(29.091059, 28.753386, 0.0)
(29.121609, 28.703089, 0.0)
(29.101063, 28.693502, 0.0)
(29.131235, 28.663532, 0.0)
(29.083181, 28.668987, 0.0)
(29.148180, 28.608870, 0.0)
(29.199951, 28.569048, 0.0)
(29.209106, 28.520510, 0.0)
(29.268782, 28.494347, 0.0)
(29.267267, 28.444010, 0.0)
(29.404276, 28.405249, 0.0)
(29.495373, 28.319818, 0.0)
(29.602142, 28.238649, 0.0)
(30.278847, 27.963736, 0.0)
(30.598341, 27.814781, 0.0)
(30.723518, 27.755802, 0.0)
(30.905643, 27.627413, 0.0)
(31.153679, 27.550665, 0.0)
(31.418726, 27.426216, 0.0)
(32.799377, 27.142107, 0.0)
(33.111382, 26.989159, 0.0)
(33.349728, 26.934900, 0.0)
(33.637218, 26.837072, 0.0)
(33.838276, 26.760056, 0.0)
(34.056629, 26.733620, 0.0)
(34.338531, 26.678875, 0.0)
(35.729561, 26.869040, 0.0)
(36.006863, 26.841818, 0.0)
(36.212029, 26.824514, 0.0)
(37.652355, 26.999634, 0.0)
(37.990913, 27.069118, 0.0)
(38.232624, 27.036898, 0.0)
(38.360554, 26.967445, 0.0)
(38.543934, 26.948675, 0.0)
(38.685833, 26.916176, 0.0)
(39.190311, 27.012772, 0.0)
(40.584084, 27.341251, 0.0)
(40.711243, 27.365162, 0.0)
(40.806000, 27.393066, 0.0)
(40.849312, 27.380350, 0.0)
(42.139374, 28.058794, 0.0)
(42.370529, 28.170069, 0.0)
(42.392826, 28.186220, 0.0)
(42.439671, 28.126629, 0.0)
(42.484230, 28.129173, 0.0)
(43.580864, 29.019310, 0.0)
(43.901840, 29.418177, 0.0)
(43.902454, 29.454397, 0.0)
(43.894478, 29.484774, 0.0)
(43.904922, 29.477179, 0.0)
(43.894478, 29.461475, 0.0)
(43.928352, 29.456917, 0.0)
(44.277306, 29.759207, 0.0)
(44.280804, 29.719753, 0.0)
(44.314243, 29.687630, 0.0)
(44.275497, 29.689701, 0.0)
(44.286743, 29.702038, 0.0)
(44.243919, 29.717766, 0.0)
(44.241150, 29.739574, 0.0)
(44.272137, 29.732208, 0.0)
(44.207691, 29.676456, 0.0)
(44.198063, 29.647388, 0.0)
(44.131020, 29.729389, 0.0)
(44.477417, 30.711845, 0.0)
(44.540264, 31.556078, 0.0)
(44.411076, 31.567156, 0.0)
(44.406055, 31.488127, 0.0)
(44.370071, 31.559298, 0.0)
(44.193863, 31.614256, 0.0)
(44.436413, 32.471611, 0.0)
(44.560665, 32.705498, 0.0)
(44.434990, 32.721642, 0.0)
(44.516979, 33.391670, 0.0)
(44.599434, 33.631794, 0.0)
(44.609295, 33.675373, 0.0)
(44.596504, 33.664089, 0.0)
(44.608212, 33.689240, 0.0)
(44.619946, 33.694817, 0.0)
(44.619541, 33.707508, 0.0)
(44.598923, 33.705521, 0.0)
(44.600918, 33.839809, 0.0)
(44.737228, 35.161095, 0.0)
(44.601482, 35.395882, 0.0)
(44.585030, 35.261711, 0.0)
(44.631760, 35.256516, 0.0)
(44.663425, 35.289948, 0.0)
(44.671299, 35.310322, 0.0)
(44.643349, 35.362713, 0.0)
(44.667145, 35.366291, 0.0)
(45.025581, 36.924847, 0.0)
(45.029671, 38.400341, 0.0)
(44.725384, 38.258148, 0.0)
(44.680393, 38.216026, 0.0)
(44.703121, 38.216831, 0.0)
(44.678429, 38.208687, 0.0)
(44.665993, 38.226170, 0.0)
(44.671234, 38.231995, 0.0)
(44.678951, 38.203773, 0.0)
(44.654324, 38.190395, 0.0)
(44.615726, 38.171185, 0.0)
(44.676701, 38.103561, 0.0)
(44.723652, 38.064503, 0.0)
(44.722973, 38.043629, 0.0)
(44.693382, 38.063946, 0.0)
(44.669720, 38.126156, 0.0)
(44.702187, 38.153542, 0.0)
(44.677338, 38.152939, 0.0)
(44.704308, 38.119633, 0.0)
(44.685017, 38.096123, 0.0)
(44.672092, 38.070801, 0.0)
(44.696415, 38.022861, 0.0)
(44.650600, 38.035656, 0.0)
(43.800037, 38.215187, 0.0)
(43.682133, 38.384212, 0.0)
(43.645565, 38.367462, 0.0)
(43.606491, 38.252731, 0.0)
(43.524689, 38.125950, 0.0)
(44.162113, 37.285713, 0.0)
(44.201157, 37.088390, 0.0)
(44.224907, 36.940418, 0.0)
(44.234547, 36.751591, 0.0)
(44.222221, 36.570190, 0.0)
(44.552441, 36.117428, 0.0)
(44.568878, 35.983757, 0.0)
(44.575623, 35.852451, 0.0)
(44.584270, 35.691349, 0.0)
(44.583179, 35.522770, 0.0)
(44.661221, 34.965218, 0.0)
(44.665783, 34.744514, 0.0)
(44.650471, 34.604961, 0.0)
(44.628300, 34.514381, 0.0)
(44.627918, 34.395481, 0.0)
(44.632961, 34.075428, 0.0)
(44.575523, 33.661957, 0.0)
(44.587940, 33.552055, 0.0)
(44.539928, 33.337894, 0.0)
(44.406796, 32.729500, 0.0)
(44.425812, 32.662197, 0.0)
(44.451210, 32.591038, 0.0)
(44.421288, 32.543953, 0.0)
(44.253723, 32.331036, 0.0)
(44.435230, 32.238926, 0.0)
(44.391220, 31.992996, 0.0)
(44.364403, 31.797991, 0.0)
(44.368420, 31.782318, 0.0)
(44.346081, 31.694899, 0.0)
(44.376720, 31.676628, 0.0)
(44.377373, 31.666666, 0.0)
(44.297859, 31.497919, 0.0)
(44.212433, 31.338778, 0.0)
(44.206470, 31.251102, 0.0)
(44.224834, 31.215542, 0.0)
(44.214924, 31.194637, 0.0)
(44.069008, 30.534834, 0.0)
(44.049339, 30.372778, 0.0)
(44.041359, 30.347803, 0.0)
(44.011322, 30.307152, 0.0)
(44.001362, 30.300013, 0.0)
(44.004417, 30.269812, 0.0)
(43.981457, 30.249004, 0.0)
(43.959206, 30.198530, 0.0)
(43.932686, 30.187342, 0.0)
(43.920979, 30.170593, 0.0)
(43.907223, 30.154625, 0.0)
(43.577694, 29.916512, 0.0)
(43.359825, 29.638077, 0.0)
(43.339973, 29.593163, 0.0)
(43.333473, 29.567057, 0.0)
(43.348312, 29.563038, 0.0)
(43.240486, 29.652250, 0.0)
(43.486938, 30.163195, 0.0)
(43.791122, 30.929287, 0.0)
(43.761600, 31.372471, 0.0)
(43.762920, 31.414757, 0.0)
(43.805397, 31.432667, 0.0)
(43.836826, 31.493254, 0.0)
(43.883743, 31.540281, 0.0)
(43.943958, 31.578266, 0.0)
(43.965698, 31.563820, 0.0)
(43.975937, 31.576494, 0.0)
(44.030560, 31.715240, 0.0)
(44.559330, 33.678825, 0.0)
(44.359848, 34.069771, 0.0)
(44.234955, 34.076180, 0.0)
(44.246498, 34.084377, 0.0)
(44.240425, 34.083088, 0.0)
(44.248924, 34.102848, 0.0)
(44.277344, 34.081699, 0.0)
(44.276192, 34.056488, 0.0)
(44.373238, 34.061901, 0.0)
(44.731972, 35.183743, 0.0)
(44.839645, 36.519360, 0.0)
(44.556358, 36.537819, 0.0)
(44.443947, 36.476021, 0.0)
(44.474461, 36.476925, 0.0)
(44.478344, 36.498672, 0.0)
(44.461296, 36.476479, 0.0)
(44.392826, 36.494434, 0.0)
(44.411819, 36.488487, 0.0)
(44.429966, 36.476807, 0.0)
(44.436680, 36.454777, 0.0)
(44.433891, 36.451714, 0.0)
(44.468323, 36.437103, 0.0)
(44.447163, 36.438236, 0.0)
(44.239067, 37.225723, 0.0)
(44.213821, 38.312492, 0.0)
(44.294048, 38.292061, 0.0)
(44.273415, 38.272564, 0.0)
(44.232063, 38.286240, 0.0)
(44.264862, 38.262009, 0.0)
(44.247154, 38.241238, 0.0)
(44.302380, 38.207703, 0.0)
(44.301968, 38.208485, 0.0)
(44.326096, 38.202274, 0.0)
(44.328724, 38.193184, 0.0)
(44.223122, 38.152374, 0.0)
(44.229931, 38.126560, 0.0)
(44.199070, 38.096210, 0.0)
(43.471142, 37.364925, 0.0)
(43.490307, 37.385975, 0.0)
(43.506138, 37.372330, 0.0)
(43.537571, 37.296154, 0.0)
(43.560806, 37.272999, 0.0)
(43.552284, 37.186604, 0.0)
(43.619469, 36.991848, 0.0)
(43.825806, 36.244362, 0.0)
(43.846397, 36.067173, 0.0)
(43.838150, 36.009090, 0.0)
(43.869385, 35.826733, 0.0)
(43.847523, 35.712391, 0.0)
(43.764545, 34.646553, 0.0)
(43.722000, 34.205746, 0.0)
(43.667797, 33.896458, 0.0)
(43.688869, 33.745960, 0.0)
(43.684536, 33.642780, 0.0)
(43.681286, 33.515041, 0.0)
(43.679955, 33.447109, 0.0)
(43.722576, 33.347775, 0.0)
(43.697903, 33.212032, 0.0)
(43.676788, 33.142433, 0.0)
(43.814022, 32.540085, 0.0)
(43.770626, 32.244617, 0.0)
(43.727821, 32.168983, 0.0)
(43.751141, 32.079758, 0.0)
(43.836067, 32.047092, 0.0)
(43.704712, 31.476667, 0.0)
(43.600651, 30.800108, 0.0)
(43.591522, 30.664957, 0.0)
(43.569336, 30.656374, 0.0)
(43.513432, 30.611258, 0.0)
(43.493721, 30.597773, 0.0)
(43.489574, 30.613899, 0.0)
(43.461864, 30.588520, 0.0)
(43.449039, 30.541782, 0.0)
(43.411911, 29.826086, 0.0)
(43.237938, 29.182247, 0.0)
(43.256664, 29.046154, 0.0)
(43.232918, 28.988888, 0.0)
(43.199860, 28.960838, 0.0)
(43.126099, 28.909714, 0.0)
(43.143799, 28.888994, 0.0)
(42.895428, 28.645687, 0.0)
(42.830807, 28.468784, 0.0)
(42.816696, 28.459099, 0.0)
(42.837173, 28.413729, 0.0)
(42.850220, 28.404833, 0.0)
(42.837948, 28.376122, 0.0)
(42.864281, 28.343878, 0.0)
(42.855068, 28.331316, 0.0)
(42.853764, 28.335985, 0.0)
(42.404625, 28.381014, 0.0)
(42.371777, 28.498249, 0.0)
(42.363407, 28.543398, 0.0)
(42.339153, 28.576593, 0.0)
(42.299637, 28.673716, 0.0)
(42.817753, 30.235159, 0.0)
(42.834743, 30.956406, 0.0)
(42.804916, 30.976555, 0.0)
(42.811142, 30.974360, 0.0)
(42.861378, 30.946989, 0.0)
(42.859509, 30.937523, 0.0)
(42.884327, 30.954201, 0.0)
(42.957138, 30.973812, 0.0)
(42.959324, 31.019518, 0.0)
(42.982841, 31.077215, 0.0)
(43.023148, 31.104679, 0.0)
(43.145535, 31.433846, 0.0)
(43.227070, 31.951864, 0.0)
(43.034550, 32.551327, 0.0)
(43.006058, 32.749920, 0.0)
(43.016026, 32.802212, 0.0)
(43.032524, 32.839664, 0.0)
(43.051105, 32.921104, 0.0)
(43.045456, 32.916199, 0.0)
(43.065197, 32.935013, 0.0)
(43.350475, 33.754635, 0.0)
(43.352062, 34.679070, 0.0)
(43.162285, 34.828499, 0.0)
(43.137829, 34.857964, 0.0)
(43.094883, 34.848598, 0.0)
(43.098011, 34.875618, 0.0)
(43.054592, 34.930599, 0.0)
(42.936256, 34.942303, 0.0)
(42.927448, 35.072792, 0.0)
(43.231152, 35.679459, 0.0)
(42.966179, 36.142323, 0.0)
(42.724682, 36.994793, 0.0)
(42.719299, 37.142056, 0.0)
(42.750072, 37.159691, 0.0)
(42.763985, 37.139488, 0.0)
(42.772831, 37.149170, 0.0)
(42.775105, 37.159973, 0.0)
(42.771065, 37.186928, 0.0)
(42.783295, 37.182102, 0.0)
(42.772995, 37.200813, 0.0)
(42.774567, 37.254650, 0.0)
(42.735275, 37.244717, 0.0)
(42.745281, 37.241089, 0.0)
(42.743664, 37.229290, 0.0)
(42.728104, 37.225697, 0.0)
(42.676010, 37.244427, 0.0)
(42.655308, 37.208687, 0.0)
(42.647701, 37.173325, 0.0)
(42.325367, 37.313431, 0.0)
(42.045559, 38.173328, 0.0)
(41.974571, 38.158459, 0.0)
(42.071030, 38.043400, 0.0)
(42.131752, 37.700001, 0.0)
(42.303944, 36.379726, 0.0)
(42.327114, 36.204746, 0.0)
(42.329197, 36.112030, 0.0)
(42.324898, 36.002853, 0.0)
(42.315166, 35.851124, 0.0)
(42.340878, 35.712952, 0.0)
(42.392323, 35.562683, 0.0)
(42.418308, 35.144707, 0.0)
(42.421211, 34.120224, 0.0)
(42.414272, 33.932182, 0.0)
(42.412224, 33.841244, 0.0)
(42.412796, 33.749649, 0.0)
(42.389286, 33.639614, 0.0)
(42.388359, 33.520218, 0.0)
(42.415764, 33.408943, 0.0)
(42.418510, 33.164570, 0.0)
(42.417747, 32.546825, 0.0)
(42.435974, 32.367733, 0.0)
(42.456409, 32.308529, 0.0)
(42.454075, 32.211670, 0.0)
(42.444065, 31.356018, 0.0)
(42.361458, 30.733480, 0.0)
(42.353321, 30.671967, 0.0)
(42.316280, 30.651196, 0.0)
(42.297382, 30.587339, 0.0)
(42.341030, 30.526800, 0.0)
(42.140102, 29.780262, 0.0)
(42.004364, 28.969130, 0.0)
(41.985138, 28.877922, 0.0)
(41.989040, 28.877398, 0.0)
(42.000393, 28.875158, 0.0)
(41.978031, 28.854612, 0.0)
(41.951923, 28.849789, 0.0)
(41.936066, 28.867682, 0.0)
(41.934990, 28.861538, 0.0)
(41.940628, 28.838175, 0.0)
(41.942493, 28.808678, 0.0)
(41.875938, 28.738171, 0.0)
(41.845188, 28.567823, 0.0)
(41.712044, 28.239204, 0.0)
(41.727669, 28.180672, 0.0)
(41.745804, 28.156729, 0.0)
(41.754707, 28.171421, 0.0)
(41.727737, 28.100780, 0.0)
(41.759090, 28.088589, 0.0)
(41.731060, 28.069302, 0.0)
(41.713585, 28.046761, 0.0)
(41.711506, 28.024452, 0.0)
(41.022930, 27.985798, 0.0)
(40.878948, 28.015245, 0.0)
(40.824364, 27.999783, 0.0)
(40.832127, 28.016115, 0.0)
(40.841553, 28.070467, 0.0)
(40.795437, 28.131336, 0.0)
(41.267845, 29.166588, 0.0)
(41.265221, 29.291199, 0.0)
(41.272945, 29.329868, 0.0)
(41.333717, 29.369907, 0.0)
(41.365543, 29.419592, 0.0)
(41.387283, 29.432573, 0.0)
(41.835686, 31.590143, 0.0)
(41.699966, 32.228973, 0.0)
(41.665287, 32.280487, 0.0)
(41.666977, 32.285389, 0.0)
(41.643642, 32.333443, 0.0)
(41.626122, 32.345310, 0.0)
(41.642673, 32.333813, 0.0)
(41.579990, 32.290382, 0.0)
(41.300991, 32.320095, 0.0)
(41.379608, 32.493916, 0.0)
(41.520782, 33.130474, 0.0)
(41.517410, 33.314491, 0.0)
(41.483952, 33.314262, 0.0)
(41.386654, 33.326920, 0.0)
(41.242210, 33.729832, 0.0)
(41.505108, 35.969707, 0.0)
(41.848480, 36.491680, 0.0)
(41.642715, 35.789948, 0.0)
(41.245472, 35.457367, 0.0)
(41.252460, 35.531410, 0.0)
(41.339188, 35.542385, 0.0)
(41.372581, 35.538139, 0.0)
(41.407349, 35.481499, 0.0)
(41.455544, 35.477955, 0.0)
(41.446083, 35.492290, 0.0)
(41.405891, 35.501072, 0.0)
(41.632023, 36.965645, 0.0)
(41.512222, 37.576389, 0.0)
(41.451439, 37.642323, 0.0)
(41.453690, 37.649971, 0.0)
(41.492695, 37.635208, 0.0)
(41.485867, 37.657043, 0.0)
(41.460907, 37.655678, 0.0)
(41.455631, 37.647861, 0.0)
(41.434116, 37.688511, 0.0)
(41.408184, 37.706413, 0.0)
(41.382500, 37.735279, 0.0)
(41.361603, 37.727108, 0.0)
(40.683449, 37.688164, 0.0)
(40.554630, 37.548698, 0.0)
(40.537483, 37.525967, 0.0)
(40.469166, 37.526917, 0.0)
(40.457790, 37.537361, 0.0)
(40.428852, 37.532520, 0.0)
(40.390846, 37.479248, 0.0)
(40.402615, 37.392422, 0.0)
(40.448307, 37.208454, 0.0)
(40.630409, 35.961540, 0.0)
(40.659195, 35.823864, 0.0)
(40.680222, 35.728943, 0.0)
(40.725952, 35.606541, 0.0)
(40.692436, 35.528587, 0.0)
(40.690685, 35.383690, 0.0)
(40.665627, 34.332249, 0.0)
(40.626659, 33.957634, 0.0)
(40.631859, 33.846031, 0.0)
(40.627689, 33.740219, 0.0)
(40.645378, 33.650200, 0.0)
(40.674473, 33.586838, 0.0)
(40.371300, 32.504745, 0.0)
(40.346600, 32.050297, 0.0)
(40.346794, 31.991865, 0.0)
(40.384815, 31.912813, 0.0)
(40.404682, 31.833502, 0.0)
(40.405079, 31.728329, 0.0)
(40.501774, 31.674431, 0.0)
(40.752598, 31.184717, 0.0)
(40.776646, 30.937048, 0.0)
(40.770981, 30.821674, 0.0)
(40.771458, 30.764929, 0.0)
(40.809498, 30.715302, 0.0)
(40.765034, 30.535368, 0.0)
(40.466068, 29.276878, 0.0)
(40.379219, 28.271708, 0.0)
(40.372421, 28.173872, 0.0)
(40.344349, 28.138628, 0.0)
(40.346313, 28.120184, 0.0)
(40.347443, 28.049055, 0.0)
(40.346146, 28.002192, 0.0)
(40.331860, 28.018501, 0.0)
(40.308002, 28.064816, 0.0)
(40.297142, 28.038115, 0.0)
(40.291222, 28.027372, 0.0)
(40.299305, 28.011404, 0.0)
(40.285202, 27.936171, 0.0)
(40.323700, 27.893705, 0.0)
(40.342663, 27.831932, 0.0)
(40.344864, 27.764359, 0.0)
(40.345371, 27.746332, 0.0)
(40.321239, 27.698851, 0.0)
(40.267471, 27.676361, 0.0)
(40.273308, 27.671453, 0.0)
(39.920155, 27.467707, 0.0)
(39.896511, 27.434071, 0.0)
(39.826118, 27.438324, 0.0)
(39.766102, 27.418758, 0.0)
(39.756813, 27.417477, 0.0)
(39.708923, 27.414289, 0.0)
(39.449821, 27.835930, 0.0)
(39.323269, 27.951180, 0.0)
(39.273041, 28.123842, 0.0)
(39.560463, 29.112196, 0.0)
(39.723984, 29.924080, 0.0)
(39.744289, 30.299543, 0.0)
(39.809029, 30.352415, 0.0)
(39.831882, 30.366318, 0.0)
(39.602455, 30.469330, 0.0)
(39.863705, 32.328747, 0.0)
(39.730827, 32.237736, 0.0)
(39.546867, 31.712471, 0.0)
(39.534363, 31.672634, 0.0)
(39.640392, 31.764681, 0.0)
(39.654171, 31.780796, 0.0)
(39.667778, 31.759102, 0.0)
(39.697693, 31.776123, 0.0)
(39.729313, 31.778049, 0.0)
(39.715847, 31.811764, 0.0)
(39.772236, 33.153576, 0.0)
(39.872757, 34.145794, 0.0)
(39.833473, 34.228035, 0.0)
(39.803154, 34.245323, 0.0)
(39.789013, 34.259510, 0.0)
(39.793465, 34.240498, 0.0)
(39.793465, 34.240498, 0.0)
(39.799957, 34.225548, 0.0)
(39.795269, 34.231628, 0.0)
(39.784199, 34.231247, 0.0)
(39.986485, 35.370686, 0.0)
(39.920719, 35.524082, 0.0)
(39.866035, 35.533123, 0.0)
(39.842316, 35.525146, 0.0)
(39.853344, 35.530300, 0.0)
(39.839180, 35.529617, 0.0)
(39.827919, 35.945103, 0.0)
(39.873798, 38.018021, 0.0)
(39.783943, 38.155289, 0.0)
(39.765053, 38.093254, 0.0)
(39.721661, 38.053318, 0.0)
(39.737026, 38.040058, 0.0)
(39.705620, 38.060989, 0.0)
(39.608398, 38.038548, 0.0)
(39.587215, 38.044117, 0.0)
(39.555817, 38.048386, 0.0)
(39.522495, 37.969341, 0.0)
(39.465107, 37.843441, 0.0)
(38.507519, 37.605923, 0.0)
(38.391796, 37.582127, 0.0)
(38.390434, 37.566685, 0.0)
(38.365284, 37.560886, 0.0)
(38.364674, 37.566929, 0.0)
(38.433975, 37.493294, 0.0)
(38.615257, 37.102470, 0.0)
(38.821400, 36.112289, 0.0)
(38.878376, 35.942703, 0.0)
(38.880985, 35.873257, 0.0)
(38.892025, 35.526768, 0.0)
(38.987328, 34.278275, 0.0)
(38.975441, 34.210995, 0.0)
(38.962818, 34.198601, 0.0)
(39.019897, 34.092770, 0.0)
(39.020271, 34.056675, 0.0)
(39.000675, 33.981750, 0.0)
(39.003033, 33.892368, 0.0)
(38.552921, 32.247372, 0.0)
(38.521931, 31.884378, 0.0)
(38.483948, 31.860111, 0.0)
(38.472141, 31.836880, 0.0)
(38.563114, 31.800468, 0.0)
(38.551182, 31.739067, 0.0)
(38.557983, 31.707661, 0.0)
(38.573517, 31.649761, 0.0)
(38.717804, 31.368418, 0.0)
(38.746437, 31.289488, 0.0)
(38.732910, 31.252802, 0.0)
(38.744705, 31.167444, 0.0)
(38.750549, 31.068792, 0.0)
(38.757641, 30.073578, 0.0)
(38.704441, 29.869755, 0.0)
(38.718445, 29.791487, 0.0)
(38.726036, 29.737091, 0.0)
(38.721554, 29.659822, 0.0)
(38.842903, 28.618372, 0.0)
(38.751446, 28.042410, 0.0)
(38.716679, 28.009022, 0.0)
(38.658958, 28.017738, 0.0)
(38.569210, 28.030224, 0.0)
(38.567158, 28.049540, 0.0)
(38.580318, 28.036480, 0.0)
(38.573414, 27.971445, 0.0)
(38.653820, 27.895916, 0.0)
(38.598328, 27.810551, 0.0)
(38.591465, 27.744356, 0.0)
(38.573132, 27.703428, 0.0)
(38.642555, 27.668972, 0.0)
(38.639755, 27.640635, 0.0)
(38.592739, 27.601580, 0.0)
(38.569275, 27.586388, 0.0)
(38.545891, 27.559370, 0.0)
(38.439308, 27.597069, 0.0)
(37.470654, 27.534418, 0.0)
(37.388805, 27.562531, 0.0)
(37.370434, 27.534811, 0.0)
(37.387348, 27.514034, 0.0)
(37.413727, 27.526392, 0.0)
(37.413727, 27.526392, 0.0)
(37.403652, 27.544479, 0.0)
(37.753284, 29.448685, 0.0)
(37.738407, 29.730232, 0.0)
(37.715992, 29.723078, 0.0)
(37.697704, 29.702187, 0.0)
(37.734104, 29.694979, 0.0)
(37.716854, 29.732895, 0.0)
(37.701935, 29.760395, 0.0)
(37.666843, 29.813879, 0.0)
(37.637131, 29.851034, 0.0)
(37.675529, 30.068865, 0.0)
(37.829594, 32.263794, 0.0)
(37.830273, 32.818245, 0.0)
(37.803032, 32.888233, 0.0)
(37.820759, 32.851837, 0.0)
(37.826694, 32.872246, 0.0)
(37.811001, 32.873875, 0.0)
(37.792480, 32.839485, 0.0)
(37.780724, 32.855362, 0.0)
(37.806438, 32.866032, 0.0)
(37.720566, 33.346436, 0.0)
(37.718689, 34.523933, 0.0)
(37.630840, 34.759602, 0.0)
(37.599506, 34.766415, 0.0)
(37.603313, 34.765797, 0.0)
(37.600838, 34.747940, 0.0)
(37.610153, 34.703110, 0.0)
(37.605831, 34.708195, 0.0)
(37.604828, 34.733967, 0.0)
(37.617783, 34.750309, 0.0)
(37.581490, 34.780655, 0.0)
(37.803864, 36.131165, 0.0)
(37.800945, 36.528820, 0.0)
(37.735649, 36.574852, 0.0)
(37.719368, 36.572105, 0.0)
(37.681709, 36.593834, 0.0)
(37.680611, 36.600414, 0.0)
(37.687489, 36.621510, 0.0)
(37.686283, 37.637894, 0.0)
(37.662998, 37.736973, 0.0)
(37.628738, 37.754204, 0.0)
(37.641453, 37.765461, 0.0)
(37.612614, 37.742706, 0.0)
(37.586029, 37.718819, 0.0)
(37.595543, 37.670456, 0.0)
(37.580692, 37.635487, 0.0)
(37.004963, 37.483513, 0.0)
(36.423626, 37.511871, 0.0)
(36.367851, 37.517445, 0.0)
(36.386459, 37.491314, 0.0)
(36.393230, 37.394058, 0.0)
(36.397923, 37.333111, 0.0)
(36.636250, 35.973915, 0.0)
(36.645802, 35.750713, 0.0)
(36.671650, 35.588722, 0.0)
(36.716255, 35.478271, 0.0)
(36.713276, 35.355122, 0.0)
(36.720783, 35.268539, 0.0)
(36.797348, 35.174385, 0.0)
(36.700523, 34.108280, 0.0)
(36.680534, 33.721657, 0.0)
(36.656624, 33.585136, 0.0)
(36.678722, 33.403030, 0.0)
(36.712448, 33.279903, 0.0)
(36.640835, 33.216496, 0.0)
(36.599537, 33.139854, 0.0)
(36.538891, 32.816086, 0.0)
(36.570805, 31.903015, 0.0)
(36.520679, 31.734303, 0.0)
(36.526688, 31.599413, 0.0)
(36.518948, 31.454832, 0.0)
(36.566635, 31.336409, 0.0)
(36.588768, 31.219624, 0.0)
(36.558361, 31.075033, 0.0)
(36.729725, 30.114559, 0.0)
(36.717194, 29.999210, 0.0)
(36.684776, 29.977383, 0.0)
(36.721302, 29.888138, 0.0)
(36.701221, 29.816008, 0.0)
(36.666656, 29.751129, 0.0)
(36.689194, 29.717159, 0.0)
(36.688202, 29.540874, 0.0)
(36.519501, 28.776497, 0.0)
(36.446449, 28.599783, 0.0)
(36.481598, 28.480421, 0.0)
(36.466892, 28.428310, 0.0)
(36.469429, 28.406088, 0.0)
(36.350010, 27.668966, 0.0)
(36.291752, 27.491737, 0.0)
(36.311775, 27.471750, 0.0)
(36.251183, 27.430071, 0.0)
(36.279430, 27.373684, 0.0)
(36.257679, 27.365187, 0.0)
(36.253826, 27.317312, 0.0)
(36.239952, 27.297890, 0.0)
(36.201416, 27.305973, 0.0)
(36.208092, 27.297079, 0.0)
(36.167721, 27.287912, 0.0)
(36.160400, 27.309259, 0.0)
(36.120327, 27.304867, 0.0)
(35.355247, 27.360735, 0.0)
(35.278664, 27.366056, 0.0)
(35.225166, 27.385740, 0.0)
(35.249760, 27.388340, 0.0)
(35.219131, 27.387775, 0.0)
(35.236656, 27.465588, 0.0)
(35.607346, 29.260248, 0.0)
(35.516701, 29.412663, 0.0)
(35.508739, 29.407650, 0.0)
(35.485020, 29.416609, 0.0)
(35.490536, 29.431568, 0.0)
(35.488354, 29.457420, 0.0)
(35.507336, 29.484163, 0.0)
(35.483978, 29.491386, 0.0)
(35.653072, 29.882511, 0.0)
(35.750515, 30.501431, 0.0)
(35.560230, 30.917032, 0.0)
(35.726967, 31.387827, 0.0)
(35.718163, 31.446287, 0.0)
(35.718163, 31.446287, 0.0)
(35.729465, 31.462814, 0.0)
(35.689362, 31.512064, 0.0)
(35.688263, 31.546473, 0.0)
(35.609077, 31.754660, 0.0)
(35.423668, 32.693657, 0.0)
(35.419407, 32.774860, 0.0)
(35.407627, 32.750244, 0.0)
(35.310177, 32.710281, 0.0)
(35.214939, 32.633381, 0.0)
(35.439270, 34.134995, 0.0)
(35.528061, 34.311165, 0.0)
(35.437122, 34.647629, 0.0)
(35.595032, 34.695522, 0.0)
(35.640457, 34.639977, 0.0)
(35.706711, 34.640232, 0.0)
(35.733864, 34.642857, 0.0)
(35.708897, 34.655720, 0.0)
(35.727688, 34.629379, 0.0)
(35.894688, 36.505074, 0.0)
(35.820026, 37.245770, 0.0)
(35.698631, 37.279148, 0.0)
(35.612183, 37.312004, 0.0)
(35.589279, 37.339615, 0.0)
(35.520691, 37.409367, 0.0)
(35.464993, 37.423332, 0.0)
(35.466125, 37.450520, 0.0)
(35.421577, 37.439774, 0.0)
(35.384350, 37.409801, 0.0)
(35.339100, 37.424057, 0.0)
(35.298187, 37.397537, 0.0)
(35.043976, 37.471569, 0.0)
(34.441402, 37.631802, 0.0)
(34.276035, 37.630054, 0.0)
(34.180370, 37.609055, 0.0)
(34.163406, 37.600052, 0.0)
(34.145508, 37.619961, 0.0)
(34.105251, 37.576935, 0.0)
(34.154621, 37.476616, 0.0)
(34.157635, 36.349888, 0.0)
(34.172184, 36.128578, 0.0)
(34.177063, 36.095749, 0.0)
(34.160042, 35.988491, 0.0)
(34.171463, 35.868759, 0.0)
(34.178738, 34.737671, 0.0)
(34.126858, 34.433960, 0.0)
(34.137184, 34.322842, 0.0)
(34.186668, 34.134735, 0.0)
(34.293640, 33.894855, 0.0)
(34.286186, 33.749168, 0.0)
(34.299999, 33.563457, 0.0)
(34.219307, 32.771297, 0.0)
(34.185104, 32.598644, 0.0)
(34.201595, 32.490852, 0.0)
(34.175243, 32.382629, 0.0)
(34.179451, 32.303513, 0.0)
(34.177559, 32.184090, 0.0)
(34.353886, 31.022507, 0.0)
(34.388702, 30.532656, 0.0)
(34.335205, 30.503096, 0.0)
(34.357220, 30.434050, 0.0)
(34.386375, 30.379763, 0.0)
(34.362923, 30.336895, 0.0)
(34.362843, 30.277525, 0.0)
(34.309608, 30.187525, 0.0)
(34.408970, 30.114443, 0.0)
(34.397308, 30.053286, 0.0)
(34.529610, 29.233791, 0.0)
(34.484138, 28.769352, 0.0)
(34.390320, 28.675472, 0.0)
(34.448376, 28.626625, 0.0)
(34.441917, 28.561125, 0.0)
(34.455250, 28.521311, 0.0)
(34.478813, 28.463070, 0.0)
(34.432697, 28.421097, 0.0)
(34.472137, 28.412567, 0.0)
(34.292076, 28.037359, 0.0)
(34.251476, 27.954342, 0.0)
(34.249416, 27.966612, 0.0)
(34.257622, 27.940729, 0.0)
(34.243465, 27.910133, 0.0)
(34.270382, 27.885441, 0.0)
(34.243603, 27.861460, 0.0)
(34.248585, 27.801498, 0.0)
(34.282787, 27.770123, 0.0)
(34.234833, 27.832790, 0.0)
(34.137547, 27.857910, 0.0)
(33.540279, 28.025240, 0.0)
(33.440102, 28.063650, 0.0)
(33.391216, 28.021460, 0.0)
(33.360214, 28.021614, 0.0)
(33.351036, 28.027275, 0.0)
(33.220257, 28.777956, 0.0)
(33.253136, 29.378794, 0.0)
(33.267487, 29.444296, 0.0)
(33.265560, 29.477751, 0.0)
(33.260117, 29.523617, 0.0)
(33.230278, 29.542715, 0.0)
(33.186394, 29.530924, 0.0)
(32.979340, 29.658779, 0.0)
(32.866882, 30.181692, 0.0)
(33.275715, 31.083029, 0.0)
(33.411793, 31.486267, 0.0)
(33.444469, 31.529743, 0.0)
(33.428974, 31.530224, 0.0)
(33.425247, 31.540806, 0.0)
(33.453606, 31.565395, 0.0)
(33.448910, 31.595692, 0.0)
(33.434345, 31.633196, 0.0)
(33.126942, 33.312206, 0.0)
(33.242973, 33.856930, 0.0)
(33.241901, 33.950741, 0.0)
(33.200806, 33.953178, 0.0)
(33.196457, 33.982140, 0.0)
(33.176090, 33.986732, 0.0)
(33.164230, 33.993736, 0.0)
(33.130905, 33.991444, 0.0)
(33.331039, 34.998436, 0.0)
(33.312214, 35.657658, 0.0)
(33.197300, 35.687107, 0.0)
(33.200287, 35.720833, 0.0)
(33.168407, 35.751278, 0.0)
(33.150429, 35.774803, 0.0)
(33.183582, 35.790012, 0.0)
(33.146820, 35.775776, 0.0)
(33.199268, 35.751259, 0.0)
(33.186798, 35.744202, 0.0)
(32.911068, 37.510712, 0.0)
(32.674908, 37.032005, 0.0)
(32.657600, 36.966476, 0.0)
(32.641045, 36.999493, 0.0)
(32.579727, 36.897991, 0.0)
(32.514248, 36.914024, 0.0)
(32.464458, 36.915176, 0.0)
(32.441216, 36.889248, 0.0)
(32.393944, 36.828075, 0.0)
(32.286327, 36.845268, 0.0)
(32.265522, 36.806252, 0.0)
(32.176682, 36.707016, 0.0)
(32.071667, 36.675117, 0.0)
(32.063545, 36.572186, 0.0)
(32.117474, 36.458344, 0.0)
(32.115376, 36.359417, 0.0)
(32.135757, 36.288704, 0.0)
(32.134415, 36.170185, 0.0)
(32.162407, 36.078594, 0.0)
(31.993984, 36.026329, 0.0)
(31.787603, 35.368595, 0.0)
(31.758415, 35.189621, 0.0)
(31.760818, 35.017464, 0.0)
(31.729694, 34.783813, 0.0)
(31.814245, 34.510811, 0.0)
(32.082172, 33.730797, 0.0)
(32.087917, 33.508396, 0.0)
(32.058456, 33.406406, 0.0)
(32.082359, 33.225109, 0.0)
(32.077072, 33.083450, 0.0)
(32.095898, 32.898819, 0.0)
(32.194656, 32.142284, 0.0)
(32.272480, 30.875750, 0.0)
(32.366962, 30.442915, 0.0)
(32.359749, 30.376482, 0.0)
(32.334011, 30.351301, 0.0)
(32.325848, 30.332293, 0.0)
(32.323643, 30.331488, 0.0)
(32.298496, 30.242462, 0.0)
(32.354469, 29.755655, 0.0)
(32.357738, 29.652145, 0.0)
(32.334583, 29.629688, 0.0)
(32.336288, 29.561998, 0.0)
(32.312431, 29.055117, 0.0)
(32.248802, 28.548424, 0.0)
(32.351307, 28.430584, 0.0)
(32.330505, 28.428183, 0.0)
(32.322388, 28.423594, 0.0)
(32.311775, 28.415545, 0.0)
(32.323769, 28.385233, 0.0)
(32.331551, 28.323412, 0.0)
(32.304203, 28.315838, 0.0)
(32.308807, 28.286831, 0.0)
(32.300735, 28.265707, 0.0)
(32.275845, 28.212866, 0.0)
(31.929440, 28.064556, 0.0)
(31.868090, 28.041410, 0.0)
(31.894476, 27.947704, 0.0)
(31.868786, 27.936348, 0.0)
(31.875452, 27.907610, 0.0)
(31.865385, 27.879080, 0.0)
(31.842274, 27.877920, 0.0)
(31.823345, 27.879438, 0.0)
(31.758854, 27.901588, 0.0)
(31.760805, 27.897324, 0.0)
(30.924292, 28.614492, 0.0)
(30.915354, 29.109728, 0.0)
(30.917429, 29.161791, 0.0)
(30.898926, 29.179193, 0.0)
(30.890173, 29.207825, 0.0)
(30.823378, 29.226311, 0.0)
(30.844765, 29.230991, 0.0)
(30.841692, 29.282137, 0.0)
(31.297676, 30.382801, 0.0)
(31.306606, 30.821884, 0.0)
(31.465986, 31.053074, 0.0)
(31.486580, 31.067762, 0.0)
(31.454731, 31.135254, 0.0)
(31.421844, 31.229332, 0.0)
(31.414419, 31.269804, 0.0)
(31.413635, 31.282990, 0.0)
(31.373034, 31.346392, 0.0)
(31.159058, 31.685396, 0.0)
(30.572800, 33.131054, 0.0)
(30.816809, 33.513275, 0.0)
(30.831169, 33.607620, 0.0)
(30.814203, 33.660244, 0.0)
(30.728642, 33.699944, 0.0)
(30.731796, 33.707348, 0.0)
(30.834505, 35.327412, 0.0)
(30.782436, 36.593918, 0.0)
(30.886654, 36.675621, 0.0)
(30.923388, 36.517391, 0.0)
(30.853664, 36.511581, 0.0)
(30.805813, 36.512657, 0.0)
(30.747818, 36.518131, 0.0)
(30.738047, 36.498970, 0.0)
(30.726635, 36.535751, 0.0)
(30.703779, 36.589111, 0.0)
(30.699173, 36.589600, 0.0)
(30.691689, 36.547306, 0.0)
(30.728148, 36.432178, 0.0)
(30.808643, 36.340912, 0.0)
(30.861990, 36.259388, 0.0)
(30.964592, 36.219849, 0.0)
(30.999128, 36.168720, 0.0)
(31.088459, 36.040466, 0.0)
(31.004404, 36.421005, 0.0)
(30.966780, 36.494167, 0.0)
(30.970648, 36.553619, 0.0)
(30.953646, 36.610119, 0.0)
(30.943756, 36.625927, 0.0)
(30.839411, 36.637405, 0.0)
(30.029482, 36.832130, 0.0)
(30.017342, 37.167473, 0.0)
(30.062464, 37.291981, 0.0)
(30.054846, 37.281815, 0.0)
(30.078043, 37.206573, 0.0)
(30.079962, 37.189743, 0.0)
(30.007269, 37.169014, 0.0)
(29.945822, 37.121918, 0.0)
(29.945604, 37.101681, 0.0)
(29.917206, 36.937351, 0.0)
(29.948181, 36.795204, 0.0)
(30.116341, 35.600685, 0.0)
(30.106543, 35.339214, 0.0)
(30.120363, 35.129036, 0.0)
(30.131378, 34.988106, 0.0)
(30.104248, 34.815346, 0.0)
(30.066360, 34.682289, 0.0)
(30.127796, 34.506660, 0.0)
(30.097685, 34.418530, 0.0)
(30.128672, 34.278721, 0.0)
(30.093319, 34.132614, 0.0)
(29.995525, 33.281143, 0.0)
(30.033281, 32.454021, 0.0)
(30.054321, 32.243065, 0.0)
(30.051302, 32.165565, 0.0)
(30.087376, 32.043842, 0.0)
(30.110882, 32.011772, 0.0)
(30.068926, 31.969065, 0.0)
(30.078594, 31.910044, 0.0)
(30.022865, 31.832067, 0.0)
(30.066006, 31.754938, 0.0)
(30.055538, 31.668324, 0.0)
(30.009447, 31.580414, 0.0)
(30.040585, 31.494246, 0.0)
(30.066422, 31.396643, 0.0)
(30.097019, 30.414782, 0.0)
(30.095003, 29.965977, 0.0)
(30.006960, 29.905855, 0.0)
(30.018759, 29.903248, 0.0)
(29.943150, 29.867895, 0.0)
(30.042522, 29.790424, 0.0)
(29.960474, 29.791368, 0.0)
(29.936481, 29.801462, 0.0)
(29.938759, 29.809637, 0.0)
(29.983862, 29.444809, 0.0)
(29.970116, 29.154066, 0.0)
(29.886250, 28.932642, 0.0)
(29.894642, 28.839111, 0.0)
(29.852676, 28.836479, 0.0)
(29.808046, 28.874943, 0.0)
(29.807877, 28.896282, 0.0)
(29.811363, 28.925919, 0.0)
(29.857086, 28.903301, 0.0)
(29.852823, 28.887869, 0.0)
(29.926573, 28.827965, 0.0)
(29.857075, 28.831528, 0.0)
(29.858976, 28.806862, 0.0)
(29.690735, 28.928034, 0.0)
(28.804703, 29.877514, 0.0)
(28.834652, 30.513569, 0.0)
(29.020567, 30.599623, 0.0)
(28.983232, 30.621071, 0.0)
(28.913801, 30.621231, 0.0)
(28.882498, 30.633484, 0.0)
(28.654705, 30.439144, 0.0)
(28.489809, 31.073145, 0.0)
(28.793709, 31.515488, 0.0)
(28.865101, 31.745485, 0.0)
(29.045086, 31.825089, 0.0)
(28.994219, 31.854610, 0.0)
(29.004345, 31.859774, 0.0)
(28.995142, 31.922157, 0.0)
(29.050198, 31.965067, 0.0)
(29.026472, 32.001839, 0.0)
(28.981592, 31.959206, 0.0)
(28.981314, 31.938986, 0.0)
(28.991907, 31.940592, 0.0)
(28.946362, 32.036564, 0.0)
(28.541399, 33.199223, 0.0)
(28.658575, 34.306667, 0.0)
(29.012442, 34.474213, 0.0)
(29.040648, 34.449009, 0.0)
(29.032591, 34.470516, 0.0)
(28.968615, 34.500954, 0.0)
(29.019030, 34.540676, 0.0)
(29.006954, 34.566444, 0.0)
(28.939102, 34.644974, 0.0)
(28.904325, 34.695492, 0.0)
(28.893435, 34.721893, 0.0)
(28.898769, 34.730572, 0.0)
(28.736526, 35.940979, 0.0)
(28.844400, 36.597374, 0.0)
(28.810331, 36.691696, 0.0)
(28.773281, 36.729671, 0.0)
(28.775148, 36.777523, 0.0)
(28.771397, 36.752090, 0.0)
(28.839460, 36.725685, 0.0)
(28.827211, 36.799053, 0.0)
(28.753401, 36.847336, 0.0)
(28.752947, 36.863136, 0.0)
(28.784592, 37.895313, 0.0)
(29.089355, 38.926659, 0.0)
(29.016525, 39.008144, 0.0)
(28.920765, 39.014053, 0.0)
(28.918591, 39.022141, 0.0)
(28.948557, 39.021885, 0.0)
(28.925743, 39.025394, 0.0)
(28.688818, 38.693081, 0.0)
(28.651438, 38.645264, 0.0)
(28.645000, 38.634167, 0.0)
(28.641960, 38.575951, 0.0)
(28.617283, 38.505138, 0.0)
(28.606079, 38.463978, 0.0)
(28.435087, 37.982101, 0.0)
(28.274359, 37.436653, 0.0)
(28.251663, 37.329075, 0.0)
(28.239223, 37.193798, 0.0)
(28.248169, 37.100693, 0.0)
(28.258200, 36.937115, 0.0)
(28.237129, 36.684319, 0.0)
(28.262564, 36.403603, 0.0)
(28.083454, 35.046394, 0.0)
(28.068207, 34.729034, 0.0)
(28.070217, 34.521706, 0.0)
(28.048525, 34.371548, 0.0)
(28.074543, 34.249050, 0.0)
(28.072586, 34.115005, 0.0)
(28.078691, 34.008949, 0.0)
(28.058264, 33.951744, 0.0)
(28.125256, 33.065483, 0.0)
(28.187107, 32.377510, 0.0)
(28.092865, 32.281895, 0.0)
(28.127609, 32.219341, 0.0)
(28.065716, 32.216869, 0.0)
(28.102394, 32.164982, 0.0)
(28.068707, 32.137661, 0.0)
(28.052856, 32.131805, 0.0)
(28.077126, 32.075359, 0.0)
(28.083172, 32.023624, 0.0)
(28.102179, 31.976076, 0.0)
(28.069744, 31.892109, 0.0)
(28.086081, 31.819429, 0.0)
(28.103497, 31.260660, 0.0)
(28.095030, 31.129333, 0.0)
(28.074038, 31.007189, 0.0)
(28.096670, 30.933332, 0.0)
(28.140621, 30.872890, 0.0)
(28.111408, 30.832460, 0.0)
(28.123922, 30.427069, 0.0)
(28.189457, 29.948513, 0.0)
(28.162430, 29.879930, 0.0)
(28.138931, 29.910612, 0.0)
(28.156559, 29.872789, 0.0)
(28.154152, 29.893274, 0.0)
(28.139357, 29.868187, 0.0)
(28.113548, 29.837862, 0.0)
(28.093117, 29.786448, 0.0)
(28.096392, 29.781227, 0.0)
(27.649302, 29.986042, 0.0)
(27.768578, 29.880854, 0.0)
(27.869368, 29.810347, 0.0)
(27.818947, 29.852661, 0.0)
(27.802578, 29.874556, 0.0)
(27.739395, 29.931602, 0.0)
(27.697798, 29.964190, 0.0)
(27.653061, 30.003841, 0.0)
(27.629526, 30.017550, 0.0)
(27.474546, 30.244436, 0.0)
(27.302282, 30.627790, 0.0)
(27.267284, 30.724394, 0.0)
(27.235893, 30.823151, 0.0)
(27.178062, 30.922075, 0.0)
(27.212650, 31.007179, 0.0)
(27.515127, 32.267738, 0.0)
(27.480858, 33.469193, 0.0)
(27.450418, 33.603596, 0.0)
(27.369116, 33.542126, 0.0)
(27.436537, 33.604202, 0.0)
(27.371021, 33.675915, 0.0)
(27.315084, 33.743431, 0.0)
(27.276094, 33.770721, 0.0)
(27.315113, 33.753323, 0.0)
(27.280788, 33.769451, 0.0)
(27.302872, 33.748325, 0.0)
(27.349134, 33.719769, 0.0)
(27.068314, 34.954098, 0.0)
(27.255707, 35.652069, 0.0)
(27.288017, 35.707966, 0.0)
(27.242853, 35.734531, 0.0)
(27.207193, 35.789818, 0.0)
(27.176186, 35.802074, 0.0)
(27.139196, 35.838795, 0.0)
(27.129324, 35.858784, 0.0)
(27.178318, 35.870689, 0.0)
(27.148930, 35.884617, 0.0)
(27.124977, 35.872036, 0.0)
(27.205957, 35.996944, 0.0)
(27.874340, 38.099461, 0.0)
(27.802805, 38.441498, 0.0)
(27.738855, 38.491901, 0.0)
(27.728455, 38.499744, 0.0)
(27.708767, 38.522015, 0.0)
(27.678314, 38.536800, 0.0)
(27.667664, 38.537182, 0.0)
(27.645950, 38.572483, 0.0)
(27.598383, 38.577522, 0.0)
(27.213619, 38.913498, 0.0)
(27.527308, 39.142277, 0.0)
(27.539410, 39.165661, 0.0)
(27.493944, 39.189945, 0.0)
(27.524067, 39.231716, 0.0)
(27.506039, 39.249199, 0.0)
(27.523766, 39.244644, 0.0)
(27.534317, 39.213963, 0.0)
(27.518669, 39.125912, 0.0)
(27.551901, 39.083931, 0.0)
(27.553555, 39.075928, 0.0)
(27.552422, 39.046429, 0.0)
(27.535652, 39.085808, 0.0)
(27.517555, 39.109871, 0.0)
(27.541616, 38.743511, 0.0)
(27.255253, 38.613907, 0.0)
(27.207552, 38.786846, 0.0)
(27.349947, 38.798599, 0.0)
(27.389149, 38.714088, 0.0)
(27.378204, 38.693050, 0.0)
(27.317608, 38.714432, 0.0)
(27.362967, 38.705570, 0.0)
(27.520845, 39.217022, 0.0)
(27.497313, 39.242172, 0.0)
(27.496771, 39.230633, 0.0)
(27.483982, 39.204956, 0.0)
(27.537029, 39.169952, 0.0)
(27.505680, 39.172626, 0.0)
(27.505680, 39.172626, 0.0)
(27.511496, 39.173534, 0.0)
(27.505680, 39.172626, 0.0)
(27.514410, 39.173504, 0.0)
(27.491867, 39.178959, 0.0)
(27.441137, 39.380436, 0.0)
(27.502033, 40.960114, 0.0)
(27.418779, 40.526459, 0.0)
(27.321404, 39.524258, 0.0)
(27.404537, 38.978645, 0.0)
(27.449276, 38.826981, 0.0)
(27.484337, 38.847553, 0.0)
(27.495420, 38.871223, 0.0)
(27.496082, 38.863495, 0.0)
(27.508617, 38.873184, 0.0)
(27.506598, 38.856091, 0.0)
(27.477921, 38.872524, 0.0)
(27.378256, 38.839256, 0.0)
(27.765451, 39.918903, 0.0)
(27.817389, 40.345367, 0.0)
(27.341454, 39.554855, 0.0)
(27.419788, 38.997528, 0.0)
(27.495602, 38.873058, 0.0)
(27.519049, 38.840965, 0.0)
(27.513464, 38.785004, 0.0)
(27.443346, 38.771515, 0.0)
(27.420101, 38.764271, 0.0)
(27.443001, 38.753830, 0.0)
(27.456118, 39.270008, 0.0)
(27.673428, 40.947475, 0.0)
(27.436924, 40.511646, 0.0)
(27.555222, 39.470867, 0.0)
(27.549643, 38.876877, 0.0)
(27.494133, 38.729717, 0.0)
(27.427397, 38.742378, 0.0)
(27.451460, 38.786564, 0.0)
(27.532938, 38.782719, 0.0)
(27.448189, 38.718483, 0.0)
(27.859379, 39.720459, 0.0)
(0.000000, 0.000000, 1.0)
(33.742275, 37.117977, 0.0)
(34.589596, 35.627979, 0.0)
(34.420219, 35.259586, 0.0)
(34.424252, 35.248920, 0.0)
(34.357136, 35.292805, 0.0)
(30.278765, 37.288910, 0.0)
(27.878569, 38.500763, 0.0)
(27.685774, 38.641922, 0.0)
(27.701054, 38.597404, 0.0)
(27.691250, 38.562374, 0.0)
(27.693199, 38.522057, 0.0)
(27.694393, 38.554569, 0.0)
(27.662796, 38.578354, 0.0)
