(31.757362, 24.020981, 0.0)
(31.761501, 23.900450, 0.0)
(31.187763, 23.700367, 0.0)
(31.063513, 23.644098, 0.0)
(31.096025, 23.711288, 0.0)
(31.163532, 23.704283, 0.0)
(31.175329, 23.721035, 0.0)
(31.173275, 23.718887, 0.0)
(31.220463, 23.732834, 0.0)
(31.222134, 23.758865, 0.0)
(31.251175, 23.770206, 0.0)
(31.243622, 23.763254, 0.0)
(31.212252, 23.846102, 0.0)
(31.143799, 25.060877, 0.0)
(31.275791, 24.415646, 0.0)
(31.314619, 23.818445, 0.0)
(31.346125, 23.681591, 0.0)
(31.386812, 23.683922, 0.0)
(31.405958, 23.696180, 0.0)
(31.391436, 23.709223, 0.0)
(31.384033, 23.652086, 0.0)
(31.413296, 23.700384, 0.0)
(31.427662, 23.604013, 0.0)
(31.425907, 23.612587, 0.0)
(31.443575, 23.583149, 0.0)
(31.456053, 23.559744, 0.0)
(31.461245, 23.549253, 0.0)
(31.450258, 23.585417, 0.0)
(31.448805, 23.572323, 0.0)
(31.466600, 23.577244, 0.0)
(31.479061, 23.596861, 0.0)
(31.492767, 23.557114, 0.0)
(31.483047, 23.534559, 0.0)
(31.499792, 23.526627, 0.0)
(31.502859, 23.532440, 0.0)
(31.515102, 23.520744, 0.0)
(31.514326, 23.524324, 0.0)
(31.519920, 23.517618, 0.0)
(31.522511, 23.524754, 0.0)
(31.515942, 23.509016, 0.0)
(31.547577, 23.474569, 0.0)
(31.546906, 23.470430, 0.0)
(31.546906, 23.470430, 0.0)
(31.541300, 23.481285, 0.0)
(31.539839, 23.492289, 0.0)
(31.545593, 23.488853, 0.0)
(31.550449, 23.472172, 0.0)
(31.539431, 23.475531, 0.0)
(31.546982, 23.453331, 0.0)
(31.558275, 23.406176, 0.0)
(31.569891, 23.410511, 0.0)
(31.523420, 23.354248, 0.0)
(31.474281, 23.359680, 0.0)
(31.495394, 24.032862, 0.0)
(31.475313, 23.031595, 0.0)
(31.510345, 22.769783, 0.0)
(31.408300, 23.136526, 0.0)
(31.402401, 23.326975, 0.0)
(31.436569, 23.250202, 0.0)
(31.446089, 23.277941, 0.0)
(31.441154, 23.320004, 0.0)
(31.497936, 23.320492, 0.0)
(31.470928, 23.318422, 0.0)
(31.463564, 23.297628, 0.0)
(31.492668, 23.297173, 0.0)
(31.521746, 23.240477, 0.0)
(31.539167, 23.216673, 0.0)
(31.544596, 23.235086, 0.0)
(31.546001, 23.209673, 0.0)
(31.574045, 23.204679, 0.0)
(31.579538, 23.214939, 0.0)
(31.586264, 23.214479, 0.0)
(31.575703, 23.198248, 0.0)
(31.582134, 23.170536, 0.0)
(31.568686, 23.144539, 0.0)
(31.582081, 23.185385, 0.0)
(31.582943, 23.169424, 0.0)
(31.584034, 23.184204, 0.0)
(31.580751, 23.200193, 0.0)
(31.597927, 23.191236, 0.0)
(31.602022, 23.124231, 0.0)
(31.596453, 23.108772, 0.0)
(31.620586, 23.161446, 0.0)
(31.605143, 23.171259, 0.0)
(31.588539, 23.159359, 0.0)
(31.614817, 23.159777, 0.0)
(31.627514, 23.206518, 0.0)
(31.606905, 23.268330, 0.0)
(31.598858, 23.300257, 0.0)
(31.559793, 23.349592, 0.0)
(31.548691, 23.444773, 0.0)
(31.545471, 23.460953, 0.0)
(31.538061, 23.481712, 0.0)
(31.552576, 23.510639, 0.0)
(31.549829, 23.549047, 0.0)
(31.563429, 23.552689, 0.0)
(31.546274, 23.594376, 0.0)
(31.540293, 23.577129, 0.0)
(31.536594, 23.582254, 0.0)
(31.543406, 23.624750, 0.0)
(31.534870, 23.641090, 0.0)
(31.541483, 23.627401, 0.0)
(31.549089, 23.634411, 0.0)
(31.535891, 23.629278, 0.0)
(31.489418, 23.587757, 0.0)
(31.499414, 23.600645, 0.0)
(31.232815, 23.686815, 0.0)
(31.173021, 23.712914, 0.0)
(31.203121, 23.661608, 0.0)
(31.216234, 23.618196, 0.0)
(31.243452, 23.583645, 0.0)
(31.498877, 23.534288, 0.0)
(31.551060, 23.501995, 0.0)
(31.553482, 23.529146, 0.0)
(31.567482, 23.526041, 0.0)
(31.549147, 23.496811, 0.0)
(31.284178, 23.461191, 0.0)
(31.330343, 24.970827, 0.0)
(31.354828, 23.710325, 0.0)
(31.336805, 23.429846, 0.0)
(31.366131, 23.533371, 0.0)
(31.410080, 23.493315, 0.0)
(31.437073, 23.491272, 0.0)
(31.461998, 23.498524, 0.0)
(31.443447, 23.497049, 0.0)
(31.438610, 23.453829, 0.0)
(31.426941, 23.401356, 0.0)
(31.444025, 23.364267, 0.0)
(31.444862, 23.397177, 0.0)
(31.488317, 23.382101, 0.0)
(31.515003, 23.384615, 0.0)
(31.522366, 23.380966, 0.0)
(31.527662, 23.364666, 0.0)
(31.552488, 23.371151, 0.0)
(31.548523, 23.409899, 0.0)
(31.570576, 23.355799, 0.0)
(31.585955, 23.370461, 0.0)
(31.593946, 23.384615, 0.0)
(31.546795, 23.338249, 0.0)
(31.542816, 23.338654, 0.0)
(31.531084, 23.305725, 0.0)
(31.537699, 23.258003, 0.0)
(31.561634, 23.271879, 0.0)
(31.578896, 23.259575, 0.0)
(31.542427, 23.258308, 0.0)
(31.516064, 23.267899, 0.0)
(31.502329, 23.288294, 0.0)
(31.489378, 23.335751, 0.0)
(31.480795, 23.301973, 0.0)
(31.471231, 23.305174, 0.0)
(31.465830, 23.329693, 0.0)
(31.451012, 23.316177, 0.0)
(31.448446, 23.325382, 0.0)
(31.457693, 23.330158, 0.0)
(31.462183, 23.334726, 0.0)
(31.462145, 23.336479, 0.0)
(31.466993, 23.284779, 0.0)
(31.478680, 23.285822, 0.0)
(31.451515, 23.254915, 0.0)
(31.457808, 23.255571, 0.0)
(31.754133, 23.321833, 0.0)
(31.784578, 23.368462, 0.0)
(31.757660, 23.385702, 0.0)
(31.747877, 23.430380, 0.0)
(31.753035, 23.449917, 0.0)
(31.759478, 23.439793, 0.0)
(31.417885, 23.450310, 0.0)
(31.384502, 23.496040, 0.0)
(31.382336, 23.511240, 0.0)
(31.227436, 23.469641, 0.0)
(31.299562, 24.667439, 0.0)
(31.311102, 23.731756, 0.0)
(31.313759, 23.525909, 0.0)
(31.360027, 23.668201, 0.0)
(31.397884, 23.741373, 0.0)
(31.411676, 23.706736, 0.0)
(31.427408, 23.768764, 0.0)
(31.435806, 23.818542, 0.0)
(31.430731, 23.888830, 0.0)
(33.202709, 25.236052, 0.0)
(37.546585, 27.872189, 0.0)
(39.230049, 29.246447, 0.0)
(39.296207, 29.259287, 0.0)
(39.253262, 29.219351, 0.0)
(39.281887, 29.167244, 0.0)
(39.248291, 29.101616, 0.0)
(40.386536, 29.425158, 0.0)
(40.470760, 29.386047, 0.0)
(40.467686, 29.328667, 0.0)
(40.462917, 29.230677, 0.0)
(40.531506, 29.234188, 0.0)
(40.565918, 29.242159, 0.0)
(40.566944, 29.213215, 0.0)
(40.397686, 25.805914, 0.0)
(40.038082, 22.722624, 0.0)
(39.808971, 22.248487, 0.0)
(39.850960, 22.452318, 0.0)
(39.914009, 22.497879, 0.0)
(39.731861, 20.763966, 0.0)
(39.614643, 20.362988, 0.0)
(39.588482, 20.349606, 0.0)
(39.590664, 20.325275, 0.0)
(39.595436, 20.341415, 0.0)
(39.596039, 20.334021, 0.0)
(39.707245, 19.960087, 0.0)
(39.806149, 19.632841, 0.0)
(39.793007, 19.619535, 0.0)
(39.795006, 19.761614, 0.0)
(40.485836, 24.408152, 0.0)
(40.390724, 28.167439, 0.0)
(40.310165, 28.289049, 0.0)
(40.296089, 26.313099, 0.0)
(40.293011, 22.724121, 0.0)
(40.223930, 22.617260, 0.0)
(40.180176, 22.608255, 0.0)
(40.192333, 22.435276, 0.0)
(39.917713, 19.693361, 0.0)
(39.786674, 19.460438, 0.0)
(39.768433, 19.471146, 0.0)
(39.816914, 19.410784, 0.0)
(39.883133, 19.359129, 0.0)
(39.856205, 19.369761, 0.0)
(39.821583, 19.319201, 0.0)
(39.836704, 19.325481, 0.0)
(39.826302, 19.334652, 0.0)
(39.791218, 19.275776, 0.0)
(39.782936, 19.309299, 0.0)
(39.785320, 19.326056, 0.0)
(39.755600, 19.321922, 0.0)
(39.731792, 19.299381, 0.0)
(39.733719, 19.302488, 0.0)
(39.734657, 19.281748, 0.0)
(39.722290, 19.278137, 0.0)
(39.703777, 19.245932, 0.0)
(39.701160, 19.300579, 0.0)
(39.670048, 19.286285, 0.0)
(39.688774, 19.306049, 0.0)
(39.685406, 19.338169, 0.0)
(39.673122, 19.307428, 0.0)
(39.668407, 19.349960, 0.0)
(39.596004, 19.326118, 0.0)
(39.590183, 19.295637, 0.0)
(39.604065, 19.274811, 0.0)
(39.588612, 19.269018, 0.0)
(39.569244, 19.276775, 0.0)
(39.537350, 19.343094, 0.0)
(39.505096, 19.386408, 0.0)
(39.496944, 19.370262, 0.0)
(39.426987, 19.425089, 0.0)
(35.767830, 20.991777, 0.0)
(30.663074, 24.002312, 0.0)
(26.628025, 26.881960, 0.0)
(24.599005, 28.778534, 0.0)
(24.453148, 28.829269, 0.0)
(24.400122, 28.880852, 0.0)
(24.298645, 28.960938, 0.0)
(22.901281, 30.663618, 0.0)
(22.723755, 30.801363, 0.0)
(22.710314, 30.753769, 0.0)
(22.692234, 30.794302, 0.0)
(22.692314, 30.810593, 0.0)
(22.613434, 30.754301, 0.0)
(22.696917, 32.187107, 0.0)
(22.578571, 31.973515, 0.0)
(22.453945, 31.136938, 0.0)
(22.460335, 30.823399, 0.0)
(22.438568, 30.773159, 0.0)
(22.492868, 30.777500, 0.0)
(22.507036, 30.800688, 0.0)
(22.552160, 30.796316, 0.0)
(22.543434, 30.770966, 0.0)
(22.399086, 27.904924, 0.0)
(22.617188, 26.345961, 0.0)
(22.623171, 26.139149, 0.0)
(22.655096, 26.031223, 0.0)
(22.746866, 25.992992, 0.0)
(22.691608, 25.976648, 0.0)
(22.675184, 25.967072, 0.0)
(22.664387, 26.001959, 0.0)
(22.660566, 26.048025, 0.0)
(22.653936, 26.046116, 0.0)
(22.650898, 26.005589, 0.0)
(22.604956, 25.615421, 0.0)
(22.208975, 22.078695, 0.0)
(22.218710, 21.534380, 0.0)
(22.214350, 21.534874, 0.0)
(22.163193, 20.558941, 0.0)
(22.120939, 20.408127, 0.0)
(22.119141, 20.427900, 0.0)
(22.101200, 20.458225, 0.0)
(22.079868, 20.433893, 0.0)
(21.912579, 20.377325, 0.0)
(21.874054, 20.317446, 0.0)
(21.895636, 20.308153, 0.0)
(21.879112, 20.311035, 0.0)
(21.864399, 20.290068, 0.0)
(21.789595, 20.217138, 0.0)
(21.851889, 20.387892, 0.0)
(31.072538, 23.019325, 0.0)
(31.061615, 21.964216, 0.0)
(31.111683, 21.867752, 0.0)
(31.167221, 21.992287, 0.0)
(31.214405, 22.070559, 0.0)
(31.282848, 22.141222, 0.0)
(31.289091, 22.145775, 0.0)
(31.269142, 22.145838, 0.0)
(31.279387, 22.128954, 0.0)
(27.049124, 21.334959, 0.0)
(25.263790, 21.011194, 0.0)
(25.124992, 21.009098, 0.0)
(23.495592, 20.501476, 0.0)
(22.103888, 20.404924, 0.0)
(22.016726, 20.364183, 0.0)
(22.023848, 20.405579, 0.0)
(22.032814, 20.425024, 0.0)
(22.052034, 20.410738, 0.0)
(27.424498, 21.940323, 0.0)
(30.689978, 22.982800, 0.0)
(30.716652, 23.011152, 0.0)
(30.626766, 22.999615, 0.0)
(31.486557, 23.899187, 0.0)
(31.544651, 23.956846, 0.0)
(31.516054, 23.940594, 0.0)
(31.546276, 23.915838, 0.0)
(31.548370, 23.852245, 0.0)
(31.307142, 24.056671, 0.0)
(31.362518, 23.800041, 0.0)
(31.413315, 23.498678, 0.0)
(31.434662, 23.554632, 0.0)
(31.447746, 23.577677, 0.0)
(31.464010, 23.597088, 0.0)
(31.483141, 23.561403, 0.0)
(31.457537, 23.506805, 0.0)
(31.437025, 23.524073, 0.0)
(31.419243, 23.459372, 0.0)
(31.428835, 23.450068, 0.0)
(31.438114, 23.429846, 0.0)
(31.452028, 23.424250, 0.0)
(31.504910, 23.372110, 0.0)
(31.502949, 23.367298, 0.0)
(31.529718, 23.374319, 0.0)
(31.539112, 23.391233, 0.0)
(31.527323, 23.371626, 0.0)
(31.543087, 23.330915, 0.0)
(31.565775, 23.356890, 0.0)
(31.551958, 23.362051, 0.0)
(31.560694, 23.337093, 0.0)
(31.567017, 23.344223, 0.0)
(31.584272, 23.330997, 0.0)
(31.593990, 23.294451, 0.0)
(31.594398, 23.292437, 0.0)
(30.883551, 23.962784, 0.0)
(26.213799, 27.932419, 0.0)
(23.958067, 29.276247, 0.0)
(23.786995, 29.286568, 0.0)
(23.751186, 29.242950, 0.0)
(23.710247, 29.278172, 0.0)
(23.703049, 29.285671, 0.0)
(23.664072, 29.307396, 0.0)
(23.674307, 29.309996, 0.0)
(23.732079, 29.336317, 0.0)
(28.339024, 30.152411, 0.0)
(28.918903, 30.221113, 0.0)
(28.971714, 30.252281, 0.0)
(28.956032, 30.290354, 0.0)
(29.019932, 30.304245, 0.0)
(28.961082, 30.325659, 0.0)
(28.337120, 30.377941, 0.0)
(28.440804, 30.396761, 0.0)
(28.593094, 30.414631, 0.0)
(28.715015, 30.423244, 0.0)
(30.376146, 30.247461, 0.0)
(30.679586, 30.251532, 0.0)
(30.854773, 30.330629, 0.0)
(31.082733, 30.367117, 0.0)
(31.189760, 30.394955, 0.0)
(33.193657, 30.382660, 0.0)
(33.638706, 30.370684, 0.0)
(33.759861, 30.448046, 0.0)
(33.883507, 30.552500, 0.0)
(34.017460, 30.609266, 0.0)
(34.696442, 30.707632, 0.0)
(35.920097, 30.616585, 0.0)
(36.067051, 30.651415, 0.0)
(36.143700, 30.720409, 0.0)
(36.191769, 30.788944, 0.0)
(36.277531, 30.849380, 0.0)
(36.873909, 30.882984, 0.0)
(38.845493, 30.441719, 0.0)
(38.920746, 30.409399, 0.0)
(38.932541, 30.491829, 0.0)
(38.941948, 30.530733, 0.0)
(38.958694, 30.547632, 0.0)
(38.957043, 30.584314, 0.0)
(39.010078, 30.592964, 0.0)
(39.028667, 30.573370, 0.0)
(39.030308, 30.516846, 0.0)
(39.038784, 30.474848, 0.0)
(39.061100, 30.432060, 0.0)
(40.269634, 29.366081, 0.0)
(40.418739, 29.193710, 0.0)
(40.403008, 29.183393, 0.0)
(40.391346, 29.173052, 0.0)
(40.404625, 29.146645, 0.0)
(40.412144, 29.126684, 0.0)
(40.411407, 29.120163, 0.0)
(40.409874, 29.084919, 0.0)
(40.419342, 29.068443, 0.0)
(40.426189, 29.034464, 0.0)
(40.420101, 29.060154, 0.0)
(40.395607, 29.033588, 0.0)
(39.334610, 29.353775, 0.0)
(39.154205, 29.445528, 0.0)
(39.168560, 29.456896, 0.0)
(39.138962, 29.449297, 0.0)
(39.065765, 29.460140, 0.0)
(37.554790, 29.597923, 0.0)
(37.363762, 29.662603, 0.0)
(37.325535, 29.671209, 0.0)
(37.197468, 29.628263, 0.0)
(37.104557, 29.659794, 0.0)
(36.438137, 29.706200, 0.0)
(35.505733, 29.676102, 0.0)
(35.338825, 29.698591, 0.0)
(35.264324, 29.697380, 0.0)
(35.150990, 29.734182, 0.0)
(35.013519, 29.741566, 0.0)
(33.416672, 29.798218, 0.0)
(33.255733, 29.802551, 0.0)
(33.205738, 29.829678, 0.0)
(32.729630, 29.856453, 0.0)
(30.939686, 29.953442, 0.0)
(30.772194, 30.003777, 0.0)
(30.740665, 30.026794, 0.0)
(30.682850, 30.017879, 0.0)
(30.587595, 30.035475, 0.0)
(30.543446, 30.023602, 0.0)
(28.030640, 29.922953, 0.0)
(27.603754, 29.983931, 0.0)
(27.549965, 30.005661, 0.0)
(27.495779, 30.005491, 0.0)
(27.385969, 30.005173, 0.0)
(27.330061, 30.062223, 0.0)
(27.215534, 30.106766, 0.0)
(25.743858, 30.337770, 0.0)
(23.284266, 30.501747, 0.0)
(23.177877, 30.562925, 0.0)
(23.175446, 30.624775, 0.0)
(23.156651, 30.639963, 0.0)
(23.141869, 30.669392, 0.0)
(23.127304, 30.771856, 0.0)
(23.068411, 30.796778, 0.0)
(23.048450, 30.886984, 0.0)
(22.735096, 30.655571, 0.0)
(22.241526, 30.240000, 0.0)
(22.106272, 30.236116, 0.0)
(22.097063, 30.306267, 0.0)
(22.087440, 30.378868, 0.0)
(22.098438, 30.427792, 0.0)
(22.100956, 30.450306, 0.0)
(22.175056, 30.445635, 0.0)
(22.191526, 30.477358, 0.0)
(22.214737, 30.484493, 0.0)
(22.218241, 30.506863, 0.0)
(22.248034, 30.530369, 0.0)
(22.316698, 30.549349, 0.0)
(22.375795, 30.510136, 0.0)
(23.066874, 30.432257, 0.0)
(23.976496, 30.345585, 0.0)
(24.228651, 30.316549, 0.0)
(24.387333, 30.245628, 0.0)
(24.588697, 30.211878, 0.0)
(24.748169, 30.162563, 0.0)
(24.923235, 30.161713, 0.0)
(25.118841, 30.086277, 0.0)
(25.333359, 30.056459, 0.0)
(25.486050, 29.921778, 0.0)
(25.678915, 31.535275, 0.0)
(27.377092, 31.506477, 0.0)
(27.838280, 30.322115, 0.0)
(28.018072, 29.775467, 0.0)
(28.227146, 29.522879, 0.0)
(28.501348, 29.426153, 0.0)
(29.908674, 29.313068, 0.0)
(30.221703, 29.258753, 0.0)
(30.456867, 29.199295, 0.0)
(30.690651, 29.099352, 0.0)
(32.154915, 29.072666, 0.0)
(33.488430, 28.968250, 0.0)
(33.733452, 28.969469, 0.0)
(33.864120, 29.018951, 0.0)
(34.039452, 29.002861, 0.0)
(34.225269, 29.032341, 0.0)
(34.412422, 29.000353, 0.0)
(35.025036, 29.007336, 0.0)
(36.420002, 28.933426, 0.0)
(36.577747, 28.970531, 0.0)
(36.635616, 29.002960, 0.0)
(36.745739, 28.972202, 0.0)
(36.809654, 28.983404, 0.0)
(36.915535, 28.969950, 0.0)
(38.609238, 28.863436, 0.0)
(39.913502, 28.613987, 0.0)
(39.997021, 28.658972, 0.0)
(39.981258, 28.664940, 0.0)
(39.980637, 28.651072, 0.0)
(39.979111, 28.625185, 0.0)
(40.195950, 28.434277, 0.0)
(40.651508, 28.124102, 0.0)
(40.670841, 28.080631, 0.0)
(40.602283, 28.087187, 0.0)
(40.578754, 28.079859, 0.0)
(40.575954, 28.104193, 0.0)
(40.567646, 28.118942, 0.0)
(40.549564, 28.174807, 0.0)
(40.536594, 28.190809, 0.0)
(40.511509, 28.225222, 0.0)
(40.484818, 28.269415, 0.0)
(40.425503, 28.316683, 0.0)
(39.512035, 28.350084, 0.0)
(39.381279, 28.484877, 0.0)
(39.317867, 28.498547, 0.0)
(39.214306, 28.460497, 0.0)
(39.132484, 28.430189, 0.0)
(38.260593, 28.332447, 0.0)
(38.042599, 28.324215, 0.0)
(37.763577, 29.190708, 0.0)
(34.760113, 29.907871, 0.0)
(34.565407, 29.138494, 0.0)
(34.536518, 28.815722, 0.0)
(34.432873, 28.854801, 0.0)
(34.180328, 28.922628, 0.0)
(34.078320, 28.968721, 0.0)
(33.932808, 29.056799, 0.0)
(33.780926, 29.099037, 0.0)
(33.647198, 29.113422, 0.0)
(31.977489, 29.177296, 0.0)
(31.267891, 29.308905, 0.0)
(31.189890, 29.411919, 0.0)
(31.150869, 29.478367, 0.0)
(31.053555, 29.485870, 0.0)
(30.962915, 29.520609, 0.0)
(29.532150, 29.529947, 0.0)
(29.323235, 29.536661, 0.0)
(29.253754, 29.547422, 0.0)
(29.190689, 29.447565, 0.0)
(26.101570, 29.760195, 0.0)
(24.374056, 29.852358, 0.0)
(24.222548, 29.796431, 0.0)
(24.204397, 29.720829, 0.0)
(24.154903, 29.654087, 0.0)
(24.119209, 29.654602, 0.0)
(22.366940, 29.699865, 0.0)
(22.195005, 29.696081, 0.0)
(22.233252, 29.685665, 0.0)
(22.209627, 29.665739, 0.0)
(22.212440, 29.643053, 0.0)
(22.215509, 29.626373, 0.0)
(22.224878, 29.612947, 0.0)
(22.221260, 29.593306, 0.0)
(22.217922, 29.583099, 0.0)
(22.206631, 29.559767, 0.0)
(22.163803, 29.594225, 0.0)
(22.153412, 29.606928, 0.0)
(22.078308, 29.411943, 0.0)
(22.007635, 29.051704, 0.0)
(21.992990, 29.052572, 0.0)
(21.996801, 29.041719, 0.0)
(22.029894, 28.995796, 0.0)
(22.040213, 28.970203, 0.0)
(22.045984, 28.971636, 0.0)
(22.073217, 28.939970, 0.0)
(22.129250, 28.909040, 0.0)
(22.941738, 28.634575, 0.0)
(25.588640, 28.085609, 0.0)
(25.867241, 28.157972, 0.0)
(25.956842, 28.159437, 0.0)
(26.116919, 28.085873, 0.0)
(26.220030, 28.016075, 0.0)
(26.347057, 28.021852, 0.0)
(26.470476, 27.984505, 0.0)
(26.607841, 27.937691, 0.0)
(26.743078, 27.898806, 0.0)
(26.931984, 27.679487, 0.0)
(27.091419, 27.616716, 0.0)
(27.279133, 27.564913, 0.0)
(27.494444, 27.490864, 0.0)
(27.610044, 27.519112, 0.0)
(28.883726, 27.496012, 0.0)
(29.873995, 27.480282, 0.0)
(30.102520, 27.475735, 0.0)
(30.221645, 27.460443, 0.0)
(30.333385, 27.363007, 0.0)
(30.501038, 27.358564, 0.0)
(30.809418, 27.200905, 0.0)
(33.910652, 27.005573, 0.0)
(34.118053, 27.128315, 0.0)
(34.142612, 27.213383, 0.0)
(34.242908, 27.265017, 0.0)
(34.349564, 27.316851, 0.0)
(36.893398, 27.336441, 0.0)
(39.739231, 27.490894, 0.0)
(39.836029, 27.641916, 0.0)
(39.795311, 27.870499, 0.0)
(39.770164, 27.962894, 0.0)
(39.995636, 28.044819, 0.0)
(40.641960, 28.046400, 0.0)
(40.675613, 28.098019, 0.0)
(40.663734, 28.156187, 0.0)
(40.671879, 28.202631, 0.0)
(40.676758, 28.173210, 0.0)
(40.664692, 28.174728, 0.0)
(39.436558, 27.533747, 0.0)
(39.268559, 27.626913, 0.0)
(39.391956, 27.770540, 0.0)
(39.542461, 27.896769, 0.0)
(39.569454, 27.885902, 0.0)
(39.528698, 27.876511, 0.0)
(40.077156, 27.686775, 0.0)
(40.444145, 27.679680, 0.0)
(40.412685, 27.718920, 0.0)
(40.349670, 27.723444, 0.0)
(40.342270, 27.703058, 0.0)
(40.322258, 27.685274, 0.0)
(40.314915, 27.650440, 0.0)
(40.312527, 27.608147, 0.0)
(40.285721, 27.564550, 0.0)
(40.211422, 27.558756, 0.0)
(39.649643, 27.307894, 0.0)
(39.227329, 27.143436, 0.0)
(38.502415, 27.020447, 0.0)
(37.906048, 26.922453, 0.0)
(37.726597, 26.915041, 0.0)
(37.470890, 26.859331, 0.0)
(33.163834, 27.948332, 0.0)
(32.995438, 27.073620, 0.0)
(32.912262, 26.881262, 0.0)
(32.841362, 26.895086, 0.0)
(32.765652, 26.894478, 0.0)
(32.692074, 26.929022, 0.0)
(32.612774, 26.923946, 0.0)
(32.554150, 26.918579, 0.0)
(32.447392, 26.873613, 0.0)
(32.385735, 26.912416, 0.0)
(31.652006, 26.970968, 0.0)
(26.867365, 26.946569, 0.0)
(25.199121, 27.348440, 0.0)
(25.064272, 27.385876, 0.0)
(25.018417, 27.364103, 0.0)
(25.017017, 27.412163, 0.0)
(24.997818, 27.385429, 0.0)
(24.986870, 27.402884, 0.0)
(24.945793, 27.400852, 0.0)
(22.457132, 27.637741, 0.0)
(22.294334, 27.683384, 0.0)
(22.303310, 27.706612, 0.0)
(22.289137, 27.684229, 0.0)
(22.290812, 27.662214, 0.0)
(22.279320, 27.615189, 0.0)
(22.273563, 27.643389, 0.0)
(22.296415, 27.614462, 0.0)
(22.030550, 27.430399, 0.0)
(21.877617, 27.243956, 0.0)
(21.899914, 27.212234, 0.0)
(21.952192, 27.268246, 0.0)
(21.948969, 27.170273, 0.0)
(21.952045, 27.151567, 0.0)
(22.004078, 27.182852, 0.0)
(22.009304, 27.193724, 0.0)
(22.015192, 27.198792, 0.0)
(22.022675, 27.197622, 0.0)
(22.023071, 27.270519, 0.0)
(21.999006, 27.364321, 0.0)
(21.977753, 27.396769, 0.0)
(21.937998, 27.397078, 0.0)
(21.899740, 27.400904, 0.0)
(21.923742, 27.392031, 0.0)
(21.930271, 27.383175, 0.0)
(21.935694, 27.388302, 0.0)
(21.931211, 27.376415, 0.0)
(21.976973, 27.360100, 0.0)
(26.291952, 26.239573, 0.0)
(31.482149, 27.366463, 0.0)
(35.826763, 28.044840, 0.0)
(38.177803, 27.596281, 0.0)
(38.539886, 27.149801, 0.0)
(38.534092, 26.932724, 0.0)
(38.532345, 27.042999, 0.0)
(38.866379, 27.128912, 0.0)
(40.187511, 27.206762, 0.0)
(40.302227, 27.193180, 0.0)
(40.229229, 27.192081, 0.0)
(40.247593, 27.234907, 0.0)
(40.245518, 27.244965, 0.0)
(40.188587, 27.179432, 0.0)
(40.189175, 27.179596, 0.0)
(40.204456, 27.181627, 0.0)
(40.217316, 27.218174, 0.0)
(40.188564, 27.301395, 0.0)
(36.236641, 27.319866, 0.0)
(31.793036, 28.247280, 0.0)
(31.901619, 27.111904, 0.0)
(32.128109, 26.495243, 0.0)
(32.304192, 26.337427, 0.0)
(32.469337, 26.383596, 0.0)
(32.593365, 26.384996, 0.0)
(32.783978, 26.393602, 0.0)
(34.243092, 26.246786, 0.0)
(34.497032, 26.256058, 0.0)
(34.562691, 26.306494, 0.0)
(34.691490, 26.297436, 0.0)
(34.819923, 26.271593, 0.0)
(36.473759, 26.189152, 0.0)
(36.752865, 26.207956, 0.0)
(36.817646, 26.236088, 0.0)
(36.871422, 26.233627, 0.0)
(39.685097, 26.420408, 0.0)
(40.198910, 26.483604, 0.0)
(40.239365, 26.504135, 0.0)
(40.216511, 26.491835, 0.0)
(40.258900, 26.498383, 0.0)
(40.258442, 26.431419, 0.0)
(40.278202, 26.421940, 0.0)
(40.297630, 26.408447, 0.0)
(40.276123, 26.409468, 0.0)
(40.263065, 26.389149, 0.0)
(40.269012, 26.392969, 0.0)
(40.246914, 26.356493, 0.0)
(40.247150, 26.376553, 0.0)
(40.242912, 26.393978, 0.0)
(40.223572, 26.383566, 0.0)
(40.163750, 25.888071, 0.0)
(39.943542, 25.597340, 0.0)
(39.900620, 25.568970, 0.0)
(39.814423, 25.520784, 0.0)
(39.725700, 25.547768, 0.0)
(38.602608, 25.421309, 0.0)
(38.370106, 25.435801, 0.0)
(38.270782, 25.386003, 0.0)
(38.155670, 25.333967, 0.0)
(38.065964, 25.354136, 0.0)
(37.931946, 25.338461, 0.0)
(36.946030, 25.284803, 0.0)
(36.728172, 25.304235, 0.0)
(36.648335, 25.310802, 0.0)
(36.549328, 25.293041, 0.0)
(36.419437, 25.276379, 0.0)
(35.197330, 25.213261, 0.0)
(34.971001, 25.215773, 0.0)
(34.893238, 25.165380, 0.0)
(34.788643, 25.188616, 0.0)
(34.676861, 25.177160, 0.0)
(32.706963, 25.230516, 0.0)
(32.545380, 25.239143, 0.0)
(32.462910, 25.291348, 0.0)
(32.057117, 25.702612, 0.0)
(26.876883, 28.625561, 0.0)
(26.988604, 26.858599, 0.0)
(26.901489, 25.928782, 0.0)
(26.882866, 25.774977, 0.0)
(26.882013, 25.805090, 0.0)
(26.865370, 25.867861, 0.0)
(26.880741, 25.898806, 0.0)
(26.858391, 25.908344, 0.0)
(26.780119, 25.892536, 0.0)
(26.708944, 25.842453, 0.0)
(26.619068, 25.926176, 0.0)
(26.474413, 25.981218, 0.0)
(26.357271, 26.009108, 0.0)
(25.163332, 26.412550, 0.0)
(24.924503, 26.483147, 0.0)
(24.917511, 26.502563, 0.0)
(24.825157, 26.508398, 0.0)
(22.541080, 26.776516, 0.0)
(21.653536, 26.889252, 0.0)
(21.618027, 26.935978, 0.0)
(21.610155, 26.893911, 0.0)
(21.611507, 26.883301, 0.0)
(21.607111, 26.909107, 0.0)
(21.633154, 26.930820, 0.0)
(21.641869, 26.940060, 0.0)
(21.647570, 26.837368, 0.0)
(21.654427, 26.824869, 0.0)
(21.658876, 26.784513, 0.0)
(21.735996, 26.683140, 0.0)
(21.813129, 26.672329, 0.0)
(21.810526, 26.648138, 0.0)
(21.806860, 26.673231, 0.0)
(21.864594, 26.649223, 0.0)
(21.908226, 26.587761, 0.0)
(23.357309, 25.914223, 0.0)
(23.738810, 25.784681, 0.0)
(23.909927, 25.765413, 0.0)
(24.080206, 25.723331, 0.0)
(24.301075, 25.660215, 0.0)
(24.531420, 25.646402, 0.0)
(25.547979, 25.440073, 0.0)
(25.950100, 25.409945, 0.0)
(26.165810, 25.365648, 0.0)
(26.432077, 25.347050, 0.0)
(26.726507, 25.245762, 0.0)
(27.005966, 25.196980, 0.0)
(27.275698, 25.137299, 0.0)
(27.563478, 25.106703, 0.0)
(28.469584, 24.996826, 0.0)
(28.987038, 24.929468, 0.0)
(29.198280, 24.932110, 0.0)
(29.428141, 24.911154, 0.0)
(30.131481, 24.814640, 0.0)
(32.051739, 24.530643, 0.0)
(32.362000, 24.515715, 0.0)
(32.551086, 24.553019, 0.0)
(32.335381, 24.498878, 0.0)
(32.514923, 24.482471, 0.0)
(32.667316, 24.456095, 0.0)
(32.786980, 24.431650, 0.0)
(33.012962, 24.440126, 0.0)
(33.803791, 24.518444, 0.0)
(34.727699, 24.495758, 0.0)
(34.892380, 24.502266, 0.0)
(34.993343, 24.547392, 0.0)
(36.285130, 24.803219, 0.0)
(39.666809, 25.214251, 0.0)
(39.764122, 25.237753, 0.0)
(39.731125, 25.279619, 0.0)
(39.731213, 25.294552, 0.0)
(39.775043, 25.329531, 0.0)
(39.781708, 25.304277, 0.0)
(39.353027, 25.129421, 0.0)
(39.064232, 24.975380, 0.0)
(39.126842, 25.017538, 0.0)
(39.207138, 25.064598, 0.0)
(39.250046, 25.083452, 0.0)
(40.168793, 25.144653, 0.0)
(40.368179, 25.161831, 0.0)
(40.353359, 25.210674, 0.0)
(40.346622, 25.227577, 0.0)
(40.469353, 25.136135, 0.0)
(40.754181, 25.021557, 0.0)
(40.744610, 25.078154, 0.0)
(40.691502, 25.075632, 0.0)
(40.667027, 25.139214, 0.0)
(40.607288, 25.119150, 0.0)
(40.442921, 25.444611, 0.0)
(38.488808, 26.878246, 0.0)
(38.134434, 25.561319, 0.0)
(38.077713, 24.905983, 0.0)
(38.005604, 24.878227, 0.0)
(37.943008, 24.948992, 0.0)
(37.834236, 25.015419, 0.0)
(37.710468, 25.041504, 0.0)
(37.539108, 25.024643, 0.0)
(37.458878, 24.980837, 0.0)
(36.319450, 24.762106, 0.0)
(35.844357, 24.600201, 0.0)
(35.679508, 24.591343, 0.0)
(35.544537, 24.531641, 0.0)
(35.402161, 24.482462, 0.0)
(35.243721, 24.422043, 0.0)
(33.807831, 24.310091, 0.0)
(33.514755, 24.276108, 0.0)
(33.441475, 24.240065, 0.0)
(33.208008, 24.193729, 0.0)
(33.109585, 24.196344, 0.0)
(31.878309, 24.273916, 0.0)
(31.590736, 24.243832, 0.0)
(31.421343, 24.198910, 0.0)
(31.295189, 24.118023, 0.0)
(31.151867, 24.186743, 0.0)
(29.038101, 24.469177, 0.0)
(28.835588, 24.552334, 0.0)
(28.713175, 24.441277, 0.0)
(28.563961, 24.484282, 0.0)
(27.605808, 24.688475, 0.0)
(23.793839, 25.293280, 0.0)
(23.432671, 25.443060, 0.0)
(23.382595, 25.440067, 0.0)
(23.357681, 25.418867, 0.0)
(23.327900, 25.414213, 0.0)
(22.464361, 25.464687, 0.0)
(21.750385, 25.581644, 0.0)
(21.697914, 25.582876, 0.0)
(21.709642, 25.576439, 0.0)
(21.725588, 25.521936, 0.0)
(21.728220, 25.486006, 0.0)
(21.741653, 25.502356, 0.0)
(21.741793, 25.500174, 0.0)
(21.597792, 25.317158, 0.0)
(21.606030, 25.296515, 0.0)
(21.611414, 25.300253, 0.0)
(21.616144, 25.272915, 0.0)
(21.638441, 25.277735, 0.0)
(21.655693, 25.287552, 0.0)
(21.677597, 25.271305, 0.0)
(21.667328, 25.246281, 0.0)
(21.672737, 25.233376, 0.0)
(21.646801, 25.255205, 0.0)
(0.000000, 0.000000, 1.0)
(38.017773, 25.838806, 0.0)
(37.881268, 24.686213, 0.0)
(37.894997, 23.955980, 0.0)
(37.920391, 23.944958, 0.0)
(37.953110, 24.075434, 0.0)
(38.002735, 24.127716, 0.0)
(38.021957, 24.222807, 0.0)
(38.011562, 24.297915, 0.0)
(38.005455, 24.336720, 0.0)
(38.011562, 24.343798, 0.0)
(38.024487, 24.322077, 0.0)
(38.030556, 24.306940, 0.0)
(38.044376, 24.353350, 0.0)
(38.040535, 24.384037, 0.0)
(38.004955, 24.392778, 0.0)
(38.000755, 24.396090, 0.0)
(38.042549, 24.418653, 0.0)
(38.051819, 24.410740, 0.0)
(38.054848, 24.418976, 0.0)
(38.048702, 24.463881, 0.0)
(38.020786, 24.532042, 0.0)
(39.172028, 24.585236, 0.0)
(40.288017, 24.753656, 0.0)
(40.355736, 24.790731, 0.0)
(40.328316, 24.639603, 0.0)
(40.351799, 24.679283, 0.0)
(40.442272, 24.758326, 0.0)
(40.434734, 24.674850, 0.0)
(40.395916, 24.629318, 0.0)
(40.344193, 24.545105, 0.0)
(40.403713, 24.475367, 0.0)
(40.385780, 24.358734, 0.0)
(40.397835, 24.320066, 0.0)
(40.402412, 24.310310, 0.0)
(40.292072, 24.319809, 0.0)
(40.247673, 24.341810, 0.0)
(40.183498, 24.400274, 0.0)
(40.155651, 24.443670, 0.0)
(40.170876, 24.447664, 0.0)
(40.200771, 24.406958, 0.0)
(40.182346, 24.375309, 0.0)
(40.142166, 24.338118, 0.0)
(40.173294, 24.354609, 0.0)
(40.226406, 24.400913, 0.0)
(39.947906, 24.264421, 0.0)
(39.946548, 24.247803, 0.0)
(39.966694, 24.219425, 0.0)
(40.014809, 24.231604, 0.0)
(40.097473, 24.272097, 0.0)
(40.076618, 24.243900, 0.0)
(40.110218, 24.273319, 0.0)
(40.122292, 24.298065, 0.0)
(40.123775, 24.292690, 0.0)
(40.105286, 24.279303, 0.0)
(40.061752, 24.273827, 0.0)
(39.557865, 23.766537, 0.0)
(39.395061, 23.680237, 0.0)
(39.363941, 23.709467, 0.0)
(39.336308, 23.698462, 0.0)
(39.237049, 23.632498, 0.0)
(37.662006, 23.065454, 0.0)
(37.337112, 22.918419, 0.0)
(37.193249, 22.782770, 0.0)
(35.304546, 23.604359, 0.0)
(35.143589, 22.604557, 0.0)
(35.064442, 22.470726, 0.0)
(35.029640, 22.475277, 0.0)
(34.329414, 22.406536, 0.0)
(33.052368, 22.256020, 0.0)
(32.954281, 22.217199, 0.0)
(32.891716, 22.235970, 0.0)
(32.805401, 22.272739, 0.0)
(32.704861, 22.273077, 0.0)
(32.722736, 22.329437, 0.0)
(32.709743, 22.379944, 0.0)
(30.521114, 22.478054, 0.0)
(30.443190, 22.586187, 0.0)
(30.401546, 22.690998, 0.0)
(30.383686, 22.781361, 0.0)
(30.359413, 22.870619, 0.0)
(29.326067, 23.082617, 0.0)
(28.195782, 23.197495, 0.0)
(28.102623, 23.204653, 0.0)
(28.094141, 23.179043, 0.0)
(26.781633, 23.532684, 0.0)
(23.780373, 24.172638, 0.0)
(23.665812, 24.219444, 0.0)
(23.638548, 24.187939, 0.0)
(23.603224, 24.172096, 0.0)
(23.584211, 24.221380, 0.0)
(21.984678, 24.489895, 0.0)
(21.684978, 24.585255, 0.0)
(21.655848, 24.630646, 0.0)
(21.679880, 24.628044, 0.0)
(21.689854, 24.655851, 0.0)
(21.679405, 24.679562, 0.0)
(21.664400, 24.685755, 0.0)
(21.647425, 24.687962, 0.0)
(21.678408, 24.642735, 0.0)
(21.681137, 24.588402, 0.0)
(21.676018, 24.570704, 0.0)
(21.661804, 24.564400, 0.0)
(21.680723, 24.512682, 0.0)
(21.686789, 24.462252, 0.0)
(21.620125, 24.147554, 0.0)
(21.659605, 23.796413, 0.0)
(21.664461, 23.719276, 0.0)
(21.673386, 23.693110, 0.0)
(21.762028, 23.640520, 0.0)
(23.417088, 23.110336, 0.0)
(25.276487, 22.677071, 0.0)
(25.603334, 22.595884, 0.0)
(25.737408, 22.518826, 0.0)
(25.901760, 22.429775, 0.0)
(26.003166, 22.359236, 0.0)
(29.057440, 23.227648, 0.0)
(38.857464, 24.736460, 0.0)
(38.649799, 23.513590, 0.0)
(38.566956, 22.740385, 0.0)
(38.590225, 22.554073, 0.0)
(38.663940, 22.623257, 0.0)
(38.709450, 22.644627, 0.0)
(38.715717, 22.690390, 0.0)
(39.920376, 22.525915, 0.0)
(40.337364, 22.588572, 0.0)
(40.343445, 22.666113, 0.0)
(40.357624, 22.725239, 0.0)
(40.353748, 22.711380, 0.0)
(40.358429, 22.719574, 0.0)
(40.293610, 22.630072, 0.0)
(39.380760, 22.316832, 0.0)
(35.271351, 21.521427, 0.0)
(35.198830, 21.583181, 0.0)
(35.289516, 21.622313, 0.0)
(35.483894, 21.630905, 0.0)
(35.541901, 21.633461, 0.0)
(34.742477, 21.383833, 0.0)
(34.858936, 21.395203, 0.0)
(35.028286, 21.418663, 0.0)
(35.229698, 21.411627, 0.0)
(36.696712, 21.405401, 0.0)
(36.885815, 21.405230, 0.0)
(36.942062, 21.452951, 0.0)
(37.017925, 21.470411, 0.0)
(39.848392, 22.164530, 0.0)
(40.191055, 22.302870, 0.0)
(40.192860, 22.341223, 0.0)
(40.189388, 22.360970, 0.0)
(40.197567, 22.303961, 0.0)
(40.209164, 22.324001, 0.0)
(40.203884, 22.260691, 0.0)
(40.251320, 22.304869, 0.0)
(40.270271, 22.284458, 0.0)
(40.250340, 22.286800, 0.0)
(40.263996, 22.337626, 0.0)
(40.256363, 22.370739, 0.0)
(40.212662, 22.371529, 0.0)
(40.181007, 22.312792, 0.0)
(40.131077, 22.337145, 0.0)
(40.072777, 22.365717, 0.0)
(39.894360, 22.413521, 0.0)
(39.073841, 21.833351, 0.0)
(38.878963, 21.728374, 0.0)
(38.792091, 21.738300, 0.0)
(38.658722, 21.738401, 0.0)
(38.493271, 21.664072, 0.0)
(38.322090, 21.652107, 0.0)
(36.833481, 21.439053, 0.0)
(36.178444, 21.354435, 0.0)
(36.002239, 21.340899, 0.0)
(35.850662, 21.365801, 0.0)
(35.697689, 21.411345, 0.0)
(35.559925, 21.397259, 0.0)
(35.430374, 21.473095, 0.0)
(35.274612, 21.467449, 0.0)
(35.149132, 21.515078, 0.0)
(35.010113, 21.519661, 0.0)
(34.856049, 21.509985, 0.0)
(33.492844, 21.315088, 0.0)
(33.267670, 21.340881, 0.0)
(33.148716, 21.323160, 0.0)
(33.039230, 21.308640, 0.0)
(32.912491, 21.252539, 0.0)
(31.685097, 21.225418, 0.0)
(31.209759, 21.235580, 0.0)
(31.040230, 21.215034, 0.0)
(30.971313, 21.208616, 0.0)
(30.846622, 21.218271, 0.0)
(29.291889, 21.470299, 0.0)
(28.595213, 21.516209, 0.0)
(28.405893, 21.527624, 0.0)
(28.278856, 21.505903, 0.0)
(26.310255, 21.760401, 0.0)
(24.222847, 22.318750, 0.0)
(24.049112, 22.321278, 0.0)
(23.977072, 22.319714, 0.0)
(23.937918, 22.330133, 0.0)
(23.907734, 22.314432, 0.0)
(23.866121, 22.330467, 0.0)
(23.822134, 22.345591, 0.0)
(22.978983, 22.599142, 0.0)
(21.583426, 23.006319, 0.0)
(21.471209, 23.051565, 0.0)
(21.500582, 23.024830, 0.0)
(21.473442, 23.035469, 0.0)
(21.477697, 23.074986, 0.0)
(21.504274, 23.040295, 0.0)
(21.494081, 23.028864, 0.0)
(21.500572, 23.031246, 0.0)
(21.496284, 23.022711, 0.0)
(21.499418, 23.012890, 0.0)
(21.498991, 22.953995, 0.0)
(21.529972, 22.877863, 0.0)
(21.562534, 22.842024, 0.0)
(21.584198, 22.805395, 0.0)
(21.588644, 22.763260, 0.0)
(21.618252, 22.727818, 0.0)
(21.700834, 22.690571, 0.0)
(22.670370, 22.188211, 0.0)
(23.961708, 21.670914, 0.0)
(24.158800, 21.611784, 0.0)
(24.349541, 21.566645, 0.0)
(24.562344, 21.563026, 0.0)
(24.780025, 21.504457, 0.0)
(24.973780, 21.399586, 0.0)
(25.178703, 21.336189, 0.0)
(25.394505, 21.258642, 0.0)
(25.644217, 21.152746, 0.0)
(25.853582, 21.057030, 0.0)
(26.119831, 20.987001, 0.0)
(26.321320, 20.989429, 0.0)
(26.601854, 20.949179, 0.0)
(26.860577, 20.890417, 0.0)
(26.909245, 20.782331, 0.0)
(28.555443, 21.697710, 0.0)
(28.682941, 20.555799, 0.0)
(28.894253, 20.558672, 0.0)
(29.144981, 20.648251, 0.0)
(29.362091, 20.693457, 0.0)
(30.785879, 20.511368, 0.0)
(31.058287, 20.520819, 0.0)
(31.236425, 20.556271, 0.0)
(31.409184, 20.562012, 0.0)
(31.586550, 20.547499, 0.0)
(33.205303, 20.532669, 0.0)
(33.660187, 20.551933, 0.0)
(33.782673, 20.577290, 0.0)
(33.970634, 20.589388, 0.0)
(34.127045, 20.587231, 0.0)
(34.362484, 20.598341, 0.0)
(37.161057, 21.017752, 0.0)
(37.683224, 21.140425, 0.0)
(37.710255, 21.201338, 0.0)
(37.739075, 21.215155, 0.0)
(39.126900, 21.669689, 0.0)
(40.514591, 22.220600, 0.0)
(40.587070, 22.240564, 0.0)
(40.519901, 22.218021, 0.0)
(40.474072, 22.197676, 0.0)
(40.495735, 22.159010, 0.0)
(40.434044, 22.097824, 0.0)
(40.462505, 22.084940, 0.0)
(40.468380, 22.060827, 0.0)
(40.447113, 22.054430, 0.0)
(40.446125, 22.038658, 0.0)
(40.459423, 22.009899, 0.0)
(40.457050, 21.961884, 0.0)
(40.445793, 21.923828, 0.0)
(40.394585, 21.884478, 0.0)
(40.365326, 21.887516, 0.0)
(40.324806, 21.838415, 0.0)
(40.216686, 21.736277, 0.0)
(39.425037, 20.968355, 0.0)
(39.317886, 20.942341, 0.0)
(39.241524, 20.857340, 0.0)
(39.134136, 20.795307, 0.0)
(39.035278, 20.750486, 0.0)
(38.344509, 20.572474, 0.0)
(36.313099, 20.098713, 0.0)
(35.692539, 20.099215, 0.0)
(35.559334, 20.080238, 0.0)
(35.469772, 20.061108, 0.0)
(35.373219, 20.030262, 0.0)
(35.267086, 20.020905, 0.0)
(34.933846, 20.010107, 0.0)
(33.969814, 20.272650, 0.0)
(33.808743, 19.524130, 0.0)
(33.730064, 19.430550, 0.0)
(33.687832, 19.535070, 0.0)
(33.574463, 19.508183, 0.0)
(33.461906, 19.513878, 0.0)
(30.789156, 19.558784, 0.0)
(30.375029, 19.615999, 0.0)
(30.170509, 19.610664, 0.0)
(29.952681, 19.582226, 0.0)
(26.231287, 20.472469, 0.0)
(25.589855, 20.653751, 0.0)
(25.497826, 20.648457, 0.0)
(25.426828, 20.665953, 0.0)
(25.384686, 20.698359, 0.0)
(24.586948, 20.890257, 0.0)
(23.562984, 21.169970, 0.0)
(23.458994, 21.212627, 0.0)
(23.425659, 21.197634, 0.0)
(23.418856, 21.180387, 0.0)
(23.416168, 21.187321, 0.0)
(23.528856, 21.103354, 0.0)
(25.015553, 20.619125, 0.0)
(25.018906, 20.664598, 0.0)
(24.838835, 20.737469, 0.0)
(24.720306, 20.774426, 0.0)
(24.577257, 20.825441, 0.0)
(23.112417, 21.385382, 0.0)
(21.584446, 22.019924, 0.0)
(21.476748, 22.106783, 0.0)
(21.460741, 22.163719, 0.0)
(21.382345, 22.260386, 0.0)
(21.332804, 22.290833, 0.0)
(21.344711, 22.286608, 0.0)
(21.374001, 22.327026, 0.0)
(21.303558, 22.326715, 0.0)
(21.310081, 22.320383, 0.0)
(21.327219, 22.321615, 0.0)
(21.386158, 22.330811, 0.0)
(21.398506, 22.354622, 0.0)
(21.401518, 22.390347, 0.0)
(21.436335, 22.379328, 0.0)
(21.488531, 22.400623, 0.0)
(21.527542, 22.391088, 0.0)
(23.704580, 21.453018, 0.0)
(25.225834, 21.053394, 0.0)
(25.479153, 21.028650, 0.0)
(25.601589, 20.981091, 0.0)
(25.759829, 20.904428, 0.0)
(25.915611, 20.870235, 0.0)
(26.092447, 20.842909, 0.0)
(26.256466, 20.778179, 0.0)
(26.503685, 20.675453, 0.0)
(26.691000, 20.576338, 0.0)
(26.944204, 20.368750, 0.0)
(29.263554, 20.958818, 0.0)
(29.640568, 19.775873, 0.0)
(29.788563, 19.565090, 0.0)
(29.959036, 19.595652, 0.0)
(30.042816, 19.532097, 0.0)
(30.166006, 19.509220, 0.0)
(30.284048, 19.467627, 0.0)
(30.439264, 19.488342, 0.0)
(30.552860, 19.496910, 0.0)
(30.670286, 19.485268, 0.0)
(30.797579, 19.503115, 0.0)
(31.055813, 19.461063, 0.0)
(34.243221, 19.405603, 0.0)
(34.643112, 19.403158, 0.0)
(34.789124, 19.354973, 0.0)
(34.878712, 19.333075, 0.0)
(35.004345, 19.340347, 0.0)
(35.095585, 19.311556, 0.0)
(35.236855, 19.336378, 0.0)
(35.613350, 19.373331, 0.0)
(39.251717, 20.345110, 0.0)
(39.870159, 20.601416, 0.0)
(39.912571, 20.565865, 0.0)
(39.882587, 20.553366, 0.0)
(39.873722, 20.583195, 0.0)
(39.880474, 20.570959, 0.0)
(39.879208, 20.558994, 0.0)
(39.860409, 20.599915, 0.0)
(39.857338, 20.589109, 0.0)
(39.851219, 20.578817, 0.0)
(39.890892, 20.566547, 0.0)
(39.896137, 20.567135, 0.0)
(39.907433, 20.573893, 0.0)
(39.904964, 20.548328, 0.0)
(39.898079, 20.539612, 0.0)
(39.921520, 20.540310, 0.0)
(39.945648, 20.561110, 0.0)
(39.904305, 20.546556, 0.0)
(39.846863, 20.540033, 0.0)
(39.799408, 20.555904, 0.0)
(39.790638, 20.527430, 0.0)
(39.487495, 20.189106, 0.0)
(39.401283, 20.093779, 0.0)
(39.351532, 20.085505, 0.0)
(39.251831, 20.085192, 0.0)
(39.163727, 20.102697, 0.0)
(37.853237, 19.735767, 0.0)
(37.671650, 19.723783, 0.0)
(37.443550, 19.778391, 0.0)
(34.368679, 18.829275, 0.0)
(34.353024, 18.761103, 0.0)
(34.287682, 18.924009, 0.0)
(34.237026, 18.949427, 0.0)
(34.150066, 19.015129, 0.0)
(34.022724, 19.037138, 0.0)
(33.944855, 19.060591, 0.0)
(33.856968, 19.150370, 0.0)
(33.798893, 19.168554, 0.0)
(31.709053, 19.321621, 0.0)
(31.275469, 19.502172, 0.0)
(31.145006, 19.540115, 0.0)
(31.047750, 19.496990, 0.0)
(30.974911, 19.514013, 0.0)
(28.102430, 19.961952, 0.0)
(25.708939, 20.447088, 0.0)
(25.514935, 20.466423, 0.0)
(25.403311, 20.418182, 0.0)
(25.279556, 20.433889, 0.0)
(22.813665, 21.076315, 0.0)
(22.581018, 21.121023, 0.0)
(22.537640, 21.108416, 0.0)
(22.521900, 21.096415, 0.0)
(22.514860, 21.055220, 0.0)
(22.490641, 21.055017, 0.0)
(22.491274, 21.052366, 0.0)
(22.498825, 21.025724, 0.0)
(22.499973, 21.016491, 0.0)
(22.497440, 20.957968, 0.0)
(22.471128, 20.936716, 0.0)
(22.454506, 20.946817, 0.0)
(22.453411, 20.933538, 0.0)
(22.415445, 20.892157, 0.0)
(21.731667, 21.302036, 0.0)
(21.524309, 21.387419, 0.0)
(21.509956, 21.361874, 0.0)
(21.516558, 21.363546, 0.0)
(21.490566, 21.349483, 0.0)
(21.465973, 21.327915, 0.0)
(21.454662, 21.299789, 0.0)
(21.421499, 21.301079, 0.0)
(21.423656, 21.307381, 0.0)
(21.460583, 21.256811, 0.0)
(21.462973, 21.211031, 0.0)
(21.479061, 21.186605, 0.0)
(21.496593, 21.089491, 0.0)
(21.518818, 21.022474, 0.0)
(21.570118, 21.004045, 0.0)
(21.846949, 20.878401, 0.0)
(24.038944, 20.016443, 0.0)
(24.282679, 19.891466, 0.0)
(24.477842, 19.807978, 0.0)
(24.617496, 19.741596, 0.0)
(24.750263, 19.680159, 0.0)
(24.891577, 19.607647, 0.0)
(25.076860, 19.564739, 0.0)
(25.283468, 19.451077, 0.0)
(25.434935, 19.387426, 0.0)
(25.630434, 19.312647, 0.0)
(25.804077, 19.188324, 0.0)
(25.966490, 19.143877, 0.0)
(26.630617, 18.910835, 0.0)
(27.329666, 18.626856, 0.0)
(27.541954, 18.581053, 0.0)
(27.697191, 18.509357, 0.0)
(27.861967, 18.473766, 0.0)
(28.111729, 18.465733, 0.0)
(29.698416, 18.193979, 0.0)
(29.967552, 18.177057, 0.0)
(30.112940, 18.180897, 0.0)
(30.285559, 18.146856, 0.0)
(30.477703, 18.176517, 0.0)
(31.210859, 18.183634, 0.0)
(32.576805, 18.270369, 0.0)
(32.832779, 18.337193, 0.0)
(32.927055, 18.400091, 0.0)
(33.105675, 18.434271, 0.0)
(33.247162, 18.449305, 0.0)
(33.368561, 18.437935, 0.0)
(33.486576, 18.458897, 0.0)
(34.209148, 18.553892, 0.0)
(35.074097, 18.658539, 0.0)
(35.214550, 18.690952, 0.0)
(35.268494, 18.723005, 0.0)
(37.813007, 19.459925, 0.0)
(39.373726, 20.060019, 0.0)
(39.399590, 20.068720, 0.0)
(39.328896, 20.064657, 0.0)
(39.315998, 20.065815, 0.0)
(39.313309, 20.051815, 0.0)
(39.662880, 20.219849, 0.0)
(39.945812, 20.451912, 0.0)
(39.935112, 20.458561, 0.0)
(39.925900, 20.455484, 0.0)
(39.937672, 20.416176, 0.0)
(39.937531, 20.368872, 0.0)
(39.934231, 20.367931, 0.0)
(39.916695, 20.325607, 0.0)
(39.898682, 20.292480, 0.0)
(39.872601, 20.247166, 0.0)
(39.877438, 20.213888, 0.0)
(38.372448, 19.481215, 0.0)
(38.046650, 19.299185, 0.0)
(38.019024, 19.229439, 0.0)
(37.944817, 19.186226, 0.0)
(38.502117, 19.253693, 0.0)
(38.589806, 19.268459, 0.0)
(38.505871, 19.256187, 0.0)
(38.397308, 19.210905, 0.0)
(38.274532, 19.130932, 0.0)
(37.188385, 18.813717, 0.0)
(36.949272, 18.761755, 0.0)
(36.866272, 18.708447, 0.0)
(36.726040, 18.617537, 0.0)
(36.658958, 18.578022, 0.0)
(35.458157, 18.368227, 0.0)
(35.030918, 18.287903, 0.0)
(34.908142, 18.226288, 0.0)
(34.813892, 18.185019, 0.0)
(34.689587, 18.189932, 0.0)
(31.281120, 18.069016, 0.0)
(30.987934, 18.076241, 0.0)
(30.900763, 18.026228, 0.0)
(30.840328, 17.988407, 0.0)
(30.782841, 18.004858, 0.0)
(30.733829, 17.985510, 0.0)
(30.641634, 17.969231, 0.0)
(30.526943, 17.953018, 0.0)
(30.418299, 17.969893, 0.0)
(30.259670, 17.971563, 0.0)
(30.149549, 17.956448, 0.0)
(29.947632, 17.972174, 0.0)
(28.453981, 18.117250, 0.0)
(28.265850, 18.142292, 0.0)
(28.160366, 18.129824, 0.0)
(27.819304, 18.228672, 0.0)
(24.148493, 19.319828, 0.0)
(23.431234, 19.531630, 0.0)
(23.338108, 19.535797, 0.0)
(23.292967, 19.554937, 0.0)
(23.266184, 19.559763, 0.0)
(23.221094, 19.598429, 0.0)
(23.218683, 19.716082, 0.0)
(23.207981, 19.731691, 0.0)
(22.950077, 19.926826, 0.0)
(21.907253, 20.435211, 0.0)
(21.819973, 20.517345, 0.0)
(21.840694, 20.561460, 0.0)
(21.811676, 20.590229, 0.0)
(21.801237, 20.596708, 0.0)
(21.790831, 20.609480, 0.0)
(21.806402, 20.636625, 0.0)
(21.454601, 20.783148, 0.0)
(21.266869, 20.886374, 0.0)
(21.206272, 20.952316, 0.0)
(21.195049, 20.976089, 0.0)
(21.207935, 21.007900, 0.0)
(21.260162, 21.000673, 0.0)
(21.269978, 21.009974, 0.0)
(21.272406, 21.042267, 0.0)
(21.303835, 21.032478, 0.0)
(21.329754, 21.083500, 0.0)
(23.187401, 20.176519, 0.0)
(31.653292, 18.046679, 0.0)
(32.358242, 18.127850, 0.0)
(32.569382, 18.237600, 0.0)
(32.682594, 18.224545, 0.0)
(32.783016, 18.184912, 0.0)
(32.851711, 18.184320, 0.0)
(32.915932, 18.126307, 0.0)
(32.993610, 18.143602, 0.0)
(33.046059, 18.078705, 0.0)
(32.803883, 18.062416, 0.0)
(30.474842, 18.207590, 0.0)
(30.441277, 18.250738, 0.0)
(30.497078, 18.134338, 0.0)
(30.573851, 18.054583, 0.0)
(30.646790, 18.026655, 0.0)
(30.698088, 18.002192, 0.0)
(30.755911, 17.952448, 0.0)
(30.850384, 17.904472, 0.0)
(30.903748, 17.831455, 0.0)
(33.234627, 17.872845, 0.0)
(35.649349, 18.048409, 0.0)
(35.768356, 18.061348, 0.0)
(35.786697, 18.031050, 0.0)
(35.830654, 18.018538, 0.0)
(35.851334, 18.004126, 0.0)
(35.919518, 17.953775, 0.0)
(35.971817, 17.997288, 0.0)
(36.000805, 18.003864, 0.0)
(36.056072, 17.990685, 0.0)
(35.223629, 17.832636, 0.0)
(35.249336, 17.821609, 0.0)
(35.350266, 17.780500, 0.0)
(35.438560, 17.811062, 0.0)
(35.547916, 17.787636, 0.0)
(35.611328, 17.767082, 0.0)
(37.893612, 18.549562, 0.0)
(38.745712, 18.948074, 0.0)
(38.797066, 18.938978, 0.0)
(38.800186, 18.914345, 0.0)
(38.828308, 18.897713, 0.0)
(38.883339, 18.866297, 0.0)
(38.927948, 18.856771, 0.0)
(38.937233, 18.851391, 0.0)
(38.967464, 18.877304, 0.0)
(39.729996, 19.200478, 0.0)
(39.819527, 19.270397, 0.0)
(39.814137, 19.203327, 0.0)
(39.822678, 19.174089, 0.0)
(39.811657, 19.189417, 0.0)
(39.786243, 19.115120, 0.0)
(39.768456, 19.113382, 0.0)
(39.739822, 19.174158, 0.0)
(39.739006, 19.213652, 0.0)
(39.730675, 19.241974, 0.0)
(39.712296, 19.294939, 0.0)
(39.772717, 19.518911, 0.0)
(40.351871, 21.480900, 0.0)
(40.355747, 21.765537, 0.0)
(40.365051, 21.797258, 0.0)
(40.380356, 21.879232, 0.0)
(40.376072, 21.971827, 0.0)
(40.371407, 22.011648, 0.0)
(40.402321, 22.085365, 0.0)
(40.437164, 22.097223, 0.0)
(40.414795, 22.099602, 0.0)
(40.797474, 24.085430, 0.0)
(40.812775, 25.228266, 0.0)
(40.796059, 25.373671, 0.0)
(40.787224, 25.367590, 0.0)
(40.812374, 25.393763, 0.0)
(40.824505, 25.412455, 0.0)
(40.819946, 25.231409, 0.0)
(40.824364, 25.161184, 0.0)
(40.835011, 25.183296, 0.0)
(40.834892, 25.234350, 0.0)
(40.853157, 25.259901, 0.0)
(40.860355, 25.247042, 0.0)
(40.851006, 25.245007, 0.0)
(40.852188, 25.265471, 0.0)
(40.864250, 25.239628, 0.0)
(40.866188, 25.197245, 0.0)
(40.866989, 25.181402, 0.0)
(41.022259, 26.214512, 0.0)
(40.993813, 27.111038, 0.0)
(40.960064, 27.139973, 0.0)
(40.960064, 27.139973, 0.0)
(40.977135, 27.156803, 0.0)
(40.998569, 27.115858, 0.0)
(40.993073, 27.108347, 0.0)
(40.969624, 27.098270, 0.0)
(40.969437, 27.074266, 0.0)
(40.913296, 27.638035, 0.0)
(40.870262, 28.522974, 0.0)
(40.855339, 28.622313, 0.0)
(40.816746, 28.496881, 0.0)
(40.808861, 28.480083, 0.0)
(40.810352, 28.431377, 0.0)
(40.809059, 28.405910, 0.0)
(40.815643, 28.358454, 0.0)
(40.818134, 28.285707, 0.0)
(40.820774, 28.289719, 0.0)
(40.808811, 28.270924, 0.0)
(40.790073, 28.137367, 0.0)
(40.426529, 25.990574, 0.0)
(40.335518, 25.844189, 0.0)
(40.336952, 25.843018, 0.0)
(40.316360, 25.850061, 0.0)
(40.338947, 25.814762, 0.0)
(40.321659, 25.820570, 0.0)
(40.341564, 25.811646, 0.0)
(40.351978, 25.791239, 0.0)
(40.354908, 25.753180, 0.0)
(40.368954, 25.687321, 0.0)
(40.372478, 25.681425, 0.0)
(40.334179, 25.659559, 0.0)
(40.181988, 26.220844, 0.0)
(40.172222, 25.400024, 0.0)
(40.166142, 24.978352, 0.0)
(40.237453, 24.985336, 0.0)
(40.248409, 24.967136, 0.0)
(40.244236, 24.968359, 0.0)
(40.246407, 24.927866, 0.0)
(40.270359, 24.956186, 0.0)
(40.252209, 24.924137, 0.0)
(40.256561, 24.933304, 0.0)
(40.235752, 24.870222, 0.0)
(40.257721, 24.808622, 0.0)
(40.247734, 24.739901, 0.0)
(40.277779, 24.746637, 0.0)
(40.240070, 24.687834, 0.0)
(40.239285, 24.687887, 0.0)
(40.193871, 24.459797, 0.0)
(40.079609, 23.466185, 0.0)
(40.061596, 23.365156, 0.0)
(40.054119, 23.360731, 0.0)
(40.057735, 23.360340, 0.0)
(39.949043, 23.290014, 0.0)
(39.501034, 21.508154, 0.0)
(39.433186, 21.182734, 0.0)
(39.387985, 21.153286, 0.0)
(39.379684, 21.105486, 0.0)
(39.409466, 20.916740, 0.0)
(39.399624, 20.280169, 0.0)
(39.378334, 20.252851, 0.0)
(39.388874, 20.298603, 0.0)
(39.353146, 20.293695, 0.0)
(39.232658, 20.168751, 0.0)
(38.739571, 19.307753, 0.0)
(38.679932, 19.160194, 0.0)
(38.703312, 19.157907, 0.0)
(38.684380, 19.137238, 0.0)
(38.670872, 19.118977, 0.0)
(38.648193, 19.123592, 0.0)
(38.657337, 19.139109, 0.0)
(38.653805, 19.136532, 0.0)
(38.638584, 19.143652, 0.0)
(38.642399, 19.105614, 0.0)
(38.647106, 19.108263, 0.0)
(38.626751, 19.037939, 0.0)
(38.617554, 19.023027, 0.0)
(38.597500, 18.970837, 0.0)
(38.591187, 18.968418, 0.0)
(38.002907, 18.883310, 0.0)
(37.968147, 18.815340, 0.0)
(38.000000, 18.811449, 0.0)
(38.009251, 18.779984, 0.0)
(38.015747, 18.778843, 0.0)
(38.607166, 20.010441, 0.0)
(38.647511, 20.190710, 0.0)
(38.640640, 20.191048, 0.0)
(38.650875, 20.227659, 0.0)
(38.652309, 20.319778, 0.0)
(38.503773, 20.280546, 0.0)
(39.171803, 23.000278, 0.0)
(38.981472, 22.485909, 0.0)
(39.032257, 22.462139, 0.0)
(39.147568, 22.567371, 0.0)
(39.151344, 22.531956, 0.0)
(39.151344, 22.416016, 0.0)
(39.203053, 22.440111, 0.0)
(39.211781, 22.490175, 0.0)
(39.213871, 22.558521, 0.0)
(39.212490, 22.605680, 0.0)
(39.319653, 22.889297, 0.0)
(39.626560, 25.266762, 0.0)
(39.609772, 25.606180, 0.0)
(39.602283, 25.584593, 0.0)
(39.622478, 25.589266, 0.0)
(39.627075, 25.590405, 0.0)
(39.632698, 25.621067, 0.0)
(39.645565, 25.726658, 0.0)
(39.655216, 25.704746, 0.0)
(39.648052, 25.759905, 0.0)
(39.641060, 25.770355, 0.0)
(39.664200, 25.817781, 0.0)
(39.677753, 25.869762, 0.0)
(39.659695, 26.235580, 0.0)
(39.575089, 26.580359, 0.0)
(39.574451, 26.690702, 0.0)
(39.578964, 26.773788, 0.0)
(39.727711, 27.833122, 0.0)
(39.649406, 28.736454, 0.0)
(39.649052, 28.864502, 0.0)
(39.597965, 28.901680, 0.0)
(39.591255, 28.920517, 0.0)
(39.587620, 28.957012, 0.0)
(39.600128, 29.024778, 0.0)
(39.590599, 29.029097, 0.0)
(39.567093, 29.072454, 0.0)
(39.564507, 29.089434, 0.0)
(39.569546, 29.135324, 0.0)
(39.553028, 29.177391, 0.0)
(38.422855, 29.595531, 0.0)
(38.343197, 29.700764, 0.0)
(38.336971, 29.770782, 0.0)
(38.335495, 29.807535, 0.0)
(38.322819, 29.827724, 0.0)
(38.317135, 29.813684, 0.0)
(38.302692, 29.838287, 0.0)
(38.323452, 29.807528, 0.0)
(38.298538, 29.695625, 0.0)
(38.147675, 29.191004, 0.0)
(37.832932, 22.042767, 0.0)
(37.772121, 21.362530, 0.0)
(37.829144, 21.319490, 0.0)
(37.867317, 21.350647, 0.0)
(37.883869, 21.332466, 0.0)
(37.915249, 21.343393, 0.0)
(37.920948, 21.313650, 0.0)
(37.915901, 21.308331, 0.0)
(37.921173, 21.264898, 0.0)
(37.935890, 21.229021, 0.0)
(37.947514, 21.184439, 0.0)
(37.933346, 21.138775, 0.0)
(37.952457, 21.108057, 0.0)
(37.987267, 21.075178, 0.0)
(37.990261, 21.031609, 0.0)
(37.983887, 20.976124, 0.0)
(37.270184, 19.356030, 0.0)
(37.194359, 18.953054, 0.0)
(37.207397, 18.921053, 0.0)
(37.191978, 18.865990, 0.0)
(37.197628, 18.862825, 0.0)
(37.193443, 18.862181, 0.0)
(37.198956, 18.827826, 0.0)
(37.182713, 18.805763, 0.0)
(37.192280, 18.790905, 0.0)
(37.301353, 18.923939, 0.0)
(38.060848, 20.087389, 0.0)
(38.103176, 20.202778, 0.0)
(38.088730, 20.123846, 0.0)
(38.096798, 20.073885, 0.0)
(38.097649, 19.995743, 0.0)
(38.098820, 19.971308, 0.0)
(38.076168, 19.888226, 0.0)
(37.177105, 18.516636, 0.0)
(37.046940, 18.228214, 0.0)
(37.030010, 18.186167, 0.0)
(37.023159, 18.191959, 0.0)
(37.044315, 18.189743, 0.0)
(37.043545, 18.189596, 0.0)
(37.001526, 18.214218, 0.0)
(37.012745, 18.183146, 0.0)
(36.714058, 18.149887, 0.0)
(36.683510, 18.152681, 0.0)
(36.688789, 18.147701, 0.0)
(36.699539, 18.159664, 0.0)
(36.697311, 18.154463, 0.0)
(36.701881, 18.148540, 0.0)
(36.704456, 18.143898, 0.0)
(36.717422, 18.181770, 0.0)
(36.723618, 18.269436, 0.0)
(36.707012, 18.404383, 0.0)
(36.536831, 18.754307, 0.0)
(37.351963, 23.538651, 0.0)
(37.256336, 22.932848, 0.0)
(37.288948, 23.065722, 0.0)
(37.315601, 22.806242, 0.0)
(37.293869, 22.057304, 0.0)
(37.295944, 22.091341, 0.0)
(37.293545, 22.218416, 0.0)
(37.323811, 22.312466, 0.0)
(37.345764, 22.378454, 0.0)
(37.415325, 22.423393, 0.0)
(37.428875, 22.513098, 0.0)
(37.412605, 22.632479, 0.0)
(37.743439, 24.675606, 0.0)
(37.736111, 25.461468, 0.0)
(37.751720, 25.548815, 0.0)
(37.767418, 25.572390, 0.0)
(37.779408, 25.649538, 0.0)
(37.793560, 25.701290, 0.0)
(37.812393, 25.740440, 0.0)
(37.849712, 25.807407, 0.0)
(37.853642, 25.808458, 0.0)
(37.863415, 25.802011, 0.0)
(37.873383, 25.757875, 0.0)
(37.876747, 25.748497, 0.0)
(37.892845, 25.770889, 0.0)
(37.908890, 25.791574, 0.0)
(37.941746, 25.812672, 0.0)
(38.045357, 28.050730, 0.0)
(37.983334, 28.699945, 0.0)
(37.949638, 28.708130, 0.0)
(37.964314, 28.677101, 0.0)
(37.975277, 28.650784, 0.0)
(38.058777, 28.935274, 0.0)
(38.063942, 29.060677, 0.0)
(38.047363, 29.067810, 0.0)
(38.060043, 29.057720, 0.0)
(37.936058, 29.326033, 0.0)
(37.687099, 30.209974, 0.0)
(37.617714, 30.297907, 0.0)
(37.626205, 30.233618, 0.0)
(37.599163, 30.233391, 0.0)
(37.593468, 30.224901, 0.0)
(37.581718, 30.205168, 0.0)
(37.525841, 30.196087, 0.0)
(37.499054, 30.177860, 0.0)
(37.448643, 30.136686, 0.0)
(37.435150, 30.156046, 0.0)
(37.405846, 30.081329, 0.0)
(37.331154, 29.968273, 0.0)
(37.282589, 29.966862, 0.0)
(36.571388, 28.829615, 0.0)
(36.537926, 28.017992, 0.0)
(36.552837, 27.874554, 0.0)
(36.599613, 27.864332, 0.0)
(36.607159, 27.790380, 0.0)
(36.982632, 26.532072, 0.0)
(36.954391, 24.530584, 0.0)
(36.907986, 24.416855, 0.0)
(36.922848, 24.414867, 0.0)
(36.783882, 23.679163, 0.0)
(36.398117, 20.514502, 0.0)
(36.358807, 20.227606, 0.0)
(36.367523, 20.197853, 0.0)
(36.324959, 20.113380, 0.0)
(36.356655, 20.077278, 0.0)
(36.412296, 20.024811, 0.0)
(36.417385, 20.041559, 0.0)
(36.416183, 20.079758, 0.0)
(36.418926, 20.136124, 0.0)
(36.356113, 20.225573, 0.0)
(36.360992, 20.297352, 0.0)
(36.368023, 20.368618, 0.0)
(36.371033, 20.411558, 0.0)
(36.354691, 20.452896, 0.0)
(36.240013, 20.371613, 0.0)
(35.417347, 18.945522, 0.0)
(35.354691, 18.825893, 0.0)
(35.380974, 18.835554, 0.0)
(35.351891, 18.846249, 0.0)
(35.298935, 18.693638, 0.0)
(35.020706, 18.033886, 0.0)
(34.977455, 18.002308, 0.0)
(34.962105, 18.049383, 0.0)
(34.959824, 18.102737, 0.0)
(34.948505, 18.146130, 0.0)
(34.933315, 18.175940, 0.0)
(34.960400, 18.210026, 0.0)
(34.972363, 18.191111, 0.0)
(34.945068, 18.214252, 0.0)
(34.941124, 18.210484, 0.0)
(34.938923, 18.195366, 0.0)
(34.947994, 18.200024, 0.0)
(35.005985, 18.155745, 0.0)
(34.957924, 18.119141, 0.0)
(34.969090, 18.106611, 0.0)
(34.967407, 18.098068, 0.0)
(34.977314, 18.061796, 0.0)
(34.978035, 18.047461, 0.0)
(34.961044, 18.035786, 0.0)
(34.947651, 18.015694, 0.0)
(34.949440, 18.031834, 0.0)
(34.932735, 18.048925, 0.0)
(34.701290, 18.107771, 0.0)
(35.139179, 21.137939, 0.0)
(34.951923, 20.309778, 0.0)
(35.013008, 20.338787, 0.0)
(35.010063, 20.480982, 0.0)
(35.017948, 20.367144, 0.0)
(34.998535, 20.539494, 0.0)
(35.008339, 20.684864, 0.0)
(34.991829, 20.740383, 0.0)
(35.023533, 20.823624, 0.0)
(35.056610, 20.845688, 0.0)
(35.944466, 23.932966, 0.0)
(36.006020, 27.523716, 0.0)
(35.924870, 27.620583, 0.0)
(35.935390, 27.490238, 0.0)
(35.945427, 27.413721, 0.0)
(35.962452, 27.398773, 0.0)
(35.977509, 27.446154, 0.0)
(36.013699, 27.504665, 0.0)
(36.128166, 26.326469, 0.0)
(36.075226, 25.163225, 0.0)
(36.021759, 25.371811, 0.0)
(35.989140, 25.677616, 0.0)
(35.928658, 25.904747, 0.0)
(35.920696, 26.084663, 0.0)
(35.933537, 26.090794, 0.0)
(36.004978, 26.165329, 0.0)
(35.984177, 26.041569, 0.0)
(36.132725, 27.126970, 0.0)
(36.191254, 29.064493, 0.0)
(36.219631, 29.153498, 0.0)
(36.208939, 29.063951, 0.0)
(36.201107, 28.957237, 0.0)
(36.174873, 28.872324, 0.0)
(36.229572, 28.834951, 0.0)
(36.152935, 28.663578, 0.0)
(36.155453, 28.593494, 0.0)
(36.169144, 28.536350, 0.0)
(36.152287, 28.484161, 0.0)
(36.167206, 28.422470, 0.0)
(36.188038, 28.397539, 0.0)
(36.157066, 28.368826, 0.0)
(36.116467, 28.265827, 0.0)
(36.114971, 28.159008, 0.0)
(36.036606, 28.046347, 0.0)
(35.719128, 30.711418, 0.0)
(35.518505, 31.235729, 0.0)
(35.541412, 30.011198, 0.0)
(35.453129, 29.623396, 0.0)
(35.477123, 29.542215, 0.0)
(35.491497, 29.475595, 0.0)
(35.504707, 29.487911, 0.0)
(35.458305, 29.418434, 0.0)
(35.460728, 29.323986, 0.0)
(35.502583, 29.168072, 0.0)
(35.514610, 29.125320, 0.0)
(35.468491, 29.065683, 0.0)
(35.037148, 26.758904, 0.0)
(34.721424, 25.436903, 0.0)
(34.717758, 25.183819, 0.0)
(34.745083, 25.223515, 0.0)
(34.833992, 25.168182, 0.0)
(34.858749, 25.091763, 0.0)
(34.880703, 24.964912, 0.0)
(35.250942, 23.954323, 0.0)
(35.323906, 23.856256, 0.0)
(35.342960, 23.810417, 0.0)
(35.336102, 23.701546, 0.0)
(35.129574, 23.334772, 0.0)
(34.594963, 22.136635, 0.0)
(34.591820, 22.040792, 0.0)
(34.634304, 22.074629, 0.0)
(34.697166, 21.074261, 0.0)
(34.687080, 20.029013, 0.0)
(34.600262, 19.951534, 0.0)
(34.586750, 20.005112, 0.0)
(34.655193, 19.974245, 0.0)
(34.658024, 19.933292, 0.0)
(34.673401, 19.877520, 0.0)
(34.679951, 19.787855, 0.0)
(34.698547, 19.758659, 0.0)
(34.682697, 19.732788, 0.0)
(34.662491, 19.706860, 0.0)
(34.654079, 19.701977, 0.0)
(34.645267, 19.687855, 0.0)
(34.640797, 19.567064, 0.0)
(34.374596, 18.654545, 0.0)
(33.782917, 16.961538, 0.0)
(33.728481, 16.925987, 0.0)
(33.709496, 16.959625, 0.0)
(33.697769, 16.963264, 0.0)
(33.690536, 16.987127, 0.0)
(33.222691, 16.884903, 0.0)
(33.169506, 16.871517, 0.0)
(33.179699, 16.859255, 0.0)
(33.168385, 16.855560, 0.0)
(33.168736, 16.865194, 0.0)
(33.171780, 16.830421, 0.0)
(33.154686, 16.803198, 0.0)
(33.142384, 16.821280, 0.0)
(33.119740, 16.834963, 0.0)
(33.147041, 16.868561, 0.0)
(33.143559, 16.920904, 0.0)
(33.103146, 16.923788, 0.0)
(33.118984, 16.918812, 0.0)
(33.104385, 16.934282, 0.0)
(33.119320, 16.958326, 0.0)
(33.113129, 17.094168, 0.0)
(33.118359, 18.646921, 0.0)
(33.134583, 19.258259, 0.0)
(33.138836, 19.401062, 0.0)
(33.169704, 19.301920, 0.0)
(33.124462, 18.464092, 0.0)
(33.110298, 18.412748, 0.0)
(33.124462, 18.455791, 0.0)
(33.083508, 18.482161, 0.0)
(33.696342, 22.457754, 0.0)
(33.538528, 21.452444, 0.0)
(33.590076, 21.327564, 0.0)
(33.639351, 21.366796, 0.0)
(33.655056, 21.168287, 0.0)
(33.683586, 21.191214, 0.0)
(33.729874, 21.254366, 0.0)
(33.746590, 21.275692, 0.0)
(33.762707, 21.329422, 0.0)
(33.780834, 21.454575, 0.0)
(34.270275, 24.095871, 0.0)
(34.287445, 25.199516, 0.0)
(34.261036, 25.339249, 0.0)
(34.273186, 25.421070, 0.0)
(34.258812, 25.520121, 0.0)
(34.207729, 24.731409, 0.0)
(34.206059, 24.579206, 0.0)
(34.184071, 24.647554, 0.0)
(34.168961, 24.737385, 0.0)
(34.142895, 24.770029, 0.0)
(34.070885, 24.897408, 0.0)
(34.448090, 26.652742, 0.0)
(34.542927, 29.959930, 0.0)
(34.495274, 30.248558, 0.0)
(34.413490, 30.194979, 0.0)
(34.402958, 30.152103, 0.0)
(34.396301, 30.120308, 0.0)
(34.380909, 30.067692, 0.0)
(34.377728, 30.067190, 0.0)
(34.153477, 30.280287, 0.0)
(34.219879, 30.595564, 0.0)
(34.271622, 30.643517, 0.0)
(34.241936, 30.654360, 0.0)
(34.195118, 30.669292, 0.0)
(34.284340, 30.663174, 0.0)
(34.288216, 30.744974, 0.0)
(34.261124, 30.852556, 0.0)
(34.216606, 30.885418, 0.0)
(34.049557, 31.110346, 0.0)
(32.981838, 32.116158, 0.0)
(33.106792, 30.847765, 0.0)
(33.104534, 30.421257, 0.0)
(33.080185, 30.472057, 0.0)
(33.056557, 30.568855, 0.0)
(33.009537, 30.617073, 0.0)
(32.644066, 29.575474, 0.0)
(32.569794, 29.553501, 0.0)
(32.594616, 29.629318, 0.0)
(32.585709, 29.577446, 0.0)
(32.549698, 27.550009, 0.0)
(32.480270, 25.550606, 0.0)
(32.473392, 25.531715, 0.0)
(32.468998, 25.529789, 0.0)
(32.476952, 25.468641, 0.0)
(32.441444, 25.411469, 0.0)
(32.458954, 25.330275, 0.0)
(32.523670, 25.268581, 0.0)
(32.507225, 25.205353, 0.0)
(32.484306, 25.104612, 0.0)
(32.281303, 23.672070, 0.0)
(32.223133, 22.848640, 0.0)
(32.196503, 22.737890, 0.0)
(32.223846, 22.661970, 0.0)
(32.237156, 22.585838, 0.0)
(32.230545, 22.536535, 0.0)
(31.971642, 20.936676, 0.0)
(31.869034, 19.271173, 0.0)
(31.845900, 19.149673, 0.0)
(31.825191, 19.053593, 0.0)
(31.673820, 18.460861, 0.0)
(31.355289, 17.130232, 0.0)
(31.369331, 16.991028, 0.0)
(31.345854, 16.940948, 0.0)
(31.343555, 16.885435, 0.0)
(31.377428, 16.862991, 0.0)
(31.363569, 16.860638, 0.0)
(31.347286, 16.819805, 0.0)
(31.365398, 16.834324, 0.0)
(31.386469, 16.842817, 0.0)
(31.260376, 16.821552, 0.0)
(31.097050, 17.295547, 0.0)
(31.171844, 17.248219, 0.0)
(31.205851, 17.293249, 0.0)
(31.239899, 17.274681, 0.0)
(31.260345, 17.255537, 0.0)
(31.276518, 17.248959, 0.0)
(30.920546, 17.026249, 0.0)
(30.586567, 16.775219, 0.0)
(30.573275, 16.767723, 0.0)
(30.567158, 16.789997, 0.0)
(30.545258, 16.756931, 0.0)
(30.547989, 16.745123, 0.0)
(30.551401, 16.737856, 0.0)
(30.585569, 16.761730, 0.0)
(30.549400, 16.773582, 0.0)
(30.569494, 16.800928, 0.0)
(30.606674, 16.831234, 0.0)
(30.728876, 17.665955, 0.0)
(31.053976, 19.881573, 0.0)
(31.052023, 20.100550, 0.0)
(31.039724, 20.075184, 0.0)
(30.903790, 19.602823, 0.0)
(30.856255, 19.394567, 0.0)
(30.837202, 19.433546, 0.0)
(30.861856, 19.483837, 0.0)
(30.833443, 19.555908, 0.0)
(30.848690, 19.896570, 0.0)
(31.097149, 22.760538, 0.0)
(31.883047, 29.449898, 0.0)
(31.812939, 28.448849, 0.0)
(31.752689, 27.944063, 0.0)
(31.731134, 27.914856, 0.0)
(31.749123, 27.876635, 0.0)
(31.699049, 27.573494, 0.0)
(31.168655, 23.781408, 0.0)
(31.165310, 23.688213, 0.0)
(31.153143, 23.738264, 0.0)
(31.152840, 23.708971, 0.0)
(31.150143, 23.664124, 0.0)
(31.131338, 23.581953, 0.0)
(31.124004, 23.505886, 0.0)
(31.126450, 23.474863, 0.0)
(31.146811, 23.400599, 0.0)
(31.157652, 23.509199, 0.0)
(31.162609, 23.632998, 0.0)
(31.757469, 25.588278, 0.0)
(31.779425, 28.678326, 0.0)
(31.723495, 28.894241, 0.0)
(31.666000, 28.881399, 0.0)
(31.626728, 28.909925, 0.0)
(31.566061, 28.967583, 0.0)
(31.524446, 29.043175, 0.0)
(31.224209, 28.415659, 0.0)
(31.243408, 27.252972, 0.0)
(31.211729, 27.350962, 0.0)
(31.194710, 27.461493, 0.0)
(31.162416, 27.575804, 0.0)
(31.131245, 27.684914, 0.0)
(31.119093, 27.782267, 0.0)
(31.116833, 27.907925, 0.0)
(31.133198, 28.012817, 0.0)
(31.127769, 28.052294, 0.0)
(31.095562, 28.169533, 0.0)
(31.088182, 28.211683, 0.0)
(31.099901, 28.274511, 0.0)
(31.117363, 28.289600, 0.0)
(31.139111, 28.280045, 0.0)
(31.103277, 28.278820, 0.0)
(31.086298, 28.222342, 0.0)
(29.999367, 28.230785, 0.0)
(29.829708, 28.280743, 0.0)
(29.764036, 28.206322, 0.0)
(29.771463, 28.141226, 0.0)
(29.745230, 28.114286, 0.0)
(29.708101, 28.048128, 0.0)
(29.653996, 27.917416, 0.0)
(29.649082, 27.784786, 0.0)
(29.645475, 27.600143, 0.0)
(30.022135, 26.221109, 0.0)
(30.015961, 25.983809, 0.0)
(29.985788, 25.830938, 0.0)
(29.984329, 25.689304, 0.0)
(29.992916, 25.521336, 0.0)
(29.990171, 25.323212, 0.0)
(30.005629, 25.095119, 0.0)
(30.010704, 24.899429, 0.0)
(29.997450, 24.663633, 0.0)
(29.990040, 24.474684, 0.0)
(29.866774, 23.412912, 0.0)
(29.821629, 23.198862, 0.0)
(29.822041, 23.045885, 0.0)
(29.797667, 22.864651, 0.0)
(29.778477, 22.736712, 0.0)
(29.781778, 22.628050, 0.0)
(29.769325, 22.453568, 0.0)
(29.636900, 21.886929, 0.0)
(29.593582, 20.969786, 0.0)
(29.564806, 20.867571, 0.0)
(29.562920, 20.797016, 0.0)
(29.594582, 20.673750, 0.0)
(29.535114, 19.838589, 0.0)
(29.388292, 18.194309, 0.0)
(29.338156, 18.049021, 0.0)
(29.298199, 18.054672, 0.0)
(29.055435, 17.546246, 0.0)
(28.730728, 16.252386, 0.0)
(28.665457, 16.161707, 0.0)
(28.686560, 16.196651, 0.0)
(28.684004, 16.231892, 0.0)
(28.593279, 16.170864, 0.0)
(28.221586, 16.091541, 0.0)
(28.174105, 16.120033, 0.0)
(28.220659, 16.180971, 0.0)
(28.195553, 16.166468, 0.0)
(28.201553, 16.196426, 0.0)
(28.190685, 16.205463, 0.0)
(28.083736, 16.256063, 0.0)
(27.813105, 16.340370, 0.0)
(27.833620, 16.375616, 0.0)
(27.894129, 16.553127, 0.0)
(27.894800, 16.581371, 0.0)
(27.868633, 16.581724, 0.0)
(27.878773, 16.568127, 0.0)
(27.881495, 16.599623, 0.0)
(27.899019, 16.643711, 0.0)
(27.890158, 16.687532, 0.0)
(27.875902, 16.727732, 0.0)
(27.928534, 17.200932, 0.0)
(28.404352, 20.019936, 0.0)
(28.375311, 20.678673, 0.0)
(28.319466, 20.705814, 0.0)
(28.343723, 20.740522, 0.0)
(28.324253, 20.402208, 0.0)
(28.259499, 19.548843, 0.0)
(28.245014, 19.595987, 0.0)
(28.263636, 19.723120, 0.0)
(28.312927, 19.793837, 0.0)
(28.327896, 19.856283, 0.0)
(28.328455, 19.957396, 0.0)
(28.348370, 20.029150, 0.0)
(28.337391, 20.095871, 0.0)
(28.773983, 21.922667, 0.0)
(28.877123, 23.451044, 0.0)
(28.847412, 23.587025, 0.0)
(28.801632, 23.661900, 0.0)
(28.771685, 23.778028, 0.0)
(28.668341, 23.737715, 0.0)
(28.657558, 23.419832, 0.0)
(28.662643, 23.518717, 0.0)
(28.650148, 23.621010, 0.0)
(28.635872, 23.671432, 0.0)
(28.647839, 23.760853, 0.0)
(28.778055, 24.504120, 0.0)
(29.393698, 28.675177, 0.0)
(29.363194, 29.260733, 0.0)
(29.279905, 29.176325, 0.0)
(29.203510, 29.114531, 0.0)
(29.204756, 29.027311, 0.0)
(29.183205, 29.064886, 0.0)
(29.154158, 29.013773, 0.0)
(29.111671, 29.010866, 0.0)
(29.126839, 29.005222, 0.0)
(28.900837, 27.850470, 0.0)
(28.895319, 27.423342, 0.0)
(28.873686, 27.443329, 0.0)
(28.865425, 27.423019, 0.0)
(28.853691, 27.454802, 0.0)
(28.839598, 27.461357, 0.0)
(28.824795, 27.461273, 0.0)
(28.169182, 29.586599, 0.0)
(28.088160, 29.836227, 0.0)
(28.048740, 29.760395, 0.0)
(28.031548, 29.630302, 0.0)
(27.995895, 29.581352, 0.0)
(27.966747, 29.558752, 0.0)
(27.916861, 29.554697, 0.0)
(27.864716, 29.541342, 0.0)
(27.810230, 29.530979, 0.0)
(27.780622, 29.447975, 0.0)
(27.712807, 29.244209, 0.0)
(27.095953, 26.430000, 0.0)
(27.063885, 25.251104, 0.0)
(27.091457, 24.928488, 0.0)
(27.094841, 24.949921, 0.0)
(27.153719, 24.922827, 0.0)
(27.183443, 24.858545, 0.0)
(27.204245, 24.807171, 0.0)
(27.228458, 24.732220, 0.0)
(27.216623, 24.640308, 0.0)
(27.241861, 24.559244, 0.0)
(27.270941, 24.462002, 0.0)
(27.275549, 24.318655, 0.0)
(27.303572, 24.209002, 0.0)
(27.332396, 24.103752, 0.0)
(27.359041, 24.001307, 0.0)
(27.354898, 23.884422, 0.0)
(27.603321, 22.995295, 0.0)
(27.648542, 22.362631, 0.0)
(27.631500, 22.270266, 0.0)
(27.622351, 22.204365, 0.0)
(27.470116, 21.407936, 0.0)
(27.259357, 18.071064, 0.0)
(27.390360, 17.408213, 0.0)
(27.419386, 17.457907, 0.0)
(27.411293, 17.485338, 0.0)
(27.365988, 17.455564, 0.0)
(27.382029, 17.468882, 0.0)
(27.392633, 17.459692, 0.0)
(27.413403, 17.468508, 0.0)
(27.410191, 17.472021, 0.0)
(27.404160, 17.490463, 0.0)
(27.380537, 17.841770, 0.0)
(27.252327, 18.728096, 0.0)
(27.222502, 18.760828, 0.0)
(27.170015, 18.731211, 0.0)
(27.164030, 18.682863, 0.0)
(26.890501, 17.721170, 0.0)
(26.664873, 16.690830, 0.0)
(26.597042, 16.648193, 0.0)
(26.597673, 16.704941, 0.0)
(26.574781, 16.705893, 0.0)
(26.558311, 16.704187, 0.0)
(26.562851, 16.690773, 0.0)
(26.200970, 16.904209, 0.0)
(26.146210, 16.921400, 0.0)
(26.030783, 18.666914, 0.0)
(26.143715, 18.431597, 0.0)
(26.206282, 18.177130, 0.0)
(26.185503, 18.271788, 0.0)
(26.198614, 18.360620, 0.0)
(26.198431, 18.436565, 0.0)
(26.211710, 18.519747, 0.0)
(26.189718, 18.606033, 0.0)
(26.159807, 18.745584, 0.0)
(26.145769, 18.840727, 0.0)
(26.290611, 20.618191, 0.0)
(26.647482, 23.438095, 0.0)
(26.606771, 23.837990, 0.0)
(26.505688, 23.853966, 0.0)
(26.459471, 23.856888, 0.0)
(26.402349, 23.912703, 0.0)
(26.388094, 23.970205, 0.0)
(26.376570, 23.994572, 0.0)
(26.338564, 24.040621, 0.0)
(26.785778, 27.266958, 0.0)
(26.865959, 28.138098, 0.0)
(26.814684, 28.215425, 0.0)
(26.738184, 28.175480, 0.0)
(26.715826, 28.134386, 0.0)
(26.684462, 28.171608, 0.0)
(26.658867, 28.123159, 0.0)
(26.645897, 28.122587, 0.0)
(26.631220, 28.107470, 0.0)
(26.617531, 28.089697, 0.0)
(26.624365, 28.082104, 0.0)
(26.620729, 28.043564, 0.0)
(26.628706, 27.996590, 0.0)
(26.610008, 27.962786, 0.0)
(26.901682, 27.071302, 0.0)
(26.941217, 26.556988, 0.0)
(26.904087, 26.538870, 0.0)
(26.910219, 26.543135, 0.0)
(26.905279, 26.549606, 0.0)
(26.820391, 26.373905, 0.0)
(26.728323, 25.611994, 0.0)
(26.709051, 25.574497, 0.0)
(26.696346, 25.593122, 0.0)
(26.698711, 25.592005, 0.0)
(26.722784, 25.623537, 0.0)
(26.708902, 25.641630, 0.0)
(27.160128, 27.668671, 0.0)
(27.341583, 28.850111, 0.0)
(27.282827, 28.965555, 0.0)
(27.224291, 28.948067, 0.0)
(27.179752, 28.971642, 0.0)
(27.167654, 28.986801, 0.0)
(27.142984, 28.995405, 0.0)
(27.124271, 29.005302, 0.0)
(27.116375, 28.975788, 0.0)
(27.088673, 28.990999, 0.0)
(26.513098, 28.758209, 0.0)
(26.339279, 28.685480, 0.0)
(26.333624, 28.721483, 0.0)
(26.300804, 28.706841, 0.0)
(26.287409, 28.700823, 0.0)
(26.260422, 28.651423, 0.0)
(26.267103, 28.643745, 0.0)
(26.243349, 28.649696, 0.0)
(26.223867, 28.652649, 0.0)
(26.229649, 28.600037, 0.0)
(26.224766, 28.541584, 0.0)
(26.214401, 28.541523, 0.0)
(26.213047, 28.470293, 0.0)
(25.888771, 25.447947, 0.0)
(25.669977, 24.549423, 0.0)
(25.602112, 24.543968, 0.0)
(25.571276, 24.587294, 0.0)
(25.563871, 24.601278, 0.0)
(25.562145, 24.613094, 0.0)
(25.556337, 24.585045, 0.0)
(25.547379, 24.561960, 0.0)
(25.542274, 24.527946, 0.0)
(25.548803, 24.508057, 0.0)
(25.572752, 24.404606, 0.0)
(25.587521, 24.333475, 0.0)
(25.584435, 24.194221, 0.0)
(25.598818, 24.097946, 0.0)
(25.604233, 23.989590, 0.0)
(25.627592, 23.799273, 0.0)
(25.702335, 23.582178, 0.0)
(25.543184, 22.735279, 0.0)
(25.447067, 22.646833, 0.0)
(25.428373, 22.570387, 0.0)
(25.409693, 22.430338, 0.0)
(25.351967, 22.278481, 0.0)
(25.234974, 22.959440, 0.0)
(24.954657, 20.440147, 0.0)
(25.009888, 20.134537, 0.0)
(25.019190, 20.194839, 0.0)
(25.024664, 20.161224, 0.0)
(25.035484, 20.117086, 0.0)
(25.061975, 20.044415, 0.0)
(25.014509, 18.623728, 0.0)
(25.014084, 18.438311, 0.0)
(25.019083, 18.495182, 0.0)
(24.991152, 18.531416, 0.0)
(24.630348, 18.062986, 0.0)
(24.562717, 17.915770, 0.0)
(24.566080, 17.988380, 0.0)
(24.573048, 17.997787, 0.0)
(24.545664, 18.051283, 0.0)
(24.511286, 18.038448, 0.0)
(24.178717, 18.603136, 0.0)
(24.306494, 18.541273, 0.0)
(24.326351, 18.651249, 0.0)
(24.329788, 18.708464, 0.0)
(24.290781, 18.753206, 0.0)
(24.310919, 18.809008, 0.0)
(24.318960, 18.815092, 0.0)
(24.293736, 18.838192, 0.0)
(24.272989, 18.836296, 0.0)
(24.290955, 18.852390, 0.0)
(24.092302, 20.056810, 0.0)
(24.124342, 20.962278, 0.0)
(24.100765, 21.106567, 0.0)
(24.083950, 21.109251, 0.0)
(24.069281, 21.155081, 0.0)
(24.057034, 21.232527, 0.0)
(24.001787, 21.323820, 0.0)
(24.025280, 21.482210, 0.0)
(24.025343, 21.547413, 0.0)
(24.029583, 21.563402, 0.0)
(24.038765, 21.623056, 0.0)
(24.091986, 22.579292, 0.0)
(24.155340, 23.513302, 0.0)
(24.146261, 23.631098, 0.0)
(24.137499, 23.622913, 0.0)
(24.123779, 23.646942, 0.0)
(24.114288, 23.632683, 0.0)
(24.169558, 23.557487, 0.0)
(24.211975, 23.487024, 0.0)
(24.205446, 23.521164, 0.0)
(24.170328, 23.562992, 0.0)
(24.168093, 23.588615, 0.0)
(24.173239, 23.610868, 0.0)
(24.178495, 23.667067, 0.0)
(24.760338, 25.271982, 0.0)
(24.783564, 25.711992, 0.0)
(24.737461, 25.710180, 0.0)
(24.716259, 25.739609, 0.0)
(24.721270, 25.761831, 0.0)
(24.710115, 25.814346, 0.0)
(24.684996, 25.794010, 0.0)
(24.196589, 27.246078, 0.0)
(24.126350, 28.874592, 0.0)
(24.118776, 28.964622, 0.0)
(24.058479, 28.880486, 0.0)
(24.052149, 28.852501, 0.0)
(24.030926, 28.886232, 0.0)
(24.031799, 28.883705, 0.0)
(24.027172, 28.896015, 0.0)
(23.978510, 28.902115, 0.0)
(23.964277, 28.941742, 0.0)
(23.948355, 28.917900, 0.0)
(23.835001, 29.301582, 0.0)
(23.963799, 30.376791, 0.0)
(23.813894, 29.445566, 0.0)
(23.748400, 28.942495, 0.0)
(23.733641, 28.873573, 0.0)
(23.730165, 28.975554, 0.0)
(23.731188, 28.944750, 0.0)
(23.738482, 28.884321, 0.0)
(23.730103, 28.821690, 0.0)
(23.787203, 27.807348, 0.0)
(23.671003, 25.479904, 0.0)
(23.590008, 25.113560, 0.0)
(23.561691, 25.132969, 0.0)
(23.536198, 25.154816, 0.0)
(23.324512, 24.782223, 0.0)
(23.380663, 23.917248, 0.0)
(23.400061, 23.655384, 0.0)
(23.406673, 23.661701, 0.0)
(23.391279, 23.667465, 0.0)
(23.422289, 23.645508, 0.0)
(23.463137, 23.685673, 0.0)
(23.477751, 23.554050, 0.0)
(23.433308, 23.471117, 0.0)
(22.964579, 22.269577, 0.0)
(22.892290, 22.150583, 0.0)
(22.924467, 22.096972, 0.0)
(22.897020, 22.095984, 0.0)
(22.900484, 22.023529, 0.0)
(23.089342, 21.345699, 0.0)
(23.107920, 20.773848, 0.0)
(23.079811, 20.708162, 0.0)
(23.077223, 20.653261, 0.0)
(22.813801, 20.261215, 0.0)
(22.703259, 19.105261, 0.0)
(22.707554, 18.998905, 0.0)
(22.731615, 18.975286, 0.0)
(22.730824, 18.944836, 0.0)
(22.748432, 18.902931, 0.0)
(22.763006, 18.877317, 0.0)
(22.773527, 18.808443, 0.0)
(22.775059, 18.775404, 0.0)
(22.772427, 18.758026, 0.0)
(22.764267, 18.726934, 0.0)
(22.767496, 18.698589, 0.0)
(22.771799, 18.698551, 0.0)
(22.770494, 18.646654, 0.0)
(22.750708, 18.679214, 0.0)
(22.742695, 18.703812, 0.0)
(22.751684, 18.694000, 0.0)
(22.735910, 18.698151, 0.0)
(22.469254, 20.967604, 0.0)
(22.584906, 20.220764, 0.0)
(22.682819, 19.366623, 0.0)
(22.664684, 19.398388, 0.0)
(22.689051, 19.499449, 0.0)
(22.696394, 19.517656, 0.0)
(22.691248, 19.561512, 0.0)
(22.686880, 19.563135, 0.0)
(22.663103, 19.617706, 0.0)
(22.659178, 19.628887, 0.0)
(22.652670, 21.401390, 0.0)
(22.614780, 22.495329, 0.0)
(22.583744, 22.588284, 0.0)
(22.538422, 22.590580, 0.0)
(22.515411, 22.603859, 0.0)
(22.470627, 22.638939, 0.0)
(22.462011, 22.632282, 0.0)
(22.455908, 22.591864, 0.0)
(22.434038, 22.597704, 0.0)
(22.449133, 22.506119, 0.0)
(22.454823, 22.441767, 0.0)
(22.459991, 22.435862, 0.0)
(22.449484, 22.461363, 0.0)
(22.454370, 22.536396, 0.0)
(22.778452, 23.485653, 0.0)
(22.875826, 23.857912, 0.0)
(22.853422, 23.903482, 0.0)
(22.842388, 23.911366, 0.0)
(22.841829, 23.921989, 0.0)
(22.807524, 23.879932, 0.0)
(22.849056, 23.822058, 0.0)
(22.824043, 23.858122, 0.0)
(22.778864, 23.911165, 0.0)
(22.794388, 23.926823, 0.0)
(22.696962, 24.913017, 0.0)
(23.021856, 27.754744, 0.0)
(22.892893, 26.785343, 0.0)
(22.909395, 26.505297, 0.0)
(22.866007, 26.548637, 0.0)
(22.853525, 26.626747, 0.0)
(22.867527, 26.666161, 0.0)
(22.862579, 26.723736, 0.0)
(22.830374, 26.790979, 0.0)
(22.804529, 27.793873, 0.0)
(22.995365, 28.901077, 0.0)
(23.004265, 29.019672, 0.0)
(22.998590, 29.076311, 0.0)
(23.047869, 29.093250, 0.0)
(23.063770, 29.199505, 0.0)
(23.075998, 29.250080, 0.0)
(23.057156, 29.289062, 0.0)
(23.084393, 29.335011, 0.0)
(23.064039, 29.377226, 0.0)
(23.056948, 29.427351, 0.0)
(23.032270, 29.485529, 0.0)
(23.016035, 29.516802, 0.0)
(23.033180, 29.553938, 0.0)
(23.028460, 29.554323, 0.0)
(22.990173, 29.561237, 0.0)
(22.793413, 29.706602, 0.0)
(22.494625, 29.814840, 0.0)
(22.446049, 29.769051, 0.0)
(22.429897, 29.703613, 0.0)
(22.399088, 29.642136, 0.0)
(21.477472, 24.033962, 0.0)
(21.622391, 22.582672, 0.0)
(21.659399, 22.385557, 0.0)
(21.650797, 22.487375, 0.0)
(21.678982, 22.385267, 0.0)
(21.731949, 22.306068, 0.0)
(21.731070, 22.275578, 0.0)
(21.731886, 22.270725, 0.0)
(21.749830, 22.265947, 0.0)
(21.731163, 22.270109, 0.0)
(21.725281, 22.266920, 0.0)
(21.760590, 22.205273, 0.0)
(21.765581, 22.183788, 0.0)
(21.760374, 22.211628, 0.0)
(21.766453, 22.205273, 0.0)
(21.780182, 22.195211, 0.0)
(21.795246, 22.200550, 0.0)
(21.822779, 22.166975, 0.0)
(21.833332, 22.160427, 0.0)
(21.630602, 23.017313, 0.0)
(21.557232, 22.144459, 0.0)
(21.607481, 21.542173, 0.0)
(21.624601, 21.532139, 0.0)
(21.621485, 21.600000, 0.0)
(21.679394, 21.575731, 0.0)
(21.657749, 21.549911, 0.0)
(21.595039, 20.251369, 0.0)
(21.601696, 19.604353, 0.0)
(21.574196, 19.594318, 0.0)
(21.568703, 19.573547, 0.0)
(21.536846, 19.602230, 0.0)
(21.528843, 19.599813, 0.0)
(21.532480, 19.585402, 0.0)
(21.539761, 19.573589, 0.0)
(21.531544, 19.566362, 0.0)
(21.524698, 19.553123, 0.0)
(21.524139, 19.514513, 0.0)
(21.504028, 19.461008, 0.0)
(21.267544, 20.059475, 0.0)
(21.139858, 21.900013, 0.0)
(21.220930, 20.875132, 0.0)
(21.289110, 20.832254, 0.0)
(21.283541, 20.991312, 0.0)
(21.278839, 21.066620, 0.0)
(21.261400, 21.163649, 0.0)
(21.263779, 21.215696, 0.0)
(21.256796, 21.284470, 0.0)
(21.281412, 21.371389, 0.0)
(21.295113, 22.813177, 0.0)
(21.517174, 24.431709, 0.0)
(21.533577, 24.776978, 0.0)
(21.459496, 24.801643, 0.0)
(21.431973, 24.830482, 0.0)
(21.390545, 24.917816, 0.0)
(21.380562, 24.988876, 0.0)
(21.372311, 25.037750, 0.0)
(21.376978, 25.048002, 0.0)
(21.349934, 25.092308, 0.0)
(21.535599, 26.216585, 0.0)
(21.897131, 28.516541, 0.0)
(21.912172, 28.883276, 0.0)
(21.834490, 28.917202, 0.0)
(21.782505, 28.912369, 0.0)
(21.761990, 28.945343, 0.0)
(21.766884, 29.001596, 0.0)
(21.844275, 29.031843, 0.0)
(21.879919, 29.041677, 0.0)
(21.953623, 28.991804, 0.0)
(21.970242, 28.973587, 0.0)
(21.963453, 28.954287, 0.0)
(21.975815, 28.963144, 0.0)
(21.966856, 28.949518, 0.0)
(21.922073, 28.918766, 0.0)
(21.720284, 29.157757, 0.0)
(21.730043, 29.318251, 0.0)
(21.720104, 29.323765, 0.0)
(21.726091, 29.328560, 0.0)
(21.785305, 29.325762, 0.0)
(21.901518, 29.319393, 0.0)
(21.956936, 29.310629, 0.0)
(21.966145, 29.269423, 0.0)
(21.981712, 29.237801, 0.0)
(21.972860, 29.180870, 0.0)
(21.969740, 29.532101, 0.0)
(22.177090, 32.166435, 0.0)
(22.214220, 31.068445, 0.0)
(22.158966, 30.397469, 0.0)
(22.127029, 30.079823, 0.0)
(22.138041, 29.949484, 0.0)
(22.133341, 29.910755, 0.0)
(22.161926, 29.898098, 0.0)
(22.170639, 29.922163, 0.0)
(22.195078, 29.919031, 0.0)
(22.199505, 29.897095, 0.0)
(22.212170, 29.900854, 0.0)
(22.207413, 29.863348, 0.0)
(22.201197, 29.820623, 0.0)
(22.196531, 29.813187, 0.0)
(22.219683, 29.867094, 0.0)
(22.234306, 29.852072, 0.0)
(22.232679, 29.881485, 0.0)
(22.299294, 30.501442, 0.0)
(30.661879, 28.346537, 0.0)
(30.738005, 27.712011, 0.0)
(30.818905, 27.887453, 0.0)
