(36.141308, 31.923637, 0.0)
(36.144329, 31.986717, 0.0)
(36.145493, 32.010048, 0.0)
(36.142773, 32.036980, 0.0)
(36.130955, 32.017410, 0.0)
(36.145195, 32.000782, 0.0)
(36.156353, 31.992556, 0.0)
(36.147255, 32.027744, 0.0)
(36.146919, 32.029739, 0.0)
(36.146343, 32.042500, 0.0)
(36.140450, 32.070225, 0.0)
(36.156956, 32.047146, 0.0)
(36.146847, 32.038521, 0.0)
(36.157837, 32.068504, 0.0)
(36.157784, 32.097401, 0.0)
(36.131706, 32.158859, 0.0)
(36.206104, 32.184731, 0.0)
(36.131821, 32.162807, 0.0)
(36.134495, 32.140991, 0.0)
(36.202377, 32.167328, 0.0)
(36.202564, 32.153439, 0.0)
(36.197502, 32.148209, 0.0)
(36.185440, 32.133381, 0.0)
(36.211487, 32.120144, 0.0)
(36.216953, 32.112335, 0.0)
(36.165321, 32.084743, 0.0)
(36.616116, 35.280846, 0.0)
(36.569050, 34.443455, 0.0)
(36.192467, 32.917965, 0.0)
(36.071411, 32.231392, 0.0)
(36.114483, 31.994017, 0.0)
(36.126789, 32.005280, 0.0)
(36.164997, 32.032864, 0.0)
(36.191128, 32.041645, 0.0)
(36.206333, 32.025227, 0.0)
(36.206367, 32.019947, 0.0)
(36.192127, 32.018040, 0.0)
(36.213737, 31.984970, 0.0)
(36.151943, 31.941572, 0.0)
(36.191677, 31.917284, 0.0)
(36.246292, 31.911589, 0.0)
(36.230812, 31.922928, 0.0)
(36.189560, 31.936752, 0.0)
(36.223537, 31.926779, 0.0)
(36.224548, 31.933096, 0.0)
(36.225372, 31.919319, 0.0)
(36.215576, 31.898882, 0.0)
(36.231689, 31.895157, 0.0)
(36.216209, 31.871397, 0.0)
(36.190571, 31.883478, 0.0)
(36.182587, 31.923077, 0.0)
(36.184067, 31.928125, 0.0)
(36.189301, 31.946796, 0.0)
(36.180031, 31.962774, 0.0)
(36.204296, 31.932262, 0.0)
(36.212086, 31.928690, 0.0)
(36.215599, 31.904854, 0.0)
(36.215885, 31.910509, 0.0)
(36.176888, 31.884859, 0.0)
(36.196449, 31.839293, 0.0)
(36.209637, 31.848845, 0.0)
(36.193565, 31.884346, 0.0)
(36.174942, 31.911552, 0.0)
(36.174706, 31.927797, 0.0)
(36.204887, 31.942280, 0.0)
(36.189213, 31.931486, 0.0)
(36.185616, 31.927805, 0.0)
(36.218151, 31.898296, 0.0)
(36.213528, 31.883564, 0.0)
(36.210442, 31.880049, 0.0)
(36.185654, 31.917303, 0.0)
(36.202419, 31.929462, 0.0)
(36.206509, 31.945513, 0.0)
(36.218895, 31.983879, 0.0)
(36.211720, 31.961641, 0.0)
(36.199635, 31.995800, 0.0)
(36.217201, 31.964834, 0.0)
(36.194489, 31.976309, 0.0)
(36.192070, 31.987846, 0.0)
(36.149471, 31.964035, 0.0)
(36.133751, 31.972649, 0.0)
(36.145267, 31.979416, 0.0)
(36.141060, 32.017387, 0.0)
(36.122692, 32.026691, 0.0)
(36.116047, 32.038082, 0.0)
(36.140705, 32.025063, 0.0)
(36.131130, 32.044521, 0.0)
(36.123756, 32.051121, 0.0)
(36.141376, 32.046085, 0.0)
(36.141567, 32.057220, 0.0)
(36.152546, 32.036396, 0.0)
(36.145432, 32.050613, 0.0)
(36.139256, 32.063595, 0.0)
(36.152245, 32.042038, 0.0)
(36.140583, 32.039688, 0.0)
(36.137039, 32.004112, 0.0)
(36.148685, 31.992863, 0.0)
(36.163631, 31.950209, 0.0)
(36.153412, 31.948826, 0.0)
(36.163631, 31.992672, 0.0)
(36.159431, 31.967409, 0.0)
(36.196125, 31.976295, 0.0)
(36.174496, 31.970757, 0.0)
(36.136929, 31.990524, 0.0)
(36.177979, 31.982996, 0.0)
(36.190350, 31.972305, 0.0)
(36.165356, 31.969723, 0.0)
(36.177624, 31.990122, 0.0)
(36.197479, 31.975880, 0.0)
(36.199642, 32.018196, 0.0)
(36.191498, 31.996925, 0.0)
(36.197479, 31.983919, 0.0)
(36.205433, 31.966948, 0.0)
(36.194221, 31.967590, 0.0)
(36.208900, 31.977455, 0.0)
(36.200424, 32.023502, 0.0)
(36.188229, 32.040062, 0.0)
(36.196835, 32.019909, 0.0)
(36.200569, 31.992907, 0.0)
(36.206871, 31.989927, 0.0)
(36.217373, 31.958200, 0.0)
(36.234505, 31.940468, 0.0)
(36.234875, 31.927010, 0.0)
(36.236160, 31.919518, 0.0)
(36.235210, 31.923223, 0.0)
(36.235180, 31.931017, 0.0)
(36.206741, 31.969284, 0.0)
(36.153515, 31.984003, 0.0)
(36.163055, 31.953379, 0.0)
(36.187862, 31.960043, 0.0)
(36.163940, 31.954836, 0.0)
(36.171089, 31.946962, 0.0)
(36.203175, 31.932983, 0.0)
(36.247746, 31.925362, 0.0)
(36.242474, 31.919371, 0.0)
(36.219662, 31.914587, 0.0)
(36.222004, 31.897686, 0.0)
(36.238678, 31.915371, 0.0)
(36.211761, 31.899204, 0.0)
(36.198875, 31.910759, 0.0)
(36.204628, 31.926853, 0.0)
(36.175678, 31.938940, 0.0)
(36.176983, 31.934359, 0.0)
(36.164734, 31.943687, 0.0)
(36.204151, 31.938303, 0.0)
(36.203529, 31.937458, 0.0)
(36.193684, 31.931965, 0.0)
(36.201714, 31.928064, 0.0)
(36.215321, 31.945557, 0.0)
(36.219193, 31.957617, 0.0)
(36.198204, 31.967333, 0.0)
(36.208405, 31.970371, 0.0)
(36.166981, 31.931738, 0.0)
(36.180317, 31.933918, 0.0)
(36.217216, 31.927759, 0.0)
(36.207668, 31.914534, 0.0)
(36.195488, 31.908840, 0.0)
(36.197411, 31.888111, 0.0)
(36.227909, 31.885458, 0.0)
(36.210396, 31.883875, 0.0)
(36.224014, 31.828260, 0.0)
(36.255398, 31.805094, 0.0)
(36.252369, 31.799170, 0.0)
(36.269051, 31.788412, 0.0)
(36.245590, 31.804401, 0.0)
(36.260895, 31.821484, 0.0)
(36.258812, 31.829479, 0.0)
(36.245827, 31.853977, 0.0)
(36.260269, 31.847216, 0.0)
(36.259415, 31.816875, 0.0)
(36.279007, 31.795237, 0.0)
(36.245533, 31.850124, 0.0)
(36.275639, 31.920345, 0.0)
(36.277924, 31.970398, 0.0)
(36.270889, 31.982174, 0.0)
(36.247902, 32.000797, 0.0)
(36.255085, 31.999399, 0.0)
(36.253448, 32.026802, 0.0)
(36.264782, 32.049347, 0.0)
(36.210892, 32.074276, 0.0)
(36.232582, 32.063335, 0.0)
(36.212845, 32.036877, 0.0)
(36.209522, 32.092976, 0.0)
(37.654434, 32.480099, 0.0)
(40.530388, 33.821106, 0.0)
(42.558174, 37.800396, 0.0)
(43.583046, 38.647579, 0.0)
(44.108948, 38.596642, 0.0)
(43.566502, 38.865311, 0.0)
(43.448410, 38.920158, 0.0)
(43.459938, 38.951843, 0.0)
(43.484718, 38.990818, 0.0)
(43.510303, 38.996834, 0.0)
(43.596458, 38.935818, 0.0)
(43.524448, 38.967636, 0.0)
(43.678684, 39.244820, 0.0)
(43.596943, 39.353813, 0.0)
(43.553169, 39.398846, 0.0)
(43.603653, 39.388920, 0.0)
(43.543888, 39.405746, 0.0)
(43.590816, 39.364574, 0.0)
(43.615494, 39.366169, 0.0)
(43.649433, 39.366718, 0.0)
(43.638950, 39.354439, 0.0)
(43.632179, 39.346859, 0.0)
(43.661221, 39.312077, 0.0)
(43.636406, 39.330742, 0.0)
(43.645630, 39.310444, 0.0)
(43.650974, 39.281929, 0.0)
(43.648846, 39.241364, 0.0)
(43.635368, 39.245834, 0.0)
(43.580826, 39.280518, 0.0)
(43.618862, 39.282143, 0.0)
(43.592819, 39.284954, 0.0)
(43.583714, 39.274551, 0.0)
(43.747108, 39.151619, 0.0)
(43.757252, 38.963989, 0.0)
(43.782436, 38.920616, 0.0)
(43.754482, 38.920143, 0.0)
(43.751514, 38.944218, 0.0)
(43.719761, 38.979252, 0.0)
(43.760960, 38.930557, 0.0)
(43.780716, 38.918148, 0.0)
(43.721447, 38.908142, 0.0)
(43.559448, 38.760124, 0.0)
(42.503365, 35.325096, 0.0)
(42.493546, 34.898479, 0.0)
(42.522842, 34.869183, 0.0)
(42.560272, 34.908569, 0.0)
(42.606735, 34.879337, 0.0)
(42.465660, 32.248566, 0.0)
(42.789524, 30.641460, 0.0)
(42.977516, 30.214825, 0.0)
(43.023933, 30.239054, 0.0)
(43.074867, 30.230707, 0.0)
(43.070080, 30.253815, 0.0)
(43.477238, 30.552208, 0.0)
(43.585739, 30.655277, 0.0)
(43.586555, 30.617573, 0.0)
(43.628681, 30.559755, 0.0)
(43.638092, 30.516531, 0.0)
(43.704193, 30.494444, 0.0)
(43.709133, 30.443871, 0.0)
(43.709377, 30.449280, 0.0)
(43.709164, 30.493378, 0.0)
(43.733231, 30.452230, 0.0)
(43.707325, 30.404207, 0.0)
(43.713375, 30.333687, 0.0)
(43.760841, 30.279615, 0.0)
(43.751343, 30.258030, 0.0)
(43.757942, 30.240437, 0.0)
(43.733776, 30.200771, 0.0)
(43.746655, 30.223160, 0.0)
(43.709675, 30.202768, 0.0)
(41.524948, 28.648832, 0.0)
(37.365990, 27.284193, 0.0)
(36.780521, 27.083296, 0.0)
(36.728882, 26.975565, 0.0)
(36.737396, 26.922834, 0.0)
(36.760986, 26.900375, 0.0)
(36.356010, 26.987989, 0.0)
(32.213337, 30.038784, 0.0)
(29.320890, 32.557667, 0.0)
(28.627670, 35.360489, 0.0)
(28.768692, 37.354046, 0.0)
(28.810137, 37.537674, 0.0)
(28.748598, 37.473167, 0.0)
(28.706854, 37.411247, 0.0)
(28.640741, 37.427578, 0.0)
(28.314966, 37.835133, 0.0)
(28.282665, 38.028095, 0.0)
(28.277010, 37.994656, 0.0)
(28.279236, 37.970039, 0.0)
(28.276436, 37.997738, 0.0)
(28.230200, 37.990112, 0.0)
(28.261927, 37.927574, 0.0)
(28.270067, 37.900501, 0.0)
(28.250633, 37.883999, 0.0)
(28.191660, 37.897972, 0.0)
(28.143431, 37.892124, 0.0)
(28.141550, 37.911316, 0.0)
(28.097158, 37.940643, 0.0)
(28.094524, 37.909447, 0.0)
(28.120754, 37.861954, 0.0)
(28.129797, 37.856373, 0.0)
(28.111422, 37.861134, 0.0)
(28.109564, 37.856766, 0.0)
(28.121939, 37.855137, 0.0)
(28.078314, 37.842552, 0.0)
(28.081255, 37.795383, 0.0)
(28.098526, 37.806805, 0.0)
(28.117054, 37.781727, 0.0)
(28.108932, 37.757759, 0.0)
(28.089743, 37.734760, 0.0)
(28.110832, 37.703964, 0.0)
(28.083937, 37.704090, 0.0)
(28.093594, 37.644855, 0.0)
(31.293821, 34.989876, 0.0)
(34.945007, 32.638878, 0.0)
(39.225636, 33.076279, 0.0)
(39.625725, 33.126984, 0.0)
(39.656307, 33.098682, 0.0)
(39.658184, 33.052841, 0.0)
(39.658447, 33.051399, 0.0)
(42.275391, 35.706966, 0.0)
(43.062500, 35.771168, 0.0)
(42.797474, 35.460552, 0.0)
(37.638786, 29.796053, 0.0)
(32.318100, 28.260227, 0.0)
(29.321297, 29.086056, 0.0)
(28.666283, 29.253962, 0.0)
(28.613897, 29.271656, 0.0)
(28.640350, 29.253544, 0.0)
(28.643885, 29.305811, 0.0)
(28.621685, 29.367937, 0.0)
(28.026522, 29.998358, 0.0)
(28.000698, 30.047991, 0.0)
(27.961731, 30.019815, 0.0)
(27.964142, 29.954418, 0.0)
(27.955132, 29.900990, 0.0)
(27.926334, 29.835232, 0.0)
(27.961576, 29.795576, 0.0)
(27.892164, 29.829449, 0.0)
(27.901720, 29.795084, 0.0)
(27.873323, 29.812700, 0.0)
(27.890768, 29.786501, 0.0)
(27.891684, 29.756704, 0.0)
(27.881557, 29.757034, 0.0)
(27.926998, 29.714031, 0.0)
(27.936871, 29.713711, 0.0)
(27.915283, 29.686703, 0.0)
(27.933243, 29.671082, 0.0)
(29.589314, 29.799135, 0.0)
(34.835876, 31.980000, 0.0)
(36.257408, 33.080093, 0.0)
(36.285061, 32.987057, 0.0)
(35.854973, 32.728466, 0.0)
(37.391644, 32.360165, 0.0)
(36.402096, 32.032211, 0.0)
(36.368767, 32.111610, 0.0)
(36.390469, 32.116650, 0.0)
(36.402569, 32.056431, 0.0)
(36.414001, 32.049667, 0.0)
(36.394970, 32.008221, 0.0)
(36.391285, 31.983963, 0.0)
(36.406696, 31.970333, 0.0)
(36.438736, 31.954304, 0.0)
(36.443813, 31.919687, 0.0)
(36.482380, 31.957947, 0.0)
(36.455284, 31.956930, 0.0)
(36.436413, 31.933992, 0.0)
(36.468502, 31.935062, 0.0)
(36.469856, 31.939983, 0.0)
(36.473145, 31.942812, 0.0)
(36.647423, 32.189220, 0.0)
(36.609787, 32.196869, 0.0)
(36.560989, 32.200260, 0.0)
(36.555790, 32.199951, 0.0)
(36.544075, 32.193405, 0.0)
(36.579308, 32.185341, 0.0)
(36.585300, 32.159153, 0.0)
(36.547897, 32.146851, 0.0)
(36.564659, 32.154720, 0.0)
(36.521767, 32.148945, 0.0)
(36.521767, 32.148945, 0.0)
(36.521767, 32.148945, 0.0)
(36.532227, 32.154396, 0.0)
(36.533699, 32.158405, 0.0)
(36.246189, 32.192402, 0.0)
(32.517467, 34.265213, 0.0)
(29.727873, 36.582214, 0.0)
(29.161074, 37.776470, 0.0)
(29.148024, 38.062759, 0.0)
(29.118439, 38.069923, 0.0)
(29.086588, 38.026073, 0.0)
(29.079502, 38.056538, 0.0)
(30.157978, 38.101898, 0.0)
(31.004665, 38.231018, 0.0)
(31.100859, 38.162788, 0.0)
(31.158972, 38.091290, 0.0)
(31.303223, 38.042759, 0.0)
(31.456396, 37.989998, 0.0)
(31.587067, 37.931217, 0.0)
(32.843643, 38.370560, 0.0)
(33.051186, 38.338833, 0.0)
(33.304504, 38.241539, 0.0)
(33.510441, 38.105083, 0.0)
(34.596432, 38.142075, 0.0)
(35.951492, 38.255573, 0.0)
(36.172600, 38.217129, 0.0)
(36.338036, 38.160473, 0.0)
(36.511562, 38.182053, 0.0)
(36.701462, 38.162754, 0.0)
(38.157078, 38.361252, 0.0)
(38.325928, 38.355312, 0.0)
(38.434952, 38.292801, 0.0)
(38.610516, 38.301830, 0.0)
(38.705410, 38.336353, 0.0)
(40.538620, 38.432446, 0.0)
(40.835949, 38.341438, 0.0)
(40.946415, 38.368168, 0.0)
(41.025265, 38.314606, 0.0)
(41.028515, 38.275066, 0.0)
(41.115475, 38.256081, 0.0)
(41.173748, 38.246494, 0.0)
(41.200367, 38.253605, 0.0)
(41.217396, 38.256630, 0.0)
(41.299267, 38.268002, 0.0)
(42.579132, 38.563297, 0.0)
(43.492119, 38.699665, 0.0)
(43.574627, 38.634182, 0.0)
(43.613495, 38.614227, 0.0)
(43.715359, 38.596447, 0.0)
(43.778397, 38.545002, 0.0)
(43.816917, 38.543613, 0.0)
(43.854584, 38.524113, 0.0)
(43.860729, 38.487717, 0.0)
(43.891098, 38.501232, 0.0)
(43.906357, 38.473537, 0.0)
(43.863197, 38.389297, 0.0)
(43.818741, 38.275707, 0.0)
(43.792076, 38.182842, 0.0)
(43.762012, 38.127323, 0.0)
(43.718857, 37.993313, 0.0)
(43.654922, 37.927406, 0.0)
(42.829395, 37.823891, 0.0)
(42.352028, 37.827877, 0.0)
(42.256870, 37.836346, 0.0)
(42.162724, 37.834629, 0.0)
(42.101173, 37.743103, 0.0)
(41.190964, 37.657032, 0.0)
(41.053165, 37.556759, 0.0)
(40.987984, 37.523209, 0.0)
(40.881104, 37.505413, 0.0)
(40.817139, 37.469601, 0.0)
(38.986717, 37.289013, 0.0)
(37.527718, 37.188305, 0.0)
(37.386265, 37.131447, 0.0)
(37.260834, 37.077713, 0.0)
(37.124508, 37.025940, 0.0)
(37.017994, 37.041553, 0.0)
(36.861568, 37.029308, 0.0)
(36.683048, 36.937256, 0.0)
(36.510677, 36.918068, 0.0)
(35.199272, 37.026833, 0.0)
(35.083843, 37.159866, 0.0)
(34.949844, 37.126225, 0.0)
(34.830643, 37.105854, 0.0)
(34.642967, 37.135544, 0.0)
(32.111012, 37.504986, 0.0)
(31.677517, 37.585022, 0.0)
(31.554422, 37.623795, 0.0)
(31.498598, 37.655159, 0.0)
(31.366081, 37.635616, 0.0)
(31.306398, 37.657318, 0.0)
(31.245070, 37.632156, 0.0)
(31.176922, 37.606636, 0.0)
(31.096790, 37.622021, 0.0)
(31.012505, 37.578671, 0.0)
(29.273411, 37.862309, 0.0)
(28.233738, 37.757744, 0.0)
(28.344883, 37.528545, 0.0)
(28.362234, 37.446552, 0.0)
(28.343063, 37.458588, 0.0)
(28.317995, 37.458008, 0.0)
(28.241224, 37.422146, 0.0)
(28.234356, 37.397160, 0.0)
(28.217588, 37.307693, 0.0)
(28.178871, 37.190613, 0.0)
(28.147305, 37.113968, 0.0)
(28.148857, 36.941093, 0.0)
(28.165155, 36.917824, 0.0)
(28.213884, 36.851902, 0.0)
(28.286715, 36.852566, 0.0)
(28.372583, 36.836464, 0.0)
(28.433765, 36.808800, 0.0)
(28.504990, 36.755772, 0.0)
(28.562803, 36.720879, 0.0)
(28.731394, 36.683174, 0.0)
(28.929373, 36.627167, 0.0)
(29.110935, 36.514633, 0.0)
(30.636908, 36.833355, 0.0)
(30.864473, 36.779751, 0.0)
(31.020981, 36.720215, 0.0)
(31.221769, 36.669506, 0.0)
(31.400484, 36.682972, 0.0)
(31.607418, 36.656837, 0.0)
(31.855232, 36.655342, 0.0)
(32.090519, 36.649826, 0.0)
(32.348301, 36.524704, 0.0)
(32.817230, 36.496395, 0.0)
(35.286713, 36.962425, 0.0)
(35.585499, 36.961269, 0.0)
(35.821053, 36.939285, 0.0)
(36.143143, 36.906326, 0.0)
(36.434132, 36.776348, 0.0)
(36.982025, 36.778400, 0.0)
(38.294628, 37.015007, 0.0)
(38.471542, 37.039528, 0.0)
(38.654720, 37.077541, 0.0)
(38.819958, 37.063503, 0.0)
(39.023968, 37.055767, 0.0)
(39.210876, 37.007004, 0.0)
(39.369179, 36.967312, 0.0)
(40.844250, 37.201111, 0.0)
(41.233967, 37.259563, 0.0)
(41.378948, 37.288345, 0.0)
(41.445171, 37.270897, 0.0)
(41.487103, 37.291527, 0.0)
(41.566898, 37.313297, 0.0)
(41.833252, 37.412777, 0.0)
(42.988277, 37.505852, 0.0)
(43.198421, 37.540562, 0.0)
(43.219669, 37.545181, 0.0)
(43.264507, 37.543694, 0.0)
(43.305939, 37.572174, 0.0)
(43.344730, 37.541912, 0.0)
(43.976326, 37.766560, 0.0)
(44.191830, 37.712547, 0.0)
(44.240597, 37.704399, 0.0)
(44.252773, 37.707123, 0.0)
(44.212540, 37.670612, 0.0)
(44.171871, 37.675762, 0.0)
(44.092781, 37.720711, 0.0)
(44.046097, 37.709530, 0.0)
(43.947025, 37.684296, 0.0)
(43.848949, 37.612160, 0.0)
(43.819111, 37.550407, 0.0)
(43.762997, 37.528072, 0.0)
(43.013634, 37.246914, 0.0)
(43.036926, 37.272610, 0.0)
(42.987839, 37.271820, 0.0)
(42.890259, 37.167084, 0.0)
(42.719429, 37.021416, 0.0)
(41.471622, 36.895287, 0.0)
(41.295551, 37.615032, 0.0)
(40.944756, 36.787319, 0.0)
(40.649990, 36.369495, 0.0)
(40.458740, 36.320202, 0.0)
(40.324875, 36.209648, 0.0)
(40.155994, 36.165070, 0.0)
(39.146236, 36.167458, 0.0)
(38.127918, 36.118168, 0.0)
(37.888634, 36.048389, 0.0)
(37.714798, 35.974194, 0.0)
(37.556561, 35.929039, 0.0)
(37.323952, 35.873791, 0.0)
(37.137028, 35.827827, 0.0)
(36.639774, 35.822334, 0.0)
(34.488731, 36.037308, 0.0)
(34.490879, 36.235897, 0.0)
(34.406902, 36.269699, 0.0)
(34.214809, 36.278049, 0.0)
(34.073944, 36.209679, 0.0)
(33.918976, 36.182083, 0.0)
(33.806557, 36.161774, 0.0)
(33.286419, 36.305069, 0.0)
(31.518070, 36.411854, 0.0)
(31.374895, 36.468781, 0.0)
(31.266258, 36.501064, 0.0)
(31.102766, 36.540565, 0.0)
(30.980347, 36.571598, 0.0)
(30.837324, 36.556149, 0.0)
(30.746529, 36.521622, 0.0)
(29.102959, 36.948051, 0.0)
(28.141747, 36.813675, 0.0)
(28.200344, 36.701565, 0.0)
(28.194204, 36.702389, 0.0)
(28.137737, 36.720821, 0.0)
(28.103033, 36.750938, 0.0)
(28.056477, 36.785587, 0.0)
(28.000164, 36.733368, 0.0)
(27.960169, 36.738388, 0.0)
(27.937759, 36.738831, 0.0)
(27.882065, 36.728279, 0.0)
(27.837709, 36.690140, 0.0)
(27.858189, 36.683369, 0.0)
(27.835527, 36.667030, 0.0)
(27.843052, 36.634304, 0.0)
(27.902901, 36.561256, 0.0)
(27.952625, 36.528027, 0.0)
(28.026760, 36.459827, 0.0)
(28.120611, 36.339466, 0.0)
(28.215429, 36.260250, 0.0)
(28.416533, 36.117123, 0.0)
(28.613291, 36.044254, 0.0)
(28.915701, 35.961842, 0.0)
(29.649391, 35.877956, 0.0)
(29.903852, 35.775379, 0.0)
(30.220592, 35.656536, 0.0)
(30.558954, 35.604252, 0.0)
(30.811251, 35.561710, 0.0)
(31.956388, 35.560726, 0.0)
(32.327587, 35.609009, 0.0)
(32.672672, 35.534084, 0.0)
(32.955463, 35.514713, 0.0)
(33.311214, 35.439548, 0.0)
(33.646526, 35.389854, 0.0)
(33.957039, 35.340298, 0.0)
(34.893242, 35.517658, 0.0)
(35.456390, 35.674297, 0.0)
(35.665985, 35.635204, 0.0)
(35.891350, 35.614372, 0.0)
(36.092224, 35.569607, 0.0)
(37.461853, 35.635117, 0.0)
(38.146240, 35.804607, 0.0)
(38.326199, 35.864365, 0.0)
(38.478622, 35.863976, 0.0)
(38.642651, 35.860519, 0.0)
(38.877911, 35.850708, 0.0)
(39.012352, 35.813183, 0.0)
(39.169224, 35.740082, 0.0)
(40.504555, 36.099087, 0.0)
(40.717564, 36.178146, 0.0)
(40.781178, 36.194691, 0.0)
(40.882191, 36.234058, 0.0)
(40.981644, 36.289383, 0.0)
(41.088150, 36.272430, 0.0)
(41.195915, 36.292603, 0.0)
(41.867092, 36.365883, 0.0)
(42.370430, 36.358616, 0.0)
(42.490997, 36.338078, 0.0)
(42.554344, 36.335232, 0.0)
(42.633469, 36.310532, 0.0)
(43.269947, 36.593811, 0.0)
(43.684460, 36.563259, 0.0)
(43.693249, 36.602421, 0.0)
(43.713303, 36.547901, 0.0)
(43.743656, 36.520538, 0.0)
(43.744740, 36.489578, 0.0)
(43.756668, 36.451340, 0.0)
(43.710838, 36.355736, 0.0)
(43.677959, 36.258228, 0.0)
(43.647274, 36.222260, 0.0)
(43.612289, 36.143806, 0.0)
(43.483276, 36.089916, 0.0)
(43.404118, 36.017376, 0.0)
(42.674725, 35.840561, 0.0)
(42.390209, 35.900230, 0.0)
(42.271069, 35.862194, 0.0)
(40.985378, 35.553955, 0.0)
(40.759987, 35.543804, 0.0)
(40.509430, 35.477428, 0.0)
(40.241489, 35.461094, 0.0)
(40.036591, 35.412983, 0.0)
(39.792721, 35.368877, 0.0)
(39.594120, 35.310219, 0.0)
(39.325443, 35.183395, 0.0)
(39.141861, 35.123047, 0.0)
(38.690395, 35.097233, 0.0)
(37.633881, 35.049782, 0.0)
(37.392578, 34.992599, 0.0)
(37.174404, 34.975796, 0.0)
(36.906399, 34.875153, 0.0)
(34.866444, 34.762573, 0.0)
(34.317974, 34.919140, 0.0)
(34.131279, 34.851055, 0.0)
(34.000248, 34.847923, 0.0)
(33.897530, 34.831562, 0.0)
(33.802448, 34.823528, 0.0)
(33.715435, 34.783951, 0.0)
(33.595100, 34.706123, 0.0)
(33.448036, 34.657558, 0.0)
(33.310440, 34.627827, 0.0)
(32.125385, 34.964420, 0.0)
(31.142132, 35.152237, 0.0)
(30.934525, 35.182903, 0.0)
(30.775061, 35.204063, 0.0)
(30.601189, 35.228539, 0.0)
(29.796112, 35.510803, 0.0)
(28.011253, 35.785236, 0.0)
(28.157806, 35.461113, 0.0)
(28.160610, 35.417583, 0.0)
(28.098869, 35.316734, 0.0)
(28.077879, 35.270000, 0.0)
(28.104019, 35.247154, 0.0)
(28.092976, 35.192932, 0.0)
(28.054186, 35.176514, 0.0)
(28.031788, 35.135223, 0.0)
(28.001486, 35.098122, 0.0)
(28.021345, 35.047768, 0.0)
(28.030907, 35.000000, 0.0)
(28.076103, 34.914574, 0.0)
(28.086102, 34.890419, 0.0)
(28.136816, 34.833096, 0.0)
(28.200766, 34.767887, 0.0)
(28.245649, 34.707970, 0.0)
(28.150265, 34.726997, 0.0)
(28.389696, 34.652611, 0.0)
(28.533426, 34.559029, 0.0)
(28.768568, 34.478600, 0.0)
(29.099661, 34.394047, 0.0)
(29.458996, 34.294712, 0.0)
(29.854477, 34.167480, 0.0)
(30.202179, 34.057076, 0.0)
(31.426819, 34.135204, 0.0)
(31.750463, 34.171726, 0.0)
(32.075726, 34.126167, 0.0)
(32.361233, 34.090916, 0.0)
(32.634212, 34.063526, 0.0)
(32.959156, 33.979942, 0.0)
(33.279339, 33.956375, 0.0)
(34.074383, 33.944450, 0.0)
(36.722576, 34.123016, 0.0)
(36.942284, 34.126625, 0.0)
(37.089245, 34.091343, 0.0)
(37.224060, 34.105225, 0.0)
(37.277683, 34.144638, 0.0)
(38.632111, 34.374443, 0.0)
(38.896461, 34.585354, 0.0)
(39.018417, 34.559452, 0.0)
(39.080521, 34.509327, 0.0)
(39.159088, 34.419277, 0.0)
(39.233578, 34.402412, 0.0)
(39.399937, 34.402966, 0.0)
(39.497944, 34.420311, 0.0)
(39.659016, 34.408443, 0.0)
(39.876499, 34.494904, 0.0)
(40.028969, 34.491768, 0.0)
(40.303749, 34.623924, 0.0)
(42.574059, 35.723843, 0.0)
(43.034027, 36.066528, 0.0)
(43.349945, 36.036781, 0.0)
(43.569405, 36.004692, 0.0)
(43.635723, 35.998409, 0.0)
(43.644291, 36.025856, 0.0)
(43.651443, 36.056339, 0.0)
(43.628063, 36.056034, 0.0)
(43.641109, 36.036041, 0.0)
(43.643509, 36.032578, 0.0)
(43.651337, 35.992844, 0.0)
(43.669743, 35.988670, 0.0)
(43.676792, 35.964245, 0.0)
(43.698082, 35.885036, 0.0)
(43.584339, 35.785912, 0.0)
(43.201687, 35.555756, 0.0)
(43.186398, 35.496719, 0.0)
(43.104836, 35.397202, 0.0)
(43.005268, 35.235020, 0.0)
(42.838467, 35.106667, 0.0)
(42.386463, 34.636658, 0.0)
(42.414986, 34.856770, 0.0)
(42.162598, 34.749023, 0.0)
(42.035480, 34.673351, 0.0)
(41.903225, 34.581593, 0.0)
(41.709183, 34.509453, 0.0)
(41.538971, 34.424995, 0.0)
(39.695484, 33.990314, 0.0)
(39.036804, 33.950699, 0.0)
(38.839203, 33.943558, 0.0)
(38.669392, 33.916183, 0.0)
(38.578056, 33.843418, 0.0)
(38.445675, 33.776325, 0.0)
(38.339256, 33.745869, 0.0)
(38.174088, 33.662567, 0.0)
(36.942413, 33.745037, 0.0)
(34.726093, 33.586655, 0.0)
(34.725506, 33.590813, 0.0)
(34.681530, 33.528347, 0.0)
(34.674076, 33.456333, 0.0)
(34.514759, 33.444981, 0.0)
(34.447136, 33.433441, 0.0)
(34.373825, 33.451134, 0.0)
(34.340721, 33.424751, 0.0)
(34.240894, 33.393303, 0.0)
(34.203705, 33.344501, 0.0)
(34.176701, 33.325035, 0.0)
(34.118965, 33.295094, 0.0)
(32.377350, 33.617550, 0.0)
(32.008869, 33.758965, 0.0)
(31.901728, 33.754856, 0.0)
(31.816883, 33.773392, 0.0)
(31.691271, 33.784233, 0.0)
(31.575451, 33.798817, 0.0)
(31.440319, 33.772785, 0.0)
(30.145432, 34.101860, 0.0)
(29.634476, 34.141052, 0.0)
(29.581429, 34.114296, 0.0)
(29.529472, 34.087337, 0.0)
(29.411966, 34.062168, 0.0)
(28.662001, 34.327274, 0.0)
(27.963453, 34.494827, 0.0)
(27.773905, 34.441807, 0.0)
(27.658323, 34.416508, 0.0)
(27.622200, 34.402256, 0.0)
(27.599718, 34.404503, 0.0)
(27.507689, 34.388367, 0.0)
(27.496300, 34.362328, 0.0)
(27.521179, 34.335052, 0.0)
(27.539907, 34.270149, 0.0)
(27.560904, 34.166210, 0.0)
(27.606213, 34.102219, 0.0)
(27.686392, 33.983101, 0.0)
(27.780947, 33.929878, 0.0)
(27.884443, 33.837772, 0.0)
(27.956459, 33.825375, 0.0)
(28.824053, 33.803162, 0.0)
(29.146873, 33.778290, 0.0)
(29.303177, 33.737320, 0.0)
(29.525873, 33.720856, 0.0)
(29.894430, 33.590664, 0.0)
(30.916597, 33.411346, 0.0)
(31.236052, 33.352650, 0.0)
(31.502567, 33.278332, 0.0)
(31.790052, 33.160046, 0.0)
(32.487904, 32.906521, 0.0)
(0.000000, 0.000000, 1.0)
(35.584446, 33.413525, 0.0)
(34.928150, 32.830074, 0.0)
(35.016850, 32.838959, 0.0)
(35.240475, 32.843155, 0.0)
(35.442459, 32.834820, 0.0)
(35.594078, 32.786201, 0.0)
(35.827736, 32.751766, 0.0)
(36.012558, 32.704296, 0.0)
(37.396778, 33.130474, 0.0)
(37.648094, 33.180676, 0.0)
(37.793831, 33.204720, 0.0)
(37.981068, 33.239071, 0.0)
(38.164116, 33.260319, 0.0)
(39.053844, 33.537464, 0.0)
(39.912819, 33.692307, 0.0)
(40.045822, 33.744614, 0.0)
(40.160740, 33.733215, 0.0)
(40.283432, 33.765774, 0.0)
(40.380985, 33.795525, 0.0)
(40.504215, 33.850601, 0.0)
(41.540024, 34.387920, 0.0)
(41.729290, 34.436062, 0.0)
(41.784729, 34.475464, 0.0)
(41.874443, 34.478035, 0.0)
(41.925110, 34.502247, 0.0)
(42.966637, 35.016052, 0.0)
(43.171272, 35.071354, 0.0)
(43.194099, 35.095722, 0.0)
(43.228832, 35.114296, 0.0)
(43.225803, 35.116512, 0.0)
(43.256310, 35.115482, 0.0)
(43.265327, 35.085911, 0.0)
(43.241524, 35.062183, 0.0)
(43.221962, 35.054443, 0.0)
(43.222336, 35.036777, 0.0)
(43.175915, 35.031715, 0.0)
(43.132217, 34.992161, 0.0)
(43.107262, 34.938000, 0.0)
(43.066608, 34.878990, 0.0)
(43.022316, 34.833862, 0.0)
(42.117065, 34.380882, 0.0)
(41.927856, 34.241440, 0.0)
(41.835968, 34.211830, 0.0)
(41.717995, 34.174507, 0.0)
(41.550350, 34.024796, 0.0)
(41.352680, 33.928955, 0.0)
(41.175274, 33.699043, 0.0)
(41.069164, 33.612789, 0.0)
(39.378139, 33.148376, 0.0)
(39.180206, 33.176441, 0.0)
(38.991634, 33.159103, 0.0)
(38.868645, 33.150108, 0.0)
(38.588757, 33.082764, 0.0)
(37.654831, 32.739243, 0.0)
(37.369999, 34.466915, 0.0)
(36.740379, 33.817158, 0.0)
(35.150936, 32.733650, 0.0)
(34.815918, 32.540150, 0.0)
(34.736988, 32.548386, 0.0)
(34.661709, 32.516781, 0.0)
(34.555264, 32.512356, 0.0)
(34.455898, 32.478104, 0.0)
(34.346024, 32.440094, 0.0)
(34.233608, 32.386330, 0.0)
(34.061131, 32.366989, 0.0)
(33.478092, 32.526897, 0.0)
(32.140404, 32.652424, 0.0)
(31.916985, 32.623039, 0.0)
(31.784231, 32.649258, 0.0)
(31.669186, 32.631580, 0.0)
(31.500809, 32.594997, 0.0)
(30.497805, 32.944733, 0.0)
(28.873480, 33.427353, 0.0)
(28.834610, 33.366898, 0.0)
(28.804348, 33.368877, 0.0)
(28.768686, 33.353134, 0.0)
(28.739750, 33.372528, 0.0)
(28.615311, 33.346180, 0.0)
(28.504154, 33.388824, 0.0)
(28.426664, 33.467602, 0.0)
(28.267326, 33.493042, 0.0)
(27.413157, 33.676777, 0.0)
(27.323774, 33.668987, 0.0)
(27.317547, 33.609360, 0.0)
(27.315125, 33.602398, 0.0)
(27.313431, 33.600140, 0.0)
(27.356682, 33.599720, 0.0)
(27.383121, 33.571281, 0.0)
(27.431295, 33.453171, 0.0)
(27.544025, 33.393879, 0.0)
(27.671124, 33.282993, 0.0)
(27.834412, 33.186642, 0.0)
(27.965425, 33.093147, 0.0)
(28.148523, 32.997311, 0.0)
(28.386774, 32.949417, 0.0)
(28.846134, 32.819633, 0.0)
(29.514505, 32.753330, 0.0)
(29.767584, 32.685413, 0.0)
(30.018515, 32.593174, 0.0)
(30.225241, 32.537605, 0.0)
(30.407164, 32.533218, 0.0)
(31.566256, 32.520611, 0.0)
(31.827105, 32.491821, 0.0)
(32.034706, 32.441628, 0.0)
(32.208595, 32.386486, 0.0)
(32.436340, 32.389481, 0.0)
(34.269234, 33.744900, 0.0)
(0.000000, 0.000000, 1.0)
(37.111687, 32.764580, 0.0)
(36.750294, 32.008686, 0.0)
(36.932705, 31.952200, 0.0)
(37.080826, 31.999716, 0.0)
(37.193794, 32.062523, 0.0)
(37.344692, 32.115219, 0.0)
(37.566208, 32.135792, 0.0)
(37.637470, 32.144905, 0.0)
(38.827644, 32.703629, 0.0)
(39.259865, 32.800201, 0.0)
(39.378956, 32.787956, 0.0)
(39.512863, 32.816238, 0.0)
(39.617832, 32.826736, 0.0)
(40.527908, 33.238171, 0.0)
(41.189655, 33.542023, 0.0)
(41.297832, 33.622902, 0.0)
(41.362087, 33.623257, 0.0)
(41.473427, 33.620396, 0.0)
(41.630577, 33.643051, 0.0)
(43.205647, 34.455002, 0.0)
(43.351555, 34.458965, 0.0)
(43.333248, 34.472202, 0.0)
(43.343193, 34.481060, 0.0)
(43.370281, 34.537769, 0.0)
(43.376511, 34.569309, 0.0)
(43.363232, 34.575569, 0.0)
(43.379810, 34.573311, 0.0)
(43.379730, 34.554668, 0.0)
(43.371624, 34.460732, 0.0)
(43.388588, 34.431725, 0.0)
(43.362385, 34.354259, 0.0)
(43.290558, 34.296688, 0.0)
(43.364716, 34.203972, 0.0)
(43.250065, 34.029461, 0.0)
(41.841873, 33.341145, 0.0)
(41.921177, 33.419426, 0.0)
(41.923321, 33.388382, 0.0)
(41.844887, 33.343510, 0.0)
(41.698898, 33.207325, 0.0)
(41.572590, 33.116634, 0.0)
(41.409725, 33.020512, 0.0)
(40.029945, 32.645748, 0.0)
(39.750160, 32.550327, 0.0)
(39.597942, 32.473217, 0.0)
(39.432888, 32.398232, 0.0)
(39.349266, 32.386093, 0.0)
(39.174564, 32.272308, 0.0)
(38.695057, 32.210945, 0.0)
(38.258263, 33.230770, 0.0)
(36.445221, 32.937904, 0.0)
(35.447166, 31.832153, 0.0)
(35.817207, 31.511417, 0.0)
(35.802185, 31.525640, 0.0)
(35.648144, 31.540016, 0.0)
(35.585625, 31.537704, 0.0)
(35.505737, 31.572399, 0.0)
(35.417011, 31.573334, 0.0)
(35.281063, 31.556871, 0.0)
(35.150578, 31.504566, 0.0)
(33.175144, 31.725897, 0.0)
(32.973732, 31.650284, 0.0)
(32.900375, 31.600517, 0.0)
(32.821625, 31.536825, 0.0)
(31.973951, 31.724287, 0.0)
(29.884611, 32.281319, 0.0)
(29.762779, 32.259354, 0.0)
(29.709044, 32.254246, 0.0)
(29.604731, 32.257473, 0.0)
(29.510237, 32.231201, 0.0)
(29.465874, 32.244411, 0.0)
(29.377544, 32.214008, 0.0)
(29.276619, 32.197624, 0.0)
(29.155386, 32.180611, 0.0)
(27.920889, 32.614304, 0.0)
(27.568905, 32.581238, 0.0)
(27.511717, 32.523228, 0.0)
(27.515068, 32.486027, 0.0)
(27.528000, 32.475620, 0.0)
(27.515509, 32.449654, 0.0)
(27.468761, 32.440128, 0.0)
(27.472696, 32.459682, 0.0)
(27.466240, 32.466995, 0.0)
(27.439966, 32.477676, 0.0)
(27.455912, 32.449905, 0.0)
(27.497129, 32.375576, 0.0)
(27.571453, 32.337841, 0.0)
(27.633064, 32.251396, 0.0)
(27.722773, 32.194202, 0.0)
(27.861574, 32.122002, 0.0)
(27.982204, 32.000000, 0.0)
(28.130756, 31.928116, 0.0)
(28.525145, 31.822811, 0.0)
(29.803070, 31.551176, 0.0)
(30.068548, 31.406248, 0.0)
(30.289799, 31.372246, 0.0)
(30.518393, 31.330784, 0.0)
(30.724377, 31.227518, 0.0)
(32.293159, 31.085970, 0.0)
(32.612644, 30.991344, 0.0)
(32.662914, 30.893665, 0.0)
(34.162868, 30.722530, 0.0)
(35.888733, 30.917572, 0.0)
(36.862637, 30.937105, 0.0)
(36.746597, 30.967741, 0.0)
(36.852676, 31.008512, 0.0)
(36.998642, 30.990614, 0.0)
(37.149651, 30.989491, 0.0)
(37.212593, 30.978600, 0.0)
(37.286148, 30.976566, 0.0)
(37.339603, 30.992125, 0.0)
(37.412792, 31.045431, 0.0)
(37.524357, 31.062569, 0.0)
(37.624485, 31.056740, 0.0)
(40.090302, 31.850986, 0.0)
(40.393356, 32.023560, 0.0)
(40.532898, 32.107265, 0.0)
(40.571815, 32.113392, 0.0)
(40.663013, 32.178009, 0.0)
(42.221458, 32.936199, 0.0)
(43.033123, 33.454258, 0.0)
(43.099445, 33.453762, 0.0)
(43.101234, 33.446106, 0.0)
(43.121841, 33.435493, 0.0)
(43.130924, 33.421276, 0.0)
(43.138275, 33.408115, 0.0)
(43.174160, 33.389828, 0.0)
(43.165985, 33.430195, 0.0)
(43.182941, 33.429108, 0.0)
(43.207878, 33.384098, 0.0)
(43.224743, 33.393784, 0.0)
(43.241131, 33.411282, 0.0)
(43.265297, 33.396698, 0.0)
(43.275372, 33.403271, 0.0)
(43.287788, 33.379597, 0.0)
(43.300411, 33.363773, 0.0)
(43.303543, 33.292957, 0.0)
(43.306908, 33.261173, 0.0)
(43.270649, 33.210377, 0.0)
(43.162022, 33.084389, 0.0)
(42.720783, 32.713379, 0.0)
(42.681599, 32.680328, 0.0)
(42.722481, 32.685898, 0.0)
(42.655190, 32.590771, 0.0)
(42.618904, 32.474972, 0.0)
(41.537758, 31.922163, 0.0)
(41.423454, 31.827904, 0.0)
(41.360001, 31.789551, 0.0)
(41.288120, 31.722658, 0.0)
(41.183357, 31.622717, 0.0)
(40.804913, 31.516987, 0.0)
(39.341328, 31.061773, 0.0)
(39.179924, 31.039711, 0.0)
(39.051426, 30.951685, 0.0)
(38.954689, 30.871548, 0.0)
(38.777420, 30.811846, 0.0)
(38.683578, 30.725950, 0.0)
(38.462383, 30.631166, 0.0)
(37.129002, 30.457747, 0.0)
(36.957859, 30.422691, 0.0)
(36.779922, 30.429718, 0.0)
(36.640865, 30.343451, 0.0)
(36.341583, 30.282682, 0.0)
(35.036835, 30.377262, 0.0)
(32.434486, 30.879383, 0.0)
(32.198425, 30.447313, 0.0)
(32.174416, 30.430294, 0.0)
(32.098419, 30.487461, 0.0)
(31.935801, 30.429464, 0.0)
(31.896652, 30.353548, 0.0)
(31.858587, 30.347803, 0.0)
(31.748047, 30.351887, 0.0)
(31.541468, 30.407095, 0.0)
(28.845575, 31.415600, 0.0)
(28.703289, 31.422199, 0.0)
(28.738031, 31.340149, 0.0)
(28.640785, 31.272444, 0.0)
(28.621536, 31.285538, 0.0)
(28.536901, 31.245283, 0.0)
(28.476915, 31.289043, 0.0)
(28.462593, 31.277691, 0.0)
(27.741405, 31.207703, 0.0)
(27.687927, 31.106447, 0.0)
(27.705500, 31.104704, 0.0)
(27.641457, 31.095818, 0.0)
(27.685965, 31.083969, 0.0)
(27.682840, 31.099989, 0.0)
(27.677387, 31.094353, 0.0)
(27.677402, 31.076923, 0.0)
(27.732523, 31.051661, 0.0)
(27.879333, 31.005676, 0.0)
(27.932999, 30.931761, 0.0)
(28.059093, 30.864672, 0.0)
(28.194529, 30.779375, 0.0)
(28.380198, 30.673813, 0.0)
(29.451189, 30.657667, 0.0)
(29.694342, 30.585779, 0.0)
(29.921520, 30.498407, 0.0)
(30.189198, 30.418705, 0.0)
(30.392426, 30.354898, 0.0)
(31.386774, 30.187639, 0.0)
(32.539101, 29.976292, 0.0)
(32.851559, 29.537888, 0.0)
(34.681633, 30.917875, 0.0)
(36.152702, 30.599899, 0.0)
(35.552944, 29.874001, 0.0)
(35.500927, 29.938864, 0.0)
(35.652683, 30.006088, 0.0)
(35.786541, 29.982933, 0.0)
(35.935230, 29.976515, 0.0)
(36.121746, 29.919367, 0.0)
(36.286633, 29.828245, 0.0)
(36.391369, 29.732098, 0.0)
(36.518444, 29.761889, 0.0)
(36.614479, 29.803200, 0.0)
(36.745029, 29.847639, 0.0)
(36.852409, 29.873505, 0.0)
(37.465363, 30.018305, 0.0)
(38.871624, 30.348480, 0.0)
(39.057209, 30.346050, 0.0)
(39.211685, 30.360310, 0.0)
(39.331360, 30.317711, 0.0)
(39.465118, 30.364035, 0.0)
(39.997936, 30.524847, 0.0)
(41.807018, 31.304073, 0.0)
(41.940121, 31.376726, 0.0)
(41.995667, 31.388462, 0.0)
(42.060680, 31.392563, 0.0)
(42.089985, 31.402800, 0.0)
(42.251293, 31.450768, 0.0)
(43.597004, 32.424389, 0.0)
(43.770794, 32.541901, 0.0)
(43.760910, 32.519356, 0.0)
(43.723141, 32.557705, 0.0)
(43.686623, 32.569969, 0.0)
(43.745834, 32.583775, 0.0)
(43.771614, 32.555176, 0.0)
(43.792656, 32.517941, 0.0)
(43.828918, 32.505470, 0.0)
(43.835545, 32.481041, 0.0)
(43.817093, 32.448338, 0.0)
(43.775326, 32.432468, 0.0)
(43.726791, 32.419048, 0.0)
(43.703655, 32.384666, 0.0)
(43.611393, 32.348785, 0.0)
(43.004253, 31.899988, 0.0)
(42.767609, 31.676151, 0.0)
(42.747036, 31.628965, 0.0)
(42.694645, 31.603840, 0.0)
(42.616798, 31.543530, 0.0)
(41.269001, 30.887562, 0.0)
(40.996922, 30.765507, 0.0)
(40.909229, 30.696573, 0.0)
(40.778000, 30.648386, 0.0)
(40.597828, 30.533348, 0.0)
(40.473274, 30.468887, 0.0)
(40.313663, 30.390255, 0.0)
(40.166771, 30.325365, 0.0)
(38.451683, 29.961060, 0.0)
(38.247036, 29.881790, 0.0)
(38.139450, 29.823877, 0.0)
(38.038528, 29.776562, 0.0)
(37.893623, 29.706755, 0.0)
(37.678482, 29.641462, 0.0)
(37.555183, 29.588882, 0.0)
(36.219463, 29.573097, 0.0)
(35.977757, 29.563845, 0.0)
(35.830837, 29.562550, 0.0)
(35.744991, 29.524443, 0.0)
(35.563999, 29.532700, 0.0)
(34.243008, 29.623692, 0.0)
(33.232590, 29.637300, 0.0)
(33.090771, 29.611443, 0.0)
(32.954098, 29.589731, 0.0)
(32.818863, 29.568621, 0.0)
(32.686310, 29.562738, 0.0)
(30.206194, 30.255798, 0.0)
(28.971098, 30.719746, 0.0)
(28.798344, 30.699078, 0.0)
(28.753687, 30.685526, 0.0)
(28.671679, 30.729439, 0.0)
(28.595879, 30.711184, 0.0)
(28.518820, 30.721548, 0.0)
(28.471087, 30.756504, 0.0)
(28.388195, 30.780922, 0.0)
(28.306665, 30.802570, 0.0)
(28.226355, 30.812542, 0.0)
(28.142199, 30.808031, 0.0)
(28.077545, 30.828838, 0.0)
(27.777296, 30.902527, 0.0)
(27.683929, 30.525867, 0.0)
(27.714605, 30.498400, 0.0)
(27.733223, 30.481218, 0.0)
(27.744505, 30.446886, 0.0)
(27.791735, 30.426208, 0.0)
(27.864607, 30.366629, 0.0)
(27.923460, 30.290171, 0.0)
(27.991344, 30.224537, 0.0)
(28.057480, 30.111568, 0.0)
(28.134506, 30.049946, 0.0)
(28.531792, 29.929647, 0.0)
(29.125250, 29.846994, 0.0)
(29.285204, 29.781603, 0.0)
(29.453108, 29.732954, 0.0)
(29.710327, 29.643478, 0.0)
(29.900772, 29.609182, 0.0)
(31.011065, 29.504175, 0.0)
(31.311693, 29.372782, 0.0)
(31.606598, 29.229868, 0.0)
(31.951157, 29.109648, 0.0)
(32.338299, 29.083309, 0.0)
(33.293407, 29.121111, 0.0)
(33.502048, 29.137573, 0.0)
(33.654743, 29.039818, 0.0)
(33.910328, 29.056995, 0.0)
(34.376373, 28.989927, 0.0)
(35.516521, 29.032040, 0.0)
(35.751308, 29.035107, 0.0)
(35.887260, 29.020845, 0.0)
(36.046310, 29.045801, 0.0)
(36.199886, 29.013121, 0.0)
(37.565289, 29.166636, 0.0)
(38.080063, 29.288639, 0.0)
(38.237106, 29.282854, 0.0)
(38.413399, 29.322500, 0.0)
(38.609863, 29.422272, 0.0)
(38.704800, 29.441784, 0.0)
(38.855442, 29.483603, 0.0)
(39.638874, 29.723257, 0.0)
(40.497219, 30.037628, 0.0)
(40.680046, 30.069220, 0.0)
(40.835293, 30.104349, 0.0)
(40.904095, 30.145082, 0.0)
(41.032040, 30.180752, 0.0)
(42.418854, 30.970629, 0.0)
(42.828449, 31.202271, 0.0)
(42.899265, 31.225939, 0.0)
(42.945175, 31.234581, 0.0)
(42.950153, 31.286957, 0.0)
(42.954922, 31.295490, 0.0)
(42.992325, 31.336336, 0.0)
(43.184448, 31.427000, 0.0)
(43.669964, 31.861717, 0.0)
(43.738495, 31.896006, 0.0)
(43.702290, 31.884079, 0.0)
(43.699421, 31.889326, 0.0)
(43.373554, 31.920193, 0.0)
(43.436188, 31.733793, 0.0)
(43.094063, 31.271795, 0.0)
(43.034878, 31.073006, 0.0)
(43.042946, 31.006643, 0.0)
(43.039726, 30.958687, 0.0)
(42.972149, 30.860531, 0.0)
(42.911625, 30.810108, 0.0)
(42.865730, 30.764835, 0.0)
(42.314968, 30.545265, 0.0)
(41.519844, 30.179607, 0.0)
(41.373795, 30.084915, 0.0)
(41.265682, 30.048243, 0.0)
(41.116272, 30.006527, 0.0)
(40.964787, 29.931067, 0.0)
(40.796192, 29.877647, 0.0)
(39.291840, 29.406506, 0.0)
(39.096523, 29.366890, 0.0)
(37.580341, 29.113010, 0.0)
(37.417236, 29.037325, 0.0)
(37.359947, 28.989700, 0.0)
(37.208691, 28.945358, 0.0)
(36.915138, 28.855295, 0.0)
(36.156380, 28.649750, 0.0)
(35.601715, 28.519648, 0.0)
(35.057133, 28.757841, 0.0)
(34.597187, 28.797644, 0.0)
(34.431259, 28.768164, 0.0)
(34.320412, 28.753332, 0.0)
(34.193264, 28.742119, 0.0)
(34.037800, 28.695601, 0.0)
(33.912636, 28.684666, 0.0)
(33.710388, 28.664900, 0.0)
(30.614182, 29.393948, 0.0)
(29.854336, 29.606388, 0.0)
(29.649738, 29.614250, 0.0)
(29.465229, 29.680889, 0.0)
(29.340218, 29.679539, 0.0)
(29.266592, 29.684198, 0.0)
(29.218666, 29.669210, 0.0)
(29.093493, 29.690746, 0.0)
(29.054213, 29.674484, 0.0)
(28.990723, 29.679121, 0.0)
(28.923817, 29.701296, 0.0)
(28.793226, 29.680607, 0.0)
(28.704775, 29.739733, 0.0)
(28.644323, 29.769121, 0.0)
(28.476904, 29.836914, 0.0)
(27.648396, 30.217506, 0.0)
(27.505384, 30.266508, 0.0)
(27.481199, 30.246454, 0.0)
(27.380854, 30.251318, 0.0)
(27.405369, 30.233425, 0.0)
(27.493340, 30.154850, 0.0)
(27.502640, 30.122074, 0.0)
(27.542223, 30.093246, 0.0)
(27.640591, 30.030769, 0.0)
(27.647905, 30.003723, 0.0)
(27.780220, 29.919865, 0.0)
(27.881327, 29.840714, 0.0)
(28.016922, 29.762728, 0.0)
(28.788025, 29.515602, 0.0)
(28.913000, 29.456963, 0.0)
(29.120377, 29.359230, 0.0)
(29.301905, 29.251337, 0.0)
(29.646784, 29.087069, 0.0)
(31.124655, 28.760870, 0.0)
(31.345995, 28.660692, 0.0)
(31.498449, 28.568527, 0.0)
(31.713127, 28.578564, 0.0)
(31.936626, 28.557617, 0.0)
(32.083427, 28.523628, 0.0)
(32.282177, 28.459120, 0.0)
(33.302185, 28.445026, 0.0)
(34.058117, 28.401907, 0.0)
(34.287205, 28.346266, 0.0)
(34.535206, 28.319103, 0.0)
(34.726139, 28.295732, 0.0)
(35.289642, 28.259745, 0.0)
(36.134010, 28.283813, 0.0)
(36.370205, 28.311190, 0.0)
(36.567631, 28.320553, 0.0)
(36.743263, 28.324966, 0.0)
(37.394051, 28.398499, 0.0)
(39.402420, 29.016424, 0.0)
(39.561321, 29.027248, 0.0)
(39.654366, 29.002367, 0.0)
(39.736252, 29.048559, 0.0)
(39.823818, 29.092537, 0.0)
(39.903339, 29.115719, 0.0)
(40.016331, 29.088398, 0.0)
(40.124523, 29.095467, 0.0)
(40.256523, 29.077339, 0.0)
(40.921593, 29.418139, 0.0)
(42.401432, 30.358974, 0.0)
(42.601341, 30.407814, 0.0)
(42.676098, 30.422686, 0.0)
(42.756527, 30.490419, 0.0)
(42.801292, 30.523563, 0.0)
(42.847733, 30.500654, 0.0)
(42.954647, 30.532904, 0.0)
(43.029369, 30.557459, 0.0)
(43.066566, 30.509678, 0.0)
(43.087826, 30.514143, 0.0)
(43.147930, 30.223320, 0.0)
(43.117115, 30.094528, 0.0)
(43.071728, 30.043947, 0.0)
(43.069500, 30.029705, 0.0)
(43.066498, 30.021137, 0.0)
(43.033627, 30.023737, 0.0)
(43.043308, 30.019854, 0.0)
(43.002705, 29.977827, 0.0)
(42.927277, 29.913275, 0.0)
(42.720333, 29.790995, 0.0)
(41.705498, 29.256796, 0.0)
(41.540768, 29.113678, 0.0)
(41.446480, 29.107931, 0.0)
(41.316929, 29.040407, 0.0)
(41.157856, 29.011465, 0.0)
(39.511829, 28.460625, 0.0)
(39.344593, 28.407719, 0.0)
(39.185669, 28.300272, 0.0)
(38.957039, 28.217207, 0.0)
(38.736427, 28.220592, 0.0)
(38.501049, 28.218298, 0.0)
(38.263920, 28.154310, 0.0)
(37.005474, 28.116837, 0.0)
(36.502045, 28.019991, 0.0)
(36.331310, 27.961777, 0.0)
(36.163425, 27.923769, 0.0)
(36.031967, 27.881229, 0.0)
(35.868496, 27.848461, 0.0)
(35.763912, 27.831379, 0.0)
(35.560337, 27.807371, 0.0)
(34.671993, 27.960093, 0.0)
(34.224144, 28.007004, 0.0)
(34.091362, 27.961826, 0.0)
(33.954891, 27.884441, 0.0)
(33.788525, 27.851408, 0.0)
(33.604687, 27.821039, 0.0)
(32.317902, 28.067560, 0.0)
(32.061100, 28.117348, 0.0)
(31.885040, 28.140205, 0.0)
(31.676231, 28.222248, 0.0)
(30.833134, 28.499266, 0.0)
(29.876348, 28.741341, 0.0)
(29.682484, 28.761002, 0.0)
(29.601404, 28.731441, 0.0)
(29.517719, 28.743664, 0.0)
(29.394812, 28.771019, 0.0)
(29.324316, 28.826601, 0.0)
(29.274012, 28.852215, 0.0)
(28.275843, 29.232916, 0.0)
(28.009909, 29.339436, 0.0)
(27.966208, 29.293764, 0.0)
(27.957766, 29.265686, 0.0)
(27.937815, 29.266958, 0.0)
(27.909655, 29.284592, 0.0)
(27.930088, 29.233959, 0.0)
(27.956121, 29.218643, 0.0)
(28.001904, 29.176470, 0.0)
(28.004732, 29.163832, 0.0)
(28.008945, 29.161146, 0.0)
(28.053143, 29.114590, 0.0)
(28.121967, 29.101168, 0.0)
(28.215206, 29.003025, 0.0)
(28.311718, 28.948589, 0.0)
(28.436121, 28.931213, 0.0)
(28.584284, 28.879168, 0.0)
(28.934443, 28.744967, 0.0)
(29.743996, 28.619991, 0.0)
(29.992380, 28.479174, 0.0)
(31.262053, 28.297705, 0.0)
(31.610435, 28.234451, 0.0)
(31.798786, 28.106705, 0.0)
(32.057804, 28.057283, 0.0)
(32.244846, 27.937445, 0.0)
(32.465378, 27.889469, 0.0)
(32.644405, 27.878395, 0.0)
(32.861271, 27.826223, 0.0)
(33.629974, 27.842932, 0.0)
(33.883488, 27.770086, 0.0)
(34.050339, 27.674826, 0.0)
(34.714626, 27.674984, 0.0)
(35.571323, 27.758810, 0.0)
(35.774487, 27.744516, 0.0)
(35.956451, 27.701746, 0.0)
(36.117222, 27.731380, 0.0)
(36.332817, 27.773066, 0.0)
(37.665630, 27.895786, 0.0)
(37.977718, 27.892593, 0.0)
(38.101845, 27.844271, 0.0)
(38.251892, 27.859632, 0.0)
(38.405807, 27.899607, 0.0)
(39.061932, 28.168421, 0.0)
(40.175579, 28.641346, 0.0)
(40.348114, 28.708923, 0.0)
(40.444672, 28.718769, 0.0)
(40.515102, 28.698317, 0.0)
(40.600025, 28.703548, 0.0)
(42.285225, 29.881418, 0.0)
(42.580345, 30.152727, 0.0)
(42.743389, 30.257431, 0.0)
(42.739964, 30.246500, 0.0)
(42.732445, 30.263218, 0.0)
(42.785713, 30.230219, 0.0)
(42.843204, 30.261469, 0.0)
(42.819996, 30.281803, 0.0)
(42.845921, 30.282356, 0.0)
(42.905552, 30.351746, 0.0)
(42.936668, 30.384180, 0.0)
(42.941444, 30.388763, 0.0)
(43.231655, 30.713993, 0.0)
(43.445187, 31.036345, 0.0)
(43.436977, 31.009523, 0.0)
(43.505203, 31.022194, 0.0)
(43.507088, 31.054581, 0.0)
(43.555725, 31.084044, 0.0)
(43.548531, 31.174177, 0.0)
(43.917892, 32.382797, 0.0)
(43.994263, 33.463966, 0.0)
(43.840481, 33.257774, 0.0)
(43.859367, 33.199009, 0.0)
(43.855892, 33.198414, 0.0)
(43.812809, 33.282013, 0.0)
(43.538242, 33.090302, 0.0)
(43.722416, 33.636810, 0.0)
(43.931343, 34.337990, 0.0)
(43.807827, 34.590668, 0.0)
(43.759068, 34.778149, 0.0)
(43.812431, 34.838448, 0.0)
(43.822899, 34.844589, 0.0)
(43.816917, 34.832695, 0.0)
(43.549446, 34.803326, 0.0)
(43.713699, 35.257820, 0.0)
(44.180824, 36.256321, 0.0)
(44.215603, 36.682755, 0.0)
(43.857834, 36.824848, 0.0)
(43.702866, 37.240021, 0.0)
(43.712166, 37.320545, 0.0)
(43.722084, 37.341469, 0.0)
(43.746578, 37.352890, 0.0)
(43.753674, 37.307091, 0.0)
(43.774261, 37.289909, 0.0)
(43.788738, 37.236019, 0.0)
(43.809200, 37.245258, 0.0)
(43.816540, 37.241810, 0.0)
(43.854805, 37.263931, 0.0)
(43.850483, 37.279415, 0.0)
(43.844208, 37.280388, 0.0)
(43.863098, 37.292645, 0.0)
(43.983578, 37.680214, 0.0)
(44.097519, 39.007927, 0.0)
(43.808331, 39.547211, 0.0)
(43.793236, 39.281464, 0.0)
(43.802422, 39.260406, 0.0)
(43.821423, 39.276863, 0.0)
(43.786770, 39.286934, 0.0)
(43.802860, 39.293926, 0.0)
(43.780499, 39.286674, 0.0)
(43.820335, 39.248222, 0.0)
(43.852600, 39.266346, 0.0)
(43.829609, 39.255367, 0.0)
(43.815693, 39.240971, 0.0)
(43.767570, 39.239513, 0.0)
(43.702263, 39.276821, 0.0)
(43.679161, 39.234894, 0.0)
(43.626019, 39.204830, 0.0)
(43.408180, 39.003254, 0.0)
(43.425419, 38.857609, 0.0)
(43.456539, 38.765713, 0.0)
(43.465366, 38.680489, 0.0)
(43.513077, 38.284679, 0.0)
(43.701031, 37.008801, 0.0)
(43.713085, 36.783112, 0.0)
(43.743912, 36.702129, 0.0)
(43.760231, 36.534149, 0.0)
(43.734921, 36.375229, 0.0)
(43.765522, 36.208256, 0.0)
(43.799850, 35.976776, 0.0)
(43.787067, 35.804741, 0.0)
(43.808289, 35.567688, 0.0)
(43.871128, 35.425407, 0.0)
(43.885670, 35.230019, 0.0)
(43.867390, 35.113171, 0.0)
(43.829853, 35.031944, 0.0)
(43.807064, 34.598061, 0.0)
(43.729080, 33.692944, 0.0)
(43.742218, 33.569542, 0.0)
(43.741188, 33.531578, 0.0)
(43.742550, 33.488113, 0.0)
(43.721146, 33.452969, 0.0)
(43.713593, 33.387413, 0.0)
(43.728413, 33.379288, 0.0)
(43.745667, 33.346287, 0.0)
(43.708385, 33.319435, 0.0)
(43.693111, 33.218441, 0.0)
(43.714199, 33.126301, 0.0)
(43.695766, 33.038330, 0.0)
(43.622959, 32.476398, 0.0)
(43.500610, 32.060192, 0.0)
(43.493370, 32.022171, 0.0)
(43.472004, 31.994947, 0.0)
(43.448162, 31.926529, 0.0)
(43.457535, 31.893017, 0.0)
(43.397690, 31.727314, 0.0)
(43.209629, 30.905758, 0.0)
(43.192654, 30.792023, 0.0)
(43.213726, 30.748848, 0.0)
(43.196995, 30.707952, 0.0)
(43.181484, 30.707823, 0.0)
(43.137001, 30.584616, 0.0)
(43.109341, 30.516527, 0.0)
(43.093765, 30.509462, 0.0)
(43.075352, 30.493694, 0.0)
(43.057999, 30.496284, 0.0)
(43.072739, 30.495789, 0.0)
(43.072739, 30.495789, 0.0)
(43.011070, 30.418306, 0.0)
(43.029633, 30.320919, 0.0)
(42.650959, 30.125364, 0.0)
(42.530338, 30.074856, 0.0)
(42.506901, 30.120562, 0.0)
(42.494411, 30.120001, 0.0)
(42.532223, 30.171721, 0.0)
(42.468220, 30.309914, 0.0)
(42.561466, 30.710770, 0.0)
(42.909595, 31.524923, 0.0)
(42.952129, 32.055759, 0.0)
(43.006119, 32.241661, 0.0)
(43.025551, 32.266666, 0.0)
(43.066452, 32.321659, 0.0)
(43.084011, 32.374523, 0.0)
(43.094685, 32.424702, 0.0)
(43.118572, 32.437840, 0.0)
(43.150623, 32.460598, 0.0)
(43.170834, 32.480801, 0.0)
(43.661640, 34.266636, 0.0)
(43.487694, 35.427528, 0.0)
(43.340534, 35.546425, 0.0)
(43.338627, 35.558262, 0.0)
(43.367386, 35.580326, 0.0)
(43.349983, 35.603485, 0.0)
(43.354660, 35.633469, 0.0)
(43.370590, 35.632431, 0.0)
(43.400242, 35.664642, 0.0)
(43.405224, 35.639256, 0.0)
(43.369591, 35.597527, 0.0)
(43.395214, 35.613972, 0.0)
(43.771164, 36.728283, 0.0)
(43.663658, 37.350533, 0.0)
(43.538513, 37.625290, 0.0)
(43.490536, 37.644657, 0.0)
(43.484447, 37.640602, 0.0)
(43.462135, 37.649754, 0.0)
(43.445339, 37.663544, 0.0)
(43.468964, 37.656189, 0.0)
(43.448513, 37.653576, 0.0)
(43.430069, 37.651253, 0.0)
(43.433788, 37.646709, 0.0)
(43.282516, 38.070309, 0.0)
(43.264996, 38.557152, 0.0)
(43.261135, 38.567509, 0.0)
(43.262554, 38.572556, 0.0)
(43.223675, 38.601257, 0.0)
(43.198372, 38.610275, 0.0)
(43.218590, 38.623863, 0.0)
(43.238354, 38.624462, 0.0)
(43.230457, 38.627338, 0.0)
(43.226341, 38.589130, 0.0)
(43.209816, 38.600769, 0.0)
(43.012260, 38.587830, 0.0)
(42.594124, 38.310112, 0.0)
(42.463787, 38.191856, 0.0)
(42.449299, 38.099014, 0.0)
(42.415619, 38.026798, 0.0)
(42.404736, 37.936478, 0.0)
(42.387367, 37.816120, 0.0)
(42.366318, 37.759529, 0.0)
(42.742878, 38.118858, 0.0)
(42.751095, 37.955933, 0.0)
(42.751850, 37.783081, 0.0)
(42.739162, 37.261734, 0.0)
(42.771084, 36.364433, 0.0)
(42.772797, 36.126083, 0.0)
(42.820683, 36.034813, 0.0)
(42.834736, 35.801399, 0.0)
(42.845688, 35.601978, 0.0)
(42.835499, 35.385338, 0.0)
(42.897926, 35.265892, 0.0)
(42.922745, 35.003761, 0.0)
(42.869881, 33.876465, 0.0)
(42.821274, 33.638268, 0.0)
(42.815533, 33.595455, 0.0)
(42.780643, 33.535492, 0.0)
(42.770081, 33.469925, 0.0)
(42.738876, 33.369541, 0.0)
(42.718704, 33.329479, 0.0)
(42.740822, 32.917255, 0.0)
(42.737301, 32.129688, 0.0)
(42.693600, 31.588881, 0.0)
(42.670742, 31.488428, 0.0)
(42.660446, 31.449472, 0.0)
(42.672058, 31.428511, 0.0)
(42.651417, 31.383291, 0.0)
(42.669857, 31.315228, 0.0)
(42.674587, 31.301876, 0.0)
(42.684635, 31.261538, 0.0)
(42.652412, 31.210316, 0.0)
(42.626358, 31.134415, 0.0)
(42.682892, 31.040815, 0.0)
(42.621609, 30.947220, 0.0)
(42.526226, 30.600063, 0.0)
(42.523521, 30.440350, 0.0)
(42.513943, 30.373737, 0.0)
(42.501522, 30.327482, 0.0)
(42.296326, 29.768099, 0.0)
(42.178204, 29.458714, 0.0)
(42.176270, 29.410223, 0.0)
(41.844669, 28.918793, 0.0)
(41.824947, 28.723003, 0.0)
(41.815197, 28.681126, 0.0)
(41.769505, 28.677839, 0.0)
(41.425098, 28.799410, 0.0)
(41.580132, 28.874149, 0.0)
(41.778412, 29.111027, 0.0)
(41.451981, 29.296877, 0.0)
(41.476181, 29.338953, 0.0)
(41.462402, 29.340759, 0.0)
(41.426674, 29.368460, 0.0)
(41.452892, 29.407495, 0.0)
(41.471127, 29.472754, 0.0)
(41.419525, 29.530617, 0.0)
(41.692341, 30.361704, 0.0)
(41.961403, 31.368162, 0.0)
(41.891220, 31.831978, 0.0)
(41.902428, 32.057846, 0.0)
(41.878803, 32.071728, 0.0)
(41.849037, 32.130856, 0.0)
(41.864025, 32.172348, 0.0)
(41.875847, 32.203739, 0.0)
(41.876453, 32.253624, 0.0)
(41.924255, 32.275661, 0.0)
(41.929585, 32.310200, 0.0)
(41.940968, 32.317802, 0.0)
(42.080078, 32.855534, 0.0)
(42.269989, 33.991013, 0.0)
(42.213947, 34.112137, 0.0)
(42.211468, 34.162613, 0.0)
(42.216633, 34.211811, 0.0)
(42.212761, 34.301949, 0.0)
(42.208797, 34.339890, 0.0)
(42.202930, 34.378284, 0.0)
(42.174782, 34.719379, 0.0)
(42.171837, 35.960777, 0.0)
(42.111576, 36.063835, 0.0)
(42.111137, 36.119301, 0.0)
(42.126842, 36.174866, 0.0)
(42.093548, 36.207584, 0.0)
(42.061447, 36.236454, 0.0)
(42.069969, 36.289383, 0.0)
(42.137154, 36.301399, 0.0)
(42.235909, 36.934479, 0.0)
(42.257809, 37.178982, 0.0)
(42.272095, 37.205261, 0.0)
(42.351688, 37.249413, 0.0)
(42.325020, 37.275005, 0.0)
(42.367168, 38.610447, 0.0)
(42.020386, 39.265079, 0.0)
(41.962730, 39.297718, 0.0)
(41.922184, 39.198948, 0.0)
(41.912685, 39.146286, 0.0)
(41.883327, 39.123020, 0.0)
(41.805016, 39.042587, 0.0)
(41.787052, 39.036213, 0.0)
(41.786892, 39.021191, 0.0)
(41.737576, 38.956211, 0.0)
(41.711636, 38.903603, 0.0)
(41.662148, 38.814667, 0.0)
(41.565094, 38.761639, 0.0)
(41.086834, 38.504704, 0.0)
(41.107586, 38.414986, 0.0)
(41.105244, 38.345669, 0.0)
(41.065678, 38.238773, 0.0)
(41.357296, 36.706741, 0.0)
(41.391518, 36.486103, 0.0)
(41.418476, 36.287663, 0.0)
(41.630070, 35.468243, 0.0)
(41.598991, 35.074299, 0.0)
(41.593647, 34.836521, 0.0)
(41.596596, 34.663250, 0.0)
(41.649761, 34.534279, 0.0)
(41.656033, 34.410393, 0.0)
(41.651936, 34.295227, 0.0)
(41.654510, 34.173000, 0.0)
(41.693001, 34.043762, 0.0)
(41.737129, 33.974422, 0.0)
(41.736645, 33.824455, 0.0)
(41.722424, 33.668785, 0.0)
(41.686459, 32.616959, 0.0)
(41.645855, 32.086273, 0.0)
(41.650146, 31.988142, 0.0)
(41.668522, 31.970411, 0.0)
(41.669281, 31.918085, 0.0)
(41.718666, 31.883465, 0.0)
(41.725464, 30.876102, 0.0)
(41.456432, 29.499207, 0.0)
(41.399120, 29.222950, 0.0)
(41.401741, 29.188356, 0.0)
(41.413731, 29.162418, 0.0)
(41.389633, 29.116615, 0.0)
(41.409290, 29.085995, 0.0)
(41.451725, 29.094099, 0.0)
(41.413185, 29.065559, 0.0)
(41.404072, 29.032043, 0.0)
(41.410755, 29.032862, 0.0)
(41.437626, 29.010677, 0.0)
(41.391354, 28.942247, 0.0)
(41.403252, 28.908728, 0.0)
(41.391865, 28.862648, 0.0)
(41.385616, 28.841026, 0.0)
(41.351784, 28.796076, 0.0)
(41.328007, 28.796083, 0.0)
(41.293331, 28.877968, 0.0)
(41.239532, 28.904793, 0.0)
(41.188255, 28.921450, 0.0)
(41.162533, 28.920927, 0.0)
(41.154068, 28.914019, 0.0)
(41.131420, 28.877678, 0.0)
(41.125111, 28.850786, 0.0)
(41.093269, 28.810129, 0.0)
(40.398689, 28.769587, 0.0)
(40.238354, 29.050226, 0.0)
(40.242859, 29.120089, 0.0)
(40.220680, 29.145578, 0.0)
(40.148861, 29.131395, 0.0)
(40.422245, 29.631830, 0.0)
(41.415218, 32.830086, 0.0)
(41.264488, 34.110813, 0.0)
(41.159260, 34.195580, 0.0)
(41.111004, 34.155415, 0.0)
(41.023705, 34.159870, 0.0)
(40.929523, 34.123802, 0.0)
(40.914017, 34.112965, 0.0)
(40.933662, 34.069221, 0.0)
(40.947220, 34.036652, 0.0)
(40.939487, 34.027046, 0.0)
(40.908371, 34.034782, 0.0)
(40.897964, 34.058529, 0.0)
(40.892879, 34.117123, 0.0)
(40.880573, 34.142353, 0.0)
(40.878613, 34.142082, 0.0)
(40.883419, 34.130669, 0.0)
(40.878376, 34.050865, 0.0)
(40.870033, 33.990803, 0.0)
(40.912117, 34.031467, 0.0)
(40.914490, 34.047047, 0.0)
(40.879326, 34.070217, 0.0)
(40.597656, 35.423611, 0.0)
(40.821011, 36.290588, 0.0)
(40.759216, 36.312809, 0.0)
(40.729740, 36.259506, 0.0)
(40.708763, 36.205032, 0.0)
(40.703751, 36.187477, 0.0)
(40.702541, 36.206326, 0.0)
(40.697220, 36.211781, 0.0)
(40.691769, 36.253559, 0.0)
(40.658646, 36.304089, 0.0)
(40.991051, 37.762489, 0.0)
(40.740997, 38.869953, 0.0)
(40.705601, 38.971882, 0.0)
(40.715729, 38.963951, 0.0)
(40.698360, 39.012375, 0.0)
(40.688969, 38.998283, 0.0)
(40.630955, 39.006786, 0.0)
(40.649342, 39.028053, 0.0)
(40.649654, 39.024204, 0.0)
(40.619537, 39.027615, 0.0)
(40.612915, 39.017765, 0.0)
(40.712383, 39.008205, 0.0)
(40.743179, 39.032181, 0.0)
(40.655899, 38.957451, 0.0)
(40.430328, 38.948521, 0.0)
(40.150402, 38.573570, 0.0)
(40.162785, 38.480759, 0.0)
(40.159889, 38.453163, 0.0)
(40.155628, 38.407578, 0.0)
(40.135975, 38.355801, 0.0)
(40.121811, 38.330997, 0.0)
(40.049561, 37.948040, 0.0)
(40.132507, 35.716900, 0.0)
(40.147278, 35.546600, 0.0)
(40.174709, 35.454094, 0.0)
(40.220440, 35.353428, 0.0)
(40.159721, 35.259731, 0.0)
(40.153263, 35.134712, 0.0)
(40.175835, 35.026936, 0.0)
(40.188595, 34.928806, 0.0)
(40.178627, 34.850487, 0.0)
(40.184368, 34.749432, 0.0)
(40.169235, 33.428036, 0.0)
(40.134171, 32.597500, 0.0)
(40.080147, 32.518089, 0.0)
(40.100037, 32.459026, 0.0)
(40.089062, 32.401466, 0.0)
(40.075268, 32.381344, 0.0)
(40.066490, 32.330311, 0.0)
(39.847485, 31.075943, 0.0)
(39.819412, 30.196001, 0.0)
(39.804569, 30.087603, 0.0)
(39.754093, 30.048790, 0.0)
(39.750950, 30.015074, 0.0)
(39.743523, 29.986330, 0.0)
(39.749531, 29.974085, 0.0)
(39.711021, 29.917252, 0.0)
(39.698105, 29.913095, 0.0)
(39.660503, 29.893200, 0.0)
(39.660271, 29.636513, 0.0)
(39.678165, 29.094481, 0.0)
(39.658070, 28.990068, 0.0)
(39.643021, 28.939323, 0.0)
(39.646145, 28.908504, 0.0)
(39.653564, 28.875984, 0.0)
(39.616760, 28.855715, 0.0)
(39.612381, 28.804173, 0.0)
(39.600727, 28.752176, 0.0)
(38.966782, 28.392668, 0.0)
(38.942997, 28.331202, 0.0)
(38.925346, 28.290012, 0.0)
(38.915382, 28.264149, 0.0)
(38.896732, 28.279409, 0.0)
(38.886665, 28.256899, 0.0)
(38.861099, 28.238718, 0.0)
(38.827847, 28.241766, 0.0)
(38.781734, 28.238718, 0.0)
(38.750954, 28.262222, 0.0)
(38.748344, 28.267752, 0.0)
(38.712402, 28.262123, 0.0)
(38.684155, 28.249550, 0.0)
(38.452553, 28.357821, 0.0)
(38.343483, 29.737610, 0.0)
(38.560913, 30.601227, 0.0)
(38.694778, 30.749483, 0.0)
(38.716984, 30.741919, 0.0)
(38.706833, 30.701855, 0.0)
(38.746384, 30.695614, 0.0)
(38.794388, 30.667854, 0.0)
(38.799713, 30.704506, 0.0)
(38.776295, 30.713097, 0.0)
(38.771824, 30.748049, 0.0)
(38.775532, 30.747757, 0.0)
(38.776867, 30.754087, 0.0)
(39.053028, 31.960249, 0.0)
(39.024475, 33.668312, 0.0)
(38.842808, 33.813484, 0.0)
(38.805096, 33.790291, 0.0)
(38.770580, 33.803410, 0.0)
(38.775688, 33.823372, 0.0)
(38.766975, 33.858368, 0.0)
(38.752045, 33.829075, 0.0)
(38.782600, 33.802399, 0.0)
(38.781944, 33.807209, 0.0)
(38.779068, 33.803486, 0.0)
(38.776958, 33.812527, 0.0)
(38.778149, 33.844860, 0.0)
(38.785259, 33.909023, 0.0)
(38.821915, 34.345860, 0.0)
(39.148281, 36.223606, 0.0)
(39.039391, 36.972649, 0.0)
(38.984341, 37.005875, 0.0)
(38.968208, 36.968956, 0.0)
(38.934597, 37.013908, 0.0)
(38.966980, 37.025421, 0.0)
(38.946541, 37.050468, 0.0)
(38.927139, 37.079037, 0.0)
(38.903965, 37.126434, 0.0)
(38.902935, 37.200485, 0.0)
(38.856640, 38.882462, 0.0)
(38.830112, 39.098743, 0.0)
(38.801834, 39.097477, 0.0)
(38.777458, 39.102165, 0.0)
(38.735325, 39.112576, 0.0)
(38.706722, 39.117752, 0.0)
(38.718735, 39.087540, 0.0)
(38.705421, 39.077099, 0.0)
(38.663620, 39.010334, 0.0)
(38.486248, 38.950348, 0.0)
(37.677994, 38.648438, 0.0)
(37.602055, 38.605392, 0.0)
(37.578884, 38.580318, 0.0)
(37.539547, 38.532028, 0.0)
(37.509605, 38.488571, 0.0)
(37.482536, 38.378693, 0.0)
(37.429024, 38.348621, 0.0)
(37.618839, 38.557457, 0.0)
(38.150543, 37.686424, 0.0)
(37.664345, 35.020519, 0.0)
(37.678612, 34.282196, 0.0)
(37.726391, 34.168808, 0.0)
(37.746807, 34.104218, 0.0)
(37.791859, 33.992340, 0.0)
(37.835354, 33.933056, 0.0)
(37.850445, 33.745193, 0.0)
(37.911667, 33.670864, 0.0)
(37.943306, 33.558346, 0.0)
(37.972782, 33.514175, 0.0)
(37.903381, 33.431255, 0.0)
(37.883633, 33.338776, 0.0)
(37.948025, 33.271843, 0.0)
(37.938171, 33.173084, 0.0)
(37.900837, 33.054863, 0.0)
(37.912586, 32.999012, 0.0)
(37.952805, 32.886444, 0.0)
(37.929092, 32.798580, 0.0)
(37.882462, 32.720818, 0.0)
(37.853580, 32.349739, 0.0)
(37.794186, 31.906906, 0.0)
(37.797680, 31.785929, 0.0)
(37.756954, 31.726879, 0.0)
(37.757420, 31.643501, 0.0)
(37.798965, 31.511860, 0.0)
(37.730965, 30.620768, 0.0)
(37.787758, 30.504820, 0.0)
(37.745991, 30.433777, 0.0)
(37.803596, 30.370760, 0.0)
(37.769085, 30.303371, 0.0)
(37.776501, 30.025021, 0.0)
(37.760983, 29.275000, 0.0)
(37.761288, 29.181421, 0.0)
(37.767040, 29.163557, 0.0)
(37.773972, 29.131195, 0.0)
(37.773197, 29.053143, 0.0)
(37.785255, 28.991541, 0.0)
(37.596836, 28.274107, 0.0)
(37.510960, 27.969025, 0.0)
(37.479301, 27.930614, 0.0)
(37.455738, 27.914654, 0.0)
(37.458904, 27.895834, 0.0)
(37.449532, 27.897041, 0.0)
(37.427280, 27.905212, 0.0)
(37.430099, 27.864767, 0.0)
(37.399330, 27.824228, 0.0)
(37.370216, 27.798534, 0.0)
(36.196484, 27.854397, 0.0)
(36.169785, 27.839619, 0.0)
(36.159397, 27.844910, 0.0)
(36.121994, 27.830345, 0.0)
(36.107677, 27.847124, 0.0)
(36.843441, 29.944008, 0.0)
(36.768402, 30.322268, 0.0)
(36.737068, 30.329851, 0.0)
(36.745689, 30.318792, 0.0)
(36.747593, 30.375494, 0.0)
(36.739704, 30.382887, 0.0)
(36.746498, 30.389629, 0.0)
(36.767338, 30.435663, 0.0)
(36.721394, 30.455444, 0.0)
(36.733303, 30.483484, 0.0)
(36.730171, 30.731480, 0.0)
(36.910606, 31.845636, 0.0)
(36.890736, 31.956095, 0.0)
(36.887589, 31.966455, 0.0)
(36.867352, 31.987032, 0.0)
(36.873062, 31.991138, 0.0)
(36.871719, 31.996754, 0.0)
(36.855442, 32.023273, 0.0)
(36.860947, 32.035931, 0.0)
(36.968681, 33.183289, 0.0)
(36.948948, 33.435612, 0.0)
(36.914326, 33.478130, 0.0)
(36.875515, 33.487438, 0.0)
(36.858410, 33.483513, 0.0)
(36.881939, 33.489742, 0.0)
(36.861698, 33.500423, 0.0)
(37.088570, 34.760666, 0.0)
(37.085167, 36.017403, 0.0)
(36.997063, 36.134983, 0.0)
(36.984913, 36.118046, 0.0)
(36.972137, 36.122082, 0.0)
(36.981628, 36.178085, 0.0)
(36.973522, 36.172035, 0.0)
(36.971672, 36.185703, 0.0)
(36.951908, 36.214386, 0.0)
(36.856422, 36.428829, 0.0)
(36.603123, 37.920391, 0.0)
(36.508907, 38.105751, 0.0)
(36.466000, 38.076740, 0.0)
(36.448532, 38.086639, 0.0)
(36.404469, 38.066113, 0.0)
(36.382584, 38.055344, 0.0)
(36.337345, 38.068390, 0.0)
(36.297363, 38.034466, 0.0)
(36.280441, 38.031616, 0.0)
(36.274677, 38.021465, 0.0)
(36.250187, 37.997955, 0.0)
(36.187157, 37.960083, 0.0)
(36.186653, 37.932163, 0.0)
(36.147335, 37.913239, 0.0)
(36.136639, 37.872616, 0.0)
(35.617348, 36.689667, 0.0)
(35.664474, 36.383263, 0.0)
(35.676979, 36.272011, 0.0)
(35.716675, 36.087193, 0.0)
(35.770206, 35.931492, 0.0)
(35.808079, 35.762897, 0.0)
(35.802574, 35.573418, 0.0)
(35.765362, 35.392380, 0.0)
(35.782295, 35.225788, 0.0)
(35.805550, 35.018688, 0.0)
(35.835510, 34.813877, 0.0)
(35.801865, 34.635181, 0.0)
(35.742752, 33.986267, 0.0)
(35.734489, 33.744972, 0.0)
(35.725060, 33.620724, 0.0)
(35.712872, 33.504814, 0.0)
(35.695137, 33.387821, 0.0)
(35.740913, 33.267498, 0.0)
(35.718201, 33.185287, 0.0)
(35.660522, 33.061230, 0.0)
(35.695621, 32.295650, 0.0)
(35.707577, 32.125988, 0.0)
(35.672012, 32.020535, 0.0)
(35.647015, 31.935453, 0.0)
(35.639290, 31.815039, 0.0)
(35.733112, 31.356916, 0.0)
(35.713322, 30.984653, 0.0)
(35.733158, 30.843748, 0.0)
(35.773788, 30.705971, 0.0)
(35.753391, 30.624323, 0.0)
(35.783028, 30.182072, 0.0)
(35.701725, 29.873816, 0.0)
(35.700706, 29.792137, 0.0)
(35.677979, 29.742329, 0.0)
(35.652664, 29.664616, 0.0)
(35.682728, 29.600176, 0.0)
(35.665962, 29.505333, 0.0)
(35.571644, 28.923262, 0.0)
(35.499939, 28.690178, 0.0)
(35.516739, 28.647818, 0.0)
(35.503250, 28.606211, 0.0)
(35.463005, 28.536922, 0.0)
(35.453369, 28.508602, 0.0)
(35.367153, 28.501072, 0.0)
(35.305462, 28.471918, 0.0)
(35.302700, 28.493227, 0.0)
(35.241653, 28.532242, 0.0)
(35.124268, 28.539186, 0.0)
(35.088539, 28.546497, 0.0)
(35.094421, 28.553846, 0.0)
(35.026451, 28.597416, 0.0)
(35.004314, 28.588163, 0.0)
(34.441166, 28.550825, 0.0)
(34.328007, 28.573454, 0.0)
(34.333603, 28.546667, 0.0)
(34.312923, 28.566942, 0.0)
(34.309048, 28.601433, 0.0)
(34.344635, 29.055120, 0.0)
(34.563736, 31.355982, 0.0)
(34.643398, 32.228870, 0.0)
(34.615417, 32.246399, 0.0)
(34.600529, 32.229179, 0.0)
(34.588333, 32.252865, 0.0)
(34.579559, 32.269527, 0.0)
(34.573761, 32.310085, 0.0)
(34.579159, 32.307453, 0.0)
(34.556061, 32.282860, 0.0)
(34.572174, 32.253086, 0.0)
(34.594837, 32.272861, 0.0)
(34.581089, 32.308052, 0.0)
(34.571171, 32.356491, 0.0)
(34.583435, 32.394905, 0.0)
(34.599377, 32.450840, 0.0)
(34.561306, 32.454174, 0.0)
(34.340988, 32.454285, 0.0)
(34.400097, 33.183273, 0.0)
(34.525272, 33.736553, 0.0)
(34.566963, 33.764339, 0.0)
(34.583496, 33.765812, 0.0)
(34.594276, 33.786594, 0.0)
(34.619312, 33.816792, 0.0)
(34.615059, 33.836594, 0.0)
(34.608418, 34.016918, 0.0)
(34.747959, 35.726986, 0.0)
(34.741264, 36.343819, 0.0)
(34.694229, 36.429825, 0.0)
(34.698009, 36.453487, 0.0)
(34.666492, 36.494404, 0.0)
(34.640881, 36.518452, 0.0)
(34.618729, 36.551895, 0.0)
(34.622025, 36.558868, 0.0)
(34.621140, 36.562630, 0.0)
(34.190174, 38.209667, 0.0)
(34.250206, 38.687252, 0.0)
(34.254753, 38.722195, 0.0)
(34.225224, 38.730095, 0.0)
(34.132095, 38.734512, 0.0)
(34.124607, 38.711525, 0.0)
(34.118584, 38.715111, 0.0)
(34.085388, 38.681805, 0.0)
(34.085976, 38.633995, 0.0)
(34.125507, 38.538765, 0.0)
(34.133419, 38.447376, 0.0)
(33.322327, 37.912834, 0.0)
(33.204159, 37.791992, 0.0)
(33.160450, 37.725235, 0.0)
(33.186855, 37.632156, 0.0)
(33.206284, 37.486500, 0.0)
(33.216976, 37.274345, 0.0)
(33.216099, 37.162338, 0.0)
(33.354965, 36.544277, 0.0)
(33.382618, 35.514679, 0.0)
(33.304111, 35.281017, 0.0)
(33.351685, 35.185440, 0.0)
(33.435856, 34.946175, 0.0)
(33.408039, 34.765476, 0.0)
(33.412281, 34.565926, 0.0)
(33.451935, 34.399162, 0.0)
(33.477573, 34.254341, 0.0)
(33.437168, 34.113045, 0.0)
(33.424767, 33.943413, 0.0)
(33.315395, 33.367813, 0.0)
(33.255802, 33.132839, 0.0)
(33.262035, 32.971092, 0.0)
(33.256069, 32.852806, 0.0)
(33.224445, 32.710857, 0.0)
(33.219891, 32.608845, 0.0)
(33.222179, 32.501709, 0.0)
(33.470776, 31.645809, 0.0)
(33.450333, 31.371042, 0.0)
(33.415573, 31.260309, 0.0)
(33.373333, 31.128323, 0.0)
(33.365704, 31.010651, 0.0)
(33.322685, 30.874861, 0.0)
(33.379971, 30.768602, 0.0)
(33.428139, 30.709032, 0.0)
(33.441505, 30.188385, 0.0)
(33.414967, 30.015646, 0.0)
(33.420071, 29.950996, 0.0)
(33.406322, 29.889921, 0.0)
(33.330933, 29.850189, 0.0)
(33.332603, 29.769421, 0.0)
(33.305962, 29.664745, 0.0)
(33.307297, 29.638254, 0.0)
(32.729538, 29.619730, 0.0)
(32.578510, 29.626928, 0.0)
(32.572445, 29.632460, 0.0)
(32.556690, 29.636721, 0.0)
(32.496578, 29.679453, 0.0)
(32.479408, 29.695845, 0.0)
(32.482334, 29.680597, 0.0)
(32.453522, 29.680340, 0.0)
(32.413464, 29.677713, 0.0)
(32.398064, 29.688162, 0.0)
(32.351063, 29.686512, 0.0)
(32.289185, 29.666250, 0.0)
(32.261150, 29.650324, 0.0)
(32.241489, 29.683475, 0.0)
(32.177414, 29.709455, 0.0)
(32.165302, 29.716116, 0.0)
(32.133045, 29.721897, 0.0)
(32.117897, 29.740263, 0.0)
(32.110775, 29.752907, 0.0)
(32.058643, 29.769791, 0.0)
(32.085468, 29.763149, 0.0)
(32.062500, 29.794136, 0.0)
(32.342407, 31.097702, 0.0)
(32.488384, 31.968782, 0.0)
(32.445045, 32.103268, 0.0)
(32.423008, 32.097038, 0.0)
(32.411869, 32.112347, 0.0)
(32.402885, 32.120178, 0.0)
(32.411068, 32.122322, 0.0)
(32.442921, 32.135086, 0.0)
(32.463799, 32.143154, 0.0)
(32.443733, 32.169132, 0.0)
(32.442730, 32.185215, 0.0)
(32.456154, 32.214104, 0.0)
(32.431461, 32.235001, 0.0)
(32.344040, 33.268204, 0.0)
(32.330692, 33.539062, 0.0)
(32.328861, 33.583817, 0.0)
(32.292736, 33.631718, 0.0)
(32.264446, 33.660591, 0.0)
(32.264244, 33.730831, 0.0)
(32.360489, 34.168888, 0.0)
(32.729618, 36.441082, 0.0)
(32.646172, 36.949490, 0.0)
(32.569992, 37.003880, 0.0)
(32.558678, 37.000561, 0.0)
(32.553936, 36.994968, 0.0)
(32.560738, 37.026134, 0.0)
(32.540955, 37.045895, 0.0)
(32.523857, 37.070820, 0.0)
(32.512287, 37.113789, 0.0)
(32.422710, 37.662048, 0.0)
(32.211422, 39.104984, 0.0)
(32.349312, 39.200775, 0.0)
(32.349487, 39.185562, 0.0)
(32.297733, 39.215149, 0.0)
(32.303818, 39.198299, 0.0)
(32.321590, 39.214024, 0.0)
(32.291870, 39.193264, 0.0)
(32.002598, 38.562721, 0.0)
(31.924515, 38.405205, 0.0)
(31.900829, 38.376354, 0.0)
(31.877645, 38.334240, 0.0)
(31.836470, 38.294247, 0.0)
(31.818935, 38.279072, 0.0)
(30.982138, 37.353268, 0.0)
(30.739304, 36.509415, 0.0)
(30.669962, 36.410297, 0.0)
(30.671442, 36.342098, 0.0)
(30.694269, 36.276207, 0.0)
(30.690052, 36.176643, 0.0)
(30.704498, 36.055923, 0.0)
(30.709791, 35.980976, 0.0)
(30.749567, 35.777058, 0.0)
(30.785957, 35.664230, 0.0)
(30.830416, 35.425354, 0.0)
(30.929415, 35.198040, 0.0)
(31.009829, 34.908073, 0.0)
(30.999142, 34.705742, 0.0)
(31.082727, 34.536369, 0.0)
(31.081738, 34.332127, 0.0)
(31.098040, 34.080219, 0.0)
(31.122749, 33.867916, 0.0)
(31.161236, 33.699108, 0.0)
(31.174772, 33.512054, 0.0)
(31.207632, 33.229797, 0.0)
(31.286997, 32.700687, 0.0)
(31.265270, 32.574612, 0.0)
(31.263212, 32.523979, 0.0)
(31.278204, 32.369877, 0.0)
(31.288498, 32.233910, 0.0)
(31.294651, 32.097630, 0.0)
(31.303801, 31.965433, 0.0)
(31.320202, 31.837204, 0.0)
(31.325966, 31.734751, 0.0)
(31.293932, 31.062014, 0.0)
(31.260521, 30.884228, 0.0)
(31.274897, 30.818407, 0.0)
(31.275871, 30.705515, 0.0)
(31.305681, 30.607250, 0.0)
(31.290945, 30.490480, 0.0)
(31.302589, 30.376402, 0.0)
(31.371748, 30.168673, 0.0)
(31.375332, 29.777201, 0.0)
(31.349209, 29.660936, 0.0)
(31.374369, 29.617550, 0.0)
(31.392305, 29.546055, 0.0)
(31.363661, 29.515173, 0.0)
(31.215130, 29.403345, 0.0)
(31.219872, 29.286654, 0.0)
(31.236994, 29.252174, 0.0)
(31.204752, 29.198259, 0.0)
(31.182274, 29.163076, 0.0)
(31.170441, 29.153931, 0.0)
(31.130102, 29.178541, 0.0)
(31.065769, 29.239704, 0.0)
(30.996304, 29.254982, 0.0)
(30.952488, 29.289686, 0.0)
(30.928392, 29.305023, 0.0)
(30.888248, 29.285906, 0.0)
(30.247997, 29.485340, 0.0)
(30.266787, 29.496876, 0.0)
(30.253279, 29.495308, 0.0)
(30.231667, 29.496832, 0.0)
(30.207466, 29.535128, 0.0)
(30.278446, 30.449490, 0.0)
(30.392529, 31.447336, 0.0)
(30.358850, 31.540197, 0.0)
(30.326221, 31.525873, 0.0)
(30.328018, 31.479057, 0.0)
(30.350845, 31.542624, 0.0)
(30.373234, 31.586483, 0.0)
(30.347738, 31.625546, 0.0)
(30.347149, 31.635328, 0.0)
(30.374716, 31.707838, 0.0)
(30.370245, 31.742529, 0.0)
(30.337004, 31.786581, 0.0)
(30.631435, 33.400597, 0.0)
(30.569054, 33.688019, 0.0)
(30.508694, 33.672062, 0.0)
(30.490063, 33.686443, 0.0)
(30.475861, 33.745827, 0.0)
(30.436779, 33.805389, 0.0)
(30.422363, 33.829441, 0.0)
(30.418722, 33.885452, 0.0)
(30.344940, 34.251511, 0.0)
(30.327526, 35.099079, 0.0)
(30.297709, 35.196003, 0.0)
(30.244356, 35.237892, 0.0)
(30.230568, 35.300499, 0.0)
(30.236595, 35.337055, 0.0)
(30.189531, 35.383595, 0.0)
(30.506828, 36.348442, 0.0)
(30.618841, 37.033657, 0.0)
(30.543558, 37.124031, 0.0)
(30.378038, 37.192482, 0.0)
(30.345503, 37.217205, 0.0)
(30.359303, 37.258247, 0.0)
(30.318409, 37.287975, 0.0)
(30.011705, 37.229939, 0.0)
(30.019642, 37.220905, 0.0)
(30.020582, 37.229885, 0.0)
(30.018520, 37.188519, 0.0)
(30.005213, 37.198952, 0.0)
(30.002047, 37.169483, 0.0)
(29.857809, 37.184551, 0.0)
(29.896322, 37.301594, 0.0)
(29.890099, 37.305511, 0.0)
(29.865749, 37.245441, 0.0)
(29.846323, 37.219894, 0.0)
(29.821630, 37.162830, 0.0)
(29.777386, 37.161613, 0.0)
(29.784086, 37.070770, 0.0)
(29.763426, 37.038517, 0.0)
(29.007957, 37.123398, 0.0)
(28.983965, 37.004715, 0.0)
(28.988468, 36.864838, 0.0)
(29.015541, 36.752342, 0.0)
(29.030037, 36.564732, 0.0)
(29.045155, 36.451424, 0.0)
(29.056255, 36.308537, 0.0)
(29.077015, 36.195614, 0.0)
(29.091362, 35.984844, 0.0)
(29.123810, 35.839466, 0.0)
(29.127825, 35.676441, 0.0)
(29.135859, 35.485390, 0.0)
(29.167267, 35.322952, 0.0)
(29.223406, 35.157787, 0.0)
(29.203974, 35.050640, 0.0)
(29.244297, 34.774803, 0.0)
(29.258478, 34.623386, 0.0)
(29.210052, 34.464462, 0.0)
(29.226244, 34.311199, 0.0)
(29.182156, 33.722523, 0.0)
(29.123163, 33.422314, 0.0)
(29.113987, 33.288803, 0.0)
(29.073956, 33.212940, 0.0)
(29.122648, 33.091068, 0.0)
(29.396578, 32.177979, 0.0)
(29.338524, 31.573437, 0.0)
(29.327429, 31.394424, 0.0)
(29.339188, 31.382389, 0.0)
(29.341551, 31.343271, 0.0)
(29.280178, 31.312567, 0.0)
(29.272516, 31.301178, 0.0)
(29.313282, 31.280048, 0.0)
(29.316921, 31.204479, 0.0)
(29.282652, 31.127630, 0.0)
(29.316319, 31.027840, 0.0)
(29.318541, 30.971985, 0.0)
(29.284435, 30.893135, 0.0)
(29.213381, 30.394073, 0.0)
(29.194958, 30.325943, 0.0)
(29.152193, 30.328501, 0.0)
(29.121269, 30.304790, 0.0)
(29.129797, 30.220764, 0.0)
(29.137743, 30.185026, 0.0)
(29.117809, 30.156410, 0.0)
(29.119617, 30.151468, 0.0)
(29.109314, 30.140575, 0.0)
(29.016289, 30.086433, 0.0)
(28.943768, 30.076313, 0.0)
(28.922323, 30.027267, 0.0)
(28.936073, 30.016495, 0.0)
(28.902514, 30.023163, 0.0)
(28.837740, 30.049257, 0.0)
(28.817379, 30.100761, 0.0)
(28.813747, 30.160500, 0.0)
(28.683149, 30.284832, 0.0)
(28.177343, 31.345268, 0.0)
(28.130451, 31.442156, 0.0)
(28.118662, 31.409481, 0.0)
(28.105253, 31.428772, 0.0)
(28.071487, 31.469074, 0.0)
(28.062792, 31.516439, 0.0)
(28.589930, 32.603546, 0.0)
(28.313210, 33.667805, 0.0)
(28.325184, 34.015526, 0.0)
(28.345577, 33.992687, 0.0)
(28.346060, 33.961124, 0.0)
(28.324303, 33.975384, 0.0)
(28.298397, 33.965538, 0.0)
(28.311188, 33.991077, 0.0)
(28.242155, 34.030838, 0.0)
(28.240599, 34.020927, 0.0)
(28.214176, 34.048313, 0.0)
(28.213923, 34.198528, 0.0)
(28.105463, 34.969994, 0.0)
(28.107573, 35.080833, 0.0)
(28.089350, 35.113430, 0.0)
(28.078808, 35.164574, 0.0)
(28.063238, 35.197105, 0.0)
(28.076460, 35.203384, 0.0)
(28.092510, 35.268768, 0.0)
(28.306057, 37.319336, 0.0)
(28.261143, 37.512096, 0.0)
(28.295336, 38.048706, 0.0)
(28.305523, 38.740959, 0.0)
(28.221409, 38.998390, 0.0)
(28.122492, 39.071438, 0.0)
(28.066257, 39.062721, 0.0)
(28.048264, 39.059837, 0.0)
(28.005445, 39.053875, 0.0)
(27.973129, 39.077637, 0.0)
(27.978165, 39.011253, 0.0)
(27.988010, 38.976154, 0.0)
(27.804728, 38.662861, 0.0)
(27.972879, 38.946674, 0.0)
(28.007488, 38.956692, 0.0)
(28.084894, 38.968773, 0.0)
(28.074387, 38.970211, 0.0)
(28.052492, 38.942329, 0.0)
(28.087852, 38.964802, 0.0)
(28.055056, 38.985428, 0.0)
(27.540258, 39.258167, 0.0)
(27.698423, 39.307880, 0.0)
(27.693985, 39.268600, 0.0)
(27.592871, 39.186195, 0.0)
(27.562260, 39.146103, 0.0)
(27.525135, 39.080185, 0.0)
(27.498331, 39.031090, 0.0)
(27.486252, 38.893467, 0.0)
(27.286346, 38.159523, 0.0)
(27.263639, 38.014603, 0.0)
(27.289894, 37.852619, 0.0)
(27.323631, 37.605350, 0.0)
(27.370010, 37.370029, 0.0)
(27.390900, 37.187660, 0.0)
(27.393778, 37.003338, 0.0)
(27.425396, 36.815048, 0.0)
(27.429323, 36.662659, 0.0)
(27.429098, 36.443424, 0.0)
(27.408857, 35.810844, 0.0)
(27.400307, 35.435337, 0.0)
(27.367697, 35.296116, 0.0)
(27.337145, 35.157352, 0.0)
(27.342953, 35.044479, 0.0)
(27.366226, 34.931995, 0.0)
(27.307766, 34.853512, 0.0)
(27.396229, 33.914101, 0.0)
(27.383541, 33.689125, 0.0)
(27.360207, 33.597553, 0.0)
(27.340811, 33.559517, 0.0)
(27.339806, 33.527641, 0.0)
(27.331882, 33.442825, 0.0)
(27.323668, 33.370373, 0.0)
(27.324619, 33.315311, 0.0)
(27.366493, 33.177906, 0.0)
(27.350939, 32.898006, 0.0)
(27.310678, 32.795536, 0.0)
(27.356153, 32.697071, 0.0)
(27.381529, 32.614555, 0.0)
(27.506496, 31.920576, 0.0)
(27.463858, 31.787697, 0.0)
(27.486797, 31.690714, 0.0)
(27.473377, 31.666086, 0.0)
(27.420107, 31.633862, 0.0)
(27.445730, 31.545082, 0.0)
(27.463303, 31.484383, 0.0)
(27.460125, 31.443464, 0.0)
(27.492382, 31.363008, 0.0)
(27.524271, 31.322048, 0.0)
(27.492647, 31.294380, 0.0)
(27.345303, 31.207998, 0.0)
(27.337742, 31.178831, 0.0)
(27.333113, 31.166813, 0.0)
(27.337002, 31.166687, 0.0)
(27.339323, 31.186737, 0.0)
(27.316620, 31.165775, 0.0)
(27.315390, 31.174311, 0.0)
(27.323647, 31.190929, 0.0)
(27.322037, 31.210878, 0.0)
(27.150394, 31.306932, 0.0)
(26.901493, 31.443270, 0.0)
(26.908401, 31.428606, 0.0)
(26.882624, 31.420408, 0.0)
(26.857946, 31.413603, 0.0)
(26.822678, 31.732401, 0.0)
(26.833725, 33.083660, 0.0)
(27.074051, 33.849987, 0.0)
(27.030251, 34.106106, 0.0)
(26.966188, 34.142117, 0.0)
(26.931387, 34.202473, 0.0)
(26.913496, 34.216454, 0.0)
(26.901051, 34.232342, 0.0)
(26.906605, 34.256496, 0.0)
(26.875420, 34.297436, 0.0)
(26.847759, 34.356266, 0.0)
(26.789373, 34.458477, 0.0)
(26.605165, 35.311504, 0.0)
(26.784704, 35.940186, 0.0)
(26.788912, 35.957977, 0.0)
(26.765783, 35.944153, 0.0)
(26.724009, 35.964676, 0.0)
(26.742416, 35.972492, 0.0)
(26.722008, 35.999687, 0.0)
(26.679842, 36.033272, 0.0)
(26.687134, 36.058746, 0.0)
(26.691542, 36.110744, 0.0)
(26.656305, 36.178814, 0.0)
(26.518934, 37.076893, 0.0)
(26.727955, 38.367882, 0.0)
(26.919012, 38.549530, 0.0)
(26.878164, 38.546928, 0.0)
(26.872299, 38.544445, 0.0)
(26.856026, 38.589584, 0.0)
(26.865574, 38.608028, 0.0)
(26.867718, 38.600517, 0.0)
(26.834551, 38.587780, 0.0)
(26.804787, 38.486000, 0.0)
(26.881933, 39.127350, 0.0)
(27.033062, 39.272041, 0.0)
(26.948471, 39.111519, 0.0)
(26.938612, 39.089005, 0.0)
(26.942883, 39.111462, 0.0)
(26.942772, 39.122276, 0.0)
(26.964657, 39.107189, 0.0)
(26.965178, 39.107777, 0.0)
(26.970675, 39.097031, 0.0)
(26.988228, 39.085133, 0.0)
(26.973883, 39.054222, 0.0)
(26.994650, 39.038475, 0.0)
(27.021872, 38.974072, 0.0)
(26.982208, 38.946114, 0.0)
(27.004799, 38.897095, 0.0)
(26.839092, 39.488514, 0.0)
(26.981760, 39.895405, 0.0)
(26.980846, 39.916393, 0.0)
(26.983519, 39.913082, 0.0)
(27.013069, 39.923912, 0.0)
(26.979542, 39.910107, 0.0)
(26.981194, 39.876274, 0.0)
(26.997105, 39.861023, 0.0)
(26.946650, 39.839439, 0.0)
(26.927475, 40.117725, 0.0)
(26.915894, 41.577183, 0.0)
(26.735104, 40.319935, 0.0)
(26.898968, 39.616772, 0.0)
(26.956944, 39.741230, 0.0)
(26.927975, 39.762394, 0.0)
(27.079031, 40.908230, 0.0)
(26.884155, 41.229565, 0.0)
(26.906311, 40.073509, 0.0)
(26.962269, 39.791195, 0.0)
(26.996672, 39.798500, 0.0)
(26.986496, 39.819370, 0.0)
(26.977867, 39.822193, 0.0)
(27.013464, 39.750561, 0.0)
(27.046062, 39.738941, 0.0)
(27.011139, 39.712902, 0.0)
(27.045485, 39.710899, 0.0)
(27.051928, 39.683006, 0.0)
(27.017303, 39.685875, 0.0)
(27.013727, 39.666729, 0.0)
(27.100874, 39.553078, 0.0)
(30.296640, 39.832291, 0.0)
(36.752403, 40.142891, 0.0)
(38.832272, 39.244347, 0.0)
(40.392494, 39.535278, 0.0)
(40.675190, 39.659515, 0.0)
(40.786674, 39.658089, 0.0)
(40.808136, 39.606529, 0.0)
(40.860245, 39.574406, 0.0)
(40.878613, 39.543488, 0.0)
(40.890011, 39.512844, 0.0)
(40.905067, 39.489941, 0.0)
(40.909252, 39.488815, 0.0)
(40.968262, 39.507378, 0.0)
(40.930393, 39.474037, 0.0)
(40.491146, 39.203239, 0.0)
(39.776875, 39.287277, 0.0)
(40.934105, 38.951172, 0.0)
(41.217514, 39.002010, 0.0)
(41.262745, 39.013229, 0.0)
(41.280979, 39.008358, 0.0)
(41.288883, 38.964291, 0.0)
(41.322166, 38.959698, 0.0)
(41.312511, 38.889553, 0.0)
(41.315170, 38.853619, 0.0)
(41.187649, 38.821762, 0.0)
(33.562706, 37.042522, 0.0)
(33.917316, 35.867226, 0.0)
(33.944130, 35.704666, 0.0)
(33.945942, 35.645275, 0.0)
(33.965057, 35.566074, 0.0)
