(37.645229, 33.907391, 0.0)
(37.479298, 32.257595, 0.0)
(37.395718, 31.140125, 0.0)
(37.444038, 30.496370, 0.0)
(37.562603, 30.206713, 0.0)
(37.529808, 30.178366, 0.0)
(36.960682, 30.548536, 0.0)
(36.884182, 30.514959, 0.0)
(36.897602, 30.437101, 0.0)
(36.879978, 30.405184, 0.0)
(36.853668, 30.413420, 0.0)
(36.876579, 30.401716, 0.0)
(36.890545, 30.373268, 0.0)
(37.206703, 30.214411, 0.0)
(37.255077, 30.218693, 0.0)
(37.214077, 30.178894, 0.0)
(37.213745, 30.205467, 0.0)
(37.219925, 30.176414, 0.0)
(37.235096, 30.128370, 0.0)
(37.189621, 30.775400, 0.0)
(37.607002, 32.324608, 0.0)
(37.419342, 30.824047, 0.0)
(37.338985, 30.092094, 0.0)
(37.368801, 29.916416, 0.0)
(37.408978, 29.977364, 0.0)
(37.419308, 30.038893, 0.0)
(37.434444, 30.089596, 0.0)
(37.185318, 30.180670, 0.0)
(37.179585, 30.261017, 0.0)
(37.165466, 30.279238, 0.0)
(37.178413, 30.281582, 0.0)
(37.187183, 30.307789, 0.0)
(37.192616, 30.320269, 0.0)
(37.200031, 30.336613, 0.0)
(37.196171, 30.331533, 0.0)
(37.214676, 30.326046, 0.0)
(37.215359, 30.328079, 0.0)
(37.222393, 30.330507, 0.0)
(37.232132, 30.325588, 0.0)
(37.222927, 30.317522, 0.0)
(37.230785, 30.322792, 0.0)
(37.240704, 30.314289, 0.0)
(37.250793, 30.322296, 0.0)
(37.243019, 30.302628, 0.0)
(37.230907, 30.294962, 0.0)
(37.212074, 30.319317, 0.0)
(37.195267, 30.341644, 0.0)
(37.203571, 30.373453, 0.0)
(37.210587, 30.390820, 0.0)
(37.226624, 30.390491, 0.0)
(37.240784, 30.390936, 0.0)
(37.233215, 30.372780, 0.0)
(37.239803, 30.371939, 0.0)
(37.232635, 30.355713, 0.0)
(37.208439, 30.355843, 0.0)
(37.222050, 30.358519, 0.0)
(37.242245, 30.399303, 0.0)
(37.249615, 30.416937, 0.0)
(37.273830, 30.428976, 0.0)
(37.276474, 30.402033, 0.0)
(37.275745, 30.378487, 0.0)
(37.274666, 30.369488, 0.0)
(37.267780, 30.376451, 0.0)
(37.261227, 30.386095, 0.0)
(37.245346, 30.408833, 0.0)
(37.242249, 30.417078, 0.0)
(37.231850, 30.474199, 0.0)
(37.245159, 30.456804, 0.0)
(37.255005, 30.452141, 0.0)
(37.240360, 30.423338, 0.0)
(37.211449, 30.327187, 0.0)
(37.076500, 30.409578, 0.0)
(37.269035, 32.606400, 0.0)
(37.126148, 30.784784, 0.0)
(37.115551, 30.270327, 0.0)
(37.143002, 30.241758, 0.0)
(37.162270, 30.311348, 0.0)
(37.145313, 30.336260, 0.0)
(37.156506, 30.348396, 0.0)
(37.174969, 30.340248, 0.0)
(37.181274, 30.342178, 0.0)
(37.170166, 30.331457, 0.0)
(37.163246, 30.334841, 0.0)
(37.164265, 30.356125, 0.0)
(37.188797, 30.367664, 0.0)
(37.353283, 30.410288, 0.0)
(37.359028, 30.380394, 0.0)
(37.370060, 30.386072, 0.0)
(37.357536, 30.384001, 0.0)
(37.354733, 30.375284, 0.0)
(37.351593, 30.371290, 0.0)
(37.351643, 30.347536, 0.0)
(37.342731, 30.348969, 0.0)
(37.324432, 30.384663, 0.0)
(37.324432, 30.384663, 0.0)
(37.312191, 30.372608, 0.0)
(37.310413, 30.359056, 0.0)
(37.304108, 30.348482, 0.0)
(37.323666, 30.355818, 0.0)
(37.321827, 30.340759, 0.0)
(37.323864, 30.337555, 0.0)
(37.313435, 30.344429, 0.0)
(37.310364, 30.363365, 0.0)
(37.283825, 30.387691, 0.0)
(37.278049, 30.417686, 0.0)
(37.289368, 30.446962, 0.0)
(37.289516, 30.440052, 0.0)
(37.293102, 30.431683, 0.0)
(37.291893, 30.415461, 0.0)
(37.283123, 30.404837, 0.0)
(37.284966, 30.407099, 0.0)
(37.294865, 30.442917, 0.0)
(37.311714, 30.452814, 0.0)
(37.297089, 30.440029, 0.0)
(37.308281, 30.470863, 0.0)
(37.307404, 30.449793, 0.0)
(37.309311, 30.446714, 0.0)
(37.313007, 30.460636, 0.0)
(37.320808, 30.461311, 0.0)
(37.298542, 30.452026, 0.0)
(37.307209, 30.453773, 0.0)
(37.297474, 30.438301, 0.0)
(37.275116, 30.435785, 0.0)
(37.254715, 30.436354, 0.0)
(37.264217, 30.468775, 0.0)
(37.265327, 30.504253, 0.0)
(37.255226, 30.511402, 0.0)
(37.271400, 30.508842, 0.0)
(37.275383, 30.482134, 0.0)
(37.265720, 30.473301, 0.0)
(37.276691, 30.453630, 0.0)
(37.283062, 30.419342, 0.0)
(37.281811, 30.418633, 0.0)
(37.274342, 30.436544, 0.0)
(37.258804, 30.433413, 0.0)
(37.255932, 30.462864, 0.0)
(37.261421, 30.454115, 0.0)
(37.262157, 30.445646, 0.0)
(37.266087, 30.423992, 0.0)
(37.264450, 30.421394, 0.0)
(37.266323, 30.418480, 0.0)
(37.267941, 30.410791, 0.0)
(37.251682, 30.410328, 0.0)
(37.232410, 30.437992, 0.0)
(37.226501, 30.467279, 0.0)
(37.218201, 30.476627, 0.0)
(37.227718, 30.472902, 0.0)
(37.227718, 30.466692, 0.0)
(37.207287, 30.439520, 0.0)
(37.228779, 30.412170, 0.0)
(37.214252, 30.405045, 0.0)
(37.232147, 30.414829, 0.0)
(37.224571, 30.411213, 0.0)
(37.227352, 30.463581, 0.0)
(37.230217, 30.470606, 0.0)
(37.208839, 30.446774, 0.0)
(37.202015, 30.406603, 0.0)
(37.227783, 30.349306, 0.0)
(37.221081, 30.345867, 0.0)
(37.214489, 30.364433, 0.0)
(37.235046, 30.371992, 0.0)
(37.233795, 30.385521, 0.0)
(37.218586, 30.400932, 0.0)
(37.207695, 30.427851, 0.0)
(37.207298, 30.455326, 0.0)
(37.206802, 30.470917, 0.0)
(37.213150, 30.469555, 0.0)
(37.186733, 30.478413, 0.0)
(37.211094, 30.489210, 0.0)
(37.182278, 30.466551, 0.0)
(37.171158, 30.428988, 0.0)
(37.171997, 30.414713, 0.0)
(37.191719, 30.418179, 0.0)
(39.607994, 31.050779, 0.0)
(44.074303, 35.995834, 0.0)
(45.042248, 36.430454, 0.0)
(45.552135, 37.286926, 0.0)
(45.629524, 37.406326, 0.0)
(45.624020, 37.410538, 0.0)
(45.630432, 37.385452, 0.0)
(45.621052, 37.362232, 0.0)
(45.580734, 37.404560, 0.0)
(45.567982, 37.859707, 0.0)
(45.466923, 37.973095, 0.0)
(45.485729, 37.948620, 0.0)
(45.497089, 37.943619, 0.0)
(45.502666, 37.949905, 0.0)
(45.508678, 37.912434, 0.0)
(45.513550, 37.902668, 0.0)
(45.523048, 37.865833, 0.0)
(45.521191, 37.823490, 0.0)
(45.510307, 37.884361, 0.0)
(45.498192, 37.907692, 0.0)
(45.495285, 37.885666, 0.0)
(45.495285, 37.885666, 0.0)
(45.508442, 37.851547, 0.0)
(45.541691, 37.383263, 0.0)
(45.640347, 36.457531, 0.0)
(45.648895, 36.372799, 0.0)
(45.645378, 36.357124, 0.0)
(45.640533, 36.388588, 0.0)
(45.638565, 36.416546, 0.0)
(45.614052, 36.452663, 0.0)
(45.621750, 36.449448, 0.0)
(45.628902, 36.408306, 0.0)
(45.641560, 36.371021, 0.0)
(45.649094, 36.375759, 0.0)
(45.394123, 34.845516, 0.0)
(44.917313, 30.934759, 0.0)
(44.952187, 30.324703, 0.0)
(45.035686, 30.361538, 0.0)
(45.044842, 30.344540, 0.0)
(45.056915, 30.355547, 0.0)
(45.075882, 30.353191, 0.0)
(45.080238, 30.311666, 0.0)
(45.089886, 30.299065, 0.0)
(45.078094, 30.291327, 0.0)
(45.048710, 30.249979, 0.0)
(45.030975, 30.216648, 0.0)
(45.014893, 30.223427, 0.0)
(44.994541, 30.198957, 0.0)
(44.548817, 30.129745, 0.0)
(44.052223, 30.300385, 0.0)
(43.695038, 29.750072, 0.0)
(43.630711, 29.655045, 0.0)
(43.721527, 29.709568, 0.0)
(43.755192, 29.721064, 0.0)
(43.769733, 29.707506, 0.0)
(43.810947, 29.757683, 0.0)
(43.821297, 29.768513, 0.0)
(43.817356, 29.777409, 0.0)
(43.839863, 29.775213, 0.0)
(43.845142, 29.809427, 0.0)
(43.854733, 29.814606, 0.0)
(43.850636, 29.829678, 0.0)
(43.830135, 29.839909, 0.0)
(43.823971, 29.830805, 0.0)
(43.815399, 29.810646, 0.0)
(43.810627, 29.805908, 0.0)
(43.783302, 29.800930, 0.0)
(43.780716, 29.859886, 0.0)
(43.771935, 29.870422, 0.0)
(43.767540, 29.830732, 0.0)
(43.764118, 29.841532, 0.0)
(43.747498, 29.797541, 0.0)
(43.735939, 29.821711, 0.0)
(41.678989, 29.482428, 0.0)
(37.224876, 29.788218, 0.0)
(34.016918, 32.467781, 0.0)
(31.318829, 34.880959, 0.0)
(29.499449, 36.521793, 0.0)
(29.080515, 36.789646, 0.0)
(28.972767, 36.726589, 0.0)
(28.911613, 36.684776, 0.0)
(28.908262, 36.650406, 0.0)
(28.903690, 36.627033, 0.0)
(28.330999, 37.130276, 0.0)
(27.700855, 37.595455, 0.0)
(27.603628, 37.623775, 0.0)
(27.594015, 37.576004, 0.0)
(27.629381, 37.540703, 0.0)
(27.653688, 37.464500, 0.0)
(27.668436, 37.388573, 0.0)
(27.675024, 37.326897, 0.0)
(27.473450, 37.294357, 0.0)
(27.675236, 40.298164, 0.0)
(28.053520, 37.192200, 0.0)
(27.904764, 35.113342, 0.0)
(27.775953, 34.538448, 0.0)
(27.750143, 34.590984, 0.0)
(27.739141, 34.582447, 0.0)
(27.688583, 34.452820, 0.0)
(27.885384, 34.417877, 0.0)
(27.685884, 32.273041, 0.0)
(27.738501, 32.246578, 0.0)
(27.774570, 32.347263, 0.0)
(27.784597, 32.332504, 0.0)
(27.780727, 32.335949, 0.0)
(27.781141, 32.366756, 0.0)
(27.785059, 32.396263, 0.0)
(27.787912, 32.396015, 0.0)
(27.790224, 32.383087, 0.0)
(27.778740, 32.406929, 0.0)
(27.376932, 31.983912, 0.0)
(27.049688, 28.376808, 0.0)
(27.327183, 28.427423, 0.0)
(27.405220, 28.570473, 0.0)
(27.401127, 28.644388, 0.0)
(27.407227, 28.639099, 0.0)
(27.407877, 28.635193, 0.0)
(27.511709, 28.346367, 0.0)
(27.555473, 28.209181, 0.0)
(27.532164, 28.181047, 0.0)
(27.539589, 28.124336, 0.0)
(27.531477, 28.046753, 0.0)
(27.493662, 28.010445, 0.0)
(26.935253, 28.734360, 0.0)
(26.353977, 29.560871, 0.0)
(26.685366, 29.304630, 0.0)
(27.392183, 29.409332, 0.0)
(27.470573, 29.527012, 0.0)
(27.469824, 29.572561, 0.0)
(27.496328, 29.586838, 0.0)
(27.517815, 29.606993, 0.0)
(27.541988, 29.621988, 0.0)
(27.536911, 29.666407, 0.0)
(27.542156, 29.701326, 0.0)
(27.540665, 29.725821, 0.0)
(27.538944, 29.683182, 0.0)
(27.534323, 29.705090, 0.0)
(27.543861, 29.674339, 0.0)
(27.537321, 29.703697, 0.0)
(27.552784, 29.702085, 0.0)
(27.561584, 29.723433, 0.0)
(27.556602, 29.733255, 0.0)
(27.563156, 29.703890, 0.0)
(27.552492, 29.701015, 0.0)
(27.618595, 29.715406, 0.0)
(31.012657, 28.811501, 0.0)
(34.427559, 29.119261, 0.0)
(36.943802, 30.141676, 0.0)
(37.323586, 30.678320, 0.0)
(37.412292, 30.706436, 0.0)
(37.419479, 30.708162, 0.0)
(37.419811, 30.748222, 0.0)
(37.471741, 30.757692, 0.0)
(37.514442, 30.780233, 0.0)
(37.207890, 30.661938, 0.0)
(37.209305, 30.603914, 0.0)
(37.222683, 30.563000, 0.0)
(37.016727, 31.126005, 0.0)
(37.484539, 32.384861, 0.0)
(37.336636, 30.780186, 0.0)
(37.265797, 30.030201, 0.0)
(37.338966, 29.984667, 0.0)
(37.336922, 30.059151, 0.0)
(37.356194, 30.134590, 0.0)
(37.377434, 30.209917, 0.0)
(37.360672, 30.230206, 0.0)
(37.367950, 30.246155, 0.0)
(37.368076, 30.280830, 0.0)
(37.365322, 30.282078, 0.0)
(37.369171, 30.277948, 0.0)
(37.377403, 30.258028, 0.0)
(37.381676, 30.263603, 0.0)
(37.375374, 30.291069, 0.0)
(37.377197, 30.315186, 0.0)
(37.359398, 30.310387, 0.0)
(37.364544, 30.326256, 0.0)
(37.389137, 30.345896, 0.0)
(37.383945, 30.316168, 0.0)
(37.387959, 30.320711, 0.0)
(37.234188, 30.392315, 0.0)
(33.406548, 32.940788, 0.0)
(30.209135, 35.468369, 0.0)
(28.705873, 36.942963, 0.0)
(28.292286, 37.113091, 0.0)
(28.204189, 37.119469, 0.0)
(28.117611, 37.086777, 0.0)
(28.085567, 37.024590, 0.0)
(28.060566, 36.992962, 0.0)
(28.056843, 36.976013, 0.0)
(28.056967, 36.980400, 0.0)
(28.050768, 36.994022, 0.0)
(28.050894, 37.002018, 0.0)
(28.042583, 37.010750, 0.0)
(30.350044, 36.719334, 0.0)
(32.204636, 36.590122, 0.0)
(32.254028, 36.522057, 0.0)
(32.204498, 36.499863, 0.0)
(32.178459, 36.481773, 0.0)
(32.167690, 36.500542, 0.0)
(32.157745, 36.481571, 0.0)
(32.166729, 36.459938, 0.0)
(33.875607, 36.686039, 0.0)
(35.604084, 36.656364, 0.0)
(35.797672, 36.644783, 0.0)
(35.878605, 36.653812, 0.0)
(37.826313, 36.872997, 0.0)
(38.532478, 36.995853, 0.0)
(38.633652, 37.031429, 0.0)
(38.691139, 36.989212, 0.0)
(38.853249, 37.031498, 0.0)
(42.116749, 36.997822, 0.0)
(42.641933, 37.078495, 0.0)
(42.682972, 37.043781, 0.0)
(42.712811, 37.042370, 0.0)
(42.714336, 37.020561, 0.0)
(42.723785, 37.015499, 0.0)
(44.705555, 37.518223, 0.0)
(45.106972, 37.643955, 0.0)
(45.122997, 37.647396, 0.0)
(45.143883, 37.596970, 0.0)
(45.148724, 37.593079, 0.0)
(45.176323, 37.535713, 0.0)
(45.189491, 37.501598, 0.0)
(45.172997, 37.487167, 0.0)
(45.188206, 37.516338, 0.0)
(44.912266, 37.409901, 0.0)
(44.901329, 37.449360, 0.0)
(44.937248, 37.412281, 0.0)
(44.938599, 37.432858, 0.0)
(45.252464, 37.399899, 0.0)
(45.841232, 37.326153, 0.0)
(45.881569, 37.310085, 0.0)
(45.885525, 37.288170, 0.0)
(45.887264, 37.262806, 0.0)
(45.876339, 37.251762, 0.0)
(45.383659, 36.038586, 0.0)
(45.371128, 35.783352, 0.0)
(45.392975, 35.789822, 0.0)
(43.148018, 35.070606, 0.0)
(40.903709, 35.843712, 0.0)
(40.804150, 35.862629, 0.0)
(40.787132, 35.797523, 0.0)
(40.695061, 35.726562, 0.0)
(40.613567, 35.716038, 0.0)
(40.518993, 35.732609, 0.0)
(40.042603, 35.800182, 0.0)
(36.514008, 35.918934, 0.0)
(36.118992, 35.917850, 0.0)
(36.064224, 35.861294, 0.0)
(36.012798, 35.879246, 0.0)
(35.935913, 35.900116, 0.0)
(35.934944, 35.794636, 0.0)
(35.340744, 36.134274, 0.0)
(33.217075, 36.301205, 0.0)
(33.043232, 36.414246, 0.0)
(33.058815, 36.399178, 0.0)
(33.036549, 36.402935, 0.0)
(33.017128, 36.381046, 0.0)
(32.514729, 36.614372, 0.0)
(29.495844, 37.729992, 0.0)
(28.617672, 39.022003, 0.0)
(28.565939, 37.381954, 0.0)
(28.561213, 36.656322, 0.0)
(28.530922, 36.537441, 0.0)
(28.497129, 36.515423, 0.0)
(28.458338, 36.495052, 0.0)
(28.737839, 38.053986, 0.0)
(28.663347, 37.043118, 0.0)
(28.575216, 36.515240, 0.0)
(28.549829, 36.191299, 0.0)
(28.506313, 36.017349, 0.0)
(28.485243, 35.924831, 0.0)
(28.455437, 35.867794, 0.0)
(28.463217, 35.840508, 0.0)
(28.459270, 35.824612, 0.0)
(28.480659, 35.811939, 0.0)
(28.474669, 35.795761, 0.0)
(28.466494, 35.798893, 0.0)
(28.467464, 35.778526, 0.0)
(28.457924, 35.763748, 0.0)
(28.472694, 35.738117, 0.0)
(28.458958, 35.696999, 0.0)
(28.473269, 35.698486, 0.0)
(28.444092, 35.687092, 0.0)
(28.482298, 35.698486, 0.0)
(29.518024, 35.090351, 0.0)
(30.200432, 34.831676, 0.0)
(30.396217, 34.751846, 0.0)
(30.706398, 34.620403, 0.0)
(30.916059, 34.563084, 0.0)
(32.811287, 34.361824, 0.0)
(33.685646, 34.313808, 0.0)
(33.901661, 34.297054, 0.0)
(34.085419, 34.330936, 0.0)
(34.300743, 34.360043, 0.0)
(34.480942, 34.340595, 0.0)
(34.643410, 34.402054, 0.0)
(34.876087, 34.452351, 0.0)
(36.795662, 34.821522, 0.0)
(38.153900, 34.902470, 0.0)
(38.319569, 34.914196, 0.0)
(38.397911, 34.932209, 0.0)
(38.462585, 34.976116, 0.0)
(38.523689, 35.042763, 0.0)
(38.566101, 35.140404, 0.0)
(39.420891, 35.449501, 0.0)
(42.111984, 36.031227, 0.0)
(42.345982, 36.036785, 0.0)
(42.362137, 35.989101, 0.0)
(42.381031, 35.986187, 0.0)
(42.390072, 35.976509, 0.0)
(42.420155, 35.970184, 0.0)
(42.420738, 35.988205, 0.0)
(42.428185, 35.974262, 0.0)
(42.453293, 35.943726, 0.0)
(42.469913, 35.951866, 0.0)
(43.018803, 36.096703, 0.0)
(44.918449, 36.270126, 0.0)
(45.023914, 36.374359, 0.0)
(45.016315, 36.393482, 0.0)
(45.043591, 36.370121, 0.0)
(45.062801, 36.362392, 0.0)
(45.061996, 36.361992, 0.0)
(45.068207, 36.323383, 0.0)
(45.059734, 36.401089, 0.0)
(45.081345, 36.380013, 0.0)
(45.105816, 36.444656, 0.0)
(45.121784, 36.407074, 0.0)
(45.350220, 36.209599, 0.0)
(45.385807, 36.135605, 0.0)
(45.395103, 36.144260, 0.0)
(45.394688, 36.140568, 0.0)
(45.406040, 36.108185, 0.0)
(45.428383, 36.090443, 0.0)
(45.428028, 36.097008, 0.0)
(45.407890, 36.071583, 0.0)
(45.409805, 36.030769, 0.0)
(45.380371, 35.965103, 0.0)
(44.621510, 35.198921, 0.0)
(44.511246, 35.122093, 0.0)
(44.480637, 35.086727, 0.0)
(43.422989, 34.784195, 0.0)
(41.834549, 34.529224, 0.0)
(41.616776, 34.484463, 0.0)
(41.543034, 34.451149, 0.0)
(38.869656, 34.291164, 0.0)
(38.564606, 34.347748, 0.0)
(38.543915, 34.314419, 0.0)
(38.543915, 34.380699, 0.0)
(38.502003, 34.385189, 0.0)
(38.478001, 34.251312, 0.0)
(38.455776, 34.272171, 0.0)
(38.433510, 34.299934, 0.0)
(38.349350, 34.294064, 0.0)
(38.308311, 34.298489, 0.0)
(36.426491, 34.575035, 0.0)
(35.148594, 34.615711, 0.0)
(34.997154, 34.635166, 0.0)
(34.967854, 34.610241, 0.0)
(34.934288, 34.656898, 0.0)
(34.904591, 34.607391, 0.0)
(34.888706, 34.650455, 0.0)
(34.871296, 34.632839, 0.0)
(33.783447, 34.964710, 0.0)
(30.085680, 35.529297, 0.0)
(29.123034, 35.923901, 0.0)
(29.029018, 35.968464, 0.0)
(29.020864, 35.943264, 0.0)
(29.000074, 35.904137, 0.0)
(28.981451, 35.842480, 0.0)
(28.952557, 35.821011, 0.0)
(28.923609, 35.811455, 0.0)
(27.977446, 36.036922, 0.0)
(27.496849, 36.139618, 0.0)
(27.483456, 36.136292, 0.0)
(27.463610, 36.102474, 0.0)
(27.469837, 36.092987, 0.0)
(27.479477, 36.026817, 0.0)
(27.349504, 35.957691, 0.0)
(27.944113, 36.113583, 0.0)
(27.874943, 35.041069, 0.0)
(27.780966, 34.776722, 0.0)
(27.786966, 34.812881, 0.0)
(27.815821, 34.894646, 0.0)
(27.828379, 34.959652, 0.0)
(27.854572, 34.957066, 0.0)
(27.931486, 34.904026, 0.0)
(27.987913, 34.868656, 0.0)
(28.051611, 34.799526, 0.0)
(31.018612, 33.973850, 0.0)
(31.200453, 33.917160, 0.0)
(31.280598, 33.878376, 0.0)
(31.337240, 33.868298, 0.0)
(31.477457, 33.844032, 0.0)
(31.581072, 33.829117, 0.0)
(31.695969, 33.736404, 0.0)
(34.354092, 33.393661, 0.0)
(35.051292, 33.477139, 0.0)
(35.208015, 33.511032, 0.0)
(35.267113, 33.519184, 0.0)
(35.348621, 33.550262, 0.0)
(35.417133, 33.544075, 0.0)
(35.486874, 33.487652, 0.0)
(37.247498, 33.674927, 0.0)
(38.371151, 33.784504, 0.0)
(38.482502, 33.850597, 0.0)
(38.490803, 33.838257, 0.0)
(38.550846, 33.829430, 0.0)
(38.571358, 33.817276, 0.0)
(38.601837, 33.805271, 0.0)
(39.369118, 33.903877, 0.0)
(41.269302, 33.990341, 0.0)
(41.445927, 34.058254, 0.0)
(41.457348, 34.038227, 0.0)
(41.488594, 34.061539, 0.0)
(41.539051, 34.021515, 0.0)
(41.697220, 34.074226, 0.0)
(43.895405, 34.587685, 0.0)
(44.100330, 34.701843, 0.0)
(44.664711, 35.058193, 0.0)
(45.141186, 35.172440, 0.0)
(45.207317, 35.177795, 0.0)
(45.222675, 35.130718, 0.0)
(45.238575, 35.107571, 0.0)
(45.263184, 35.120007, 0.0)
(45.285641, 35.197357, 0.0)
(45.378819, 35.187557, 0.0)
(45.967937, 35.059132, 0.0)
(46.078888, 35.072433, 0.0)
(46.076469, 35.049446, 0.0)
(46.116409, 34.977055, 0.0)
(46.121067, 34.927795, 0.0)
(46.150860, 34.904465, 0.0)
(46.181599, 34.913525, 0.0)
(46.163666, 34.921688, 0.0)
(46.164742, 34.893845, 0.0)
(46.138088, 34.887024, 0.0)
(46.106167, 34.849964, 0.0)
(46.081928, 34.806965, 0.0)
(45.237484, 33.818634, 0.0)
(45.032986, 33.393127, 0.0)
(45.015381, 33.265190, 0.0)
(44.927105, 33.214798, 0.0)
(44.838383, 33.182838, 0.0)
(44.628971, 33.159901, 0.0)
(43.116924, 33.153519, 0.0)
(42.878834, 33.205185, 0.0)
(42.807762, 33.146755, 0.0)
(42.709942, 33.120232, 0.0)
(42.631336, 33.104774, 0.0)
(40.478851, 33.113056, 0.0)
(39.857719, 33.107826, 0.0)
(39.751827, 33.125011, 0.0)
(39.721279, 33.123497, 0.0)
(39.644508, 33.142307, 0.0)
(39.546005, 33.145878, 0.0)
(39.486290, 33.136913, 0.0)
(39.407406, 33.143353, 0.0)
(39.328072, 33.124538, 0.0)
(37.685829, 33.208412, 0.0)
(37.056519, 33.213768, 0.0)
(36.950798, 33.138405, 0.0)
(36.889759, 33.150299, 0.0)
(36.847221, 33.149467, 0.0)
(36.809250, 33.117893, 0.0)
(36.277973, 33.183693, 0.0)
(32.389961, 33.537029, 0.0)
(31.276724, 33.868488, 0.0)
(31.153893, 33.971092, 0.0)
(31.133369, 33.960964, 0.0)
(31.098827, 33.969231, 0.0)
(31.085930, 33.950573, 0.0)
(31.055378, 33.944859, 0.0)
(31.040035, 33.901608, 0.0)
(29.901829, 34.148045, 0.0)
(28.871618, 34.244530, 0.0)
(28.750959, 34.273411, 0.0)
(28.726349, 34.268002, 0.0)
(28.706646, 34.256893, 0.0)
(28.703522, 34.255360, 0.0)
(28.677523, 34.225739, 0.0)
(28.660297, 34.222317, 0.0)
(28.654261, 34.198837, 0.0)
(28.662560, 34.153595, 0.0)
(28.595154, 34.031883, 0.0)
(30.965422, 32.853737, 0.0)
(31.270296, 32.914352, 0.0)
(31.264029, 32.933437, 0.0)
(33.416374, 32.582935, 0.0)
(35.105869, 32.411373, 0.0)
(35.307747, 32.372211, 0.0)
(35.339188, 32.344616, 0.0)
(35.369656, 32.314098, 0.0)
(35.407326, 32.279484, 0.0)
(35.435635, 32.226963, 0.0)
(36.920334, 32.519836, 0.0)
(37.124817, 32.531006, 0.0)
(37.133076, 32.532993, 0.0)
(37.133076, 32.532993, 0.0)
(37.144287, 32.549526, 0.0)
(37.139660, 32.531372, 0.0)
(37.132618, 32.480263, 0.0)
(37.145649, 32.495590, 0.0)
(37.159679, 32.441444, 0.0)
(37.122585, 32.432217, 0.0)
(37.104885, 32.417187, 0.0)
(37.079941, 32.370068, 0.0)
(37.201469, 32.443451, 0.0)
(39.791096, 32.752197, 0.0)
(40.110325, 32.825764, 0.0)
(40.204788, 32.837948, 0.0)
(40.229458, 32.840302, 0.0)
(40.255421, 32.845100, 0.0)
(40.266041, 32.834263, 0.0)
(40.365974, 32.826294, 0.0)
(43.131317, 33.394142, 0.0)
(43.745876, 33.639351, 0.0)
(43.847744, 33.734734, 0.0)
(43.842979, 33.724194, 0.0)
(43.830921, 33.711193, 0.0)
(43.830921, 33.711193, 0.0)
(43.827698, 33.727337, 0.0)
(45.169273, 34.361431, 0.0)
(45.714905, 34.635719, 0.0)
(45.765419, 34.660912, 0.0)
(45.767376, 34.636772, 0.0)
(45.785290, 34.629902, 0.0)
(45.826374, 34.582516, 0.0)
(46.030647, 34.624569, 0.0)
(46.083965, 34.630692, 0.0)
(46.086025, 34.592983, 0.0)
(46.086044, 34.605267, 0.0)
(46.063061, 34.581734, 0.0)
(46.063614, 34.530704, 0.0)
(46.061760, 34.551014, 0.0)
(45.094368, 33.939342, 0.0)
(44.969849, 33.759373, 0.0)
(44.987885, 33.702625, 0.0)
(44.598061, 33.474468, 0.0)
(44.398487, 33.244179, 0.0)
(44.685303, 33.331390, 0.0)
(44.705139, 33.361752, 0.0)
(44.695347, 33.358124, 0.0)
(44.695976, 33.364571, 0.0)
(44.658611, 33.368683, 0.0)
(44.641644, 33.341488, 0.0)
(44.630302, 33.320923, 0.0)
(44.607639, 33.220669, 0.0)
(44.563942, 33.167809, 0.0)
(44.483898, 33.143314, 0.0)
(44.449383, 33.150494, 0.0)
(44.365120, 33.148827, 0.0)
(42.337421, 32.409985, 0.0)
(42.224258, 32.417961, 0.0)
(42.216499, 32.379860, 0.0)
(42.179592, 32.323856, 0.0)
(42.128132, 32.258434, 0.0)
(38.906616, 31.804155, 0.0)
(36.182034, 31.889378, 0.0)
(36.039165, 31.934191, 0.0)
(36.061836, 31.932388, 0.0)
(36.067085, 31.925951, 0.0)
(36.071278, 31.900112, 0.0)
(36.087669, 31.885128, 0.0)
(36.080212, 31.812872, 0.0)
(35.382401, 32.776752, 0.0)
(32.994682, 33.249084, 0.0)
(32.848404, 32.289448, 0.0)
(32.771801, 31.816280, 0.0)
(32.725117, 31.639757, 0.0)
(32.754436, 31.671251, 0.0)
(32.754047, 31.720808, 0.0)
(32.002369, 32.028126, 0.0)
(29.664284, 32.680801, 0.0)
(29.527987, 32.789841, 0.0)
(29.520893, 32.786140, 0.0)
(29.512182, 32.787457, 0.0)
(29.335590, 32.603329, 0.0)
(29.685452, 34.080223, 0.0)
(28.964993, 32.988312, 0.0)
(28.920570, 32.540665, 0.0)
(28.926228, 32.494743, 0.0)
(28.953251, 32.532524, 0.0)
(28.956604, 32.572136, 0.0)
(28.942165, 32.601097, 0.0)
(28.936134, 32.613430, 0.0)
(28.030281, 33.027229, 0.0)
(27.938797, 33.106140, 0.0)
(27.937691, 33.125683, 0.0)
(27.933212, 33.177738, 0.0)
(27.957117, 33.149158, 0.0)
(28.006241, 33.105675, 0.0)
(28.028490, 33.063610, 0.0)
(28.518755, 32.702950, 0.0)
(31.636158, 31.173027, 0.0)
(31.926403, 31.140154, 0.0)
(35.076370, 30.576075, 0.0)
(35.347675, 30.592686, 0.0)
(35.391697, 30.617809, 0.0)
(35.453671, 30.600967, 0.0)
(35.512356, 30.583096, 0.0)
(35.550900, 30.553165, 0.0)
(35.574528, 30.480211, 0.0)
(36.028324, 30.641008, 0.0)
(38.488770, 31.648937, 0.0)
(38.702347, 31.702461, 0.0)
(38.672039, 31.660280, 0.0)
(38.682709, 31.651527, 0.0)
(38.666618, 31.614046, 0.0)
(38.645596, 31.618448, 0.0)
(38.657055, 31.612535, 0.0)
(38.665936, 31.583471, 0.0)
(38.722210, 31.591129, 0.0)
(41.161327, 32.017879, 0.0)
(41.918125, 32.216648, 0.0)
(42.016117, 32.217621, 0.0)
(41.997303, 32.226494, 0.0)
(41.992764, 32.231766, 0.0)
(41.965443, 32.210579, 0.0)
(42.003674, 32.228516, 0.0)
(44.494286, 33.022564, 0.0)
(45.184837, 33.330948, 0.0)
(45.229229, 33.390301, 0.0)
(45.243431, 33.344635, 0.0)
(45.271748, 33.342419, 0.0)
(45.279160, 33.318382, 0.0)
(46.082642, 33.718292, 0.0)
(46.130886, 33.729530, 0.0)
(46.120319, 33.718361, 0.0)
(46.120319, 33.718361, 0.0)
(46.120319, 33.718361, 0.0)
(45.653870, 33.544167, 0.0)
(45.016048, 33.150883, 0.0)
(45.032314, 33.144405, 0.0)
(45.095955, 33.179615, 0.0)
(45.112041, 33.165848, 0.0)
(45.138157, 33.132153, 0.0)
(45.928066, 33.491451, 0.0)
(46.096848, 33.548042, 0.0)
(46.072601, 33.535572, 0.0)
(46.064514, 33.566200, 0.0)
(45.883640, 33.458843, 0.0)
(44.783955, 33.317028, 0.0)
(44.414215, 32.807037, 0.0)
(44.675961, 32.402451, 0.0)
(44.838341, 32.302803, 0.0)
(44.854877, 32.285686, 0.0)
(44.817924, 32.258602, 0.0)
(44.739624, 32.235126, 0.0)
(44.689545, 32.161247, 0.0)
(44.604092, 32.084209, 0.0)
(44.508636, 32.044857, 0.0)
(44.443314, 31.988794, 0.0)
(41.092552, 30.709263, 0.0)
(40.706074, 30.539913, 0.0)
(40.687176, 30.477461, 0.0)
(40.671146, 30.483553, 0.0)
(40.669315, 30.448122, 0.0)
(40.660431, 30.403072, 0.0)
(40.532494, 30.384895, 0.0)
(37.436085, 30.331924, 0.0)
(37.236626, 30.368040, 0.0)
(37.204323, 30.376722, 0.0)
(37.194172, 30.357468, 0.0)
(37.185501, 30.337280, 0.0)
(37.185867, 30.314814, 0.0)
(37.191586, 30.277439, 0.0)
(37.170383, 30.261379, 0.0)
(35.005825, 30.642693, 0.0)
(32.275398, 31.250101, 0.0)
(32.063377, 31.314133, 0.0)
(32.020046, 31.307867, 0.0)
(31.955843, 31.329092, 0.0)
(31.943125, 31.353559, 0.0)
(31.920307, 31.365982, 0.0)
(31.913982, 31.338781, 0.0)
(31.899075, 31.313637, 0.0)
(31.875708, 31.312283, 0.0)
(31.820303, 31.300140, 0.0)
(31.054186, 31.592899, 0.0)
(28.759193, 32.250961, 0.0)
(28.601107, 32.285400, 0.0)
(28.529119, 32.327385, 0.0)
(28.540356, 32.290356, 0.0)
(28.544203, 32.239464, 0.0)
(28.553528, 32.223465, 0.0)
(28.553984, 32.197273, 0.0)
(28.545225, 32.202198, 0.0)
(28.523073, 32.205616, 0.0)
(28.472084, 32.236755, 0.0)
(28.444323, 32.233540, 0.0)
(27.867065, 32.366589, 0.0)
(27.609650, 32.328403, 0.0)
(27.598698, 32.308422, 0.0)
(27.614164, 32.308342, 0.0)
(27.630688, 32.270096, 0.0)
(27.656662, 32.158222, 0.0)
(27.742987, 32.087891, 0.0)
(27.893011, 31.991304, 0.0)
(27.955984, 31.889383, 0.0)
(28.128151, 31.796036, 0.0)
(28.271456, 31.663015, 0.0)
(28.427172, 31.578234, 0.0)
(30.438372, 30.742348, 0.0)
(30.742744, 30.570511, 0.0)
(30.934305, 30.493853, 0.0)
(31.210180, 30.445271, 0.0)
(31.510506, 30.326431, 0.0)
(31.817120, 30.251335, 0.0)
(32.113506, 30.194126, 0.0)
(32.374203, 30.123503, 0.0)
(34.540649, 30.004444, 0.0)
(34.882313, 29.980612, 0.0)
(35.025120, 29.932686, 0.0)
(35.225548, 29.929127, 0.0)
(35.380692, 29.949253, 0.0)
(35.556534, 29.941429, 0.0)
(35.728523, 29.900000, 0.0)
(35.941246, 29.897018, 0.0)
(37.000198, 29.798336, 0.0)
(38.749817, 29.990368, 0.0)
(38.975842, 29.964378, 0.0)
(39.071636, 29.952156, 0.0)
(39.134392, 29.987637, 0.0)
(39.201778, 30.018559, 0.0)
(39.286335, 30.041483, 0.0)
(39.339695, 30.057961, 0.0)
(40.424530, 30.285929, 0.0)
(40.931168, 30.356937, 0.0)
(41.023632, 30.399540, 0.0)
(41.088692, 30.412415, 0.0)
(41.145454, 30.388359, 0.0)
(41.278046, 30.444584, 0.0)
(43.563335, 31.146049, 0.0)
(43.880100, 31.297131, 0.0)
(43.901421, 31.346876, 0.0)
(43.915833, 31.372328, 0.0)
(43.928566, 31.392874, 0.0)
(43.948772, 31.386410, 0.0)
(43.962875, 31.365881, 0.0)
(44.385750, 31.575010, 0.0)
(45.185425, 31.968100, 0.0)
(45.243149, 31.999567, 0.0)
(45.240685, 32.013821, 0.0)
(45.232525, 32.007721, 0.0)
(45.208645, 32.031189, 0.0)
(45.435715, 32.125408, 0.0)
(45.786621, 32.298901, 0.0)
(45.804649, 32.289566, 0.0)
(45.778240, 32.257362, 0.0)
(45.778736, 32.243153, 0.0)
(45.749199, 32.201088, 0.0)
(45.703251, 32.159225, 0.0)
(45.573864, 32.117016, 0.0)
(42.355988, 30.194765, 0.0)
(42.281559, 30.133003, 0.0)
(42.317795, 30.084452, 0.0)
(42.304035, 30.093685, 0.0)
(42.292809, 30.057795, 0.0)
(40.972256, 29.897539, 0.0)
(38.991684, 29.405302, 0.0)
(38.887333, 29.379097, 0.0)
(38.903156, 29.361122, 0.0)
(38.903065, 29.336231, 0.0)
(38.902451, 29.331093, 0.0)
(38.909134, 29.301949, 0.0)
(38.909443, 29.306787, 0.0)
(38.901989, 29.335730, 0.0)
(38.905586, 29.336168, 0.0)
(38.920635, 29.354721, 0.0)
(38.901817, 29.336327, 0.0)
(37.652924, 29.339350, 0.0)
(36.523346, 29.466221, 0.0)
(36.447113, 29.465467, 0.0)
(36.455467, 29.459066, 0.0)
(36.436359, 29.413424, 0.0)
(36.420574, 29.388380, 0.0)
(36.413639, 29.372360, 0.0)
(36.385719, 29.357016, 0.0)
(36.374786, 29.357435, 0.0)
(36.344296, 29.353374, 0.0)
(34.238350, 29.771381, 0.0)
(33.865700, 29.833361, 0.0)
(33.807369, 29.783537, 0.0)
(33.762726, 29.746214, 0.0)
(33.732155, 29.715647, 0.0)
(31.974228, 30.205843, 0.0)
(31.355612, 30.295710, 0.0)
(31.261578, 30.317207, 0.0)
(31.227499, 30.289804, 0.0)
(31.205412, 30.310349, 0.0)
(31.099979, 30.377493, 0.0)
(28.917831, 31.081388, 0.0)
(28.694410, 31.154963, 0.0)
(28.698782, 31.088467, 0.0)
(28.670286, 31.065424, 0.0)
(28.669600, 31.015997, 0.0)
(28.668674, 31.020908, 0.0)
(28.634434, 31.042265, 0.0)
(28.492645, 30.965118, 0.0)
(31.421179, 29.931973, 0.0)
(34.723106, 29.594025, 0.0)
(37.039810, 28.514669, 0.0)
(37.690247, 28.612530, 0.0)
(37.926109, 28.702349, 0.0)
(38.045681, 28.758720, 0.0)
(38.082138, 28.760927, 0.0)
(38.159760, 28.820463, 0.0)
(38.182404, 28.881197, 0.0)
(38.197170, 28.919964, 0.0)
(38.188568, 28.933676, 0.0)
(38.208355, 28.943308, 0.0)
(38.216755, 28.930367, 0.0)
(38.207581, 28.917896, 0.0)
(38.218842, 28.928513, 0.0)
(39.861164, 29.201530, 0.0)
(40.919617, 29.482994, 0.0)
(41.025467, 29.534882, 0.0)
(41.017956, 29.503042, 0.0)
(40.965458, 29.392570, 0.0)
(41.176849, 30.164362, 0.0)
(42.053310, 30.494959, 0.0)
(41.996895, 29.434477, 0.0)
(42.029110, 29.333714, 0.0)
(42.099621, 29.474768, 0.0)
(42.137264, 29.549742, 0.0)
(42.199730, 29.581015, 0.0)
(42.192661, 29.621811, 0.0)
(42.187565, 29.664137, 0.0)
(43.643032, 30.401905, 0.0)
(45.187809, 31.213665, 0.0)
(45.291992, 31.237505, 0.0)
(45.298481, 31.212151, 0.0)
(45.321163, 31.213249, 0.0)
(45.317024, 31.174194, 0.0)
(45.313354, 31.123077, 0.0)
(45.344254, 31.101971, 0.0)
(45.336479, 31.098534, 0.0)
(45.305794, 31.093161, 0.0)
(45.299545, 31.131830, 0.0)
(45.292427, 31.204447, 0.0)
(45.292427, 31.204447, 0.0)
(45.292767, 31.180712, 0.0)
(45.879974, 31.544344, 0.0)
(45.970253, 31.607555, 0.0)
(45.965809, 31.540047, 0.0)
(45.975227, 31.538900, 0.0)
(45.985123, 31.566072, 0.0)
(45.974384, 31.601591, 0.0)
(45.963165, 31.623503, 0.0)
(45.963493, 31.628338, 0.0)
(45.947742, 31.597759, 0.0)
(45.927410, 31.559881, 0.0)
(45.903606, 31.492603, 0.0)
(44.497540, 30.431366, 0.0)
(43.587154, 29.601423, 0.0)
(43.507843, 29.447618, 0.0)
(43.530144, 29.435247, 0.0)
(43.483574, 29.373331, 0.0)
(41.470821, 28.987131, 0.0)
(39.920395, 28.925035, 0.0)
(39.765854, 28.889748, 0.0)
(39.737591, 28.858515, 0.0)
(39.685551, 28.838219, 0.0)
(39.670506, 28.831171, 0.0)
(39.639065, 28.809591, 0.0)
(39.607086, 28.762646, 0.0)
(37.186230, 28.819902, 0.0)
(34.988220, 29.096115, 0.0)
(34.853031, 29.118551, 0.0)
(34.840317, 29.121468, 0.0)
(34.818893, 29.103764, 0.0)
(37.919292, 28.799709, 0.0)
(38.294811, 28.792883, 0.0)
(38.223640, 28.770010, 0.0)
(38.076645, 28.733751, 0.0)
(38.035397, 28.729887, 0.0)
(37.950329, 28.719591, 0.0)
(35.131592, 28.773199, 0.0)
(34.290901, 28.786020, 0.0)
(34.134686, 28.735733, 0.0)
(34.071770, 28.695740, 0.0)
(34.042419, 28.693615, 0.0)
(33.935661, 28.695932, 0.0)
(33.198853, 29.004864, 0.0)
(29.865145, 29.791328, 0.0)
(29.445257, 29.879698, 0.0)
(29.386086, 29.861437, 0.0)
(29.376905, 29.815304, 0.0)
(29.351320, 29.819277, 0.0)
(29.314590, 29.799803, 0.0)
(29.298611, 29.792862, 0.0)
(29.261272, 29.804142, 0.0)
(29.244076, 29.807169, 0.0)
(29.239902, 29.807722, 0.0)
(29.253983, 29.801537, 0.0)
(29.234434, 29.799744, 0.0)
(29.201035, 29.839350, 0.0)
(29.195555, 29.845926, 0.0)
(29.204048, 29.816889, 0.0)
(29.239479, 29.777714, 0.0)
(29.261316, 29.750221, 0.0)
(29.271782, 29.751101, 0.0)
(29.253681, 29.804386, 0.0)
(29.240900, 29.826057, 0.0)
(29.239662, 29.830561, 0.0)
(29.262552, 29.820490, 0.0)
(29.286255, 29.777941, 0.0)
(31.717930, 28.758696, 0.0)
(32.643425, 28.457787, 0.0)
(35.553993, 28.164774, 0.0)
(36.232056, 28.196922, 0.0)
(36.305611, 28.189449, 0.0)
(36.325035, 28.213608, 0.0)
(36.350815, 28.199745, 0.0)
(36.380341, 28.174404, 0.0)
(36.393566, 28.160482, 0.0)
(36.396385, 28.142048, 0.0)
(36.382839, 28.117067, 0.0)
(39.395721, 28.905706, 0.0)
(41.715294, 29.727222, 0.0)
(42.015808, 29.780064, 0.0)
(42.030602, 29.738888, 0.0)
(42.025871, 29.726068, 0.0)
(42.034500, 29.740095, 0.0)
(42.040066, 29.777126, 0.0)
(42.047382, 29.757374, 0.0)
(42.051094, 29.722164, 0.0)
(42.070396, 29.687708, 0.0)
(42.355061, 29.763876, 0.0)
(44.388783, 30.539759, 0.0)
(44.570137, 30.597448, 0.0)
(44.568253, 30.594685, 0.0)
(44.584793, 30.581957, 0.0)
(44.563164, 30.596882, 0.0)
(44.513153, 30.548397, 0.0)
(45.515388, 31.045797, 0.0)
(45.828484, 31.233707, 0.0)
(45.823338, 31.212500, 0.0)
(45.819469, 31.209236, 0.0)
(45.818493, 31.201675, 0.0)
(45.802708, 31.166790, 0.0)
(45.783363, 31.152872, 0.0)
(45.776127, 31.076689, 0.0)
(45.768436, 31.015850, 0.0)
(45.768436, 31.015850, 0.0)
(45.768436, 31.015850, 0.0)
(45.756485, 31.046444, 0.0)
(45.774761, 31.061365, 0.0)
(45.778408, 31.015854, 0.0)
(45.777184, 30.996666, 0.0)
(45.778610, 30.974205, 0.0)
(45.778610, 30.974205, 0.0)
(45.761433, 30.959503, 0.0)
(45.760330, 30.929047, 0.0)
(45.737873, 30.934700, 0.0)
(45.712547, 30.942034, 0.0)
(45.704281, 30.951170, 0.0)
(45.640778, 30.851133, 0.0)
(43.484375, 29.616398, 0.0)
(40.907856, 28.164366, 0.0)
(38.999706, 27.862005, 0.0)
(36.291073, 27.813110, 0.0)
(35.643826, 27.828190, 0.0)
(35.628784, 27.804092, 0.0)
(35.651539, 27.801004, 0.0)
(35.644333, 27.797621, 0.0)
(35.647781, 27.799894, 0.0)
(35.648266, 27.795130, 0.0)
(35.648018, 27.791553, 0.0)
(35.656864, 27.780901, 0.0)
(35.654022, 27.772392, 0.0)
(35.644333, 27.764349, 0.0)
(35.638191, 27.758886, 0.0)
(35.638268, 27.735435, 0.0)
(35.646324, 27.714027, 0.0)
(35.647808, 27.673294, 0.0)
(35.668667, 27.683706, 0.0)
(35.676357, 27.687838, 0.0)
(35.684010, 27.689037, 0.0)
(35.700760, 27.691862, 0.0)
(35.713890, 27.696306, 0.0)
(35.724041, 27.687880, 0.0)
(35.722294, 27.683590, 0.0)
(35.722488, 27.671942, 0.0)
(35.721519, 27.651281, 0.0)
(35.735931, 27.633623, 0.0)
(35.125343, 27.665319, 0.0)
(32.614819, 27.739014, 0.0)
(32.336498, 27.818148, 0.0)
(32.307503, 27.781649, 0.0)
(32.251991, 27.785975, 0.0)
(32.226597, 27.787851, 0.0)
(32.193661, 27.804152, 0.0)
(30.198040, 28.537458, 0.0)
(29.070812, 28.778761, 0.0)
(28.926374, 28.775557, 0.0)
(28.917408, 28.733528, 0.0)
(28.909742, 28.715084, 0.0)
(28.885458, 28.690674, 0.0)
(28.852207, 28.724001, 0.0)
(28.861809, 28.753258, 0.0)
(28.857004, 28.769482, 0.0)
(28.845467, 28.797998, 0.0)
(28.842260, 28.794020, 0.0)
(28.839256, 28.770540, 0.0)
(28.844172, 28.742949, 0.0)
(28.861465, 28.717949, 0.0)
(28.852663, 28.723803, 0.0)
(28.852919, 28.693571, 0.0)
(29.432796, 28.319798, 0.0)
(30.285826, 27.897848, 0.0)
(30.691406, 27.675970, 0.0)
(30.931305, 27.516710, 0.0)
(31.000967, 27.463917, 0.0)
(31.040144, 27.421167, 0.0)
(31.077906, 27.363184, 0.0)
(31.660620, 27.168890, 0.0)
(34.371452, 26.552429, 0.0)
(37.147137, 26.677515, 0.0)
(39.622299, 27.314486, 0.0)
(41.252148, 27.845770, 0.0)
(41.497116, 27.872473, 0.0)
(41.515259, 27.859497, 0.0)
(41.539795, 27.835732, 0.0)
(41.484222, 27.866486, 0.0)
(41.165798, 27.668873, 0.0)
(41.296165, 27.696901, 0.0)
(41.392529, 27.714195, 0.0)
(40.882755, 27.527287, 0.0)
(41.061592, 29.045094, 0.0)
(41.017117, 29.116999, 0.0)
(41.424820, 29.833847, 0.0)
(41.223770, 28.022306, 0.0)
(41.388134, 27.821522, 0.0)
(41.567722, 27.990749, 0.0)
(41.675728, 28.039686, 0.0)
(41.732788, 28.016581, 0.0)
(41.758244, 28.026192, 0.0)
(41.819019, 28.047741, 0.0)
(41.856316, 28.070875, 0.0)
(41.866768, 28.099600, 0.0)
(41.904766, 28.109705, 0.0)
(41.953297, 28.089977, 0.0)
(41.980030, 28.053226, 0.0)
(42.047359, 28.036795, 0.0)
(44.255260, 29.079050, 0.0)
(44.845417, 29.367556, 0.0)
(44.894825, 29.391335, 0.0)
(44.905483, 29.406652, 0.0)
(44.926086, 29.405884, 0.0)
(44.931309, 29.396250, 0.0)
(44.958935, 29.356388, 0.0)
(44.929756, 29.365055, 0.0)
(44.867008, 29.317387, 0.0)
(43.895535, 29.066463, 0.0)
(43.553379, 29.779747, 0.0)
(43.281277, 29.973362, 0.0)
(42.627308, 28.830429, 0.0)
(41.970753, 28.094719, 0.0)
(41.940716, 28.129936, 0.0)
(42.002815, 28.215706, 0.0)
(42.043438, 28.269823, 0.0)
(42.058247, 28.270462, 0.0)
(42.100868, 28.266014, 0.0)
(42.109119, 28.287355, 0.0)
(42.137558, 28.306656, 0.0)
(42.124584, 28.291878, 0.0)
(42.102528, 28.293234, 0.0)
(40.495308, 27.820375, 0.0)
(37.818806, 26.927952, 0.0)
(37.696693, 26.830462, 0.0)
(37.724880, 26.788414, 0.0)
(37.735252, 26.778545, 0.0)
(37.748581, 26.728638, 0.0)
(37.729759, 26.732794, 0.0)
(37.715813, 26.737358, 0.0)
(37.724430, 26.779882, 0.0)
(37.719734, 26.792828, 0.0)
(37.677860, 26.792875, 0.0)
(37.684574, 26.794533, 0.0)
(37.418232, 26.791006, 0.0)
(33.775593, 27.103109, 0.0)
(31.994965, 27.504646, 0.0)
(31.828354, 27.501606, 0.0)
(31.804689, 27.462753, 0.0)
(31.742147, 27.484919, 0.0)
(31.711302, 27.522429, 0.0)
(31.652533, 27.544704, 0.0)
(31.611313, 27.543684, 0.0)
(31.579550, 27.505648, 0.0)
(31.565454, 27.485672, 0.0)
(31.548889, 27.512333, 0.0)
(31.524981, 27.492155, 0.0)
(31.522100, 27.489315, 0.0)
(31.516317, 27.484835, 0.0)
(31.448608, 27.454275, 0.0)
(31.226030, 27.245995, 0.0)
(31.564489, 26.930929, 0.0)
(32.017769, 26.615839, 0.0)
(31.011938, 27.115269, 0.0)
(31.018051, 27.240923, 0.0)
(31.058121, 27.250517, 0.0)
(31.035376, 27.242462, 0.0)
(31.024408, 27.249201, 0.0)
(31.018230, 27.256054, 0.0)
(31.001423, 27.256588, 0.0)
(30.998796, 27.297899, 0.0)
(30.983555, 27.296257, 0.0)
(30.986769, 27.261082, 0.0)
(30.971888, 27.241129, 0.0)
(30.903145, 27.254986, 0.0)
(31.057528, 26.824257, 0.0)
(34.751686, 27.820028, 0.0)
(35.270603, 27.064552, 0.0)
(35.436096, 27.012709, 0.0)
(35.541698, 27.169115, 0.0)
(35.619236, 27.226070, 0.0)
(35.669342, 27.306349, 0.0)
(35.730141, 27.285139, 0.0)
(35.741253, 27.268280, 0.0)
(35.760933, 27.266094, 0.0)
(35.772335, 27.301037, 0.0)
(35.785007, 27.291805, 0.0)
(35.819363, 27.304451, 0.0)
(35.852989, 27.288157, 0.0)
(35.864876, 27.246027, 0.0)
(36.528038, 27.238186, 0.0)
(40.093346, 27.584248, 0.0)
(42.559166, 28.292660, 0.0)
(43.848343, 28.945618, 0.0)
(43.966904, 28.966686, 0.0)
(44.001621, 29.006958, 0.0)
(44.043610, 29.020077, 0.0)
(44.046997, 28.980593, 0.0)
(43.966969, 28.928272, 0.0)
(43.272171, 28.682964, 0.0)
(43.072563, 29.255659, 0.0)
(42.833488, 28.366194, 0.0)
(43.192345, 28.245304, 0.0)
(43.434784, 28.441998, 0.0)
(43.532719, 28.530632, 0.0)
(43.567581, 28.551228, 0.0)
(43.626709, 28.563848, 0.0)
(43.649990, 28.599682, 0.0)
(43.670559, 28.571606, 0.0)
(43.692860, 28.554659, 0.0)
(43.720741, 28.572628, 0.0)
(43.706406, 28.536236, 0.0)
(43.698689, 28.549158, 0.0)
(43.696426, 28.561235, 0.0)
(43.698841, 28.609966, 0.0)
(43.698769, 28.623404, 0.0)
(43.712372, 28.604652, 0.0)
(43.700237, 28.571175, 0.0)
(43.710831, 28.584616, 0.0)
(43.671677, 28.547792, 0.0)
(43.673733, 28.547813, 0.0)
(43.677559, 28.545330, 0.0)
(43.669277, 28.541317, 0.0)
(43.634991, 28.545231, 0.0)
(43.621487, 28.560335, 0.0)
(43.600067, 28.558367, 0.0)
(43.583080, 28.542339, 0.0)
(43.582920, 28.499651, 0.0)
(43.552738, 28.495317, 0.0)
(43.527763, 28.436430, 0.0)
(43.488239, 28.404322, 0.0)
(43.458050, 28.362576, 0.0)
(43.367821, 28.304394, 0.0)
(39.848686, 27.297064, 0.0)
(37.656879, 26.608923, 0.0)
(37.195919, 26.723276, 0.0)
(37.349579, 26.740524, 0.0)
(37.390144, 26.701031, 0.0)
(37.364399, 26.630690, 0.0)
(37.377560, 26.616205, 0.0)
(37.418579, 26.606993, 0.0)
(37.418579, 26.606993, 0.0)
(37.418304, 26.603788, 0.0)
(37.404804, 26.629789, 0.0)
(37.376999, 26.609932, 0.0)
(37.334438, 26.622648, 0.0)
(37.301434, 26.629259, 0.0)
(37.268337, 26.637033, 0.0)
(37.268215, 26.632496, 0.0)
(37.257774, 26.623755, 0.0)
(36.771252, 26.690283, 0.0)
(34.620129, 26.546951, 0.0)
(34.474243, 26.581917, 0.0)
(34.463985, 26.567455, 0.0)
(34.434113, 26.561131, 0.0)
(34.431591, 26.568897, 0.0)
(34.413506, 26.564817, 0.0)
(34.414371, 26.563684, 0.0)
(34.394619, 26.559467, 0.0)
(33.466843, 26.804375, 0.0)
(31.686083, 27.113905, 0.0)
(31.460150, 27.168604, 0.0)
(31.432682, 27.137356, 0.0)
(31.423378, 27.147675, 0.0)
(31.419420, 27.146706, 0.0)
(31.388239, 27.154902, 0.0)
(31.379465, 27.126448, 0.0)
(31.372726, 27.118484, 0.0)
(31.354485, 27.116720, 0.0)
(31.351702, 27.103874, 0.0)
(31.330746, 27.050592, 0.0)
(30.923031, 27.246937, 0.0)
(30.505499, 27.262394, 0.0)
(30.409712, 27.274769, 0.0)
(30.406012, 27.267385, 0.0)
(30.389812, 27.237366, 0.0)
(30.398666, 27.234753, 0.0)
(30.388918, 27.245947, 0.0)
(30.366501, 27.250397, 0.0)
(30.368019, 27.248934, 0.0)
(30.365007, 27.261463, 0.0)
(30.357573, 27.277054, 0.0)
(30.359358, 27.277647, 0.0)
(30.360857, 27.268869, 0.0)
(30.362318, 27.264343, 0.0)
(30.363327, 27.255436, 0.0)
(30.366932, 27.213903, 0.0)
(30.368555, 27.190443, 0.0)
(30.361435, 27.195356, 0.0)
(31.264179, 27.130138, 0.0)
(33.130646, 26.607990, 0.0)
(34.373909, 26.079893, 0.0)
(34.584877, 25.879353, 0.0)
(34.635101, 25.824461, 0.0)
(34.680157, 25.779570, 0.0)
(34.746494, 25.742208, 0.0)
(34.811607, 25.741486, 0.0)
(34.883293, 25.692575, 0.0)
(34.861679, 25.715929, 0.0)
(35.824394, 25.772308, 0.0)
(36.999519, 25.691677, 0.0)
(37.791519, 25.604494, 0.0)
(37.976517, 25.569494, 0.0)
(38.059517, 25.582819, 0.0)
(38.125683, 25.557510, 0.0)
(38.111210, 25.566803, 0.0)
(39.501049, 25.988449, 0.0)
(42.160351, 26.873613, 0.0)
(44.103706, 28.100904, 0.0)
(44.360600, 28.271692, 0.0)
(44.412621, 28.312544, 0.0)
(44.383537, 28.284958, 0.0)
(44.380062, 28.296444, 0.0)
(44.395645, 28.292656, 0.0)
(44.430691, 28.325365, 0.0)
(44.430691, 28.313162, 0.0)
(44.436954, 28.285997, 0.0)
(44.435200, 28.246258, 0.0)
(44.430305, 28.206919, 0.0)
(44.473270, 28.236948, 0.0)
(43.789070, 28.315243, 0.0)
(42.986561, 27.393406, 0.0)
(43.179092, 27.092644, 0.0)
(43.305706, 27.047888, 0.0)
(43.393417, 27.023161, 0.0)
(43.390465, 27.011818, 0.0)
(43.394154, 26.985508, 0.0)
(43.424057, 26.951399, 0.0)
(43.222969, 27.071804, 0.0)
(42.460087, 26.928925, 0.0)
(42.612984, 27.149994, 0.0)
(43.817955, 27.541075, 0.0)
(44.383186, 27.842131, 0.0)
(44.558418, 27.951050, 0.0)
(44.622093, 27.919617, 0.0)
(44.640507, 27.913382, 0.0)
(44.646568, 27.917755, 0.0)
(44.650627, 27.905022, 0.0)
(44.674828, 27.905687, 0.0)
(44.661236, 27.903688, 0.0)
(44.529869, 28.014801, 0.0)
(43.944706, 28.211702, 0.0)
(44.530670, 29.410164, 0.0)
(44.735844, 29.980526, 0.0)
(44.839916, 30.067087, 0.0)
(44.881165, 30.093962, 0.0)
(44.863823, 30.090763, 0.0)
(45.235493, 30.814966, 0.0)
(45.407761, 31.856527, 0.0)
(45.735722, 33.286198, 0.0)
(45.862469, 33.982677, 0.0)
(45.882526, 34.094513, 0.0)
(45.885098, 34.079727, 0.0)
(45.893044, 34.091797, 0.0)
(45.895699, 34.092308, 0.0)
(45.892262, 34.116787, 0.0)
(45.894608, 34.129494, 0.0)
(45.885708, 34.150700, 0.0)
(45.874157, 34.139210, 0.0)
(45.873882, 34.123428, 0.0)
(45.876751, 34.101696, 0.0)
(45.861206, 34.074776, 0.0)
(45.534306, 33.879932, 0.0)
(45.600086, 34.152683, 0.0)
(45.483891, 34.188240, 0.0)
(45.593521, 34.298965, 0.0)
(45.666656, 34.149765, 0.0)
(45.674046, 34.134354, 0.0)
(45.707104, 34.199337, 0.0)
(45.697609, 34.234844, 0.0)
(45.718182, 34.261158, 0.0)
(45.839039, 35.087395, 0.0)
(45.830711, 36.076900, 0.0)
(45.835632, 36.281910, 0.0)
(45.836044, 36.303413, 0.0)
(45.796879, 36.326256, 0.0)
(45.795330, 36.294285, 0.0)
(45.797314, 36.271873, 0.0)
(45.747162, 36.279316, 0.0)
(45.732033, 36.269783, 0.0)
(45.704376, 36.334064, 0.0)
(45.707943, 37.106636, 0.0)
(45.685242, 37.219437, 0.0)
(45.667900, 37.257069, 0.0)
(45.651184, 37.212025, 0.0)
(45.436752, 37.089985, 0.0)
(44.844418, 39.083496, 0.0)
(45.011536, 38.636532, 0.0)
(45.214645, 37.850651, 0.0)
(45.227604, 37.266674, 0.0)
(45.284031, 37.294891, 0.0)
(44.685318, 37.159386, 0.0)
(42.528225, 35.907120, 0.0)
(42.456097, 35.906937, 0.0)
(42.526108, 35.874836, 0.0)
(42.563187, 35.829494, 0.0)
(45.163647, 35.277931, 0.0)
(45.571194, 35.247631, 0.0)
(45.610050, 35.142147, 0.0)
(45.625736, 35.023426, 0.0)
(45.601982, 34.851028, 0.0)
(45.545509, 34.687244, 0.0)
(45.125427, 35.903774, 0.0)
(45.208389, 32.661171, 0.0)
(45.333359, 32.004520, 0.0)
(45.435715, 31.942204, 0.0)
(45.520855, 31.964140, 0.0)
(45.526180, 31.975744, 0.0)
(45.559990, 31.934025, 0.0)
(45.627640, 31.980625, 0.0)
(45.621349, 31.937031, 0.0)
(45.581314, 31.899160, 0.0)
(45.603218, 31.834738, 0.0)
(45.122814, 31.126238, 0.0)
(44.904377, 29.996641, 0.0)
(44.914288, 29.860746, 0.0)
(44.906487, 29.857113, 0.0)
(44.901421, 29.878170, 0.0)
(44.887352, 29.839361, 0.0)
(44.264317, 29.848959, 0.0)
(44.626896, 30.046560, 0.0)
(44.620449, 29.425575, 0.0)
(44.701847, 29.515434, 0.0)
(44.792099, 29.561283, 0.0)
(44.838150, 29.604858, 0.0)
(44.905838, 29.634943, 0.0)
(44.920322, 29.605928, 0.0)
(44.917198, 29.626520, 0.0)
(44.920277, 29.591705, 0.0)
(44.917404, 29.914000, 0.0)
(44.845543, 31.301611, 0.0)
(44.747036, 31.373459, 0.0)
(44.739517, 31.387280, 0.0)
(44.735287, 31.379650, 0.0)
(44.737564, 31.359224, 0.0)
(44.659977, 31.340393, 0.0)
(44.003967, 31.396688, 0.0)
(44.337627, 34.001369, 0.0)
(44.630531, 34.190536, 0.0)
(44.792271, 34.208958, 0.0)
(44.772755, 34.073372, 0.0)
(44.764286, 34.028130, 0.0)
(44.755535, 34.040882, 0.0)
(44.738602, 34.061195, 0.0)
(44.749229, 34.063618, 0.0)
(44.746166, 34.080933, 0.0)
(44.741692, 34.098553, 0.0)
(44.748371, 34.079716, 0.0)
(44.612545, 34.340298, 0.0)
(43.954578, 35.290588, 0.0)
(44.499283, 33.602985, 0.0)
(44.505711, 33.157997, 0.0)
(44.545406, 33.308926, 0.0)
(44.583504, 33.402481, 0.0)
(44.570068, 33.494152, 0.0)
(44.594074, 33.544964, 0.0)
(44.623840, 33.581512, 0.0)
(44.653934, 33.607357, 0.0)
(44.674805, 33.656006, 0.0)
(44.687916, 33.706089, 0.0)
(44.697395, 33.725430, 0.0)
(44.720398, 33.743111, 0.0)
(44.984177, 34.528351, 0.0)
(45.068169, 35.176132, 0.0)
(45.037643, 35.289673, 0.0)
(45.013905, 35.296616, 0.0)
(44.999268, 35.282051, 0.0)
(44.999268, 35.282051, 0.0)
(44.590565, 35.447155, 0.0)
(44.528194, 35.400002, 0.0)
(44.575241, 35.381573, 0.0)
(44.586868, 35.398804, 0.0)
(44.576523, 35.403229, 0.0)
(44.572075, 35.464989, 0.0)
(44.575073, 35.472412, 0.0)
(44.573101, 35.496040, 0.0)
(44.584396, 35.487507, 0.0)
(44.579998, 35.504013, 0.0)
(44.587074, 35.490376, 0.0)
(44.583923, 35.490879, 0.0)
(44.870926, 36.013275, 0.0)
(44.879700, 36.144634, 0.0)
(44.846207, 36.143425, 0.0)
(44.839096, 36.168961, 0.0)
(44.839096, 36.168961, 0.0)
(44.804359, 36.188950, 0.0)
(44.795143, 36.155655, 0.0)
(44.796799, 36.140999, 0.0)
(44.791481, 36.125893, 0.0)
(44.765087, 36.081100, 0.0)
(44.757542, 35.975159, 0.0)
(44.176193, 34.667213, 0.0)
(44.175892, 34.160934, 0.0)
(44.212917, 34.090542, 0.0)
(44.215481, 34.038700, 0.0)
(44.174725, 33.974056, 0.0)
(44.188019, 33.959053, 0.0)
(43.528553, 33.367691, 0.0)
(42.611080, 31.917639, 0.0)
(42.570366, 31.833359, 0.0)
(42.560291, 31.814775, 0.0)
(42.559834, 31.773344, 0.0)
(42.564342, 31.712412, 0.0)
(42.606033, 31.731497, 0.0)
(42.608189, 31.715780, 0.0)
(42.605824, 31.644409, 0.0)
(42.621143, 31.614830, 0.0)
(42.621067, 31.604502, 0.0)
(42.611233, 31.610117, 0.0)
(42.606110, 31.614878, 0.0)
(42.604065, 31.592939, 0.0)
(42.593918, 31.563652, 0.0)
(42.608028, 31.515610, 0.0)
(42.773125, 31.574635, 0.0)
(44.289845, 32.131493, 0.0)
(44.391060, 32.121170, 0.0)
(44.376015, 32.102470, 0.0)
(44.373428, 32.111336, 0.0)
(44.375046, 32.078304, 0.0)
(44.361767, 32.077297, 0.0)
(44.358330, 32.074036, 0.0)
(44.144341, 31.042397, 0.0)
(44.141907, 30.956154, 0.0)
(44.127594, 30.961821, 0.0)
(44.143398, 30.932121, 0.0)
(44.121876, 30.903496, 0.0)
(44.113941, 30.866323, 0.0)
(44.117722, 30.866566, 0.0)
(43.798492, 30.243887, 0.0)
(43.656288, 29.754829, 0.0)
(43.634129, 29.717148, 0.0)
(43.624912, 29.760900, 0.0)
(43.595280, 29.801243, 0.0)
(43.592022, 29.810148, 0.0)
(43.625092, 29.763142, 0.0)
(43.641083, 29.741037, 0.0)
(43.676666, 29.741245, 0.0)
(43.673286, 29.694792, 0.0)
(43.690174, 29.705467, 0.0)
(43.697762, 29.714970, 0.0)
(43.413464, 29.714706, 0.0)
(41.877930, 29.592426, 0.0)
(42.359795, 31.153807, 0.0)
(42.941101, 32.110687, 0.0)
(43.019470, 32.262627, 0.0)
(42.981468, 32.208378, 0.0)
(42.938721, 32.190281, 0.0)
(42.955818, 32.185852, 0.0)
(42.612392, 33.107693, 0.0)
(42.608070, 35.180439, 0.0)
(42.470139, 35.924076, 0.0)
(42.360390, 35.991379, 0.0)
(42.280025, 35.997131, 0.0)
(42.260246, 35.979092, 0.0)
(42.245739, 35.987640, 0.0)
(42.241909, 35.983910, 0.0)
(42.247437, 35.988640, 0.0)
(42.770393, 34.217403, 0.0)
(43.009819, 32.711018, 0.0)
(42.977993, 32.597446, 0.0)
(42.979900, 32.638298, 0.0)
(43.029160, 32.688351, 0.0)
(42.985611, 32.664993, 0.0)
(42.965824, 32.684479, 0.0)
(42.963909, 32.711140, 0.0)
(42.970524, 32.744717, 0.0)
(42.977608, 32.737648, 0.0)
(42.993896, 32.797318, 0.0)
(43.585056, 33.001255, 0.0)
(43.647770, 33.028954, 0.0)
(43.637142, 33.048347, 0.0)
(43.644550, 33.073242, 0.0)
(43.640156, 33.073326, 0.0)
(43.635983, 33.063831, 0.0)
(43.634113, 33.102150, 0.0)
(43.597534, 33.122765, 0.0)
(43.208874, 34.384201, 0.0)
(43.022499, 36.375835, 0.0)
(43.310555, 36.595455, 0.0)
(43.407902, 36.076374, 0.0)
(43.452084, 35.711315, 0.0)
(43.463371, 35.664719, 0.0)
(43.478870, 35.702488, 0.0)
(43.473972, 35.701515, 0.0)
(43.451206, 35.768448, 0.0)
(43.440258, 35.779400, 0.0)
(43.433895, 35.810246, 0.0)
(43.433147, 35.836769, 0.0)
(43.417965, 35.813610, 0.0)
(43.393864, 35.822643, 0.0)
(42.862793, 36.084209, 0.0)
(42.612923, 32.635536, 0.0)
(42.927864, 30.832241, 0.0)
(42.981804, 30.418560, 0.0)
(43.047775, 30.468668, 0.0)
(43.075020, 30.493139, 0.0)
(43.049881, 30.518381, 0.0)
(43.070633, 30.565151, 0.0)
(43.131126, 30.559851, 0.0)
(43.129303, 30.538607, 0.0)
(43.142750, 30.511705, 0.0)
(43.179939, 30.512918, 0.0)
(43.184551, 30.457413, 0.0)
(43.167244, 30.414438, 0.0)
(43.191013, 30.429806, 0.0)
(43.153893, 30.418507, 0.0)
(41.814484, 29.454592, 0.0)
(41.763885, 29.415901, 0.0)
(41.774372, 29.370094, 0.0)
(41.772640, 29.354542, 0.0)
(41.770515, 29.289831, 0.0)
(41.774685, 29.266769, 0.0)
(41.778946, 29.247618, 0.0)
(41.766052, 29.207100, 0.0)
(41.768738, 29.175358, 0.0)
(41.763645, 29.160166, 0.0)
(41.754162, 29.156212, 0.0)
(41.738110, 29.180576, 0.0)
(41.716652, 29.191172, 0.0)
(42.351082, 29.317139, 0.0)
(42.387798, 29.295481, 0.0)
(42.377907, 29.270887, 0.0)
(42.379635, 29.221081, 0.0)
(42.370903, 29.180513, 0.0)
(42.360989, 29.135380, 0.0)
(42.348564, 28.976707, 0.0)
(42.140312, 27.961596, 0.0)
(42.123116, 27.838810, 0.0)
(42.117889, 27.849913, 0.0)
(42.101261, 27.800186, 0.0)
(42.105560, 27.770426, 0.0)
(42.112507, 27.765854, 0.0)
(42.043816, 27.710827, 0.0)
(41.630127, 27.662106, 0.0)
(41.923801, 27.621456, 0.0)
(42.142632, 27.786472, 0.0)
(42.279194, 27.791399, 0.0)
(42.294376, 27.796240, 0.0)
(42.310513, 27.811846, 0.0)
(42.314877, 27.815779, 0.0)
(42.331207, 27.799440, 0.0)
(42.333855, 27.775448, 0.0)
(42.350052, 27.771429, 0.0)
(41.977543, 28.011148, 0.0)
(41.605663, 28.570257, 0.0)
(41.565544, 28.633821, 0.0)
(41.514099, 28.612034, 0.0)
(41.247097, 28.557400, 0.0)
(40.762245, 29.668577, 0.0)
(40.325802, 32.064335, 0.0)
(40.252819, 31.181942, 0.0)
(40.211765, 30.341078, 0.0)
(40.275097, 30.282269, 0.0)
(40.289444, 30.379086, 0.0)
(40.345715, 30.458727, 0.0)
(40.369698, 30.508690, 0.0)
(40.399601, 30.526972, 0.0)
(40.413151, 30.522036, 0.0)
(40.420616, 30.486115, 0.0)
(40.428661, 30.498568, 0.0)
(41.783283, 30.643379, 0.0)
(41.910732, 30.719463, 0.0)
(41.895508, 30.751394, 0.0)
(41.900669, 30.797012, 0.0)
(41.895840, 30.814203, 0.0)
(41.875099, 30.780693, 0.0)
(41.853287, 30.716314, 0.0)
(41.540146, 30.883865, 0.0)
(41.698147, 33.200111, 0.0)
(41.557671, 32.160992, 0.0)
(41.576206, 31.883617, 0.0)
(41.608665, 31.992912, 0.0)
(41.642544, 32.022701, 0.0)
(41.673069, 32.058479, 0.0)
(41.680359, 32.110317, 0.0)
(41.693680, 32.161179, 0.0)
(41.822479, 33.462429, 0.0)
(41.785973, 35.809761, 0.0)
(41.592827, 36.028683, 0.0)
(41.522747, 36.061932, 0.0)
(41.477863, 36.137360, 0.0)
(41.484398, 36.230381, 0.0)
(41.493347, 36.205265, 0.0)
(41.496834, 36.175285, 0.0)
(41.492966, 36.208401, 0.0)
(41.478462, 36.209091, 0.0)
(41.483391, 36.216003, 0.0)
(41.486198, 36.264568, 0.0)
(41.475788, 36.289219, 0.0)
(41.471462, 36.310150, 0.0)
(41.452244, 36.326576, 0.0)
(41.468136, 36.305611, 0.0)
(41.457111, 36.303673, 0.0)
(41.475662, 36.278500, 0.0)
(41.467823, 36.284615, 0.0)
(41.461617, 36.263447, 0.0)
(41.460236, 36.413261, 0.0)
(41.159813, 36.236904, 0.0)
(40.690464, 34.918320, 0.0)
(39.775539, 32.172661, 0.0)
(39.523994, 31.137415, 0.0)
(39.467896, 30.994511, 0.0)
(39.467033, 31.071186, 0.0)
(39.451859, 31.086700, 0.0)
(39.459538, 31.090513, 0.0)
(39.482204, 31.102293, 0.0)
(39.499844, 31.109623, 0.0)
(39.517410, 31.088385, 0.0)
(39.546204, 31.068773, 0.0)
(40.156975, 30.677279, 0.0)
(40.675228, 30.365419, 0.0)
(40.709877, 30.361162, 0.0)
(40.727810, 30.355232, 0.0)
(40.740150, 30.328264, 0.0)
(40.745277, 30.341288, 0.0)
(40.766697, 30.302631, 0.0)
(40.773457, 30.255030, 0.0)
(40.795601, 30.168255, 0.0)
(40.793137, 30.081530, 0.0)
(40.816177, 30.034180, 0.0)
(40.828167, 29.976244, 0.0)
(40.828167, 29.976244, 0.0)
(40.831490, 29.943415, 0.0)
(40.820026, 29.918224, 0.0)
(40.803299, 29.889254, 0.0)
(40.783512, 29.838402, 0.0)
(40.755299, 29.750641, 0.0)
(40.767918, 29.697569, 0.0)
(40.779400, 29.652906, 0.0)
(40.790321, 29.565702, 0.0)
(40.654896, 29.098045, 0.0)
(40.459141, 27.756174, 0.0)
(40.456734, 27.688242, 0.0)
(40.459400, 27.696991, 0.0)
(40.431767, 27.711140, 0.0)
(40.428059, 27.643740, 0.0)
(40.422569, 27.607557, 0.0)
(39.897697, 27.467497, 0.0)
(39.274841, 27.557543, 0.0)
(39.228100, 26.395266, 0.0)
(39.553234, 26.743055, 0.0)
(39.671700, 26.895172, 0.0)
(39.716106, 26.900873, 0.0)
(39.757427, 26.947451, 0.0)
(39.812057, 26.963633, 0.0)
(39.796200, 26.985905, 0.0)
(39.788399, 27.008406, 0.0)
(39.794788, 27.032686, 0.0)
(39.790592, 27.086014, 0.0)
(39.775181, 27.088839, 0.0)
(39.783188, 27.103825, 0.0)
(39.804581, 27.116228, 0.0)
(39.808739, 27.100554, 0.0)
(39.839439, 27.115446, 0.0)
(39.786381, 27.091881, 0.0)
(39.158169, 27.064251, 0.0)
(37.939072, 28.539936, 0.0)
(37.934795, 28.986952, 0.0)
(38.869614, 28.882694, 0.0)
(39.032459, 28.979324, 0.0)
(39.060333, 29.071306, 0.0)
(39.098186, 29.134087, 0.0)
(39.094948, 29.153002, 0.0)
(39.114906, 29.181309, 0.0)
(39.135063, 29.204189, 0.0)
(39.152000, 29.240456, 0.0)
(39.141975, 29.243475, 0.0)
(40.034870, 30.868603, 0.0)
(40.030418, 31.691065, 0.0)
(39.965729, 31.747936, 0.0)
(39.948391, 31.754356, 0.0)
(39.942089, 31.754354, 0.0)
(39.940189, 31.757660, 0.0)
(39.940189, 31.757660, 0.0)
(39.938820, 31.764549, 0.0)
(39.934662, 31.774124, 0.0)
(39.934662, 31.774124, 0.0)
(39.938953, 31.763313, 0.0)
(39.938755, 31.821577, 0.0)
(39.938232, 31.890150, 0.0)
(39.370373, 33.407818, 0.0)
(39.240952, 34.055805, 0.0)
(39.217209, 34.171906, 0.0)
(39.193069, 34.167923, 0.0)
(39.190929, 34.222721, 0.0)
(39.188980, 34.301949, 0.0)
(39.130703, 34.316799, 0.0)
(39.947590, 36.774471, 0.0)
(39.838657, 36.174473, 0.0)
(39.818554, 35.699482, 0.0)
(39.815510, 35.577164, 0.0)
(39.816666, 35.563629, 0.0)
(39.826546, 35.547096, 0.0)
(39.610397, 35.677288, 0.0)
(38.251156, 36.354477, 0.0)
(38.118629, 36.401421, 0.0)
(38.167690, 36.390171, 0.0)
(38.148369, 36.431232, 0.0)
(38.111179, 36.469902, 0.0)
(38.101051, 36.500160, 0.0)
(38.106136, 36.503780, 0.0)
(38.114170, 36.483517, 0.0)
(38.093616, 36.452381, 0.0)
(38.091808, 36.458298, 0.0)
(38.067287, 36.382305, 0.0)
(38.092934, 36.225060, 0.0)
(38.325813, 35.191803, 0.0)
(38.549644, 33.738220, 0.0)
(38.521378, 33.386600, 0.0)
(38.492439, 33.297977, 0.0)
(38.494541, 33.176495, 0.0)
(38.436600, 32.971024, 0.0)
(38.477734, 32.776733, 0.0)
(38.492645, 32.577324, 0.0)
(38.480415, 32.377548, 0.0)
(38.471058, 32.184494, 0.0)
(38.483124, 31.988586, 0.0)
(38.475128, 31.927542, 0.0)
(38.466320, 31.843889, 0.0)
(38.471493, 31.734951, 0.0)
(38.470299, 31.630898, 0.0)
(38.450989, 31.531036, 0.0)
(38.466141, 31.426773, 0.0)
(38.494301, 31.367296, 0.0)
(38.501583, 31.268190, 0.0)
(38.454552, 30.919809, 0.0)
(38.419823, 30.308546, 0.0)
(38.429409, 30.208153, 0.0)
(38.442852, 30.116709, 0.0)
(38.439648, 30.055038, 0.0)
(38.426182, 29.542126, 0.0)
(38.470047, 29.040560, 0.0)
(38.435120, 28.939768, 0.0)
(38.448120, 28.918079, 0.0)
(38.501873, 28.795959, 0.0)
(38.483944, 28.665333, 0.0)
(38.391846, 27.791048, 0.0)
(38.416748, 27.560011, 0.0)
(38.419800, 27.545059, 0.0)
(38.407192, 27.525389, 0.0)
(38.416088, 27.507591, 0.0)
(38.355316, 27.464888, 0.0)
(38.315178, 27.390247, 0.0)
(38.165600, 27.345787, 0.0)
(37.585773, 26.982944, 0.0)
(37.700008, 26.861288, 0.0)
(37.894650, 26.860102, 0.0)
(37.939072, 26.864817, 0.0)
(37.933437, 26.845676, 0.0)
(37.827869, 26.794092, 0.0)
(37.454102, 27.634722, 0.0)
(36.409710, 27.367931, 0.0)
(37.124100, 27.286585, 0.0)
(37.270702, 27.449717, 0.0)
(37.287292, 27.533508, 0.0)
(37.299614, 27.565063, 0.0)
(37.311417, 27.588606, 0.0)
(37.328472, 27.628208, 0.0)
(37.341301, 27.638067, 0.0)
(37.115314, 27.939642, 0.0)
(36.840721, 28.755688, 0.0)
(36.786228, 28.920120, 0.0)
(36.738228, 28.957785, 0.0)
(36.738548, 28.998714, 0.0)
(36.740204, 29.030231, 0.0)
(36.765739, 29.056730, 0.0)
(36.741302, 29.093117, 0.0)
(36.705956, 29.010752, 0.0)
(37.358994, 30.012617, 0.0)
(37.452572, 30.165503, 0.0)
(37.440975, 30.148531, 0.0)
(37.439049, 30.216202, 0.0)
(37.427979, 30.307659, 0.0)
(37.431293, 30.340620, 0.0)
(37.440327, 30.354952, 0.0)
(37.436005, 30.378454, 0.0)
(37.440895, 30.387907, 0.0)
(37.446281, 30.394777, 0.0)
(37.443607, 30.404539, 0.0)
(37.476460, 30.684706, 0.0)
(37.111656, 31.788548, 0.0)
(37.030407, 31.965290, 0.0)
(37.005974, 32.022732, 0.0)
(36.993290, 32.103161, 0.0)
(36.986740, 32.133904, 0.0)
(36.999336, 32.165195, 0.0)
(36.982742, 32.178856, 0.0)
(37.669136, 33.280476, 0.0)
(37.839890, 34.199028, 0.0)
(37.779652, 34.327610, 0.0)
(37.790619, 34.377533, 0.0)
(37.747246, 34.342834, 0.0)
(37.749500, 34.385963, 0.0)
(37.718807, 34.473858, 0.0)
(37.731319, 34.502033, 0.0)
(37.721851, 34.429184, 0.0)
(37.667637, 34.631371, 0.0)
(37.484837, 35.760956, 0.0)
(37.402260, 35.902210, 0.0)
(37.369133, 35.916416, 0.0)
(37.046219, 37.288883, 0.0)
(36.930420, 38.213779, 0.0)
(37.044353, 36.748623, 0.0)
(37.027199, 36.172848, 0.0)
(37.044968, 35.957172, 0.0)
(37.032188, 35.780945, 0.0)
(37.039185, 35.534737, 0.0)
(37.074463, 35.343132, 0.0)
(36.978745, 34.937222, 0.0)
(35.967396, 30.292418, 0.0)
(35.875114, 29.871286, 0.0)
(35.863655, 29.901974, 0.0)
(35.832558, 29.914640, 0.0)
(35.785656, 29.902103, 0.0)
(35.758301, 29.853397, 0.0)
(35.747917, 29.793287, 0.0)
(35.759369, 29.724258, 0.0)
(35.770519, 29.697594, 0.0)
(35.780346, 29.650629, 0.0)
(35.774269, 29.621468, 0.0)
(35.787743, 29.593000, 0.0)
(35.779766, 29.573122, 0.0)
(35.749889, 29.566568, 0.0)
(35.752365, 29.530731, 0.0)
(35.763710, 29.502439, 0.0)
(35.757797, 29.455120, 0.0)
(35.751419, 29.430107, 0.0)
(35.757114, 29.410990, 0.0)
(35.755375, 29.382242, 0.0)
(35.753300, 29.370682, 0.0)
(35.762669, 29.345921, 0.0)
(35.922844, 28.387018, 0.0)
(35.942036, 28.052912, 0.0)
(35.920975, 28.047237, 0.0)
(35.903614, 28.048901, 0.0)
(35.912193, 28.023945, 0.0)
(35.918514, 27.958477, 0.0)
(35.918705, 27.907618, 0.0)
(35.925499, 27.893181, 0.0)
(35.919903, 27.828974, 0.0)
(35.931580, 27.782417, 0.0)
(35.930103, 27.774412, 0.0)
(35.926369, 27.772465, 0.0)
(35.876373, 27.744869, 0.0)
(35.658882, 27.343983, 0.0)
(35.612270, 27.210905, 0.0)
(35.627285, 27.193319, 0.0)
(35.639359, 27.160389, 0.0)
(35.579151, 27.076208, 0.0)
(35.158241, 26.736895, 0.0)
(35.028439, 26.402998, 0.0)
(35.210197, 26.579494, 0.0)
(35.266750, 26.665953, 0.0)
(35.282303, 26.700243, 0.0)
(35.208576, 26.660593, 0.0)
(34.945091, 26.548910, 0.0)
(34.707226, 28.710966, 0.0)
(34.702568, 27.582478, 0.0)
(34.765198, 27.582277, 0.0)
(34.801674, 27.761133, 0.0)
(34.822617, 27.787657, 0.0)
(34.831898, 27.799791, 0.0)
(34.828274, 27.831390, 0.0)
(34.774567, 27.729944, 0.0)
(34.242897, 29.175417, 0.0)
(33.729313, 31.876923, 0.0)
(34.655590, 31.610786, 0.0)
(34.684204, 31.460903, 0.0)
(34.655777, 31.552286, 0.0)
(34.662189, 31.647285, 0.0)
(34.653851, 31.660891, 0.0)
(34.640656, 31.669920, 0.0)
(34.634697, 31.675392, 0.0)
(34.641022, 31.661623, 0.0)
(34.626556, 31.652555, 0.0)
(34.605251, 31.693836, 0.0)
(34.611156, 31.729481, 0.0)
(34.895119, 32.897091, 0.0)
(34.932972, 34.548492, 0.0)
(34.818684, 34.647892, 0.0)
(34.736855, 34.667282, 0.0)
(34.681667, 34.671902, 0.0)
(34.683086, 34.702778, 0.0)
(34.677547, 34.714169, 0.0)
(34.667309, 34.799290, 0.0)
(34.669971, 34.845284, 0.0)
(34.911518, 35.563118, 0.0)
(34.938427, 35.690525, 0.0)
(34.938599, 35.679482, 0.0)
(34.937302, 35.664909, 0.0)
(34.942204, 35.645515, 0.0)
(34.956738, 35.714447, 0.0)
(34.949093, 35.835339, 0.0)
(34.923340, 36.041027, 0.0)
(34.923267, 36.252911, 0.0)
(34.942272, 36.350101, 0.0)
(34.962849, 36.417557, 0.0)
(34.973240, 36.476845, 0.0)
(34.984261, 36.544815, 0.0)
(34.996056, 36.623688, 0.0)
(35.007492, 36.704025, 0.0)
(35.011677, 36.750965, 0.0)
(35.005550, 36.747913, 0.0)
(35.031532, 36.784073, 0.0)
(35.033791, 36.893257, 0.0)
(35.010727, 37.643108, 0.0)
(34.622982, 37.190372, 0.0)
(34.517113, 36.269337, 0.0)
(34.466743, 35.889233, 0.0)
(34.476471, 35.582199, 0.0)
(34.469231, 35.358421, 0.0)
(34.089149, 34.864094, 0.0)
(33.212391, 32.335056, 0.0)
(33.180340, 32.241791, 0.0)
(33.165123, 32.277630, 0.0)
(33.139820, 32.150867, 0.0)
(33.104702, 32.062443, 0.0)
(33.074738, 31.983730, 0.0)
(33.074242, 31.886948, 0.0)
(33.081356, 31.779907, 0.0)
(33.099045, 31.648872, 0.0)
(33.197044, 31.210276, 0.0)
(33.250813, 30.316799, 0.0)
(33.263454, 30.218990, 0.0)
(33.248108, 30.189518, 0.0)
(33.253716, 30.155846, 0.0)
(33.248352, 30.118061, 0.0)
(33.219070, 30.085011, 0.0)
(33.229477, 30.022049, 0.0)
(33.357109, 29.358938, 0.0)
(33.364525, 29.174751, 0.0)
(33.353733, 29.141176, 0.0)
(33.353569, 29.100113, 0.0)
(33.384674, 29.046154, 0.0)
(33.370098, 29.016363, 0.0)
(33.380188, 28.971199, 0.0)
(33.374069, 28.942162, 0.0)
(33.358402, 28.936985, 0.0)
(33.304569, 28.904327, 0.0)
(33.294346, 28.907429, 0.0)
(33.288452, 28.848568, 0.0)
(33.286419, 28.828924, 0.0)
(33.289997, 28.768965, 0.0)
(33.301868, 28.757507, 0.0)
(33.264568, 28.187010, 0.0)
(33.247879, 28.002697, 0.0)
(33.247997, 27.993328, 0.0)
(33.243515, 27.982027, 0.0)
(33.225433, 27.961872, 0.0)
(33.209778, 27.937956, 0.0)
(33.211067, 27.910942, 0.0)
(33.130096, 27.440084, 0.0)
(33.424030, 26.770708, 0.0)
(33.713295, 26.726154, 0.0)
(33.773838, 26.805700, 0.0)
(33.791378, 26.851538, 0.0)
(33.828911, 26.876244, 0.0)
(33.795193, 26.887125, 0.0)
(33.582935, 26.813648, 0.0)
(31.463713, 29.378632, 0.0)
(31.364517, 27.682491, 0.0)
(31.451654, 27.717796, 0.0)
(31.522640, 27.907915, 0.0)
(31.545605, 28.021669, 0.0)
(31.568113, 28.091879, 0.0)
(31.583920, 28.261295, 0.0)
(32.006573, 29.519686, 0.0)
(31.996946, 29.641344, 0.0)
(31.962324, 29.660152, 0.0)
(31.964443, 29.651218, 0.0)
(31.971180, 29.676077, 0.0)
(31.971457, 29.739883, 0.0)
(32.678226, 31.619516, 0.0)
(32.577423, 32.258694, 0.0)
(32.485313, 32.276031, 0.0)
(32.460609, 32.295891, 0.0)
(32.441589, 32.282139, 0.0)
(32.417389, 32.288933, 0.0)
(32.398975, 32.336842, 0.0)
(32.379940, 32.361774, 0.0)
(32.351307, 32.382675, 0.0)
(32.344662, 32.398113, 0.0)
(32.341404, 32.379768, 0.0)
(32.285259, 32.378212, 0.0)
(32.285580, 32.360981, 0.0)
(32.281471, 32.342293, 0.0)
(32.278065, 32.330444, 0.0)
(32.272469, 32.300415, 0.0)
(32.270931, 32.277878, 0.0)
(32.256527, 32.230667, 0.0)
(32.226860, 32.258312, 0.0)
(32.972633, 33.132309, 0.0)
(33.043087, 33.224442, 0.0)
(32.995522, 33.213650, 0.0)
(32.994038, 33.209373, 0.0)
(32.982109, 33.212971, 0.0)
(32.971428, 33.220257, 0.0)
(33.009007, 33.173676, 0.0)
(32.814640, 33.551369, 0.0)
(32.750397, 33.758499, 0.0)
(32.741566, 33.729118, 0.0)
(32.731133, 33.842907, 0.0)
(32.731522, 33.935848, 0.0)
(32.744801, 33.912762, 0.0)
(32.776489, 33.914459, 0.0)
(32.820107, 33.948719, 0.0)
(32.596722, 33.955261, 0.0)
(32.139877, 35.318790, 0.0)
(32.172840, 30.845282, 0.0)
(32.157051, 29.871881, 0.0)
(32.146873, 29.741716, 0.0)
(32.160992, 29.826384, 0.0)
(32.185497, 29.842657, 0.0)
(32.168686, 29.850334, 0.0)
(32.190784, 29.864557, 0.0)
(32.174736, 29.873869, 0.0)
(32.172134, 29.881252, 0.0)
(32.162556, 29.871521, 0.0)
(32.161873, 29.845621, 0.0)
(32.157963, 29.842312, 0.0)
(32.162945, 29.832035, 0.0)
(32.160908, 29.841494, 0.0)
(31.161560, 30.043306, 0.0)
(30.969421, 30.090998, 0.0)
(30.983110, 30.038214, 0.0)
(30.995205, 29.977102, 0.0)
(30.996258, 29.935137, 0.0)
(30.992270, 29.859669, 0.0)
(31.005665, 29.778273, 0.0)
(30.998320, 29.736317, 0.0)
(30.985926, 29.723263, 0.0)
(30.995737, 29.707989, 0.0)
(31.031507, 29.659996, 0.0)
(31.033371, 29.628183, 0.0)
(31.519636, 29.018152, 0.0)
(31.616150, 28.924267, 0.0)
(31.594109, 28.908777, 0.0)
(31.608652, 28.848907, 0.0)
(31.621641, 28.800266, 0.0)
(31.604155, 28.735365, 0.0)
(31.533314, 28.713631, 0.0)
(31.525986, 28.714523, 0.0)
(31.522615, 28.713345, 0.0)
(31.516432, 28.705866, 0.0)
(31.529737, 28.674080, 0.0)
(31.553343, 28.628044, 0.0)
(31.526293, 28.547024, 0.0)
(31.571091, 28.454449, 0.0)
(31.356178, 28.207846, 0.0)
(31.342972, 28.123226, 0.0)
(31.336132, 28.070122, 0.0)
(31.307312, 28.026646, 0.0)
(31.288364, 27.956278, 0.0)
(31.258043, 27.364792, 0.0)
(31.222126, 27.307386, 0.0)
(31.154570, 27.297539, 0.0)
(31.143562, 27.253622, 0.0)
(30.976044, 27.157417, 0.0)
(30.627575, 28.763681, 0.0)
(30.395840, 28.806450, 0.0)
(30.869055, 28.251148, 0.0)
(30.904175, 28.274021, 0.0)
(30.922703, 28.455891, 0.0)
(30.897743, 28.551643, 0.0)
(30.909668, 28.651134, 0.0)
(30.917795, 28.673759, 0.0)
(30.929079, 28.640829, 0.0)
(30.885340, 28.731007, 0.0)
(30.157162, 31.101471, 0.0)
(30.241625, 31.709253, 0.0)
(30.206486, 31.768549, 0.0)
(30.134922, 31.792978, 0.0)
(30.095476, 31.868401, 0.0)
(30.068039, 31.859341, 0.0)
(30.118168, 32.359158, 0.0)
(30.809988, 34.028164, 0.0)
(30.745771, 34.156166, 0.0)
(30.630299, 34.153378, 0.0)
(30.604551, 34.217983, 0.0)
(30.587204, 34.231182, 0.0)
(30.582302, 34.251965, 0.0)
(30.581240, 34.263157, 0.0)
(30.574278, 34.255024, 0.0)
(30.577353, 34.192272, 0.0)
(30.131052, 33.498585, 0.0)
(30.090500, 33.403076, 0.0)
(30.087004, 33.418198, 0.0)
(30.092930, 33.414265, 0.0)
(30.129091, 33.382805, 0.0)
(30.142231, 33.386642, 0.0)
(30.126356, 33.341129, 0.0)
(30.103449, 33.337833, 0.0)
(30.085474, 33.353104, 0.0)
(30.094082, 33.347614, 0.0)
(30.085705, 33.378071, 0.0)
(30.635223, 33.783707, 0.0)
(30.793198, 33.920956, 0.0)
(30.768293, 33.957306, 0.0)
(30.777746, 33.985321, 0.0)
(30.778646, 34.050076, 0.0)
(31.019505, 35.374092, 0.0)
(31.041307, 35.672295, 0.0)
(31.035833, 35.702164, 0.0)
(30.990358, 35.756817, 0.0)
(30.975471, 35.835152, 0.0)
(30.910641, 35.897224, 0.0)
(30.908592, 36.032593, 0.0)
(30.844124, 36.059742, 0.0)
(30.901419, 36.130173, 0.0)
(30.885351, 36.182819, 0.0)
(30.893999, 36.198872, 0.0)
(30.571407, 36.329845, 0.0)
(29.608797, 35.266781, 0.0)
(29.437380, 34.772030, 0.0)
(29.566196, 34.272156, 0.0)
(30.127394, 33.095528, 0.0)
(30.091700, 32.909222, 0.0)
(30.047815, 32.824043, 0.0)
(30.048506, 32.641434, 0.0)
(30.046480, 32.564240, 0.0)
(30.046988, 32.468876, 0.0)
(30.047888, 32.377876, 0.0)
(30.064758, 32.321350, 0.0)
(30.036230, 32.245213, 0.0)
(30.078491, 32.183922, 0.0)
(30.037783, 32.130150, 0.0)
(30.007908, 32.041264, 0.0)
(30.015619, 31.997625, 0.0)
(29.995480, 31.950914, 0.0)
(29.851336, 31.924522, 0.0)
(29.171410, 31.475132, 0.0)
(29.132172, 31.329140, 0.0)
(29.116167, 31.279455, 0.0)
(29.116167, 31.179487, 0.0)
(29.124811, 31.113899, 0.0)
(29.122387, 31.034561, 0.0)
(29.131651, 30.949797, 0.0)
(29.113201, 30.895258, 0.0)
(29.120798, 30.865982, 0.0)
(29.094961, 30.814255, 0.0)
(29.101046, 30.771105, 0.0)
(29.108366, 30.688787, 0.0)
(29.181179, 30.231058, 0.0)
(29.212397, 30.100983, 0.0)
(29.229944, 30.058332, 0.0)
(29.242943, 30.002262, 0.0)
(29.238247, 29.983463, 0.0)
(29.216864, 29.931473, 0.0)
(29.231979, 29.896172, 0.0)
(29.208073, 29.559284, 0.0)
(29.198408, 29.325325, 0.0)
(29.190298, 29.207542, 0.0)
(29.194225, 29.182266, 0.0)
(29.178669, 29.153673, 0.0)
(29.149626, 29.111029, 0.0)
(29.115961, 29.051491, 0.0)
(29.097868, 29.042381, 0.0)
(29.103867, 29.016020, 0.0)
(29.063313, 29.029509, 0.0)
(28.776043, 28.847136, 0.0)
(28.641636, 28.700550, 0.0)
(29.046328, 28.428980, 0.0)
(29.187559, 28.552870, 0.0)
(29.211750, 28.570431, 0.0)
(29.201172, 28.633446, 0.0)
(29.089531, 28.634190, 0.0)
(28.790632, 30.459780, 0.0)
(27.912510, 30.280016, 0.0)
(28.281281, 28.460835, 0.0)
(28.483219, 28.003565, 0.0)
(28.520288, 28.156448, 0.0)
(28.549379, 28.187456, 0.0)
(28.280481, 29.567116, 0.0)
(28.173122, 30.501741, 0.0)
(28.498411, 32.648052, 0.0)
(28.372028, 33.035534, 0.0)
(28.294918, 33.110001, 0.0)
(28.240337, 33.121094, 0.0)
(28.207905, 33.159081, 0.0)
(28.200518, 33.156601, 0.0)
(28.157043, 33.166187, 0.0)
(28.236971, 33.347279, 0.0)
(28.891565, 34.233509, 0.0)
(28.961676, 34.589977, 0.0)
(28.869747, 34.600979, 0.0)
(28.840609, 34.629414, 0.0)
(28.831882, 34.595718, 0.0)
(28.835648, 34.629650, 0.0)
(28.810411, 34.633892, 0.0)
(28.812462, 34.651382, 0.0)
(28.808218, 34.670280, 0.0)
(28.783237, 34.693268, 0.0)
(28.811398, 34.717186, 0.0)
(28.799484, 34.716518, 0.0)
(28.803967, 34.750362, 0.0)
(28.806717, 34.767609, 0.0)
(29.235689, 35.808308, 0.0)
(29.262466, 36.451889, 0.0)
(29.225058, 36.511482, 0.0)
(29.217751, 36.539757, 0.0)
(29.209675, 36.566578, 0.0)
(29.212929, 36.553970, 0.0)
(29.207161, 36.547642, 0.0)
(29.225246, 36.538788, 0.0)
(28.763201, 36.858940, 0.0)
(28.668783, 36.898411, 0.0)
(28.677450, 36.893875, 0.0)
(28.688650, 36.932316, 0.0)
(28.678823, 36.958534, 0.0)
(28.679050, 37.004612, 0.0)
(28.669340, 37.045105, 0.0)
(28.664974, 37.074352, 0.0)
(28.633251, 37.584862, 0.0)
(28.862442, 38.601444, 0.0)
(28.792479, 37.866730, 0.0)
(28.808792, 37.530651, 0.0)
(28.722210, 37.251282, 0.0)
(28.676693, 37.047146, 0.0)
(28.614414, 36.743671, 0.0)
(28.534681, 36.466587, 0.0)
(28.471256, 35.394623, 0.0)
(28.363438, 33.452927, 0.0)
(28.353739, 33.393681, 0.0)
(28.326834, 33.427425, 0.0)
(28.315069, 33.412945, 0.0)
(28.290359, 33.404781, 0.0)
(28.274231, 33.352413, 0.0)
(27.480608, 32.603920, 0.0)
(27.432386, 32.434284, 0.0)
(27.413219, 32.399712, 0.0)
(27.396959, 32.395641, 0.0)
(27.376123, 32.388607, 0.0)
(27.371689, 32.347889, 0.0)
(27.358011, 32.296509, 0.0)
(27.340799, 32.232643, 0.0)
(27.338366, 32.193485, 0.0)
(27.331200, 32.156471, 0.0)
(27.328014, 32.109760, 0.0)
(27.314871, 32.060867, 0.0)
(27.312176, 32.046860, 0.0)
(27.319304, 32.019306, 0.0)
(27.312929, 32.022427, 0.0)
(27.662117, 31.412811, 0.0)
(27.970753, 30.905983, 0.0)
(27.965416, 30.792110, 0.0)
(27.975508, 30.767666, 0.0)
(27.955324, 30.726109, 0.0)
(27.948069, 30.687008, 0.0)
(27.937408, 30.634052, 0.0)
(27.927742, 30.601877, 0.0)
(27.720989, 29.870583, 0.0)
(27.748562, 29.160971, 0.0)
(27.706955, 29.048103, 0.0)
(27.714626, 28.993128, 0.0)
(27.711262, 28.960806, 0.0)
(27.705082, 28.944963, 0.0)
(27.704414, 28.889275, 0.0)
(27.690218, 28.871454, 0.0)
(27.671587, 28.830881, 0.0)
(27.661444, 28.824705, 0.0)
(27.346191, 29.348059, 0.0)
(27.312572, 29.569752, 0.0)
(27.080383, 29.437723, 0.0)
(27.325378, 29.550127, 0.0)
(27.213369, 29.608791, 0.0)
(27.212591, 29.646116, 0.0)
(27.200649, 29.681587, 0.0)
(27.179705, 29.729563, 0.0)
(27.125710, 29.856794, 0.0)
(27.388124, 29.827017, 0.0)
(27.434721, 29.853628, 0.0)
(27.408972, 29.828581, 0.0)
(27.358419, 29.823265, 0.0)
(27.328669, 29.834278, 0.0)
(27.311863, 29.864269, 0.0)
(27.298983, 29.864986, 0.0)
(27.290747, 29.861933, 0.0)
(27.169262, 30.570572, 0.0)
(27.313328, 31.612345, 0.0)
(27.290688, 31.701616, 0.0)
(27.236128, 31.708496, 0.0)
(27.224514, 31.727274, 0.0)
(27.478970, 33.209110, 0.0)
(27.620970, 34.436256, 0.0)
(27.626572, 34.677177, 0.0)
(27.541918, 34.664894, 0.0)
(27.501551, 34.652256, 0.0)
(27.471666, 34.637299, 0.0)
(27.469662, 34.685375, 0.0)
(27.326780, 34.075386, 0.0)
(27.234201, 32.965969, 0.0)
(27.216675, 32.640560, 0.0)
(27.169815, 32.653034, 0.0)
(27.099827, 32.694820, 0.0)
(27.088104, 32.738232, 0.0)
(27.087856, 32.792042, 0.0)
(27.081146, 32.829136, 0.0)
(27.073956, 32.858662, 0.0)
(26.875427, 33.415154, 0.0)
(27.178144, 33.919586, 0.0)
(27.233332, 33.939636, 0.0)
(27.218342, 33.964611, 0.0)
(27.200796, 34.036762, 0.0)
(27.202171, 34.095184, 0.0)
(27.202171, 34.115219, 0.0)
(27.177774, 34.141010, 0.0)
(27.167934, 34.146778, 0.0)
(27.174440, 34.150036, 0.0)
(26.889507, 34.368935, 0.0)
(26.862349, 34.426811, 0.0)
(26.879566, 34.445709, 0.0)
(26.899778, 34.466270, 0.0)
(26.915247, 34.534298, 0.0)
(27.331057, 35.549183, 0.0)
(27.457159, 35.796177, 0.0)
(27.429680, 35.830635, 0.0)
(27.404110, 35.881435, 0.0)
(27.391520, 35.930393, 0.0)
(27.531054, 36.481411, 0.0)
(27.594694, 36.866272, 0.0)
(27.579153, 36.852081, 0.0)
(27.584940, 36.811123, 0.0)
(27.567266, 36.788700, 0.0)
(27.586964, 36.745167, 0.0)
(27.577183, 36.759453, 0.0)
(27.577108, 36.748093, 0.0)
(27.567236, 36.750347, 0.0)
(27.560869, 36.697495, 0.0)
(27.554100, 36.649673, 0.0)
(27.556545, 36.609058, 0.0)
(27.548468, 36.607655, 0.0)
(27.417519, 36.782188, 0.0)
(27.268780, 36.949501, 0.0)
(27.259529, 36.926311, 0.0)
(27.273401, 36.916416, 0.0)
(27.283323, 36.909084, 0.0)
(27.280315, 36.907749, 0.0)
(27.275623, 36.917156, 0.0)
(27.284435, 36.892078, 0.0)
(27.271107, 36.910713, 0.0)
(27.273291, 36.912163, 0.0)
(27.264490, 36.994118, 0.0)
(27.242052, 37.003365, 0.0)
(27.255638, 36.979996, 0.0)
(27.249580, 36.967743, 0.0)
(27.250359, 36.931259, 0.0)
(27.239359, 36.923325, 0.0)
(27.240238, 36.918884, 0.0)
(27.242537, 36.899776, 0.0)
(27.237923, 36.910225, 0.0)
(27.240238, 36.918884, 0.0)
(27.214750, 36.955997, 0.0)
(27.210688, 36.970982, 0.0)
(27.210348, 36.948666, 0.0)
(27.211243, 36.944260, 0.0)
(27.205288, 36.901073, 0.0)
(27.195633, 36.903587, 0.0)
(27.215176, 36.894161, 0.0)
(27.233009, 36.872799, 0.0)
(27.231503, 36.866253, 0.0)
(27.226349, 36.865486, 0.0)
(27.211782, 36.861366, 0.0)
(27.278032, 36.980114, 0.0)
(27.282804, 36.996532, 0.0)
(27.291323, 36.916351, 0.0)
(27.298832, 36.898438, 0.0)
(27.307276, 36.894417, 0.0)
(27.300369, 36.888103, 0.0)
(27.300837, 36.856567, 0.0)
(27.308914, 36.833065, 0.0)
(27.283817, 36.816887, 0.0)
(27.299274, 36.856506, 0.0)
(27.293699, 36.878300, 0.0)
(27.291782, 36.874695, 0.0)
(27.293699, 36.878300, 0.0)
(27.289358, 36.854164, 0.0)
(27.310429, 36.814953, 0.0)
(27.322153, 36.815601, 0.0)
(27.314878, 36.803356, 0.0)
(27.328430, 36.804512, 0.0)
(27.341110, 36.797752, 0.0)
(27.336824, 36.781097, 0.0)
(27.339211, 36.794647, 0.0)
(27.316767, 36.726830, 0.0)
