(34.772568, 22.275372, 0.0)
(35.088943, 21.224253, 0.0)
(35.055164, 21.228680, 0.0)
(35.065094, 21.319668, 0.0)
(35.081451, 21.400839, 0.0)
(35.101921, 21.433529, 0.0)
(35.126415, 21.428289, 0.0)
(35.181961, 21.445976, 0.0)
(35.276112, 21.495892, 0.0)
(35.572033, 21.959328, 0.0)
(35.628674, 21.992451, 0.0)
(35.666290, 21.981268, 0.0)
(35.664658, 21.921684, 0.0)
(35.684551, 21.899897, 0.0)
(35.735462, 21.905470, 0.0)
(35.762897, 21.851269, 0.0)
(35.774590, 21.850677, 0.0)
(35.817516, 21.798918, 0.0)
(35.814083, 21.806927, 0.0)
(35.810680, 21.798944, 0.0)
(35.812965, 21.866035, 0.0)
(35.808414, 21.883455, 0.0)
(35.803234, 21.885176, 0.0)
(35.814850, 21.870901, 0.0)
(35.818905, 21.848829, 0.0)
(35.809536, 21.865385, 0.0)
(35.834572, 21.847488, 0.0)
(35.839214, 21.866856, 0.0)
(35.839561, 21.891932, 0.0)
(35.829319, 21.903992, 0.0)
(35.845695, 21.916822, 0.0)
(35.854462, 21.872528, 0.0)
(35.856342, 21.885859, 0.0)
(35.858860, 21.929188, 0.0)
(35.869278, 21.941786, 0.0)
(35.860001, 21.962130, 0.0)
(35.841190, 21.978399, 0.0)
(35.849438, 21.967455, 0.0)
(35.855991, 21.961687, 0.0)
(35.843315, 21.990786, 0.0)
(35.847679, 21.991806, 0.0)
(35.851437, 21.992626, 0.0)
(35.853798, 21.998072, 0.0)
(35.864994, 22.004187, 0.0)
(35.870110, 22.002415, 0.0)
(35.885319, 22.015963, 0.0)
(35.885555, 22.012833, 0.0)
(35.901463, 21.992960, 0.0)
(35.875275, 22.005096, 0.0)
(35.885334, 21.998629, 0.0)
(35.886761, 21.985857, 0.0)
(35.902607, 21.981035, 0.0)
(35.897419, 21.992161, 0.0)
(35.898148, 21.987534, 0.0)
(35.904629, 21.997663, 0.0)
(35.902889, 21.984062, 0.0)
(35.908932, 21.987127, 0.0)
(35.919975, 21.989534, 0.0)
(35.909073, 21.987137, 0.0)
(35.816689, 21.966831, 0.0)
(36.066517, 23.609941, 0.0)
(35.920349, 22.657196, 0.0)
(35.797924, 21.694881, 0.0)
(35.806282, 21.647827, 0.0)
(35.836430, 21.679550, 0.0)
(35.847305, 21.672472, 0.0)
(35.851078, 21.703081, 0.0)
(35.833397, 21.751301, 0.0)
(35.858685, 21.763573, 0.0)
(35.881252, 21.777006, 0.0)
(35.860733, 21.804079, 0.0)
(35.847946, 21.814053, 0.0)
(35.876678, 21.819166, 0.0)
(35.876423, 21.821455, 0.0)
(35.871349, 21.817768, 0.0)
(35.897652, 21.823231, 0.0)
(35.920856, 21.787703, 0.0)
(35.917377, 21.801519, 0.0)
(35.909584, 21.833694, 0.0)
(35.910423, 21.827072, 0.0)
(35.930168, 21.802021, 0.0)
(35.950558, 21.781460, 0.0)
(35.961285, 21.771469, 0.0)
(35.963531, 21.784933, 0.0)
(35.962200, 21.795572, 0.0)
(35.963734, 21.808786, 0.0)
(35.959812, 21.786362, 0.0)
(35.976524, 21.759686, 0.0)
(35.937912, 21.784615, 0.0)
(35.889492, 21.834278, 0.0)
(35.889874, 21.814398, 0.0)
(35.883938, 21.803318, 0.0)
(35.892761, 21.839985, 0.0)
(35.885063, 21.864832, 0.0)
(35.890186, 21.880705, 0.0)
(35.897831, 21.896963, 0.0)
(35.893742, 21.879255, 0.0)
(35.906677, 21.859352, 0.0)
(35.903244, 21.875816, 0.0)
(35.902252, 21.895664, 0.0)
(35.896725, 21.933773, 0.0)
(35.908794, 21.939585, 0.0)
(35.912518, 21.946270, 0.0)
(35.929775, 21.942039, 0.0)
(35.940437, 21.947962, 0.0)
(35.943401, 21.970345, 0.0)
(35.918831, 21.991940, 0.0)
(35.911312, 22.024935, 0.0)
(35.939743, 22.013762, 0.0)
(35.932384, 21.996574, 0.0)
(35.910564, 22.003990, 0.0)
(35.903927, 22.034018, 0.0)
(35.912582, 22.009699, 0.0)
(35.917744, 22.004112, 0.0)
(35.926903, 22.060312, 0.0)
(35.913845, 22.085194, 0.0)
(35.925434, 22.064629, 0.0)
(35.942360, 22.063688, 0.0)
(35.929489, 22.050652, 0.0)
(35.933949, 22.023884, 0.0)
(35.944534, 22.030285, 0.0)
(35.928501, 22.054806, 0.0)
(35.930592, 22.108101, 0.0)
(35.930725, 22.104034, 0.0)
(35.927872, 22.085135, 0.0)
(35.947197, 22.041367, 0.0)
(35.941139, 22.040329, 0.0)
(35.947025, 22.058836, 0.0)
(35.940956, 22.060661, 0.0)
(35.946232, 22.092733, 0.0)
(35.951359, 22.048592, 0.0)
(35.941841, 22.057186, 0.0)
(35.929638, 22.037056, 0.0)
(35.939648, 21.994967, 0.0)
(35.956188, 21.977133, 0.0)
(35.953148, 21.998468, 0.0)
(35.804443, 22.023273, 0.0)
(35.788982, 22.037336, 0.0)
(35.798515, 22.023932, 0.0)
(35.799599, 21.995918, 0.0)
(35.805542, 21.995834, 0.0)
(35.803875, 21.978304, 0.0)
(35.815098, 21.988256, 0.0)
(35.798763, 22.023397, 0.0)
(35.714558, 22.068314, 0.0)
(0.000000, 0.000000, 1.0)
(35.743019, 23.004196, 0.0)
(35.553673, 22.079945, 0.0)
(35.580421, 21.737770, 0.0)
(35.589783, 21.773945, 0.0)
(35.593540, 21.743101, 0.0)
(35.591339, 21.748474, 0.0)
(35.577503, 21.771156, 0.0)
(35.566864, 21.773949, 0.0)
(35.576706, 21.777712, 0.0)
(35.614090, 21.776033, 0.0)
(35.594025, 21.796227, 0.0)
(35.604763, 21.801403, 0.0)
(35.622757, 21.812145, 0.0)
(35.632145, 21.780127, 0.0)
(35.652996, 21.776312, 0.0)
(35.652241, 21.796623, 0.0)
(35.662930, 21.806713, 0.0)
(35.673195, 21.804022, 0.0)
(35.687355, 21.816076, 0.0)
(35.708057, 21.794638, 0.0)
(35.730251, 21.785694, 0.0)
(35.727848, 21.800514, 0.0)
(35.733414, 21.820276, 0.0)
(35.736874, 21.841240, 0.0)
(35.739605, 21.822517, 0.0)
(35.731762, 21.817509, 0.0)
(35.708527, 22.350578, 0.0)
(36.019726, 23.832678, 0.0)
(35.827709, 22.728537, 0.0)
(35.767284, 22.097855, 0.0)
(35.806664, 21.940870, 0.0)
(35.816998, 21.970858, 0.0)
(35.812099, 21.982546, 0.0)
(35.817680, 21.965136, 0.0)
(36.859516, 22.567781, 0.0)
(41.116253, 25.049164, 0.0)
(43.556385, 27.176931, 0.0)
(44.516724, 28.363472, 0.0)
(44.703075, 28.593307, 0.0)
(44.663612, 28.479204, 0.0)
(44.642517, 28.403679, 0.0)
(44.652275, 28.382208, 0.0)
(44.662346, 28.374956, 0.0)
(44.646076, 28.387691, 0.0)
(44.670521, 28.442896, 0.0)
(44.668091, 28.417059, 0.0)
(44.667610, 28.406464, 0.0)
(44.662704, 28.406092, 0.0)
(44.638355, 28.370092, 0.0)
(44.655304, 28.349457, 0.0)
(44.657715, 28.296963, 0.0)
(44.647369, 28.353987, 0.0)
(44.644077, 28.363419, 0.0)
(44.642082, 28.358259, 0.0)
(44.645168, 28.331451, 0.0)
(44.645641, 28.281080, 0.0)
(44.626423, 28.242981, 0.0)
(44.627010, 28.231441, 0.0)
(44.615406, 28.272348, 0.0)
(44.587757, 28.310158, 0.0)
(44.583569, 28.299713, 0.0)
(44.575062, 28.278177, 0.0)
(44.581882, 28.230562, 0.0)
(44.581890, 28.239517, 0.0)
(44.558167, 28.164558, 0.0)
(44.561218, 28.145304, 0.0)
(44.517651, 27.378044, 0.0)
(44.583130, 23.543293, 0.0)
(44.341633, 20.878746, 0.0)
(44.243389, 19.760820, 0.0)
(44.073738, 19.511395, 0.0)
(44.028595, 19.659172, 0.0)
(44.024551, 19.779051, 0.0)
(43.996025, 19.662910, 0.0)
(43.968700, 19.490910, 0.0)
(43.967163, 19.501591, 0.0)
(43.982868, 19.483992, 0.0)
(44.023453, 19.508682, 0.0)
(44.033283, 19.499352, 0.0)
(44.030949, 19.514320, 0.0)
(44.084534, 19.510262, 0.0)
(44.090042, 19.467667, 0.0)
(44.071220, 19.453440, 0.0)
(44.082153, 19.457151, 0.0)
(44.130169, 19.290106, 0.0)
(44.112255, 19.388420, 0.0)
(44.086243, 19.419039, 0.0)
(44.075108, 19.456343, 0.0)
(44.135952, 19.323076, 0.0)
(44.044556, 19.501617, 0.0)
(44.121006, 19.246933, 0.0)
(44.025452, 19.427538, 0.0)
(44.012562, 19.466970, 0.0)
(44.024647, 19.435495, 0.0)
(43.983566, 19.437130, 0.0)
(43.969467, 19.428679, 0.0)
(43.964455, 19.418306, 0.0)
(43.961464, 19.371429, 0.0)
(43.920979, 19.395737, 0.0)
(43.910484, 19.393475, 0.0)
(43.914627, 19.410650, 0.0)
(43.894115, 19.450506, 0.0)
(43.900169, 19.464012, 0.0)
(43.885391, 19.441319, 0.0)
(41.257465, 18.131153, 0.0)
(37.420883, 17.885733, 0.0)
(34.269428, 20.659916, 0.0)
(31.444874, 24.296181, 0.0)
(29.383825, 27.332355, 0.0)
(28.304264, 28.678221, 0.0)
(28.091953, 28.568592, 0.0)
(28.112572, 28.344341, 0.0)
(28.023014, 28.330070, 0.0)
(26.446781, 29.353016, 0.0)
(26.344748, 29.410849, 0.0)
(26.428724, 29.300940, 0.0)
(26.425011, 29.255547, 0.0)
(26.435326, 29.229969, 0.0)
(26.457119, 29.205666, 0.0)
(26.450651, 29.244572, 0.0)
(26.437063, 29.271677, 0.0)
(26.440073, 29.265833, 0.0)
(26.452566, 29.286655, 0.0)
(26.469215, 29.302813, 0.0)
(26.482050, 29.319971, 0.0)
(26.478861, 29.289824, 0.0)
(26.514038, 29.289560, 0.0)
(26.506542, 29.275209, 0.0)
(26.501202, 29.336964, 0.0)
(26.495260, 29.381197, 0.0)
(26.493147, 29.362907, 0.0)
(26.505512, 29.340057, 0.0)
(26.524122, 29.365965, 0.0)
(26.521021, 29.370197, 0.0)
(26.540495, 29.393650, 0.0)
(26.544064, 29.389851, 0.0)
(26.545303, 29.407326, 0.0)
(26.616344, 28.486338, 0.0)
(26.147552, 24.993418, 0.0)
(26.014299, 21.452133, 0.0)
(25.950012, 19.754135, 0.0)
(25.898300, 19.825464, 0.0)
(25.874544, 20.023932, 0.0)
(25.858017, 20.100187, 0.0)
(25.825815, 20.127132, 0.0)
(25.801323, 20.120079, 0.0)
(25.780931, 20.122370, 0.0)
(25.772499, 20.068878, 0.0)
(25.305035, 19.578627, 0.0)
(25.272089, 19.389156, 0.0)
(25.271046, 19.419266, 0.0)
(25.279383, 19.414646, 0.0)
(25.282629, 19.461155, 0.0)
(25.281849, 19.447561, 0.0)
(25.290865, 19.414753, 0.0)
(25.286768, 19.415569, 0.0)
(25.265255, 19.396475, 0.0)
(25.278530, 19.359943, 0.0)
(25.281769, 19.400810, 0.0)
(25.291773, 19.408195, 0.0)
(25.308449, 19.406967, 0.0)
(25.312452, 19.374628, 0.0)
(25.322828, 19.360947, 0.0)
(25.330128, 19.349703, 0.0)
(25.330750, 19.373974, 0.0)
(25.335295, 19.414474, 0.0)
(25.336395, 19.418884, 0.0)
(25.344872, 19.389349, 0.0)
(25.352888, 19.395992, 0.0)
(25.679064, 19.574976, 0.0)
(26.270855, 20.808249, 0.0)
(26.382143, 21.213013, 0.0)
(26.295115, 21.229002, 0.0)
(26.262293, 21.218462, 0.0)
(26.241665, 21.288317, 0.0)
(26.258854, 21.257946, 0.0)
(26.258646, 21.244228, 0.0)
(26.267288, 21.226986, 0.0)
(26.273565, 21.230150, 0.0)
(26.300520, 21.250561, 0.0)
(29.699007, 20.513088, 0.0)
(34.772568, 22.772556, 0.0)
(36.537056, 23.208506, 0.0)
(36.225399, 22.172508, 0.0)
(36.218643, 21.697491, 0.0)
(36.239647, 21.662596, 0.0)
(36.252712, 21.721523, 0.0)
(36.265602, 21.741682, 0.0)
(36.291698, 21.739243, 0.0)
(36.295124, 21.753813, 0.0)
(36.286346, 21.767496, 0.0)
(36.290169, 21.768898, 0.0)
(36.282623, 21.789688, 0.0)
(36.293831, 21.780125, 0.0)
(36.279560, 21.814718, 0.0)
(36.268127, 21.864777, 0.0)
(36.279968, 21.847382, 0.0)
(36.280758, 21.835989, 0.0)
(36.270447, 21.800766, 0.0)
(36.301418, 21.781818, 0.0)
(36.304417, 21.779715, 0.0)
(36.298355, 21.812780, 0.0)
(36.296925, 21.823668, 0.0)
(36.297283, 21.836958, 0.0)
(36.296925, 21.823668, 0.0)
(36.310036, 21.802797, 0.0)
(36.308590, 21.819601, 0.0)
(36.302330, 21.848484, 0.0)
(36.315720, 21.857862, 0.0)
(36.311836, 21.877993, 0.0)
(36.310623, 21.872225, 0.0)
(36.315411, 21.861620, 0.0)
(36.285259, 21.849157, 0.0)
(36.273914, 21.844446, 0.0)
(36.287392, 21.796230, 0.0)
(36.267914, 21.818804, 0.0)
(34.342537, 23.090910, 0.0)
(30.073658, 25.744175, 0.0)
(27.869612, 27.312494, 0.0)
(27.076818, 28.242714, 0.0)
(27.060713, 28.202553, 0.0)
(27.091976, 28.031221, 0.0)
(27.061390, 27.982841, 0.0)
(27.072739, 27.937681, 0.0)
(27.109703, 27.903612, 0.0)
(27.155775, 27.865511, 0.0)
(27.192625, 27.841450, 0.0)
(29.944033, 28.041990, 0.0)
(34.709751, 28.701939, 0.0)
(35.538807, 28.936615, 0.0)
(35.593636, 28.902750, 0.0)
(35.584946, 28.907303, 0.0)
(35.621956, 29.136215, 0.0)
(35.673183, 30.213726, 0.0)
(37.740215, 30.336857, 0.0)
(37.813675, 29.651409, 0.0)
(37.837349, 29.290995, 0.0)
(37.862431, 29.052010, 0.0)
(37.856411, 29.027256, 0.0)
(37.849056, 28.956453, 0.0)
(37.960770, 28.874859, 0.0)
(38.001320, 28.844423, 0.0)
(38.036335, 28.851097, 0.0)
(38.083878, 28.862902, 0.0)
(38.137363, 28.904360, 0.0)
(39.913651, 28.944635, 0.0)
(40.919548, 28.740816, 0.0)
(40.950138, 28.684229, 0.0)
(40.939671, 28.605473, 0.0)
(40.934681, 28.598701, 0.0)
(40.941257, 28.575346, 0.0)
(42.645767, 28.808504, 0.0)
(44.353527, 28.598530, 0.0)
(44.450314, 28.364014, 0.0)
(44.389263, 28.320847, 0.0)
(44.364986, 28.296331, 0.0)
(44.365765, 28.290926, 0.0)
(44.370720, 28.355526, 0.0)
(44.373188, 28.399084, 0.0)
(44.385349, 28.394306, 0.0)
(44.397888, 28.362007, 0.0)
(44.403206, 28.345209, 0.0)
(44.418903, 28.327341, 0.0)
(44.412609, 28.325764, 0.0)
(44.427013, 28.335073, 0.0)
(44.431709, 28.354448, 0.0)
(44.418903, 28.327341, 0.0)
(44.424580, 28.321123, 0.0)
(44.404064, 28.304981, 0.0)
(44.377850, 28.292507, 0.0)
(44.357338, 28.309277, 0.0)
(44.321468, 28.327271, 0.0)
(44.290279, 28.338720, 0.0)
(44.224384, 28.333456, 0.0)
(44.140568, 28.321947, 0.0)
(44.099342, 28.281517, 0.0)
(44.040539, 28.263098, 0.0)
(42.543026, 28.069592, 0.0)
(41.980812, 27.919029, 0.0)
(41.958752, 27.863356, 0.0)
(41.897430, 27.838953, 0.0)
(41.833557, 27.833326, 0.0)
(41.767269, 27.840132, 0.0)
(41.715767, 28.355173, 0.0)
(36.299255, 29.655209, 0.0)
(35.792076, 29.006538, 0.0)
(34.772133, 28.779846, 0.0)
(34.302441, 28.620264, 0.0)
(34.186127, 28.568111, 0.0)
(34.088032, 28.511366, 0.0)
(33.451981, 28.743952, 0.0)
(30.526642, 29.188980, 0.0)
(28.564093, 29.477541, 0.0)
(28.158211, 29.584330, 0.0)
(28.182562, 29.492502, 0.0)
(28.206205, 29.441898, 0.0)
(28.222298, 29.404324, 0.0)
(28.216576, 29.397961, 0.0)
(28.205673, 29.390041, 0.0)
(28.204191, 29.389702, 0.0)
(28.202084, 29.352276, 0.0)
(28.191111, 29.330599, 0.0)
(28.168425, 29.299540, 0.0)
(28.169077, 29.278713, 0.0)
(28.157637, 29.246281, 0.0)
(28.159285, 29.238834, 0.0)
(28.137981, 29.210354, 0.0)
(28.159840, 29.178446, 0.0)
(28.148590, 29.193846, 0.0)
(28.097517, 29.223698, 0.0)
(27.607290, 29.315287, 0.0)
(27.499430, 29.346869, 0.0)
(27.467857, 29.330994, 0.0)
(27.446426, 29.381329, 0.0)
(27.431883, 29.390896, 0.0)
(27.422503, 29.382193, 0.0)
(27.397709, 29.373405, 0.0)
(27.353878, 29.376043, 0.0)
(27.140915, 29.575768, 0.0)
(27.021116, 29.639874, 0.0)
(27.019043, 29.652870, 0.0)
(27.047276, 29.656391, 0.0)
(27.032600, 29.624615, 0.0)
(27.078472, 29.539694, 0.0)
(27.148829, 29.485737, 0.0)
(27.227053, 29.461538, 0.0)
(27.314602, 29.428381, 0.0)
(27.365498, 29.417198, 0.0)
(28.736536, 29.247526, 0.0)
(30.283981, 29.051027, 0.0)
(30.419319, 29.013334, 0.0)
(30.451096, 28.978035, 0.0)
(30.489979, 28.957258, 0.0)
(32.075329, 28.866831, 0.0)
(32.974926, 28.731014, 0.0)
(33.090618, 28.667593, 0.0)
(33.179214, 28.645395, 0.0)
(33.191040, 28.664841, 0.0)
(33.320820, 28.662271, 0.0)
(33.404881, 28.681007, 0.0)
(33.489979, 28.709526, 0.0)
(33.568085, 28.684641, 0.0)
(34.294983, 28.704618, 0.0)
(35.986938, 28.539164, 0.0)
(36.206009, 28.556408, 0.0)
(36.283772, 28.590097, 0.0)
(36.856373, 28.588425, 0.0)
(38.027969, 28.466785, 0.0)
(38.243706, 28.437927, 0.0)
(38.300781, 28.384075, 0.0)
(38.352547, 28.346363, 0.0)
(38.403820, 28.337658, 0.0)
(40.072979, 28.651033, 0.0)
(42.060322, 28.452095, 0.0)
(43.060860, 28.359612, 0.0)
(43.190750, 28.284069, 0.0)
(43.156097, 28.050220, 0.0)
(43.140797, 27.911518, 0.0)
(43.566833, 28.000395, 0.0)
(44.235123, 27.888130, 0.0)
(44.267460, 27.743240, 0.0)
(44.242882, 27.706348, 0.0)
(44.247013, 27.719231, 0.0)
(44.222881, 27.676561, 0.0)
(44.250015, 27.630835, 0.0)
(44.265961, 27.656776, 0.0)
(44.276569, 27.656467, 0.0)
(44.317738, 27.686420, 0.0)
(44.332516, 27.653643, 0.0)
(44.337990, 27.644066, 0.0)
(44.331329, 27.663256, 0.0)
(44.391098, 27.657494, 0.0)
(44.400272, 27.626469, 0.0)
(44.407810, 27.574886, 0.0)
(44.408268, 27.588451, 0.0)
(44.402653, 27.571917, 0.0)
(44.386166, 27.525032, 0.0)
(44.021671, 27.357506, 0.0)
(43.638302, 27.150505, 0.0)
(43.568901, 27.015955, 0.0)
(43.525646, 27.027369, 0.0)
(43.436199, 27.066843, 0.0)
(43.388340, 27.112461, 0.0)
(43.341923, 27.141180, 0.0)
(43.236027, 27.123640, 0.0)
(43.175133, 27.131804, 0.0)
(42.674267, 27.082241, 0.0)
(42.254120, 26.985033, 0.0)
(42.160542, 26.991610, 0.0)
(41.336033, 26.969694, 0.0)
(41.116531, 26.980841, 0.0)
(40.943260, 26.985380, 0.0)
(40.347748, 26.921394, 0.0)
(40.082085, 26.877291, 0.0)
(39.897251, 26.846926, 0.0)
(39.783371, 26.846651, 0.0)
(39.570999, 26.904291, 0.0)
(39.337482, 26.932545, 0.0)
(38.128582, 26.958530, 0.0)
(37.887428, 26.967648, 0.0)
(37.684998, 26.995459, 0.0)
(37.437656, 27.087391, 0.0)
(36.388672, 27.293028, 0.0)
(35.916473, 27.330647, 0.0)
(35.723499, 27.388659, 0.0)
(35.532524, 27.441254, 0.0)
(35.349934, 27.482063, 0.0)
(35.140316, 27.521351, 0.0)
(32.833080, 27.942869, 0.0)
(32.318279, 27.960560, 0.0)
(32.159958, 27.981829, 0.0)
(32.057541, 28.033016, 0.0)
(31.989788, 28.048258, 0.0)
(31.718243, 28.128006, 0.0)
(28.950016, 28.838314, 0.0)
(27.883200, 28.944590, 0.0)
(27.799881, 28.882404, 0.0)
(27.783457, 28.840376, 0.0)
(27.781113, 28.837242, 0.0)
(27.790165, 28.792866, 0.0)
(27.764587, 28.722677, 0.0)
(27.720648, 28.696934, 0.0)
(27.700880, 28.652943, 0.0)
(27.703650, 28.631912, 0.0)
(27.673330, 28.620625, 0.0)
(27.644037, 28.619320, 0.0)
(27.615175, 28.598763, 0.0)
(27.578844, 28.573381, 0.0)
(27.587194, 28.535156, 0.0)
(27.579929, 28.541924, 0.0)
(26.955359, 28.783955, 0.0)
(26.763998, 28.782801, 0.0)
(26.766848, 28.777493, 0.0)
(26.770338, 28.728264, 0.0)
(27.018360, 28.786684, 0.0)
(27.503672, 29.671719, 0.0)
(29.077885, 28.470610, 0.0)
(29.575491, 27.772446, 0.0)
(29.635078, 27.418917, 0.0)
(29.734539, 27.264818, 0.0)
(30.516603, 27.255135, 0.0)
(32.247761, 27.328884, 0.0)
(32.854988, 27.334108, 0.0)
(32.966270, 27.265486, 0.0)
(33.534107, 27.026304, 0.0)
(33.841526, 26.843023, 0.0)
(33.928642, 26.822811, 0.0)
(34.014194, 26.717039, 0.0)
(34.058640, 26.738789, 0.0)
(34.838802, 26.808081, 0.0)
(37.678246, 26.567638, 0.0)
(39.297802, 26.361950, 0.0)
(39.479473, 26.269735, 0.0)
(40.295383, 26.375422, 0.0)
(41.471718, 26.439613, 0.0)
(41.570221, 26.436676, 0.0)
(41.554531, 26.394968, 0.0)
(41.571339, 26.384434, 0.0)
(42.087265, 26.542431, 0.0)
(43.402889, 26.516645, 0.0)
(43.676399, 26.404451, 0.0)
(43.647137, 26.340536, 0.0)
(43.612984, 26.400465, 0.0)
(43.614952, 26.386051, 0.0)
(43.629486, 26.368055, 0.0)
(43.638527, 26.360506, 0.0)
(43.663910, 26.323326, 0.0)
(43.681770, 26.321455, 0.0)
(43.688042, 26.291182, 0.0)
(43.687862, 26.323982, 0.0)
(44.085014, 26.594675, 0.0)
(44.408375, 26.722889, 0.0)
(44.443398, 26.734419, 0.0)
(44.393063, 26.702211, 0.0)
(44.390324, 26.712496, 0.0)
(44.391815, 26.685072, 0.0)
(44.370838, 26.692410, 0.0)
(44.347614, 26.730618, 0.0)
(44.313549, 26.733267, 0.0)
(44.314098, 26.716768, 0.0)
(44.305908, 26.699656, 0.0)
(44.299755, 26.683765, 0.0)
(44.287666, 26.688013, 0.0)
(44.285683, 26.689100, 0.0)
(44.256454, 26.688629, 0.0)
(44.236374, 26.689936, 0.0)
(44.201382, 26.653967, 0.0)
(44.161190, 26.623003, 0.0)
(44.113533, 26.603796, 0.0)
(44.046135, 26.554276, 0.0)
(44.006172, 26.525404, 0.0)
(43.947983, 26.556572, 0.0)
(42.956348, 26.167374, 0.0)
(42.722969, 26.028196, 0.0)
(42.636639, 25.971628, 0.0)
(42.529442, 25.926466, 0.0)
(42.455704, 25.894302, 0.0)
(42.357609, 25.884953, 0.0)
(42.307606, 25.807795, 0.0)
(42.232998, 25.795122, 0.0)
(41.273834, 25.588390, 0.0)
(41.077869, 25.535995, 0.0)
(41.016479, 25.655041, 0.0)
(40.487003, 26.882841, 0.0)
(35.559494, 26.621603, 0.0)
(35.406254, 26.184496, 0.0)
(35.169170, 25.924297, 0.0)
(35.018856, 25.768290, 0.0)
(34.356026, 25.690739, 0.0)
(32.741901, 25.782381, 0.0)
(32.515465, 25.659567, 0.0)
(32.455173, 25.705915, 0.0)
(32.331844, 25.719793, 0.0)
(32.233513, 25.797773, 0.0)
(31.258156, 26.265972, 0.0)
(29.294020, 26.599354, 0.0)
(29.026478, 26.591564, 0.0)
(28.922043, 26.603901, 0.0)
(28.900766, 26.663919, 0.0)
(28.858381, 26.654102, 0.0)
(28.367422, 26.894499, 0.0)
(27.973948, 26.980417, 0.0)
(27.880154, 26.961149, 0.0)
(27.846430, 26.992542, 0.0)
(27.806227, 27.019005, 0.0)
(27.751276, 27.029352, 0.0)
(27.717175, 27.050161, 0.0)
(27.665815, 27.082857, 0.0)
(27.609169, 27.068436, 0.0)
(27.558989, 27.063311, 0.0)
(27.552511, 27.061163, 0.0)
(27.496691, 27.033484, 0.0)
(27.503176, 27.023285, 0.0)
(27.230944, 27.146662, 0.0)
(26.862394, 27.201815, 0.0)
(26.809332, 27.115108, 0.0)
(26.817987, 27.071144, 0.0)
(26.825300, 27.010334, 0.0)
(26.855730, 26.949059, 0.0)
(26.881439, 26.893675, 0.0)
(26.929911, 26.817450, 0.0)
(26.982214, 26.782803, 0.0)
(27.049097, 26.700682, 0.0)
(27.119446, 26.662161, 0.0)
(27.231792, 26.574799, 0.0)
(27.328516, 26.466793, 0.0)
(28.679796, 26.038898, 0.0)
(28.869186, 25.916924, 0.0)
(28.957842, 25.842403, 0.0)
(29.012074, 25.867039, 0.0)
(29.076790, 26.050131, 0.0)
(30.014542, 27.608124, 0.0)
(32.245770, 27.480095, 0.0)
(32.555798, 26.478785, 0.0)
(32.897823, 25.950079, 0.0)
(33.023136, 25.701485, 0.0)
(33.101948, 25.579317, 0.0)
(34.164707, 25.466879, 0.0)
(36.908211, 25.183100, 0.0)
(37.231716, 25.029999, 0.0)
(37.301945, 25.029121, 0.0)
(37.516994, 25.028477, 0.0)
(39.075459, 24.962488, 0.0)
(39.908741, 25.005028, 0.0)
(39.964043, 24.931372, 0.0)
(39.986771, 24.873993, 0.0)
(41.605869, 25.168322, 0.0)
(43.702000, 25.547457, 0.0)
(44.118713, 25.478802, 0.0)
(44.105145, 25.394995, 0.0)
(44.071083, 25.349146, 0.0)
(44.049976, 25.326160, 0.0)
(44.028488, 25.332418, 0.0)
(44.032059, 25.340660, 0.0)
(44.046513, 25.352539, 0.0)
(44.049942, 25.361513, 0.0)
(44.058826, 25.331835, 0.0)
(44.084709, 25.382545, 0.0)
(44.412884, 25.487133, 0.0)
(44.654995, 25.519985, 0.0)
(44.677876, 25.501539, 0.0)
(44.657665, 25.528242, 0.0)
(44.699364, 25.551561, 0.0)
(44.917110, 25.622435, 0.0)
(44.985207, 25.685062, 0.0)
(44.977440, 25.694292, 0.0)
(44.975304, 25.646309, 0.0)
(44.947033, 25.637363, 0.0)
(44.937386, 25.631004, 0.0)
(44.940239, 25.619656, 0.0)
(44.936680, 25.581837, 0.0)
(44.913589, 25.567495, 0.0)
(44.875546, 25.491053, 0.0)
(44.824036, 25.426281, 0.0)
(44.772266, 25.357323, 0.0)
(44.726105, 25.313869, 0.0)
(44.608784, 25.248533, 0.0)
(44.548115, 25.239775, 0.0)
(43.984814, 25.053394, 0.0)
(43.263103, 24.641590, 0.0)
(43.173786, 24.618298, 0.0)
(43.061226, 24.547026, 0.0)
(42.970512, 24.491581, 0.0)
(42.845066, 24.470640, 0.0)
(41.982414, 24.232389, 0.0)
(41.356266, 24.185907, 0.0)
(41.257450, 24.155090, 0.0)
(41.140896, 24.140816, 0.0)
(40.991741, 24.082968, 0.0)
(39.863617, 23.940413, 0.0)
(39.601727, 23.927708, 0.0)
(39.464161, 23.855518, 0.0)
(39.362980, 23.875366, 0.0)
(39.178837, 23.926414, 0.0)
(37.596252, 23.813971, 0.0)
(37.038261, 23.865934, 0.0)
(36.933228, 23.885593, 0.0)
(36.827908, 23.870655, 0.0)
(36.571659, 23.878595, 0.0)
(35.123779, 24.034012, 0.0)
(34.799286, 24.118410, 0.0)
(34.710701, 24.139797, 0.0)
(34.578285, 24.163832, 0.0)
(33.421001, 24.377947, 0.0)
(32.491554, 24.418882, 0.0)
(32.320766, 24.403444, 0.0)
(32.204147, 24.415400, 0.0)
(30.426304, 24.875454, 0.0)
(28.958418, 25.284992, 0.0)
(27.818975, 25.488197, 0.0)
(27.706945, 25.437693, 0.0)
(27.696737, 25.403967, 0.0)
(27.667551, 25.363935, 0.0)
(27.643913, 25.324678, 0.0)
(27.612514, 25.276026, 0.0)
(27.584347, 25.235565, 0.0)
(27.546366, 25.206749, 0.0)
(27.463814, 25.161093, 0.0)
(27.424892, 25.118858, 0.0)
(27.400187, 25.110338, 0.0)
(27.358870, 25.100126, 0.0)
(27.308575, 25.067453, 0.0)
(27.266714, 25.075138, 0.0)
(27.246025, 25.076416, 0.0)
(27.208960, 25.053911, 0.0)
(27.201832, 25.019222, 0.0)
(27.219717, 24.975662, 0.0)
(27.238501, 24.919838, 0.0)
(27.249680, 24.904171, 0.0)
(27.275108, 24.909828, 0.0)
(27.304434, 24.888958, 0.0)
(27.356636, 24.853386, 0.0)
(27.586884, 24.709366, 0.0)
(28.146595, 24.520760, 0.0)
(28.755369, 26.011763, 0.0)
(29.462286, 25.616510, 0.0)
(29.774216, 24.624905, 0.0)
(29.911863, 24.013557, 0.0)
(29.989784, 23.767197, 0.0)
(30.099157, 23.632023, 0.0)
(30.183193, 23.507988, 0.0)
(30.361046, 23.356541, 0.0)
(30.459959, 23.362766, 0.0)
(30.873543, 23.373009, 0.0)
(31.932035, 23.197044, 0.0)
(32.143192, 23.216806, 0.0)
(32.231735, 23.210815, 0.0)
(32.409180, 23.440559, 0.0)
(37.421307, 23.916548, 0.0)
(37.533604, 23.179178, 0.0)
(37.586086, 22.885845, 0.0)
(37.656754, 22.870489, 0.0)
(37.736423, 22.895395, 0.0)
(37.876114, 22.924416, 0.0)
(40.212410, 23.315367, 0.0)
(40.545620, 23.449318, 0.0)
(40.568298, 23.535782, 0.0)
(40.577549, 23.526140, 0.0)
(42.031006, 23.846556, 0.0)
(43.739658, 24.298901, 0.0)
(44.086376, 24.361578, 0.0)
(44.531727, 24.651333, 0.0)
(44.766396, 24.767799, 0.0)
(44.756599, 24.769897, 0.0)
(44.733215, 24.753057, 0.0)
(44.709011, 24.708244, 0.0)
(44.938469, 24.710089, 0.0)
(45.095833, 24.639076, 0.0)
(45.099930, 24.642645, 0.0)
(45.090477, 24.619070, 0.0)
(45.100727, 24.640123, 0.0)
(45.100178, 24.634254, 0.0)
(45.105568, 24.608183, 0.0)
(45.103405, 24.576923, 0.0)
(45.106892, 24.562729, 0.0)
(45.113781, 24.524405, 0.0)
(45.108116, 24.513279, 0.0)
(45.100643, 24.515490, 0.0)
(45.102909, 24.511032, 0.0)
(45.072014, 24.484898, 0.0)
(45.046978, 24.435726, 0.0)
(44.963341, 24.311100, 0.0)
(44.819988, 24.194143, 0.0)
(44.014301, 23.696068, 0.0)
(43.875591, 23.665350, 0.0)
(43.812515, 23.656448, 0.0)
(43.668957, 23.598553, 0.0)
(43.515900, 23.492102, 0.0)
(42.465240, 23.113068, 0.0)
(42.254513, 23.044834, 0.0)
(42.153278, 22.969336, 0.0)
(42.021008, 22.928198, 0.0)
(41.889606, 22.900921, 0.0)
(40.736221, 22.670923, 0.0)
(40.330967, 22.685463, 0.0)
(40.189941, 22.553419, 0.0)
(40.054501, 22.488541, 0.0)
(39.912834, 22.468462, 0.0)
(39.493046, 22.409431, 0.0)
(38.070908, 22.273752, 0.0)
(37.817352, 22.327108, 0.0)
(37.662064, 22.301250, 0.0)
(37.479420, 22.282812, 0.0)
(36.985680, 22.314623, 0.0)
(35.866081, 22.420809, 0.0)
(35.629044, 22.459379, 0.0)
(35.504578, 22.438612, 0.0)
(35.294010, 22.471739, 0.0)
(35.138950, 22.470255, 0.0)
(33.294994, 22.674545, 0.0)
(32.402718, 22.806345, 0.0)
(32.208721, 22.827814, 0.0)
(32.100910, 22.813824, 0.0)
(31.954914, 22.864872, 0.0)
(31.824825, 22.894096, 0.0)
(31.691843, 22.900454, 0.0)
(31.553114, 22.921417, 0.0)
(31.427168, 22.935385, 0.0)
(29.747105, 23.290171, 0.0)
(29.258541, 23.338709, 0.0)
(29.197069, 23.350914, 0.0)
(29.121181, 23.361263, 0.0)
(29.056820, 23.328798, 0.0)
(27.582493, 23.812298, 0.0)
(26.867550, 23.935587, 0.0)
(26.833567, 23.969122, 0.0)
(26.832993, 23.980690, 0.0)
(26.819473, 23.966084, 0.0)
(26.787157, 23.948692, 0.0)
(26.732578, 23.921326, 0.0)
(26.688433, 23.913698, 0.0)
(26.272346, 24.028662, 0.0)
(26.120789, 23.927547, 0.0)
(26.137928, 23.870831, 0.0)
(26.143347, 23.878145, 0.0)
(26.141132, 23.868088, 0.0)
(26.172611, 23.817434, 0.0)
(26.183712, 23.746765, 0.0)
(26.263681, 23.710659, 0.0)
(26.338438, 23.689100, 0.0)
(26.476191, 23.645714, 0.0)
(26.549765, 23.604736, 0.0)
(27.668610, 23.147165, 0.0)
(27.870667, 23.043020, 0.0)
(27.978985, 23.032738, 0.0)
(29.588099, 22.536327, 0.0)
(29.888859, 22.462952, 0.0)
(30.245384, 22.397942, 0.0)
(31.221931, 22.221767, 0.0)
(31.407511, 22.213387, 0.0)
(31.506281, 22.183987, 0.0)
(31.623522, 22.162542, 0.0)
(31.794907, 22.140322, 0.0)
(33.317219, 21.905481, 0.0)
(33.604477, 21.895720, 0.0)
(33.725479, 21.886850, 0.0)
(34.559479, 21.793995, 0.0)
(34.840984, 21.779001, 0.0)
(34.927647, 21.772177, 0.0)
(35.564243, 21.660086, 0.0)
(36.863503, 22.653421, 0.0)
(37.580559, 22.900673, 0.0)
(37.709690, 22.227568, 0.0)
(37.886768, 21.590319, 0.0)
(38.158161, 21.366980, 0.0)
(38.259541, 21.452816, 0.0)
(38.351803, 21.519377, 0.0)
(39.213871, 21.706898, 0.0)
(39.535660, 21.783117, 0.0)
(41.371410, 22.382549, 0.0)
(42.855381, 22.959873, 0.0)
(43.669994, 23.343201, 0.0)
(43.901470, 23.464233, 0.0)
(43.913185, 23.491106, 0.0)
(43.901516, 23.545418, 0.0)
(43.925823, 23.541447, 0.0)
(44.675373, 23.781197, 0.0)
(44.842030, 23.867575, 0.0)
(44.816757, 23.827374, 0.0)
(44.788284, 23.821949, 0.0)
(44.810329, 23.809004, 0.0)
(44.813511, 23.800053, 0.0)
(44.875652, 23.808357, 0.0)
(45.069851, 23.655958, 0.0)
(45.081249, 23.650873, 0.0)
(45.082561, 23.659121, 0.0)
(45.099758, 23.628469, 0.0)
(45.096165, 23.632168, 0.0)
(45.109650, 23.617146, 0.0)
(45.105507, 23.593775, 0.0)
(45.096596, 23.578598, 0.0)
(45.093895, 23.558483, 0.0)
(44.786598, 23.232647, 0.0)
(44.578033, 23.015385, 0.0)
(44.544464, 22.988033, 0.0)
(44.282734, 22.755072, 0.0)
(43.950783, 22.543297, 0.0)
(43.859177, 22.496187, 0.0)
(43.123505, 22.173828, 0.0)
(42.833443, 22.080374, 0.0)
(42.708496, 21.993866, 0.0)
(42.554508, 21.940266, 0.0)
(42.378090, 21.837881, 0.0)
(41.810471, 21.668139, 0.0)
(40.990726, 21.509712, 0.0)
(40.785423, 21.468586, 0.0)
(40.645069, 21.398098, 0.0)
(40.507828, 21.356741, 0.0)
(39.650780, 21.192970, 0.0)
(39.454685, 21.178162, 0.0)
(39.309410, 21.096127, 0.0)
(39.095417, 21.106812, 0.0)
(38.212051, 21.057884, 0.0)
(37.602596, 21.072454, 0.0)
(37.434151, 21.020874, 0.0)
(37.282505, 21.067192, 0.0)
(36.227268, 21.041573, 0.0)
(35.510883, 21.087284, 0.0)
(35.320595, 21.041019, 0.0)
(35.120312, 21.096779, 0.0)
(34.808136, 21.163456, 0.0)
(33.917156, 21.240675, 0.0)
(33.593647, 21.267693, 0.0)
(33.363670, 21.282997, 0.0)
(31.672256, 21.562611, 0.0)
(31.127214, 21.714905, 0.0)
(30.955383, 21.749432, 0.0)
(30.269892, 21.954069, 0.0)
(29.149801, 22.221973, 0.0)
(28.909807, 22.302677, 0.0)
(28.839685, 22.351395, 0.0)
(28.689039, 22.357227, 0.0)
(28.606247, 22.380522, 0.0)
(28.497255, 22.387253, 0.0)
(27.630167, 22.724899, 0.0)
(27.320253, 22.858673, 0.0)
(27.274605, 22.877390, 0.0)
(27.191425, 22.933283, 0.0)
(27.148363, 22.893816, 0.0)
(26.725206, 22.950081, 0.0)
(26.576836, 22.977682, 0.0)
(26.524384, 22.978540, 0.0)
(26.491367, 22.973309, 0.0)
(26.309317, 22.997429, 0.0)
(26.147263, 22.975756, 0.0)
(26.132494, 22.971245, 0.0)
(26.136112, 23.524237, 0.0)
(25.979616, 24.386627, 0.0)
(25.875288, 23.060017, 0.0)
(25.917944, 22.259193, 0.0)
(25.975506, 22.069414, 0.0)
(26.067356, 22.016356, 0.0)
(26.135986, 21.999365, 0.0)
(26.248781, 21.964785, 0.0)
(27.605490, 21.622461, 0.0)
(28.576448, 21.406664, 0.0)
(28.644541, 21.352602, 0.0)
(28.658842, 21.395403, 0.0)
(28.738569, 21.331686, 0.0)
(28.997793, 21.207811, 0.0)
(30.543404, 20.964640, 0.0)
(30.709476, 20.955572, 0.0)
(30.740854, 20.965776, 0.0)
(31.880312, 20.830072, 0.0)
(34.435993, 20.579325, 0.0)
(34.954308, 20.568197, 0.0)
(35.536701, 20.512047, 0.0)
(36.370407, 20.542313, 0.0)
(36.632797, 20.581743, 0.0)
(36.872482, 20.558039, 0.0)
(36.968807, 20.585224, 0.0)
(37.047626, 20.589382, 0.0)
(37.111423, 20.594460, 0.0)
(37.188683, 20.576181, 0.0)
(38.995811, 20.807762, 0.0)
(39.794464, 20.982876, 0.0)
(39.986832, 21.068945, 0.0)
(40.007290, 21.085272, 0.0)
(40.547268, 21.197012, 0.0)
(41.009705, 21.303045, 0.0)
(41.065105, 21.314762, 0.0)
(41.152172, 21.310976, 0.0)
(42.820667, 21.778772, 0.0)
(44.046356, 22.276726, 0.0)
(44.423634, 22.489586, 0.0)
(44.425800, 22.546339, 0.0)
(44.417919, 22.493650, 0.0)
(44.410435, 22.462502, 0.0)
(44.454830, 22.463593, 0.0)
(44.904598, 22.621677, 0.0)
(44.968800, 22.641535, 0.0)
(44.941422, 22.671412, 0.0)
(44.935577, 22.714912, 0.0)
(44.924030, 22.737133, 0.0)
(44.962341, 22.706760, 0.0)
(44.976433, 22.705326, 0.0)
(44.994759, 22.696438, 0.0)
(45.000416, 22.709246, 0.0)
(44.992786, 22.714371, 0.0)
(45.017387, 22.768040, 0.0)
(45.017387, 22.768040, 0.0)
(44.980915, 22.729971, 0.0)
(44.858681, 22.602299, 0.0)
(44.806362, 22.498182, 0.0)
(44.307903, 22.039156, 0.0)
(44.016445, 21.826382, 0.0)
(43.881355, 21.706905, 0.0)
(43.675499, 21.576487, 0.0)
(43.386292, 21.451868, 0.0)
(42.270954, 20.945217, 0.0)
(42.054024, 20.836647, 0.0)
(41.907894, 20.781570, 0.0)
(41.696117, 20.687752, 0.0)
(41.548107, 20.667683, 0.0)
(41.385422, 20.657511, 0.0)
(41.247952, 20.598619, 0.0)
(41.091164, 20.512156, 0.0)
(40.948883, 20.444681, 0.0)
(40.835617, 20.455730, 0.0)
(39.618866, 20.230545, 0.0)
(39.322323, 20.219730, 0.0)
(39.190815, 20.187683, 0.0)
(39.028900, 20.139244, 0.0)
(38.899548, 20.133039, 0.0)
(37.425819, 19.935543, 0.0)
(37.121387, 19.949038, 0.0)
(36.981762, 19.887127, 0.0)
(36.873535, 19.878355, 0.0)
(36.687786, 19.894115, 0.0)
(36.522167, 19.910894, 0.0)
(34.816166, 19.914690, 0.0)
(34.574360, 19.970776, 0.0)
(34.432297, 19.996284, 0.0)
(34.297283, 19.982143, 0.0)
(34.175949, 19.951351, 0.0)
(32.391430, 20.196426, 0.0)
(31.880627, 20.353653, 0.0)
(31.760761, 20.350254, 0.0)
(31.654163, 20.323116, 0.0)
(31.557697, 20.336643, 0.0)
(30.720306, 20.591265, 0.0)
(28.819260, 20.991594, 0.0)
(28.579699, 21.077793, 0.0)
(28.523069, 21.076685, 0.0)
(28.421200, 21.095320, 0.0)
(28.324852, 21.117868, 0.0)
(27.922148, 21.327686, 0.0)
(27.295410, 21.517588, 0.0)
(27.200737, 21.534641, 0.0)
(27.173136, 21.554369, 0.0)
(26.810305, 21.753250, 0.0)
(26.296371, 21.912277, 0.0)
(26.259203, 21.939041, 0.0)
(26.268845, 21.869877, 0.0)
(26.260193, 21.853474, 0.0)
(26.244858, 21.866606, 0.0)
(26.234610, 21.877380, 0.0)
(26.246166, 21.875965, 0.0)
(26.277525, 21.834730, 0.0)
(26.303873, 21.805159, 0.0)
(26.327826, 21.741783, 0.0)
(26.357704, 21.720284, 0.0)
(26.542955, 21.589846, 0.0)
(26.952492, 21.153208, 0.0)
(27.075060, 23.128616, 0.0)
(27.348520, 22.057556, 0.0)
(27.617388, 20.829504, 0.0)
(27.804743, 20.131403, 0.0)
(27.911745, 20.125608, 0.0)
(27.998041, 20.170361, 0.0)
(28.079439, 20.161924, 0.0)
(28.993519, 20.057634, 0.0)
(30.497141, 19.754093, 0.0)
(30.610565, 19.745419, 0.0)
(31.050606, 19.654106, 0.0)
(33.355782, 19.415720, 0.0)
(34.134750, 19.399153, 0.0)
(34.562302, 19.392721, 0.0)
(34.835453, 19.328909, 0.0)
(34.975880, 19.278795, 0.0)
(35.051292, 19.252146, 0.0)
(35.200623, 19.231058, 0.0)
(36.384472, 19.191593, 0.0)
(36.624279, 19.159601, 0.0)
(36.913410, 19.184288, 0.0)
(38.250595, 19.350103, 0.0)
(38.505970, 19.439253, 0.0)
(38.691330, 19.431538, 0.0)
(39.512508, 19.607958, 0.0)
(39.733227, 19.666571, 0.0)
(39.759647, 19.694405, 0.0)
(40.127831, 19.752886, 0.0)
(41.427639, 20.084587, 0.0)
(41.752453, 20.209093, 0.0)
(41.791603, 20.247780, 0.0)
(42.464439, 20.527594, 0.0)
(44.051041, 21.278116, 0.0)
(44.550209, 21.593220, 0.0)
(44.532776, 21.604452, 0.0)
(44.511974, 21.545387, 0.0)
(44.499107, 21.517185, 0.0)
(44.492474, 21.495087, 0.0)
(44.492256, 21.488419, 0.0)
(44.742363, 21.690659, 0.0)
(44.998116, 21.889189, 0.0)
(44.999615, 21.894173, 0.0)
(44.985054, 21.851622, 0.0)
(44.983051, 21.864906, 0.0)
(44.982792, 21.875319, 0.0)
(44.975552, 21.799858, 0.0)
(44.981491, 21.784050, 0.0)
(44.973492, 21.811495, 0.0)
(44.956825, 21.789942, 0.0)
(44.607307, 21.500071, 0.0)
(44.472755, 21.324961, 0.0)
(44.405533, 21.227312, 0.0)
(43.796448, 20.732967, 0.0)
(43.539383, 20.587162, 0.0)
(43.395405, 20.534977, 0.0)
(43.157375, 20.412041, 0.0)
(42.330875, 20.090715, 0.0)
(42.099804, 19.966375, 0.0)
(41.929234, 19.904989, 0.0)
(41.663376, 19.816942, 0.0)
(41.487747, 19.750135, 0.0)
(41.255955, 19.635201, 0.0)
(41.096947, 19.590689, 0.0)
(40.589325, 19.475731, 0.0)
(39.665390, 19.158007, 0.0)
(39.467999, 19.154432, 0.0)
(39.244812, 19.076923, 0.0)
(39.120419, 19.008499, 0.0)
(38.768044, 18.916819, 0.0)
(37.722446, 18.757086, 0.0)
(37.508625, 18.679153, 0.0)
(37.377895, 18.640806, 0.0)
(37.258339, 18.637474, 0.0)
(37.044933, 18.619139, 0.0)
(35.880600, 18.531424, 0.0)
(35.654430, 18.542154, 0.0)
(35.508560, 18.503479, 0.0)
(35.380455, 18.523949, 0.0)
(35.227516, 18.551744, 0.0)
(33.476227, 18.618149, 0.0)
(33.135700, 18.649450, 0.0)
(33.047897, 18.680342, 0.0)
(32.963753, 18.658461, 0.0)
(32.817654, 18.673914, 0.0)
(30.934555, 19.104620, 0.0)
(30.067253, 19.287640, 0.0)
(29.971924, 19.272623, 0.0)
(29.841518, 19.304665, 0.0)
(29.744865, 19.337397, 0.0)
(29.650867, 19.344616, 0.0)
(29.217392, 19.482082, 0.0)
(27.938927, 19.993246, 0.0)
(27.789953, 20.115276, 0.0)
(27.789953, 20.115276, 0.0)
(27.774567, 20.103077, 0.0)
(27.756342, 20.107044, 0.0)
(27.735744, 20.087551, 0.0)
(27.748533, 20.073179, 0.0)
(27.577040, 20.198736, 0.0)
(26.422087, 20.806583, 0.0)
(26.355244, 20.867405, 0.0)
(26.403355, 20.837181, 0.0)
(26.409159, 20.808447, 0.0)
(26.400915, 20.768375, 0.0)
(26.423168, 20.725662, 0.0)
(26.446508, 20.686869, 0.0)
(26.482277, 20.649479, 0.0)
(26.479494, 20.599058, 0.0)
(26.644453, 21.298040, 0.0)
(27.174299, 20.173964, 0.0)
(27.516066, 18.963223, 0.0)
(28.019316, 18.746641, 0.0)
(28.226168, 18.815935, 0.0)
(28.319651, 18.810425, 0.0)
(28.394745, 18.817953, 0.0)
(28.488884, 18.761362, 0.0)
(29.345139, 18.546057, 0.0)
(30.401793, 18.244389, 0.0)
(30.554350, 18.240900, 0.0)
(30.837440, 18.236618, 0.0)
(32.178528, 18.025679, 0.0)
(32.400635, 18.028511, 0.0)
(32.481869, 18.010256, 0.0)
(33.074539, 17.919243, 0.0)
(33.876011, 17.846924, 0.0)
(34.045685, 17.858818, 0.0)
(34.206505, 17.824482, 0.0)
(34.769833, 17.894461, 0.0)
(35.804291, 17.806555, 0.0)
(35.945835, 17.837210, 0.0)
(36.105831, 17.846373, 0.0)
(36.167133, 17.816704, 0.0)
(36.275959, 17.829330, 0.0)
(36.528534, 17.845287, 0.0)
(38.089169, 17.962931, 0.0)
(38.323956, 18.080912, 0.0)
(38.320816, 18.131210, 0.0)
(38.398129, 18.138405, 0.0)
(38.493263, 18.131233, 0.0)
(38.762394, 18.207314, 0.0)
(41.024490, 18.801144, 0.0)
(41.174641, 18.817686, 0.0)
(41.195499, 18.867281, 0.0)
(41.239487, 18.924887, 0.0)
(41.287212, 18.961538, 0.0)
(42.494717, 19.622812, 0.0)
(44.025955, 20.302576, 0.0)
(44.182320, 20.428003, 0.0)
(44.088066, 20.374975, 0.0)
(44.073864, 20.371954, 0.0)
(44.042397, 20.360907, 0.0)
(44.052219, 20.362179, 0.0)
(44.046707, 20.331646, 0.0)
(44.057701, 20.299376, 0.0)
(44.060783, 20.280403, 0.0)
(44.071888, 20.280279, 0.0)
(44.087460, 20.278683, 0.0)
(44.087460, 20.278683, 0.0)
(44.175777, 20.344191, 0.0)
(44.402958, 20.514919, 0.0)
(44.407757, 20.500935, 0.0)
(44.357544, 20.410593, 0.0)
(44.258461, 20.356808, 0.0)
(44.205887, 20.231613, 0.0)
(44.150673, 20.149035, 0.0)
(43.642879, 19.811672, 0.0)
(43.513271, 19.721436, 0.0)
(43.404903, 19.636147, 0.0)
(43.268005, 19.534189, 0.0)
(43.092285, 19.446154, 0.0)
(41.837025, 18.779577, 0.0)
(41.637508, 18.705057, 0.0)
(41.515411, 18.646292, 0.0)
(41.344887, 18.556337, 0.0)
(41.162209, 18.498436, 0.0)
(40.956516, 18.425919, 0.0)
(39.947964, 18.090509, 0.0)
(39.756405, 18.066559, 0.0)
(39.636166, 17.996065, 0.0)
(39.439682, 17.950583, 0.0)
(39.250389, 17.932783, 0.0)
(38.277359, 17.738590, 0.0)
(37.826202, 17.645641, 0.0)
(37.737240, 17.596870, 0.0)
(37.576279, 17.563103, 0.0)
(37.400768, 17.529263, 0.0)
(35.740147, 17.478443, 0.0)
(35.021194, 17.522791, 0.0)
(34.881222, 17.480396, 0.0)
(34.708981, 17.464664, 0.0)
(34.547653, 17.462612, 0.0)
(34.291176, 17.489582, 0.0)
(32.655296, 17.616114, 0.0)
(32.368259, 17.648199, 0.0)
(32.283577, 17.653942, 0.0)
(32.108177, 17.659538, 0.0)
(31.981503, 17.744616, 0.0)
(30.458910, 18.043255, 0.0)
(30.000149, 18.192434, 0.0)
(29.929913, 18.221109, 0.0)
(29.883402, 18.259340, 0.0)
(29.797192, 18.276045, 0.0)
(28.891869, 18.709518, 0.0)
(28.140453, 19.792974, 0.0)
(27.705856, 19.084915, 0.0)
(27.342579, 18.936625, 0.0)
(27.249098, 19.044294, 0.0)
(27.165184, 19.203781, 0.0)
(27.140478, 19.240816, 0.0)
(27.115883, 19.267399, 0.0)
(26.993616, 19.353172, 0.0)
(26.272863, 19.747524, 0.0)
(26.184658, 19.800831, 0.0)
(26.223022, 19.755068, 0.0)
(26.228418, 19.773554, 0.0)
(26.236313, 19.743208, 0.0)
(26.247162, 19.735443, 0.0)
(26.250834, 19.725182, 0.0)
(26.286617, 19.679737, 0.0)
(26.325903, 19.649910, 0.0)
(26.348835, 19.616087, 0.0)
(26.396027, 19.543461, 0.0)
(26.538437, 19.463736, 0.0)
(26.619301, 19.389914, 0.0)
(27.747450, 18.703339, 0.0)
(28.191599, 18.506615, 0.0)
(28.267000, 18.442724, 0.0)
(28.974567, 18.169231, 0.0)
(29.972258, 17.836315, 0.0)
(33.579269, 17.220583, 0.0)
(33.807114, 16.757484, 0.0)
(33.967602, 16.799999, 0.0)
(34.055202, 16.877338, 0.0)
(34.092541, 16.906452, 0.0)
(34.149857, 16.931486, 0.0)
(34.198975, 16.941042, 0.0)
(34.263344, 16.920057, 0.0)
(34.299408, 16.903433, 0.0)
(34.341110, 16.914551, 0.0)
(34.453747, 16.942982, 0.0)
(36.542282, 17.020252, 0.0)
(37.428005, 17.108261, 0.0)
(37.556614, 17.120134, 0.0)
(37.585361, 17.152769, 0.0)
(37.657566, 17.144676, 0.0)
(37.730999, 17.174187, 0.0)
(38.247311, 17.315504, 0.0)
(39.973660, 17.694305, 0.0)
(40.171089, 17.720810, 0.0)
(40.174881, 17.720741, 0.0)
(40.373444, 17.777622, 0.0)
(42.202698, 18.548204, 0.0)
(42.763836, 18.808439, 0.0)
(42.766407, 18.793535, 0.0)
(42.759613, 18.801516, 0.0)
(42.976879, 18.944506, 0.0)
(43.697945, 19.399508, 0.0)
(43.844936, 19.405504, 0.0)
(43.794090, 19.393324, 0.0)
(43.788971, 19.388815, 0.0)
(43.903130, 19.468636, 0.0)
(44.106487, 19.643770, 0.0)
(44.092430, 19.651184, 0.0)
(44.072739, 19.594425, 0.0)
(44.063789, 19.589890, 0.0)
(44.068592, 19.591261, 0.0)
(44.056278, 19.629608, 0.0)
(44.032238, 19.629902, 0.0)
(44.027393, 19.605330, 0.0)
(44.037285, 19.607210, 0.0)
(43.999310, 19.546312, 0.0)
(43.971741, 19.516809, 0.0)
(43.923386, 19.467203, 0.0)
(43.860771, 19.413687, 0.0)
(43.427532, 18.814816, 0.0)
(43.233017, 18.679848, 0.0)
(43.171082, 18.658127, 0.0)
(43.104687, 18.625071, 0.0)
(43.036892, 18.535328, 0.0)
(42.899422, 18.485594, 0.0)
(41.807304, 17.811937, 0.0)
(41.629887, 17.750254, 0.0)
(41.546543, 17.730362, 0.0)
(41.386795, 17.730850, 0.0)
(41.264572, 17.685520, 0.0)
(39.296444, 17.009087, 0.0)
(39.064117, 16.942686, 0.0)
(39.026707, 16.886835, 0.0)
(38.903893, 16.834698, 0.0)
(38.808472, 16.799757, 0.0)
(38.177013, 16.774876, 0.0)
(37.655762, 16.675716, 0.0)
(37.502800, 16.619997, 0.0)
(37.429272, 16.611446, 0.0)
(37.329990, 16.591660, 0.0)
(36.726547, 16.590572, 0.0)
(35.771061, 16.446911, 0.0)
(35.626846, 16.453676, 0.0)
(34.960667, 16.452784, 0.0)
(34.150520, 16.434072, 0.0)
(33.979477, 16.423136, 0.0)
(33.230782, 16.497015, 0.0)
(31.666256, 16.655607, 0.0)
(31.440008, 16.668959, 0.0)
(31.409924, 16.659985, 0.0)
(30.964746, 16.779812, 0.0)
(29.183777, 17.373680, 0.0)
(28.949694, 17.503315, 0.0)
(28.952164, 17.491104, 0.0)
(28.921471, 17.439873, 0.0)
(28.869947, 17.408356, 0.0)
(28.842888, 17.422167, 0.0)
(28.523844, 17.648558, 0.0)
(27.837070, 17.920862, 0.0)
(27.771988, 17.970177, 0.0)
(27.754591, 17.978260, 0.0)
(27.732933, 17.988998, 0.0)
(27.708813, 17.978189, 0.0)
(27.692917, 17.983738, 0.0)
(27.352730, 18.192551, 0.0)
(26.032072, 18.884863, 0.0)
(25.907703, 19.000252, 0.0)
(25.967268, 18.941984, 0.0)
(25.992445, 18.872440, 0.0)
(25.993477, 18.826460, 0.0)
(25.989164, 18.788296, 0.0)
(25.989164, 18.788296, 0.0)
(26.017588, 18.718227, 0.0)
(26.022739, 18.669933, 0.0)
(26.054199, 18.670254, 0.0)
(26.076744, 18.688223, 0.0)
(26.091259, 18.655436, 0.0)
(26.147036, 18.600115, 0.0)
(26.166973, 18.582361, 0.0)
(26.221998, 18.517281, 0.0)
(27.031792, 18.104273, 0.0)
(27.394506, 17.936184, 0.0)
(27.461681, 17.951014, 0.0)
(27.516926, 17.968805, 0.0)
(27.583735, 17.947937, 0.0)
(29.221907, 17.297319, 0.0)
(29.682100, 17.183924, 0.0)
(29.785641, 17.151066, 0.0)
(29.839659, 17.129097, 0.0)
(30.088081, 17.082373, 0.0)
(32.175644, 16.563799, 0.0)
(33.062855, 16.228910, 0.0)
(34.326122, 15.842241, 0.0)
(34.903801, 15.828481, 0.0)
(35.182072, 15.916534, 0.0)
(35.252804, 15.953574, 0.0)
(35.358139, 15.989104, 0.0)
(35.389111, 16.025778, 0.0)
(35.395248, 16.101446, 0.0)
(35.409336, 16.128019, 0.0)
(35.423264, 16.125790, 0.0)
(35.547375, 16.140800, 0.0)
(37.737873, 16.481277, 0.0)
(38.052830, 16.559484, 0.0)
(38.066395, 16.593981, 0.0)
(38.091278, 16.664179, 0.0)
(38.098919, 16.683382, 0.0)
(38.151218, 16.630213, 0.0)
(39.598564, 17.057825, 0.0)
(40.916439, 17.369612, 0.0)
(40.994785, 17.417166, 0.0)
(40.972984, 17.428362, 0.0)
(41.006763, 17.455950, 0.0)
(41.038948, 17.443027, 0.0)
(41.772289, 17.808867, 0.0)
(42.967777, 18.429380, 0.0)
(43.026234, 18.457989, 0.0)
(43.011143, 18.413973, 0.0)
(42.990108, 18.400440, 0.0)
(43.105682, 18.494049, 0.0)
(44.078125, 19.240141, 0.0)
(44.332130, 19.490751, 0.0)
(44.332130, 19.490751, 0.0)
(44.296234, 19.453665, 0.0)
(44.305107, 19.435825, 0.0)
(44.279861, 19.435921, 0.0)
(44.281826, 19.455229, 0.0)
(44.271305, 19.471560, 0.0)
(44.287727, 19.475872, 0.0)
(44.281662, 19.441679, 0.0)
(44.272232, 19.398245, 0.0)
(44.264282, 19.404127, 0.0)
(44.277306, 19.444000, 0.0)
(44.470066, 19.883701, 0.0)
(44.590694, 20.323723, 0.0)
(44.660156, 20.584616, 0.0)
(44.877243, 21.881014, 0.0)
(45.078434, 22.835772, 0.0)
(45.205185, 23.663784, 0.0)
(45.327785, 24.866695, 0.0)
(45.319645, 25.567854, 0.0)
(45.306099, 25.741121, 0.0)
(45.280029, 25.645838, 0.0)
(45.265408, 25.572950, 0.0)
(45.252975, 25.545702, 0.0)
(45.264053, 25.509834, 0.0)
(45.270840, 25.493362, 0.0)
(45.268131, 25.538570, 0.0)
(45.265766, 25.543097, 0.0)
(45.262650, 25.557062, 0.0)
(45.272774, 25.573715, 0.0)
(45.268181, 25.552837, 0.0)
(45.266777, 25.564951, 0.0)
(45.263775, 25.953651, 0.0)
(45.213539, 27.353613, 0.0)
(45.160748, 27.893406, 0.0)
(45.156002, 27.864471, 0.0)
(45.114151, 27.833511, 0.0)
(45.093563, 27.803818, 0.0)
(45.091782, 27.752674, 0.0)
(45.085899, 27.725582, 0.0)
(45.076653, 27.750458, 0.0)
(45.077538, 27.750908, 0.0)
(45.077854, 27.763321, 0.0)
(45.070053, 27.749697, 0.0)
(45.070053, 27.749697, 0.0)
(45.068024, 27.744148, 0.0)
(45.064941, 27.740728, 0.0)
(45.068024, 27.744148, 0.0)
(45.051476, 27.806910, 0.0)
(45.046928, 27.806606, 0.0)
(45.046909, 27.800678, 0.0)
(45.049591, 27.810102, 0.0)
(45.052616, 27.796747, 0.0)
(45.040333, 27.790245, 0.0)
(45.038353, 27.823099, 0.0)
(45.039150, 27.848602, 0.0)
(45.059978, 28.432976, 0.0)
(44.973202, 28.778301, 0.0)
(44.940891, 28.809092, 0.0)
(44.935196, 28.748634, 0.0)
(44.920094, 28.711874, 0.0)
(44.919823, 28.707323, 0.0)
(44.892460, 28.766003, 0.0)
(44.889370, 28.773016, 0.0)
(44.871479, 28.706711, 0.0)
(44.827461, 28.740515, 0.0)
(44.842331, 29.602097, 0.0)
(44.644596, 29.158709, 0.0)
(44.641586, 28.161924, 0.0)
(44.603493, 27.754778, 0.0)
(44.604229, 27.673800, 0.0)
(44.584824, 27.559572, 0.0)
(44.585594, 27.443796, 0.0)
(44.576843, 27.311039, 0.0)
(44.680305, 27.064877, 0.0)
(44.742615, 26.723520, 0.0)
(44.719425, 26.511801, 0.0)
(44.719685, 26.297005, 0.0)
(44.712357, 26.069839, 0.0)
(44.815891, 25.398664, 0.0)
(44.834209, 25.176445, 0.0)
(44.805412, 25.047546, 0.0)
(44.814865, 24.940523, 0.0)
(44.802452, 24.805468, 0.0)
(44.813927, 24.334940, 0.0)
(44.840130, 23.795151, 0.0)
(44.821129, 23.651709, 0.0)
(44.727371, 23.191486, 0.0)
(44.538811, 21.870338, 0.0)
(44.317543, 20.474951, 0.0)
(44.084412, 19.700611, 0.0)
(43.991756, 19.583221, 0.0)
(43.947498, 19.590256, 0.0)
(43.846222, 18.962349, 0.0)
(43.791992, 18.819252, 0.0)
(43.770260, 18.905445, 0.0)
(43.747963, 18.953846, 0.0)
(43.741848, 18.945141, 0.0)
(43.754482, 18.920893, 0.0)
(43.747009, 18.903183, 0.0)
(43.747440, 18.936525, 0.0)
(43.767590, 18.926260, 0.0)
(43.777557, 18.909815, 0.0)
(43.820103, 18.830496, 0.0)
(43.869598, 18.837652, 0.0)
(43.843163, 18.854940, 0.0)
(43.837727, 18.868227, 0.0)
(43.829628, 18.881248, 0.0)
(43.832661, 18.847630, 0.0)
(43.828300, 18.861538, 0.0)
(43.814919, 18.891432, 0.0)
(43.795597, 18.889708, 0.0)
(43.798916, 18.901632, 0.0)
(43.788170, 18.882786, 0.0)
(43.790443, 18.848591, 0.0)
(43.567711, 18.783516, 0.0)
(43.497017, 18.750477, 0.0)
(43.497372, 18.757034, 0.0)
(43.495045, 18.765934, 0.0)
(43.491074, 18.801155, 0.0)
(43.487316, 18.810482, 0.0)
(43.483215, 18.803780, 0.0)
(43.478733, 18.804108, 0.0)
(43.479111, 18.820021, 0.0)
(43.429623, 18.845327, 0.0)
(43.417221, 18.922289, 0.0)
(43.496304, 19.553652, 0.0)
(43.405151, 20.174444, 0.0)
(43.397038, 20.410543, 0.0)
(43.437073, 20.499496, 0.0)
(43.486557, 20.571917, 0.0)
(43.496334, 20.608788, 0.0)
(43.503048, 20.671188, 0.0)
(43.504921, 20.677393, 0.0)
(43.498215, 20.755842, 0.0)
(43.650799, 21.523529, 0.0)
(43.797966, 22.884668, 0.0)
(43.902950, 24.445749, 0.0)
(43.886417, 25.360628, 0.0)
(43.959286, 25.600790, 0.0)
(44.111549, 25.703400, 0.0)
(44.159828, 25.723078, 0.0)
(44.151596, 25.741205, 0.0)
(44.129353, 25.763086, 0.0)
(44.119701, 25.731909, 0.0)
(44.122204, 25.689646, 0.0)
(44.150028, 26.013567, 0.0)
(44.222427, 26.998785, 0.0)
(44.205109, 27.981413, 0.0)
(44.153145, 28.360542, 0.0)
(44.131229, 28.424330, 0.0)
(44.125946, 28.333702, 0.0)
(44.124119, 28.360302, 0.0)
(44.124519, 28.432907, 0.0)
(44.138802, 28.449675, 0.0)
(44.134281, 28.436443, 0.0)
(44.127388, 28.447624, 0.0)
(44.127811, 28.442314, 0.0)
(44.109596, 28.509766, 0.0)
(44.115021, 28.563972, 0.0)
(44.091705, 28.631683, 0.0)
(44.100044, 28.661388, 0.0)
(44.092598, 28.687130, 0.0)
(44.087875, 28.676723, 0.0)
(44.060768, 28.671795, 0.0)
(44.049587, 28.658726, 0.0)
(44.016216, 28.692427, 0.0)
(44.012173, 28.725616, 0.0)
(44.017109, 28.711218, 0.0)
(43.998837, 28.710182, 0.0)
(43.976177, 28.697498, 0.0)
(43.988827, 28.698620, 0.0)
(43.955345, 28.712812, 0.0)
(43.936821, 28.740145, 0.0)
(43.952175, 28.691723, 0.0)
(43.940193, 28.688894, 0.0)
(43.915928, 28.734510, 0.0)
(43.922127, 28.754696, 0.0)
(43.897575, 28.724632, 0.0)
(43.919697, 28.696396, 0.0)
(43.882919, 28.736502, 0.0)
(43.867062, 28.719126, 0.0)
(43.871365, 28.609478, 0.0)
(43.867882, 28.566021, 0.0)
(43.851242, 28.477728, 0.0)
(43.843525, 28.319736, 0.0)
(43.712936, 27.948402, 0.0)
(43.617844, 27.286030, 0.0)
(43.558727, 27.029438, 0.0)
(43.547665, 26.834545, 0.0)
(43.541084, 26.635799, 0.0)
(43.542805, 26.365137, 0.0)
(43.582016, 25.584616, 0.0)
(43.567062, 25.253147, 0.0)
(43.556011, 25.062571, 0.0)
(43.505650, 24.806105, 0.0)
(43.478249, 24.598351, 0.0)
(43.472919, 24.322706, 0.0)
(43.409966, 24.095800, 0.0)
(43.405388, 23.958200, 0.0)
(43.380184, 23.801691, 0.0)
(43.384590, 23.661118, 0.0)
(43.377632, 23.512941, 0.0)
(43.351536, 23.390123, 0.0)
(43.330963, 23.209526, 0.0)
(43.334705, 23.123859, 0.0)
(43.301418, 22.984177, 0.0)
(43.306324, 22.840736, 0.0)
(43.235355, 22.014271, 0.0)
(43.193108, 21.833220, 0.0)
(43.210407, 21.845242, 0.0)
(43.150467, 21.431046, 0.0)
(43.141964, 20.534826, 0.0)
(43.082932, 19.856411, 0.0)
(42.945896, 19.219038, 0.0)
(42.734737, 18.706795, 0.0)
(42.573498, 18.412308, 0.0)
(42.493484, 18.285513, 0.0)
(42.475697, 18.246513, 0.0)
(42.442459, 18.230951, 0.0)
(42.427929, 18.240984, 0.0)
(42.405857, 18.194662, 0.0)
(42.387051, 18.144831, 0.0)
(42.396416, 18.142391, 0.0)
(42.126476, 17.850615, 0.0)
(41.946762, 17.636976, 0.0)
(41.924755, 17.626991, 0.0)
(41.924191, 17.637577, 0.0)
(41.920269, 17.648401, 0.0)
(41.925652, 17.645731, 0.0)
(41.942520, 17.633411, 0.0)
(41.966293, 17.661249, 0.0)
(41.962822, 17.671650, 0.0)
(41.959579, 17.674778, 0.0)
(41.955162, 17.656363, 0.0)
(41.931992, 17.678007, 0.0)
(41.902031, 17.701698, 0.0)
(41.903770, 17.706898, 0.0)
(41.908672, 17.712749, 0.0)
(41.905491, 18.301483, 0.0)
(41.864017, 18.506796, 0.0)
(41.861706, 18.509569, 0.0)
(41.887325, 18.547506, 0.0)
(42.091957, 19.193592, 0.0)
(42.197803, 19.667421, 0.0)
(42.189232, 19.787315, 0.0)
(42.262085, 20.285000, 0.0)
(42.275993, 20.562983, 0.0)
(42.278828, 20.704042, 0.0)
(42.316082, 21.072510, 0.0)
(42.319862, 21.174814, 0.0)
(42.330334, 21.220177, 0.0)
(42.346542, 21.323322, 0.0)
(42.356544, 21.376724, 0.0)
(42.347481, 21.488892, 0.0)
(42.385059, 21.532309, 0.0)
(42.424957, 21.545998, 0.0)
(42.403877, 21.654026, 0.0)
(42.397186, 21.699408, 0.0)
(42.443630, 21.871691, 0.0)
(42.559620, 22.703884, 0.0)
(42.537731, 22.930511, 0.0)
(42.557270, 22.989920, 0.0)
(42.559647, 23.033075, 0.0)
(42.619061, 23.436651, 0.0)
(42.749447, 25.826269, 0.0)
(42.648033, 27.074894, 0.0)
(42.586487, 27.290970, 0.0)
(42.532860, 27.225004, 0.0)
(42.526825, 27.246094, 0.0)
(42.606915, 27.388498, 0.0)
(42.630894, 27.448128, 0.0)
(42.635216, 27.441669, 0.0)
(42.644405, 27.436764, 0.0)
(42.652767, 27.466667, 0.0)
(42.642757, 27.534401, 0.0)
(42.620632, 27.558947, 0.0)
(42.617439, 27.602207, 0.0)
(42.579750, 27.952394, 0.0)
(42.458149, 28.231779, 0.0)
(42.425282, 28.205233, 0.0)
(42.447723, 28.041225, 0.0)
(42.514030, 27.801008, 0.0)
(42.504833, 27.816833, 0.0)
(42.505104, 27.921783, 0.0)
(42.507050, 27.968943, 0.0)
(42.484489, 27.950041, 0.0)
(42.460663, 27.961243, 0.0)
(42.455147, 27.937439, 0.0)
(42.432148, 27.967794, 0.0)
(42.422562, 27.944105, 0.0)
(42.330933, 27.903048, 0.0)
(42.082111, 27.780670, 0.0)
(42.013943, 27.708168, 0.0)
(41.997997, 27.623932, 0.0)
(41.995506, 27.517990, 0.0)
(41.960964, 27.070721, 0.0)
(41.892170, 26.375263, 0.0)
(41.877037, 26.136015, 0.0)
(41.966175, 25.663818, 0.0)
(41.996975, 25.311243, 0.0)
(41.949055, 25.086166, 0.0)
(41.919769, 24.888615, 0.0)
(41.873714, 24.741648, 0.0)
(41.866894, 24.569653, 0.0)
(41.849133, 24.379972, 0.0)
(41.827614, 24.285259, 0.0)
(41.811783, 24.137213, 0.0)
(41.761608, 24.044033, 0.0)
(41.743763, 23.877857, 0.0)
(41.729572, 23.684917, 0.0)
(41.693985, 23.578669, 0.0)
(41.668644, 23.462994, 0.0)
(41.638729, 23.412821, 0.0)
(41.623871, 23.287390, 0.0)
(41.627316, 23.210188, 0.0)
(41.611534, 23.086187, 0.0)
(41.604778, 23.035671, 0.0)
(41.560112, 22.084501, 0.0)
(41.483673, 21.197311, 0.0)
(41.471775, 21.193163, 0.0)
(41.484634, 21.239946, 0.0)
(41.453785, 21.187204, 0.0)
(41.297985, 20.554880, 0.0)
(41.032181, 18.607809, 0.0)
(40.760963, 17.542194, 0.0)
(40.573574, 17.312389, 0.0)
(40.539936, 17.376621, 0.0)
(40.534138, 17.400223, 0.0)
(40.525455, 17.339653, 0.0)
(40.409042, 17.018829, 0.0)
(40.384747, 17.003101, 0.0)
(40.382347, 17.045654, 0.0)
(40.372822, 17.061220, 0.0)
(40.344646, 16.982512, 0.0)
(40.331795, 16.924828, 0.0)
(40.342892, 16.928646, 0.0)
(40.346611, 16.915871, 0.0)
(40.350006, 16.933495, 0.0)
(40.189018, 16.838852, 0.0)
(40.164848, 16.849573, 0.0)
(40.160236, 16.850662, 0.0)
(40.160187, 16.844690, 0.0)
(40.077072, 16.821098, 0.0)
(39.877247, 16.771469, 0.0)
(39.834217, 16.760231, 0.0)
(39.837887, 16.773787, 0.0)
(39.819725, 16.755131, 0.0)
(39.672600, 16.808479, 0.0)
(39.601295, 16.818529, 0.0)
(39.560143, 16.813215, 0.0)
(39.587864, 16.849958, 0.0)
(39.649792, 17.011269, 0.0)
(39.923248, 17.887518, 0.0)
(39.898979, 18.050117, 0.0)
(39.888737, 18.048298, 0.0)
(39.910366, 18.076893, 0.0)
(39.900337, 18.101738, 0.0)
(40.352886, 19.358643, 0.0)
(40.390495, 19.736525, 0.0)
(40.366016, 19.766336, 0.0)
(40.367886, 19.807636, 0.0)
(40.378365, 19.860682, 0.0)
(40.393539, 19.957325, 0.0)
(40.557732, 20.388420, 0.0)
(40.573544, 20.627781, 0.0)
(40.571751, 20.671240, 0.0)
(40.553833, 20.757795, 0.0)
(40.578583, 22.010031, 0.0)
(40.564648, 25.114531, 0.0)
(40.622066, 26.855742, 0.0)
(40.670383, 26.972919, 0.0)
(40.648098, 26.964258, 0.0)
(40.642384, 26.911585, 0.0)
(40.640633, 26.869043, 0.0)
(40.642479, 26.883516, 0.0)
(40.653885, 26.950094, 0.0)
(40.698059, 26.938047, 0.0)
(40.718990, 27.035032, 0.0)
(40.753494, 27.214981, 0.0)
(40.941807, 28.390345, 0.0)
(40.894527, 28.745144, 0.0)
(40.871933, 28.758974, 0.0)
(40.946598, 28.773371, 0.0)
(40.970970, 28.804096, 0.0)
(40.980358, 28.829039, 0.0)
(40.972359, 28.836554, 0.0)
(40.963886, 28.868357, 0.0)
(40.972355, 28.911371, 0.0)
(40.969715, 28.947693, 0.0)
(40.964699, 28.950966, 0.0)
(40.967579, 28.993311, 0.0)
(40.963696, 28.993050, 0.0)
(40.952652, 29.000374, 0.0)
(40.946033, 29.044182, 0.0)
(40.943882, 29.037960, 0.0)
(40.944084, 29.037085, 0.0)
(40.936707, 29.050035, 0.0)
(40.936111, 29.072203, 0.0)
(40.921036, 29.079060, 0.0)
(40.925880, 29.037809, 0.0)
(40.904243, 29.009150, 0.0)
(40.892315, 28.944567, 0.0)
(40.749641, 28.889687, 0.0)
(40.030571, 28.518181, 0.0)
(39.877785, 28.332277, 0.0)
(39.846596, 28.192942, 0.0)
(39.811543, 28.024721, 0.0)
(39.814003, 27.851852, 0.0)
(39.809711, 27.633736, 0.0)
(39.782097, 27.440657, 0.0)
(39.756824, 27.274704, 0.0)
(39.954681, 26.143936, 0.0)
(39.936409, 25.665361, 0.0)
(39.849449, 25.492657, 0.0)
(39.805294, 25.338242, 0.0)
(39.802135, 25.184912, 0.0)
(39.778976, 25.026033, 0.0)
(39.779408, 24.852116, 0.0)
(39.752674, 24.685001, 0.0)
(39.725510, 24.500200, 0.0)
(39.724236, 24.329126, 0.0)
(39.785080, 23.972160, 0.0)
(39.894112, 23.013304, 0.0)
(39.839962, 22.670712, 0.0)
(39.830517, 22.478413, 0.0)
(39.788612, 22.346943, 0.0)
(39.735764, 22.218279, 0.0)
(39.695625, 22.053732, 0.0)
(39.568180, 21.304632, 0.0)
(39.518917, 20.946690, 0.0)
(39.509087, 20.844635, 0.0)
(39.525997, 20.804163, 0.0)
(39.460072, 20.697807, 0.0)
(39.474194, 20.607986, 0.0)
(39.327061, 19.509123, 0.0)
(39.202106, 18.557306, 0.0)
(39.196083, 18.515656, 0.0)
(39.173782, 18.571075, 0.0)
(39.169788, 18.570799, 0.0)
(39.145500, 18.420219, 0.0)
(38.896286, 17.315113, 0.0)
(38.721336, 16.467836, 0.0)
(38.578522, 16.213596, 0.0)
(38.548519, 16.238445, 0.0)
(38.533291, 16.285351, 0.0)
(38.466736, 16.286375, 0.0)
(38.424965, 16.259859, 0.0)
(38.415817, 16.262861, 0.0)
(38.419636, 16.261293, 0.0)
(38.441799, 16.268427, 0.0)
(38.426548, 16.265846, 0.0)
(38.438862, 16.246155, 0.0)
(38.451664, 16.228571, 0.0)
(38.417507, 16.273712, 0.0)
(38.379837, 16.303738, 0.0)
(38.340557, 16.316668, 0.0)
(38.043678, 16.436394, 0.0)
(37.942314, 16.538383, 0.0)
(37.918606, 16.559610, 0.0)
(37.931686, 16.578711, 0.0)
(37.911156, 16.604534, 0.0)
(37.909462, 16.639147, 0.0)
(37.903622, 16.673143, 0.0)
(37.909691, 16.709923, 0.0)
(37.926140, 17.023977, 0.0)
(37.941830, 18.166603, 0.0)
(37.916542, 18.242922, 0.0)
(37.930458, 18.221876, 0.0)
(37.923508, 18.299582, 0.0)
(37.934052, 18.342501, 0.0)
(37.921467, 18.380371, 0.0)
(37.916332, 18.421383, 0.0)
(37.942146, 18.526590, 0.0)
(38.080925, 19.139975, 0.0)
(38.329330, 20.697210, 0.0)
(38.281322, 20.837612, 0.0)
(38.228020, 20.833128, 0.0)
(38.198624, 20.820763, 0.0)
(38.214966, 20.813534, 0.0)
(38.222664, 20.847691, 0.0)
(38.200459, 20.940630, 0.0)
(38.211922, 20.988441, 0.0)
(38.213978, 21.009785, 0.0)
(38.570080, 21.886187, 0.0)
(38.783993, 23.711979, 0.0)
(38.699940, 24.077753, 0.0)
(38.631638, 24.057631, 0.0)
(38.719276, 24.139843, 0.0)
(38.728687, 24.156342, 0.0)
(38.705463, 24.166536, 0.0)
(38.694241, 24.157946, 0.0)
(38.693100, 24.141386, 0.0)
(38.685169, 24.153931, 0.0)
(38.654442, 24.171171, 0.0)
(38.831390, 25.292870, 0.0)
(38.947197, 27.341888, 0.0)
(38.999554, 27.872608, 0.0)
(38.941444, 27.968180, 0.0)
(38.992741, 27.980413, 0.0)
(38.986629, 28.004972, 0.0)
(38.984962, 28.044561, 0.0)
(39.000389, 28.079725, 0.0)
(38.986252, 28.120455, 0.0)
(38.982540, 28.194424, 0.0)
(39.010048, 28.229240, 0.0)
(39.036953, 28.215345, 0.0)
(39.052738, 28.229342, 0.0)
(39.053101, 28.252213, 0.0)
(39.036015, 28.326954, 0.0)
(39.011356, 28.361853, 0.0)
(38.966515, 28.440460, 0.0)
(38.897526, 28.531952, 0.0)
(38.944233, 28.497189, 0.0)
(38.922787, 28.513037, 0.0)
(38.809956, 28.572266, 0.0)
(38.877430, 28.499252, 0.0)
(38.080345, 28.559700, 0.0)
(37.737988, 28.407511, 0.0)
(37.659340, 28.283464, 0.0)
(37.637959, 28.180069, 0.0)
(37.602505, 28.015810, 0.0)
(37.605011, 27.803205, 0.0)
(37.595974, 27.629656, 0.0)
(37.593960, 27.482260, 0.0)
(37.617836, 27.283630, 0.0)
(37.674774, 26.857397, 0.0)
(37.745052, 26.138500, 0.0)
(37.722755, 25.816555, 0.0)
(37.657574, 25.586462, 0.0)
(37.670883, 25.365738, 0.0)
(37.640732, 25.109463, 0.0)
(37.626610, 24.851551, 0.0)
(37.581894, 24.601446, 0.0)
(37.565868, 24.371012, 0.0)
(37.551826, 24.167887, 0.0)
(37.539539, 23.911961, 0.0)
(37.491245, 22.883581, 0.0)
(37.466583, 22.520315, 0.0)
(37.421043, 22.341322, 0.0)
(37.399479, 22.169121, 0.0)
(37.387585, 22.017807, 0.0)
(37.347088, 21.898079, 0.0)
(37.332333, 21.749811, 0.0)
(37.330654, 21.616053, 0.0)
(37.316441, 21.444113, 0.0)
(37.339153, 20.971743, 0.0)
(37.305363, 20.807987, 0.0)
(37.312904, 20.652868, 0.0)
(37.235744, 20.187378, 0.0)
(37.103802, 19.402441, 0.0)
(37.081978, 19.253902, 0.0)
(37.084923, 19.244490, 0.0)
(37.046066, 19.198881, 0.0)
(37.059349, 19.149151, 0.0)
(36.996292, 18.553698, 0.0)
(36.983597, 18.095219, 0.0)
(36.936222, 18.027224, 0.0)
(36.941788, 18.001301, 0.0)
(36.917915, 17.718090, 0.0)
(36.885838, 17.062981, 0.0)
(36.866779, 16.977346, 0.0)
(36.782391, 16.642315, 0.0)
(36.718510, 16.492825, 0.0)
(36.701080, 16.461271, 0.0)
(36.503162, 16.148569, 0.0)
(36.463776, 16.082235, 0.0)
(36.455967, 16.131319, 0.0)
(36.460815, 16.170589, 0.0)
(35.978455, 16.117388, 0.0)
(35.936920, 16.105154, 0.0)
(35.936920, 16.105154, 0.0)
(35.917904, 16.095726, 0.0)
(35.882187, 16.109272, 0.0)
(35.403721, 16.323740, 0.0)
(35.236778, 16.412754, 0.0)
(35.242954, 16.441196, 0.0)
(35.256523, 16.510584, 0.0)
(35.243134, 16.542440, 0.0)
(35.598278, 17.420883, 0.0)
(35.556786, 18.062109, 0.0)
(35.522297, 18.066698, 0.0)
(35.520954, 18.079327, 0.0)
(35.527843, 18.206715, 0.0)
(35.500332, 18.240915, 0.0)
(35.552532, 18.264133, 0.0)
(35.530296, 18.298811, 0.0)
(35.534084, 18.348316, 0.0)
(35.882462, 19.294609, 0.0)
(35.932743, 19.845894, 0.0)
(35.866688, 19.882000, 0.0)
(35.845985, 19.923742, 0.0)
(35.849876, 19.905092, 0.0)
(35.824417, 19.981924, 0.0)
(35.813297, 20.073906, 0.0)
(36.058731, 20.775608, 0.0)
(36.194927, 22.008669, 0.0)
(36.148064, 22.119648, 0.0)
(36.132790, 22.105110, 0.0)
(36.100147, 22.216187, 0.0)
(36.100063, 22.227867, 0.0)
(36.155907, 22.537172, 0.0)
(36.190926, 22.785908, 0.0)
(36.154812, 22.876589, 0.0)
(36.150303, 22.897264, 0.0)
(36.181702, 22.951269, 0.0)
(36.189163, 23.052691, 0.0)
(36.418400, 24.345644, 0.0)
(36.441353, 25.330561, 0.0)
(36.383747, 25.470242, 0.0)
(36.349689, 25.523628, 0.0)
(36.335331, 25.621973, 0.0)
(36.370926, 25.827646, 0.0)
(36.664665, 26.964340, 0.0)
(37.024807, 28.935352, 0.0)
(36.963112, 29.467449, 0.0)
(36.930588, 29.516800, 0.0)
(36.920776, 29.514767, 0.0)
(36.949478, 29.543783, 0.0)
(36.788334, 29.472395, 0.0)
(36.769005, 29.545671, 0.0)
(36.761005, 29.606094, 0.0)
(36.742908, 29.652018, 0.0)
(36.686882, 29.672382, 0.0)
(36.701702, 29.703033, 0.0)
(36.746880, 29.740088, 0.0)
(36.734989, 29.774195, 0.0)
(36.722076, 29.799479, 0.0)
(36.700844, 29.836842, 0.0)
(36.680477, 29.789698, 0.0)
(36.637798, 29.773819, 0.0)
(35.862293, 29.736692, 0.0)
(35.365356, 29.480106, 0.0)
(35.275803, 29.307400, 0.0)
(35.234924, 29.113935, 0.0)
(35.226475, 28.949945, 0.0)
(35.174942, 28.749693, 0.0)
(35.475906, 27.674080, 0.0)
(35.456337, 27.249828, 0.0)
(35.388344, 27.009132, 0.0)
(35.338058, 26.686472, 0.0)
(35.299187, 26.622486, 0.0)
(35.264378, 27.098837, 0.0)
(35.104923, 24.165907, 0.0)
(34.923004, 22.964001, 0.0)
(34.823059, 22.325581, 0.0)
(34.829708, 22.195044, 0.0)
(34.820415, 22.102217, 0.0)
(34.783844, 21.989393, 0.0)
(34.792595, 21.901173, 0.0)
(34.812313, 21.790401, 0.0)
(34.813118, 21.653564, 0.0)
(34.798649, 21.535007, 0.0)
(34.809563, 21.413649, 0.0)
(34.826897, 21.273384, 0.0)
(34.814613, 21.138462, 0.0)
(34.705601, 20.718878, 0.0)
(34.570248, 20.391632, 0.0)
(34.546436, 20.314470, 0.0)
(34.534355, 20.215059, 0.0)
(34.615608, 19.731153, 0.0)
(34.667366, 18.476723, 0.0)
(34.620884, 18.343157, 0.0)
(34.567661, 18.407951, 0.0)
(34.595772, 18.288496, 0.0)
(34.580677, 18.208351, 0.0)
(34.516335, 17.828068, 0.0)
(34.390228, 16.864412, 0.0)
(34.303898, 16.581509, 0.0)
(34.275181, 16.605843, 0.0)
(34.215168, 16.643978, 0.0)
(34.215168, 16.643978, 0.0)
(34.218529, 16.633610, 0.0)
(34.232513, 16.605568, 0.0)
(34.230690, 16.588034, 0.0)
(33.976807, 16.472532, 0.0)
(33.759377, 16.321613, 0.0)
(33.739517, 16.291195, 0.0)
(33.738647, 16.302959, 0.0)
(33.719212, 16.355671, 0.0)
(33.694130, 16.435984, 0.0)
(33.677361, 16.507528, 0.0)
(33.657230, 16.514399, 0.0)
(33.639572, 16.512510, 0.0)
(32.841656, 16.723528, 0.0)
(32.719635, 16.799612, 0.0)
(32.736446, 16.878830, 0.0)
(32.740265, 16.955746, 0.0)
(32.725830, 17.047796, 0.0)
(32.749561, 17.107941, 0.0)
(32.751148, 17.171286, 0.0)
(33.118652, 18.075823, 0.0)
(33.116875, 18.343153, 0.0)
(33.054790, 18.356230, 0.0)
(33.043224, 18.390129, 0.0)
(32.999477, 18.540644, 0.0)
(32.999340, 18.580484, 0.0)
(33.132500, 19.034044, 0.0)
(33.186516, 20.149834, 0.0)
(33.160351, 20.368471, 0.0)
(33.152168, 20.383318, 0.0)
(33.108711, 20.469381, 0.0)
(33.101269, 20.523352, 0.0)
(33.086300, 20.554207, 0.0)
(33.073524, 20.604818, 0.0)
(33.035839, 20.664881, 0.0)
(33.359936, 21.709513, 0.0)
(33.700199, 23.662336, 0.0)
(33.627415, 23.908878, 0.0)
(33.568699, 23.878185, 0.0)
(33.547050, 23.849157, 0.0)
(33.536915, 23.848366, 0.0)
(33.530426, 23.853420, 0.0)
(33.502747, 23.885180, 0.0)
(33.474518, 23.860514, 0.0)
(33.471382, 23.859125, 0.0)
(33.470150, 23.904009, 0.0)
(33.910091, 25.954235, 0.0)
(33.987793, 27.017387, 0.0)
(33.989395, 27.094183, 0.0)
(33.957947, 27.034445, 0.0)
(33.965130, 27.083227, 0.0)
(33.971157, 27.144550, 0.0)
(33.960564, 27.201746, 0.0)
(33.923172, 27.251953, 0.0)
(33.921272, 27.267094, 0.0)
(33.907833, 27.370720, 0.0)
(34.389320, 29.389198, 0.0)
(34.395859, 29.721619, 0.0)
(34.339615, 29.756075, 0.0)
(34.320934, 29.751595, 0.0)
(34.292034, 29.767797, 0.0)
(34.266930, 29.772705, 0.0)
(34.247318, 29.794910, 0.0)
(34.234135, 29.795183, 0.0)
(34.240543, 29.822725, 0.0)
(34.241539, 29.821882, 0.0)
(34.250797, 29.837990, 0.0)
(34.241482, 29.831160, 0.0)
(34.237560, 29.821930, 0.0)
(34.199333, 29.797979, 0.0)
(32.899281, 29.436695, 0.0)
(32.657410, 29.090246, 0.0)
(32.587395, 28.889755, 0.0)
(32.601044, 28.620325, 0.0)
(32.589386, 28.320885, 0.0)
(32.704460, 27.032764, 0.0)
(32.701576, 26.153191, 0.0)
(32.638435, 25.949724, 0.0)
(32.590862, 25.803598, 0.0)
(32.536457, 25.670645, 0.0)
(32.463970, 25.578369, 0.0)
(32.443367, 25.395990, 0.0)
(32.419121, 25.214209, 0.0)
(32.414131, 25.072304, 0.0)
(32.409550, 24.925764, 0.0)
(32.389217, 24.798058, 0.0)
(32.374218, 24.652359, 0.0)
(32.361446, 24.492050, 0.0)
(32.356335, 24.358007, 0.0)
(32.442093, 23.990892, 0.0)
(32.548828, 23.209446, 0.0)
(32.513924, 23.009708, 0.0)
(32.467655, 22.891741, 0.0)
(32.433800, 22.774506, 0.0)
(32.428154, 22.558819, 0.0)
(32.422047, 21.861677, 0.0)
(32.411369, 21.687180, 0.0)
(32.393311, 21.599346, 0.0)
(32.333244, 21.457621, 0.0)
(32.339577, 21.345007, 0.0)
(32.259804, 20.678677, 0.0)
(32.206097, 20.305349, 0.0)
(32.196190, 20.193718, 0.0)
(32.168282, 20.083933, 0.0)
(32.173428, 19.503654, 0.0)
(32.169205, 19.207666, 0.0)
(32.159081, 19.163055, 0.0)
(32.141228, 19.120998, 0.0)
(32.040089, 18.873615, 0.0)
(31.973852, 18.309895, 0.0)
(31.947754, 18.129015, 0.0)
(31.744549, 17.668474, 0.0)
(31.655500, 17.489735, 0.0)
(31.624783, 17.509212, 0.0)
(31.618889, 17.476923, 0.0)
(31.353899, 17.341761, 0.0)
(31.175768, 17.169724, 0.0)
(31.156260, 17.168726, 0.0)
(31.137951, 17.154833, 0.0)
(31.097778, 17.186628, 0.0)
(30.726250, 17.255007, 0.0)
(30.644629, 17.264853, 0.0)
(30.634718, 17.248661, 0.0)
(30.613329, 17.238920, 0.0)
(30.605293, 17.292707, 0.0)
(30.586884, 17.342562, 0.0)
(30.569530, 17.355682, 0.0)
(30.567257, 17.358540, 0.0)
(30.555058, 17.386290, 0.0)
(30.551123, 17.393688, 0.0)
(30.537918, 17.480356, 0.0)
(30.532850, 17.532583, 0.0)
(30.618401, 18.135626, 0.0)
(30.574223, 18.577297, 0.0)
(30.542282, 18.631920, 0.0)
(30.533836, 18.698208, 0.0)
(30.530169, 18.746941, 0.0)
(30.515858, 18.734720, 0.0)
(30.630770, 19.469757, 0.0)
(30.995977, 22.331078, 0.0)
(31.421852, 24.848806, 0.0)
(31.379047, 24.057571, 0.0)
(31.261623, 23.550837, 0.0)
(31.188251, 23.555838, 0.0)
(31.156969, 23.638359, 0.0)
(31.125547, 23.676680, 0.0)
(31.106577, 23.656511, 0.0)
(31.062372, 23.692150, 0.0)
(31.055008, 23.715832, 0.0)
(31.040663, 23.771473, 0.0)
(31.039740, 23.844606, 0.0)
(31.151644, 24.906872, 0.0)
(31.370352, 26.913649, 0.0)
(31.674414, 27.988697, 0.0)
(31.749622, 27.814831, 0.0)
(31.692396, 28.203428, 0.0)
(31.618921, 28.140697, 0.0)
(31.608904, 27.978395, 0.0)
(31.573763, 27.874563, 0.0)
(31.548874, 27.808325, 0.0)
(31.531914, 27.806166, 0.0)
(31.525810, 27.804028, 0.0)
(31.504875, 27.880653, 0.0)
(31.495193, 27.916338, 0.0)
(31.480410, 28.004684, 0.0)
(31.562441, 28.997656, 0.0)
(31.581684, 29.364653, 0.0)
(31.543226, 29.378672, 0.0)
(31.528585, 29.364368, 0.0)
(31.532656, 29.403061, 0.0)
(31.517647, 29.448030, 0.0)
(31.515686, 29.504639, 0.0)
(31.546156, 29.517546, 0.0)
(31.547686, 29.564732, 0.0)
(31.549070, 29.598337, 0.0)
(31.552189, 29.636723, 0.0)
(31.554993, 29.648243, 0.0)
(31.556379, 29.662910, 0.0)
(31.522564, 29.681511, 0.0)
(31.510738, 29.705568, 0.0)
(31.513517, 29.673008, 0.0)
(31.499037, 29.636581, 0.0)
(31.235170, 29.457233, 0.0)
(30.357597, 27.589939, 0.0)
(30.180302, 27.057692, 0.0)
(30.077700, 26.913403, 0.0)
(30.036879, 26.843756, 0.0)
(30.053614, 26.704119, 0.0)
(30.026197, 26.532675, 0.0)
(30.005981, 26.402567, 0.0)
(29.978781, 26.223791, 0.0)
(29.972086, 26.104860, 0.0)
(29.980629, 26.000620, 0.0)
(29.965521, 25.816875, 0.0)
(29.972889, 25.718176, 0.0)
(29.954782, 25.532059, 0.0)
(29.954163, 25.375708, 0.0)
(29.946941, 25.257910, 0.0)
(29.921103, 25.156546, 0.0)
(29.907665, 25.023243, 0.0)
(29.894375, 24.846870, 0.0)
(29.900618, 24.634930, 0.0)
(30.099276, 23.993452, 0.0)
(30.124441, 23.660866, 0.0)
(30.127775, 23.494738, 0.0)
(30.032240, 23.015938, 0.0)
(29.942036, 22.102398, 0.0)
(29.926809, 21.959234, 0.0)
(29.883739, 21.905575, 0.0)
(29.898561, 21.775978, 0.0)
(29.843805, 21.705013, 0.0)
(29.886427, 21.324287, 0.0)
(29.943260, 19.933510, 0.0)
(29.868023, 18.670385, 0.0)
(29.733828, 18.537079, 0.0)
(29.652290, 18.583479, 0.0)
(29.646532, 18.594231, 0.0)
(29.615004, 18.559683, 0.0)
(29.607149, 18.424017, 0.0)
(29.569918, 18.081587, 0.0)
(29.535944, 18.055429, 0.0)
(29.516102, 18.093449, 0.0)
(29.360117, 17.739456, 0.0)
(29.316296, 17.503313, 0.0)
(29.296492, 17.493008, 0.0)
(29.286470, 17.489799, 0.0)
(29.270918, 17.491550, 0.0)
(29.294270, 17.488693, 0.0)
(29.173689, 17.522146, 0.0)
(29.134138, 17.536613, 0.0)
(29.118031, 17.526154, 0.0)
(29.102657, 17.508095, 0.0)
(29.082111, 17.526371, 0.0)
(29.078606, 17.538597, 0.0)
(29.067062, 17.558067, 0.0)
(29.068476, 17.569025, 0.0)
(29.013393, 17.603003, 0.0)
(28.945087, 17.647253, 0.0)
(28.688606, 17.913435, 0.0)
(28.378250, 18.317682, 0.0)
(28.372801, 18.381445, 0.0)
(28.400574, 18.448389, 0.0)
(28.358431, 18.535908, 0.0)
(28.379248, 18.606064, 0.0)
(28.499489, 19.081686, 0.0)
(28.476517, 19.543751, 0.0)
(28.427250, 19.677462, 0.0)
(28.404713, 19.719084, 0.0)
(28.385067, 19.809832, 0.0)
(28.497814, 20.151972, 0.0)
(28.517401, 21.206511, 0.0)
(28.732491, 23.618275, 0.0)
(28.873558, 24.352057, 0.0)
(28.959951, 23.889561, 0.0)
(28.923803, 23.509975, 0.0)
(28.896006, 23.304670, 0.0)
(28.893234, 23.314083, 0.0)
(28.902803, 23.392441, 0.0)
(28.874725, 23.420031, 0.0)
(28.871496, 23.426514, 0.0)
(28.879126, 23.483761, 0.0)
(28.861843, 23.537447, 0.0)
(28.864071, 23.561926, 0.0)
(28.884579, 23.656576, 0.0)
(28.862123, 23.717398, 0.0)
(28.877977, 23.777174, 0.0)
(28.882771, 23.810688, 0.0)
(28.909431, 23.843891, 0.0)
(28.903210, 23.886984, 0.0)
(28.909178, 23.896578, 0.0)
(29.150337, 24.875393, 0.0)
(29.166170, 25.720985, 0.0)
(29.148832, 25.852449, 0.0)
(29.149651, 25.861073, 0.0)
(29.138693, 25.874037, 0.0)
(29.151979, 25.874590, 0.0)
(29.147879, 25.884411, 0.0)
(29.117718, 25.923994, 0.0)
(29.131203, 25.994776, 0.0)
(29.125816, 26.029043, 0.0)
(29.300009, 26.491507, 0.0)
(29.377577, 27.112768, 0.0)
(29.322084, 27.203049, 0.0)
(29.305828, 27.174835, 0.0)
(29.299791, 27.166334, 0.0)
(29.261169, 27.172575, 0.0)
(29.259502, 27.203068, 0.0)
(29.250702, 27.192513, 0.0)
(29.258850, 27.210855, 0.0)
(29.262388, 27.241461, 0.0)
(29.262545, 27.242758, 0.0)
(29.260990, 27.250679, 0.0)
(29.256943, 27.246979, 0.0)
(29.252052, 27.273174, 0.0)
(29.253441, 27.277004, 0.0)
(29.243252, 27.250906, 0.0)
(28.783789, 27.690342, 0.0)
(28.465385, 27.868795, 0.0)
(28.404394, 27.740379, 0.0)
(28.376823, 27.670696, 0.0)
(28.382685, 28.420256, 0.0)
(27.811232, 25.802927, 0.0)
(27.733044, 24.515162, 0.0)
(27.746080, 24.345419, 0.0)
(27.729954, 24.255772, 0.0)
(27.733234, 24.142702, 0.0)
(27.726639, 24.047964, 0.0)
(27.724039, 23.989243, 0.0)
(27.738712, 23.938322, 0.0)
(27.746298, 23.899658, 0.0)
(27.743750, 23.784014, 0.0)
(27.761206, 23.711479, 0.0)
(27.752897, 23.614729, 0.0)
(27.768032, 23.541475, 0.0)
(27.766548, 23.493032, 0.0)
(27.751091, 23.434851, 0.0)
(27.742998, 23.351709, 0.0)
(27.697672, 23.256882, 0.0)
(27.717562, 23.178921, 0.0)
(27.712652, 23.039791, 0.0)
(27.715509, 22.917030, 0.0)
(27.745117, 22.856934, 0.0)
(27.724169, 22.763584, 0.0)
(27.714647, 22.524971, 0.0)
(27.714939, 21.072323, 0.0)
(27.679537, 20.276352, 0.0)
(27.620352, 20.303492, 0.0)
(27.594208, 20.263521, 0.0)
(27.548384, 20.207031, 0.0)
(27.523502, 20.126801, 0.0)
(27.503242, 20.099323, 0.0)
(27.541819, 19.645725, 0.0)
(27.557287, 18.814222, 0.0)
(27.519892, 18.771946, 0.0)
(27.505974, 18.831440, 0.0)
(27.491875, 18.865391, 0.0)
(27.476011, 18.832758, 0.0)
(27.493553, 18.790339, 0.0)
(27.488930, 18.782122, 0.0)
(27.480213, 18.751343, 0.0)
(27.458420, 18.735991, 0.0)
(27.446968, 18.757992, 0.0)
(27.438385, 18.737123, 0.0)
(27.421383, 18.727207, 0.0)
(27.400024, 18.722067, 0.0)
(27.396164, 18.704124, 0.0)
(27.341433, 18.723049, 0.0)
(26.976011, 19.195549, 0.0)
(26.910440, 19.351444, 0.0)
(26.904247, 19.390858, 0.0)
(26.914616, 19.425934, 0.0)
(26.913784, 19.452665, 0.0)
(26.897013, 19.488625, 0.0)
(26.860897, 19.969126, 0.0)
(26.814106, 20.623394, 0.0)
(26.785316, 20.657339, 0.0)
(26.742296, 22.955173, 0.0)
(26.752745, 23.148142, 0.0)
(26.799931, 22.730810, 0.0)
(26.821892, 22.444984, 0.0)
(26.847387, 22.576130, 0.0)
(26.851231, 22.669649, 0.0)
(26.842983, 22.769590, 0.0)
(26.818102, 22.864197, 0.0)
(26.803822, 22.922091, 0.0)
(26.799376, 22.981050, 0.0)
(26.797754, 23.023752, 0.0)
(26.773985, 23.049639, 0.0)
(26.780788, 23.036722, 0.0)
(26.794601, 23.100901, 0.0)
(26.967825, 23.763437, 0.0)
(27.367691, 25.462875, 0.0)
(27.623327, 26.677259, 0.0)
(27.589437, 26.961584, 0.0)
(27.519613, 26.930058, 0.0)
(27.422798, 26.926512, 0.0)
(27.399792, 26.925673, 0.0)
(27.396250, 26.920738, 0.0)
(27.403748, 26.950117, 0.0)
(27.662560, 28.233963, 0.0)
(27.969233, 29.456785, 0.0)
(27.963675, 29.653837, 0.0)
(27.921938, 29.577700, 0.0)
(27.848215, 29.516186, 0.0)
(27.828850, 29.500078, 0.0)
(27.826115, 29.529751, 0.0)
(27.835720, 29.591911, 0.0)
(27.842228, 29.602713, 0.0)
(27.843451, 29.624256, 0.0)
(27.867754, 29.638821, 0.0)
(27.871584, 29.658649, 0.0)
(27.881948, 29.668915, 0.0)
(27.886032, 29.701982, 0.0)
(27.897621, 29.720022, 0.0)
(27.904305, 29.730305, 0.0)
(27.907843, 29.736492, 0.0)
(27.905252, 29.737911, 0.0)
(27.905676, 29.789953, 0.0)
(27.867044, 29.836578, 0.0)
(27.870392, 29.873398, 0.0)
(27.879763, 29.856472, 0.0)
(27.869425, 29.888369, 0.0)
(27.844452, 29.959200, 0.0)
(27.821140, 29.987595, 0.0)
(27.664783, 29.990101, 0.0)
(27.039568, 29.788553, 0.0)
(26.973398, 29.639339, 0.0)
(26.983662, 29.543961, 0.0)
(26.948368, 29.413147, 0.0)
(26.922291, 29.320402, 0.0)
(26.949202, 28.317989, 0.0)
(26.756195, 27.214382, 0.0)
(26.706701, 26.802565, 0.0)
(26.648113, 26.625454, 0.0)
(26.580326, 26.480913, 0.0)
(26.548904, 26.343201, 0.0)
(26.529226, 26.231163, 0.0)
(26.526348, 26.146395, 0.0)
(26.503567, 25.970339, 0.0)
(26.496262, 25.830627, 0.0)
(26.478867, 25.645731, 0.0)
(26.434324, 25.485071, 0.0)
(26.407549, 25.320988, 0.0)
(26.416267, 25.211077, 0.0)
(26.406597, 25.084360, 0.0)
(26.397638, 25.026232, 0.0)
(26.391212, 24.914265, 0.0)
(26.344145, 24.828419, 0.0)
(26.332085, 24.654236, 0.0)
(26.325132, 24.555582, 0.0)
(26.137644, 23.652027, 0.0)
(26.092192, 23.427412, 0.0)
(26.058403, 23.351135, 0.0)
(26.004847, 23.259760, 0.0)
(26.020014, 23.111000, 0.0)
(26.121418, 22.376715, 0.0)
(26.103384, 22.089369, 0.0)
(26.049879, 22.002474, 0.0)
(26.035875, 21.947542, 0.0)
(26.015358, 21.793837, 0.0)
(26.045364, 21.143551, 0.0)
(26.008083, 20.604794, 0.0)
(25.974852, 20.557541, 0.0)
(25.915472, 20.529470, 0.0)
(25.917662, 20.453146, 0.0)
(25.910688, 20.389883, 0.0)
(25.997171, 19.845078, 0.0)
(25.987137, 19.766848, 0.0)
(25.931776, 19.796749, 0.0)
(25.926292, 19.763939, 0.0)
(25.918463, 19.734419, 0.0)
(25.903181, 19.638531, 0.0)
(25.882483, 19.620604, 0.0)
(25.873533, 19.587002, 0.0)
(25.855532, 19.638084, 0.0)
(25.814928, 19.666962, 0.0)
(25.786638, 19.657753, 0.0)
(25.751318, 19.682663, 0.0)
(25.618027, 19.924301, 0.0)
(25.597574, 20.316570, 0.0)
(25.537169, 20.447180, 0.0)
(25.504267, 20.484398, 0.0)
(25.487009, 20.544878, 0.0)
(25.477215, 20.595375, 0.0)
(25.468813, 20.625420, 0.0)
(25.449268, 20.651110, 0.0)
(25.413397, 20.682919, 0.0)
(25.392374, 20.740040, 0.0)
(25.399569, 20.768036, 0.0)
(25.515541, 21.241398, 0.0)
(25.709961, 22.184786, 0.0)
(25.662050, 22.451481, 0.0)
(25.557140, 22.537285, 0.0)
(25.528324, 22.576410, 0.0)
(25.509432, 22.581341, 0.0)
(25.494192, 22.627563, 0.0)
(25.487627, 22.644440, 0.0)
(25.463249, 22.790112, 0.0)
(25.449131, 22.852127, 0.0)
(25.439926, 22.926374, 0.0)
(25.408888, 23.036310, 0.0)
(25.659115, 23.643375, 0.0)
(25.868361, 24.582397, 0.0)
(25.834143, 24.798243, 0.0)
(25.757341, 24.859083, 0.0)
(25.723558, 24.909309, 0.0)
(25.736788, 24.960608, 0.0)
(25.719309, 25.004679, 0.0)
(25.693579, 25.061668, 0.0)
(25.672438, 25.067600, 0.0)
(25.664795, 25.199299, 0.0)
(26.142012, 26.943045, 0.0)
(26.329338, 27.930511, 0.0)
(26.300831, 28.075781, 0.0)
(26.234596, 28.055895, 0.0)
(26.178532, 28.047106, 0.0)
(26.129728, 28.051115, 0.0)
(26.146420, 28.038296, 0.0)
(26.157471, 28.025139, 0.0)
(26.139368, 28.040852, 0.0)
(26.136553, 28.054810, 0.0)
(26.139639, 28.057453, 0.0)
(26.131336, 28.125095, 0.0)
(26.147282, 28.123827, 0.0)
(26.147709, 28.139929, 0.0)
(26.154100, 28.178099, 0.0)
(26.528620, 29.325380, 0.0)
(26.829943, 30.000147, 0.0)
(26.829384, 30.031933, 0.0)
(26.789684, 30.075739, 0.0)
(26.782780, 30.100149, 0.0)
(26.784698, 30.198713, 0.0)
(26.790850, 30.253149, 0.0)
(26.800152, 30.296915, 0.0)
(26.799036, 30.329832, 0.0)
(26.820618, 30.376907, 0.0)
(26.829845, 30.389509, 0.0)
(26.828476, 30.416708, 0.0)
(26.823303, 30.428087, 0.0)
(26.837933, 30.544273, 0.0)
(27.241413, 29.765303, 0.0)
