(35.434017, 27.424397, 0.0)
(35.389774, 26.836981, 0.0)
(34.698273, 27.423494, 0.0)
(34.656166, 27.538408, 0.0)
(34.684814, 27.438662, 0.0)
(34.715282, 27.333654, 0.0)
(34.745098, 27.218058, 0.0)
(34.764534, 27.167421, 0.0)
(34.792889, 27.153091, 0.0)
(34.846081, 27.160645, 0.0)
(34.870445, 27.187437, 0.0)
(34.881294, 27.158806, 0.0)
(34.915413, 27.124895, 0.0)
(34.944412, 27.157705, 0.0)
(34.981300, 27.189920, 0.0)
(35.003746, 27.174683, 0.0)
(35.057384, 26.918789, 0.0)
(35.084988, 26.908718, 0.0)
(35.080978, 26.891901, 0.0)
(35.082024, 26.890072, 0.0)
(35.080894, 26.899448, 0.0)
(35.079315, 26.915804, 0.0)
(35.089954, 26.921694, 0.0)
(35.082764, 26.916403, 0.0)
(35.094749, 26.930964, 0.0)
(35.084576, 26.905373, 0.0)
(35.092606, 26.906952, 0.0)
(35.095284, 26.923409, 0.0)
(35.114777, 26.892714, 0.0)
(35.143795, 26.891832, 0.0)
(35.152958, 26.874815, 0.0)
(35.170399, 26.906818, 0.0)
(35.167629, 26.909712, 0.0)
(35.177315, 26.918703, 0.0)
(35.176270, 26.923077, 0.0)
(35.177177, 26.908024, 0.0)
(35.195232, 26.906437, 0.0)
(35.198616, 26.932911, 0.0)
(35.214050, 26.904869, 0.0)
(35.218693, 26.898518, 0.0)
(35.215206, 26.883930, 0.0)
(35.223331, 26.894802, 0.0)
(35.218449, 26.897757, 0.0)
(35.041962, 26.934397, 0.0)
(34.997425, 26.932863, 0.0)
(34.992577, 26.956169, 0.0)
(34.965080, 26.911591, 0.0)
(34.966396, 26.916878, 0.0)
(34.968410, 26.922207, 0.0)
(34.974972, 26.921377, 0.0)
(35.348816, 26.894012, 0.0)
(35.399044, 26.884415, 0.0)
(35.388596, 26.872562, 0.0)
(35.390751, 26.876923, 0.0)
(35.395145, 26.872616, 0.0)
(35.057846, 26.917191, 0.0)
(34.980263, 26.915588, 0.0)
(34.986183, 26.904644, 0.0)
(34.992466, 26.890471, 0.0)
(34.992947, 26.877291, 0.0)
(34.997192, 26.883810, 0.0)
(35.002983, 26.894133, 0.0)
(35.013042, 26.911270, 0.0)
(35.015663, 26.951376, 0.0)
(35.015095, 26.960659, 0.0)
(35.003620, 26.975414, 0.0)
(34.868885, 27.260929, 0.0)
(35.265385, 29.132944, 0.0)
(35.049953, 28.296211, 0.0)
(34.965897, 27.608376, 0.0)
(34.973621, 27.242796, 0.0)
(34.972862, 27.101154, 0.0)
(34.953415, 27.017277, 0.0)
(34.934761, 26.945602, 0.0)
(34.948593, 26.954546, 0.0)
(34.938801, 26.947224, 0.0)
(34.923153, 26.919493, 0.0)
(34.931824, 26.952644, 0.0)
(34.920670, 26.974800, 0.0)
(34.925167, 26.973543, 0.0)
(34.946995, 27.026049, 0.0)
(34.951477, 27.024904, 0.0)
(35.012505, 26.933172, 0.0)
(35.050209, 26.930708, 0.0)
(35.056969, 26.949266, 0.0)
(35.048019, 26.951111, 0.0)
(35.071049, 26.953114, 0.0)
(35.077206, 26.956219, 0.0)
(35.093655, 26.953547, 0.0)
(35.125530, 26.951868, 0.0)
(35.135178, 26.994976, 0.0)
(35.137035, 26.999535, 0.0)
(35.141232, 26.983759, 0.0)
(35.133778, 26.977282, 0.0)
(35.133095, 26.963766, 0.0)
(35.121758, 26.914032, 0.0)
(35.109489, 26.919790, 0.0)
(35.098099, 26.988272, 0.0)
(35.100029, 27.008644, 0.0)
(35.092190, 27.016041, 0.0)
(35.092308, 26.989012, 0.0)
(35.072361, 26.966097, 0.0)
(35.087528, 26.952715, 0.0)
(35.089931, 26.949465, 0.0)
(35.095551, 26.955971, 0.0)
(35.098373, 26.980814, 0.0)
(35.119175, 26.991772, 0.0)
(35.122772, 26.980705, 0.0)
(35.165871, 26.968966, 0.0)
(35.159943, 26.987106, 0.0)
(35.158287, 26.991764, 0.0)
(35.162418, 26.968113, 0.0)
(35.167835, 26.941460, 0.0)
(35.161045, 26.947086, 0.0)
(35.065922, 27.192602, 0.0)
(35.393791, 28.977230, 0.0)
(35.260445, 28.198345, 0.0)
(35.202919, 27.676517, 0.0)
(35.165871, 27.377777, 0.0)
(35.151722, 27.159889, 0.0)
(35.170444, 27.064224, 0.0)
(35.134861, 27.007399, 0.0)
(35.140152, 26.926851, 0.0)
(35.122654, 26.916218, 0.0)
(35.111881, 26.882992, 0.0)
(35.096909, 26.851595, 0.0)
(35.088997, 26.845486, 0.0)
(35.095226, 26.847237, 0.0)
(35.095226, 26.847237, 0.0)
(35.117767, 26.862825, 0.0)
(35.119667, 26.876152, 0.0)
(35.131428, 26.890934, 0.0)
(35.152214, 26.933023, 0.0)
(35.163685, 26.946844, 0.0)
(35.164513, 26.968565, 0.0)
(35.168041, 26.966061, 0.0)
(35.178246, 26.963264, 0.0)
(35.191933, 26.949451, 0.0)
(35.190868, 26.935369, 0.0)
(35.186481, 26.903038, 0.0)
(35.186665, 26.898218, 0.0)
(35.068459, 26.937084, 0.0)
(35.033478, 26.943815, 0.0)
(35.052387, 26.948200, 0.0)
(35.078705, 26.928848, 0.0)
(35.086109, 26.935764, 0.0)
(35.088192, 26.900696, 0.0)
(35.096790, 26.913136, 0.0)
(35.095905, 26.908319, 0.0)
(35.081837, 26.895809, 0.0)
(35.215324, 26.911770, 0.0)
(35.279789, 26.862724, 0.0)
(35.271305, 26.869951, 0.0)
(35.269958, 26.897358, 0.0)
(35.251095, 26.909004, 0.0)
(35.238548, 26.920568, 0.0)
(35.247860, 26.893753, 0.0)
(35.264469, 26.882025, 0.0)
(35.259563, 26.865374, 0.0)
(35.254948, 26.805395, 0.0)
(35.249641, 26.803053, 0.0)
(35.268070, 26.830769, 0.0)
(35.255295, 26.851364, 0.0)
(35.264542, 26.878559, 0.0)
(35.265537, 26.882282, 0.0)
(35.255688, 26.880520, 0.0)
(35.256718, 26.868263, 0.0)
(35.214054, 26.856424, 0.0)
(35.011318, 26.833975, 0.0)
(34.985683, 26.829159, 0.0)
(34.984760, 26.802637, 0.0)
(34.992561, 26.792557, 0.0)
(34.986549, 26.816969, 0.0)
(34.996483, 26.818317, 0.0)
(35.154179, 26.880644, 0.0)
(35.178162, 26.887304, 0.0)
(35.169907, 26.841928, 0.0)
(35.166409, 26.836788, 0.0)
(35.169140, 26.805870, 0.0)
(35.151306, 26.773989, 0.0)
(35.145916, 26.796139, 0.0)
(35.144978, 26.800781, 0.0)
(35.156586, 26.826042, 0.0)
(35.156586, 26.826042, 0.0)
(35.156586, 26.826042, 0.0)
(35.159229, 26.817183, 0.0)
(35.159229, 26.817183, 0.0)
(35.159229, 26.817183, 0.0)
(35.125938, 26.805742, 0.0)
(35.434277, 28.848011, 0.0)
(35.411518, 28.578259, 0.0)
(35.228043, 27.887783, 0.0)
(35.144791, 27.404625, 0.0)
(35.115952, 27.171410, 0.0)
(35.127377, 27.005886, 0.0)
(35.096775, 26.908587, 0.0)
(35.112865, 26.823957, 0.0)
(35.090816, 26.761131, 0.0)
(35.075985, 26.735407, 0.0)
(35.086651, 26.741816, 0.0)
(35.086666, 26.726793, 0.0)
(35.076305, 26.734835, 0.0)
(35.093491, 26.740629, 0.0)
(35.093605, 26.754559, 0.0)
(35.103252, 26.763498, 0.0)
(35.133503, 26.784031, 0.0)
(35.141201, 26.783298, 0.0)
(35.153538, 26.789852, 0.0)
(35.132175, 26.777271, 0.0)
(35.153187, 26.791834, 0.0)
(35.163479, 26.775293, 0.0)
(35.131939, 26.804823, 0.0)
(35.038479, 26.668039, 0.0)
(35.038074, 26.672970, 0.0)
(35.035595, 26.710274, 0.0)
(35.042171, 26.714672, 0.0)
(35.031841, 26.716871, 0.0)
(35.036270, 26.706678, 0.0)
(35.022942, 26.682611, 0.0)
(34.990780, 26.681295, 0.0)
(36.489407, 27.935263, 0.0)
(39.508915, 30.914637, 0.0)
(41.144695, 32.439217, 0.0)
(42.044422, 33.131603, 0.0)
(42.131149, 33.221088, 0.0)
(42.131588, 33.198643, 0.0)
(42.127083, 33.233429, 0.0)
(42.120701, 33.234692, 0.0)
(42.300819, 33.656284, 0.0)
(42.326229, 33.723537, 0.0)
(42.324505, 33.694675, 0.0)
(42.315254, 33.663445, 0.0)
(42.284325, 33.677628, 0.0)
(42.263714, 33.734245, 0.0)
(42.253643, 33.715481, 0.0)
(42.225685, 33.753845, 0.0)
(42.218819, 33.747959, 0.0)
(42.212490, 33.714409, 0.0)
(42.178619, 33.723942, 0.0)
(42.174057, 33.693005, 0.0)
(42.164097, 33.697437, 0.0)
(42.143494, 33.713230, 0.0)
(42.144730, 33.707211, 0.0)
(42.135063, 33.686626, 0.0)
(42.118176, 33.665386, 0.0)
(42.115707, 33.680416, 0.0)
(42.103603, 33.675129, 0.0)
(42.085945, 33.662724, 0.0)
(42.083195, 33.657867, 0.0)
(42.062885, 33.658920, 0.0)
(42.053761, 33.615063, 0.0)
(42.066460, 33.651264, 0.0)
(42.036236, 33.660774, 0.0)
(42.030418, 33.665901, 0.0)
(41.987782, 33.597595, 0.0)
(41.591724, 31.582592, 0.0)
(41.443081, 27.836237, 0.0)
(41.071777, 25.661798, 0.0)
(41.044113, 25.529003, 0.0)
(41.058800, 25.582493, 0.0)
(41.050117, 25.586823, 0.0)
(41.305023, 25.024853, 0.0)
(41.361443, 24.957466, 0.0)
(41.279083, 24.941599, 0.0)
(41.230011, 24.885010, 0.0)
(41.183491, 24.857208, 0.0)
(41.177162, 24.870176, 0.0)
(41.169083, 24.869579, 0.0)
(41.186424, 24.880474, 0.0)
(41.181507, 24.873562, 0.0)
(41.176781, 24.861538, 0.0)
(41.190811, 24.883678, 0.0)
(41.190811, 24.908424, 0.0)
(41.188869, 24.898298, 0.0)
(41.172066, 24.861538, 0.0)
(41.171021, 24.893234, 0.0)
(41.157593, 24.852747, 0.0)
(41.152756, 24.829668, 0.0)
(41.147385, 24.827539, 0.0)
(41.159420, 24.847139, 0.0)
(41.164013, 24.841764, 0.0)
(41.152756, 24.829668, 0.0)
(41.150749, 24.837934, 0.0)
(41.140072, 24.850893, 0.0)
(41.146450, 24.832001, 0.0)
(41.139721, 24.836208, 0.0)
(41.116501, 24.868645, 0.0)
(39.919865, 25.691648, 0.0)
(37.773846, 26.497526, 0.0)
(37.639885, 26.466360, 0.0)
(37.616905, 26.365353, 0.0)
(37.595062, 26.348509, 0.0)
(37.602745, 26.345137, 0.0)
(37.611412, 26.353794, 0.0)
(37.623123, 26.357744, 0.0)
(37.635189, 26.316454, 0.0)
(37.635574, 26.270889, 0.0)
(37.624546, 26.285122, 0.0)
(37.632782, 26.320040, 0.0)
(37.978783, 26.151119, 0.0)
(40.363026, 26.074379, 0.0)
(41.535328, 25.858250, 0.0)
(41.681690, 25.600615, 0.0)
(41.640068, 25.478451, 0.0)
(41.627747, 25.412924, 0.0)
(41.577339, 25.350069, 0.0)
(41.581989, 25.309797, 0.0)
(40.466358, 26.142136, 0.0)
(37.603989, 28.457733, 0.0)
(34.724991, 30.008665, 0.0)
(33.684486, 31.113514, 0.0)
(33.420006, 31.201069, 0.0)
(33.322918, 31.165400, 0.0)
(33.266140, 31.138935, 0.0)
(32.505650, 31.188868, 0.0)
(29.089773, 31.961491, 0.0)
(28.316147, 32.115654, 0.0)
(28.167089, 32.112469, 0.0)
(28.205891, 32.171429, 0.0)
(28.076292, 32.183830, 0.0)
(27.312078, 32.765656, 0.0)
(27.155661, 32.823139, 0.0)
(27.116846, 32.809185, 0.0)
(27.100733, 32.798359, 0.0)
(28.513527, 32.009644, 0.0)
(31.836729, 30.820536, 0.0)
(33.991474, 30.225447, 0.0)
(34.190903, 30.196388, 0.0)
(34.184845, 30.192896, 0.0)
(34.188217, 30.200270, 0.0)
(34.187908, 30.216536, 0.0)
(34.178661, 30.263491, 0.0)
(34.167870, 30.283262, 0.0)
(34.179241, 30.311018, 0.0)
(34.227947, 30.310865, 0.0)
(34.207912, 30.293919, 0.0)
(34.232105, 30.284801, 0.0)
(34.250954, 30.314276, 0.0)
(34.268593, 30.402393, 0.0)
(34.283798, 30.448721, 0.0)
(34.301437, 30.475243, 0.0)
(34.294689, 30.491940, 0.0)
(34.321548, 30.482851, 0.0)
(34.523987, 30.329689, 0.0)
(34.969181, 29.901560, 0.0)
(35.021820, 29.823700, 0.0)
(34.990784, 29.764656, 0.0)
(34.983204, 29.750912, 0.0)
(34.982140, 29.735495, 0.0)
(34.993317, 29.673325, 0.0)
(34.970894, 29.689610, 0.0)
(35.004200, 29.675516, 0.0)
(35.003906, 29.655743, 0.0)
(35.006130, 29.658464, 0.0)
(35.014492, 29.614243, 0.0)
(34.983913, 29.546833, 0.0)
(32.690533, 29.692509, 0.0)
(30.225718, 31.011349, 0.0)
(28.672922, 31.816307, 0.0)
(28.148527, 32.064140, 0.0)
(28.005882, 32.101089, 0.0)
(27.972666, 32.062202, 0.0)
(27.945705, 32.043213, 0.0)
(27.899229, 32.055645, 0.0)
(27.843124, 32.095127, 0.0)
(28.590410, 31.435532, 0.0)
(33.175270, 28.511583, 0.0)
(35.204563, 27.711134, 0.0)
(35.446304, 27.658649, 0.0)
(35.437237, 27.582523, 0.0)
(35.449154, 27.531517, 0.0)
(35.431679, 27.506142, 0.0)
(35.427288, 27.488403, 0.0)
(35.398464, 27.453058, 0.0)
(35.399418, 27.405035, 0.0)
(35.264824, 27.263533, 0.0)
(35.160519, 27.175097, 0.0)
(35.163589, 27.154549, 0.0)
(35.124638, 27.126619, 0.0)
(35.202801, 28.787785, 0.0)
(35.399391, 29.345610, 0.0)
(35.382206, 28.596405, 0.0)
(35.206795, 27.922554, 0.0)
(34.951885, 27.394716, 0.0)
(34.922260, 27.103611, 0.0)
(34.917561, 27.009092, 0.0)
(34.916096, 27.005421, 0.0)
(34.929012, 27.001993, 0.0)
(34.939602, 26.987600, 0.0)
(34.951267, 26.993521, 0.0)
(34.962769, 26.994108, 0.0)
(34.944458, 27.015314, 0.0)
(34.951733, 27.037628, 0.0)
(34.955315, 27.037302, 0.0)
(34.954914, 27.027971, 0.0)
(34.948933, 27.024700, 0.0)
(34.949619, 27.044504, 0.0)
(34.948486, 27.061337, 0.0)
(34.965607, 27.092775, 0.0)
(34.975594, 27.103104, 0.0)
(35.000542, 27.093596, 0.0)
(35.008709, 27.088543, 0.0)
(35.051678, 27.087320, 0.0)
(35.038143, 27.111378, 0.0)
(35.011879, 27.147207, 0.0)
(35.001911, 27.142818, 0.0)
(34.998680, 27.134413, 0.0)
(34.991199, 27.134897, 0.0)
(34.964043, 27.136568, 0.0)
(33.225048, 29.203892, 0.0)
(30.631994, 31.145090, 0.0)
(29.884460, 31.338768, 0.0)
(29.725044, 31.313389, 0.0)
(29.702738, 31.352081, 0.0)
(29.642344, 31.379108, 0.0)
(29.602962, 31.377247, 0.0)
(29.593966, 31.362896, 0.0)
(29.592768, 31.352577, 0.0)
(29.713530, 31.394524, 0.0)
(32.008663, 32.423626, 0.0)
(32.187077, 32.614365, 0.0)
(32.259895, 32.707043, 0.0)
(32.413689, 32.809704, 0.0)
(33.851315, 33.078590, 0.0)
(35.282413, 33.374905, 0.0)
(35.404861, 33.419678, 0.0)
(35.511124, 33.444527, 0.0)
(35.563736, 33.449852, 0.0)
(35.610828, 33.487286, 0.0)
(35.679852, 33.512489, 0.0)
(35.756092, 33.541965, 0.0)
(36.722603, 33.802208, 0.0)
(37.601097, 33.925976, 0.0)
(37.733051, 33.910984, 0.0)
(37.767406, 33.883698, 0.0)
(37.819248, 33.866806, 0.0)
(37.899506, 33.852173, 0.0)
(38.000805, 33.870770, 0.0)
(38.087036, 33.903610, 0.0)
(38.180172, 33.939621, 0.0)
(40.312424, 34.185375, 0.0)
(40.972843, 34.035324, 0.0)
(41.046696, 33.895592, 0.0)
(41.106327, 33.797565, 0.0)
(41.159225, 33.770428, 0.0)
(41.164616, 33.764839, 0.0)
(41.181198, 33.775364, 0.0)
(41.196468, 33.759933, 0.0)
(40.800541, 33.756691, 0.0)
(40.775410, 33.710140, 0.0)
(40.811329, 33.691357, 0.0)
(41.024162, 33.696510, 0.0)
(41.749577, 33.599812, 0.0)
(41.855484, 33.543552, 0.0)
(41.889477, 33.486828, 0.0)
(41.881748, 33.465061, 0.0)
(41.866821, 33.438534, 0.0)
(41.843437, 33.479252, 0.0)
(42.049065, 33.019604, 0.0)
(42.027039, 32.967766, 0.0)
(41.989082, 32.975197, 0.0)
(41.971828, 32.954857, 0.0)
(41.232121, 32.955330, 0.0)
(40.787243, 33.011677, 0.0)
(40.671997, 33.143604, 0.0)
(40.617973, 33.164009, 0.0)
(40.532845, 33.150337, 0.0)
(39.013721, 32.934631, 0.0)
(38.685562, 32.895439, 0.0)
(38.605755, 32.861538, 0.0)
(38.566475, 32.896145, 0.0)
(38.499908, 32.931030, 0.0)
(38.432083, 32.937099, 0.0)
(38.340740, 32.977077, 0.0)
(38.277763, 32.993080, 0.0)
(37.053429, 33.372913, 0.0)
(36.695534, 33.476925, 0.0)
(35.314751, 33.650326, 0.0)
(34.830158, 33.655487, 0.0)
(34.626789, 33.634975, 0.0)
(34.512585, 33.615322, 0.0)
(34.359715, 33.667027, 0.0)
(34.226875, 33.676731, 0.0)
(34.147575, 33.655693, 0.0)
(34.032337, 33.665527, 0.0)
(33.981133, 33.651123, 0.0)
(33.879211, 33.672855, 0.0)
(33.816200, 33.673916, 0.0)
(33.707726, 33.691528, 0.0)
(33.595673, 33.743504, 0.0)
(33.547298, 33.724499, 0.0)
(32.103935, 33.932114, 0.0)
(31.477903, 33.945011, 0.0)
(31.355761, 33.830482, 0.0)
(31.213305, 33.762718, 0.0)
(31.152803, 33.732849, 0.0)
(31.093641, 33.695385, 0.0)
(31.024351, 33.696507, 0.0)
(31.252851, 33.888542, 0.0)
(31.242552, 33.933804, 0.0)
(31.223623, 33.938831, 0.0)
(31.207108, 33.941757, 0.0)
(31.185005, 33.956177, 0.0)
(31.171230, 33.927223, 0.0)
(31.385067, 34.121716, 0.0)
(31.419277, 34.134525, 0.0)
(31.380548, 34.157169, 0.0)
(31.357399, 34.169628, 0.0)
(31.335884, 34.162994, 0.0)
(31.314613, 34.167870, 0.0)
(31.316784, 34.155979, 0.0)
(31.319897, 34.193268, 0.0)
(31.316620, 34.202618, 0.0)
(30.257248, 33.635231, 0.0)
(30.041834, 33.335251, 0.0)
(29.990322, 33.243141, 0.0)
(30.034918, 33.184875, 0.0)
(30.064011, 33.154774, 0.0)
(30.129017, 33.161026, 0.0)
(30.219145, 33.144970, 0.0)
(30.204201, 33.161499, 0.0)
(30.026453, 33.260391, 0.0)
(30.125151, 33.214661, 0.0)
(30.246437, 33.173901, 0.0)
(30.419802, 33.179703, 0.0)
(32.169277, 33.128952, 0.0)
(32.699352, 33.117104, 0.0)
(32.964973, 33.111813, 0.0)
(33.166721, 33.109276, 0.0)
(33.976780, 33.103161, 0.0)
(35.701408, 33.055653, 0.0)
(35.968777, 33.038673, 0.0)
(36.194031, 33.029659, 0.0)
(36.379154, 33.030491, 0.0)
(36.589409, 32.985229, 0.0)
(36.749371, 32.983070, 0.0)
(36.943371, 32.990513, 0.0)
(37.106953, 32.987984, 0.0)
(37.254196, 32.995090, 0.0)
(37.388329, 32.994835, 0.0)
(37.575169, 33.000885, 0.0)
(37.717941, 33.031517, 0.0)
(39.168098, 33.347912, 0.0)
(39.379662, 33.295696, 0.0)
(39.534737, 33.220909, 0.0)
(39.644314, 33.188820, 0.0)
(39.823833, 33.191036, 0.0)
(39.942242, 33.191048, 0.0)
(40.026848, 33.162464, 0.0)
(40.139683, 33.169788, 0.0)
(41.017342, 33.347729, 0.0)
(41.541996, 33.203136, 0.0)
(41.632805, 33.027546, 0.0)
(41.705803, 32.933247, 0.0)
(41.748817, 32.886715, 0.0)
(41.820183, 32.940491, 0.0)
(41.856686, 32.998398, 0.0)
(41.882904, 32.944160, 0.0)
(41.901962, 32.878510, 0.0)
(41.924492, 32.847023, 0.0)
(41.935116, 32.850315, 0.0)
(41.910286, 32.843269, 0.0)
(41.875450, 32.809914, 0.0)
(42.174679, 32.295132, 0.0)
(42.174335, 32.113041, 0.0)
(42.007385, 32.065384, 0.0)
(41.945999, 31.961643, 0.0)
(40.950775, 31.827435, 0.0)
(40.604176, 31.670578, 0.0)
(40.379299, 31.620878, 0.0)
(40.160374, 31.559690, 0.0)
(39.974644, 31.498182, 0.0)
(39.771194, 31.472782, 0.0)
(39.619141, 31.502880, 0.0)
(39.462326, 31.516068, 0.0)
(38.211552, 31.871141, 0.0)
(37.935982, 31.911331, 0.0)
(37.756546, 31.941908, 0.0)
(37.551159, 32.013489, 0.0)
(37.345535, 32.003395, 0.0)
(37.129219, 31.989744, 0.0)
(36.978367, 31.982250, 0.0)
(36.774899, 32.003048, 0.0)
(34.649021, 32.102020, 0.0)
(33.644939, 32.004162, 0.0)
(33.352520, 31.912600, 0.0)
(33.085182, 31.899578, 0.0)
(32.958115, 31.919991, 0.0)
(32.792297, 31.948874, 0.0)
(32.596310, 32.020222, 0.0)
(32.369171, 32.040684, 0.0)
(32.186272, 32.093346, 0.0)
(32.021652, 32.117001, 0.0)
(31.824514, 32.172520, 0.0)
(31.586552, 32.182930, 0.0)
(31.336966, 32.233105, 0.0)
(31.146574, 32.230904, 0.0)
(30.714272, 32.340885, 0.0)
(29.066580, 32.499260, 0.0)
(28.739080, 32.378353, 0.0)
(28.528683, 32.227139, 0.0)
(28.303358, 32.103237, 0.0)
(28.161728, 32.084759, 0.0)
(28.068880, 32.052197, 0.0)
(27.934149, 31.990965, 0.0)
(27.847399, 31.964924, 0.0)
(27.778185, 31.929714, 0.0)
(27.711864, 31.924213, 0.0)
(27.666525, 31.893137, 0.0)
(27.647137, 31.889603, 0.0)
(27.632139, 31.906155, 0.0)
(27.620901, 31.890327, 0.0)
(27.615364, 31.849033, 0.0)
(27.609383, 31.821667, 0.0)
(27.637934, 31.782099, 0.0)
(27.675093, 31.739491, 0.0)
(27.692167, 31.733334, 0.0)
(27.521564, 31.485918, 0.0)
(27.618774, 31.403395, 0.0)
(27.660906, 31.317625, 0.0)
(27.759838, 31.296749, 0.0)
(27.898527, 31.213856, 0.0)
(29.994703, 30.884729, 0.0)
(30.498142, 31.066748, 0.0)
(30.851816, 31.147024, 0.0)
(31.119766, 31.168982, 0.0)
(31.297159, 31.181803, 0.0)
(31.519224, 31.160885, 0.0)
(31.741688, 31.142101, 0.0)
(31.922495, 31.135002, 0.0)
(32.124214, 31.160795, 0.0)
(32.289383, 31.164049, 0.0)
(32.667515, 31.164906, 0.0)
(33.934074, 31.366604, 0.0)
(34.187923, 31.401085, 0.0)
(34.334526, 31.413805, 0.0)
(34.590714, 31.429615, 0.0)
(34.775482, 31.452314, 0.0)
(35.028961, 31.450911, 0.0)
(35.255447, 31.434792, 0.0)
(36.691475, 31.655449, 0.0)
(37.306507, 31.613506, 0.0)
(37.507107, 31.601017, 0.0)
(37.694084, 31.590826, 0.0)
(37.892578, 31.615446, 0.0)
(38.064045, 31.657555, 0.0)
(38.185825, 31.677631, 0.0)
(38.371056, 31.643991, 0.0)
(38.558357, 31.669197, 0.0)
(38.654743, 31.698444, 0.0)
(38.932568, 31.758083, 0.0)
(39.659195, 31.941885, 0.0)
(39.798336, 31.918070, 0.0)
(39.880783, 31.857002, 0.0)
(39.961296, 31.778568, 0.0)
(40.907543, 32.173435, 0.0)
(41.195667, 32.088257, 0.0)
(41.255978, 31.982079, 0.0)
(41.351040, 31.921644, 0.0)
(41.438572, 31.884382, 0.0)
(41.476341, 31.902060, 0.0)
(41.508362, 31.887259, 0.0)
(41.590061, 31.947727, 0.0)
(42.337902, 32.120266, 0.0)
(42.427704, 32.188877, 0.0)
(42.426315, 32.161118, 0.0)
(42.336597, 32.116425, 0.0)
(42.194939, 32.561886, 0.0)
(42.126411, 32.217464, 0.0)
(42.067245, 31.833723, 0.0)
(41.826263, 31.340607, 0.0)
(41.532177, 31.182865, 0.0)
(41.436275, 31.002573, 0.0)
(41.321701, 30.912430, 0.0)
(41.177830, 30.824434, 0.0)
(40.344177, 30.840000, 0.0)
(39.836468, 30.891214, 0.0)
(39.640678, 30.886568, 0.0)
(39.478977, 30.926077, 0.0)
(39.355511, 30.889296, 0.0)
(39.166607, 30.878260, 0.0)
(38.992535, 30.894394, 0.0)
(38.789875, 30.846985, 0.0)
(38.606552, 30.827078, 0.0)
(38.439384, 30.787571, 0.0)
(37.465454, 30.873163, 0.0)
(36.731834, 30.802654, 0.0)
(36.435795, 30.757936, 0.0)
(36.251385, 30.727224, 0.0)
(36.048065, 30.658461, 0.0)
(35.812477, 30.654905, 0.0)
(35.643456, 30.641127, 0.0)
(35.359119, 30.568729, 0.0)
(33.431122, 30.764111, 0.0)
(33.020702, 30.760653, 0.0)
(32.787941, 30.708139, 0.0)
(32.545063, 30.755030, 0.0)
(31.345699, 32.574055, 0.0)
(30.926001, 31.744421, 0.0)
(30.702856, 31.329321, 0.0)
(30.489454, 31.057154, 0.0)
(29.780066, 31.006781, 0.0)
(29.088308, 30.968075, 0.0)
(28.946833, 30.853201, 0.0)
(28.740582, 30.778587, 0.0)
(28.611687, 30.735094, 0.0)
(28.458761, 30.733276, 0.0)
(28.339508, 30.750532, 0.0)
(28.214939, 30.688004, 0.0)
(27.724878, 30.942968, 0.0)
(27.364279, 30.959440, 0.0)
(27.308481, 30.903608, 0.0)
(27.317888, 30.908209, 0.0)
(27.320011, 30.891819, 0.0)
(27.310833, 30.837055, 0.0)
(27.322412, 30.797937, 0.0)
(27.370764, 30.770550, 0.0)
(28.142399, 30.078423, 0.0)
(28.273346, 29.873505, 0.0)
(28.366621, 29.814484, 0.0)
(28.485291, 29.784269, 0.0)
(28.654358, 29.719065, 0.0)
(28.858337, 29.616611, 0.0)
(29.011965, 29.535704, 0.0)
(29.212349, 29.450378, 0.0)
(29.482155, 29.431467, 0.0)
(29.688614, 29.430061, 0.0)
(29.964590, 29.422644, 0.0)
(30.206713, 29.415058, 0.0)
(31.592970, 29.501995, 0.0)
(32.281300, 29.589611, 0.0)
(32.491039, 29.659801, 0.0)
(32.772625, 29.687616, 0.0)
(32.941154, 29.693447, 0.0)
(33.185711, 29.652386, 0.0)
(33.428768, 29.670139, 0.0)
(33.660278, 29.661226, 0.0)
(33.933765, 29.729633, 0.0)
(34.140717, 29.776463, 0.0)
(34.475307, 29.819689, 0.0)
(35.877865, 30.031734, 0.0)
(36.078648, 30.068813, 0.0)
(36.351597, 30.100540, 0.0)
(36.513344, 30.099577, 0.0)
(36.768223, 30.126705, 0.0)
(37.059464, 30.149645, 0.0)
(37.268616, 30.200823, 0.0)
(37.444771, 30.298952, 0.0)
(37.625355, 30.296198, 0.0)
(39.150932, 30.820854, 0.0)
(39.457150, 30.801338, 0.0)
(39.605026, 30.707529, 0.0)
(39.701458, 30.666693, 0.0)
(39.804573, 30.620895, 0.0)
(39.930573, 30.651131, 0.0)
(41.102795, 31.030888, 0.0)
(41.731987, 31.217278, 0.0)
(41.852398, 31.254393, 0.0)
(41.920975, 31.320547, 0.0)
(41.949917, 31.312380, 0.0)
(42.000446, 31.296949, 0.0)
(42.006638, 31.341682, 0.0)
(42.057259, 31.356247, 0.0)
(42.063637, 31.350887, 0.0)
(42.135567, 31.323620, 0.0)
(42.447182, 31.502087, 0.0)
(42.551090, 31.539047, 0.0)
(42.556110, 31.535042, 0.0)
(42.566563, 31.499138, 0.0)
(42.528847, 31.429502, 0.0)
(42.503796, 31.402407, 0.0)
(41.928513, 30.913511, 0.0)
(40.751270, 31.207113, 0.0)
(41.069691, 30.513996, 0.0)
(41.092857, 30.107826, 0.0)
(41.032757, 29.993931, 0.0)
(40.922028, 29.931494, 0.0)
(40.803230, 29.873247, 0.0)
(40.662762, 29.808384, 0.0)
(40.438755, 29.793253, 0.0)
(39.198071, 29.496058, 0.0)
(38.782711, 29.476923, 0.0)
(38.506855, 29.354015, 0.0)
(38.232353, 29.282009, 0.0)
(37.976048, 29.229292, 0.0)
(37.732864, 29.243803, 0.0)
(37.525177, 29.224936, 0.0)
(37.287258, 29.232107, 0.0)
(37.069530, 29.239826, 0.0)
(36.838097, 29.236073, 0.0)
(36.601536, 29.208912, 0.0)
(36.374935, 29.190393, 0.0)
(34.774323, 29.341602, 0.0)
(34.060345, 29.295853, 0.0)
(33.809738, 29.237223, 0.0)
(33.546394, 29.206123, 0.0)
(33.327919, 29.202290, 0.0)
(33.110519, 29.227919, 0.0)
(32.905720, 29.216522, 0.0)
(32.689190, 29.267389, 0.0)
(32.454227, 29.274118, 0.0)
(32.249199, 29.331572, 0.0)
(32.037395, 29.347439, 0.0)
(31.828274, 29.327856, 0.0)
(30.592964, 29.569695, 0.0)
(29.802904, 29.522251, 0.0)
(29.476883, 29.455166, 0.0)
(29.217833, 29.449385, 0.0)
(28.994007, 29.466146, 0.0)
(28.842173, 29.483322, 0.0)
(28.642078, 29.481268, 0.0)
(28.494448, 29.528875, 0.0)
(28.285645, 29.522562, 0.0)
(28.017113, 29.560450, 0.0)
(27.385481, 29.483564, 0.0)
(27.211847, 29.512457, 0.0)
(27.126991, 29.483595, 0.0)
(27.058079, 29.498390, 0.0)
(26.996325, 29.516363, 0.0)
(26.984465, 29.517111, 0.0)
(28.072575, 29.077335, 0.0)
(30.171944, 28.654409, 0.0)
(30.419140, 28.596176, 0.0)
(30.482975, 28.514416, 0.0)
(30.557053, 28.462435, 0.0)
(30.664358, 28.452539, 0.0)
(28.718275, 28.726097, 0.0)
(28.506849, 28.725372, 0.0)
(28.733644, 28.604189, 0.0)
(28.948858, 28.545347, 0.0)
(29.218395, 28.450525, 0.0)
(29.533867, 28.398676, 0.0)
(29.907677, 28.294525, 0.0)
(30.225534, 28.267292, 0.0)
(30.599474, 28.210262, 0.0)
(30.960297, 28.180859, 0.0)
(31.293999, 28.179510, 0.0)
(31.627937, 28.150459, 0.0)
(31.989256, 28.152935, 0.0)
(32.289936, 28.171698, 0.0)
(32.821426, 28.224594, 0.0)
(34.128120, 28.282598, 0.0)
(34.494244, 28.309105, 0.0)
(34.780499, 28.277523, 0.0)
(35.008224, 28.319841, 0.0)
(35.339794, 28.402573, 0.0)
(35.665398, 28.468756, 0.0)
(35.905834, 28.443062, 0.0)
(36.224327, 28.549166, 0.0)
(36.501736, 28.602461, 0.0)
(36.777813, 28.626600, 0.0)
(37.055035, 28.667456, 0.0)
(37.987186, 28.935339, 0.0)
(39.090958, 29.242441, 0.0)
(39.312069, 29.326595, 0.0)
(39.491207, 29.411915, 0.0)
(40.774185, 30.037792, 0.0)
(41.079071, 30.202505, 0.0)
(41.193264, 30.206757, 0.0)
(41.339699, 30.331228, 0.0)
(41.401356, 30.335192, 0.0)
(41.487129, 30.350315, 0.0)
(41.560883, 30.359648, 0.0)
(41.611958, 30.363533, 0.0)
(41.668308, 30.374878, 0.0)
(41.721153, 30.430029, 0.0)
(41.801537, 30.482836, 0.0)
(41.851013, 30.499241, 0.0)
(41.920662, 30.526632, 0.0)
(41.943127, 30.507776, 0.0)
(41.967396, 30.455328, 0.0)
(42.222393, 30.454485, 0.0)
(42.275364, 30.445065, 0.0)
(42.252209, 30.424616, 0.0)
(42.216759, 30.354996, 0.0)
(42.146721, 30.326252, 0.0)
(42.093231, 30.238710, 0.0)
(42.032158, 30.127739, 0.0)
(41.933578, 30.015476, 0.0)
(41.856266, 29.958570, 0.0)
(40.459469, 29.243408, 0.0)
(40.211418, 29.124750, 0.0)
(40.053989, 28.993557, 0.0)
(39.869244, 28.911270, 0.0)
(39.686710, 28.792772, 0.0)
(39.529987, 28.722038, 0.0)
(39.371994, 28.657866, 0.0)
(39.199821, 28.596207, 0.0)
(39.021389, 28.519230, 0.0)
(38.839264, 28.484348, 0.0)
(38.132328, 28.338179, 0.0)
(36.670929, 28.068396, 0.0)
(36.355919, 27.996115, 0.0)
(36.186329, 27.963993, 0.0)
(35.978188, 27.899063, 0.0)
(35.787308, 27.886784, 0.0)
(35.652164, 27.855284, 0.0)
(35.481312, 27.815384, 0.0)
(35.233414, 27.792707, 0.0)
(34.760628, 29.517057, 0.0)
(33.613838, 30.054621, 0.0)
(33.460136, 29.312628, 0.0)
(33.262360, 28.818829, 0.0)
(33.033730, 28.314899, 0.0)
(32.801884, 28.048923, 0.0)
(32.578880, 27.865969, 0.0)
(32.369942, 27.828308, 0.0)
(30.977922, 28.017410, 0.0)
(30.687586, 27.937746, 0.0)
(30.437689, 27.964214, 0.0)
(30.238699, 27.931925, 0.0)
(30.059492, 27.924412, 0.0)
(29.868052, 27.985479, 0.0)
(29.682228, 27.999659, 0.0)
(28.566513, 28.399965, 0.0)
(28.038483, 28.461081, 0.0)
(27.896397, 28.508005, 0.0)
(27.751577, 28.576044, 0.0)
(27.623634, 28.570370, 0.0)
(27.511879, 28.598125, 0.0)
(27.446796, 28.612301, 0.0)
(27.357000, 28.621689, 0.0)
(27.333714, 28.603437, 0.0)
(27.306585, 28.641932, 0.0)
(27.273113, 28.635592, 0.0)
(28.873497, 27.984051, 0.0)
(30.591373, 27.651384, 0.0)
(30.773693, 27.687660, 0.0)
(30.811092, 27.700253, 0.0)
(30.858860, 27.715971, 0.0)
(30.912874, 27.766333, 0.0)
(30.952501, 27.771385, 0.0)
(31.041054, 27.798700, 0.0)
(31.202948, 27.803341, 0.0)
(31.380434, 27.766096, 0.0)
(31.536160, 27.725138, 0.0)
(31.682251, 27.714249, 0.0)
(31.850906, 27.721897, 0.0)
(31.994623, 27.698318, 0.0)
(32.169464, 27.699137, 0.0)
(32.291775, 27.697037, 0.0)
(32.432030, 27.655872, 0.0)
(32.592888, 27.644184, 0.0)
(32.743099, 27.619146, 0.0)
(32.883656, 27.569513, 0.0)
(32.983448, 27.530813, 0.0)
(33.120998, 27.566086, 0.0)
(33.271942, 27.558146, 0.0)
(33.426891, 27.527687, 0.0)
(34.222397, 27.513657, 0.0)
(35.510593, 27.465937, 0.0)
(35.811470, 27.388462, 0.0)
(36.031147, 27.391989, 0.0)
(36.994698, 27.561598, 0.0)
(37.231422, 27.674133, 0.0)
(37.361946, 27.674444, 0.0)
(37.527695, 27.668091, 0.0)
(37.863659, 27.739933, 0.0)
(38.766502, 27.976744, 0.0)
(39.019600, 28.053892, 0.0)
(39.185059, 28.123989, 0.0)
(39.333088, 28.210676, 0.0)
(39.487160, 28.247206, 0.0)
(39.608997, 28.304996, 0.0)
(39.727715, 28.298649, 0.0)
(39.850731, 28.345623, 0.0)
(40.244873, 28.624474, 0.0)
(41.601154, 29.339422, 0.0)
(41.777855, 29.432899, 0.0)
(41.880917, 29.490431, 0.0)
(41.908684, 29.493118, 0.0)
(42.305946, 29.751099, 0.0)
(42.466175, 29.828711, 0.0)
(42.535347, 29.827230, 0.0)
(42.475227, 29.778877, 0.0)
(42.438461, 29.772453, 0.0)
(42.432457, 29.727451, 0.0)
(42.443554, 29.677567, 0.0)
(42.348999, 29.628838, 0.0)
(41.333557, 29.445976, 0.0)
(40.617661, 27.760994, 0.0)
(40.948227, 27.318314, 0.0)
(41.009300, 27.407091, 0.0)
(40.951324, 27.368267, 0.0)
(40.897228, 27.304628, 0.0)
(40.840275, 27.246811, 0.0)
(40.356319, 27.930323, 0.0)
(40.147869, 27.889814, 0.0)
(39.962517, 27.775291, 0.0)
(39.533642, 29.513548, 0.0)
(37.147781, 28.280754, 0.0)
(36.892334, 27.191494, 0.0)
(36.742016, 26.617380, 0.0)
(36.592560, 26.428797, 0.0)
(36.484119, 26.384491, 0.0)
(36.326859, 27.165636, 0.0)
(35.458897, 28.299292, 0.0)
(35.116627, 27.076471, 0.0)
(34.927441, 26.507061, 0.0)
(34.816689, 26.346817, 0.0)
(34.696369, 26.386171, 0.0)
(33.652493, 26.603909, 0.0)
(32.781265, 26.760107, 0.0)
(32.522755, 26.783329, 0.0)
(32.374210, 26.800711, 0.0)
(32.256115, 26.811834, 0.0)
(32.130230, 26.835758, 0.0)
(30.664787, 27.061415, 0.0)
(29.857811, 27.166794, 0.0)
(29.637945, 27.186512, 0.0)
(29.565966, 27.195023, 0.0)
(29.482626, 27.197235, 0.0)
(29.402056, 27.253986, 0.0)
(29.339018, 27.259861, 0.0)
(29.281193, 27.254225, 0.0)
(29.180674, 27.234089, 0.0)
(29.151552, 27.178471, 0.0)
(29.128799, 27.164911, 0.0)
(29.106977, 27.154507, 0.0)
(29.085327, 27.168751, 0.0)
(32.220001, 26.902872, 0.0)
(32.667313, 26.865286, 0.0)
(32.746735, 26.837523, 0.0)
(32.750614, 26.807989, 0.0)
(32.761574, 26.756790, 0.0)
(32.778370, 26.767992, 0.0)
(32.773964, 26.753210, 0.0)
(32.786064, 26.737276, 0.0)
(32.801380, 26.734322, 0.0)
(32.812466, 26.728367, 0.0)
(32.846333, 26.733261, 0.0)
(32.887672, 26.745899, 0.0)
(32.981949, 26.747379, 0.0)
(33.070156, 26.717688, 0.0)
(33.173489, 26.730028, 0.0)
(33.248844, 26.679741, 0.0)
(33.372005, 26.631798, 0.0)
(33.519356, 26.692135, 0.0)
(33.659878, 26.691826, 0.0)
(33.771473, 26.729137, 0.0)
(33.919418, 26.739840, 0.0)
(34.048630, 26.749834, 0.0)
(34.309509, 26.547190, 0.0)
(34.854404, 26.390657, 0.0)
(34.995972, 26.376690, 0.0)
(35.117645, 26.387691, 0.0)
(35.186901, 26.374706, 0.0)
(35.258301, 26.395802, 0.0)
(35.354397, 26.445915, 0.0)
(35.440804, 26.452320, 0.0)
(35.594109, 26.473408, 0.0)
(35.740662, 26.489300, 0.0)
(36.261047, 26.509512, 0.0)
(37.280678, 26.593294, 0.0)
(37.453999, 26.594137, 0.0)
(37.632153, 26.555105, 0.0)
(37.800892, 26.575838, 0.0)
(38.023697, 26.644762, 0.0)
(39.993626, 27.490078, 0.0)
(40.220936, 27.601875, 0.0)
(40.402729, 27.656269, 0.0)
(40.558376, 27.759161, 0.0)
(40.636150, 27.761686, 0.0)
(40.723755, 27.747168, 0.0)
(40.821526, 27.800587, 0.0)
(41.991428, 28.884136, 0.0)
(42.298927, 29.109451, 0.0)
(42.305218, 29.133858, 0.0)
(42.330944, 29.132719, 0.0)
(42.317669, 29.110342, 0.0)
(42.317669, 29.110342, 0.0)
(42.313366, 29.072845, 0.0)
(42.317478, 28.843546, 0.0)
(42.312935, 28.778831, 0.0)
(42.258495, 28.684307, 0.0)
(42.251896, 28.647909, 0.0)
(42.221485, 28.644022, 0.0)
(42.186073, 28.591160, 0.0)
(42.153366, 28.544752, 0.0)
(41.899563, 28.169605, 0.0)
(41.447552, 27.492235, 0.0)
(41.318703, 27.384317, 0.0)
(41.264484, 27.363121, 0.0)
(41.184860, 27.244703, 0.0)
(41.097496, 27.155458, 0.0)
(39.537571, 26.658752, 0.0)
(39.318489, 26.595207, 0.0)
(39.193916, 26.527929, 0.0)
(38.990116, 26.412903, 0.0)
(38.828728, 26.370735, 0.0)
(38.628429, 26.327946, 0.0)
(38.434299, 26.269142, 0.0)
(38.241352, 26.252781, 0.0)
(38.057449, 26.159527, 0.0)
(37.797367, 26.087732, 0.0)
(37.555908, 26.022429, 0.0)
(36.387852, 25.787971, 0.0)
(36.080036, 25.791071, 0.0)
(35.766743, 25.705681, 0.0)
(35.531742, 25.705494, 0.0)
(35.348526, 25.678185, 0.0)
(35.033527, 25.675119, 0.0)
(34.819691, 25.678785, 0.0)
(34.555622, 25.652748, 0.0)
(34.309299, 25.661749, 0.0)
(34.095287, 25.652508, 0.0)
(32.800201, 25.816929, 0.0)
(32.322624, 25.898901, 0.0)
(32.072407, 25.923481, 0.0)
(31.864334, 25.939074, 0.0)
(31.623451, 25.943657, 0.0)
(31.358828, 25.999748, 0.0)
(31.175041, 26.028797, 0.0)
(30.900301, 26.060200, 0.0)
(29.610161, 26.352917, 0.0)
(29.284637, 26.380100, 0.0)
(29.119736, 26.418196, 0.0)
(28.955484, 26.439960, 0.0)
(28.863047, 26.444242, 0.0)
(28.722599, 26.484640, 0.0)
(28.592428, 26.524300, 0.0)
(28.510191, 26.529150, 0.0)
(28.452660, 26.504305, 0.0)
(27.368141, 26.869509, 0.0)
(27.149511, 26.968777, 0.0)
(27.090496, 26.964188, 0.0)
(27.029202, 26.955444, 0.0)
(27.016325, 26.949837, 0.0)
(27.008488, 26.956448, 0.0)
(27.003675, 26.952845, 0.0)
(27.018799, 26.930681, 0.0)
(27.045525, 26.919050, 0.0)
(27.073851, 26.845341, 0.0)
(27.332813, 26.704992, 0.0)
(29.014284, 26.068190, 0.0)
(29.248018, 25.937082, 0.0)
(29.422419, 25.835371, 0.0)
(29.595098, 25.823238, 0.0)
(29.772871, 25.804514, 0.0)
(29.995869, 25.754494, 0.0)
(30.238451, 25.692818, 0.0)
(30.465363, 25.603388, 0.0)
(30.152569, 25.698614, 0.0)
(30.095461, 25.686020, 0.0)
(30.337280, 25.615746, 0.0)
(30.631901, 25.580185, 0.0)
(30.918762, 25.564617, 0.0)
(32.086498, 25.446253, 0.0)
(32.426880, 25.418392, 0.0)
(32.722397, 25.377514, 0.0)
(33.463608, 25.372965, 0.0)
(34.208702, 25.357391, 0.0)
(34.483562, 25.354239, 0.0)
(34.701237, 25.353447, 0.0)
(34.997311, 25.390551, 0.0)
(35.256512, 25.415785, 0.0)
(35.528324, 25.432615, 0.0)
(35.731831, 25.460037, 0.0)
(36.120262, 25.555807, 0.0)
(37.590126, 25.810537, 0.0)
(37.807343, 25.857941, 0.0)
(38.016651, 25.890060, 0.0)
(38.154625, 25.924519, 0.0)
(38.363445, 26.006857, 0.0)
(38.563515, 26.063261, 0.0)
(38.748177, 26.175724, 0.0)
(38.925396, 26.209623, 0.0)
(39.088596, 26.252752, 0.0)
(40.366905, 26.968519, 0.0)
(40.734360, 27.092487, 0.0)
(40.838326, 27.133417, 0.0)
(40.952515, 27.139612, 0.0)
(41.053871, 27.193832, 0.0)
(41.148605, 27.275532, 0.0)
(41.228802, 27.292606, 0.0)
(41.297424, 27.334017, 0.0)
(42.074085, 27.880800, 0.0)
(42.392357, 28.107468, 0.0)
(42.473190, 28.109638, 0.0)
(42.502956, 28.135101, 0.0)
(42.462791, 28.130659, 0.0)
(42.425549, 28.111904, 0.0)
(42.385567, 28.062958, 0.0)
(42.176968, 27.719358, 0.0)
(41.992004, 27.266115, 0.0)
(41.931175, 27.129526, 0.0)
(41.825665, 27.040165, 0.0)
(41.675556, 26.910500, 0.0)
(41.041351, 26.615976, 0.0)
(40.592552, 26.404293, 0.0)
(40.381397, 26.240227, 0.0)
(40.184868, 26.134901, 0.0)
(40.027016, 26.121393, 0.0)
(39.868450, 26.023537, 0.0)
(39.563839, 25.930687, 0.0)
(39.417816, 25.828270, 0.0)
(39.096199, 25.661922, 0.0)
(37.858376, 25.373444, 0.0)
(37.562729, 25.265764, 0.0)
(37.340641, 25.247131, 0.0)
(37.121166, 25.215326, 0.0)
(36.949013, 25.171528, 0.0)
(36.742359, 25.148113, 0.0)
(36.497410, 25.044094, 0.0)
(36.299660, 25.018545, 0.0)
(36.094288, 24.992035, 0.0)
(35.291862, 24.933523, 0.0)
(34.746391, 24.864391, 0.0)
(34.521843, 24.830021, 0.0)
(34.295731, 24.786898, 0.0)
(34.005669, 24.773857, 0.0)
(33.808506, 24.781460, 0.0)
(33.591862, 24.786758, 0.0)
(33.346901, 24.770628, 0.0)
(32.187279, 24.957926, 0.0)
(31.699816, 24.963120, 0.0)
(31.464573, 24.933317, 0.0)
(31.234135, 24.981421, 0.0)
(31.088217, 24.996275, 0.0)
(30.890173, 25.025026, 0.0)
(30.707972, 25.059052, 0.0)
(30.570282, 25.053755, 0.0)
(29.298529, 25.484533, 0.0)
(28.922579, 25.578691, 0.0)
(28.839025, 25.605843, 0.0)
(28.715120, 25.675375, 0.0)
(28.612631, 25.717024, 0.0)
(28.119160, 25.861425, 0.0)
(27.583986, 26.025938, 0.0)
(27.465260, 26.059486, 0.0)
(27.377886, 26.079351, 0.0)
(27.292187, 26.118294, 0.0)
(27.239771, 26.157181, 0.0)
(27.218254, 26.176273, 0.0)
(27.223108, 26.193855, 0.0)
(27.223598, 26.206606, 0.0)
(27.238338, 26.145975, 0.0)
(27.270521, 26.110119, 0.0)
(27.347307, 26.079823, 0.0)
(27.420149, 26.047878, 0.0)
(27.496655, 25.977858, 0.0)
(27.652645, 25.930458, 0.0)
(27.854033, 25.882740, 0.0)
(28.004250, 25.753534, 0.0)
(29.981255, 25.133768, 0.0)
(30.312702, 25.058250, 0.0)
(30.605000, 24.934305, 0.0)
(30.942104, 24.836603, 0.0)
(31.197464, 24.767696, 0.0)
(31.501896, 24.701941, 0.0)
(31.769207, 24.654291, 0.0)
(32.064426, 24.601286, 0.0)
(32.312069, 24.616896, 0.0)
(32.511292, 24.596159, 0.0)
(32.771915, 24.596184, 0.0)
(32.990337, 24.577400, 0.0)
(33.179333, 24.501631, 0.0)
(33.385857, 24.465717, 0.0)
(33.651081, 24.466934, 0.0)
(34.606228, 24.543638, 0.0)
(35.332767, 24.587547, 0.0)
(35.539661, 24.596388, 0.0)
(35.734669, 24.569681, 0.0)
(35.901123, 24.552711, 0.0)
(36.138767, 24.551834, 0.0)
(36.333241, 24.551695, 0.0)
(36.546932, 24.549248, 0.0)
(38.609047, 25.201466, 0.0)
(38.886414, 25.229769, 0.0)
(39.006691, 25.241217, 0.0)
(39.106968, 25.238190, 0.0)
(39.201225, 25.292833, 0.0)
(39.296173, 25.291494, 0.0)
(40.373180, 25.678770, 0.0)
(40.739769, 25.778690, 0.0)
(40.770866, 25.731691, 0.0)
(40.801388, 25.705231, 0.0)
(40.806293, 25.711664, 0.0)
(40.803776, 25.735916, 0.0)
(40.817593, 25.744648, 0.0)
(40.823895, 25.768183, 0.0)
(40.809368, 25.724365, 0.0)
(40.795662, 25.731958, 0.0)
(40.785652, 25.673845, 0.0)
(40.793854, 25.657331, 0.0)
(40.837147, 25.754389, 0.0)
(41.589500, 26.649147, 0.0)
(41.601814, 26.687778, 0.0)
(41.587170, 26.662035, 0.0)
(41.566212, 26.656820, 0.0)
(41.541588, 26.628016, 0.0)
(41.897606, 26.564835, 0.0)
(41.892078, 26.499863, 0.0)
(41.789623, 26.430586, 0.0)
(41.075787, 26.023462, 0.0)
(40.338646, 25.610567, 0.0)
(40.148750, 25.456308, 0.0)
(38.690659, 24.960854, 0.0)
(38.434582, 24.865284, 0.0)
(38.180305, 24.768150, 0.0)
(38.052174, 24.695652, 0.0)
(37.862579, 24.601995, 0.0)
(37.677513, 24.538052, 0.0)
(35.710384, 24.107075, 0.0)
(34.678410, 23.877853, 0.0)
(34.476841, 23.833857, 0.0)
(34.366680, 23.780445, 0.0)
(33.833641, 23.508829, 0.0)
(33.624023, 23.378544, 0.0)
(33.555954, 23.346418, 0.0)
(33.523022, 23.336882, 0.0)
(33.513050, 23.334732, 0.0)
(33.472118, 23.339733, 0.0)
(33.415806, 23.349648, 0.0)
(33.328522, 23.324928, 0.0)
(33.278519, 23.330221, 0.0)
(33.180592, 23.324476, 0.0)
(31.383430, 23.953623, 0.0)
(29.955849, 24.472282, 0.0)
(29.442297, 24.492085, 0.0)
(29.183502, 24.434483, 0.0)
(29.277319, 24.404203, 0.0)
(29.235746, 24.459547, 0.0)
(29.230396, 24.474474, 0.0)
(29.192045, 24.435879, 0.0)
(29.158804, 24.428783, 0.0)
(29.086292, 24.414864, 0.0)
(28.995371, 24.438871, 0.0)
(28.917255, 24.424314, 0.0)
(28.794151, 24.483004, 0.0)
(28.644096, 24.552774, 0.0)
(28.568707, 24.559422, 0.0)
(28.498068, 24.607054, 0.0)
(27.844910, 24.886480, 0.0)
(27.554932, 25.038284, 0.0)
(27.507196, 25.042936, 0.0)
(27.478085, 25.029226, 0.0)
(27.414507, 25.022333, 0.0)
(27.389580, 25.027912, 0.0)
(27.015358, 25.361015, 0.0)
(26.761440, 25.610323, 0.0)
(26.746229, 25.640566, 0.0)
(26.747654, 25.625723, 0.0)
(27.469257, 25.137613, 0.0)
(27.983833, 24.832651, 0.0)
(28.077765, 24.739872, 0.0)
(28.137657, 24.647987, 0.0)
(28.245178, 24.599672, 0.0)
(28.325665, 24.584816, 0.0)
(28.466320, 24.556892, 0.0)
(30.417402, 23.748178, 0.0)
(31.167938, 23.466394, 0.0)
(31.358948, 23.408346, 0.0)
(31.436733, 23.323872, 0.0)
(31.547386, 23.254810, 0.0)
(34.459675, 23.292936, 0.0)
(35.873768, 23.514984, 0.0)
(36.118446, 23.530796, 0.0)
(36.252625, 23.481075, 0.0)
(36.317833, 23.465443, 0.0)
(36.395332, 23.422235, 0.0)
(36.492554, 23.442425, 0.0)
(36.579727, 23.464769, 0.0)
(36.620693, 23.470484, 0.0)
(36.681694, 23.478434, 0.0)
(36.749794, 23.484249, 0.0)
(36.768810, 23.519154, 0.0)
(36.811844, 23.593773, 0.0)
(36.849770, 23.590826, 0.0)
(36.890102, 23.551086, 0.0)
(36.928711, 23.550770, 0.0)
(36.985226, 23.556351, 0.0)
(37.091530, 23.558529, 0.0)
(39.311668, 24.550018, 0.0)
(39.652771, 24.679869, 0.0)
(39.823353, 24.766153, 0.0)
(39.934704, 24.829996, 0.0)
(40.001537, 24.838245, 0.0)
(40.528996, 25.024513, 0.0)
(41.490078, 25.584322, 0.0)
(41.608639, 25.600771, 0.0)
(41.585445, 25.551386, 0.0)
(41.499420, 25.481539, 0.0)
(41.442196, 25.438461, 0.0)
(41.422035, 25.421883, 0.0)
(41.389431, 25.400333, 0.0)
(41.362686, 25.386766, 0.0)
(41.357395, 25.380112, 0.0)
(41.316643, 25.348560, 0.0)
(41.303154, 25.321224, 0.0)
(41.270088, 25.315638, 0.0)
(41.250751, 25.285917, 0.0)
(41.238495, 25.219242, 0.0)
(41.208515, 25.181990, 0.0)
(41.185379, 25.196308, 0.0)
(41.183899, 25.239374, 0.0)
(41.151558, 25.245779, 0.0)
(41.120968, 25.269323, 0.0)
(41.003185, 25.183764, 0.0)
(38.861675, 24.034533, 0.0)
(38.723698, 23.950769, 0.0)
(38.632080, 23.855703, 0.0)
(36.816551, 23.576248, 0.0)
(36.503899, 23.505180, 0.0)
(36.459213, 23.459675, 0.0)
(36.428474, 23.432848, 0.0)
(36.417545, 23.430283, 0.0)
(36.393272, 23.417473, 0.0)
(36.384235, 23.417622, 0.0)
(36.351559, 23.384615, 0.0)
(36.350521, 23.390085, 0.0)
(36.335361, 23.326889, 0.0)
(36.328571, 23.319666, 0.0)
(36.315041, 23.322805, 0.0)
(36.286270, 23.295206, 0.0)
(36.234066, 23.294134, 0.0)
(36.186996, 23.292732, 0.0)
(36.165215, 23.290628, 0.0)
(34.738220, 23.288412, 0.0)
(34.484993, 23.238966, 0.0)
(34.389957, 23.235514, 0.0)
(34.260574, 23.192921, 0.0)
(34.156895, 23.188461, 0.0)
(32.918560, 23.274109, 0.0)
(32.367207, 23.333614, 0.0)
(32.161129, 23.284822, 0.0)
(32.003860, 23.316782, 0.0)
(31.860022, 23.333441, 0.0)
(31.724463, 23.323332, 0.0)
(31.588278, 23.320423, 0.0)
(30.514660, 23.652023, 0.0)
(29.730703, 23.770729, 0.0)
(29.513166, 23.808308, 0.0)
(29.352802, 23.840738, 0.0)
(29.242025, 23.885378, 0.0)
(29.139441, 23.958197, 0.0)
(29.048269, 23.980352, 0.0)
(28.954302, 24.002047, 0.0)
(28.790855, 24.019674, 0.0)
(28.116648, 24.048262, 0.0)
(27.994703, 24.058445, 0.0)
(27.944517, 24.062578, 0.0)
(27.895802, 24.085064, 0.0)
(27.880701, 24.082830, 0.0)
(27.873667, 24.094999, 0.0)
(27.872766, 24.078194, 0.0)
(27.862246, 24.087238, 0.0)
(27.854513, 24.081421, 0.0)
(27.849689, 24.080082, 0.0)
(27.854034, 24.082209, 0.0)
(27.865475, 24.089977, 0.0)
(27.893003, 24.076303, 0.0)
(27.912460, 24.033438, 0.0)
(27.986410, 24.010334, 0.0)
(28.083939, 23.975576, 0.0)
(28.157421, 23.960861, 0.0)
(28.622282, 23.802595, 0.0)
(30.835037, 23.343904, 0.0)
(31.066217, 23.245382, 0.0)
(31.219936, 23.182779, 0.0)
(31.337097, 23.165495, 0.0)
(31.512188, 23.151691, 0.0)
(31.671358, 23.117323, 0.0)
(31.864378, 23.069010, 0.0)
(32.060478, 23.032564, 0.0)
(32.260418, 22.995026, 0.0)
(32.551060, 22.969231, 0.0)
(35.519619, 23.127653, 0.0)
(36.030266, 23.159475, 0.0)
(36.962067, 23.384615, 0.0)
(37.974483, 23.727236, 0.0)
(38.149456, 23.726681, 0.0)
(38.266258, 23.706762, 0.0)
(38.346191, 23.742098, 0.0)
(38.436909, 23.751011, 0.0)
(38.512703, 23.757853, 0.0)
(38.561314, 23.775026, 0.0)
(38.640156, 23.775669, 0.0)
(38.747150, 23.805304, 0.0)
(38.855381, 23.821831, 0.0)
(39.003906, 23.858173, 0.0)
(39.201099, 23.914696, 0.0)
(39.298389, 23.899418, 0.0)
(39.400322, 23.926153, 0.0)
(39.594604, 24.002735, 0.0)
(39.676300, 24.062571, 0.0)
(39.871311, 24.137142, 0.0)
(39.995041, 24.247225, 0.0)
(40.070496, 24.347950, 0.0)
(40.104080, 24.364975, 0.0)
(40.190350, 24.429338, 0.0)
(40.578461, 24.702972, 0.0)
(41.025047, 25.005917, 0.0)
(41.139145, 25.033686, 0.0)
(41.139145, 25.033686, 0.0)
(41.139256, 25.020580, 0.0)
(41.115662, 24.984217, 0.0)
(41.113110, 24.975086, 0.0)
(41.431633, 25.271515, 0.0)
(41.535229, 25.402061, 0.0)
(41.511440, 25.360590, 0.0)
(41.474281, 25.334654, 0.0)
(41.427959, 25.295395, 0.0)
(41.392967, 25.238539, 0.0)
(41.369617, 25.184565, 0.0)
(41.276917, 25.312820, 0.0)
(41.312626, 25.992956, 0.0)
(41.671005, 26.579058, 0.0)
(41.625370, 26.727888, 0.0)
(41.687363, 26.879242, 0.0)
(41.780415, 27.047707, 0.0)
(41.814827, 27.069006, 0.0)
(41.820381, 27.034809, 0.0)
(41.853004, 26.964014, 0.0)
(41.849056, 26.975811, 0.0)
(41.855522, 27.052711, 0.0)
(41.840866, 27.103153, 0.0)
(41.822414, 27.133984, 0.0)
(42.015076, 27.732021, 0.0)
(42.398888, 29.412689, 0.0)
(42.364548, 29.533186, 0.0)
(42.434937, 29.585573, 0.0)
(42.394398, 29.566273, 0.0)
(42.403725, 29.572517, 0.0)
(42.430290, 29.558323, 0.0)
(42.431911, 29.557302, 0.0)
(42.446095, 29.561443, 0.0)
(42.457394, 29.590567, 0.0)
(42.634720, 30.167257, 0.0)
(42.553089, 32.601349, 0.0)
(42.512936, 33.829742, 0.0)
(42.476017, 33.904453, 0.0)
(42.456547, 33.812145, 0.0)
(42.452496, 33.798985, 0.0)
(42.451687, 33.782982, 0.0)
(42.413067, 33.797993, 0.0)
(42.383389, 33.789635, 0.0)
(42.389606, 33.788822, 0.0)
(42.454323, 33.720371, 0.0)
(42.439030, 33.691574, 0.0)
(42.440067, 33.683357, 0.0)
(42.365261, 33.662048, 0.0)
(42.352684, 33.652313, 0.0)
(42.333466, 33.575386, 0.0)
(42.315147, 33.550968, 0.0)
(42.316273, 33.538460, 0.0)
(42.303532, 33.577095, 0.0)
(42.288445, 33.585758, 0.0)
(42.070312, 34.204288, 0.0)
(41.996223, 34.394451, 0.0)
(41.983360, 34.329773, 0.0)
(41.964455, 34.323227, 0.0)
(41.940403, 34.261658, 0.0)
(41.932018, 34.255302, 0.0)
(40.879562, 34.032875, 0.0)
(40.725521, 33.992332, 0.0)
(40.702904, 33.919094, 0.0)
(40.677612, 33.952000, 0.0)
(40.631680, 33.906364, 0.0)
(40.608597, 33.887585, 0.0)
(40.586426, 33.907795, 0.0)
(40.962440, 32.851231, 0.0)
(41.501480, 31.917948, 0.0)
(41.557716, 31.836918, 0.0)
(41.543644, 31.809187, 0.0)
(41.548122, 31.774897, 0.0)
(41.541889, 31.752975, 0.0)
(41.566505, 31.743645, 0.0)
(41.597385, 31.691862, 0.0)
(41.918892, 31.098093, 0.0)
(42.066044, 30.914116, 0.0)
(42.092129, 30.838984, 0.0)
(42.093590, 30.742165, 0.0)
(42.121288, 30.686310, 0.0)
(42.133801, 30.654850, 0.0)
(42.442989, 30.201460, 0.0)
(42.516487, 30.087620, 0.0)
(42.408615, 29.554705, 0.0)
(42.412270, 28.995113, 0.0)
(42.361950, 28.801355, 0.0)
(42.361507, 28.738289, 0.0)
(42.349319, 28.665218, 0.0)
(42.341175, 28.598927, 0.0)
(42.327736, 28.510878, 0.0)
(42.331245, 28.475725, 0.0)
(42.340160, 28.428932, 0.0)
(42.327175, 28.364323, 0.0)
(42.302364, 28.132977, 0.0)
(42.115749, 27.680912, 0.0)
(42.080067, 27.554750, 0.0)
(42.089069, 27.470924, 0.0)
(42.065208, 27.158974, 0.0)
(42.032417, 26.507154, 0.0)
(41.976109, 26.383373, 0.0)
(41.925457, 26.328756, 0.0)
(41.903996, 26.274248, 0.0)
(41.855450, 26.174059, 0.0)
(41.804157, 26.128910, 0.0)
(41.744331, 25.964197, 0.0)
(41.687420, 25.890142, 0.0)
(41.451469, 25.498966, 0.0)
(41.354057, 25.362963, 0.0)
(41.294628, 25.317780, 0.0)
(41.264027, 25.298349, 0.0)
(41.248554, 25.279469, 0.0)
(41.229992, 25.284147, 0.0)
(41.200050, 25.297041, 0.0)
(41.169552, 25.324642, 0.0)
(41.152985, 25.300512, 0.0)
(41.135246, 25.302496, 0.0)
(41.118591, 25.275013, 0.0)
(41.058929, 25.247025, 0.0)
(41.021469, 25.251598, 0.0)
(41.066402, 25.349344, 0.0)
(41.048965, 25.359083, 0.0)
(41.145142, 26.007893, 0.0)
(41.244446, 26.830769, 0.0)
(41.271614, 26.954868, 0.0)
(41.307865, 27.022743, 0.0)
(41.342316, 27.120321, 0.0)
(41.385990, 27.221315, 0.0)
(41.618999, 27.616053, 0.0)
(41.811783, 28.217113, 0.0)
(41.867050, 28.350349, 0.0)
(41.879971, 28.362083, 0.0)
(41.897530, 28.411888, 0.0)
(41.856834, 28.517302, 0.0)
(41.446945, 28.435871, 0.0)
(41.283989, 28.949451, 0.0)
(41.500927, 29.273424, 0.0)
(41.679085, 29.800497, 0.0)
(41.656128, 30.044043, 0.0)
(41.682510, 30.192913, 0.0)
(41.695160, 30.311325, 0.0)
(41.664742, 30.454437, 0.0)
(41.624210, 30.475132, 0.0)
(41.576008, 30.551062, 0.0)
(41.839771, 31.496189, 0.0)
(41.858212, 32.303555, 0.0)
(41.839882, 32.417965, 0.0)
(41.846092, 32.523346, 0.0)
(41.851933, 32.555729, 0.0)
(41.845108, 32.574890, 0.0)
(41.846760, 32.907104, 0.0)
(41.661839, 34.235985, 0.0)
(41.573017, 34.326763, 0.0)
(41.574638, 34.319935, 0.0)
(41.551060, 34.333847, 0.0)
(41.518303, 34.316410, 0.0)
(41.494415, 34.311707, 0.0)
(41.439728, 34.584373, 0.0)
(41.394234, 34.644058, 0.0)
(41.353233, 34.603840, 0.0)
(41.318932, 34.597363, 0.0)
(41.287746, 34.601921, 0.0)
(41.252140, 34.564579, 0.0)
(41.245667, 34.608173, 0.0)
(41.228245, 34.566757, 0.0)
(41.209942, 34.523201, 0.0)
(41.198238, 34.478397, 0.0)
(41.191223, 34.478813, 0.0)
(39.912437, 33.997585, 0.0)
(39.764866, 33.936615, 0.0)
(39.755085, 33.909756, 0.0)
(39.739151, 33.877789, 0.0)
(39.755692, 33.683430, 0.0)
(40.682739, 32.343216, 0.0)
(40.724052, 32.056660, 0.0)
(40.724945, 31.936567, 0.0)
(40.744152, 31.745798, 0.0)
(40.760712, 31.647211, 0.0)
(40.831932, 31.538986, 0.0)
(40.883991, 31.511509, 0.0)
(40.931038, 31.443821, 0.0)
(40.984417, 31.319956, 0.0)
(41.276096, 29.585505, 0.0)
(41.328331, 29.242727, 0.0)
(41.341717, 29.182707, 0.0)
(41.343563, 29.135332, 0.0)
(41.350098, 29.029024, 0.0)
(41.349403, 28.954500, 0.0)
(41.333733, 28.836218, 0.0)
(41.334942, 28.807438, 0.0)
(41.325325, 28.798628, 0.0)
(41.150959, 28.020739, 0.0)
(41.138695, 27.921461, 0.0)
(41.143005, 27.897890, 0.0)
(41.138695, 27.854824, 0.0)
(41.128838, 27.791452, 0.0)
(41.145157, 27.746931, 0.0)
(41.124035, 27.597422, 0.0)
(40.761501, 26.643604, 0.0)
(40.702919, 26.538870, 0.0)
(40.701900, 26.520147, 0.0)
(40.646568, 26.328144, 0.0)
(40.578484, 25.492804, 0.0)
(40.554623, 25.380939, 0.0)
(40.479939, 25.411999, 0.0)
(40.441353, 25.350618, 0.0)
(40.377956, 24.994461, 0.0)
(40.160877, 24.554045, 0.0)
(40.117779, 24.481554, 0.0)
(40.075874, 24.464027, 0.0)
(40.062355, 24.512953, 0.0)
(39.999702, 24.488337, 0.0)
(39.971657, 24.528040, 0.0)
(39.962826, 24.592861, 0.0)
(39.882710, 24.581966, 0.0)
(39.831459, 24.592712, 0.0)
(39.816830, 24.604197, 0.0)
(39.804821, 24.591408, 0.0)
(39.751537, 24.492704, 0.0)
(39.734360, 24.460859, 0.0)
(39.737564, 24.433514, 0.0)
(39.737564, 24.433514, 0.0)
(38.959949, 24.373600, 0.0)
(38.873676, 24.373549, 0.0)
(38.883720, 24.386404, 0.0)
(38.891888, 24.432346, 0.0)
(38.894615, 24.454760, 0.0)
(38.929028, 24.525196, 0.0)
(39.977104, 26.884541, 0.0)
(40.045349, 27.468153, 0.0)
(40.038464, 27.560028, 0.0)
(40.056946, 27.565243, 0.0)
(40.086868, 27.650324, 0.0)
(40.099876, 27.763119, 0.0)
(40.542114, 28.893406, 0.0)
(40.698326, 30.239532, 0.0)
(40.632496, 30.357279, 0.0)
(40.614857, 30.317442, 0.0)
(40.576141, 30.252710, 0.0)
(40.582359, 30.276922, 0.0)
(40.575050, 30.308189, 0.0)
(40.559811, 30.304434, 0.0)
(40.565975, 30.347874, 0.0)
(40.547649, 30.346903, 0.0)
(40.559910, 30.376062, 0.0)
(40.601154, 30.444059, 0.0)
(40.598675, 30.470734, 0.0)
(40.593391, 30.432882, 0.0)
(40.600616, 30.450903, 0.0)
(40.621651, 30.462843, 0.0)
(40.629723, 30.466053, 0.0)
(40.621552, 30.502954, 0.0)
(40.625702, 30.533018, 0.0)
(40.648209, 30.713091, 0.0)
(40.632446, 32.206364, 0.0)
(40.578472, 32.369232, 0.0)
(40.544609, 32.315079, 0.0)
(40.529892, 32.281925, 0.0)
(40.492317, 32.263081, 0.0)
(40.658657, 33.112301, 0.0)
(40.675419, 33.907463, 0.0)
(40.627556, 33.975124, 0.0)
(40.613453, 33.988510, 0.0)
(40.588284, 34.026485, 0.0)
(40.555748, 34.046986, 0.0)
(40.523731, 34.036758, 0.0)
(40.458015, 34.087090, 0.0)
(40.232677, 34.232258, 0.0)
(40.189987, 34.227249, 0.0)
(40.182663, 34.231907, 0.0)
(40.173195, 34.246944, 0.0)
(40.158501, 34.197559, 0.0)
(40.148075, 34.160923, 0.0)
(40.031849, 33.615631, 0.0)
(39.619030, 31.816988, 0.0)
(39.511292, 31.556923, 0.0)
(39.471577, 31.511131, 0.0)
(39.482792, 31.413490, 0.0)
(39.466610, 31.331934, 0.0)
(39.460850, 31.354778, 0.0)
(39.728710, 31.747921, 0.0)
(39.769798, 31.744413, 0.0)
(39.785065, 31.721117, 0.0)
(39.801609, 31.694696, 0.0)
(39.822693, 31.560152, 0.0)
(39.833626, 31.479223, 0.0)
(39.826653, 31.420893, 0.0)
(39.814365, 31.318649, 0.0)
(40.075256, 29.178402, 0.0)
(40.085316, 28.898748, 0.0)
(40.055229, 28.905138, 0.0)
(40.072247, 28.829144, 0.0)
(40.048885, 28.730211, 0.0)
(40.054993, 28.673042, 0.0)
(40.040047, 28.620359, 0.0)
(40.052231, 28.572145, 0.0)
(40.061203, 28.525490, 0.0)
(40.051380, 28.484226, 0.0)
(40.049614, 28.405769, 0.0)
(39.594036, 27.074980, 0.0)
(39.535313, 26.611193, 0.0)
(39.531105, 26.424843, 0.0)
(39.713078, 25.533064, 0.0)
(39.511032, 25.011560, 0.0)
(39.497196, 24.876411, 0.0)
(39.483528, 24.846710, 0.0)
(39.499012, 24.648710, 0.0)
(39.680908, 24.437925, 0.0)
(39.701633, 24.411474, 0.0)
(39.692978, 24.416040, 0.0)
(39.695286, 24.407539, 0.0)
(39.688900, 24.404396, 0.0)
(39.577122, 24.527126, 0.0)
(39.491028, 24.519970, 0.0)
(39.491028, 24.519970, 0.0)
(39.509354, 24.499779, 0.0)
(39.459316, 24.441814, 0.0)
(39.468643, 24.452829, 0.0)
(39.481701, 24.470177, 0.0)
(39.431416, 24.465990, 0.0)
(39.443932, 24.453846, 0.0)
(39.444500, 24.453360, 0.0)
(39.435604, 24.454647, 0.0)
(39.407623, 24.450243, 0.0)
(39.389980, 24.416416, 0.0)
(39.382835, 24.403944, 0.0)
(39.372334, 24.398897, 0.0)
(39.361130, 24.385960, 0.0)
(39.354546, 24.394722, 0.0)
(38.654461, 24.589197, 0.0)
(38.429920, 24.603039, 0.0)
(38.419552, 24.648880, 0.0)
(38.400459, 24.763689, 0.0)
(38.420654, 24.884192, 0.0)
(38.969563, 25.651934, 0.0)
(38.991077, 25.828917, 0.0)
(38.988487, 25.926826, 0.0)
(39.002834, 26.048281, 0.0)
(38.992603, 26.150537, 0.0)
(39.007805, 26.279045, 0.0)
(39.019676, 26.359781, 0.0)
(39.007339, 26.480032, 0.0)
(39.001060, 26.549450, 0.0)
(39.125622, 26.944653, 0.0)
(39.202393, 27.934217, 0.0)
(39.176464, 28.073708, 0.0)
(39.173592, 28.164923, 0.0)
(39.168240, 28.239376, 0.0)
(39.148827, 28.322840, 0.0)
(39.167831, 28.405195, 0.0)
(39.183380, 28.508993, 0.0)
(39.192181, 28.650417, 0.0)
(39.188812, 28.704185, 0.0)
(39.256557, 29.023636, 0.0)
(39.282967, 30.098772, 0.0)
(39.268547, 30.194714, 0.0)
(39.247696, 30.271765, 0.0)
(39.251011, 30.387169, 0.0)
(39.233994, 30.456371, 0.0)
(39.244995, 30.538609, 0.0)
(39.243454, 30.605127, 0.0)
(39.241390, 30.712212, 0.0)
(39.310276, 31.618755, 0.0)
(39.320053, 31.761045, 0.0)
(39.290157, 31.870634, 0.0)
(39.288670, 31.913914, 0.0)
(39.295784, 31.954433, 0.0)
(39.483944, 33.129486, 0.0)
(39.419502, 33.676128, 0.0)
(39.406803, 33.735786, 0.0)
(39.390869, 33.808380, 0.0)
(39.366016, 33.812969, 0.0)
(39.351971, 33.847828, 0.0)
(39.351971, 33.847828, 0.0)
(39.335915, 33.840656, 0.0)
(39.326450, 33.853367, 0.0)
(39.320072, 33.869072, 0.0)
(39.316422, 33.872726, 0.0)
(39.314011, 33.885624, 0.0)
(39.257053, 33.872742, 0.0)
(38.127895, 34.022530, 0.0)
(37.933163, 34.005093, 0.0)
(37.920914, 33.960674, 0.0)
(37.912270, 33.905018, 0.0)
(38.394096, 32.630230, 0.0)
(38.417366, 31.988583, 0.0)
(38.378784, 31.790497, 0.0)
(38.378078, 31.705526, 0.0)
(38.389038, 31.620741, 0.0)
(38.389324, 31.540724, 0.0)
(38.379986, 31.494690, 0.0)
(38.368290, 31.366589, 0.0)
(38.377567, 31.292089, 0.0)
(38.397053, 31.173969, 0.0)
(38.417351, 29.940130, 0.0)
(38.335594, 29.502340, 0.0)
(38.270519, 29.412598, 0.0)
(38.238766, 29.404713, 0.0)
(38.218468, 29.282967, 0.0)
(38.234978, 29.183228, 0.0)
(38.231487, 29.162447, 0.0)
(38.216606, 27.679575, 0.0)
(38.218895, 27.300379, 0.0)
(38.208916, 27.319986, 0.0)
(38.177265, 27.278975, 0.0)
(38.172882, 27.229425, 0.0)
(38.166351, 27.163984, 0.0)
(38.041439, 26.363348, 0.0)
(38.012875, 25.375429, 0.0)
(38.012432, 25.350363, 0.0)
(38.012875, 25.375429, 0.0)
(38.002270, 25.349134, 0.0)
(37.988159, 25.336052, 0.0)
(37.911713, 25.030540, 0.0)
(37.755394, 24.524099, 0.0)
(37.712341, 24.433445, 0.0)
(37.694397, 24.400162, 0.0)
(37.683525, 24.391026, 0.0)
(37.676601, 24.398565, 0.0)
(37.667690, 24.379705, 0.0)
(37.665173, 24.359331, 0.0)
(37.672115, 24.335966, 0.0)
(37.626419, 24.284893, 0.0)
(37.626503, 24.271725, 0.0)
(37.627823, 24.265873, 0.0)
(37.611973, 24.249863, 0.0)
(37.611973, 24.249863, 0.0)
(37.611973, 24.249863, 0.0)
(37.615887, 24.241068, 0.0)
(37.605694, 24.243780, 0.0)
(37.609249, 24.271454, 0.0)
(37.594475, 24.277351, 0.0)
(37.594475, 24.277351, 0.0)
(37.579018, 24.288322, 0.0)
(37.551739, 24.277702, 0.0)
(36.879341, 24.687935, 0.0)
(36.664192, 24.884211, 0.0)
(36.643345, 24.940207, 0.0)
(36.624279, 24.968454, 0.0)
(36.655186, 25.092113, 0.0)
(36.759983, 25.258600, 0.0)
(37.333111, 26.064564, 0.0)
(37.367229, 26.213051, 0.0)
(37.381798, 26.284651, 0.0)
(37.363319, 26.390047, 0.0)
(37.365822, 26.436703, 0.0)
(37.365376, 26.515671, 0.0)
(37.364952, 26.589350, 0.0)
(37.349102, 26.675060, 0.0)
(37.375652, 26.783373, 0.0)
(37.371380, 26.858063, 0.0)
(37.389702, 26.939037, 0.0)
(37.413296, 27.154808, 0.0)
(37.215492, 28.132854, 0.0)
(37.135567, 28.304905, 0.0)
(37.096294, 28.334587, 0.0)
(37.092388, 28.403954, 0.0)
(37.108315, 28.506456, 0.0)
(37.116062, 28.566944, 0.0)
(37.079300, 28.736284, 0.0)
(37.570873, 29.937738, 0.0)
(37.603672, 30.125208, 0.0)
(37.605373, 30.178289, 0.0)
(37.579960, 30.239281, 0.0)
(37.587669, 30.393162, 0.0)
(37.559956, 30.470541, 0.0)
(37.585564, 30.585346, 0.0)
(37.583019, 30.607885, 0.0)
(37.589691, 30.671097, 0.0)
(37.638672, 31.456738, 0.0)
(37.568531, 32.148514, 0.0)
(37.558575, 32.329315, 0.0)
(37.569809, 32.467766, 0.0)
(37.548851, 32.652382, 0.0)
(37.566544, 32.717190, 0.0)
(37.648582, 34.005562, 0.0)
(37.602581, 34.296566, 0.0)
(37.575073, 34.360600, 0.0)
(37.569122, 34.379112, 0.0)
(37.579021, 34.410507, 0.0)
(37.547737, 34.408447, 0.0)
(37.524063, 34.403706, 0.0)
(37.501373, 34.406429, 0.0)
(37.505318, 34.411346, 0.0)
(37.483425, 34.396877, 0.0)
(36.316189, 34.105633, 0.0)
(36.138210, 34.049053, 0.0)
(36.112278, 34.021217, 0.0)
(36.088417, 33.988346, 0.0)
(36.076378, 33.960674, 0.0)
(36.433956, 32.685493, 0.0)
(36.289684, 31.991484, 0.0)
(36.272072, 31.567265, 0.0)
(36.268154, 31.289125, 0.0)
(36.257702, 30.985392, 0.0)
(36.337543, 30.134604, 0.0)
(36.452854, 27.793434, 0.0)
(36.416515, 27.402018, 0.0)
(36.405594, 27.480696, 0.0)
(36.397129, 27.477425, 0.0)
(36.378448, 27.455929, 0.0)
(36.325809, 27.422682, 0.0)
(36.334053, 27.393524, 0.0)
(36.349045, 27.394554, 0.0)
(36.373108, 27.367125, 0.0)
(36.353531, 27.343988, 0.0)
(36.345509, 27.338352, 0.0)
(36.363335, 27.338902, 0.0)
(36.375973, 27.307915, 0.0)
(36.372837, 27.302973, 0.0)
(36.352455, 27.248966, 0.0)
(36.362320, 27.197561, 0.0)
(36.320728, 27.188131, 0.0)
(36.320538, 27.147758, 0.0)
(36.303135, 27.076046, 0.0)
(36.286388, 26.999166, 0.0)
(36.308578, 26.969315, 0.0)
(36.228493, 25.259020, 0.0)
(36.186699, 25.183777, 0.0)
(36.160141, 25.170874, 0.0)
(36.147755, 25.113344, 0.0)
(36.135647, 25.098974, 0.0)
(36.141556, 25.076014, 0.0)
(35.995968, 24.173889, 0.0)
(35.928616, 24.112892, 0.0)
(35.917084, 24.100752, 0.0)
(35.913918, 24.082628, 0.0)
(35.903770, 24.061539, 0.0)
(35.959293, 23.621044, 0.0)
(35.950783, 23.595430, 0.0)
(35.935261, 23.589539, 0.0)
(35.939510, 23.595339, 0.0)
(35.939373, 23.601627, 0.0)
(35.936371, 23.589016, 0.0)
(35.921478, 23.598688, 0.0)
(35.891380, 23.558226, 0.0)
(35.881584, 23.541655, 0.0)
(35.880188, 23.547474, 0.0)
(35.159111, 23.895178, 0.0)
(34.870541, 24.107403, 0.0)
(34.827599, 24.141438, 0.0)
(34.804836, 24.170630, 0.0)
(34.757561, 24.189859, 0.0)
(34.756233, 24.238022, 0.0)
(34.714512, 24.321280, 0.0)
(34.653458, 24.749603, 0.0)
(34.955593, 25.651043, 0.0)
(35.443035, 27.829641, 0.0)
(35.697514, 29.505049, 0.0)
(35.736111, 29.900572, 0.0)
(35.681435, 29.954569, 0.0)
(35.628120, 30.051380, 0.0)
(35.613625, 30.077988, 0.0)
(35.664379, 30.523458, 0.0)
(35.964169, 32.403419, 0.0)
(35.899986, 32.624329, 0.0)
(35.877018, 32.678833, 0.0)
(35.889324, 32.772739, 0.0)
(35.843048, 32.870647, 0.0)
(35.695538, 30.755608, 0.0)
(35.571705, 29.013500, 0.0)
(35.541473, 28.663206, 0.0)
(35.513355, 28.662357, 0.0)
(35.521389, 28.710844, 0.0)
(35.522957, 28.818037, 0.0)
(35.524639, 28.856009, 0.0)
(35.520008, 28.950016, 0.0)
(35.529205, 29.032829, 0.0)
(35.427788, 29.422441, 0.0)
(35.398170, 29.728470, 0.0)
(35.362000, 29.884323, 0.0)
(35.360352, 30.002220, 0.0)
(35.371105, 30.039425, 0.0)
(35.649288, 31.201069, 0.0)
(35.667549, 31.627596, 0.0)
(35.664249, 31.741051, 0.0)
(35.664833, 31.844236, 0.0)
(35.650837, 31.984173, 0.0)
(35.655334, 32.050243, 0.0)
(35.681458, 32.150520, 0.0)
(35.675983, 32.286503, 0.0)
(35.701157, 33.401691, 0.0)
(35.645420, 33.648525, 0.0)
(35.647320, 33.696869, 0.0)
(35.548264, 33.742928, 0.0)
(35.576435, 33.789524, 0.0)
(35.524559, 33.834385, 0.0)
(35.461025, 33.854202, 0.0)
(35.452286, 33.875023, 0.0)
(35.456776, 33.896194, 0.0)
(35.435066, 33.939831, 0.0)
(34.424606, 34.070827, 0.0)
(34.246914, 34.077728, 0.0)
(34.220921, 34.052856, 0.0)
(34.161133, 33.951962, 0.0)
(34.148258, 33.892475, 0.0)
(34.813713, 32.460892, 0.0)
(34.755451, 32.010315, 0.0)
(34.725674, 31.743269, 0.0)
(34.704033, 31.607943, 0.0)
(34.677135, 31.487795, 0.0)
(34.651489, 31.329967, 0.0)
(34.648834, 31.289211, 0.0)
(34.609016, 31.135231, 0.0)
(34.587429, 31.095512, 0.0)
(34.576649, 30.622797, 0.0)
(34.478359, 29.719088, 0.0)
(34.404377, 29.430851, 0.0)
(34.390110, 29.312603, 0.0)
(34.371822, 29.231590, 0.0)
(34.342358, 29.331484, 0.0)
(34.457291, 31.032478, 0.0)
(34.537369, 30.135988, 0.0)
(34.412285, 28.817478, 0.0)
(34.286987, 28.024111, 0.0)
(34.264156, 27.711496, 0.0)
(34.268963, 27.612976, 0.0)
(34.283852, 27.599346, 0.0)
(34.262913, 26.991564, 0.0)
(34.220676, 26.352760, 0.0)
(34.224770, 26.338461, 0.0)
(34.276798, 25.550985, 0.0)
(34.210487, 25.089951, 0.0)
(34.220219, 25.026646, 0.0)
(34.226418, 24.969158, 0.0)
(34.219654, 24.931868, 0.0)
(34.060448, 24.286154, 0.0)
(33.972797, 24.102945, 0.0)
(33.968945, 24.101208, 0.0)
(33.945938, 24.092722, 0.0)
(33.925579, 24.084135, 0.0)
(33.925812, 24.040703, 0.0)
(33.916637, 24.006117, 0.0)
(33.913982, 24.000746, 0.0)
(33.919689, 23.985149, 0.0)
(33.920536, 23.968666, 0.0)
(33.945972, 23.956797, 0.0)
(33.949921, 23.931568, 0.0)
(33.895020, 23.891373, 0.0)
(33.897640, 23.881907, 0.0)
(33.890148, 23.882404, 0.0)
(33.874916, 23.893202, 0.0)
(33.834267, 23.907265, 0.0)
(33.820293, 23.925859, 0.0)
(33.716900, 24.030523, 0.0)
(33.088558, 25.290806, 0.0)
(32.885197, 25.487089, 0.0)
(32.861591, 25.513248, 0.0)
(32.860325, 25.561737, 0.0)
(32.844460, 25.608358, 0.0)
(32.841087, 25.679150, 0.0)
(32.829418, 25.752657, 0.0)
(32.796299, 25.775999, 0.0)
(32.792690, 25.813251, 0.0)
(32.946793, 26.209467, 0.0)
(33.906109, 29.146338, 0.0)
(33.777016, 30.029736, 0.0)
(33.692421, 30.081005, 0.0)
(33.621391, 30.106483, 0.0)
(33.614582, 30.105658, 0.0)
(33.592670, 30.192799, 0.0)
(33.659027, 31.150024, 0.0)
(33.642979, 32.044979, 0.0)
(33.611626, 32.171749, 0.0)
(33.579334, 32.190559, 0.0)
(33.551144, 32.264469, 0.0)
(33.541111, 32.321507, 0.0)
(33.521080, 31.388641, 0.0)
(33.528877, 29.998457, 0.0)
(33.440571, 29.558676, 0.0)
(33.415173, 29.508961, 0.0)
(33.374039, 29.512255, 0.0)
(33.379547, 29.571344, 0.0)
(33.427021, 29.835640, 0.0)
(34.012650, 32.443253, 0.0)
(33.940346, 32.847385, 0.0)
(33.894295, 32.936333, 0.0)
(33.872536, 32.968479, 0.0)
(33.868687, 33.006992, 0.0)
(33.869564, 33.082241, 0.0)
(33.836205, 33.102398, 0.0)
(33.809219, 33.105778, 0.0)
(33.803947, 33.127460, 0.0)
(33.773277, 33.163174, 0.0)
(33.775051, 33.188416, 0.0)
(33.775097, 33.248009, 0.0)
(33.769161, 33.270245, 0.0)
(33.771790, 33.282455, 0.0)
(33.768257, 33.296906, 0.0)
(33.749039, 33.313686, 0.0)
(33.570034, 33.818256, 0.0)
(33.495411, 34.107010, 0.0)
(33.450325, 34.130653, 0.0)
(33.448856, 34.170536, 0.0)
(33.432625, 34.184528, 0.0)
(33.279743, 34.253410, 0.0)
(32.560493, 34.470734, 0.0)
(32.387775, 34.475704, 0.0)
(32.321781, 34.425617, 0.0)
(32.307934, 34.403847, 0.0)
(32.274258, 34.321793, 0.0)
(32.555595, 32.588314, 0.0)
(32.419720, 32.187752, 0.0)
(32.347233, 31.929358, 0.0)
(32.270576, 31.670099, 0.0)
(32.231873, 31.444641, 0.0)
(32.243248, 31.253061, 0.0)
(32.270397, 31.145351, 0.0)
(32.301338, 31.033768, 0.0)
(32.304783, 30.892929, 0.0)
(32.334663, 30.428865, 0.0)
(32.421967, 29.188141, 0.0)
(32.346909, 28.898836, 0.0)
(32.338600, 28.875204, 0.0)
(32.364830, 28.849554, 0.0)
(32.348759, 28.794756, 0.0)
(32.340328, 28.448973, 0.0)
(32.183273, 26.108517, 0.0)
(32.221405, 24.778244, 0.0)
(32.191788, 24.758871, 0.0)
(32.132919, 24.794743, 0.0)
(32.067726, 24.786715, 0.0)
(32.040958, 24.751656, 0.0)
(32.030499, 24.753901, 0.0)
(32.006435, 24.771824, 0.0)
(31.994539, 24.769344, 0.0)
(31.990629, 24.764555, 0.0)
(32.026833, 24.172594, 0.0)
(31.983446, 23.760551, 0.0)
(31.945234, 23.762051, 0.0)
(31.915695, 23.736332, 0.0)
(31.850559, 23.679443, 0.0)
(31.828564, 23.667253, 0.0)
(31.821346, 23.698963, 0.0)
(31.798960, 23.703474, 0.0)
(31.818663, 23.730391, 0.0)
(31.827482, 23.730694, 0.0)
(31.825325, 23.714941, 0.0)
(31.829767, 23.699907, 0.0)
(31.821558, 23.774118, 0.0)
(31.688993, 24.224184, 0.0)
(31.674803, 24.234198, 0.0)
(31.674549, 24.207458, 0.0)
(31.674549, 24.207458, 0.0)
(31.678493, 24.204350, 0.0)
(31.674984, 24.224901, 0.0)
(31.676388, 24.244986, 0.0)
(31.663151, 24.271418, 0.0)
(31.641619, 24.275991, 0.0)
(31.599802, 24.284586, 0.0)
(31.570715, 24.273632, 0.0)
(31.511999, 24.307226, 0.0)
(31.394352, 24.534740, 0.0)
(31.137699, 25.522573, 0.0)
(30.970768, 25.720879, 0.0)
(30.971951, 25.788286, 0.0)
(30.968380, 25.838812, 0.0)
(30.943207, 25.925766, 0.0)
(30.960258, 26.003300, 0.0)
(30.970076, 26.023233, 0.0)
(30.958141, 26.079504, 0.0)
(30.965071, 26.145170, 0.0)
(31.000074, 26.216185, 0.0)
(31.244602, 26.704914, 0.0)
(31.574255, 28.062292, 0.0)
(31.542881, 28.331118, 0.0)
(31.497936, 28.441244, 0.0)
(31.485670, 28.574421, 0.0)
(31.556835, 29.159595, 0.0)
(32.103672, 32.148884, 0.0)
(31.988953, 33.161369, 0.0)
(31.815529, 33.355679, 0.0)
(31.748158, 33.416142, 0.0)
(31.706520, 33.513863, 0.0)
(31.688807, 33.634995, 0.0)
(31.721464, 34.168736, 0.0)
(31.713072, 34.319553, 0.0)
(31.693308, 34.360161, 0.0)
(31.675877, 34.414116, 0.0)
(31.649307, 34.451885, 0.0)
(31.649307, 34.446316, 0.0)
(31.734192, 34.542221, 0.0)
(31.723520, 34.540619, 0.0)
(31.722403, 34.543095, 0.0)
(31.706753, 34.569607, 0.0)
(31.697786, 34.609608, 0.0)
(31.697813, 34.592033, 0.0)
(31.650610, 34.752377, 0.0)
(31.626242, 34.752235, 0.0)
(31.615829, 34.734741, 0.0)
(31.590506, 34.711651, 0.0)
(31.605774, 34.748386, 0.0)
(31.560085, 34.777328, 0.0)
(31.546898, 34.779301, 0.0)
(31.503531, 34.766624, 0.0)
(31.484423, 34.769230, 0.0)
(31.478909, 34.775803, 0.0)
(31.466742, 34.825367, 0.0)
(31.439426, 34.827400, 0.0)
(31.427597, 34.823273, 0.0)
(31.412893, 34.795326, 0.0)
(31.402832, 34.780437, 0.0)
(31.407074, 34.761864, 0.0)
(31.402740, 34.785568, 0.0)
(31.391985, 34.796417, 0.0)
(31.396782, 34.794708, 0.0)
(31.392832, 34.823856, 0.0)
(31.368940, 34.803440, 0.0)
(31.349735, 34.770336, 0.0)
(31.316502, 34.764862, 0.0)
(30.756758, 33.561768, 0.0)
(30.152395, 32.651585, 0.0)
(29.955551, 32.116577, 0.0)
(29.886583, 31.781834, 0.0)
(29.843014, 31.499622, 0.0)
(29.771973, 31.288416, 0.0)
(29.846956, 30.905323, 0.0)
(30.242531, 29.976395, 0.0)
(30.250454, 29.576284, 0.0)
(30.238478, 29.380478, 0.0)
(30.263416, 29.207626, 0.0)
(30.257889, 29.111895, 0.0)
(30.261684, 29.016872, 0.0)
(30.281513, 28.947382, 0.0)
(30.329126, 28.924334, 0.0)
(30.345442, 28.497066, 0.0)
(30.410284, 27.547197, 0.0)
(30.393341, 27.491241, 0.0)
(30.364187, 27.432911, 0.0)
(30.344387, 27.411678, 0.0)
(30.310127, 26.801456, 0.0)
(30.311953, 26.342836, 0.0)
(30.295340, 26.263439, 0.0)
(30.257099, 26.239006, 0.0)
(30.207203, 26.213491, 0.0)
(30.179546, 26.136866, 0.0)
(30.310209, 25.168888, 0.0)
(30.262804, 25.047892, 0.0)
(30.182579, 25.047905, 0.0)
(30.149227, 25.011208, 0.0)
(30.118620, 24.963064, 0.0)
(30.033676, 24.979263, 0.0)
(30.027834, 24.983393, 0.0)
(30.012295, 24.987057, 0.0)
(29.993099, 24.989481, 0.0)
(29.977310, 25.005169, 0.0)
(29.961367, 24.952353, 0.0)
(29.948727, 24.887844, 0.0)
(30.276562, 24.634459, 0.0)
(30.318750, 24.587137, 0.0)
(30.295122, 24.591793, 0.0)
(30.282553, 24.576565, 0.0)
(30.284119, 24.581356, 0.0)
(30.279802, 24.580914, 0.0)
(30.259212, 24.591078, 0.0)
(30.169123, 24.623888, 0.0)
(29.186136, 24.944040, 0.0)
(29.023983, 24.962685, 0.0)
(28.992018, 24.981459, 0.0)
(28.984255, 25.000256, 0.0)
(28.981655, 25.083122, 0.0)
(28.976370, 25.173540, 0.0)
(28.989687, 25.424051, 0.0)
(29.167593, 26.914959, 0.0)
(29.021761, 27.818884, 0.0)
(28.847244, 28.781578, 0.0)
(29.141382, 29.816912, 0.0)
(29.344875, 31.024899, 0.0)
(29.542997, 32.133434, 0.0)
(29.535208, 32.397572, 0.0)
(29.506283, 32.454620, 0.0)
(29.499792, 32.544914, 0.0)
(29.521093, 32.602489, 0.0)
(29.808329, 33.728958, 0.0)
(29.798664, 33.971230, 0.0)
(29.726187, 33.984592, 0.0)
(29.715788, 34.051147, 0.0)
(29.693462, 34.559837, 0.0)
(29.653675, 34.644733, 0.0)
(29.635452, 34.687180, 0.0)
(29.640446, 34.758091, 0.0)
(29.608046, 34.831192, 0.0)
(29.594740, 34.857414, 0.0)
(29.575569, 34.866692, 0.0)
(29.568220, 34.874771, 0.0)
(29.572157, 33.942966, 0.0)
(29.496895, 32.158405, 0.0)
(29.240231, 31.703720, 0.0)
(29.176353, 31.512182, 0.0)
(29.151562, 31.426941, 0.0)
(29.125990, 31.444033, 0.0)
(29.156107, 31.545471, 0.0)
(29.687714, 33.925770, 0.0)
(29.737106, 34.465191, 0.0)
(29.693466, 34.546387, 0.0)
(29.647772, 34.613628, 0.0)
(29.603752, 34.664963, 0.0)
(29.598152, 34.675365, 0.0)
(29.586075, 34.731529, 0.0)
(29.532326, 35.087818, 0.0)
(29.503586, 35.150028, 0.0)
(29.491503, 35.166016, 0.0)
(29.474459, 35.176754, 0.0)
(29.460913, 35.135014, 0.0)
(29.430731, 35.135532, 0.0)
(29.427925, 35.179825, 0.0)
(29.426018, 35.197289, 0.0)
(29.407076, 34.516678, 0.0)
(29.217506, 32.539028, 0.0)
(29.051920, 32.120247, 0.0)
(28.972755, 31.833214, 0.0)
(28.920774, 31.586447, 0.0)
(28.851767, 31.397005, 0.0)
(28.817322, 31.355963, 0.0)
(28.793673, 31.335094, 0.0)
(28.805719, 31.285421, 0.0)
(28.798632, 31.248665, 0.0)
(28.803829, 31.156570, 0.0)
(28.766979, 30.924032, 0.0)
(28.521452, 29.324665, 0.0)
(28.658976, 27.297359, 0.0)
(28.586889, 26.845827, 0.0)
(28.517708, 26.826456, 0.0)
(28.479206, 26.797003, 0.0)
(28.439501, 26.788185, 0.0)
(28.408524, 26.793955, 0.0)
(28.365427, 27.051798, 0.0)
(28.423893, 27.904697, 0.0)
(28.408043, 27.909018, 0.0)
(28.353228, 27.811306, 0.0)
(28.345707, 27.779055, 0.0)
(28.332375, 27.769392, 0.0)
(28.560425, 26.484184, 0.0)
(28.726988, 25.342878, 0.0)
(28.693417, 25.269657, 0.0)
(28.615269, 25.285913, 0.0)
(28.598637, 25.279800, 0.0)
(28.577288, 25.275904, 0.0)
(28.552042, 25.281851, 0.0)
(28.513889, 25.258547, 0.0)
(28.535183, 25.261950, 0.0)
(28.532417, 25.225780, 0.0)
(28.164913, 25.772188, 0.0)
(28.102160, 25.826668, 0.0)
(28.102160, 25.826668, 0.0)
(28.089867, 25.807119, 0.0)
(28.072598, 25.777311, 0.0)
(28.081152, 25.738764, 0.0)
(28.084778, 25.690582, 0.0)
(28.092524, 25.612125, 0.0)
(28.562979, 24.706537, 0.0)
(28.552692, 24.628525, 0.0)
(28.534483, 24.640131, 0.0)
(28.528437, 24.611464, 0.0)
(28.480989, 24.600216, 0.0)
(28.487532, 24.585934, 0.0)
(28.465481, 24.586451, 0.0)
(28.455343, 24.612223, 0.0)
(28.432358, 24.621778, 0.0)
(28.408079, 24.635822, 0.0)
(27.585180, 25.274584, 0.0)
(27.489651, 25.406126, 0.0)
(27.469843, 25.401686, 0.0)
(27.418585, 25.422733, 0.0)
(27.414368, 25.456703, 0.0)
(27.420813, 25.472980, 0.0)
(27.636726, 26.013657, 0.0)
(27.768822, 28.052294, 0.0)
(28.060249, 29.629839, 0.0)
(28.004730, 29.889603, 0.0)
(27.925678, 29.971748, 0.0)
(27.907070, 30.053024, 0.0)
(27.890717, 30.117550, 0.0)
(27.891760, 30.122377, 0.0)
(27.902670, 30.143072, 0.0)
(27.660351, 29.783298, 0.0)
(27.431742, 28.423384, 0.0)
(27.394220, 28.492476, 0.0)
(27.361628, 28.650267, 0.0)
(27.324137, 28.739525, 0.0)
(27.305443, 28.864298, 0.0)
(27.303492, 28.941912, 0.0)
(27.295479, 28.969694, 0.0)
(27.279821, 29.007185, 0.0)
(27.288633, 29.055948, 0.0)
(27.403601, 29.256821, 0.0)
(27.930870, 29.890020, 0.0)
(27.945913, 29.956017, 0.0)
(27.933910, 29.995604, 0.0)
(27.937624, 30.025808, 0.0)
(27.920385, 30.143925, 0.0)
(27.817274, 30.866699, 0.0)
(27.760317, 31.004112, 0.0)
(27.761175, 31.028940, 0.0)
(27.744261, 31.044363, 0.0)
(27.745192, 31.092918, 0.0)
(27.732054, 31.127949, 0.0)
(27.758404, 31.146124, 0.0)
(27.836567, 31.272242, 0.0)
(27.868496, 31.567863, 0.0)
(27.929195, 32.311367, 0.0)
(27.899202, 32.337536, 0.0)
(27.828421, 32.342518, 0.0)
(27.761576, 32.374195, 0.0)
(27.747402, 32.372040, 0.0)
(27.704941, 32.376087, 0.0)
(27.658197, 32.380043, 0.0)
(27.639765, 32.367039, 0.0)
(27.619400, 32.383183, 0.0)
(27.605556, 32.389439, 0.0)
(27.602255, 32.387463, 0.0)
(27.592773, 32.386639, 0.0)
(27.574488, 32.374348, 0.0)
(27.551790, 32.323467, 0.0)
(27.547544, 32.313179, 0.0)
(27.550467, 32.278996, 0.0)
(27.540535, 32.264431, 0.0)
(27.525072, 32.198456, 0.0)
(27.308685, 32.138443, 0.0)
(27.237728, 32.117817, 0.0)
(27.260059, 32.062901, 0.0)
(27.247038, 31.968891, 0.0)
(27.206924, 31.910572, 0.0)
(27.184080, 31.862226, 0.0)
(27.193993, 31.829325, 0.0)
(27.088123, 31.197910, 0.0)
(27.038176, 30.406252, 0.0)
(27.022551, 30.294317, 0.0)
(26.955648, 30.239130, 0.0)
(26.909643, 30.199514, 0.0)
(26.866322, 30.115303, 0.0)
(26.848223, 29.738218, 0.0)
(26.794384, 29.815872, 0.0)
(26.940943, 28.969954, 0.0)
(26.904177, 28.493521, 0.0)
(26.904959, 28.518137, 0.0)
(26.903395, 28.485548, 0.0)
(26.911852, 28.405806, 0.0)
(26.921207, 28.368454, 0.0)
(26.927385, 28.328489, 0.0)
(26.931688, 28.303926, 0.0)
(26.946527, 28.225412, 0.0)
(26.937460, 28.121815, 0.0)
(26.933918, 28.062550, 0.0)
(26.929909, 27.434839, 0.0)
(26.909365, 27.029505, 0.0)
(26.877197, 26.979443, 0.0)
(26.874605, 26.953140, 0.0)
(26.860638, 26.937840, 0.0)
(26.866358, 26.590528, 0.0)
(26.922390, 26.257652, 0.0)
(26.893364, 26.185427, 0.0)
(26.873617, 26.183855, 0.0)
(26.869411, 26.183617, 0.0)
(26.866474, 26.155769, 0.0)
(26.842878, 26.142929, 0.0)
(26.907713, 25.593575, 0.0)
(26.900082, 25.540987, 0.0)
(26.884613, 25.538767, 0.0)
(26.858366, 25.522114, 0.0)
(26.856924, 25.437012, 0.0)
(26.880680, 25.393684, 0.0)
(26.867369, 25.368599, 0.0)
(26.905884, 25.361994, 0.0)
(26.897049, 25.375679, 0.0)
(26.842421, 25.406713, 0.0)
(26.803761, 25.450596, 0.0)
(26.775438, 25.502045, 0.0)
(26.735350, 27.267359, 0.0)
(26.414993, 28.822004, 0.0)
(26.298149, 29.019375, 0.0)
(26.224852, 29.084751, 0.0)
(26.196430, 29.112858, 0.0)
(26.184584, 29.135729, 0.0)
(26.179968, 29.151241, 0.0)
(26.180895, 29.156425, 0.0)
(26.166096, 29.197044, 0.0)
(26.139860, 29.222366, 0.0)
(26.092234, 29.240803, 0.0)
(26.005991, 29.185631, 0.0)
(26.195503, 30.791796, 0.0)
(0.000000, 0.000000, 1.0)
(26.116859, 30.607645, 0.0)
(26.074245, 29.628035, 0.0)
(26.005070, 29.482416, 0.0)
(26.033388, 29.607986, 0.0)
(26.097294, 29.646135, 0.0)
(25.997103, 29.901928, 0.0)
(26.377455, 30.831089, 0.0)
(26.266607, 30.161568, 0.0)
(26.243343, 30.067146, 0.0)
(26.233053, 30.153694, 0.0)
(26.281458, 30.201775, 0.0)
(26.206545, 30.598793, 0.0)
(26.142416, 31.190022, 0.0)
(26.783337, 34.682228, 0.0)
(26.853197, 34.231190, 0.0)
(26.903875, 34.106361, 0.0)
(26.841715, 34.001980, 0.0)
(26.781748, 33.894779, 0.0)
(26.756107, 33.860451, 0.0)
(26.731613, 33.857990, 0.0)
(26.763876, 33.901920, 0.0)
(26.994129, 34.800079, 0.0)
(27.017946, 35.017944, 0.0)
(27.019527, 35.039669, 0.0)
(27.021486, 35.039436, 0.0)
(27.022161, 35.027962, 0.0)
(27.035755, 35.073856, 0.0)
(27.043190, 35.112877, 0.0)
(27.046537, 35.129421, 0.0)
(27.028345, 35.156357, 0.0)
(27.046591, 35.220806, 0.0)
(27.043518, 35.216270, 0.0)
(27.037691, 35.250381, 0.0)
(27.057463, 35.232578, 0.0)
(27.050282, 35.175385, 0.0)
(27.047733, 35.147434, 0.0)
(27.035614, 35.149830, 0.0)
(26.844925, 35.297367, 0.0)
(26.841301, 35.324348, 0.0)
(26.831945, 35.276630, 0.0)
(26.826706, 35.239597, 0.0)
(26.829592, 35.210625, 0.0)
(26.831940, 35.213402, 0.0)
(26.851637, 35.258507, 0.0)
(26.848688, 35.260647, 0.0)
(26.854416, 35.252235, 0.0)
(26.892096, 35.269825, 0.0)
(27.980518, 34.273933, 0.0)
(28.832273, 34.020729, 0.0)
(29.024441, 34.007996, 0.0)
(29.049990, 33.910206, 0.0)
(28.988562, 33.756405, 0.0)
(28.005369, 34.508408, 0.0)
(27.166088, 35.155617, 0.0)
(27.027670, 35.117340, 0.0)
(27.006599, 35.010483, 0.0)
(26.983816, 34.970398, 0.0)
(26.966497, 34.985352, 0.0)
(26.859585, 35.344692, 0.0)
(26.850138, 35.397198, 0.0)
(26.849445, 35.346935, 0.0)
(26.840572, 35.365562, 0.0)
(26.840094, 35.387402, 0.0)
(26.867052, 35.357040, 0.0)
(26.876577, 35.368916, 0.0)
(26.859104, 35.381203, 0.0)
(27.099417, 35.314396, 0.0)
(28.905621, 34.142250, 0.0)
(30.963345, 33.201607, 0.0)
(32.463291, 33.062832, 0.0)
