(36.202236, 28.770285, 0.0)
(36.201290, 28.764156, 0.0)
(36.305641, 28.808624, 0.0)
(36.315720, 28.831085, 0.0)
(36.300781, 28.853903, 0.0)
(36.299297, 28.801434, 0.0)
(36.282379, 28.775959, 0.0)
(36.256508, 28.783373, 0.0)
(36.276241, 28.768690, 0.0)
(36.272427, 28.766581, 0.0)
(36.262436, 28.772329, 0.0)
(36.269928, 28.768158, 0.0)
(36.254875, 28.745539, 0.0)
(36.266262, 28.769672, 0.0)
(36.270145, 28.766338, 0.0)
(36.247311, 28.823542, 0.0)
(36.235245, 28.841885, 0.0)
(36.235012, 28.836683, 0.0)
(36.241615, 28.838938, 0.0)
(36.252586, 28.839252, 0.0)
(36.257542, 28.834789, 0.0)
(36.254581, 28.848375, 0.0)
(36.251118, 28.847122, 0.0)
(36.250862, 28.857084, 0.0)
(36.254581, 28.848375, 0.0)
(36.245396, 28.839979, 0.0)
(36.355183, 28.862848, 0.0)
(36.361645, 28.836189, 0.0)
(36.368935, 28.837395, 0.0)
(36.342876, 28.860062, 0.0)
(36.372154, 28.856300, 0.0)
(36.357098, 28.867552, 0.0)
(36.346573, 28.863855, 0.0)
(36.359608, 28.805616, 0.0)
(36.337410, 28.795992, 0.0)
(36.262043, 28.799007, 0.0)
(36.255333, 28.803318, 0.0)
(36.267441, 28.831921, 0.0)
(36.266235, 28.868963, 0.0)
(36.273129, 28.886219, 0.0)
(36.268734, 28.865421, 0.0)
(36.266270, 28.869148, 0.0)
(36.285793, 28.860617, 0.0)
(36.308842, 28.930634, 0.0)
(36.282833, 28.919521, 0.0)
(36.287849, 28.898394, 0.0)
(36.283840, 28.890814, 0.0)
(36.283840, 28.890814, 0.0)
(36.285419, 28.895727, 0.0)
(36.540245, 28.876028, 0.0)
(36.517632, 28.888954, 0.0)
(36.492413, 28.875450, 0.0)
(36.490829, 28.866167, 0.0)
(36.517632, 28.888954, 0.0)
(36.503204, 28.900528, 0.0)
(36.508446, 28.923592, 0.0)
(36.506519, 28.962948, 0.0)
(36.510006, 28.982271, 0.0)
(36.437988, 29.118490, 0.0)
(36.425980, 29.130215, 0.0)
(36.449684, 29.132219, 0.0)
(36.436630, 29.152309, 0.0)
(36.449493, 29.187782, 0.0)
(36.443878, 29.171377, 0.0)
(36.434162, 29.173016, 0.0)
(36.408752, 29.176855, 0.0)
(36.444984, 29.187225, 0.0)
(36.583679, 29.194633, 0.0)
(36.563442, 29.193481, 0.0)
(36.550125, 29.148476, 0.0)
(36.547321, 29.094433, 0.0)
(36.520267, 29.000141, 0.0)
(36.494015, 28.974503, 0.0)
(36.493111, 28.982679, 0.0)
(36.461384, 28.977468, 0.0)
(36.462730, 28.937653, 0.0)
(36.460064, 28.879578, 0.0)
(36.479145, 28.844181, 0.0)
(36.467468, 28.811499, 0.0)
(36.455769, 28.710646, 0.0)
(36.352039, 28.847548, 0.0)
(36.330296, 28.878244, 0.0)
(36.334564, 28.788984, 0.0)
(36.303082, 28.784964, 0.0)
(36.317829, 28.749992, 0.0)
(36.326839, 28.742535, 0.0)
(36.330502, 28.728027, 0.0)
(36.335480, 28.713272, 0.0)
(36.306999, 28.690598, 0.0)
(36.295048, 28.658365, 0.0)
(36.443481, 28.644873, 0.0)
(36.422462, 28.657467, 0.0)
(36.407951, 28.654583, 0.0)
(36.407951, 28.654583, 0.0)
(36.400928, 28.649294, 0.0)
(36.404327, 28.646101, 0.0)
(36.405052, 28.613106, 0.0)
(36.393295, 28.633980, 0.0)
(36.385357, 28.638769, 0.0)
(36.381428, 28.618645, 0.0)
(36.378567, 28.601372, 0.0)
(36.376534, 28.596426, 0.0)
(36.376534, 28.596426, 0.0)
(36.372375, 28.594332, 0.0)
(36.372375, 28.594332, 0.0)
(36.376534, 28.596426, 0.0)
(36.366116, 28.585226, 0.0)
(36.361439, 28.570639, 0.0)
(36.374443, 28.534847, 0.0)
(36.376205, 28.524208, 0.0)
(36.374443, 28.534847, 0.0)
(36.365631, 28.635620, 0.0)
(36.375870, 28.646624, 0.0)
(36.369350, 28.638554, 0.0)
(36.366268, 28.612755, 0.0)
(36.369904, 28.595221, 0.0)
(36.370995, 28.558413, 0.0)
(36.320709, 28.599058, 0.0)
(36.512512, 29.932482, 0.0)
(36.260899, 29.053862, 0.0)
(36.234089, 28.609364, 0.0)
(36.200325, 28.502066, 0.0)
(36.236481, 28.598248, 0.0)
(36.253765, 28.650101, 0.0)
(36.267307, 28.696436, 0.0)
(36.284233, 28.700720, 0.0)
(36.286636, 28.741951, 0.0)
(36.391125, 28.668816, 0.0)
(36.392513, 28.736263, 0.0)
(36.374428, 28.747829, 0.0)
(36.390675, 28.727800, 0.0)
(36.383957, 28.707262, 0.0)
(36.372234, 28.624290, 0.0)
(36.390862, 28.588173, 0.0)
(36.399990, 28.636183, 0.0)
(36.420506, 28.612816, 0.0)
(36.420231, 28.582859, 0.0)
(36.432999, 28.573893, 0.0)
(36.411472, 28.565567, 0.0)
(36.395027, 28.507277, 0.0)
(36.476086, 28.573519, 0.0)
(36.448303, 28.668303, 0.0)
(36.436092, 28.682625, 0.0)
(36.436092, 28.682625, 0.0)
(36.409950, 28.635269, 0.0)
(36.425968, 28.580936, 0.0)
(36.406929, 28.552471, 0.0)
(36.401695, 28.561127, 0.0)
(36.397438, 28.571199, 0.0)
(36.396950, 28.655567, 0.0)
(36.408913, 28.671268, 0.0)
(36.416630, 28.668085, 0.0)
(36.408855, 28.662912, 0.0)
(36.398914, 28.641727, 0.0)
(36.398914, 28.641727, 0.0)
(36.384510, 28.658798, 0.0)
(36.378811, 28.649527, 0.0)
(36.360077, 28.663847, 0.0)
(36.340595, 28.729670, 0.0)
(36.348022, 28.754845, 0.0)
(36.349194, 28.775148, 0.0)
(36.345200, 28.773304, 0.0)
(36.333191, 28.734463, 0.0)
(36.323734, 28.703007, 0.0)
(36.322823, 28.659397, 0.0)
(36.306847, 28.652386, 0.0)
(36.334244, 28.625132, 0.0)
(36.354664, 28.643642, 0.0)
(36.343571, 28.645859, 0.0)
(36.339161, 28.621264, 0.0)
(36.325569, 28.596367, 0.0)
(36.332558, 28.585545, 0.0)
(36.340202, 28.567152, 0.0)
(36.341068, 28.586039, 0.0)
(36.330864, 28.576653, 0.0)
(36.330204, 28.565977, 0.0)
(36.301975, 28.552671, 0.0)
(36.301830, 28.549135, 0.0)
(36.301830, 28.549135, 0.0)
(36.315895, 28.556210, 0.0)
(36.309143, 28.541559, 0.0)
(36.334297, 28.536982, 0.0)
(37.325130, 29.153919, 0.0)
(42.176472, 32.252674, 0.0)
(44.878250, 34.025482, 0.0)
(45.202641, 34.276047, 0.0)
(45.193138, 34.290600, 0.0)
(45.207081, 34.322178, 0.0)
(45.217445, 34.307987, 0.0)
(45.202919, 34.315876, 0.0)
(45.155075, 34.308327, 0.0)
(45.151237, 34.307232, 0.0)
(45.143280, 34.292850, 0.0)
(45.150860, 34.271767, 0.0)
(45.755329, 34.494831, 0.0)
(45.820797, 34.533817, 0.0)
(45.811428, 34.514320, 0.0)
(45.834927, 34.519043, 0.0)
(45.794201, 34.505386, 0.0)
(45.783512, 34.472931, 0.0)
(45.781822, 34.445847, 0.0)
(45.757504, 34.425251, 0.0)
(45.875858, 34.469090, 0.0)
(45.903088, 34.495686, 0.0)
(45.874725, 34.581345, 0.0)
(45.872456, 34.595440, 0.0)
(45.859241, 34.575069, 0.0)
(45.861908, 34.570827, 0.0)
(45.853840, 34.594978, 0.0)
(45.853840, 34.594978, 0.0)
(45.942928, 34.690590, 0.0)
(46.000736, 34.669983, 0.0)
(46.016918, 34.654869, 0.0)
(45.965912, 34.665524, 0.0)
(45.972775, 34.696430, 0.0)
(45.976383, 34.685600, 0.0)
(45.938187, 34.695042, 0.0)
(45.964718, 34.698616, 0.0)
(45.956367, 34.657932, 0.0)
(44.752491, 34.235497, 0.0)
(40.479465, 33.567230, 0.0)
(38.940960, 33.512814, 0.0)
(38.763424, 33.457645, 0.0)
(38.827824, 33.425919, 0.0)
(38.771313, 33.405083, 0.0)
(36.902905, 33.717537, 0.0)
(32.323532, 34.066795, 0.0)
(29.575621, 35.095531, 0.0)
(29.458420, 35.146629, 0.0)
(29.392359, 35.129368, 0.0)
(29.351562, 35.116077, 0.0)
(29.340942, 35.131371, 0.0)
(29.328747, 35.168060, 0.0)
(29.797377, 34.876442, 0.0)
(35.417171, 32.902866, 0.0)
(37.759998, 32.378372, 0.0)
(37.822311, 32.234058, 0.0)
(37.836563, 32.162163, 0.0)
(37.847370, 32.118198, 0.0)
(37.858688, 32.139729, 0.0)
(38.670238, 30.829643, 0.0)
(38.876110, 30.338369, 0.0)
(38.858627, 30.314198, 0.0)
(38.841469, 30.310423, 0.0)
(38.841255, 30.287254, 0.0)
(38.816799, 30.284214, 0.0)
(38.809875, 30.273491, 0.0)
(38.771454, 29.968142, 0.0)
(38.708115, 27.317026, 0.0)
(38.662273, 27.295155, 0.0)
(38.661934, 27.343590, 0.0)
(38.651196, 27.323433, 0.0)
(38.659492, 27.325211, 0.0)
(38.660023, 27.300409, 0.0)
(38.659222, 27.253901, 0.0)
(38.664532, 27.251385, 0.0)
(38.661091, 27.224474, 0.0)
(36.355206, 28.683348, 0.0)
(32.384495, 32.396664, 0.0)
(29.652380, 35.106510, 0.0)
(28.284182, 36.825569, 0.0)
(27.969030, 36.874397, 0.0)
(27.905666, 36.789829, 0.0)
(27.874195, 36.798122, 0.0)
(27.859987, 36.825642, 0.0)
(27.735189, 36.847599, 0.0)
(27.620823, 36.810848, 0.0)
(27.600494, 36.802547, 0.0)
(27.597128, 36.810173, 0.0)
(27.577393, 36.809914, 0.0)
(27.573610, 36.803093, 0.0)
(27.572695, 36.788368, 0.0)
(27.546608, 36.766403, 0.0)
(27.536741, 36.767593, 0.0)
(27.288710, 36.757198, 0.0)
(27.251869, 36.752884, 0.0)
(27.255100, 36.749657, 0.0)
(27.256195, 36.732704, 0.0)
(27.260857, 36.725006, 0.0)
(27.267822, 36.721546, 0.0)
(27.255924, 36.686279, 0.0)
(27.255573, 36.691723, 0.0)
(27.264902, 36.702225, 0.0)
(27.267076, 36.713070, 0.0)
(27.268181, 36.684078, 0.0)
(27.272097, 36.670494, 0.0)
(27.272022, 36.620739, 0.0)
(27.273615, 36.662693, 0.0)
(27.368881, 36.846043, 0.0)
(27.374123, 36.873775, 0.0)
(27.379726, 36.870861, 0.0)
(27.408178, 36.874268, 0.0)
(27.417738, 36.859077, 0.0)
(27.443563, 36.855015, 0.0)
(27.702188, 36.410080, 0.0)
(32.159943, 32.255844, 0.0)
(35.755287, 30.267672, 0.0)
(35.822044, 30.163658, 0.0)
(35.805119, 30.158455, 0.0)
(35.802727, 30.145618, 0.0)
(38.061581, 28.177599, 0.0)
(39.631783, 27.502893, 0.0)
(39.704792, 27.432974, 0.0)
(39.668644, 27.428223, 0.0)
(39.685013, 27.380852, 0.0)
(39.688816, 27.331202, 0.0)
(39.692909, 27.329971, 0.0)
(39.671001, 27.315020, 0.0)
(39.673286, 27.324280, 0.0)
(39.669094, 27.333067, 0.0)
(39.660862, 27.343025, 0.0)
(39.653660, 27.297478, 0.0)
(39.667110, 27.256805, 0.0)
(39.667919, 27.209196, 0.0)
(39.667919, 27.209196, 0.0)
(39.659752, 27.255836, 0.0)
(38.229412, 27.445223, 0.0)
(36.632938, 27.956682, 0.0)
(36.478550, 27.961470, 0.0)
(36.479530, 27.906418, 0.0)
(36.477341, 27.887848, 0.0)
(36.470364, 27.868313, 0.0)
(36.467827, 27.870687, 0.0)
(36.449852, 27.886641, 0.0)
(36.445461, 27.857420, 0.0)
(36.430180, 27.851110, 0.0)
(36.403370, 27.837187, 0.0)
(36.413483, 27.822046, 0.0)
(36.411232, 27.823765, 0.0)
(36.414715, 27.833488, 0.0)
(36.523849, 28.963236, 0.0)
(36.416336, 29.046478, 0.0)
(36.356823, 28.963665, 0.0)
(36.333366, 28.971952, 0.0)
(36.326916, 29.004805, 0.0)
(36.321884, 29.023600, 0.0)
(36.300274, 29.027945, 0.0)
(36.299778, 29.029482, 0.0)
(36.307716, 29.028643, 0.0)
(36.373611, 28.829483, 0.0)
(36.364388, 28.798281, 0.0)
(36.366516, 28.794792, 0.0)
(36.366741, 28.777176, 0.0)
(36.357601, 28.785479, 0.0)
(36.346291, 28.763428, 0.0)
(36.332996, 28.741409, 0.0)
(36.321671, 28.710392, 0.0)
(36.300713, 28.663799, 0.0)
(36.312023, 28.684494, 0.0)
(36.335556, 28.729919, 0.0)
(36.342800, 28.816227, 0.0)
(36.334377, 28.801365, 0.0)
(36.330513, 28.796270, 0.0)
(36.315071, 28.782299, 0.0)
(36.314499, 28.768900, 0.0)
(36.320168, 28.816345, 0.0)
(36.332256, 28.839411, 0.0)
(36.338673, 28.829334, 0.0)
(36.362652, 28.850689, 0.0)
(36.354118, 28.858593, 0.0)
(36.349087, 28.860348, 0.0)
(36.344425, 28.872379, 0.0)
(36.350185, 28.879601, 0.0)
(36.377808, 28.885994, 0.0)
(36.351662, 28.914055, 0.0)
(36.362476, 28.891666, 0.0)
(36.354347, 28.880758, 0.0)
(36.355972, 28.874039, 0.0)
(35.289318, 29.729338, 0.0)
(31.415024, 32.980724, 0.0)
(29.085344, 35.524586, 0.0)
(28.366228, 36.335751, 0.0)
(28.186127, 36.398155, 0.0)
(28.094475, 36.348820, 0.0)
(28.067785, 36.312195, 0.0)
(28.866003, 36.343857, 0.0)
(28.976477, 36.397789, 0.0)
(28.957363, 36.451485, 0.0)
(28.941498, 36.490974, 0.0)
(28.951820, 36.460499, 0.0)
(28.938814, 36.408657, 0.0)
(28.939415, 36.331924, 0.0)
(30.654966, 36.551228, 0.0)
(32.095425, 36.484333, 0.0)
(32.190689, 36.486965, 0.0)
(32.186924, 36.397545, 0.0)
(32.236340, 36.322483, 0.0)
(32.330429, 36.267044, 0.0)
(33.908283, 35.722683, 0.0)
(34.126228, 35.683964, 0.0)
(34.234322, 35.674686, 0.0)
(34.379280, 35.616695, 0.0)
(35.047459, 35.597492, 0.0)
(37.249218, 35.401596, 0.0)
(37.470924, 35.413940, 0.0)
(37.605240, 35.422085, 0.0)
(37.785011, 35.404858, 0.0)
(37.955208, 35.384686, 0.0)
(38.075558, 35.365658, 0.0)
(38.226078, 35.305302, 0.0)
(40.447014, 34.584904, 0.0)
(40.742493, 34.406281, 0.0)
(40.824940, 34.390408, 0.0)
(40.947315, 34.358974, 0.0)
(40.997257, 34.308311, 0.0)
(41.073528, 34.296261, 0.0)
(41.172520, 34.269821, 0.0)
(41.222729, 34.241528, 0.0)
(42.950386, 33.985577, 0.0)
(43.661865, 33.790054, 0.0)
(43.779373, 33.774345, 0.0)
(43.808762, 33.773689, 0.0)
(43.834209, 33.757492, 0.0)
(43.857243, 33.746174, 0.0)
(43.933266, 33.692764, 0.0)
(43.938477, 33.691273, 0.0)
(43.955105, 33.689342, 0.0)
(44.145340, 33.748669, 0.0)
(45.085339, 34.085754, 0.0)
(45.220169, 34.101112, 0.0)
(45.220123, 34.078712, 0.0)
(45.233299, 34.021206, 0.0)
(45.240871, 33.970684, 0.0)
(45.233540, 33.932655, 0.0)
(45.249065, 33.893967, 0.0)
(46.003544, 34.058666, 0.0)
(46.103046, 33.929501, 0.0)
(46.102432, 33.814823, 0.0)
(46.089241, 33.647930, 0.0)
(46.079437, 33.566208, 0.0)
(46.028370, 33.448887, 0.0)
(45.291412, 33.456219, 0.0)
(43.293880, 33.759830, 0.0)
(43.181320, 33.725864, 0.0)
(43.183075, 33.654182, 0.0)
(43.120560, 33.584286, 0.0)
(43.090580, 33.537228, 0.0)
(42.985458, 33.484203, 0.0)
(41.185947, 33.919685, 0.0)
(39.488667, 34.852489, 0.0)
(39.287323, 34.975899, 0.0)
(39.239056, 34.918850, 0.0)
(39.123016, 34.915375, 0.0)
(39.061607, 34.908016, 0.0)
(38.992302, 34.916222, 0.0)
(38.944866, 34.901478, 0.0)
(38.882557, 34.853092, 0.0)
(36.987507, 35.084736, 0.0)
(33.794548, 35.367832, 0.0)
(33.513420, 35.481808, 0.0)
(33.408867, 35.441990, 0.0)
(33.364910, 35.417065, 0.0)
(33.352768, 35.406353, 0.0)
(33.301010, 35.393505, 0.0)
(33.280376, 35.388023, 0.0)
(33.275547, 35.394917, 0.0)
(33.221306, 35.366867, 0.0)
(31.423712, 35.823833, 0.0)
(29.721544, 36.216656, 0.0)
(29.497080, 36.397373, 0.0)
(29.472851, 36.436119, 0.0)
(29.459667, 36.427303, 0.0)
(29.432713, 36.344181, 0.0)
(29.446497, 36.399170, 0.0)
(29.236115, 36.483425, 0.0)
(28.619850, 36.420296, 0.0)
(28.575630, 36.394402, 0.0)
(28.552002, 36.383766, 0.0)
(28.572483, 36.313278, 0.0)
(28.575985, 36.305691, 0.0)
(28.548880, 36.301937, 0.0)
(28.543089, 36.283974, 0.0)
(28.539078, 36.268906, 0.0)
(28.543474, 36.198021, 0.0)
(28.538277, 36.166603, 0.0)
(28.513599, 36.106628, 0.0)
(28.513624, 36.101833, 0.0)
(28.286804, 36.063408, 0.0)
(27.237665, 38.070011, 0.0)
(27.438896, 36.785202, 0.0)
(27.342512, 36.108047, 0.0)
(27.321135, 35.761711, 0.0)
(27.341742, 35.477722, 0.0)
(27.364914, 35.335201, 0.0)
(27.427671, 35.165634, 0.0)
(27.446957, 35.123127, 0.0)
(27.542458, 35.069412, 0.0)
(27.727085, 34.946575, 0.0)
(31.449265, 34.243797, 0.0)
(31.749586, 34.134209, 0.0)
(31.915131, 34.030369, 0.0)
(32.109505, 34.015179, 0.0)
(32.341370, 34.018394, 0.0)
(32.493340, 33.947510, 0.0)
(32.676224, 33.878174, 0.0)
(32.836403, 33.825363, 0.0)
(33.059921, 33.774952, 0.0)
(33.284649, 33.714298, 0.0)
(34.354496, 34.018929, 0.0)
(35.732674, 34.282906, 0.0)
(36.021526, 34.334869, 0.0)
(36.277393, 34.287647, 0.0)
(36.596519, 34.219307, 0.0)
(36.860504, 34.126743, 0.0)
(37.108475, 34.109219, 0.0)
(37.423828, 34.051613, 0.0)
(37.685375, 33.984169, 0.0)
(37.976910, 33.904541, 0.0)
(38.285751, 33.849834, 0.0)
(38.604454, 33.776134, 0.0)
(38.867302, 33.667557, 0.0)
(39.141483, 33.591530, 0.0)
(39.475620, 33.538292, 0.0)
(39.747070, 33.450745, 0.0)
(40.180397, 33.432629, 0.0)
(42.794407, 33.483067, 0.0)
(43.101425, 33.396275, 0.0)
(43.247246, 33.337948, 0.0)
(43.437912, 33.367607, 0.0)
(43.569557, 33.325928, 0.0)
(43.698605, 33.349697, 0.0)
(43.809578, 33.324028, 0.0)
(43.924629, 33.301498, 0.0)
(44.015541, 33.327213, 0.0)
(44.175747, 33.330650, 0.0)
(44.246265, 33.300156, 0.0)
(45.205399, 33.538357, 0.0)
(45.463863, 33.578613, 0.0)
(45.478161, 33.565556, 0.0)
(45.498276, 33.559414, 0.0)
(45.528233, 33.525105, 0.0)
(45.532722, 33.502068, 0.0)
(45.548634, 33.508469, 0.0)
(45.554161, 33.517948, 0.0)
(45.575817, 33.456188, 0.0)
(45.617283, 33.431076, 0.0)
(45.639114, 33.380505, 0.0)
(45.629765, 33.349403, 0.0)
(45.617664, 33.310017, 0.0)
(45.589680, 33.209366, 0.0)
(45.530670, 33.071625, 0.0)
(45.492069, 32.969315, 0.0)
(44.972595, 32.860893, 0.0)
(42.054714, 32.936180, 0.0)
(41.965099, 32.794758, 0.0)
(41.922722, 32.735069, 0.0)
(41.799213, 32.693157, 0.0)
(41.625732, 32.604019, 0.0)
(41.473541, 32.528057, 0.0)
(41.316963, 32.486118, 0.0)
(41.156620, 32.452381, 0.0)
(41.005695, 32.438015, 0.0)
(40.827885, 32.411747, 0.0)
(40.703289, 32.409767, 0.0)
(40.467567, 33.039677, 0.0)
(40.299290, 33.132236, 0.0)
(40.126575, 33.081638, 0.0)
(39.968967, 33.096306, 0.0)
(39.795059, 33.093422, 0.0)
(39.660347, 33.054432, 0.0)
(39.500107, 33.021988, 0.0)
(36.632862, 33.398571, 0.0)
(36.337723, 33.443295, 0.0)
(36.243500, 33.463173, 0.0)
(36.152676, 33.439308, 0.0)
(36.025139, 33.379696, 0.0)
(35.928375, 33.412865, 0.0)
(35.794724, 33.393459, 0.0)
(35.677032, 33.333767, 0.0)
(35.521347, 33.368759, 0.0)
(32.094200, 34.069942, 0.0)
(31.089981, 34.446732, 0.0)
(30.845089, 34.500782, 0.0)
(30.771103, 34.555218, 0.0)
(30.670677, 34.522911, 0.0)
(30.632570, 34.461205, 0.0)
(29.389420, 34.745617, 0.0)
(28.696751, 34.956726, 0.0)
(28.577898, 34.926048, 0.0)
(28.531862, 34.937309, 0.0)
(28.480682, 34.893642, 0.0)
(28.394495, 34.808289, 0.0)
(28.354515, 34.827454, 0.0)
(28.299982, 34.787495, 0.0)
(28.211346, 34.817780, 0.0)
(28.157022, 34.768196, 0.0)
(28.092720, 34.739399, 0.0)
(27.478800, 34.868008, 0.0)
(27.378292, 34.880341, 0.0)
(27.334179, 34.885395, 0.0)
(27.304581, 34.893078, 0.0)
(27.272850, 34.872242, 0.0)
(27.264942, 34.797039, 0.0)
(26.724112, 34.663303, 0.0)
(26.718838, 34.488136, 0.0)
(26.745686, 34.374897, 0.0)
(26.815792, 34.226959, 0.0)
(26.882122, 34.113163, 0.0)
(26.990225, 33.897678, 0.0)
(27.078917, 33.757557, 0.0)
(28.658781, 33.728565, 0.0)
(28.944239, 33.568634, 0.0)
(29.172676, 33.522602, 0.0)
(29.478466, 33.407585, 0.0)
(29.718369, 33.270512, 0.0)
(30.377089, 33.277775, 0.0)
(32.792900, 33.772308, 0.0)
(33.287762, 33.789783, 0.0)
(33.565163, 33.736561, 0.0)
(33.928612, 33.696922, 0.0)
(34.233215, 33.671619, 0.0)
(34.545067, 33.578346, 0.0)
(34.825485, 33.558083, 0.0)
(35.141727, 33.486546, 0.0)
(35.453720, 33.441494, 0.0)
(35.703831, 33.346325, 0.0)
(36.046764, 33.325813, 0.0)
(36.301971, 33.282669, 0.0)
(36.592575, 33.210224, 0.0)
(36.907356, 33.186253, 0.0)
(37.136417, 33.107502, 0.0)
(37.490330, 33.019943, 0.0)
(37.731804, 32.972748, 0.0)
(38.000416, 32.964199, 0.0)
(38.374939, 32.922318, 0.0)
(38.679089, 32.875515, 0.0)
(39.640408, 32.797127, 0.0)
(40.815239, 32.542824, 0.0)
(41.131016, 32.459789, 0.0)
(41.376541, 32.390781, 0.0)
(41.613342, 32.395390, 0.0)
(41.787128, 32.377495, 0.0)
(42.014210, 32.341228, 0.0)
(42.259483, 32.274902, 0.0)
(42.453041, 32.262623, 0.0)
(44.603584, 32.762405, 0.0)
(45.178921, 32.774311, 0.0)
(45.337830, 32.758694, 0.0)
(45.532856, 32.720245, 0.0)
(45.753437, 32.662102, 0.0)
(45.786655, 32.574360, 0.0)
(45.729832, 32.593636, 0.0)
(45.738811, 32.588608, 0.0)
(45.751991, 32.580608, 0.0)
(45.748898, 32.577991, 0.0)
(45.735031, 32.585232, 0.0)
(45.721024, 32.568310, 0.0)
(45.701073, 32.547985, 0.0)
(45.706947, 32.516239, 0.0)
(45.680477, 32.526699, 0.0)
(45.656288, 32.508125, 0.0)
(45.602806, 32.469570, 0.0)
(45.582058, 32.431133, 0.0)
(45.554596, 32.388615, 0.0)
(45.541260, 32.367062, 0.0)
(45.524162, 32.322926, 0.0)
(45.499607, 32.252464, 0.0)
(45.472603, 32.204887, 0.0)
(45.414551, 32.147789, 0.0)
(44.982788, 32.108089, 0.0)
(42.818653, 31.802668, 0.0)
(42.664761, 31.730162, 0.0)
(42.580410, 31.683636, 0.0)
(42.431561, 31.597618, 0.0)
(42.313679, 31.557333, 0.0)
(42.110725, 31.439476, 0.0)
(41.937939, 31.431892, 0.0)
(41.811138, 31.345552, 0.0)
(38.709019, 31.793743, 0.0)
(37.856327, 31.891808, 0.0)
(37.713318, 31.893206, 0.0)
(37.607685, 31.876038, 0.0)
(37.475357, 31.866053, 0.0)
(37.390774, 31.857988, 0.0)
(37.330006, 31.823427, 0.0)
(37.166245, 31.831913, 0.0)
(33.940964, 32.470974, 0.0)
(31.773270, 32.955978, 0.0)
(31.291716, 33.020512, 0.0)
(31.197609, 33.014832, 0.0)
(31.187901, 32.973824, 0.0)
(31.173813, 32.949356, 0.0)
(31.157045, 32.882668, 0.0)
(31.141403, 32.910469, 0.0)
(29.772970, 33.578365, 0.0)
(29.586721, 33.715519, 0.0)
(29.588251, 33.693905, 0.0)
(29.538504, 33.655846, 0.0)
(29.521667, 33.599255, 0.0)
(29.524843, 33.603580, 0.0)
(29.505573, 33.596432, 0.0)
(29.488817, 33.585476, 0.0)
(29.486179, 33.542103, 0.0)
(29.477613, 33.494034, 0.0)
(29.450628, 33.439415, 0.0)
(29.397255, 33.414314, 0.0)
(28.660570, 33.473808, 0.0)
(28.119743, 33.687687, 0.0)
(27.897871, 33.711582, 0.0)
(27.537420, 33.726696, 0.0)
(27.349470, 33.686935, 0.0)
(27.107002, 33.771587, 0.0)
(26.998667, 33.800053, 0.0)
(27.009493, 33.782764, 0.0)
(27.021042, 33.773445, 0.0)
(27.032421, 33.746040, 0.0)
(27.042355, 33.676399, 0.0)
(27.082239, 33.628765, 0.0)
(27.111479, 33.551502, 0.0)
(27.165207, 33.433945, 0.0)
(27.205584, 33.361588, 0.0)
(27.300146, 33.218639, 0.0)
(27.378090, 33.056690, 0.0)
(27.463402, 32.912514, 0.0)
(28.942503, 32.416775, 0.0)
(30.378765, 32.161419, 0.0)
(30.769188, 31.987358, 0.0)
(31.680899, 33.386955, 0.0)
(32.520920, 32.699875, 0.0)
(32.076984, 32.247543, 0.0)
(32.093800, 31.921837, 0.0)
(32.207359, 31.744535, 0.0)
(32.512165, 31.604694, 0.0)
(32.716423, 31.494259, 0.0)
(34.064186, 31.534121, 0.0)
(34.886318, 31.524176, 0.0)
(35.318695, 31.477909, 0.0)
(35.708206, 31.406397, 0.0)
(36.163055, 31.377314, 0.0)
(36.541832, 31.309011, 0.0)
(36.969341, 31.228430, 0.0)
(37.365242, 31.181162, 0.0)
(37.726147, 31.117645, 0.0)
(38.113155, 31.042938, 0.0)
(38.417484, 30.983961, 0.0)
(38.765976, 30.909784, 0.0)
(40.093094, 31.125912, 0.0)
(40.900810, 31.127384, 0.0)
(41.175407, 31.069242, 0.0)
(41.391502, 31.086823, 0.0)
(41.601883, 31.059191, 0.0)
(41.770416, 31.058525, 0.0)
(43.650410, 31.548258, 0.0)
(44.663715, 31.617311, 0.0)
(44.800510, 31.625439, 0.0)
(44.877789, 31.630770, 0.0)
(44.899803, 31.586481, 0.0)
(44.928196, 31.578371, 0.0)
(44.943565, 31.577183, 0.0)
(44.967136, 31.559179, 0.0)
(44.974297, 31.528904, 0.0)
(45.019234, 31.512114, 0.0)
(45.050861, 31.520544, 0.0)
(45.086243, 31.529398, 0.0)
(45.181232, 31.527464, 0.0)
(46.026974, 31.386257, 0.0)
(46.097149, 31.391092, 0.0)
(46.078766, 31.405401, 0.0)
(46.097645, 31.383804, 0.0)
(46.093906, 31.378677, 0.0)
(46.085732, 31.344488, 0.0)
(46.046291, 31.298513, 0.0)
(46.006859, 31.239113, 0.0)
(45.968452, 31.109777, 0.0)
(45.918491, 31.056410, 0.0)
(44.611065, 30.478195, 0.0)
(42.851532, 30.307852, 0.0)
(42.748802, 30.253130, 0.0)
(42.748016, 30.202175, 0.0)
(42.712589, 30.083334, 0.0)
(42.676243, 30.050932, 0.0)
(42.585770, 30.046896, 0.0)
(41.775269, 30.581589, 0.0)
(41.560196, 30.762732, 0.0)
(41.434139, 30.755804, 0.0)
(41.307491, 30.743891, 0.0)
(41.144127, 30.732145, 0.0)
(41.036102, 30.668550, 0.0)
(40.877022, 30.673058, 0.0)
(40.736523, 30.660633, 0.0)
(40.634670, 30.654303, 0.0)
(40.464691, 30.607853, 0.0)
(40.321789, 30.545109, 0.0)
(40.160297, 30.545692, 0.0)
(39.217823, 30.665758, 0.0)
(37.936806, 30.940674, 0.0)
(37.712738, 30.914898, 0.0)
(37.512020, 30.887058, 0.0)
(37.235474, 30.862074, 0.0)
(37.024952, 30.865822, 0.0)
(36.829800, 30.827448, 0.0)
(36.567734, 30.849281, 0.0)
(35.710163, 30.945906, 0.0)
(33.596004, 31.426819, 0.0)
(33.301945, 31.469244, 0.0)
(33.119858, 31.463329, 0.0)
(32.943089, 31.438034, 0.0)
(32.763081, 31.463369, 0.0)
(32.636726, 31.431953, 0.0)
(32.483700, 31.415335, 0.0)
(32.251842, 31.461563, 0.0)
(32.104767, 31.417919, 0.0)
(30.249681, 32.153343, 0.0)
(28.996778, 32.702129, 0.0)
(28.827061, 32.759430, 0.0)
(28.761444, 32.740772, 0.0)
(28.716673, 32.699421, 0.0)
(27.706818, 33.164845, 0.0)
(27.555923, 33.215141, 0.0)
(27.538128, 33.174152, 0.0)
(27.492947, 33.172016, 0.0)
(27.464039, 33.097603, 0.0)
(26.863377, 33.058769, 0.0)
(26.755136, 32.966000, 0.0)
(26.741261, 32.914211, 0.0)
(26.747511, 32.895245, 0.0)
(26.747511, 32.895245, 0.0)
(26.747896, 32.825279, 0.0)
(26.761921, 32.801254, 0.0)
(26.794384, 32.715996, 0.0)
(26.816431, 32.619511, 0.0)
(26.860289, 32.491821, 0.0)
(26.922634, 32.410908, 0.0)
(27.066824, 32.266216, 0.0)
(27.143616, 32.158241, 0.0)
(28.437281, 31.603809, 0.0)
(29.319733, 31.365791, 0.0)
(29.575714, 31.246517, 0.0)
(29.747290, 31.145382, 0.0)
(29.512394, 31.417210, 0.0)
(29.603935, 31.622597, 0.0)
(29.783289, 31.587460, 0.0)
(30.069502, 31.484343, 0.0)
(30.282515, 31.390865, 0.0)
(30.591373, 31.315111, 0.0)
(32.543247, 31.167004, 0.0)
(33.043842, 31.115808, 0.0)
(33.346508, 31.097128, 0.0)
(33.633793, 31.007338, 0.0)
(33.922325, 30.958654, 0.0)
(34.238937, 30.897535, 0.0)
(34.593880, 30.788239, 0.0)
(34.889484, 30.738462, 0.0)
(35.223053, 30.695023, 0.0)
(37.179539, 30.251474, 0.0)
(37.574356, 30.151516, 0.0)
(37.920113, 30.116970, 0.0)
(38.204369, 30.047457, 0.0)
(38.474327, 30.039320, 0.0)
(38.772556, 30.017391, 0.0)
(39.087208, 30.038795, 0.0)
(39.381874, 30.031221, 0.0)
(39.635609, 29.990042, 0.0)
(39.896946, 29.936703, 0.0)
(41.518364, 30.295431, 0.0)
(42.317940, 30.398596, 0.0)
(42.513519, 30.434797, 0.0)
(42.704762, 30.441181, 0.0)
(42.890083, 30.417107, 0.0)
(43.046745, 30.379765, 0.0)
(43.185417, 30.348402, 0.0)
(43.345139, 30.316172, 0.0)
(43.485550, 30.329327, 0.0)
(43.980061, 30.469261, 0.0)
(45.298183, 30.955133, 0.0)
(45.454212, 31.040777, 0.0)
(45.494286, 30.988844, 0.0)
(45.523487, 30.971636, 0.0)
(45.530499, 30.974447, 0.0)
(45.560047, 30.949356, 0.0)
(45.565350, 30.932800, 0.0)
(45.572605, 30.905447, 0.0)
(45.585144, 30.874336, 0.0)
(45.567280, 30.853828, 0.0)
(45.595997, 30.831457, 0.0)
(45.588200, 30.800886, 0.0)
(45.556210, 30.799250, 0.0)
(45.534050, 30.753813, 0.0)
(45.528969, 30.713699, 0.0)
(45.506912, 30.609230, 0.0)
(43.982220, 29.887701, 0.0)
(43.138477, 29.512678, 0.0)
(43.009583, 29.411772, 0.0)
(42.585522, 29.280991, 0.0)
(41.424091, 29.301723, 0.0)
(41.235889, 29.255939, 0.0)
(41.178978, 29.140099, 0.0)
(40.822571, 29.225508, 0.0)
(40.445637, 29.446325, 0.0)
(40.346298, 29.457952, 0.0)
(40.243107, 29.375935, 0.0)
(40.165764, 29.296095, 0.0)
(40.062477, 29.255894, 0.0)
(39.984097, 29.185770, 0.0)
(39.891243, 29.145496, 0.0)
(39.769875, 29.107088, 0.0)
(39.653500, 29.076740, 0.0)
(39.540928, 29.035732, 0.0)
(39.441166, 28.985950, 0.0)
(37.286812, 29.379580, 0.0)
(36.989174, 29.461035, 0.0)
(36.854298, 29.394039, 0.0)
(36.725140, 29.408333, 0.0)
(35.720047, 29.707138, 0.0)
(35.250450, 29.906105, 0.0)
(35.077057, 29.900290, 0.0)
(34.933563, 29.862152, 0.0)
(34.491463, 29.894070, 0.0)
(33.355534, 30.248909, 0.0)
(33.055485, 30.342749, 0.0)
(32.902424, 30.308611, 0.0)
(32.358231, 30.386478, 0.0)
(31.181246, 30.688747, 0.0)
(30.543709, 30.842604, 0.0)
(30.441988, 30.872395, 0.0)
(29.847538, 31.079107, 0.0)
(28.807493, 31.604803, 0.0)
(28.623688, 31.682619, 0.0)
(28.617224, 31.630247, 0.0)
(28.609913, 31.571064, 0.0)
(28.593220, 31.550205, 0.0)
(28.517717, 31.600956, 0.0)
(28.449934, 31.640707, 0.0)
(28.401081, 31.649244, 0.0)
(27.085535, 32.241669, 0.0)
(26.644228, 32.288280, 0.0)
(26.606091, 32.217731, 0.0)
(26.576572, 32.201946, 0.0)
(26.564260, 32.202538, 0.0)
(26.563969, 32.201351, 0.0)
(26.556841, 32.119488, 0.0)
(26.542391, 32.093140, 0.0)
(26.535759, 32.092243, 0.0)
(26.564337, 32.062572, 0.0)
(26.616507, 31.972761, 0.0)
(26.658304, 31.882404, 0.0)
(26.693853, 31.781420, 0.0)
(26.790352, 31.609514, 0.0)
(26.841770, 31.467564, 0.0)
(27.015137, 31.313738, 0.0)
(28.892271, 30.587229, 0.0)
(29.409315, 30.451019, 0.0)
(29.640896, 30.288462, 0.0)
(30.299322, 30.150799, 0.0)
(30.620714, 30.040024, 0.0)
(30.858332, 29.929356, 0.0)
(31.452868, 29.926754, 0.0)
(31.368511, 30.015413, 0.0)
(31.561365, 29.926498, 0.0)
(31.731411, 29.845793, 0.0)
(31.899139, 29.734707, 0.0)
(32.115562, 29.724625, 0.0)
(32.253822, 29.655842, 0.0)
(32.415813, 29.614391, 0.0)
(32.665531, 29.532125, 0.0)
(33.494614, 29.432098, 0.0)
(35.211521, 28.943937, 0.0)
(35.570862, 28.906223, 0.0)
(35.827389, 28.854641, 0.0)
(36.104950, 28.839031, 0.0)
(36.358799, 28.812542, 0.0)
(36.619919, 28.791567, 0.0)
(36.887276, 28.752035, 0.0)
(37.131107, 28.697308, 0.0)
(37.383591, 28.637104, 0.0)
(37.611179, 28.605259, 0.0)
(39.711597, 28.699755, 0.0)
(40.041485, 28.681053, 0.0)
(40.269199, 28.691759, 0.0)
(40.493427, 28.675552, 0.0)
(40.677574, 28.631552, 0.0)
(40.861370, 28.601826, 0.0)
(41.209694, 28.594700, 0.0)
(44.090424, 29.142651, 0.0)
(44.758884, 29.242954, 0.0)
(44.882877, 29.225990, 0.0)
(44.931694, 29.191198, 0.0)
(44.957474, 29.210457, 0.0)
(44.979343, 29.205141, 0.0)
(45.044441, 29.208803, 0.0)
(45.076897, 29.197203, 0.0)
(45.134327, 29.157597, 0.0)
(45.137985, 29.117441, 0.0)
(45.176334, 29.105717, 0.0)
(44.996819, 29.119579, 0.0)
(44.600380, 28.591843, 0.0)
(44.283154, 28.155481, 0.0)
(44.015194, 28.072674, 0.0)
(44.064323, 28.136784, 0.0)
(44.136036, 28.061539, 0.0)
(44.176609, 28.041172, 0.0)
(44.181667, 28.029305, 0.0)
(44.693584, 28.552057, 0.0)
(45.020119, 29.140486, 0.0)
(44.993908, 29.120495, 0.0)
(44.930504, 29.016094, 0.0)
(44.787411, 28.905983, 0.0)
(44.719788, 28.745363, 0.0)
(42.906349, 28.439039, 0.0)
(41.897457, 28.222139, 0.0)
(41.711735, 28.089056, 0.0)
(41.543293, 28.041826, 0.0)
(41.357670, 27.969044, 0.0)
(41.211712, 27.949329, 0.0)
(40.994316, 27.859158, 0.0)
(40.882835, 27.879732, 0.0)
(40.744614, 27.838511, 0.0)
(40.540195, 27.798704, 0.0)
(40.352127, 27.718536, 0.0)
(39.427734, 27.799408, 0.0)
(37.899414, 28.058147, 0.0)
(37.658798, 28.074186, 0.0)
(37.540806, 28.086105, 0.0)
(37.385490, 28.046858, 0.0)
(37.266731, 28.055202, 0.0)
(37.112160, 28.009382, 0.0)
(36.969215, 27.998409, 0.0)
(36.871521, 27.990929, 0.0)
(34.821266, 28.481504, 0.0)
(34.372616, 28.601889, 0.0)
(34.134312, 28.616726, 0.0)
(33.980991, 28.611591, 0.0)
(33.829361, 28.619616, 0.0)
(33.606441, 28.639568, 0.0)
(33.150890, 28.693661, 0.0)
(30.744085, 29.580051, 0.0)
(30.478880, 29.626410, 0.0)
(30.304678, 29.639963, 0.0)
(30.211697, 29.615696, 0.0)
(30.109058, 29.644674, 0.0)
(29.298101, 30.020945, 0.0)
(27.959675, 30.576014, 0.0)
(27.826941, 30.543856, 0.0)
(27.799564, 30.511122, 0.0)
(27.736040, 30.499130, 0.0)
(27.687166, 30.478670, 0.0)
(27.672594, 30.398611, 0.0)
(27.648335, 30.371683, 0.0)
(27.628489, 30.351549, 0.0)
(27.058092, 30.531988, 0.0)
(26.729603, 30.557674, 0.0)
(26.713297, 30.537722, 0.0)
(26.731253, 30.496902, 0.0)
(26.731253, 30.496902, 0.0)
(26.758036, 30.408911, 0.0)
(26.776749, 30.285774, 0.0)
(26.813822, 30.208000, 0.0)
(26.851433, 30.065002, 0.0)
(26.964453, 29.988586, 0.0)
(27.090385, 29.832081, 0.0)
(27.174200, 29.725142, 0.0)
(27.308916, 29.613474, 0.0)
(27.418154, 29.495152, 0.0)
(29.105183, 29.170561, 0.0)
(29.704849, 29.036106, 0.0)
(29.972919, 28.914085, 0.0)
(30.194174, 28.815828, 0.0)
(30.355947, 28.721727, 0.0)
(30.512489, 28.666622, 0.0)
(30.765501, 28.593426, 0.0)
(30.935804, 28.561979, 0.0)
(31.373222, 28.491899, 0.0)
(32.734192, 28.280102, 0.0)
(33.053226, 28.197441, 0.0)
(33.238449, 28.094685, 0.0)
(33.483791, 28.025150, 0.0)
(33.830677, 27.976734, 0.0)
(35.452534, 27.836767, 0.0)
(35.766499, 27.851091, 0.0)
(35.926212, 27.776855, 0.0)
(36.105640, 27.734749, 0.0)
(36.283352, 27.699547, 0.0)
(36.532196, 27.673496, 0.0)
(36.724655, 27.652718, 0.0)
(38.022526, 27.565376, 0.0)
(40.236706, 27.564173, 0.0)
(40.637527, 27.563700, 0.0)
(40.808109, 27.545498, 0.0)
(40.954582, 27.530769, 0.0)
(41.033577, 27.513983, 0.0)
(41.202110, 27.491156, 0.0)
(41.302792, 27.438343, 0.0)
(41.474449, 27.458679, 0.0)
(43.388870, 27.945702, 0.0)
(43.719860, 28.079165, 0.0)
(43.777550, 28.073576, 0.0)
(43.830406, 28.064569, 0.0)
(43.860073, 28.021425, 0.0)
(43.903191, 28.002609, 0.0)
(43.959255, 28.002991, 0.0)
(43.975327, 27.999205, 0.0)
(45.083130, 28.417969, 0.0)
(45.276592, 28.501530, 0.0)
(45.333759, 28.476328, 0.0)
(45.324509, 28.463478, 0.0)
(45.323902, 28.422476, 0.0)
(45.348076, 28.428093, 0.0)
(45.359303, 28.419821, 0.0)
(45.359303, 28.419821, 0.0)
(45.351002, 28.391745, 0.0)
(45.357307, 28.376032, 0.0)
(45.352322, 28.360107, 0.0)
(45.311069, 28.286203, 0.0)
(45.268330, 28.247639, 0.0)
(45.250656, 28.203703, 0.0)
(45.215214, 28.141157, 0.0)
(45.160820, 28.068283, 0.0)
(45.131958, 27.933512, 0.0)
(45.072128, 27.862207, 0.0)
(45.000683, 27.785711, 0.0)
(44.896145, 27.706509, 0.0)
(44.669502, 27.588842, 0.0)
(41.174488, 27.297031, 0.0)
(41.008133, 27.221201, 0.0)
(40.902931, 27.173475, 0.0)
(40.771587, 27.137655, 0.0)
(40.615108, 27.063129, 0.0)
(40.452393, 27.018789, 0.0)
(40.254837, 26.930403, 0.0)
(40.096165, 26.863060, 0.0)
(39.931877, 26.812771, 0.0)
(39.758926, 26.737871, 0.0)
(39.619858, 26.721661, 0.0)
(38.114723, 26.816559, 0.0)
(37.577126, 26.821205, 0.0)
(37.377834, 26.798925, 0.0)
(37.249729, 26.725418, 0.0)
(37.125053, 26.669668, 0.0)
(35.567562, 26.957989, 0.0)
(35.032658, 27.067982, 0.0)
(34.863213, 27.077944, 0.0)
(34.753239, 27.042349, 0.0)
(34.639259, 26.993658, 0.0)
(34.523678, 27.010468, 0.0)
(32.313614, 27.626465, 0.0)
(31.707838, 27.799936, 0.0)
(31.580025, 27.867340, 0.0)
(31.460094, 27.864315, 0.0)
(31.312431, 27.903900, 0.0)
(29.673988, 28.593845, 0.0)
(29.252724, 28.759142, 0.0)
(29.089712, 28.768480, 0.0)
(28.931475, 28.825024, 0.0)
(27.734177, 29.625099, 0.0)
(27.427698, 29.730705, 0.0)
(27.394220, 29.693333, 0.0)
(27.197302, 29.699488, 0.0)
(26.783894, 29.799406, 0.0)
(26.734142, 29.763258, 0.0)
(26.755526, 29.741713, 0.0)
(26.780386, 29.618883, 0.0)
(26.757366, 29.586706, 0.0)
(26.761339, 29.573393, 0.0)
(26.776594, 29.616194, 0.0)
(26.938589, 31.233135, 0.0)
(27.010206, 30.110857, 0.0)
(27.275963, 28.920034, 0.0)
(27.349464, 28.914083, 0.0)
(27.381304, 29.061008, 0.0)
(27.389982, 29.034767, 0.0)
(27.415916, 28.921167, 0.0)
(27.206303, 29.040709, 0.0)
(27.069452, 29.219374, 0.0)
(27.174736, 29.126074, 0.0)
(27.316196, 28.928127, 0.0)
(28.351347, 28.466908, 0.0)
(29.085520, 28.236160, 0.0)
(29.507332, 28.024454, 0.0)
(30.588799, 27.535809, 0.0)
(31.188183, 27.251545, 0.0)
(31.567726, 27.050529, 0.0)
(31.971298, 26.946419, 0.0)
(32.879532, 26.851961, 0.0)
(33.231293, 26.761007, 0.0)
(33.527599, 26.642071, 0.0)
(33.786873, 26.525139, 0.0)
(33.985176, 26.469025, 0.0)
(34.192268, 26.371920, 0.0)
(34.416527, 26.315918, 0.0)
(34.633381, 26.276031, 0.0)
(34.829605, 26.191971, 0.0)
(35.058834, 26.161301, 0.0)
(36.510723, 26.124184, 0.0)
(36.758358, 26.107029, 0.0)
(36.991570, 26.037085, 0.0)
(37.214340, 25.973616, 0.0)
(37.359318, 25.953407, 0.0)
(38.893589, 25.960136, 0.0)
(40.736923, 26.200834, 0.0)
(40.997524, 26.195984, 0.0)
(41.116169, 26.183157, 0.0)
(41.289047, 26.166399, 0.0)
(41.406967, 26.150591, 0.0)
(42.560993, 26.493397, 0.0)
(42.959663, 26.631565, 0.0)
(43.022160, 26.566505, 0.0)
(43.089119, 26.537277, 0.0)
(43.182720, 26.550829, 0.0)
(44.212444, 26.992218, 0.0)
(44.370338, 27.055120, 0.0)
(44.371864, 27.048710, 0.0)
(44.385559, 27.023411, 0.0)
(44.375320, 26.949553, 0.0)
(43.913006, 26.698669, 0.0)
(43.848248, 26.610079, 0.0)
(43.901783, 26.550886, 0.0)
(43.955032, 26.518974, 0.0)
(43.963436, 26.506618, 0.0)
(43.972870, 26.518454, 0.0)
(43.958782, 26.499710, 0.0)
(43.948391, 26.483051, 0.0)
(43.950378, 26.447018, 0.0)
(43.930382, 26.419834, 0.0)
(43.904762, 26.439379, 0.0)
(43.894203, 26.445602, 0.0)
(43.859821, 26.451143, 0.0)
(43.869144, 26.442911, 0.0)
(43.869804, 26.389799, 0.0)
(43.854298, 26.392511, 0.0)
(43.826279, 26.385191, 0.0)
(43.815655, 26.380375, 0.0)
(43.781467, 26.330521, 0.0)
(43.749405, 26.299316, 0.0)
(40.897152, 26.004591, 0.0)
(40.399216, 25.956245, 0.0)
(40.357597, 25.884024, 0.0)
(40.278751, 25.835802, 0.0)
(40.257355, 25.739740, 0.0)
(40.218441, 25.695532, 0.0)
(40.202450, 25.678911, 0.0)
(40.098362, 25.670246, 0.0)
(40.047565, 25.647472, 0.0)
(39.985985, 25.679310, 0.0)
(39.896877, 25.661827, 0.0)
(39.788635, 25.610678, 0.0)
(39.672115, 25.550436, 0.0)
(37.247417, 25.727617, 0.0)
(36.415756, 25.887094, 0.0)
(36.213932, 25.868353, 0.0)
(36.069363, 25.820503, 0.0)
(35.938046, 25.851646, 0.0)
(35.737526, 25.818584, 0.0)
(35.648907, 25.823418, 0.0)
(35.543110, 25.778301, 0.0)
(35.387421, 25.820452, 0.0)
(33.077099, 26.369291, 0.0)
(32.836071, 26.431507, 0.0)
(32.755695, 26.441229, 0.0)
(32.668259, 26.429358, 0.0)
(32.575344, 26.472462, 0.0)
(32.529324, 26.463970, 0.0)
(32.459137, 26.484888, 0.0)
(32.392742, 26.470592, 0.0)
(31.353142, 26.882591, 0.0)
(30.053160, 27.345221, 0.0)
(29.853123, 27.365448, 0.0)
(29.795984, 27.366724, 0.0)
(29.727121, 27.314035, 0.0)
(29.663084, 27.296398, 0.0)
(27.877573, 28.116737, 0.0)
(27.408941, 28.444332, 0.0)
(27.358561, 28.424932, 0.0)
(27.321409, 28.372391, 0.0)
(27.317110, 28.376575, 0.0)
(27.300808, 28.344179, 0.0)
(26.783028, 28.633453, 0.0)
(26.573364, 28.713602, 0.0)
(26.545568, 28.693815, 0.0)
(26.554483, 28.696045, 0.0)
(26.565914, 28.707489, 0.0)
(26.566374, 28.698421, 0.0)
(26.584812, 28.649868, 0.0)
(26.594337, 28.613806, 0.0)
(26.604748, 28.572176, 0.0)
(26.690033, 28.505243, 0.0)
(26.765356, 28.360846, 0.0)
(26.803711, 28.306141, 0.0)
(26.968557, 28.187395, 0.0)
(27.402586, 28.003319, 0.0)
(28.004778, 27.787121, 0.0)
(28.236444, 27.677477, 0.0)
(28.472200, 27.557051, 0.0)
(28.689991, 27.408583, 0.0)
(30.614233, 26.739975, 0.0)
(31.020582, 26.572256, 0.0)
(31.344296, 26.394726, 0.0)
(31.668594, 26.302565, 0.0)
(32.002304, 26.183722, 0.0)
(32.311089, 26.086714, 0.0)
(32.651840, 25.997751, 0.0)
(32.950565, 25.868114, 0.0)
(33.296696, 25.760227, 0.0)
(33.545052, 25.691015, 0.0)
(34.066887, 25.602613, 0.0)
(35.961269, 25.518988, 0.0)
(36.320618, 25.429232, 0.0)
(36.519421, 25.332418, 0.0)
(36.756401, 25.287189, 0.0)
(36.940353, 25.213112, 0.0)
(37.130157, 25.178780, 0.0)
(37.278572, 25.139542, 0.0)
(38.274822, 25.161036, 0.0)
(38.509895, 25.138252, 0.0)
(38.653404, 25.075857, 0.0)
(38.892857, 25.011744, 0.0)
(39.568008, 25.159424, 0.0)
(40.698902, 25.404011, 0.0)
(40.893482, 25.388180, 0.0)
(40.995060, 25.336561, 0.0)
(42.180618, 25.490669, 0.0)
(42.734322, 25.639252, 0.0)
(42.906918, 25.650276, 0.0)
(43.485874, 25.838549, 0.0)
(43.796818, 25.934853, 0.0)
(43.897030, 25.950855, 0.0)
(43.980392, 25.964193, 0.0)
(44.047604, 25.980814, 0.0)
(44.112572, 25.965189, 0.0)
(44.174511, 25.963369, 0.0)
(44.240768, 25.975864, 0.0)
(44.268650, 25.980953, 0.0)
(44.327911, 25.954168, 0.0)
(44.364902, 25.935062, 0.0)
(44.393063, 25.910080, 0.0)
(44.419567, 25.933594, 0.0)
(44.441624, 25.952168, 0.0)
(44.486629, 25.933243, 0.0)
(44.489849, 25.926296, 0.0)
(44.470406, 25.883581, 0.0)
(44.451698, 25.859632, 0.0)
(44.425865, 25.833990, 0.0)
(44.391979, 25.835325, 0.0)
(44.395252, 25.786436, 0.0)
(44.315014, 25.762917, 0.0)
(44.235058, 25.710518, 0.0)
(44.197815, 25.696445, 0.0)
(44.081676, 25.581064, 0.0)
(44.020927, 25.506506, 0.0)
(41.459633, 25.224880, 0.0)
(41.318996, 25.101954, 0.0)
(41.294796, 25.063108, 0.0)
(41.245277, 25.016708, 0.0)
(41.135674, 24.966312, 0.0)
(41.035271, 24.921822, 0.0)
(40.942165, 24.897514, 0.0)
(40.430183, 24.941553, 0.0)
(39.897804, 24.955692, 0.0)
(39.735195, 24.911604, 0.0)
(39.631405, 24.897984, 0.0)
(39.478310, 24.899776, 0.0)
(39.424694, 24.890602, 0.0)
(39.363289, 24.889088, 0.0)
(37.760529, 24.872883, 0.0)
(37.560749, 24.874132, 0.0)
(37.401672, 24.815636, 0.0)
(36.786598, 24.902843, 0.0)
(35.028385, 25.140808, 0.0)
(34.740417, 25.179104, 0.0)
(34.594048, 25.159401, 0.0)
(34.423801, 25.188503, 0.0)
(34.276722, 25.158863, 0.0)
(34.170353, 25.106066, 0.0)
(32.102760, 25.634714, 0.0)
(31.615391, 25.760489, 0.0)
(31.441118, 25.771145, 0.0)
(31.342146, 25.762676, 0.0)
(31.245237, 25.751974, 0.0)
(31.023336, 25.767513, 0.0)
(29.438734, 26.532501, 0.0)
(29.234222, 26.593527, 0.0)
(29.131506, 26.573103, 0.0)
(29.054087, 26.585714, 0.0)
(28.946711, 26.613838, 0.0)
(26.758512, 27.713989, 0.0)
(26.949411, 27.398645, 0.0)
(27.100788, 27.655945, 0.0)
(27.065928, 27.719994, 0.0)
(27.047838, 27.723009, 0.0)
(27.016756, 27.735859, 0.0)
(27.008177, 27.717030, 0.0)
(27.005781, 27.686497, 0.0)
(27.016684, 27.606024, 0.0)
(27.017120, 27.558823, 0.0)
(27.055212, 27.493898, 0.0)
(27.086096, 27.427801, 0.0)
(27.213717, 27.199167, 0.0)
(27.294268, 27.074665, 0.0)
(27.369984, 26.930054, 0.0)
(27.503780, 26.802366, 0.0)
(27.650879, 26.697283, 0.0)
(29.228687, 25.851721, 0.0)
(29.545891, 25.634525, 0.0)
(29.748945, 25.494879, 0.0)
(29.981552, 25.372177, 0.0)
(30.180298, 25.225533, 0.0)
(30.350674, 25.164598, 0.0)
(31.484131, 24.916096, 0.0)
(31.737509, 24.841297, 0.0)
(31.962231, 24.739750, 0.0)
(32.259945, 24.609476, 0.0)
(32.449352, 24.543215, 0.0)
(32.697781, 24.488846, 0.0)
(32.987629, 24.422798, 0.0)
(33.180565, 24.371140, 0.0)
(34.100876, 24.214916, 0.0)
(35.419121, 24.056805, 0.0)
(35.751175, 24.018494, 0.0)
(35.986511, 23.915384, 0.0)
(36.286755, 23.876923, 0.0)
(36.575500, 23.864712, 0.0)
(36.822323, 23.793798, 0.0)
(37.208549, 23.727146, 0.0)
(38.792717, 23.831266, 0.0)
(39.131332, 23.790239, 0.0)
(39.276031, 23.778194, 0.0)
(39.444836, 23.798235, 0.0)
(39.618183, 23.783438, 0.0)
(40.420666, 24.023493, 0.0)
(40.884918, 24.167133, 0.0)
(41.056248, 24.178165, 0.0)
(41.145794, 24.180582, 0.0)
(41.357830, 24.203945, 0.0)
(41.457584, 24.218409, 0.0)
(41.587402, 24.242943, 0.0)
(41.706890, 24.230543, 0.0)
(41.770824, 24.228054, 0.0)
(41.835472, 24.234964, 0.0)
(41.925343, 24.214935, 0.0)
(42.010300, 24.237204, 0.0)
(42.588764, 24.246155, 0.0)
(43.782833, 24.383801, 0.0)
(43.996365, 24.414902, 0.0)
(44.031216, 24.383846, 0.0)
(44.067188, 24.397011, 0.0)
(44.110237, 24.394640, 0.0)
(44.125343, 24.377329, 0.0)
(44.176659, 24.358774, 0.0)
(44.206871, 24.303427, 0.0)
(44.180222, 24.241940, 0.0)
(44.191395, 24.210257, 0.0)
(44.204144, 24.194033, 0.0)
(44.194973, 24.182434, 0.0)
(44.176270, 24.141605, 0.0)
(44.154198, 24.111567, 0.0)
(44.119915, 24.113373, 0.0)
(44.025139, 24.077427, 0.0)
(43.964390, 24.031443, 0.0)
(42.230942, 23.660406, 0.0)
(42.035004, 23.549006, 0.0)
(41.935780, 23.457323, 0.0)
(41.834953, 23.449209, 0.0)
(41.648247, 23.327810, 0.0)
(41.577892, 23.303137, 0.0)
(41.424438, 23.297382, 0.0)
(40.458847, 23.292618, 0.0)
(39.545609, 23.272434, 0.0)
(39.367523, 23.214746, 0.0)
(39.262260, 23.142536, 0.0)
(39.109325, 23.108824, 0.0)
(39.000633, 23.075493, 0.0)
(38.519287, 23.097435, 0.0)
(36.175625, 23.270891, 0.0)
(35.950703, 23.279343, 0.0)
(35.818905, 23.259245, 0.0)
(35.713917, 23.238775, 0.0)
(35.617596, 23.204409, 0.0)
(35.521564, 23.216568, 0.0)
(35.393620, 23.212383, 0.0)
(35.313446, 23.183424, 0.0)
(35.231918, 23.194746, 0.0)
(35.140091, 23.232513, 0.0)
(35.052025, 23.245420, 0.0)
(33.614437, 23.763958, 0.0)
(32.893768, 24.137556, 0.0)
(32.654472, 24.146616, 0.0)
(32.516399, 24.175005, 0.0)
(32.401192, 24.153259, 0.0)
(32.265831, 24.183607, 0.0)
(30.441031, 24.836380, 0.0)
(29.951214, 25.076653, 0.0)
(29.830311, 25.032007, 0.0)
(29.681236, 25.030107, 0.0)
(29.595898, 25.021469, 0.0)
(28.869680, 25.331469, 0.0)
(27.577362, 26.004293, 0.0)
(27.420759, 26.024527, 0.0)
(27.355408, 25.989151, 0.0)
(27.309198, 25.995142, 0.0)
(27.274149, 25.967096, 0.0)
(27.257427, 25.954920, 0.0)
(27.244591, 25.952560, 0.0)
(27.226009, 26.000631, 0.0)
(27.207024, 26.015791, 0.0)
(27.204731, 25.995707, 0.0)
(27.196632, 26.011917, 0.0)
(27.196632, 26.033258, 0.0)
(27.195522, 26.052811, 0.0)
(27.247545, 26.027128, 0.0)
(27.277554, 26.031113, 0.0)
(27.339544, 25.981098, 0.0)
(27.373196, 25.930223, 0.0)
(27.472469, 25.877506, 0.0)
(27.601408, 25.815384, 0.0)
(27.810379, 25.710531, 0.0)
(27.964630, 25.621288, 0.0)
(29.762495, 24.702496, 0.0)
(30.124302, 24.443823, 0.0)
(30.345873, 24.287851, 0.0)
(30.722374, 24.191635, 0.0)
(30.994553, 24.044256, 0.0)
(31.274158, 23.965204, 0.0)
(31.581169, 23.838692, 0.0)
(31.894445, 23.718395, 0.0)
(32.233116, 23.588282, 0.0)
(33.753067, 23.336214, 0.0)
(34.185104, 23.273563, 0.0)
(34.554005, 23.193720, 0.0)
(34.915058, 23.070606, 0.0)
(35.209602, 22.995533, 0.0)
(35.515011, 22.907972, 0.0)
(35.823856, 22.860233, 0.0)
(36.096996, 22.766979, 0.0)
(36.405518, 22.691879, 0.0)
(36.663006, 22.683077, 0.0)
(36.930397, 22.637503, 0.0)
(37.216652, 22.595520, 0.0)
(37.459877, 22.575043, 0.0)
(37.902527, 22.570656, 0.0)
(38.853794, 22.606770, 0.0)
(39.153034, 22.632252, 0.0)
(39.393959, 22.624220, 0.0)
(39.615875, 22.611692, 0.0)
(40.220089, 22.668146, 0.0)
(41.128063, 22.946913, 0.0)
(41.356125, 22.990944, 0.0)
(41.637253, 23.003336, 0.0)
(42.602051, 23.324667, 0.0)
(43.147270, 23.590357, 0.0)
(43.339718, 23.678684, 0.0)
(43.739601, 23.765951, 0.0)
(43.984138, 23.954227, 0.0)
(44.084274, 23.953281, 0.0)
(44.167847, 23.933569, 0.0)
(44.230724, 23.961052, 0.0)
(44.304119, 23.976433, 0.0)
(44.379791, 24.017109, 0.0)
(44.418549, 23.995077, 0.0)
(44.465088, 24.035942, 0.0)
(44.502438, 24.049231, 0.0)
(44.544975, 24.046612, 0.0)
(44.526085, 24.061277, 0.0)
(44.526085, 24.061277, 0.0)
(44.526085, 24.061277, 0.0)
(44.544975, 24.046612, 0.0)
(44.535408, 24.018740, 0.0)
(44.522007, 24.017874, 0.0)
(44.513023, 24.025234, 0.0)
(44.522007, 24.017874, 0.0)
(44.522007, 24.017874, 0.0)
(44.502964, 24.035532, 0.0)
(44.508766, 24.010635, 0.0)
(45.072796, 24.837523, 0.0)
(45.581753, 25.864281, 0.0)
(45.598179, 26.005594, 0.0)
(45.595375, 26.017715, 0.0)
(45.593632, 26.008709, 0.0)
(45.593632, 26.008709, 0.0)
(46.525211, 27.764261, 0.0)
(46.708733, 28.530357, 0.0)
(46.702442, 28.625488, 0.0)
(46.649303, 28.616060, 0.0)
(46.641125, 28.683077, 0.0)
(46.615986, 28.679968, 0.0)
(46.584259, 28.664013, 0.0)
(46.562691, 28.673857, 0.0)
(46.534458, 28.690695, 0.0)
(46.552742, 28.810081, 0.0)
(46.940689, 31.276018, 0.0)
(46.928318, 31.524382, 0.0)
(46.898441, 31.502192, 0.0)
(46.874546, 31.552013, 0.0)
(46.864258, 31.581404, 0.0)
(46.843163, 31.600849, 0.0)
(46.826920, 31.600252, 0.0)
(46.805687, 31.620125, 0.0)
(46.820126, 31.641716, 0.0)
(46.796200, 31.623180, 0.0)
(46.781006, 31.612814, 0.0)
(46.770428, 31.618462, 0.0)
(46.744350, 31.628164, 0.0)
(46.908482, 32.954876, 0.0)
(46.827190, 33.763584, 0.0)
(46.776039, 33.871521, 0.0)
(46.737453, 33.854992, 0.0)
(46.735870, 33.872936, 0.0)
(46.730122, 33.867836, 0.0)
(46.711075, 33.815548, 0.0)
(46.714771, 33.811222, 0.0)
(46.692837, 33.806007, 0.0)
(46.665283, 33.781811, 0.0)
(46.647739, 33.753929, 0.0)
(45.497135, 34.480137, 0.0)
(44.677288, 34.911819, 0.0)
(44.620720, 35.007404, 0.0)
(44.636555, 35.002857, 0.0)
(44.622864, 34.983406, 0.0)
(44.616890, 34.965157, 0.0)
(44.616333, 34.945171, 0.0)
(44.621696, 34.908417, 0.0)
(44.621792, 34.859089, 0.0)
(44.587852, 34.824760, 0.0)
(44.553345, 34.833897, 0.0)
(44.557308, 34.837273, 0.0)
(44.553345, 34.833897, 0.0)
(44.534012, 34.839249, 0.0)
(44.534306, 34.818409, 0.0)
(44.528221, 34.798653, 0.0)
(44.532467, 34.786831, 0.0)
(44.540340, 34.751133, 0.0)
(44.514694, 34.709763, 0.0)
(46.237541, 33.694630, 0.0)
(46.388142, 33.390678, 0.0)
(46.363964, 33.188934, 0.0)
(46.368973, 32.870632, 0.0)
(46.364132, 32.598576, 0.0)
(46.343174, 32.361710, 0.0)
(46.373207, 32.068947, 0.0)
(46.388340, 31.748911, 0.0)
(46.398003, 31.489756, 0.0)
(46.383503, 31.209551, 0.0)
(46.378994, 30.917433, 0.0)
(46.374828, 30.665859, 0.0)
(46.345322, 30.456118, 0.0)
(46.330902, 30.305920, 0.0)
(46.298988, 30.080000, 0.0)
(46.308594, 29.873486, 0.0)
(46.288055, 29.740385, 0.0)
(46.271420, 29.564304, 0.0)
(46.250584, 29.423504, 0.0)
(46.232304, 29.281693, 0.0)
(46.200439, 29.050179, 0.0)
(46.178528, 28.886877, 0.0)
(46.151306, 28.724260, 0.0)
(46.127037, 28.589600, 0.0)
(46.123421, 28.491964, 0.0)
(46.093353, 28.342661, 0.0)
(46.072914, 28.244595, 0.0)
(46.030003, 28.070076, 0.0)
(45.884201, 27.753502, 0.0)
(45.576450, 26.929373, 0.0)
(45.549946, 26.709131, 0.0)
(45.533169, 26.584616, 0.0)
(45.548996, 26.515131, 0.0)
(45.497845, 26.410816, 0.0)
(45.502327, 26.315197, 0.0)
(45.489761, 26.175119, 0.0)
(45.362267, 25.869450, 0.0)
(45.056923, 25.370575, 0.0)
(44.973961, 25.179316, 0.0)
(44.946735, 25.102736, 0.0)
(44.962547, 25.015806, 0.0)
(44.912773, 24.952675, 0.0)
(44.707012, 24.839769, 0.0)
(44.693722, 24.778641, 0.0)
(44.715313, 24.727741, 0.0)
(44.728966, 24.689743, 0.0)
(44.737629, 24.604721, 0.0)
(44.705784, 24.533039, 0.0)
(44.698727, 24.436443, 0.0)
(44.697998, 24.358528, 0.0)
(44.685265, 24.346933, 0.0)
(44.648403, 24.308584, 0.0)
(44.655106, 24.373690, 0.0)
(44.665195, 24.484339, 0.0)
(45.007309, 26.939913, 0.0)
(45.003414, 29.058571, 0.0)
(44.980267, 29.387711, 0.0)
(44.974941, 29.422920, 0.0)
(44.955505, 29.440430, 0.0)
(44.955505, 29.440430, 0.0)
(44.958252, 29.457130, 0.0)
(44.955505, 29.440430, 0.0)
(44.978455, 29.502098, 0.0)
(44.979851, 29.457106, 0.0)
(45.478012, 29.433378, 0.0)
(45.628860, 29.428823, 0.0)
(45.629032, 29.454529, 0.0)
(45.629032, 29.454529, 0.0)
(45.641487, 29.512806, 0.0)
(45.641487, 29.512806, 0.0)
(45.638744, 29.504389, 0.0)
(45.638744, 29.504389, 0.0)
(45.638744, 29.504389, 0.0)
(45.623096, 29.531567, 0.0)
(45.608810, 29.642973, 0.0)
(45.972198, 30.747532, 0.0)
(46.019550, 31.171968, 0.0)
(46.035957, 31.222128, 0.0)
(46.035957, 31.222128, 0.0)
(46.040810, 31.255724, 0.0)
(46.046520, 31.295490, 0.0)
(46.046520, 31.295490, 0.0)
(46.038513, 31.299053, 0.0)
(46.003956, 31.284761, 0.0)
(45.533409, 31.072615, 0.0)
(45.709442, 32.886154, 0.0)
(45.866699, 33.242699, 0.0)
(45.892635, 33.670376, 0.0)
(45.893383, 33.836483, 0.0)
(45.898594, 34.002144, 0.0)
(45.902367, 33.986469, 0.0)
(45.893959, 33.934261, 0.0)
(45.904251, 33.846493, 0.0)
(45.877888, 33.868347, 0.0)
(45.709679, 34.035503, 0.0)
(45.579300, 34.096958, 0.0)
(45.523037, 34.057579, 0.0)
(45.468552, 34.139832, 0.0)
(45.358032, 34.450268, 0.0)
(45.210529, 34.588699, 0.0)
(45.112396, 34.676270, 0.0)
(45.104858, 34.711143, 0.0)
(45.025272, 34.749313, 0.0)
(44.644096, 34.645569, 0.0)
(44.361031, 34.473545, 0.0)
(44.318443, 34.356819, 0.0)
(44.262577, 34.207462, 0.0)
(44.243542, 34.014591, 0.0)
(44.295273, 33.910301, 0.0)
(44.382076, 33.318508, 0.0)
(44.560394, 32.181442, 0.0)
(44.602100, 31.816641, 0.0)
(44.629208, 31.521437, 0.0)
(44.667217, 31.284145, 0.0)
(44.680168, 31.054844, 0.0)
(44.673149, 30.836653, 0.0)
(44.710155, 30.658621, 0.0)
(45.200298, 31.189587, 0.0)
(45.290588, 31.142683, 0.0)
(45.243931, 30.969351, 0.0)
(45.227642, 30.812977, 0.0)
(45.173409, 30.614103, 0.0)
(45.143997, 30.399040, 0.0)
(45.103333, 30.196810, 0.0)
(45.106453, 29.991026, 0.0)
(44.848034, 29.452440, 0.0)
(44.562965, 28.750216, 0.0)
(44.413006, 28.442381, 0.0)
(44.390079, 28.281885, 0.0)
(44.376610, 28.057558, 0.0)
(44.343838, 27.898098, 0.0)
(44.329109, 27.779379, 0.0)
(44.294411, 27.571199, 0.0)
(44.273109, 27.381430, 0.0)
(44.295712, 27.237162, 0.0)
(44.271824, 27.101746, 0.0)
(44.237858, 26.960213, 0.0)
(44.174263, 26.796642, 0.0)
(44.179680, 26.693605, 0.0)
(44.156120, 26.512480, 0.0)
(44.142513, 26.265362, 0.0)
(44.007610, 25.548782, 0.0)
(43.958210, 25.347731, 0.0)
(43.963036, 25.253504, 0.0)
(43.929756, 25.155359, 0.0)
(43.533150, 24.641621, 0.0)
(43.165260, 23.941618, 0.0)
(43.086445, 23.783337, 0.0)
(43.063923, 23.668453, 0.0)
(43.056755, 23.644579, 0.0)
(43.057919, 23.601032, 0.0)
(43.071121, 23.586243, 0.0)
(43.074112, 23.560560, 0.0)
(43.053326, 23.500759, 0.0)
(43.096939, 23.513428, 0.0)
(43.115566, 23.450138, 0.0)
(43.094891, 23.407074, 0.0)
(43.096886, 23.370838, 0.0)
(43.056770, 23.318163, 0.0)
(43.050621, 23.319347, 0.0)
(43.048332, 23.289148, 0.0)
(43.070087, 23.413462, 0.0)
(43.385002, 25.563375, 0.0)
(43.475990, 27.534180, 0.0)
(43.488827, 28.024414, 0.0)
(43.489971, 28.032579, 0.0)
(43.486824, 28.045555, 0.0)
(43.495590, 28.048582, 0.0)
(43.491859, 28.053469, 0.0)
(43.495590, 28.048582, 0.0)
(43.500458, 28.029150, 0.0)
(43.489971, 28.032579, 0.0)
(43.498837, 28.024775, 0.0)
(43.488430, 28.043335, 0.0)
(43.484810, 28.048126, 0.0)
(43.488823, 28.188807, 0.0)
(43.760891, 29.431145, 0.0)
(43.884914, 30.991875, 0.0)
(43.949821, 32.149918, 0.0)
(43.786320, 32.622662, 0.0)
(43.664532, 32.808971, 0.0)
(43.642849, 32.887779, 0.0)
(43.629524, 33.036240, 0.0)
(43.658520, 33.170040, 0.0)
(43.683430, 33.167416, 0.0)
(43.772198, 33.311676, 0.0)
(43.801567, 33.508465, 0.0)
(43.804520, 33.654587, 0.0)
(43.832119, 33.690971, 0.0)
(43.879532, 33.750942, 0.0)
(43.894295, 33.849155, 0.0)
(43.936901, 33.954556, 0.0)
(43.916485, 34.019672, 0.0)
(43.907452, 34.005169, 0.0)
(43.912037, 33.967857, 0.0)
(43.951469, 33.861706, 0.0)
(43.945374, 33.850212, 0.0)
(43.946178, 33.826828, 0.0)
(43.954071, 33.817650, 0.0)
(43.952801, 33.796989, 0.0)
(43.954071, 33.817650, 0.0)
(43.954071, 33.817650, 0.0)
(43.955723, 33.804005, 0.0)
(43.949947, 33.763653, 0.0)
(43.942322, 33.741337, 0.0)
(43.920753, 33.777702, 0.0)
(43.924065, 33.784279, 0.0)
(43.915981, 33.779572, 0.0)
(43.906754, 33.773121, 0.0)
(43.887508, 33.787434, 0.0)
(43.895798, 33.796455, 0.0)
(43.870125, 33.788544, 0.0)
(43.572636, 34.727009, 0.0)
(43.561657, 34.832050, 0.0)
(43.522198, 34.775166, 0.0)
(43.514450, 34.748718, 0.0)
(43.483082, 34.747276, 0.0)
(42.453068, 35.307838, 0.0)
(42.334019, 35.277447, 0.0)
(42.344120, 35.095608, 0.0)
(42.504158, 34.456848, 0.0)
(42.590816, 33.677624, 0.0)
(42.671970, 33.152748, 0.0)
(42.761467, 32.957794, 0.0)
(42.922058, 32.668484, 0.0)
(42.973137, 32.533936, 0.0)
(42.965687, 32.312847, 0.0)
(42.962139, 32.110138, 0.0)
(43.139633, 32.004429, 0.0)
(43.135262, 31.660435, 0.0)
(43.128456, 31.426065, 0.0)
(43.130371, 31.223913, 0.0)
(43.112717, 30.741026, 0.0)
(42.751022, 30.003134, 0.0)
(42.718746, 29.483463, 0.0)
(42.644493, 28.355196, 0.0)
(42.668709, 27.986654, 0.0)
(42.621143, 27.448071, 0.0)
(42.626270, 27.208103, 0.0)
(42.639069, 27.183981, 0.0)
(42.717060, 27.207890, 0.0)
(42.671227, 27.227306, 0.0)
(42.597404, 27.299101, 0.0)
(42.465725, 27.257706, 0.0)
(42.503006, 27.071966, 0.0)
(42.556431, 26.718882, 0.0)
(42.436836, 26.076180, 0.0)
(42.210270, 25.391087, 0.0)
(42.135860, 24.901331, 0.0)
(42.085396, 24.622705, 0.0)
(42.063694, 24.511494, 0.0)
(42.061874, 24.475252, 0.0)
(42.089897, 24.383926, 0.0)
(42.074570, 24.316618, 0.0)
(42.074902, 24.260773, 0.0)
(42.079502, 24.227219, 0.0)
(42.059856, 24.185802, 0.0)
(41.628307, 23.974825, 0.0)
(41.475201, 23.681362, 0.0)
(41.239086, 23.166565, 0.0)
(41.038326, 22.768736, 0.0)
(40.861797, 22.542049, 0.0)
(40.875710, 22.540936, 0.0)
(40.875710, 22.540936, 0.0)
(41.093662, 22.708193, 0.0)
(41.186653, 22.861906, 0.0)
(41.205814, 22.882502, 0.0)
(41.186653, 22.861906, 0.0)
(40.815506, 22.886517, 0.0)
(40.724716, 23.012430, 0.0)
(40.789886, 22.944340, 0.0)
(40.846775, 22.876167, 0.0)
(40.907658, 22.807882, 0.0)
(40.727413, 22.819790, 0.0)
(40.115162, 23.269617, 0.0)
(40.067921, 23.289423, 0.0)
(40.120377, 23.297680, 0.0)
(40.180077, 23.390408, 0.0)
(40.462971, 23.999517, 0.0)
(41.011818, 25.554995, 0.0)
(41.140934, 26.094097, 0.0)
(41.138893, 26.140659, 0.0)
(41.154087, 26.203077, 0.0)
(41.166130, 26.176950, 0.0)
(41.172466, 26.161266, 0.0)
(41.172352, 26.176382, 0.0)
(41.197575, 26.203642, 0.0)
(41.310211, 26.286325, 0.0)
(41.300789, 27.296907, 0.0)
(41.471775, 28.350248, 0.0)
(41.577850, 28.952866, 0.0)
(41.649895, 29.332573, 0.0)
(41.785824, 29.742958, 0.0)
(41.870525, 30.111086, 0.0)
(41.894840, 30.279148, 0.0)
(41.971207, 30.461157, 0.0)
(41.891174, 30.281412, 0.0)
(41.831696, 29.814985, 0.0)
(41.839592, 29.621342, 0.0)
(41.857944, 29.416227, 0.0)
(41.856777, 29.100855, 0.0)
(41.829529, 29.085064, 0.0)
(41.826988, 29.100290, 0.0)
(41.829262, 29.124857, 0.0)
(41.841846, 29.154160, 0.0)
(41.867615, 29.196995, 0.0)
(41.914070, 29.284695, 0.0)
(41.920555, 29.345350, 0.0)
(41.951698, 29.520760, 0.0)
(42.209106, 32.633377, 0.0)
(42.181744, 32.847122, 0.0)
(42.106297, 32.925800, 0.0)
(42.037838, 32.939327, 0.0)
(41.992329, 32.924740, 0.0)
(41.970821, 32.966301, 0.0)
(41.905010, 32.971466, 0.0)
(41.894588, 32.966461, 0.0)
(41.843914, 32.983898, 0.0)
(41.833939, 32.977501, 0.0)
(41.820236, 33.000652, 0.0)
(41.765553, 33.007797, 0.0)
(41.728550, 33.163387, 0.0)
(41.999466, 34.944508, 0.0)
(41.934277, 35.111603, 0.0)
(41.898712, 35.105274, 0.0)
(41.860458, 35.164009, 0.0)
(41.806770, 35.166718, 0.0)
(41.759731, 35.139370, 0.0)
(41.716370, 35.139656, 0.0)
(41.698921, 35.134598, 0.0)
(41.661789, 35.122021, 0.0)
(41.298107, 35.317677, 0.0)
(40.877392, 35.465672, 0.0)
(40.807720, 35.416874, 0.0)
(40.763500, 35.274479, 0.0)
(40.746773, 35.114109, 0.0)
(40.872833, 33.030258, 0.0)
(40.796360, 32.675613, 0.0)
(40.738083, 32.390011, 0.0)
(40.730080, 32.093822, 0.0)
(40.717598, 31.848440, 0.0)
(40.690845, 31.614023, 0.0)
(40.635838, 31.419098, 0.0)
(40.452316, 29.189491, 0.0)
(40.308552, 28.699736, 0.0)
(40.314449, 28.756655, 0.0)
(40.396755, 28.749838, 0.0)
(40.433830, 28.680277, 0.0)
(40.416183, 28.610807, 0.0)
(40.429344, 28.524248, 0.0)
(40.432850, 28.413465, 0.0)
(40.158360, 27.489859, 0.0)
(40.025959, 27.103668, 0.0)
(39.970940, 26.930496, 0.0)
(39.942036, 26.784950, 0.0)
(39.901379, 26.674791, 0.0)
(39.861637, 26.581697, 0.0)
(39.842033, 26.453661, 0.0)
(39.812397, 26.396997, 0.0)
(39.827763, 26.324192, 0.0)
(39.818451, 26.267685, 0.0)
(39.817005, 26.174885, 0.0)
(39.803070, 26.110344, 0.0)
(39.817108, 26.044342, 0.0)
(39.808651, 26.041910, 0.0)
(39.813229, 25.978289, 0.0)
(39.819714, 25.942663, 0.0)
(39.793556, 25.870077, 0.0)
(39.747768, 24.768671, 0.0)
(39.737751, 24.325176, 0.0)
(39.699165, 24.242043, 0.0)
(39.684822, 24.119205, 0.0)
(39.655563, 24.012693, 0.0)
(39.611706, 23.962612, 0.0)
(39.606010, 23.936001, 0.0)
(39.586700, 23.901045, 0.0)
(39.590450, 23.881338, 0.0)
(39.583817, 23.857693, 0.0)
(39.568817, 23.797089, 0.0)
(39.562374, 23.750490, 0.0)
(39.560902, 23.715038, 0.0)
(39.560902, 23.715038, 0.0)
(39.555614, 23.703623, 0.0)
(39.541664, 23.722260, 0.0)
(39.529579, 23.742804, 0.0)
(39.537979, 23.718758, 0.0)
(39.524158, 23.736797, 0.0)
(39.529247, 23.735958, 0.0)
(39.419182, 24.593935, 0.0)
(39.355465, 27.361408, 0.0)
(39.290245, 27.898369, 0.0)
(39.266281, 27.948034, 0.0)
(39.218300, 27.929169, 0.0)
(39.193859, 27.922848, 0.0)
(39.196995, 27.927689, 0.0)
(39.180710, 27.942329, 0.0)
(39.187401, 27.990627, 0.0)
(39.170612, 27.980846, 0.0)
(39.186062, 27.983946, 0.0)
(39.171516, 27.962900, 0.0)
(39.153961, 27.969177, 0.0)
(39.164719, 28.064981, 0.0)
(39.177326, 28.115719, 0.0)
(39.179665, 28.142887, 0.0)
(39.175297, 28.140644, 0.0)
(39.165512, 28.159332, 0.0)
(39.175953, 28.212513, 0.0)
(39.181770, 28.236898, 0.0)
(39.194340, 28.268291, 0.0)
(39.208122, 28.295607, 0.0)
(39.692043, 29.574001, 0.0)
(39.710110, 30.172438, 0.0)
(39.659836, 30.268522, 0.0)
(39.660221, 30.316425, 0.0)
(39.658237, 30.398012, 0.0)
(39.642918, 30.447701, 0.0)
(39.623142, 30.488789, 0.0)
(39.620701, 30.498354, 0.0)
(39.713032, 31.830505, 0.0)
(39.842724, 33.179688, 0.0)
(39.808964, 33.351154, 0.0)
(39.739941, 33.393414, 0.0)
(39.708141, 33.412357, 0.0)
(39.696003, 33.433170, 0.0)
(39.693501, 33.441425, 0.0)
(39.687210, 33.453495, 0.0)
(39.684776, 33.482807, 0.0)
(39.659073, 33.475296, 0.0)
(39.648396, 33.510975, 0.0)
(39.626888, 33.458454, 0.0)
(39.802921, 34.370075, 0.0)
(39.830444, 35.070412, 0.0)
(39.816826, 35.154892, 0.0)
(39.794571, 35.176727, 0.0)
(39.786995, 35.194679, 0.0)
(39.788765, 35.186855, 0.0)
(39.779915, 35.157345, 0.0)
(39.765472, 35.177357, 0.0)
(39.771885, 35.178211, 0.0)
(39.762642, 35.206131, 0.0)
(39.764622, 35.210499, 0.0)
(39.762440, 35.214275, 0.0)
(39.533642, 35.181087, 0.0)
(38.439056, 34.495705, 0.0)
(38.327374, 34.350948, 0.0)
(38.283840, 34.261143, 0.0)
(38.262825, 34.199593, 0.0)
(38.262592, 34.056732, 0.0)
(38.274040, 33.926678, 0.0)
(38.012924, 31.885983, 0.0)
(37.644783, 28.577246, 0.0)
(37.556740, 27.721416, 0.0)
(37.503788, 27.574339, 0.0)
(37.456051, 27.498085, 0.0)
(37.446667, 27.464880, 0.0)
(37.457127, 27.424473, 0.0)
(37.457851, 27.391026, 0.0)
(37.447315, 27.364695, 0.0)
(37.447971, 27.345188, 0.0)
(37.438545, 27.311934, 0.0)
(37.452713, 27.261866, 0.0)
(37.459686, 27.225391, 0.0)
(37.493984, 27.178242, 0.0)
(37.440296, 27.183764, 0.0)
(37.474361, 27.136429, 0.0)
(37.459465, 27.115068, 0.0)
(37.448860, 27.047773, 0.0)
(37.472527, 26.969492, 0.0)
(37.437862, 26.916025, 0.0)
(37.423161, 26.854902, 0.0)
(37.439316, 26.802057, 0.0)
(37.438683, 26.797173, 0.0)
(37.432922, 26.779863, 0.0)
(37.426712, 26.784777, 0.0)
(37.428028, 26.756563, 0.0)
(37.406143, 26.690767, 0.0)
(37.412155, 26.623201, 0.0)
(37.437099, 26.569939, 0.0)
(37.389305, 26.563789, 0.0)
(37.419140, 26.525812, 0.0)
(37.430481, 26.515320, 0.0)
(37.425472, 26.458427, 0.0)
(37.450882, 26.407148, 0.0)
(37.447346, 26.375950, 0.0)
(37.447613, 26.362865, 0.0)
(37.438847, 26.347012, 0.0)
(37.466831, 26.294725, 0.0)
(37.432526, 26.265459, 0.0)
(37.465923, 26.258951, 0.0)
(37.473785, 26.268597, 0.0)
(37.464390, 26.268339, 0.0)
(37.465153, 26.274137, 0.0)
(37.457993, 26.263327, 0.0)
(37.447491, 26.201082, 0.0)
(37.210789, 26.686153, 0.0)
(37.194542, 26.738163, 0.0)
(37.185036, 26.763821, 0.0)
(37.165272, 26.782280, 0.0)
(37.144287, 26.793812, 0.0)
(37.165272, 26.744228, 0.0)
(37.178169, 26.690840, 0.0)
(37.153095, 26.656794, 0.0)
(37.135262, 26.641710, 0.0)
(37.156933, 26.629215, 0.0)
(37.161053, 26.629494, 0.0)
(37.133781, 26.636850, 0.0)
(37.135910, 26.665524, 0.0)
(36.979858, 26.811327, 0.0)
(0.000000, 0.000000, 1.0)
(36.806896, 29.779400, 0.0)
(36.343788, 29.106684, 0.0)
(36.223652, 28.952160, 0.0)
(36.205952, 28.688995, 0.0)
(36.177124, 28.499950, 0.0)
(36.193623, 28.400433, 0.0)
(36.207375, 28.412594, 0.0)
(36.214714, 28.420130, 0.0)
(36.253372, 28.465179, 0.0)
(36.256004, 28.497383, 0.0)
(36.295441, 28.525541, 0.0)
(36.305466, 28.511827, 0.0)
(36.296139, 28.521523, 0.0)
(36.703106, 29.378004, 0.0)
(37.273846, 30.768076, 0.0)
(37.300224, 30.939119, 0.0)
(37.276928, 30.926964, 0.0)
(37.244686, 30.917719, 0.0)
(37.255131, 30.930134, 0.0)
(37.257458, 30.939974, 0.0)
(37.234234, 30.942703, 0.0)
(37.228745, 30.968769, 0.0)
(37.231300, 30.998764, 0.0)
(37.213291, 30.996140, 0.0)
(37.612606, 33.501453, 0.0)
(37.684612, 34.044971, 0.0)
(37.639599, 34.100101, 0.0)
(37.610722, 34.143532, 0.0)
(37.628754, 34.141781, 0.0)
(37.609329, 34.177719, 0.0)
(37.586597, 34.232353, 0.0)
(37.586517, 34.248291, 0.0)
(37.595665, 34.235939, 0.0)
(37.590408, 34.261665, 0.0)
(37.578949, 34.260876, 0.0)
(37.556629, 34.256535, 0.0)
(37.614460, 34.642612, 0.0)
(37.764168, 35.501045, 0.0)
(37.764568, 35.673965, 0.0)
(37.732670, 35.706142, 0.0)
(37.735176, 35.707989, 0.0)
(37.722553, 35.734398, 0.0)
(37.725269, 35.728748, 0.0)
(37.707832, 35.726562, 0.0)
(37.705280, 35.691132, 0.0)
(37.702923, 35.690434, 0.0)
(37.699566, 35.621613, 0.0)
(37.696033, 35.594681, 0.0)
(37.692402, 35.578327, 0.0)
(37.695290, 35.552662, 0.0)
(37.681423, 35.501156, 0.0)
(37.679951, 35.440525, 0.0)
(37.673237, 35.342876, 0.0)
(36.682434, 33.707047, 0.0)
(36.325596, 33.007301, 0.0)
(36.271057, 32.787510, 0.0)
(36.218842, 32.550896, 0.0)
(36.179111, 32.437683, 0.0)
(36.086102, 32.308609, 0.0)
(36.084370, 32.205746, 0.0)
(36.044552, 32.036484, 0.0)
(36.099403, 31.860209, 0.0)
(36.023254, 31.697935, 0.0)
(36.012436, 31.478775, 0.0)
(36.002331, 31.357010, 0.0)
(35.974262, 31.300444, 0.0)
(35.574833, 30.492338, 0.0)
(35.465340, 30.289326, 0.0)
(35.409111, 30.169052, 0.0)
(35.367527, 29.990404, 0.0)
(35.337284, 29.859194, 0.0)
(35.326824, 29.697226, 0.0)
(35.317608, 29.623106, 0.0)
(35.300709, 29.572519, 0.0)
(35.293472, 29.475748, 0.0)
(35.314270, 29.430916, 0.0)
(35.326454, 29.381388, 0.0)
(35.315292, 29.339388, 0.0)
(35.316475, 29.265144, 0.0)
(35.191032, 28.409386, 0.0)
(35.078068, 26.907726, 0.0)
(35.058834, 26.691208, 0.0)
(35.031834, 26.590242, 0.0)
(35.027817, 26.473494, 0.0)
(35.011002, 26.351070, 0.0)
(34.993645, 26.232552, 0.0)
(35.021343, 26.162218, 0.0)
(35.014694, 25.998024, 0.0)
(35.000996, 25.863737, 0.0)
(35.027180, 25.761723, 0.0)
(35.025902, 25.639460, 0.0)
(35.037193, 25.662260, 0.0)
(35.044739, 25.662443, 0.0)
(35.050762, 25.628506, 0.0)
(35.048386, 25.551600, 0.0)
(35.051487, 25.502890, 0.0)
(34.199924, 25.577026, 0.0)
(33.969791, 25.567524, 0.0)
(33.952347, 25.478636, 0.0)
(33.941177, 25.473240, 0.0)
(33.938251, 25.463507, 0.0)
(34.000439, 25.434080, 0.0)
(34.014423, 25.430819, 0.0)
(34.032921, 25.428864, 0.0)
(34.035564, 25.432898, 0.0)
(34.006496, 25.458168, 0.0)
(33.993481, 25.461952, 0.0)
(33.989094, 25.494505, 0.0)
(33.944252, 25.500757, 0.0)
(33.944820, 25.575541, 0.0)
(33.694687, 27.154154, 0.0)
(33.766605, 28.135731, 0.0)
(33.747719, 28.296410, 0.0)
(33.743164, 28.330694, 0.0)
(33.709690, 28.416330, 0.0)
(33.707249, 28.435911, 0.0)
(33.698727, 28.447168, 0.0)
(33.685879, 28.568583, 0.0)
(33.688625, 28.659679, 0.0)
(33.691860, 28.709778, 0.0)
(33.696632, 28.733454, 0.0)
(34.881931, 31.120487, 0.0)
(35.119469, 31.978086, 0.0)
(35.104481, 32.075222, 0.0)
(35.090004, 32.075741, 0.0)
(35.074848, 32.088673, 0.0)
(35.046345, 32.162296, 0.0)
(35.027050, 32.169548, 0.0)
(35.023518, 32.192482, 0.0)
(35.022812, 32.187775, 0.0)
(35.019444, 32.198879, 0.0)
(35.006775, 32.212498, 0.0)
(34.999504, 32.221649, 0.0)
(34.975090, 32.209175, 0.0)
(34.922997, 32.650826, 0.0)
(35.118759, 34.856014, 0.0)
(35.127872, 35.346130, 0.0)
(35.070053, 35.388054, 0.0)
(35.036594, 35.383904, 0.0)
(35.023773, 35.378952, 0.0)
(35.017330, 35.356129, 0.0)
(35.011948, 35.344360, 0.0)
(34.999699, 35.312798, 0.0)
(34.989883, 35.322433, 0.0)
(34.973503, 35.307930, 0.0)
(34.960686, 35.314430, 0.0)
(34.914845, 35.227737, 0.0)
(34.909092, 35.223621, 0.0)
(34.905319, 35.200489, 0.0)
(34.907608, 35.174847, 0.0)
(34.912376, 35.172161, 0.0)
(34.910053, 35.145569, 0.0)
(34.904705, 35.133839, 0.0)
(35.221672, 35.484692, 0.0)
(35.325352, 35.500828, 0.0)
(35.328354, 35.498882, 0.0)
(35.321529, 35.497299, 0.0)
(35.336872, 35.491299, 0.0)
(35.330051, 35.490818, 0.0)
(35.356560, 35.444630, 0.0)
(35.360371, 35.406311, 0.0)
(35.362885, 35.403477, 0.0)
(35.315826, 35.324356, 0.0)
(35.297726, 35.235638, 0.0)
(35.258339, 35.033371, 0.0)
(34.824680, 34.487003, 0.0)
(33.401810, 31.182924, 0.0)
(33.285690, 30.237638, 0.0)
(33.213318, 29.691523, 0.0)
(33.142414, 29.193968, 0.0)
(33.096725, 28.908981, 0.0)
(33.044739, 28.869055, 0.0)
(33.031387, 28.726423, 0.0)
(33.037563, 28.634586, 0.0)
(33.017685, 28.533813, 0.0)
(33.009674, 28.436646, 0.0)
(33.027145, 28.306435, 0.0)
(33.012859, 28.216326, 0.0)
(33.012238, 28.172766, 0.0)
(32.948879, 30.017111, 0.0)
(32.946190, 30.161016, 0.0)
(32.886631, 29.996273, 0.0)
(32.860973, 29.760918, 0.0)
(32.817181, 29.581900, 0.0)
(32.850639, 29.380436, 0.0)
(32.805264, 29.235645, 0.0)
(32.787300, 29.031784, 0.0)
(32.779015, 28.854595, 0.0)
(32.736229, 28.630709, 0.0)
(32.687782, 28.435745, 0.0)
(32.669861, 28.307692, 0.0)
(32.670807, 28.178316, 0.0)
(32.654278, 28.084595, 0.0)
(32.639389, 27.975592, 0.0)
(32.611866, 27.858149, 0.0)
(32.620243, 27.720066, 0.0)
(32.609581, 27.657167, 0.0)
(32.618431, 27.625111, 0.0)
(32.614773, 27.584301, 0.0)
(32.608070, 27.498850, 0.0)
(32.626118, 27.440275, 0.0)
(32.618187, 27.399036, 0.0)
(32.600224, 27.403591, 0.0)
(32.356632, 26.892218, 0.0)
(32.277458, 26.056768, 0.0)
(32.234901, 25.914110, 0.0)
(32.205429, 25.808720, 0.0)
(32.205555, 25.751040, 0.0)
(32.210247, 25.689442, 0.0)
(32.198265, 25.659231, 0.0)
(32.185844, 25.595356, 0.0)
(32.175327, 25.552170, 0.0)
(32.172600, 25.498089, 0.0)
(32.171947, 25.483421, 0.0)
(31.330153, 25.929399, 0.0)
(31.017208, 26.019627, 0.0)
(30.977951, 26.013086, 0.0)
(30.955313, 26.015436, 0.0)
(30.947397, 26.030151, 0.0)
(30.958437, 26.058817, 0.0)
(30.981236, 26.181932, 0.0)
(31.059994, 26.516565, 0.0)
(31.684864, 29.157076, 0.0)
(31.882954, 30.360966, 0.0)
(31.895008, 30.561115, 0.0)
(31.886948, 30.624222, 0.0)
(31.870628, 30.683691, 0.0)
(31.859499, 30.699160, 0.0)
(31.852133, 30.698797, 0.0)
(31.858809, 30.709877, 0.0)
(31.860317, 30.735830, 0.0)
(31.862570, 30.761595, 0.0)
(31.862289, 30.780798, 0.0)
(31.873554, 30.836395, 0.0)
(31.877132, 30.837982, 0.0)
(31.874897, 30.848186, 0.0)
(32.374081, 32.095364, 0.0)
(32.772186, 33.838261, 0.0)
(32.794243, 34.043915, 0.0)
(32.775822, 34.000668, 0.0)
(32.738621, 34.006557, 0.0)
(32.695698, 34.004787, 0.0)
(32.679340, 33.987324, 0.0)
(32.679600, 33.975403, 0.0)
(32.677624, 33.985733, 0.0)
(32.659946, 33.976807, 0.0)
(32.634003, 33.934608, 0.0)
(32.630512, 33.936386, 0.0)
(32.622787, 33.907864, 0.0)
(32.617176, 33.937122, 0.0)
(32.612282, 33.925407, 0.0)
(32.616486, 33.934406, 0.0)
(32.616486, 33.934406, 0.0)
(32.614178, 33.914948, 0.0)
(32.618206, 33.911472, 0.0)
(32.618465, 33.928318, 0.0)
(32.625858, 33.922195, 0.0)
(32.736820, 34.344921, 0.0)
(33.121811, 36.089275, 0.0)
(33.120262, 36.331821, 0.0)
(33.104939, 36.291431, 0.0)
(33.097836, 36.330948, 0.0)
(33.101719, 36.353889, 0.0)
(33.070030, 36.347496, 0.0)
(33.050476, 36.352448, 0.0)
(33.044830, 36.349476, 0.0)
(33.019527, 36.316414, 0.0)
(33.021484, 36.228741, 0.0)
(33.011509, 36.280605, 0.0)
(32.980629, 36.281700, 0.0)
(32.963295, 36.284443, 0.0)
(32.894932, 36.156563, 0.0)
(32.753338, 35.661278, 0.0)
(32.842007, 36.371368, 0.0)
(32.316196, 35.626747, 0.0)
(31.972975, 35.130871, 0.0)
(31.771860, 34.646439, 0.0)
(31.624735, 34.195549, 0.0)
(31.564510, 33.873413, 0.0)
(31.467205, 33.696228, 0.0)
(31.401716, 33.516544, 0.0)
(31.298748, 33.308353, 0.0)
(31.277927, 33.166344, 0.0)
(31.232771, 33.059765, 0.0)
(31.214090, 32.936657, 0.0)
(31.231962, 32.849098, 0.0)
(31.196785, 32.755898, 0.0)
(31.187044, 32.606678, 0.0)
(31.165905, 32.485996, 0.0)
(31.142288, 32.416500, 0.0)
(31.143995, 32.272865, 0.0)
(30.886818, 32.018456, 0.0)
(30.603251, 31.100988, 0.0)
(30.566658, 30.966934, 0.0)
(30.564098, 30.820148, 0.0)
(30.549738, 30.706867, 0.0)
(30.546406, 30.567530, 0.0)
(30.525553, 30.394941, 0.0)
(30.505749, 30.273542, 0.0)
(30.504181, 30.158592, 0.0)
(30.479126, 30.049341, 0.0)
(30.457979, 29.949623, 0.0)
(30.375324, 29.738569, 0.0)
(30.193985, 28.895607, 0.0)
(30.154394, 28.686390, 0.0)
(30.130688, 28.591688, 0.0)
(30.119833, 28.427795, 0.0)
(30.091421, 28.288757, 0.0)
(30.078560, 28.174280, 0.0)
(30.063227, 28.040266, 0.0)
(30.041262, 27.943247, 0.0)
(30.034424, 27.864695, 0.0)
(30.003618, 27.819336, 0.0)
(29.958321, 27.787045, 0.0)
(29.961016, 27.716024, 0.0)
(29.983629, 27.651833, 0.0)
(29.987043, 27.632833, 0.0)
(30.014236, 27.615206, 0.0)
(29.993111, 27.598408, 0.0)
(29.990248, 27.588480, 0.0)
(29.986177, 27.580252, 0.0)
(29.957699, 27.573692, 0.0)
(29.955887, 27.578947, 0.0)
(29.959850, 27.550234, 0.0)
(29.947515, 27.557585, 0.0)
(29.951227, 27.549683, 0.0)
(29.954473, 27.541569, 0.0)
(29.918110, 27.458204, 0.0)
(29.899193, 27.358751, 0.0)
(29.895693, 27.295240, 0.0)
(29.904943, 27.227373, 0.0)
(29.911789, 27.215435, 0.0)
(29.908957, 27.268421, 0.0)
(29.900473, 27.296036, 0.0)
(29.957895, 27.310432, 0.0)
(29.951935, 27.315163, 0.0)
(29.905046, 27.310829, 0.0)
(29.432419, 28.057734, 0.0)
(29.316257, 29.205711, 0.0)
(29.294764, 29.371807, 0.0)
(29.274239, 29.356895, 0.0)
(29.229160, 29.436104, 0.0)
(29.232538, 29.413109, 0.0)
(29.221775, 29.417818, 0.0)
(29.207979, 29.486458, 0.0)
(29.211798, 29.549759, 0.0)
(29.221085, 29.624598, 0.0)
(29.216070, 29.686289, 0.0)
(29.236431, 29.696466, 0.0)
(29.260832, 29.648270, 0.0)
(29.955738, 31.839439, 0.0)
(30.152935, 32.777481, 0.0)
(30.143543, 32.981720, 0.0)
(30.130402, 33.103851, 0.0)
(30.078178, 33.214302, 0.0)
(30.065065, 33.134411, 0.0)
(30.142349, 32.923790, 0.0)
(30.113642, 32.748562, 0.0)
(30.046917, 32.639530, 0.0)
(30.013454, 32.653347, 0.0)
(30.074335, 32.832703, 0.0)
(30.148514, 33.034496, 0.0)
(30.197464, 33.145214, 0.0)
(30.231913, 33.264641, 0.0)
(30.213337, 33.383667, 0.0)
(30.202726, 33.435997, 0.0)
(30.176777, 33.410538, 0.0)
(30.170742, 33.349705, 0.0)
(30.217957, 33.811054, 0.0)
(30.296556, 34.094704, 0.0)
(30.264482, 34.165131, 0.0)
(30.220966, 34.234432, 0.0)
(30.226215, 34.312225, 0.0)
(30.177094, 34.338905, 0.0)
(30.184999, 34.377342, 0.0)
(30.186365, 34.377449, 0.0)
(30.503416, 35.695465, 0.0)
(30.668758, 36.380016, 0.0)
(30.653179, 36.419506, 0.0)
(30.616013, 36.442554, 0.0)
(30.616226, 36.397251, 0.0)
(30.586235, 36.306625, 0.0)
(30.539753, 36.243923, 0.0)
(30.554653, 36.247799, 0.0)
(30.534685, 36.219707, 0.0)
(30.478138, 36.236423, 0.0)
(30.479280, 36.225685, 0.0)
(30.131874, 36.300613, 0.0)
(29.250395, 35.992691, 0.0)
(29.144030, 35.989223, 0.0)
(29.096739, 35.724243, 0.0)
(29.070675, 35.648342, 0.0)
(29.087463, 35.365448, 0.0)
(29.036884, 35.189880, 0.0)
(29.073929, 33.644234, 0.0)
(28.997812, 33.322128, 0.0)
(28.943266, 33.078186, 0.0)
(28.886044, 32.784477, 0.0)
(28.862947, 32.494549, 0.0)
(28.823692, 32.216434, 0.0)
(28.801437, 31.925428, 0.0)
(28.782310, 31.748810, 0.0)
(28.749533, 31.569317, 0.0)
(28.715765, 31.378418, 0.0)
(28.696337, 31.204161, 0.0)
(28.706287, 30.996204, 0.0)
(28.697405, 30.817173, 0.0)
(28.643942, 30.683846, 0.0)
(28.668880, 30.509624, 0.0)
(28.683163, 30.329226, 0.0)
(28.685116, 30.161129, 0.0)
(28.664932, 30.042667, 0.0)
(28.184757, 30.018272, 0.0)
(28.094032, 29.855055, 0.0)
(28.043329, 29.700994, 0.0)
(28.072031, 29.499937, 0.0)
(28.072569, 29.318304, 0.0)
(28.040033, 29.205524, 0.0)
(28.044300, 29.024660, 0.0)
(28.030378, 28.829588, 0.0)
(28.029604, 28.594662, 0.0)
(28.019497, 28.454462, 0.0)
(28.002462, 28.363943, 0.0)
(27.976168, 28.273609, 0.0)
(27.943138, 28.178856, 0.0)
(27.948872, 28.074106, 0.0)
(27.914120, 27.996923, 0.0)
(27.900202, 27.889185, 0.0)
(27.611544, 27.992052, 0.0)
(27.578650, 27.937559, 0.0)
(27.578077, 27.871370, 0.0)
(27.595573, 27.835077, 0.0)
(27.568357, 27.720354, 0.0)
(27.498676, 27.666637, 0.0)
(27.456369, 27.657354, 0.0)
(27.479931, 27.610338, 0.0)
(27.448053, 27.579258, 0.0)
(27.469341, 27.595354, 0.0)
(27.478739, 27.549355, 0.0)
(27.450867, 27.528717, 0.0)
(27.467028, 27.484386, 0.0)
(27.461830, 27.451990, 0.0)
(27.449314, 27.445360, 0.0)
(26.939018, 28.214144, 0.0)
(26.878416, 29.129074, 0.0)
(26.881666, 29.294971, 0.0)
(26.880854, 29.286945, 0.0)
(26.887739, 29.310122, 0.0)
(26.887739, 29.310122, 0.0)
(26.926508, 29.565102, 0.0)
(27.306358, 31.134987, 0.0)
(27.767832, 32.189087, 0.0)
(27.891809, 32.516193, 0.0)
(27.857878, 32.560230, 0.0)
(27.872263, 32.615143, 0.0)
(27.857801, 32.652573, 0.0)
(27.798056, 32.691505, 0.0)
(27.801929, 32.729103, 0.0)
(27.812002, 32.723049, 0.0)
(27.801748, 32.713428, 0.0)
(27.800741, 32.766579, 0.0)
(28.031435, 34.004265, 0.0)
(28.349459, 35.476105, 0.0)
(28.462814, 35.768860, 0.0)
(28.424007, 35.741997, 0.0)
(28.399323, 35.736263, 0.0)
(28.336136, 35.651360, 0.0)
(28.282879, 35.587475, 0.0)
(28.199142, 35.267727, 0.0)
(28.190928, 35.203262, 0.0)
(28.190928, 35.190678, 0.0)
(28.198330, 35.218899, 0.0)
(28.208448, 35.243549, 0.0)
(28.177977, 35.209484, 0.0)
(28.189093, 35.217175, 0.0)
(28.178461, 35.225811, 0.0)
(28.188660, 35.230648, 0.0)
(28.187338, 35.295940, 0.0)
(28.182270, 35.309185, 0.0)
(28.186525, 35.309940, 0.0)
(28.186525, 35.309940, 0.0)
(28.177998, 35.309891, 0.0)
(28.192402, 35.307110, 0.0)
(28.165781, 35.307629, 0.0)
(28.208092, 35.279263, 0.0)
(28.204006, 35.301823, 0.0)
(28.479853, 36.093636, 0.0)
(28.672058, 36.622677, 0.0)
(28.673218, 36.629230, 0.0)
(28.653776, 36.624065, 0.0)
(28.649103, 36.621475, 0.0)
(28.636152, 36.623478, 0.0)
(28.609625, 36.647545, 0.0)
(28.528265, 37.164536, 0.0)
(28.584227, 37.226391, 0.0)
(28.557526, 37.149147, 0.0)
(28.450819, 37.094448, 0.0)
(28.412331, 37.092308, 0.0)
(28.021965, 37.162563, 0.0)
(27.734467, 37.310551, 0.0)
(27.635815, 37.160187, 0.0)
(27.573687, 36.607246, 0.0)
(27.524820, 36.313908, 0.0)
(27.457766, 36.042679, 0.0)
(27.387402, 35.647186, 0.0)
(27.357264, 35.535198, 0.0)
(27.320845, 35.267410, 0.0)
(27.194622, 35.060959, 0.0)
(27.199842, 35.007496, 0.0)
(27.195415, 34.597027, 0.0)
(27.015966, 34.226227, 0.0)
(26.940779, 33.843216, 0.0)
(26.889040, 33.312122, 0.0)
(26.816839, 32.815056, 0.0)
(26.709332, 32.264286, 0.0)
(26.618124, 31.816343, 0.0)
(26.594595, 31.554262, 0.0)
(26.507351, 31.100878, 0.0)
(26.457350, 30.686987, 0.0)
(26.430218, 30.420757, 0.0)
(26.368504, 30.073631, 0.0)
(26.292458, 29.684355, 0.0)
(26.238768, 29.244390, 0.0)
(26.217979, 28.757488, 0.0)
(26.202345, 28.579287, 0.0)
(26.146055, 28.494215, 0.0)
(26.059917, 28.614532, 0.0)
(26.059917, 28.614532, 0.0)
(26.083021, 28.511311, 0.0)
(26.090277, 28.477787, 0.0)
(26.087605, 28.422564, 0.0)
(26.059917, 28.860685, 0.0)
(26.271587, 30.106508, 0.0)
(26.256037, 30.175713, 0.0)
(26.226730, 30.008791, 0.0)
(26.222088, 29.787855, 0.0)
(26.171965, 29.617308, 0.0)
(26.137199, 29.395197, 0.0)
(26.125038, 29.165562, 0.0)
(26.139894, 28.936827, 0.0)
(26.149099, 28.824015, 0.0)
(26.152029, 28.700745, 0.0)
(26.153217, 28.574415, 0.0)
(26.165682, 28.434418, 0.0)
(25.997202, 28.602428, 0.0)
(25.966948, 28.558989, 0.0)
(25.980953, 28.462584, 0.0)
(25.976879, 28.391026, 0.0)
(25.979334, 28.311518, 0.0)
(25.968586, 28.279339, 0.0)
(25.976879, 28.235256, 0.0)
(25.981100, 28.195686, 0.0)
(25.967354, 28.137424, 0.0)
(25.956480, 28.138220, 0.0)
(25.964643, 28.102020, 0.0)
(25.959091, 28.077950, 0.0)
(25.942072, 28.037121, 0.0)
(25.953600, 27.993496, 0.0)
(25.929075, 27.972706, 0.0)
(25.931211, 27.990141, 0.0)
(25.932442, 28.109421, 0.0)
(25.948347, 29.878590, 0.0)
(26.059322, 31.408871, 0.0)
(26.040018, 31.640829, 0.0)
(26.018679, 31.643400, 0.0)
(26.006411, 31.646519, 0.0)
(25.986248, 31.680933, 0.0)
(25.984097, 31.718599, 0.0)
(25.995123, 31.713680, 0.0)
(25.993193, 31.720490, 0.0)
(25.996416, 31.738354, 0.0)
(25.753336, 31.782028, 0.0)
(25.726145, 31.797659, 0.0)
(25.752230, 31.797983, 0.0)
(25.765285, 31.814255, 0.0)
(25.776806, 31.909634, 0.0)
(25.795210, 31.913736, 0.0)
(25.791138, 31.902086, 0.0)
(25.773994, 31.899916, 0.0)
(25.781214, 31.907082, 0.0)
(25.792061, 31.928974, 0.0)
(25.804276, 31.934969, 0.0)
(25.813923, 31.962542, 0.0)
(26.014475, 33.200775, 0.0)
(26.156811, 33.859303, 0.0)
(26.151888, 33.912983, 0.0)
(26.142582, 33.922493, 0.0)
(26.110291, 33.973289, 0.0)
(26.102371, 34.000317, 0.0)
(26.095537, 34.008125, 0.0)
(26.086693, 34.027573, 0.0)
(26.101988, 34.017136, 0.0)
(26.108767, 34.009327, 0.0)
(26.135773, 34.171589, 0.0)
(26.731356, 35.943001, 0.0)
(26.921532, 36.661976, 0.0)
(26.907572, 36.758976, 0.0)
(26.857149, 36.712227, 0.0)
(26.842548, 36.680847, 0.0)
(26.846764, 36.707085, 0.0)
(27.085421, 37.027596, 0.0)
(27.180901, 37.147869, 0.0)
(27.157288, 37.073315, 0.0)
(27.165745, 37.140358, 0.0)
(27.225637, 37.367508, 0.0)
(27.273367, 37.410519, 0.0)
(27.273436, 37.349461, 0.0)
(27.256989, 37.345993, 0.0)
(27.255089, 37.351635, 0.0)
(27.260721, 37.346241, 0.0)
(27.266691, 37.323597, 0.0)
(27.268141, 37.335949, 0.0)
(27.265221, 37.335007, 0.0)
(27.280865, 37.309441, 0.0)
(27.285248, 37.310146, 0.0)
(27.286600, 37.253372, 0.0)
(27.168219, 37.729565, 0.0)
(27.245621, 37.844776, 0.0)
(27.253895, 37.835079, 0.0)
(27.220133, 37.797058, 0.0)
(27.148859, 37.689411, 0.0)
(27.473717, 38.803570, 0.0)
(27.377447, 38.252537, 0.0)
(27.333475, 37.919342, 0.0)
(27.303185, 37.762413, 0.0)
(27.299620, 37.672321, 0.0)
(27.319164, 37.599998, 0.0)
(27.112547, 37.699547, 0.0)
(27.058964, 37.810211, 0.0)
(27.072769, 37.804352, 0.0)
(27.061802, 37.804024, 0.0)
(27.058723, 37.793747, 0.0)
(27.041622, 37.701145, 0.0)
(29.725424, 34.327858, 0.0)
(34.474174, 29.986885, 0.0)
(35.704239, 28.856411, 0.0)
(35.769482, 28.662764, 0.0)
(35.739620, 28.559065, 0.0)
(35.705589, 28.503752, 0.0)
(35.670940, 28.464533, 0.0)
(35.633926, 28.432959, 0.0)
(35.595959, 28.414389, 0.0)
(35.585903, 28.396557, 0.0)
(35.580204, 28.389448, 0.0)
(35.584820, 28.363880, 0.0)
(35.569344, 28.354177, 0.0)
(35.572128, 28.343866, 0.0)
(35.581474, 28.322994, 0.0)
(37.585014, 29.545872, 0.0)
(37.658932, 29.535557, 0.0)
(37.652969, 29.451038, 0.0)
(37.636074, 29.449097, 0.0)
(37.622826, 29.412825, 0.0)
(37.617249, 29.414213, 0.0)
(37.610596, 29.434675, 0.0)
(37.600101, 29.443962, 0.0)
(37.576118, 29.407528, 0.0)
(37.697220, 29.478968, 0.0)
(39.131420, 30.156956, 0.0)
(39.181728, 30.178316, 0.0)
(39.164837, 30.197168, 0.0)
(39.153458, 30.228754, 0.0)
(39.149742, 30.236721, 0.0)
(39.147305, 30.267818, 0.0)
(39.124638, 30.274153, 0.0)
(39.084240, 30.255444, 0.0)
(39.053127, 30.267857, 0.0)
(39.013195, 30.273937, 0.0)
(39.012535, 30.279562, 0.0)
(38.994629, 30.288244, 0.0)
(38.970718, 30.337896, 0.0)
(38.921162, 30.407087, 0.0)
(38.367329, 31.291534, 0.0)
(35.583839, 35.358223, 0.0)
(34.934261, 36.826965, 0.0)
(34.832272, 37.004078, 0.0)
(34.827103, 37.002228, 0.0)
(34.800877, 36.967304, 0.0)
(34.796009, 36.870274, 0.0)
(34.805935, 36.890221, 0.0)
(34.798729, 36.780411, 0.0)
(37.231277, 32.079979, 0.0)
