(40.837021, 33.573055, 0.0)
(40.596119, 32.631565, 0.0)
(40.631851, 32.051094, 0.0)
(40.613930, 31.694223, 0.0)
(40.605560, 31.510397, 0.0)
(40.575375, 31.375319, 0.0)
(40.559998, 31.266994, 0.0)
(40.527916, 31.210321, 0.0)
(40.542488, 31.138231, 0.0)
(40.525555, 31.104517, 0.0)
(40.527672, 31.151878, 0.0)
(40.497940, 30.927732, 0.0)
(40.492538, 30.911572, 0.0)
(40.564491, 30.923155, 0.0)
(40.519741, 30.900818, 0.0)
(40.543678, 30.926380, 0.0)
(40.525436, 30.937292, 0.0)
(40.559425, 30.921576, 0.0)
(40.594109, 30.918148, 0.0)
(40.581062, 30.883657, 0.0)
(40.553558, 30.906740, 0.0)
(40.572464, 30.904087, 0.0)
(40.612949, 30.906349, 0.0)
(40.620529, 30.918087, 0.0)
(40.630203, 30.919682, 0.0)
(40.619335, 30.896551, 0.0)
(40.609882, 30.926718, 0.0)
(40.612358, 30.954060, 0.0)
(40.610306, 31.015385, 0.0)
(40.625462, 31.007570, 0.0)
(40.608093, 31.028131, 0.0)
(40.621986, 30.994982, 0.0)
(40.631760, 31.006882, 0.0)
(40.627243, 31.026205, 0.0)
(40.651634, 31.032967, 0.0)
(40.613041, 31.063515, 0.0)
(40.601677, 31.053255, 0.0)
(40.651539, 30.985075, 0.0)
(40.861317, 30.907810, 0.0)
(40.833263, 30.894209, 0.0)
(40.846771, 30.878738, 0.0)
(40.870743, 30.879690, 0.0)
(40.862576, 30.873098, 0.0)
(40.724468, 30.871796, 0.0)
(40.716156, 30.880783, 0.0)
(40.723896, 30.851130, 0.0)
(40.743996, 30.863134, 0.0)
(40.731182, 30.842350, 0.0)
(40.753376, 30.868595, 0.0)
(40.741486, 30.874598, 0.0)
(40.729969, 30.862370, 0.0)
(40.732342, 30.878778, 0.0)
(40.726360, 30.887781, 0.0)
(40.719887, 30.904720, 0.0)
(40.677368, 30.903345, 0.0)
(40.697643, 30.856880, 0.0)
(40.737129, 30.861334, 0.0)
(40.732090, 30.887674, 0.0)
(40.725822, 30.860888, 0.0)
(40.726479, 30.861839, 0.0)
(40.727161, 30.904270, 0.0)
(40.708035, 30.867447, 0.0)
(40.728611, 30.841076, 0.0)
(40.746578, 30.883190, 0.0)
(40.725918, 30.871244, 0.0)
(40.696728, 30.873610, 0.0)
(40.716839, 30.895964, 0.0)
(40.728512, 30.906836, 0.0)
(40.708881, 30.909208, 0.0)
(40.701862, 30.944664, 0.0)
(40.728054, 30.958902, 0.0)
(40.711113, 30.971100, 0.0)
(40.701000, 30.974127, 0.0)
(40.693642, 30.989979, 0.0)
(40.702888, 30.958170, 0.0)
(40.735394, 30.902967, 0.0)
(40.737431, 30.912210, 0.0)
(40.722446, 30.932383, 0.0)
(40.702290, 30.926193, 0.0)
(40.751892, 30.915089, 0.0)
(40.739944, 30.928358, 0.0)
(40.732883, 30.924629, 0.0)
(40.747822, 30.912476, 0.0)
(40.741253, 30.929848, 0.0)
(40.739468, 30.960403, 0.0)
(40.756004, 30.976864, 0.0)
(40.773315, 30.989033, 0.0)
(40.762459, 30.996025, 0.0)
(40.723930, 31.010769, 0.0)
(40.731277, 31.017523, 0.0)
(40.741146, 31.029432, 0.0)
(40.738098, 31.033165, 0.0)
(40.728382, 31.034979, 0.0)
(40.698715, 31.057434, 0.0)
(40.728382, 31.034979, 0.0)
(40.768959, 31.028484, 0.0)
(40.750095, 31.021187, 0.0)
(40.728886, 31.030098, 0.0)
(40.746754, 31.037203, 0.0)
(40.763821, 31.038269, 0.0)
(40.738609, 31.078619, 0.0)
(40.749619, 31.046959, 0.0)
(40.801197, 31.079506, 0.0)
(40.772232, 31.067223, 0.0)
(40.783970, 31.067333, 0.0)
(40.745552, 31.076321, 0.0)
(40.718365, 31.016603, 0.0)
(40.711750, 30.997084, 0.0)
(40.722679, 31.009604, 0.0)
(40.711979, 31.035212, 0.0)
(40.721939, 31.035898, 0.0)
(40.724892, 31.033426, 0.0)
(40.721550, 31.035641, 0.0)
(40.675121, 31.052198, 0.0)
(40.713074, 31.019747, 0.0)
(40.786827, 31.025640, 0.0)
(40.745064, 31.047699, 0.0)
(40.728985, 31.065556, 0.0)
(40.761204, 31.042421, 0.0)
(40.771511, 31.090315, 0.0)
(40.768063, 31.104229, 0.0)
(40.767487, 31.124537, 0.0)
(40.784443, 31.103525, 0.0)
(40.773876, 31.094027, 0.0)
(40.774971, 31.089455, 0.0)
(40.788040, 31.075174, 0.0)
(40.816563, 31.079748, 0.0)
(40.803699, 31.050461, 0.0)
(40.781956, 30.978060, 0.0)
(40.811768, 30.959330, 0.0)
(40.772461, 30.983555, 0.0)
(40.751194, 30.982008, 0.0)
(40.824875, 30.963081, 0.0)
(40.758369, 30.965137, 0.0)
(40.780846, 30.928349, 0.0)
(40.843563, 30.884785, 0.0)
(40.854118, 30.894136, 0.0)
(40.829411, 30.946510, 0.0)
(40.840012, 30.968294, 0.0)
(40.839867, 30.981009, 0.0)
(40.816261, 30.960070, 0.0)
(40.827465, 30.946386, 0.0)
(40.831902, 30.928049, 0.0)
(40.825157, 30.945505, 0.0)
(40.827045, 30.988644, 0.0)
(40.837616, 30.991678, 0.0)
(40.863754, 31.012749, 0.0)
(40.872303, 31.042921, 0.0)
(40.837082, 31.025557, 0.0)
(40.871895, 30.989256, 0.0)
(40.886440, 31.002192, 0.0)
(40.886463, 31.002153, 0.0)
(40.892822, 31.018187, 0.0)
(40.848984, 31.006149, 0.0)
(40.851357, 30.965731, 0.0)
(40.892551, 30.976856, 0.0)
(40.878078, 30.970078, 0.0)
(40.849449, 30.974779, 0.0)
(40.866409, 30.951500, 0.0)
(40.880245, 30.949503, 0.0)
(40.857880, 30.996143, 0.0)
(40.868259, 30.938892, 0.0)
(40.862541, 30.964994, 0.0)
(40.852577, 30.999504, 0.0)
(40.849548, 30.995504, 0.0)
(40.852421, 30.984121, 0.0)
(40.856060, 31.005381, 0.0)
(40.852188, 31.001749, 0.0)
(40.829922, 30.997286, 0.0)
(40.834175, 31.013166, 0.0)
(40.827435, 30.989103, 0.0)
(40.786842, 31.028700, 0.0)
(40.787289, 31.019642, 0.0)
(40.775589, 31.007984, 0.0)
(40.771900, 31.014990, 0.0)
(40.852489, 31.013386, 0.0)
(40.874435, 31.005856, 0.0)
(40.792969, 30.978580, 0.0)
(40.834682, 30.988077, 0.0)
(40.857368, 30.996536, 0.0)
(40.867104, 31.006268, 0.0)
(39.189651, 31.446806, 0.0)
(35.677113, 32.497257, 0.0)
(33.576389, 33.669319, 0.0)
(33.340576, 33.876148, 0.0)
(33.309238, 33.883213, 0.0)
(33.322475, 33.904247, 0.0)
(33.320969, 33.866222, 0.0)
(33.305061, 33.883499, 0.0)
(33.289822, 33.924030, 0.0)
(36.624886, 31.574360, 0.0)
(41.171146, 28.625259, 0.0)
(44.416885, 27.979860, 0.0)
(46.250687, 28.553846, 0.0)
(46.284100, 28.637672, 0.0)
(46.274712, 28.638849, 0.0)
(46.344994, 28.599623, 0.0)
(46.352970, 28.585707, 0.0)
(47.387203, 30.913824, 0.0)
(47.780750, 34.291416, 0.0)
(47.537231, 35.267464, 0.0)
(47.467754, 35.366013, 0.0)
(47.451954, 35.359852, 0.0)
(47.518166, 35.346077, 0.0)
(48.200588, 36.094936, 0.0)
(48.279156, 36.161087, 0.0)
(48.253914, 36.123302, 0.0)
(48.234570, 36.046509, 0.0)
(48.248924, 36.028477, 0.0)
(48.241348, 36.029083, 0.0)
(48.216930, 36.050648, 0.0)
(48.207565, 36.059937, 0.0)
(48.218575, 36.060352, 0.0)
(45.120098, 33.192501, 0.0)
(40.852608, 31.210114, 0.0)
(36.994045, 29.994570, 0.0)
(34.196190, 29.502844, 0.0)
(33.267925, 29.473310, 0.0)
(33.125801, 29.534597, 0.0)
(33.082504, 29.571627, 0.0)
(33.087406, 29.609573, 0.0)
(33.114231, 29.614141, 0.0)
(33.082626, 29.619392, 0.0)
(32.381454, 32.997597, 0.0)
(32.631737, 35.508114, 0.0)
(32.920826, 36.170784, 0.0)
(32.906727, 36.248322, 0.0)
(32.883095, 36.323551, 0.0)
(32.882599, 36.377346, 0.0)
(32.871204, 36.428024, 0.0)
(34.202030, 34.777615, 0.0)
(39.025105, 28.798798, 0.0)
(43.027603, 27.369173, 0.0)
(45.612785, 27.815023, 0.0)
(45.841957, 28.087952, 0.0)
(45.829468, 28.127441, 0.0)
(45.881603, 28.106394, 0.0)
(47.070457, 28.340956, 0.0)
(47.409847, 28.471500, 0.0)
(47.373535, 28.401770, 0.0)
(47.370365, 28.359612, 0.0)
(47.348358, 28.325108, 0.0)
(47.345802, 28.300550, 0.0)
(47.324005, 28.287943, 0.0)
(47.308907, 28.320776, 0.0)
(47.275127, 28.277107, 0.0)
(47.300602, 28.287920, 0.0)
(47.011116, 28.146017, 0.0)
(42.367512, 26.117306, 0.0)
(38.469376, 26.027853, 0.0)
(35.330879, 27.572027, 0.0)
(33.011566, 28.809641, 0.0)
(32.038185, 29.134275, 0.0)
(31.976364, 29.112238, 0.0)
(31.973700, 29.090910, 0.0)
(31.911980, 29.081804, 0.0)
(31.747894, 31.378881, 0.0)
(32.137451, 34.780006, 0.0)
(32.843407, 36.025455, 0.0)
(32.845089, 36.142101, 0.0)
(32.868671, 36.124855, 0.0)
(32.876270, 36.105679, 0.0)
(32.574738, 36.658981, 0.0)
(32.554317, 36.744080, 0.0)
(32.577961, 36.720852, 0.0)
(32.563198, 36.716152, 0.0)
(32.592548, 36.714985, 0.0)
(32.591721, 36.759552, 0.0)
(32.597919, 36.787754, 0.0)
(32.603714, 36.755711, 0.0)
(32.592793, 36.742878, 0.0)
(32.615627, 36.730629, 0.0)
(32.586758, 36.700310, 0.0)
(32.132782, 36.287376, 0.0)
(32.012413, 36.095604, 0.0)
(31.962524, 36.038891, 0.0)
(31.979771, 35.997547, 0.0)
(32.014191, 35.956219, 0.0)
(31.991539, 35.936436, 0.0)
(31.974342, 35.940247, 0.0)
(31.995451, 35.912006, 0.0)
(32.005203, 35.959682, 0.0)
(31.982409, 35.941807, 0.0)
(31.996681, 35.928970, 0.0)
(32.030689, 35.924702, 0.0)
(31.796984, 33.592445, 0.0)
(31.135004, 29.083204, 0.0)
(30.935669, 28.750443, 0.0)
(30.891968, 28.870909, 0.0)
(30.812767, 28.892336, 0.0)
(30.810291, 28.872995, 0.0)
(30.946983, 27.991098, 0.0)
(30.936968, 27.921223, 0.0)
(30.912081, 27.894594, 0.0)
(30.863537, 27.897812, 0.0)
(30.837324, 27.822302, 0.0)
(30.876146, 27.780386, 0.0)
(30.914984, 27.736084, 0.0)
(30.901308, 27.672047, 0.0)
(30.890867, 27.670280, 0.0)
(30.787544, 27.593687, 0.0)
(30.823534, 27.473377, 0.0)
(30.831530, 27.434610, 0.0)
(30.844240, 27.415260, 0.0)
(30.847527, 27.426172, 0.0)
(30.833000, 27.392275, 0.0)
(30.846209, 27.390144, 0.0)
(30.864840, 27.399933, 0.0)
(30.850082, 27.404024, 0.0)
(30.857401, 27.414738, 0.0)
(30.879210, 27.396774, 0.0)
(30.879507, 27.401892, 0.0)
(30.904381, 27.402411, 0.0)
(30.860088, 27.382391, 0.0)
(30.855232, 27.388397, 0.0)
(30.902977, 27.386156, 0.0)
(30.911507, 27.403212, 0.0)
(30.880198, 27.406683, 0.0)
(30.914589, 27.407129, 0.0)
(30.918064, 27.390656, 0.0)
(30.889389, 27.400370, 0.0)
(30.937384, 27.375259, 0.0)
(35.954044, 28.968451, 0.0)
(39.749687, 30.183813, 0.0)
(40.517326, 30.712749, 0.0)
(40.551754, 30.698114, 0.0)
(40.572865, 30.676958, 0.0)
(40.555836, 30.654341, 0.0)
(40.519207, 30.630651, 0.0)
(40.536209, 30.659828, 0.0)
(40.752495, 30.876923, 0.0)
(40.780315, 30.978813, 0.0)
(40.733047, 30.974693, 0.0)
(40.731667, 30.933048, 0.0)
(40.786545, 30.883936, 0.0)
(40.800354, 30.891472, 0.0)
(40.749302, 30.858614, 0.0)
(40.755440, 30.873642, 0.0)
(40.793308, 30.874605, 0.0)
(40.746990, 30.890562, 0.0)
(40.783897, 30.847525, 0.0)
(40.809669, 30.849583, 0.0)
(40.769520, 30.886784, 0.0)
(40.790028, 30.895056, 0.0)
(40.802040, 30.923000, 0.0)
(40.813656, 30.922503, 0.0)
(40.797989, 30.936296, 0.0)
(40.800327, 30.927187, 0.0)
(40.796505, 30.936504, 0.0)
(40.664509, 30.839693, 0.0)
(40.669739, 30.833780, 0.0)
(40.624771, 30.813818, 0.0)
(40.644844, 30.809431, 0.0)
(40.701347, 30.741880, 0.0)
(40.694798, 30.752001, 0.0)
(40.655163, 30.768614, 0.0)
(40.645088, 30.779385, 0.0)
(40.669376, 30.810663, 0.0)
(40.646938, 30.837505, 0.0)
(40.644531, 30.821455, 0.0)
(40.652409, 30.820423, 0.0)
(40.652462, 30.831993, 0.0)
(40.655632, 30.829926, 0.0)
(40.658817, 30.832764, 0.0)
(40.655220, 30.844547, 0.0)
(40.670860, 30.817430, 0.0)
(39.795475, 31.765411, 0.0)
(36.096989, 34.031586, 0.0)
(34.948032, 35.742950, 0.0)
(34.880600, 35.919724, 0.0)
(34.876385, 35.917213, 0.0)
(34.964714, 35.978470, 0.0)
(36.263203, 36.235294, 0.0)
(36.381504, 36.244850, 0.0)
(36.354633, 36.224144, 0.0)
(36.364475, 36.223682, 0.0)
(38.775845, 36.447884, 0.0)
(40.183239, 36.252274, 0.0)
(40.349461, 36.235394, 0.0)
(40.467670, 36.232830, 0.0)
(40.585758, 36.195930, 0.0)
(40.676159, 36.269920, 0.0)
(40.814693, 36.254120, 0.0)
(40.999832, 36.253223, 0.0)
(41.869923, 36.412376, 0.0)
(43.112061, 36.421978, 0.0)
(43.306770, 36.384438, 0.0)
(43.429485, 36.385513, 0.0)
(43.535812, 36.402538, 0.0)
(43.689816, 36.484798, 0.0)
(45.184490, 36.411766, 0.0)
(46.546215, 36.001720, 0.0)
(46.738857, 36.019333, 0.0)
(46.787991, 36.085361, 0.0)
(46.810989, 36.039997, 0.0)
(46.857746, 36.080849, 0.0)
(46.893543, 36.108543, 0.0)
(46.920082, 36.064884, 0.0)
(47.001007, 36.067558, 0.0)
(47.233910, 36.145641, 0.0)
(48.171677, 35.779232, 0.0)
(48.261211, 35.761337, 0.0)
(48.259243, 35.755173, 0.0)
(48.290993, 35.765480, 0.0)
(48.314507, 35.741989, 0.0)
(48.324623, 35.724068, 0.0)
(48.325413, 35.745487, 0.0)
(48.346039, 35.727905, 0.0)
(48.357552, 35.761322, 0.0)
(48.347935, 35.737099, 0.0)
(48.332661, 35.737694, 0.0)
(48.359539, 35.668793, 0.0)
(48.378399, 35.660938, 0.0)
(48.339485, 35.650291, 0.0)
(48.282398, 35.626568, 0.0)
(48.131367, 35.711529, 0.0)
(45.564472, 36.027565, 0.0)
(45.317692, 36.186443, 0.0)
(45.288700, 36.212433, 0.0)
(45.237907, 36.310535, 0.0)
(45.187771, 36.312439, 0.0)
(45.118359, 36.316654, 0.0)
(45.055149, 36.379150, 0.0)
(44.983307, 36.438854, 0.0)
(44.903549, 36.498039, 0.0)
(44.763912, 36.451256, 0.0)
(44.702469, 36.436440, 0.0)
(42.451057, 36.307949, 0.0)
(42.195103, 36.308453, 0.0)
(42.060787, 36.326054, 0.0)
(41.939705, 36.337662, 0.0)
(41.876236, 36.356110, 0.0)
(41.794106, 36.383183, 0.0)
(41.625584, 36.408344, 0.0)
(41.554962, 36.468262, 0.0)
(41.483349, 36.465225, 0.0)
(41.371342, 36.512207, 0.0)
(39.783699, 36.617123, 0.0)
(37.655811, 36.483753, 0.0)
(37.467007, 36.509701, 0.0)
(37.378567, 36.555611, 0.0)
(37.283527, 36.553722, 0.0)
(37.237495, 36.606770, 0.0)
(37.164074, 36.684719, 0.0)
(37.096561, 36.673393, 0.0)
(37.044331, 36.695976, 0.0)
(36.999687, 36.729168, 0.0)
(36.939117, 36.706463, 0.0)
(36.879215, 36.720905, 0.0)
(34.730965, 36.657330, 0.0)
(34.034107, 36.577595, 0.0)
(33.965065, 36.508633, 0.0)
(33.968933, 36.493649, 0.0)
(33.927525, 36.513950, 0.0)
(33.073128, 36.467766, 0.0)
(32.403572, 36.163746, 0.0)
(32.398327, 36.140251, 0.0)
(32.409592, 36.174477, 0.0)
(32.420853, 36.179382, 0.0)
(32.450459, 36.150127, 0.0)
(32.442425, 36.131115, 0.0)
(32.470600, 36.179310, 0.0)
(32.488655, 36.166245, 0.0)
(32.494698, 36.144550, 0.0)
(32.486370, 36.071045, 0.0)
(32.523670, 36.013454, 0.0)
(32.574963, 36.002895, 0.0)
(33.163830, 36.051147, 0.0)
(37.056900, 36.009861, 0.0)
(37.745987, 36.046642, 0.0)
(37.825493, 36.001289, 0.0)
(37.955933, 35.994488, 0.0)
(38.054150, 35.988991, 0.0)
(38.098351, 36.052174, 0.0)
(38.178307, 36.092819, 0.0)
(38.312805, 36.057526, 0.0)
(38.408909, 36.047066, 0.0)
(38.493286, 36.019897, 0.0)
(38.581802, 35.970913, 0.0)
(38.753506, 35.990753, 0.0)
(38.847973, 36.032394, 0.0)
(39.077782, 36.079918, 0.0)
(42.594128, 35.815731, 0.0)
(43.616730, 35.731644, 0.0)
(43.824020, 35.727230, 0.0)
(43.884754, 35.736847, 0.0)
(43.963413, 35.751019, 0.0)
(44.018452, 35.792683, 0.0)
(44.064388, 35.810162, 0.0)
(44.136539, 35.842484, 0.0)
(44.183262, 35.836983, 0.0)
(46.232178, 35.989960, 0.0)
(47.603802, 35.788872, 0.0)
(47.655922, 35.791046, 0.0)
(47.638611, 35.840420, 0.0)
(47.670658, 35.844559, 0.0)
(47.694386, 35.836700, 0.0)
(47.673687, 35.856411, 0.0)
(48.246483, 35.954491, 0.0)
(48.392803, 35.928123, 0.0)
(48.415737, 35.930496, 0.0)
(48.406265, 35.947399, 0.0)
(48.418941, 35.953133, 0.0)
(48.413719, 35.961437, 0.0)
(48.416420, 36.010933, 0.0)
(48.416420, 36.010933, 0.0)
(48.418060, 36.004990, 0.0)
(48.415951, 36.051025, 0.0)
(48.418667, 36.015694, 0.0)
(48.436348, 35.980431, 0.0)
(48.421223, 36.000500, 0.0)
(48.430195, 35.924431, 0.0)
(48.432808, 35.948917, 0.0)
(48.421124, 35.924522, 0.0)
(48.414047, 35.872505, 0.0)
(48.421097, 35.906082, 0.0)
(48.402054, 35.921131, 0.0)
(48.379692, 35.880264, 0.0)
(48.373772, 35.873394, 0.0)
(48.361778, 35.853119, 0.0)
(47.395813, 35.667061, 0.0)
(45.450706, 35.439644, 0.0)
(45.405716, 35.410301, 0.0)
(45.353405, 35.421894, 0.0)
(45.296871, 35.402328, 0.0)
(45.264252, 35.421906, 0.0)
(45.208652, 35.436417, 0.0)
(45.148781, 35.450169, 0.0)
(45.023144, 35.509998, 0.0)
(44.951256, 35.494846, 0.0)
(42.843609, 35.379559, 0.0)
(42.145157, 35.323666, 0.0)
(42.094231, 35.253399, 0.0)
(42.063023, 35.294151, 0.0)
(41.907700, 35.327541, 0.0)
(41.847519, 35.326134, 0.0)
(41.824715, 35.352737, 0.0)
(41.783733, 35.379936, 0.0)
(41.704525, 35.377686, 0.0)
(41.647591, 35.413654, 0.0)
(41.616158, 35.360043, 0.0)
(41.596218, 35.353008, 0.0)
(40.262997, 35.354763, 0.0)
(40.054111, 35.365917, 0.0)
(40.012051, 35.401325, 0.0)
(39.878841, 35.437553, 0.0)
(39.791660, 35.421539, 0.0)
(38.418987, 35.567539, 0.0)
(34.832626, 35.542393, 0.0)
(33.978127, 35.499279, 0.0)
(33.814190, 35.510368, 0.0)
(33.731464, 35.468807, 0.0)
(33.800369, 35.373775, 0.0)
(33.795811, 35.367371, 0.0)
(33.728676, 35.443642, 0.0)
(33.722572, 35.446789, 0.0)
(33.727436, 35.450951, 0.0)
(33.694317, 35.451637, 0.0)
(33.673016, 35.453278, 0.0)
(33.668819, 35.420933, 0.0)
(33.198189, 35.461517, 0.0)
(32.426125, 35.467697, 0.0)
(32.364346, 35.443981, 0.0)
(32.384438, 35.456257, 0.0)
(32.405411, 35.403435, 0.0)
(32.385357, 35.417141, 0.0)
(32.382202, 35.384689, 0.0)
(32.373882, 35.305744, 0.0)
(32.378448, 35.289116, 0.0)
(32.407810, 35.280983, 0.0)
(32.412121, 35.265778, 0.0)
(32.412968, 35.217415, 0.0)
(32.448174, 35.137653, 0.0)
(32.487225, 35.092976, 0.0)
(32.828510, 35.033356, 0.0)
(36.509289, 34.536732, 0.0)
(37.807228, 34.663013, 0.0)
(37.977070, 34.651096, 0.0)
(37.994167, 34.622463, 0.0)
(38.068863, 34.600937, 0.0)
(38.149536, 34.655956, 0.0)
(38.255718, 34.680672, 0.0)
(38.377129, 34.651909, 0.0)
(38.485741, 34.678879, 0.0)
(38.565960, 34.702492, 0.0)
(38.743454, 34.669846, 0.0)
(39.384583, 34.716095, 0.0)
(42.191483, 34.279610, 0.0)
(42.363804, 34.338604, 0.0)
(42.422127, 34.348526, 0.0)
(42.479927, 34.349190, 0.0)
(42.573296, 34.359516, 0.0)
(42.710388, 34.328972, 0.0)
(42.804657, 34.305779, 0.0)
(42.827873, 34.305267, 0.0)
(42.893635, 34.354515, 0.0)
(42.965015, 34.340115, 0.0)
(42.972759, 34.396301, 0.0)
(43.027832, 34.392063, 0.0)
(43.132736, 34.427959, 0.0)
(43.195305, 34.405689, 0.0)
(45.593929, 34.866985, 0.0)
(47.480225, 35.080666, 0.0)
(47.767277, 35.046974, 0.0)
(47.790749, 35.056190, 0.0)
(47.812340, 35.092190, 0.0)
(47.872887, 35.091694, 0.0)
(47.890453, 35.117950, 0.0)
(47.899204, 35.128326, 0.0)
(47.975243, 35.232735, 0.0)
(48.456158, 35.191193, 0.0)
(48.587879, 35.107040, 0.0)
(48.608665, 35.096432, 0.0)
(48.595219, 35.087460, 0.0)
(48.560398, 35.105625, 0.0)
(48.544598, 35.106068, 0.0)
(48.596161, 35.120689, 0.0)
(48.567303, 35.086243, 0.0)
(48.592632, 35.062927, 0.0)
(48.578213, 35.081215, 0.0)
(48.571987, 35.093964, 0.0)
(48.570297, 35.090336, 0.0)
(48.567524, 35.063869, 0.0)
(48.158970, 34.405037, 0.0)
(48.053528, 34.113949, 0.0)
(48.050739, 34.089825, 0.0)
(48.069405, 34.055141, 0.0)
(47.930801, 33.967461, 0.0)
(46.651642, 34.057171, 0.0)
(46.486614, 33.988609, 0.0)
(46.442642, 33.921322, 0.0)
(46.380100, 33.930279, 0.0)
(46.203850, 33.896149, 0.0)
(43.700378, 33.935619, 0.0)
(42.252174, 33.815723, 0.0)
(42.078136, 33.805016, 0.0)
(42.008274, 33.786430, 0.0)
(41.938641, 33.784779, 0.0)
(41.882465, 33.802971, 0.0)
(41.773396, 33.806293, 0.0)
(41.743603, 33.867161, 0.0)
(41.703465, 33.856461, 0.0)
(41.609035, 33.919762, 0.0)
(41.523792, 33.971298, 0.0)
(41.432442, 33.953953, 0.0)
(41.372154, 33.935482, 0.0)
(39.294163, 33.923794, 0.0)
(38.008392, 33.867237, 0.0)
(37.793037, 33.760609, 0.0)
(37.771137, 33.717743, 0.0)
(37.716389, 33.726879, 0.0)
(37.583458, 33.744141, 0.0)
(34.773987, 34.105812, 0.0)
(33.916088, 34.169529, 0.0)
(33.772621, 34.167057, 0.0)
(33.774052, 34.218899, 0.0)
(33.765614, 34.204075, 0.0)
(33.741848, 34.197330, 0.0)
(34.550571, 34.039173, 0.0)
(34.968048, 34.028831, 0.0)
(34.907143, 34.112923, 0.0)
(34.836987, 34.140533, 0.0)
(34.740578, 34.140923, 0.0)
(33.189564, 34.612995, 0.0)
(32.554913, 34.549652, 0.0)
(32.516193, 34.500648, 0.0)
(32.515579, 34.494568, 0.0)
(32.496574, 34.474171, 0.0)
(32.516724, 34.460007, 0.0)
(32.484634, 34.500534, 0.0)
(32.468018, 34.461540, 0.0)
(32.471325, 34.483040, 0.0)
(32.480640, 34.470982, 0.0)
(32.470558, 34.464676, 0.0)
(32.505032, 34.475197, 0.0)
(32.505051, 34.455853, 0.0)
(32.363861, 33.821724, 0.0)
(32.125332, 33.250301, 0.0)
(32.142323, 33.188202, 0.0)
(32.261868, 33.219093, 0.0)
(32.331738, 33.179306, 0.0)
(34.589596, 33.141048, 0.0)
(34.876312, 33.177620, 0.0)
(35.083744, 33.152287, 0.0)
(35.249882, 33.136677, 0.0)
(35.464924, 33.112137, 0.0)
(35.685577, 33.080055, 0.0)
(35.920761, 33.046970, 0.0)
(36.397560, 33.023029, 0.0)
(38.985783, 33.207485, 0.0)
(39.284161, 33.223385, 0.0)
(39.533482, 33.241245, 0.0)
(39.774971, 33.285652, 0.0)
(40.006199, 33.288116, 0.0)
(40.166412, 33.282349, 0.0)
(40.354805, 33.332047, 0.0)
(40.540192, 33.333424, 0.0)
(40.758778, 33.355789, 0.0)
(40.904560, 33.385311, 0.0)
(41.060658, 33.434925, 0.0)
(42.375393, 33.398693, 0.0)
(43.990860, 33.395695, 0.0)
(44.209709, 33.370770, 0.0)
(44.304062, 33.424042, 0.0)
(44.403534, 33.417164, 0.0)
(44.474312, 33.469135, 0.0)
(44.591007, 33.483635, 0.0)
(44.685383, 33.501766, 0.0)
(44.933498, 33.557312, 0.0)
(47.568352, 34.023064, 0.0)
(47.870579, 34.058491, 0.0)
(47.901539, 34.074612, 0.0)
(47.907219, 34.115509, 0.0)
(47.901012, 34.123764, 0.0)
(47.914845, 34.091724, 0.0)
(47.941605, 34.089153, 0.0)
(47.990482, 34.152462, 0.0)
(47.992470, 34.155251, 0.0)
(48.017521, 34.193081, 0.0)
(48.689754, 34.208778, 0.0)
(48.741390, 34.253666, 0.0)
(48.711605, 34.238407, 0.0)
(48.715145, 34.240574, 0.0)
(48.715145, 34.240574, 0.0)
(48.752857, 34.240620, 0.0)
(48.730453, 34.229916, 0.0)
(48.700249, 34.196484, 0.0)
(48.737183, 34.217182, 0.0)
(48.723972, 34.158920, 0.0)
(48.439812, 33.410542, 0.0)
(48.350922, 33.189743, 0.0)
(48.363564, 33.176022, 0.0)
(48.333141, 33.134098, 0.0)
(48.216644, 33.108955, 0.0)
(46.760853, 33.069351, 0.0)
(46.625809, 33.087620, 0.0)
(46.509239, 33.082531, 0.0)
(46.428612, 33.048264, 0.0)
(46.275452, 33.084007, 0.0)
(45.566105, 33.085930, 0.0)
(43.783295, 33.014591, 0.0)
(43.518749, 32.974716, 0.0)
(43.419689, 32.964104, 0.0)
(43.265362, 32.988579, 0.0)
(43.128849, 32.975498, 0.0)
(42.981533, 33.003750, 0.0)
(42.815399, 32.985596, 0.0)
(42.704060, 32.980141, 0.0)
(42.576454, 32.998867, 0.0)
(42.436684, 32.969639, 0.0)
(42.278809, 33.014648, 0.0)
(40.939541, 33.040123, 0.0)
(39.320873, 32.960930, 0.0)
(39.089016, 32.943218, 0.0)
(39.020123, 32.934830, 0.0)
(38.945610, 32.951981, 0.0)
(38.801922, 32.963795, 0.0)
(38.743256, 32.958168, 0.0)
(38.653919, 32.961575, 0.0)
(38.512005, 33.004734, 0.0)
(35.708294, 33.386314, 0.0)
(34.862003, 33.465012, 0.0)
(34.649551, 33.461262, 0.0)
(34.623047, 33.435650, 0.0)
(34.588928, 33.422615, 0.0)
(34.554871, 33.486107, 0.0)
(34.486607, 33.531624, 0.0)
(34.440849, 33.525131, 0.0)
(33.230778, 33.801670, 0.0)
(32.409382, 33.800144, 0.0)
(32.286438, 33.741165, 0.0)
(32.283100, 33.751804, 0.0)
(32.318142, 33.748764, 0.0)
(32.290913, 33.808247, 0.0)
(32.243980, 33.807373, 0.0)
(32.250412, 33.772884, 0.0)
(32.236607, 33.801796, 0.0)
(32.187160, 33.855545, 0.0)
(32.180092, 33.854599, 0.0)
(32.214558, 33.817825, 0.0)
(31.958357, 33.355457, 0.0)
(31.851492, 33.012894, 0.0)
(31.934111, 32.872700, 0.0)
(31.973196, 32.825226, 0.0)
(32.022877, 32.781216, 0.0)
(32.153652, 32.744648, 0.0)
(32.590416, 32.628105, 0.0)
(33.818760, 32.419811, 0.0)
(34.110096, 32.270016, 0.0)
(34.312138, 32.218658, 0.0)
(34.526466, 32.191563, 0.0)
(34.714668, 32.134556, 0.0)
(34.989929, 32.148712, 0.0)
(35.264751, 32.137383, 0.0)
(37.381554, 32.185162, 0.0)
(37.811848, 32.175598, 0.0)
(38.065826, 32.191208, 0.0)
(38.291367, 32.213314, 0.0)
(38.582863, 32.181343, 0.0)
(38.800598, 32.222591, 0.0)
(39.045380, 32.249859, 0.0)
(39.323078, 32.228104, 0.0)
(41.225647, 32.441715, 0.0)
(41.650677, 32.452656, 0.0)
(41.876293, 32.529781, 0.0)
(42.018150, 32.515266, 0.0)
(42.162846, 32.494495, 0.0)
(42.304325, 32.524525, 0.0)
(42.489578, 32.467937, 0.0)
(42.619907, 32.489777, 0.0)
(42.712688, 32.512474, 0.0)
(42.823238, 32.580498, 0.0)
(45.029495, 33.155796, 0.0)
(47.269447, 33.289108, 0.0)
(47.535282, 33.278400, 0.0)
(47.614311, 33.287544, 0.0)
(47.660126, 33.309280, 0.0)
(47.687191, 33.322605, 0.0)
(48.504669, 33.551449, 0.0)
(48.538738, 33.486534, 0.0)
(48.520805, 33.494232, 0.0)
(48.518894, 33.487286, 0.0)
(48.524086, 33.492470, 0.0)
(48.506783, 33.468178, 0.0)
(48.519394, 33.493042, 0.0)
(48.459137, 33.492691, 0.0)
(48.480392, 33.480022, 0.0)
(48.546986, 33.503296, 0.0)
(48.587162, 33.510033, 0.0)
(48.554913, 33.489319, 0.0)
(48.567886, 33.468067, 0.0)
(48.595924, 33.434940, 0.0)
(48.569218, 33.435307, 0.0)
(48.572140, 33.439980, 0.0)
(47.901928, 32.691380, 0.0)
(47.719257, 32.162209, 0.0)
(47.735588, 32.073891, 0.0)
(47.764832, 32.054127, 0.0)
(47.655220, 31.987139, 0.0)
(47.588554, 31.970861, 0.0)
(47.504753, 31.941771, 0.0)
(46.349556, 31.883135, 0.0)
(45.919151, 31.908756, 0.0)
(45.804493, 31.868637, 0.0)
(45.650101, 31.899496, 0.0)
(45.485916, 31.899700, 0.0)
(45.383236, 31.893970, 0.0)
(45.310913, 31.910490, 0.0)
(45.117653, 31.933279, 0.0)
(43.364914, 31.768410, 0.0)
(43.136284, 31.772863, 0.0)
(42.974316, 31.775234, 0.0)
(42.877766, 31.819536, 0.0)
(42.730492, 31.794210, 0.0)
(42.659267, 31.838816, 0.0)
(42.497730, 31.858341, 0.0)
(40.873791, 31.852444, 0.0)
(39.334454, 31.871960, 0.0)
(39.092941, 31.880037, 0.0)
(38.958817, 31.965359, 0.0)
(38.856930, 31.972391, 0.0)
(38.760693, 32.013306, 0.0)
(38.677948, 32.026913, 0.0)
(37.398495, 32.295063, 0.0)
(35.048450, 32.520168, 0.0)
(34.816616, 32.537914, 0.0)
(34.766369, 32.538841, 0.0)
(34.713867, 32.608200, 0.0)
(34.664150, 32.623863, 0.0)
(34.655186, 32.635166, 0.0)
(34.621414, 32.649670, 0.0)
(34.542156, 32.637386, 0.0)
(34.527618, 32.597393, 0.0)
(33.002377, 32.708427, 0.0)
(32.079899, 32.765812, 0.0)
(31.981806, 32.841698, 0.0)
(31.999495, 32.857166, 0.0)
(31.978180, 32.864510, 0.0)
(31.969213, 32.865669, 0.0)
(31.967314, 32.855114, 0.0)
(31.965893, 32.847126, 0.0)
(31.962606, 32.844952, 0.0)
(31.944860, 32.833855, 0.0)
(31.704939, 32.674450, 0.0)
(31.917904, 32.017754, 0.0)
(31.968752, 31.918173, 0.0)
(31.965670, 31.905220, 0.0)
(31.994379, 31.857883, 0.0)
(32.050682, 31.836012, 0.0)
(32.163208, 31.757887, 0.0)
(32.272884, 31.644970, 0.0)
(32.429585, 31.537165, 0.0)
(32.604744, 31.506353, 0.0)
(33.181297, 31.374401, 0.0)
(34.702187, 31.312780, 0.0)
(35.053589, 31.265068, 0.0)
(35.207191, 31.209286, 0.0)
(35.404129, 31.196777, 0.0)
(35.666191, 31.163509, 0.0)
(35.870846, 31.145920, 0.0)
(36.050629, 31.114162, 0.0)
(36.318153, 31.080833, 0.0)
(36.532753, 31.111288, 0.0)
(37.444881, 31.079584, 0.0)
(38.880684, 30.962936, 0.0)
(39.271145, 31.028032, 0.0)
(39.473755, 31.016029, 0.0)
(39.736759, 31.059328, 0.0)
(40.001350, 31.039217, 0.0)
(40.217506, 31.034775, 0.0)
(41.155327, 31.232502, 0.0)
(44.851994, 31.769114, 0.0)
(45.768845, 31.975100, 0.0)
(45.901150, 32.007618, 0.0)
(45.930882, 31.985191, 0.0)
(45.977688, 31.991768, 0.0)
(46.782547, 32.361130, 0.0)
(48.168922, 32.514767, 0.0)
(48.269817, 32.513077, 0.0)
(48.253578, 32.530796, 0.0)
(48.262890, 32.559933, 0.0)
(48.252480, 32.605053, 0.0)
(48.226288, 32.596291, 0.0)
(48.416794, 32.661972, 0.0)
(48.615074, 32.488483, 0.0)
(48.633926, 32.470501, 0.0)
(48.569771, 32.506641, 0.0)
(48.536869, 32.521828, 0.0)
(48.561745, 32.551266, 0.0)
(48.547714, 32.540459, 0.0)
(48.544964, 32.534477, 0.0)
(48.541912, 32.553726, 0.0)
(48.569099, 32.580730, 0.0)
(48.543129, 32.594475, 0.0)
(48.257893, 31.813965, 0.0)
(48.235188, 31.685577, 0.0)
(48.238998, 31.765057, 0.0)
(48.219044, 31.702984, 0.0)
(48.239811, 31.686407, 0.0)
(48.217007, 31.677254, 0.0)
(48.179157, 31.618345, 0.0)
(48.154022, 31.627674, 0.0)
(48.064137, 31.568052, 0.0)
(48.019203, 31.565832, 0.0)
(48.020805, 31.498386, 0.0)
(46.650429, 31.153597, 0.0)
(46.529465, 31.112431, 0.0)
(46.465481, 31.078775, 0.0)
(46.355045, 31.100702, 0.0)
(46.296623, 31.109312, 0.0)
(46.208454, 31.093798, 0.0)
(46.112206, 31.007339, 0.0)
(46.003841, 31.005423, 0.0)
(44.460247, 30.807934, 0.0)
(44.174541, 30.694555, 0.0)
(44.100243, 30.707491, 0.0)
(43.986248, 30.722172, 0.0)
(43.834507, 30.761147, 0.0)
(43.603607, 30.765520, 0.0)
(40.957394, 30.727793, 0.0)
(40.681717, 30.685457, 0.0)
(40.608887, 30.700895, 0.0)
(40.490974, 30.725445, 0.0)
(40.385815, 30.689861, 0.0)
(40.357830, 30.723810, 0.0)
(40.247421, 30.742767, 0.0)
(40.010063, 30.772127, 0.0)
(37.322292, 30.806612, 0.0)
(37.060940, 30.792690, 0.0)
(36.978737, 30.825352, 0.0)
(36.914948, 30.808615, 0.0)
(36.795300, 30.799828, 0.0)
(36.729828, 30.854805, 0.0)
(36.621239, 30.875448, 0.0)
(36.512428, 30.947235, 0.0)
(36.320061, 31.021261, 0.0)
(33.521107, 31.465216, 0.0)
(33.206871, 31.512688, 0.0)
(33.138035, 31.531874, 0.0)
(33.091412, 31.565117, 0.0)
(33.033268, 31.587637, 0.0)
(32.972885, 31.608131, 0.0)
(32.888832, 31.608131, 0.0)
(32.847881, 31.600389, 0.0)
(31.913946, 31.627508, 0.0)
(31.723627, 31.464399, 0.0)
(31.667992, 31.460131, 0.0)
(31.659578, 31.475094, 0.0)
(31.714415, 31.477076, 0.0)
(31.725246, 31.507692, 0.0)
(31.680822, 31.488279, 0.0)
(31.684238, 31.484821, 0.0)
(31.744263, 31.490082, 0.0)
(31.794350, 31.464119, 0.0)
(31.866991, 31.404345, 0.0)
(31.929867, 31.328096, 0.0)
(32.031834, 31.298426, 0.0)
(32.132545, 31.244007, 0.0)
(32.788311, 30.970308, 0.0)
(33.835785, 30.570978, 0.0)
(34.146450, 30.460230, 0.0)
(34.339569, 30.382963, 0.0)
(34.575123, 30.352205, 0.0)
(34.773262, 30.265120, 0.0)
(35.089523, 30.192385, 0.0)
(36.671932, 29.934744, 0.0)
(37.056793, 29.857292, 0.0)
(37.327995, 29.840092, 0.0)
(37.645203, 29.879642, 0.0)
(37.957661, 29.933170, 0.0)
(38.259315, 29.961893, 0.0)
(38.557419, 29.929226, 0.0)
(38.888027, 29.936247, 0.0)
(39.156750, 29.960785, 0.0)
(41.332336, 30.157183, 0.0)
(43.851585, 30.146282, 0.0)
(44.137108, 30.212433, 0.0)
(44.282082, 30.279245, 0.0)
(44.371708, 30.303968, 0.0)
(45.992603, 30.818274, 0.0)
(47.821621, 31.375843, 0.0)
(47.884144, 31.403854, 0.0)
(47.900352, 31.431993, 0.0)
(47.881489, 31.425640, 0.0)
(47.891308, 31.415121, 0.0)
(48.034317, 31.431833, 0.0)
(48.068508, 31.413485, 0.0)
(48.036140, 31.439430, 0.0)
(48.055103, 31.482300, 0.0)
(48.396885, 31.595987, 0.0)
(48.460804, 31.541700, 0.0)
(48.442055, 31.504503, 0.0)
(48.450069, 31.507162, 0.0)
(48.438286, 31.468307, 0.0)
(48.431793, 31.477762, 0.0)
(48.426113, 31.513733, 0.0)
(48.438694, 31.546295, 0.0)
(48.461304, 31.560013, 0.0)
(48.449825, 31.567381, 0.0)
(48.465370, 31.577673, 0.0)
(48.467197, 31.585348, 0.0)
(48.250671, 30.826073, 0.0)
(48.241123, 30.592918, 0.0)
(48.132229, 30.551746, 0.0)
(48.095848, 30.535509, 0.0)
(48.109406, 30.491056, 0.0)
(48.064529, 30.430323, 0.0)
(48.021580, 30.394873, 0.0)
(47.976395, 30.352108, 0.0)
(47.918419, 30.334963, 0.0)
(47.798229, 30.246603, 0.0)
(46.843674, 30.047211, 0.0)
(46.609241, 30.056217, 0.0)
(46.543354, 30.034842, 0.0)
(46.432487, 30.009129, 0.0)
(46.373882, 30.051958, 0.0)
(46.246078, 30.000879, 0.0)
(46.145142, 30.004253, 0.0)
(44.635262, 29.704231, 0.0)
(44.441628, 29.708876, 0.0)
(44.291500, 29.708845, 0.0)
(44.153069, 29.710976, 0.0)
(44.020653, 29.706537, 0.0)
(43.865021, 29.711020, 0.0)
(41.640614, 29.404301, 0.0)
(41.417568, 29.311968, 0.0)
(41.340744, 29.307249, 0.0)
(41.190174, 29.293497, 0.0)
(41.065376, 29.333664, 0.0)
(40.945873, 29.359440, 0.0)
(40.732712, 29.386951, 0.0)
(40.616219, 29.450264, 0.0)
(40.501911, 29.431740, 0.0)
(40.367508, 29.459110, 0.0)
(38.765251, 29.419928, 0.0)
(38.496471, 29.427155, 0.0)
(38.368160, 29.414982, 0.0)
(38.206841, 29.443998, 0.0)
(38.065388, 29.463270, 0.0)
(37.036793, 29.694359, 0.0)
(35.495770, 29.968822, 0.0)
(35.316006, 29.976974, 0.0)
(35.201660, 29.946537, 0.0)
(35.114399, 29.957577, 0.0)
(34.940445, 30.002447, 0.0)
(33.444294, 30.528978, 0.0)
(32.624840, 30.557814, 0.0)
(32.536072, 30.548571, 0.0)
(32.501442, 30.539211, 0.0)
(32.447842, 30.567505, 0.0)
(32.411728, 30.593851, 0.0)
(32.374840, 30.588642, 0.0)
(32.365929, 30.595205, 0.0)
(32.337933, 30.600731, 0.0)
(32.321163, 30.583115, 0.0)
(32.158020, 30.589901, 0.0)
(31.643593, 30.097937, 0.0)
(31.598726, 30.004068, 0.0)
(31.612104, 29.979004, 0.0)
(31.645157, 29.958645, 0.0)
(31.739552, 29.895313, 0.0)
(31.850454, 29.788935, 0.0)
(31.980671, 29.746031, 0.0)
(32.106236, 29.676250, 0.0)
(33.390961, 29.242308, 0.0)
(33.826950, 29.108824, 0.0)
(34.025589, 29.014002, 0.0)
(34.225838, 29.003300, 0.0)
(34.443539, 28.974344, 0.0)
(34.674866, 28.947762, 0.0)
(34.959538, 28.886431, 0.0)
(35.250839, 28.832682, 0.0)
(36.910759, 28.645414, 0.0)
(37.328285, 28.582848, 0.0)
(37.597656, 28.605930, 0.0)
(37.920719, 28.623135, 0.0)
(38.216869, 28.617239, 0.0)
(39.512783, 28.571617, 0.0)
(40.495586, 28.472719, 0.0)
(40.853607, 28.520971, 0.0)
(41.112564, 28.611740, 0.0)
(41.334347, 28.669636, 0.0)
(41.536015, 28.664431, 0.0)
(41.768028, 28.737118, 0.0)
(41.960030, 28.732790, 0.0)
(44.208431, 29.123529, 0.0)
(44.637573, 29.206844, 0.0)
(44.775383, 29.259369, 0.0)
(44.865295, 29.277086, 0.0)
(44.967190, 29.359913, 0.0)
(45.223320, 29.554901, 0.0)
(47.656345, 30.322731, 0.0)
(47.958450, 30.325848, 0.0)
(47.975224, 30.329275, 0.0)
(47.980076, 30.328455, 0.0)
(48.006969, 30.321541, 0.0)
(48.025223, 30.346090, 0.0)
(48.514465, 30.656162, 0.0)
(48.609741, 30.693237, 0.0)
(48.575745, 30.669992, 0.0)
(48.569843, 30.671541, 0.0)
(48.572411, 30.681635, 0.0)
(48.537636, 30.680508, 0.0)
(48.492443, 30.681782, 0.0)
(48.534702, 30.685549, 0.0)
(48.237484, 30.383312, 0.0)
(48.063667, 29.945782, 0.0)
(48.115417, 29.955500, 0.0)
(48.124992, 29.990602, 0.0)
(48.130875, 30.030769, 0.0)
(48.099422, 29.983589, 0.0)
(48.073605, 29.930769, 0.0)
(48.041969, 29.848223, 0.0)
(48.009422, 29.797920, 0.0)
(47.969170, 29.750469, 0.0)
(47.957123, 29.749304, 0.0)
(47.860336, 29.730801, 0.0)
(47.813896, 29.717802, 0.0)
(46.610085, 29.202080, 0.0)
(46.470142, 29.170824, 0.0)
(46.404839, 29.108944, 0.0)
(46.306618, 29.083353, 0.0)
(45.247250, 28.813494, 0.0)
(44.961369, 28.762289, 0.0)
(44.892265, 28.722530, 0.0)
(44.855175, 28.693249, 0.0)
(44.713531, 28.645264, 0.0)
(44.597214, 28.609221, 0.0)
(42.811222, 28.126163, 0.0)
(42.675156, 28.125937, 0.0)
(42.577419, 28.097128, 0.0)
(42.505726, 28.035450, 0.0)
(42.449757, 28.017206, 0.0)
(42.278481, 27.971952, 0.0)
(42.237980, 27.965651, 0.0)
(41.901936, 28.057457, 0.0)
(40.334663, 27.994576, 0.0)
(40.101398, 27.964411, 0.0)
(40.036274, 27.994841, 0.0)
(39.923386, 27.987984, 0.0)
(39.804966, 27.953302, 0.0)
(39.303947, 28.088652, 0.0)
(36.242004, 28.233162, 0.0)
(35.972527, 28.242027, 0.0)
(35.934456, 28.248783, 0.0)
(35.849991, 28.268604, 0.0)
(35.771824, 28.316484, 0.0)
(33.544765, 29.127245, 0.0)
(32.394352, 29.413940, 0.0)
(32.269508, 29.422438, 0.0)
(32.249123, 29.397955, 0.0)
(32.242275, 29.394104, 0.0)
(32.214207, 29.436605, 0.0)
(32.199524, 29.455002, 0.0)
(32.195057, 29.463591, 0.0)
(32.170723, 29.496243, 0.0)
(32.135391, 29.569277, 0.0)
(32.094814, 29.621971, 0.0)
(32.064590, 29.651114, 0.0)
(32.034145, 29.703400, 0.0)
(32.021198, 29.711967, 0.0)
(32.005196, 29.771824, 0.0)
(31.988199, 29.760035, 0.0)
(31.671865, 29.573530, 0.0)
(31.593376, 29.076967, 0.0)
(31.616327, 28.935833, 0.0)
(31.655849, 28.872459, 0.0)
(31.730904, 28.787832, 0.0)
(31.824278, 28.706110, 0.0)
(31.963381, 28.618586, 0.0)
(32.101681, 28.553146, 0.0)
(33.994083, 27.845436, 0.0)
(34.372593, 27.699234, 0.0)
(34.514706, 27.617476, 0.0)
(34.699528, 27.598560, 0.0)
(34.965080, 27.552376, 0.0)
(35.176689, 27.533022, 0.0)
(35.377045, 27.522110, 0.0)
(35.626595, 27.498650, 0.0)
(36.923908, 27.424202, 0.0)
(37.611801, 27.371572, 0.0)
(37.889629, 27.344002, 0.0)
(38.168571, 27.343304, 0.0)
(38.432232, 27.359863, 0.0)
(38.722752, 27.323076, 0.0)
(39.030685, 27.302498, 0.0)
(39.335785, 27.321878, 0.0)
(41.058743, 27.399544, 0.0)
(41.411057, 27.407583, 0.0)
(41.625965, 27.429216, 0.0)
(41.829178, 27.444376, 0.0)
(42.014343, 27.494987, 0.0)
(43.388695, 27.894297, 0.0)
(46.579086, 28.738337, 0.0)
(47.598938, 29.273773, 0.0)
(47.680313, 29.320969, 0.0)
(47.719128, 29.333807, 0.0)
(47.720402, 29.341881, 0.0)
(47.743671, 29.320997, 0.0)
(47.801506, 29.379391, 0.0)
(47.824520, 29.410391, 0.0)
(47.823479, 29.417160, 0.0)
(47.823479, 29.417160, 0.0)
(47.822754, 29.453278, 0.0)
(47.821838, 29.492855, 0.0)
(47.788788, 29.509838, 0.0)
(47.831398, 29.490362, 0.0)
(47.902931, 29.524048, 0.0)
(47.899258, 29.531868, 0.0)
(47.891930, 29.551561, 0.0)
(47.929611, 29.570593, 0.0)
(47.954063, 29.602581, 0.0)
(47.954063, 29.602581, 0.0)
(47.882881, 28.978804, 0.0)
(47.874485, 28.757215, 0.0)
(47.897240, 28.798811, 0.0)
(47.837181, 28.801823, 0.0)
(47.819897, 28.814806, 0.0)
(47.780319, 28.764658, 0.0)
(47.757954, 28.764038, 0.0)
(47.711720, 28.722334, 0.0)
(47.672184, 28.691015, 0.0)
(46.211494, 28.160206, 0.0)
(45.848198, 28.006718, 0.0)
(45.781143, 27.958620, 0.0)
(45.717278, 27.947309, 0.0)
(45.609219, 27.914700, 0.0)
(45.549232, 27.874441, 0.0)
(45.421158, 27.790405, 0.0)
(45.282425, 27.760275, 0.0)
(45.171825, 27.708248, 0.0)
(44.153091, 27.475983, 0.0)
(43.671600, 27.327673, 0.0)
(43.538437, 27.289371, 0.0)
(43.407959, 27.230642, 0.0)
(43.261593, 27.184288, 0.0)
(43.191341, 27.208660, 0.0)
(43.050030, 27.221220, 0.0)
(42.977245, 27.222353, 0.0)
(41.374229, 26.991564, 0.0)
(41.133377, 26.971355, 0.0)
(41.040607, 26.957159, 0.0)
(40.885902, 26.939547, 0.0)
(40.831684, 26.943178, 0.0)
(40.732437, 26.967405, 0.0)
(39.622818, 27.007034, 0.0)
(38.141899, 26.949173, 0.0)
(37.904171, 26.997076, 0.0)
(37.867405, 26.968296, 0.0)
(37.809353, 26.976784, 0.0)
(37.676815, 27.009155, 0.0)
(37.580509, 26.985161, 0.0)
(36.870327, 27.196537, 0.0)
(35.308506, 27.485044, 0.0)
(35.032848, 27.546648, 0.0)
(35.012772, 27.538742, 0.0)
(34.918652, 27.569231, 0.0)
(34.859634, 27.570547, 0.0)
(34.787163, 27.584229, 0.0)
(34.695389, 27.663088, 0.0)
(32.632721, 28.350992, 0.0)
(32.131916, 28.358259, 0.0)
(32.005714, 28.370893, 0.0)
(31.964565, 28.418037, 0.0)
(31.887747, 28.481033, 0.0)
(31.873163, 28.510242, 0.0)
(31.864168, 28.483784, 0.0)
(31.879337, 28.480690, 0.0)
(31.868174, 28.461538, 0.0)
(31.878927, 28.423609, 0.0)
(31.951445, 28.402197, 0.0)
(31.978582, 28.334036, 0.0)
(32.062637, 27.768497, 0.0)
(32.137928, 27.695715, 0.0)
(32.305046, 27.658514, 0.0)
(32.434254, 27.580643, 0.0)
(32.630917, 27.448997, 0.0)
(32.851776, 27.324692, 0.0)
(33.976860, 27.040413, 0.0)
(34.958054, 26.768442, 0.0)
(35.226849, 26.698105, 0.0)
(35.482826, 26.683077, 0.0)
(35.730400, 26.655172, 0.0)
(35.989140, 26.577364, 0.0)
(36.238640, 26.537924, 0.0)
(36.422146, 26.540628, 0.0)
(36.705704, 26.511665, 0.0)
(36.962250, 26.491711, 0.0)
(37.824448, 26.463074, 0.0)
(39.122772, 26.344454, 0.0)
(39.499050, 26.292793, 0.0)
(39.719067, 26.235743, 0.0)
(39.927235, 26.229319, 0.0)
(40.115108, 26.243675, 0.0)
(40.343361, 26.288069, 0.0)
(40.569241, 26.326878, 0.0)
(40.657307, 26.388767, 0.0)
(41.838390, 26.501883, 0.0)
(43.148903, 26.518900, 0.0)
(43.285271, 26.555943, 0.0)
(43.395329, 26.591467, 0.0)
(43.525684, 26.667564, 0.0)
(43.559887, 26.693718, 0.0)
(43.623932, 26.796055, 0.0)
(43.660786, 26.847818, 0.0)
(43.856369, 26.956745, 0.0)
(46.660587, 28.058447, 0.0)
(47.332161, 28.322289, 0.0)
(47.395630, 28.341917, 0.0)
(47.360039, 28.288555, 0.0)
(47.411572, 28.276169, 0.0)
(47.504173, 28.299488, 0.0)
(47.613770, 28.499300, 0.0)
(48.055611, 28.849863, 0.0)
(48.117432, 28.912550, 0.0)
(48.105740, 28.890604, 0.0)
(48.023121, 28.800770, 0.0)
(48.022976, 28.799999, 0.0)
(48.035919, 28.849682, 0.0)
(48.051922, 28.895727, 0.0)
(48.029583, 28.961029, 0.0)
(48.012985, 28.955873, 0.0)
(48.022736, 28.935453, 0.0)
(47.565914, 28.148222, 0.0)
(47.494106, 28.066038, 0.0)
(47.499035, 28.075642, 0.0)
(47.491089, 28.098269, 0.0)
(47.469997, 28.116676, 0.0)
(47.446087, 28.080166, 0.0)
(45.767433, 27.365211, 0.0)
(45.727112, 27.315271, 0.0)
(45.713501, 27.265804, 0.0)
(45.647060, 27.196983, 0.0)
(45.578892, 27.198172, 0.0)
(45.502422, 27.108625, 0.0)
(45.359127, 27.023914, 0.0)
(43.950020, 26.686193, 0.0)
(43.514774, 26.485924, 0.0)
(43.470791, 26.454670, 0.0)
(43.366138, 26.422688, 0.0)
(43.302914, 26.395491, 0.0)
(43.178593, 26.417624, 0.0)
(43.029011, 26.360626, 0.0)
(40.690159, 26.035662, 0.0)
(40.581207, 26.019373, 0.0)
(40.518787, 25.963575, 0.0)
(40.449055, 25.965155, 0.0)
(40.345341, 25.996672, 0.0)
(40.240032, 25.987514, 0.0)
(40.184139, 25.980873, 0.0)
(40.172997, 25.939011, 0.0)
(38.405163, 25.968971, 0.0)
(38.060257, 25.968687, 0.0)
(37.958458, 25.949379, 0.0)
(37.939934, 25.939901, 0.0)
(37.902676, 25.943092, 0.0)
(37.808990, 25.991156, 0.0)
(37.692047, 26.045256, 0.0)
(36.515968, 26.335186, 0.0)
(34.856777, 26.640228, 0.0)
(34.753716, 26.636978, 0.0)
(34.762569, 26.613443, 0.0)
(34.753059, 26.600027, 0.0)
(34.741653, 26.597755, 0.0)
(34.699856, 26.618341, 0.0)
(34.506508, 26.771973, 0.0)
(32.252941, 27.516130, 0.0)
(32.131348, 27.559294, 0.0)
(32.059193, 27.566545, 0.0)
(32.044800, 27.524969, 0.0)
(32.043896, 27.466667, 0.0)
(31.983814, 27.485714, 0.0)
(31.982304, 27.518578, 0.0)
(31.996294, 27.551744, 0.0)
(32.015163, 27.566540, 0.0)
(32.028507, 27.541439, 0.0)
(32.048111, 27.487469, 0.0)
(32.078358, 27.450855, 0.0)
(32.130436, 27.451672, 0.0)
(32.179596, 27.442577, 0.0)
(32.216007, 27.428631, 0.0)
(32.336815, 27.433294, 0.0)
(32.439957, 27.389397, 0.0)
(35.035114, 26.415947, 0.0)
(35.890549, 26.098452, 0.0)
(36.151196, 26.043818, 0.0)
(36.285740, 26.026278, 0.0)
(36.412651, 25.964256, 0.0)
(36.603008, 25.899759, 0.0)
(36.847183, 25.886806, 0.0)
(36.967209, 25.838419, 0.0)
(37.063583, 25.843357, 0.0)
(37.225697, 25.825993, 0.0)
(37.421505, 25.817770, 0.0)
(37.569168, 25.805683, 0.0)
(37.767899, 25.784615, 0.0)
(40.240795, 25.608335, 0.0)
(40.473919, 25.577621, 0.0)
(40.531425, 25.609768, 0.0)
(40.647114, 25.643291, 0.0)
(40.772217, 25.604002, 0.0)
(40.976963, 25.625170, 0.0)
(41.107914, 25.602543, 0.0)
(41.176109, 25.618462, 0.0)
(41.348923, 25.609724, 0.0)
(43.713707, 26.100758, 0.0)
(44.678448, 26.312674, 0.0)
(44.788685, 26.293285, 0.0)
(44.813454, 26.256985, 0.0)
(44.929028, 26.276623, 0.0)
(44.971542, 26.303551, 0.0)
(44.974850, 26.330713, 0.0)
(45.023052, 26.411285, 0.0)
(45.052643, 26.415911, 0.0)
(45.064205, 26.431747, 0.0)
(46.333065, 27.047047, 0.0)
(47.400738, 27.631128, 0.0)
(47.455727, 27.655640, 0.0)
(47.458534, 27.667839, 0.0)
(47.458920, 27.664516, 0.0)
(47.511459, 27.695204, 0.0)
(47.502003, 27.695950, 0.0)
(47.540966, 27.748388, 0.0)
(47.532528, 27.762424, 0.0)
(47.572182, 27.825956, 0.0)
(47.573776, 27.834957, 0.0)
(47.547543, 27.883188, 0.0)
(47.520905, 27.954205, 0.0)
(47.528614, 27.950033, 0.0)
(47.589531, 27.997925, 0.0)
(47.559544, 27.969061, 0.0)
(47.548752, 27.962807, 0.0)
(47.773640, 28.302933, 0.0)
(48.082832, 28.979881, 0.0)
(48.095501, 29.079599, 0.0)
(48.100914, 29.190678, 0.0)
(48.253132, 29.555565, 0.0)
(48.339256, 30.308334, 0.0)
(48.451813, 31.530514, 0.0)
(48.424538, 31.804811, 0.0)
(48.414959, 31.857862, 0.0)
(48.476879, 31.894505, 0.0)
(48.495338, 31.930700, 0.0)
(48.526535, 31.956530, 0.0)
(48.572083, 32.061279, 0.0)
(48.570488, 32.086487, 0.0)
(48.598881, 32.129131, 0.0)
(48.561375, 32.146416, 0.0)
(48.570419, 32.178181, 0.0)
(48.640129, 32.205048, 0.0)
(48.647400, 32.269756, 0.0)
(48.631657, 32.320904, 0.0)
(48.651752, 32.372128, 0.0)
(48.666115, 32.455677, 0.0)
(48.659027, 32.502949, 0.0)
(48.904907, 34.324463, 0.0)
(48.928173, 34.695923, 0.0)
(48.920258, 34.751247, 0.0)
(48.921333, 34.793034, 0.0)
(48.936741, 34.896015, 0.0)
(48.944847, 34.920528, 0.0)
(48.939556, 34.946911, 0.0)
(48.914951, 35.031918, 0.0)
(48.883686, 36.421085, 0.0)
(48.853554, 36.582790, 0.0)
(48.844143, 36.560165, 0.0)
(48.839180, 36.572723, 0.0)
(48.752937, 36.553600, 0.0)
(48.750568, 36.525406, 0.0)
(48.807926, 36.479805, 0.0)
(48.800453, 36.497860, 0.0)
(48.754917, 36.512192, 0.0)
(48.739010, 36.506615, 0.0)
(48.752754, 36.549965, 0.0)
(48.722946, 36.578190, 0.0)
(48.726719, 36.573612, 0.0)
(48.732460, 36.619427, 0.0)
(48.732121, 36.615383, 0.0)
(48.718384, 36.637413, 0.0)
(48.705204, 36.642986, 0.0)
(48.726330, 36.649521, 0.0)
(48.723194, 36.682476, 0.0)
(48.714951, 36.700928, 0.0)
(48.694973, 36.697712, 0.0)
(48.694801, 36.712021, 0.0)
(48.689617, 36.718346, 0.0)
(48.717934, 36.676445, 0.0)
(48.286297, 36.217560, 0.0)
(48.345268, 35.617657, 0.0)
(48.465588, 35.435879, 0.0)
(48.475460, 35.382088, 0.0)
(48.451633, 35.283329, 0.0)
(48.420372, 35.197029, 0.0)
(48.451569, 35.135719, 0.0)
(48.435509, 34.995811, 0.0)
(48.275570, 33.783360, 0.0)
(48.297840, 33.572872, 0.0)
(48.308743, 33.540413, 0.0)
(48.280254, 33.484367, 0.0)
(48.275814, 33.444103, 0.0)
(48.278294, 33.393574, 0.0)
(48.410469, 31.827415, 0.0)
(47.878944, 29.018446, 0.0)
(47.773895, 28.855070, 0.0)
(47.755665, 29.038694, 0.0)
(47.746445, 29.056526, 0.0)
(47.746445, 29.056526, 0.0)
(47.735680, 29.056643, 0.0)
(47.741161, 28.269331, 0.0)
(47.687225, 28.168285, 0.0)
(47.750717, 28.145491, 0.0)
(47.766354, 28.162752, 0.0)
(47.750381, 28.166916, 0.0)
(47.738628, 28.061539, 0.0)
(47.617302, 27.747480, 0.0)
(47.611942, 27.729950, 0.0)
(47.570789, 27.738245, 0.0)
(47.564831, 27.731606, 0.0)
(47.580864, 27.737698, 0.0)
(47.595951, 27.671358, 0.0)
(47.619335, 27.666443, 0.0)
(47.605549, 27.692743, 0.0)
(47.597706, 27.742321, 0.0)
(47.577442, 27.742321, 0.0)
(47.585285, 27.756239, 0.0)
(47.563175, 27.758318, 0.0)
(47.594143, 27.773935, 0.0)
(47.595219, 27.792624, 0.0)
(47.573803, 27.773935, 0.0)
(47.310051, 27.773705, 0.0)
(47.393307, 27.785910, 0.0)
(47.462349, 27.774359, 0.0)
(47.339260, 27.717730, 0.0)
(47.338745, 27.733601, 0.0)
(47.349628, 27.755232, 0.0)
(47.329113, 27.784126, 0.0)
(47.267365, 27.749796, 0.0)
(47.306076, 27.784426, 0.0)
(47.321213, 27.872074, 0.0)
(47.033337, 28.343435, 0.0)
(47.044792, 29.277678, 0.0)
(47.079639, 29.433327, 0.0)
(47.408878, 30.808708, 0.0)
(47.374161, 31.209324, 0.0)
(47.403244, 31.264965, 0.0)
(47.413261, 31.322935, 0.0)
(47.426506, 31.432384, 0.0)
(47.472939, 31.498072, 0.0)
(47.468472, 31.507132, 0.0)
(47.491436, 31.529295, 0.0)
(47.980896, 33.103649, 0.0)
(48.012466, 33.618729, 0.0)
(48.000999, 33.635353, 0.0)
(48.007511, 33.637344, 0.0)
(48.006481, 33.681789, 0.0)
(47.995979, 33.715431, 0.0)
(47.984585, 33.728207, 0.0)
(48.000381, 33.964146, 0.0)
(47.842186, 36.069351, 0.0)
(47.762913, 36.691086, 0.0)
(47.745892, 36.742466, 0.0)
(47.741077, 36.753334, 0.0)
(47.725777, 36.758656, 0.0)
(47.714985, 36.769829, 0.0)
(47.705795, 36.780617, 0.0)
(47.705795, 36.780617, 0.0)
(47.717396, 36.794373, 0.0)
(47.717396, 36.794373, 0.0)
(47.699467, 36.775871, 0.0)
(47.700741, 36.752850, 0.0)
(47.721077, 36.751160, 0.0)
(47.719635, 36.777512, 0.0)
(47.713699, 36.792156, 0.0)
(47.713699, 36.792156, 0.0)
(47.743301, 36.781502, 0.0)
(47.734600, 36.839855, 0.0)
(47.738342, 36.831284, 0.0)
(47.767620, 36.802586, 0.0)
(47.761673, 36.857857, 0.0)
(47.760254, 36.900890, 0.0)
(47.733955, 36.891651, 0.0)
(47.719387, 36.925701, 0.0)
(47.065117, 36.834599, 0.0)
(46.993042, 36.845291, 0.0)
(47.004826, 36.822887, 0.0)
(46.992516, 36.864059, 0.0)
(46.990570, 36.855396, 0.0)
(46.975262, 36.839878, 0.0)
(46.963131, 36.813240, 0.0)
(46.980450, 36.805393, 0.0)
(46.997028, 36.731842, 0.0)
(46.999542, 36.717949, 0.0)
(46.977592, 36.690891, 0.0)
(47.199100, 35.651825, 0.0)
(47.178551, 34.765831, 0.0)
(47.174988, 34.607460, 0.0)
(47.189953, 34.559151, 0.0)
(47.195217, 34.542961, 0.0)
(47.191818, 34.488522, 0.0)
(47.173820, 34.431980, 0.0)
(47.183075, 34.384216, 0.0)
(47.157104, 34.274921, 0.0)
(47.183014, 34.165455, 0.0)
(47.216167, 34.092308, 0.0)
(47.233051, 34.003433, 0.0)
(47.243816, 33.954075, 0.0)
(47.221779, 33.855095, 0.0)
(47.066063, 32.646152, 0.0)
(47.069836, 31.875746, 0.0)
(47.104031, 31.757421, 0.0)
(47.070869, 31.708927, 0.0)
(47.045998, 31.669556, 0.0)
(47.074688, 31.578979, 0.0)
(47.086109, 31.482950, 0.0)
(47.121040, 31.102551, 0.0)
(46.980083, 28.206900, 0.0)
(46.873165, 28.177542, 0.0)
(46.862560, 28.229208, 0.0)
(46.867386, 28.248472, 0.0)
(46.884480, 28.244169, 0.0)
(46.867325, 28.262806, 0.0)
(46.879162, 28.247620, 0.0)
(46.876095, 28.239357, 0.0)
(46.846161, 28.177942, 0.0)
(46.405144, 27.330200, 0.0)
(46.358891, 27.303663, 0.0)
(46.347221, 27.319195, 0.0)
(46.359261, 27.295813, 0.0)
(46.408245, 27.275105, 0.0)
(46.403439, 27.277317, 0.0)
(46.378658, 27.251381, 0.0)
(46.399612, 27.257755, 0.0)
(46.401321, 27.251148, 0.0)
(46.395523, 27.261141, 0.0)
(46.406590, 27.239416, 0.0)
(46.442661, 27.243673, 0.0)
(46.423595, 27.237869, 0.0)
(46.383537, 27.279730, 0.0)
(46.377880, 27.276779, 0.0)
(46.377037, 27.269398, 0.0)
(46.377037, 27.269398, 0.0)
(46.363262, 27.305763, 0.0)
(45.549400, 27.147354, 0.0)
(45.495361, 27.210733, 0.0)
(45.506153, 27.257919, 0.0)
(45.509922, 27.289249, 0.0)
(45.531593, 27.449690, 0.0)
(46.027149, 28.419014, 0.0)
(46.071911, 28.611561, 0.0)
(46.047382, 28.668255, 0.0)
(46.058311, 28.776945, 0.0)
(46.083508, 28.879145, 0.0)
(46.100338, 29.006664, 0.0)
(46.095886, 29.093542, 0.0)
(46.117832, 29.243597, 0.0)
(46.127651, 29.356411, 0.0)
(46.235264, 29.830847, 0.0)
(46.448097, 30.979275, 0.0)
(46.483418, 31.192232, 0.0)
(46.490723, 31.235165, 0.0)
(46.514153, 31.348791, 0.0)
(46.511627, 31.419535, 0.0)
(46.523895, 31.519169, 0.0)
(46.312695, 34.289230, 0.0)
(46.467190, 36.105621, 0.0)
(46.445004, 36.160149, 0.0)
(46.409626, 36.151962, 0.0)
(46.444798, 36.127392, 0.0)
(46.465622, 36.101421, 0.0)
(46.439121, 36.113308, 0.0)
(46.429192, 36.076443, 0.0)
(46.458157, 36.159382, 0.0)
(46.447159, 36.180859, 0.0)
(46.672539, 37.075893, 0.0)
(46.755207, 37.120712, 0.0)
(46.739822, 37.159439, 0.0)
(46.722439, 37.168350, 0.0)
(46.714088, 37.201206, 0.0)
(46.727997, 37.221668, 0.0)
(46.727997, 37.221668, 0.0)
(46.724285, 37.223930, 0.0)
(46.727470, 37.228065, 0.0)
(46.724152, 37.258900, 0.0)
(46.707630, 37.277866, 0.0)
(46.674049, 37.272121, 0.0)
(46.653538, 37.234589, 0.0)
(46.713989, 37.269562, 0.0)
(46.738152, 37.277267, 0.0)
(46.700977, 37.214630, 0.0)
(46.684177, 37.224773, 0.0)
(46.690998, 37.238541, 0.0)
(46.688156, 37.230980, 0.0)
(46.660473, 37.194653, 0.0)
(46.648373, 37.206512, 0.0)
(46.654598, 37.202587, 0.0)
(46.600597, 37.238834, 0.0)
(46.363617, 37.269150, 0.0)
(45.715172, 37.331543, 0.0)
(45.606255, 37.322071, 0.0)
(45.599304, 37.264557, 0.0)
(45.584373, 37.207222, 0.0)
(45.596272, 37.144218, 0.0)
(45.851467, 35.167503, 0.0)
(45.801140, 34.580070, 0.0)
(45.740219, 34.468212, 0.0)
(45.739365, 34.398014, 0.0)
(45.778934, 34.247982, 0.0)
(45.790199, 34.095692, 0.0)
(45.762302, 34.033127, 0.0)
(45.779358, 33.910538, 0.0)
(45.834900, 33.779812, 0.0)
(45.808510, 33.696911, 0.0)
(45.822887, 33.578686, 0.0)
(45.832394, 33.511555, 0.0)
(45.824287, 33.379311, 0.0)
(45.782669, 32.063339, 0.0)
(45.775623, 31.502979, 0.0)
(45.759884, 31.360109, 0.0)
(45.761593, 31.235449, 0.0)
(45.742783, 31.115952, 0.0)
(45.735802, 31.071356, 0.0)
(45.707695, 30.997583, 0.0)
(45.668194, 30.957430, 0.0)
(45.640015, 30.862440, 0.0)
(45.606968, 30.813210, 0.0)
(45.606476, 30.650421, 0.0)
(45.669060, 30.533897, 0.0)
(45.662018, 30.475195, 0.0)
(45.488113, 28.928175, 0.0)
(45.445320, 28.581512, 0.0)
(45.476624, 28.521803, 0.0)
(45.444160, 28.481533, 0.0)
(45.453945, 28.394035, 0.0)
(45.303642, 26.797728, 0.0)
(45.175262, 26.500956, 0.0)
(45.180252, 26.499067, 0.0)
(45.163776, 26.557539, 0.0)
(45.161312, 26.528820, 0.0)
(45.180603, 26.540392, 0.0)
(45.180603, 26.540392, 0.0)
(45.163776, 26.557539, 0.0)
(45.151936, 26.556087, 0.0)
(45.175777, 26.560661, 0.0)
(45.145119, 26.565992, 0.0)
(45.109974, 26.510141, 0.0)
(45.179043, 26.489819, 0.0)
(45.156361, 26.514509, 0.0)
(45.145241, 26.564362, 0.0)
(43.620506, 26.396669, 0.0)
(43.572151, 26.394238, 0.0)
(43.576660, 26.389011, 0.0)
(43.598579, 26.403708, 0.0)
(43.634846, 26.528639, 0.0)
(43.672096, 26.659441, 0.0)
(43.796112, 26.961538, 0.0)
(44.462429, 28.261881, 0.0)
(44.512417, 28.419081, 0.0)
(44.528744, 28.540321, 0.0)
(44.544083, 28.626680, 0.0)
(44.593281, 28.808792, 0.0)
(44.662434, 28.933165, 0.0)
(44.993660, 30.216726, 0.0)
(45.034599, 31.096436, 0.0)
(45.046394, 31.270893, 0.0)
(45.112255, 31.339655, 0.0)
(45.127937, 31.417677, 0.0)
(45.106583, 31.496897, 0.0)
(45.122807, 31.551956, 0.0)
(45.144585, 31.661472, 0.0)
(45.089989, 31.896244, 0.0)
(45.025894, 34.594082, 0.0)
(45.326439, 36.253124, 0.0)
(45.332909, 36.375465, 0.0)
(45.285515, 36.360695, 0.0)
(45.256592, 36.335117, 0.0)
(45.253540, 36.320740, 0.0)
(45.254646, 36.358170, 0.0)
(45.245205, 36.333580, 0.0)
(45.244690, 36.340038, 0.0)
(45.246368, 36.352184, 0.0)
(45.253784, 36.357788, 0.0)
(45.231140, 36.379219, 0.0)
(45.207951, 36.371517, 0.0)
(45.323654, 37.109314, 0.0)
(45.343166, 37.264748, 0.0)
(45.337688, 37.245522, 0.0)
(45.319893, 37.255909, 0.0)
(45.346828, 37.245056, 0.0)
(45.359116, 37.250908, 0.0)
(45.336330, 37.255932, 0.0)
(45.349171, 37.244911, 0.0)
(45.349831, 37.251156, 0.0)
(45.321304, 37.297184, 0.0)
(45.322971, 37.316772, 0.0)
(45.319023, 37.351826, 0.0)
(45.310089, 37.388435, 0.0)
(45.305752, 37.378319, 0.0)
(45.301903, 37.358551, 0.0)
(45.292370, 37.346321, 0.0)
(45.279148, 37.305027, 0.0)
(45.284515, 37.299656, 0.0)
(44.199711, 37.064507, 0.0)
(43.854618, 37.029720, 0.0)
(43.891155, 36.996159, 0.0)
(43.880100, 36.934692, 0.0)
(43.842888, 36.815201, 0.0)
(44.211258, 35.788395, 0.0)
(44.345261, 34.930931, 0.0)
(44.330803, 34.763599, 0.0)
(44.302307, 34.603214, 0.0)
(44.340614, 34.449146, 0.0)
(44.289955, 34.329731, 0.0)
(44.308670, 34.201874, 0.0)
(44.284786, 34.128330, 0.0)
(44.311176, 33.933334, 0.0)
(44.331192, 33.869740, 0.0)
(44.300579, 33.734028, 0.0)
(44.300911, 33.696167, 0.0)
(44.304642, 33.621639, 0.0)
(44.224148, 32.218750, 0.0)
(44.112694, 32.017445, 0.0)
(44.171909, 31.876677, 0.0)
(44.220295, 31.718319, 0.0)
(44.209259, 31.572334, 0.0)
(44.146709, 30.762104, 0.0)
(43.812531, 28.465439, 0.0)
(43.747730, 28.407253, 0.0)
(43.704765, 28.405411, 0.0)
(43.724613, 28.349873, 0.0)
(43.736465, 28.266453, 0.0)
(43.727955, 28.265139, 0.0)
(43.721405, 28.243128, 0.0)
(43.383045, 26.805504, 0.0)
(43.319580, 26.425085, 0.0)
(43.320774, 26.432579, 0.0)
(43.293205, 26.454906, 0.0)
(43.314625, 26.448858, 0.0)
(43.331024, 26.444704, 0.0)
(43.340370, 26.454388, 0.0)
(43.311127, 26.450556, 0.0)
(43.242649, 25.956499, 0.0)
(43.265675, 25.938072, 0.0)
(43.272324, 25.912661, 0.0)
(43.231987, 25.936306, 0.0)
(43.258305, 25.958042, 0.0)
(43.273987, 25.956923, 0.0)
(43.248226, 25.946323, 0.0)
(43.256729, 25.913635, 0.0)
(43.260044, 25.937979, 0.0)
(43.230721, 25.953312, 0.0)
(43.235134, 26.010002, 0.0)
(43.241451, 26.026321, 0.0)
(43.240467, 26.033171, 0.0)
(42.833790, 26.085110, 0.0)
(42.181034, 26.120033, 0.0)
(42.149284, 26.142475, 0.0)
(42.151649, 26.256191, 0.0)
(42.167492, 26.286606, 0.0)
(42.133308, 26.360476, 0.0)
(42.551456, 27.541317, 0.0)
(42.638000, 27.699020, 0.0)
(42.673920, 27.782648, 0.0)
(42.656857, 27.889977, 0.0)
(42.656006, 28.006016, 0.0)
(42.723145, 28.125425, 0.0)
(42.774342, 28.302341, 0.0)
(42.788048, 28.445301, 0.0)
(42.838585, 28.581396, 0.0)
(42.888897, 28.714407, 0.0)
(43.014297, 29.998920, 0.0)
(43.005985, 30.313169, 0.0)
(43.001587, 30.468317, 0.0)
(43.010109, 30.640392, 0.0)
(43.037003, 30.690838, 0.0)
(43.086227, 30.807142, 0.0)
(43.101894, 30.887749, 0.0)
(43.355797, 33.006630, 0.0)
(43.481953, 33.773987, 0.0)
(43.485493, 33.834164, 0.0)
(43.461639, 33.828434, 0.0)
(43.493252, 33.857819, 0.0)
(43.528923, 33.856018, 0.0)
(43.529633, 33.902267, 0.0)
(43.525200, 33.966961, 0.0)
(43.753006, 36.289677, 0.0)
(43.701431, 36.611855, 0.0)
(43.689919, 36.562561, 0.0)
(43.708485, 36.533886, 0.0)
(43.718716, 36.543251, 0.0)
(43.693615, 36.564487, 0.0)
(43.694283, 36.573864, 0.0)
(43.715912, 36.599293, 0.0)
(43.713005, 36.625000, 0.0)
(43.728237, 36.665699, 0.0)
(43.729115, 36.690250, 0.0)
(43.715111, 36.728706, 0.0)
(43.713589, 36.760159, 0.0)
(43.708591, 36.794907, 0.0)
(43.420311, 36.896290, 0.0)
(43.428535, 36.947624, 0.0)
(43.463894, 36.978115, 0.0)
(43.434994, 36.973736, 0.0)
(43.388897, 36.971294, 0.0)
(43.406380, 36.972851, 0.0)
(43.392906, 36.988651, 0.0)
(43.381058, 36.962639, 0.0)
(43.378387, 36.939960, 0.0)
(43.209351, 36.955067, 0.0)
(42.465019, 37.036087, 0.0)
(42.400639, 37.030087, 0.0)
(42.394604, 36.946213, 0.0)
(42.379177, 36.860977, 0.0)
(42.334297, 36.739742, 0.0)
(42.544323, 36.048794, 0.0)
(42.507038, 34.105518, 0.0)
(42.439209, 33.895107, 0.0)
(42.457249, 33.845612, 0.0)
(42.445721, 33.750469, 0.0)
(42.435265, 33.601887, 0.0)
(42.460979, 33.502670, 0.0)
(42.460941, 33.420887, 0.0)
(42.392521, 33.283634, 0.0)
(42.410820, 33.195663, 0.0)
(42.424057, 33.071594, 0.0)
(42.409618, 32.991905, 0.0)
(42.396473, 32.912872, 0.0)
(42.442802, 31.949764, 0.0)
(42.263966, 30.930376, 0.0)
(42.263264, 30.780909, 0.0)
(42.241447, 30.662659, 0.0)
(42.253551, 30.632584, 0.0)
(42.244385, 30.566141, 0.0)
(42.239525, 30.518629, 0.0)
(42.239094, 30.462795, 0.0)
(42.260162, 30.426447, 0.0)
(42.242775, 30.398462, 0.0)
(41.813400, 28.603958, 0.0)
(41.723259, 28.362150, 0.0)
(41.753284, 28.283407, 0.0)
(41.759583, 28.240559, 0.0)
(41.736729, 28.222168, 0.0)
(41.708267, 28.198784, 0.0)
(41.812126, 26.380901, 0.0)
(41.587746, 25.652252, 0.0)
(41.557625, 25.625746, 0.0)
(41.557953, 25.627279, 0.0)
(41.586391, 25.628696, 0.0)
(41.589779, 25.633036, 0.0)
(41.590080, 25.669003, 0.0)
(41.582615, 25.665911, 0.0)
(41.568336, 25.634768, 0.0)
(41.571861, 25.629984, 0.0)
(41.567760, 25.609142, 0.0)
(41.571861, 25.629984, 0.0)
(41.571861, 25.629984, 0.0)
(41.571327, 25.655014, 0.0)
(41.545029, 25.679741, 0.0)
(41.558746, 25.640104, 0.0)
(41.616455, 25.660519, 0.0)
(41.612984, 25.694725, 0.0)
(40.375340, 26.056696, 0.0)
(40.146259, 26.197535, 0.0)
(40.151310, 26.331640, 0.0)
(40.141510, 26.387199, 0.0)
(40.761101, 27.473665, 0.0)
(40.756306, 27.980446, 0.0)
(40.730125, 28.133804, 0.0)
(40.739460, 28.268171, 0.0)
(40.759583, 28.385511, 0.0)
(40.761314, 28.476343, 0.0)
(40.785923, 28.601246, 0.0)
(40.806061, 28.702917, 0.0)
(40.833855, 28.846384, 0.0)
(40.860977, 28.925684, 0.0)
(40.878235, 29.119799, 0.0)
(41.114479, 30.138199, 0.0)
(41.042625, 31.245600, 0.0)
(41.088528, 31.369743, 0.0)
(41.089371, 31.476341, 0.0)
(41.069866, 31.554916, 0.0)
(41.609138, 32.795746, 0.0)
(41.720455, 32.961800, 0.0)
(41.694260, 32.998795, 0.0)
(41.703732, 33.011791, 0.0)
(41.713181, 33.090721, 0.0)
(41.423450, 33.480274, 0.0)
(41.334278, 34.388844, 0.0)
(41.336739, 34.581394, 0.0)
(41.337841, 34.630726, 0.0)
(41.321232, 34.691978, 0.0)
(41.724453, 35.837406, 0.0)
(41.737946, 36.165836, 0.0)
(41.727097, 36.257889, 0.0)
(41.710480, 36.267559, 0.0)
(41.665787, 36.619564, 0.0)
(41.622860, 37.023411, 0.0)
(41.653660, 37.074039, 0.0)
(41.706253, 37.043949, 0.0)
(41.668106, 37.032791, 0.0)
(41.659782, 37.022099, 0.0)
(41.664913, 37.050941, 0.0)
(41.675304, 37.050919, 0.0)
(41.661114, 37.065311, 0.0)
(41.665428, 37.046459, 0.0)
(41.676716, 37.080772, 0.0)
(41.654068, 37.071198, 0.0)
(41.690224, 37.089123, 0.0)
(41.678661, 37.119938, 0.0)
(41.666668, 37.136860, 0.0)
(41.669010, 37.125389, 0.0)
(41.675850, 37.133545, 0.0)
(41.670589, 37.132725, 0.0)
(41.679047, 37.125370, 0.0)
(41.628441, 37.112827, 0.0)
(41.136364, 37.288811, 0.0)
(40.512756, 37.296478, 0.0)
(40.511150, 37.257641, 0.0)
(40.551823, 37.175083, 0.0)
(40.490173, 37.043949, 0.0)
(40.459328, 36.971500, 0.0)
(40.765285, 35.466454, 0.0)
(40.677368, 34.513153, 0.0)
(40.610855, 34.343006, 0.0)
(40.608761, 34.176750, 0.0)
(40.583988, 34.058773, 0.0)
(40.605934, 33.901146, 0.0)
(40.581337, 33.751743, 0.0)
(40.388470, 32.824265, 0.0)
(40.265385, 32.227966, 0.0)
(40.244732, 32.050293, 0.0)
(40.241421, 31.930208, 0.0)
(40.262360, 31.849009, 0.0)
(40.267784, 31.765095, 0.0)
(40.247879, 31.709921, 0.0)
(40.183804, 31.616995, 0.0)
(40.225571, 31.520432, 0.0)
(40.228931, 31.471727, 0.0)
(40.405663, 29.372395, 0.0)
(40.107548, 26.529104, 0.0)
(39.964565, 26.318548, 0.0)
(39.963604, 26.438177, 0.0)
(39.957592, 26.454733, 0.0)
(39.976986, 26.468981, 0.0)
(39.979374, 26.473095, 0.0)
(39.986912, 26.484180, 0.0)
(39.967159, 26.487104, 0.0)
(39.975361, 26.491783, 0.0)
(39.975361, 26.491783, 0.0)
(39.996193, 26.491310, 0.0)
(39.588509, 26.127918, 0.0)
(39.557323, 26.082865, 0.0)
(39.557323, 26.082865, 0.0)
(39.523876, 26.072367, 0.0)
(39.494144, 26.049200, 0.0)
(39.528889, 26.027332, 0.0)
(39.527664, 26.041445, 0.0)
(39.519005, 26.024946, 0.0)
(39.511147, 26.036421, 0.0)
(39.514393, 26.012943, 0.0)
(39.522312, 26.014769, 0.0)
(39.528095, 26.019373, 0.0)
(39.511356, 26.025827, 0.0)
(39.514675, 26.031366, 0.0)
(39.496639, 26.046963, 0.0)
(39.505676, 26.077034, 0.0)
(38.240204, 26.427351, 0.0)
(38.047329, 26.483225, 0.0)
(38.033989, 26.500479, 0.0)
(38.014923, 26.547132, 0.0)
(38.038712, 26.691320, 0.0)
(38.019741, 26.724159, 0.0)
(38.537785, 27.542534, 0.0)
(38.630775, 28.339914, 0.0)
(38.651154, 28.465044, 0.0)
(38.646244, 28.526667, 0.0)
(38.641594, 28.590015, 0.0)
(38.629635, 28.710945, 0.0)
(38.700752, 28.805803, 0.0)
(38.747704, 28.887268, 0.0)
(38.748966, 29.068789, 0.0)
(38.774780, 29.188044, 0.0)
(39.318905, 31.138256, 0.0)
(39.469551, 32.308884, 0.0)
(39.441799, 32.484921, 0.0)
(39.425148, 32.532581, 0.0)
(39.432014, 32.558147, 0.0)
(39.433998, 32.605545, 0.0)
(39.441887, 32.621365, 0.0)
(39.462925, 32.669666, 0.0)
(39.476116, 32.749928, 0.0)
(39.467186, 32.807636, 0.0)
(39.476109, 32.821877, 0.0)
(39.481640, 32.852997, 0.0)
(39.528065, 34.951645, 0.0)
(39.844864, 36.116364, 0.0)
(39.858765, 36.298004, 0.0)
(39.827869, 36.284103, 0.0)
(39.866177, 36.283760, 0.0)
(39.848392, 36.286816, 0.0)
(39.824440, 36.275795, 0.0)
(39.853344, 36.245159, 0.0)
(39.844349, 36.325584, 0.0)
(39.845493, 36.350147, 0.0)
(39.856178, 36.301517, 0.0)
(39.932201, 36.988346, 0.0)
(39.953094, 37.149258, 0.0)
(39.929604, 37.188343, 0.0)
(39.940468, 37.206596, 0.0)
(39.950352, 37.223618, 0.0)
(39.984936, 37.232311, 0.0)
(39.933018, 37.268932, 0.0)
(39.895226, 37.248787, 0.0)
(39.974701, 37.232975, 0.0)
(39.998299, 37.257320, 0.0)
(39.919884, 37.282608, 0.0)
(39.879280, 37.265362, 0.0)
(39.914223, 37.249374, 0.0)
(39.899834, 37.233681, 0.0)
(38.694641, 36.911068, 0.0)
(38.470924, 36.836407, 0.0)
(38.458488, 36.772911, 0.0)
(38.428272, 36.710567, 0.0)
(38.400776, 36.669186, 0.0)
(38.380413, 36.549793, 0.0)
(38.376205, 36.476006, 0.0)
(38.678646, 35.386272, 0.0)
(38.568993, 33.833969, 0.0)
(38.460514, 33.650749, 0.0)
(38.502266, 33.586426, 0.0)
(38.424259, 33.508465, 0.0)
(38.398190, 33.459793, 0.0)
(38.460396, 33.369999, 0.0)
(38.454636, 33.321407, 0.0)
(38.400814, 33.237869, 0.0)
(38.400002, 33.194530, 0.0)
(38.433372, 33.119568, 0.0)
(38.411629, 33.019630, 0.0)
(38.105083, 32.779198, 0.0)
(37.891850, 32.589279, 0.0)
(37.893677, 32.462181, 0.0)
(37.877499, 32.371490, 0.0)
(37.870430, 32.250031, 0.0)
(37.888248, 32.113216, 0.0)
(37.884182, 31.992191, 0.0)
(37.887447, 31.889891, 0.0)
(37.946297, 30.680523, 0.0)
(37.920845, 30.476864, 0.0)
(37.906048, 30.370531, 0.0)
(37.870853, 30.250854, 0.0)
(37.858597, 30.142088, 0.0)
(37.907089, 29.992491, 0.0)
(37.799107, 28.016256, 0.0)
(37.617641, 27.188148, 0.0)
(37.619423, 27.107077, 0.0)
(37.619358, 27.089750, 0.0)
(37.573120, 27.018608, 0.0)
(37.575020, 26.970444, 0.0)
(37.568153, 26.863674, 0.0)
(37.500942, 25.943319, 0.0)
(37.464966, 25.919088, 0.0)
(37.444412, 25.937973, 0.0)
(37.435493, 25.946318, 0.0)
(37.433887, 25.991140, 0.0)
(37.417149, 26.001923, 0.0)
(37.413811, 26.005507, 0.0)
(37.404289, 26.009605, 0.0)
(37.402924, 26.015915, 0.0)
(37.408203, 26.019373, 0.0)
(37.378613, 26.053846, 0.0)
(37.393948, 26.036684, 0.0)
(37.441505, 26.065647, 0.0)
(37.409481, 26.115692, 0.0)
(37.392582, 26.179733, 0.0)
(36.942860, 27.870916, 0.0)
(37.261280, 31.249886, 0.0)
(37.738998, 33.971558, 0.0)
(37.877895, 35.194977, 0.0)
(37.858852, 35.338268, 0.0)
(37.791645, 35.222927, 0.0)
(37.799633, 35.203007, 0.0)
(37.790550, 35.236073, 0.0)
(37.768745, 35.247372, 0.0)
(37.763458, 35.276031, 0.0)
(37.544437, 36.218353, 0.0)
(37.698322, 37.358486, 0.0)
(37.721275, 37.428883, 0.0)
(37.718498, 37.391922, 0.0)
(37.676037, 37.369019, 0.0)
(37.645878, 37.310047, 0.0)
(37.691750, 37.284103, 0.0)
(37.718670, 37.287609, 0.0)
(37.687416, 37.285347, 0.0)
(37.699062, 37.248505, 0.0)
(37.692558, 37.312382, 0.0)
(37.467831, 37.393940, 0.0)
(37.497066, 37.381847, 0.0)
(37.494907, 37.387585, 0.0)
(37.470062, 37.395027, 0.0)
(37.500443, 37.420345, 0.0)
(37.494061, 37.461769, 0.0)
(37.751373, 37.167114, 0.0)
(37.804897, 37.132763, 0.0)
(37.790844, 37.153828, 0.0)
(37.808548, 37.185032, 0.0)
(37.830658, 37.214371, 0.0)
(37.833374, 37.248074, 0.0)
(37.777027, 37.283768, 0.0)
(37.792377, 37.276741, 0.0)
(37.866730, 37.296261, 0.0)
(37.877117, 37.297863, 0.0)
(37.845734, 37.283436, 0.0)
(37.902870, 37.306396, 0.0)
(37.925007, 37.335873, 0.0)
(37.919498, 37.339428, 0.0)
(37.932331, 37.342575, 0.0)
(37.935909, 37.370300, 0.0)
(37.912987, 37.390518, 0.0)
(37.930130, 37.411140, 0.0)
(37.944317, 37.431194, 0.0)
(37.951427, 37.440029, 0.0)
(37.950542, 37.435474, 0.0)
(37.911343, 37.428535, 0.0)
(37.899582, 37.446964, 0.0)
(37.532375, 37.429218, 0.0)
(37.209442, 37.340042, 0.0)
(37.114223, 37.340706, 0.0)
(37.076595, 37.291737, 0.0)
(37.095726, 37.213776, 0.0)
(37.134640, 37.175335, 0.0)
(37.047470, 37.100376, 0.0)
(36.527569, 34.780472, 0.0)
(36.405464, 34.536224, 0.0)
(36.351273, 34.464848, 0.0)
(36.331856, 34.376629, 0.0)
(36.317238, 34.271191, 0.0)
(36.306267, 34.145172, 0.0)
(36.303997, 34.057724, 0.0)
(36.302719, 33.949856, 0.0)
(36.310829, 33.871407, 0.0)
(36.320007, 33.765411, 0.0)
(36.308849, 33.720905, 0.0)
(36.304501, 33.610439, 0.0)
(36.308224, 33.502441, 0.0)
(36.162975, 32.805080, 0.0)
(36.104046, 32.599331, 0.0)
(36.061710, 32.541878, 0.0)
(36.047821, 32.406994, 0.0)
(36.140755, 32.251190, 0.0)
(36.124966, 32.180710, 0.0)
(36.093304, 31.817566, 0.0)
(35.946655, 30.707291, 0.0)
(35.945427, 30.562859, 0.0)
(35.874439, 30.504274, 0.0)
(35.835003, 30.436615, 0.0)
(35.880688, 30.328934, 0.0)
(35.865623, 30.274199, 0.0)
(35.813911, 29.564541, 0.0)
(35.693157, 27.561386, 0.0)
(35.628819, 27.495337, 0.0)
(35.611023, 27.501019, 0.0)
(35.604519, 27.478594, 0.0)
(35.597202, 27.478045, 0.0)
(35.622036, 27.490360, 0.0)
(35.595039, 27.508459, 0.0)
(35.615345, 27.507183, 0.0)
(35.602108, 27.497801, 0.0)
(35.618450, 27.421129, 0.0)
(35.552612, 26.792421, 0.0)
(35.524555, 26.709761, 0.0)
(35.442734, 26.729074, 0.0)
(35.413383, 26.639936, 0.0)
(35.318138, 26.615320, 0.0)
(35.319092, 26.590464, 0.0)
(35.354034, 26.544861, 0.0)
(35.364986, 26.547802, 0.0)
(35.358795, 26.552198, 0.0)
(35.349758, 26.627018, 0.0)
(35.351433, 26.689569, 0.0)
(35.349762, 26.733063, 0.0)
(35.260571, 26.954115, 0.0)
(34.590740, 28.171902, 0.0)
(34.496742, 28.332602, 0.0)
(34.504112, 28.404242, 0.0)
(34.501995, 28.507402, 0.0)
(34.552944, 28.600342, 0.0)
(34.522640, 28.728899, 0.0)
(34.504097, 28.826120, 0.0)
(34.554012, 28.968512, 0.0)
(34.614365, 29.051291, 0.0)
(34.577560, 29.159115, 0.0)
(34.607094, 29.270269, 0.0)
(34.885670, 29.676567, 0.0)
(35.032818, 30.321751, 0.0)
(35.005634, 30.452085, 0.0)
(35.081600, 30.601801, 0.0)
(35.101357, 30.702620, 0.0)
(35.117516, 30.806286, 0.0)
(34.994743, 31.535580, 0.0)
(35.180187, 32.466377, 0.0)
(35.222923, 32.684650, 0.0)
(35.248608, 32.774456, 0.0)
(35.262955, 32.905083, 0.0)
(35.296631, 32.971718, 0.0)
(35.323891, 33.107162, 0.0)
(35.356018, 33.157993, 0.0)
(35.377949, 33.221355, 0.0)
(35.338055, 33.318237, 0.0)
(35.365910, 33.389183, 0.0)
(35.584846, 34.402077, 0.0)
(35.644588, 34.642830, 0.0)
(35.624435, 34.707058, 0.0)
(35.655537, 34.736576, 0.0)
(35.688747, 34.838028, 0.0)
(35.662930, 34.881912, 0.0)
(35.684120, 34.891243, 0.0)
(35.714382, 34.941177, 0.0)
(35.851028, 36.231701, 0.0)
(35.953587, 36.814445, 0.0)
(35.975201, 36.857891, 0.0)
(35.939312, 36.874546, 0.0)
(35.942413, 36.874599, 0.0)
(35.950592, 36.848511, 0.0)
(35.953545, 36.853275, 0.0)
(35.940186, 36.893093, 0.0)
(35.635937, 37.080257, 0.0)
(35.624317, 37.179142, 0.0)
(35.595196, 37.188694, 0.0)
(35.547787, 37.180592, 0.0)
(35.609123, 37.149117, 0.0)
(35.595982, 37.140594, 0.0)
(35.526024, 37.092487, 0.0)
(35.519512, 37.079060, 0.0)
(35.571201, 37.081078, 0.0)
(35.515793, 37.038628, 0.0)
(34.804821, 34.932186, 0.0)
(34.304008, 33.976612, 0.0)
(34.260841, 34.021759, 0.0)
(34.236645, 34.096676, 0.0)
(34.243462, 34.096497, 0.0)
(34.240028, 34.125610, 0.0)
(34.246250, 34.121353, 0.0)
(34.241116, 34.086189, 0.0)
(34.239704, 34.060993, 0.0)
(34.234184, 34.044098, 0.0)
(34.229122, 34.035599, 0.0)
(34.225101, 33.997108, 0.0)
(34.252556, 33.967827, 0.0)
(34.192013, 33.883785, 0.0)
(34.197517, 33.748287, 0.0)
(34.445950, 33.127838, 0.0)
(34.387894, 32.480412, 0.0)
(34.317940, 32.359303, 0.0)
(34.348785, 32.258095, 0.0)
(34.387810, 32.164337, 0.0)
(34.333542, 32.096741, 0.0)
(34.009117, 30.463440, 0.0)
(33.951290, 30.054968, 0.0)
(33.913540, 30.066738, 0.0)
(33.899124, 29.980560, 0.0)
(33.874920, 29.932852, 0.0)
(33.857632, 29.913881, 0.0)
(33.839882, 29.896248, 0.0)
(33.855423, 29.822157, 0.0)
(33.811440, 28.829958, 0.0)
(33.662437, 27.860325, 0.0)
(33.638531, 27.771915, 0.0)
(33.636669, 27.816408, 0.0)
(33.589382, 27.812346, 0.0)
(33.600945, 27.768164, 0.0)
(33.726398, 27.170092, 0.0)
(33.661205, 27.028843, 0.0)
(33.648895, 27.027376, 0.0)
(33.658772, 27.026104, 0.0)
(33.645035, 27.044817, 0.0)
(33.583561, 27.036613, 0.0)
(33.599144, 27.033548, 0.0)
(33.594818, 27.030397, 0.0)
(33.574898, 27.030939, 0.0)
(33.579960, 27.029419, 0.0)
(32.673882, 27.362658, 0.0)
(32.627697, 27.360535, 0.0)
(32.639610, 27.357634, 0.0)
(32.637726, 27.388477, 0.0)
(32.628826, 27.466753, 0.0)
(32.607094, 27.601879, 0.0)
(32.688091, 28.344616, 0.0)
(32.986031, 29.735481, 0.0)
(32.827755, 30.159079, 0.0)
(32.822651, 30.237680, 0.0)
(32.854237, 30.317446, 0.0)
(32.824558, 30.367983, 0.0)
(32.815086, 30.426229, 0.0)
(32.845879, 30.519917, 0.0)
(32.875221, 30.606792, 0.0)
(32.871685, 30.657446, 0.0)
(32.917171, 30.733805, 0.0)
(32.962490, 30.806883, 0.0)
(32.959225, 30.924255, 0.0)
(32.974266, 31.002647, 0.0)
(33.020729, 31.103559, 0.0)
(33.040493, 31.163670, 0.0)
(33.090496, 31.254049, 0.0)
(33.079441, 31.370655, 0.0)
(33.115166, 31.473127, 0.0)
(33.172359, 32.506283, 0.0)
(33.227406, 32.818924, 0.0)
(33.231647, 32.889290, 0.0)
(33.249813, 32.965191, 0.0)
(33.304585, 33.167564, 0.0)
(34.149860, 35.045204, 0.0)
(34.413086, 35.788643, 0.0)
(34.391644, 35.858879, 0.0)
(34.402992, 35.848557, 0.0)
(34.392948, 35.863869, 0.0)
(34.378201, 35.902679, 0.0)
(33.716633, 35.256474, 0.0)
(33.566597, 34.948929, 0.0)
(33.585468, 35.004433, 0.0)
(33.619408, 35.050549, 0.0)
(33.631538, 35.058739, 0.0)
(33.645294, 35.077526, 0.0)
(33.651321, 35.136303, 0.0)
(33.660061, 35.221058, 0.0)
(33.656948, 35.248875, 0.0)
(33.732101, 35.526455, 0.0)
(34.409130, 36.806568, 0.0)
(34.522972, 37.050827, 0.0)
(34.495396, 37.033619, 0.0)
(34.112907, 37.136578, 0.0)
(33.251041, 37.046890, 0.0)
(33.097569, 36.970852, 0.0)
(33.062481, 36.929817, 0.0)
(33.062714, 36.849403, 0.0)
(32.685612, 34.697964, 0.0)
(32.538712, 32.600113, 0.0)
(32.466084, 32.456932, 0.0)
(32.435215, 32.551197, 0.0)
(32.403534, 32.661247, 0.0)
(32.403496, 32.674095, 0.0)
(32.418846, 32.661522, 0.0)
(32.374237, 32.695007, 0.0)
(32.391350, 32.722794, 0.0)
(32.728363, 34.404312, 0.0)
(32.883453, 34.474972, 0.0)
(32.873451, 34.367859, 0.0)
(32.875240, 34.275333, 0.0)
(32.814159, 34.206074, 0.0)
(32.808781, 34.041744, 0.0)
(32.846222, 33.951931, 0.0)
(32.826275, 33.867004, 0.0)
(32.794590, 33.800056, 0.0)
(32.632702, 33.717060, 0.0)
(32.479546, 32.685940, 0.0)
(32.451862, 32.400986, 0.0)
(32.420475, 32.347343, 0.0)
(32.452835, 32.252457, 0.0)
(32.433449, 32.183811, 0.0)
(32.436249, 32.136753, 0.0)
(32.129734, 32.400928, 0.0)
(32.091175, 32.328785, 0.0)
(32.110241, 32.247211, 0.0)
(32.119751, 32.135529, 0.0)
(32.103661, 32.064495, 0.0)
(32.108711, 31.999281, 0.0)
(32.141529, 31.415703, 0.0)
(31.936949, 29.330086, 0.0)
(31.850849, 29.166105, 0.0)
(31.880400, 29.094137, 0.0)
(31.907223, 29.063236, 0.0)
(31.873409, 29.093719, 0.0)
(31.872082, 29.083317, 0.0)
(31.895767, 28.085758, 0.0)
(31.801502, 27.856785, 0.0)
(31.814688, 27.863615, 0.0)
(31.815029, 27.842888, 0.0)
(31.821310, 27.805632, 0.0)
(31.824541, 27.791941, 0.0)
(31.824970, 27.794125, 0.0)
(31.818565, 27.794676, 0.0)
(31.843077, 27.782312, 0.0)
(31.824541, 27.785378, 0.0)
(31.795061, 27.781818, 0.0)
(31.351559, 28.069866, 0.0)
(31.281158, 28.135159, 0.0)
(31.305601, 28.138208, 0.0)
(31.277779, 28.157339, 0.0)
(31.263103, 28.152134, 0.0)
(31.290119, 28.158947, 0.0)
(31.296192, 28.172396, 0.0)
(31.265018, 28.197227, 0.0)
(31.248964, 28.230879, 0.0)
(31.256004, 28.597185, 0.0)
(31.352882, 30.511106, 0.0)
(31.519690, 31.383499, 0.0)
(31.679890, 31.957832, 0.0)
(31.737537, 32.345394, 0.0)
(31.714792, 32.478558, 0.0)
(31.719452, 32.477222, 0.0)
(31.915243, 31.452360, 0.0)
(31.658356, 30.784637, 0.0)
(31.599842, 30.870630, 0.0)
(31.635021, 30.935072, 0.0)
(31.651634, 31.060904, 0.0)
(31.675203, 31.134171, 0.0)
(31.711271, 31.203579, 0.0)
(31.694540, 31.254017, 0.0)
(31.731817, 31.258871, 0.0)
(31.597260, 32.047817, 0.0)
(31.711578, 32.630611, 0.0)
(31.709858, 32.732018, 0.0)
(31.720148, 32.811001, 0.0)
(31.764624, 32.963352, 0.0)
(31.752779, 33.016567, 0.0)
(31.781698, 33.054234, 0.0)
(31.821415, 33.130550, 0.0)
(32.142490, 35.057491, 0.0)
(32.688084, 36.319340, 0.0)
(32.702938, 36.466415, 0.0)
(32.726105, 36.455944, 0.0)
(32.761971, 36.467201, 0.0)
(32.755760, 36.485878, 0.0)
(32.751156, 36.498432, 0.0)
(32.742199, 36.517647, 0.0)
(32.693817, 36.991611, 0.0)
(32.869740, 37.388035, 0.0)
(32.896923, 37.329166, 0.0)
(32.952347, 37.269058, 0.0)
(32.948441, 37.250771, 0.0)
(32.913265, 37.251183, 0.0)
(32.921223, 37.272827, 0.0)
(32.970257, 37.304123, 0.0)
(32.967594, 37.325039, 0.0)
(33.002666, 37.320118, 0.0)
(33.011810, 37.324696, 0.0)
(33.025970, 37.365036, 0.0)
(33.023640, 37.381271, 0.0)
(33.036102, 37.410419, 0.0)
(33.051704, 37.435970, 0.0)
(33.054073, 37.483177, 0.0)
(33.061314, 37.464027, 0.0)
(33.052605, 37.465263, 0.0)
(33.074677, 37.484962, 0.0)
(33.101357, 37.500202, 0.0)
(33.101357, 37.500202, 0.0)
(33.048023, 37.471088, 0.0)
(33.032093, 37.437363, 0.0)
(33.089104, 37.377647, 0.0)
(33.094742, 37.369705, 0.0)
(33.053776, 37.389851, 0.0)
(33.047661, 37.438896, 0.0)
(33.076672, 37.407547, 0.0)
(32.917576, 37.471794, 0.0)
(32.917049, 37.481468, 0.0)
(32.932537, 37.442924, 0.0)
(32.935154, 37.449230, 0.0)
(32.929859, 37.457565, 0.0)
(32.929634, 37.467106, 0.0)
(32.932941, 37.475266, 0.0)
(32.950603, 37.492683, 0.0)
(32.953125, 37.463634, 0.0)
(32.947392, 37.507252, 0.0)
(32.944798, 37.498791, 0.0)
(32.940559, 37.490833, 0.0)
(32.965736, 37.503181, 0.0)
