(38.522625, 27.439779, 0.0)
(38.715839, 26.747999, 0.0)
(38.728851, 26.333117, 0.0)
(38.752583, 26.170744, 0.0)
(38.680763, 26.176163, 0.0)
(37.639690, 26.304663, 0.0)
(37.593449, 26.280886, 0.0)
(37.681923, 26.210424, 0.0)
(37.758438, 26.156368, 0.0)
(37.757092, 26.128590, 0.0)
(37.753319, 26.069365, 0.0)
(37.736851, 26.064524, 0.0)
(37.724922, 26.033451, 0.0)
(37.747204, 26.003057, 0.0)
(37.714230, 25.954657, 0.0)
(37.715752, 25.911648, 0.0)
(37.746334, 25.826164, 0.0)
(37.773540, 25.728354, 0.0)
(37.783371, 25.636587, 0.0)
(37.792061, 25.615662, 0.0)
(37.772366, 25.628321, 0.0)
(37.718864, 25.639950, 0.0)
(37.692844, 25.621840, 0.0)
(37.696732, 25.656031, 0.0)
(37.677921, 25.630096, 0.0)
(37.679630, 25.598740, 0.0)
(37.692654, 25.568752, 0.0)
(37.692467, 25.568155, 0.0)
(37.668888, 25.580435, 0.0)
(37.687622, 25.555042, 0.0)
(37.671654, 25.554640, 0.0)
(37.699226, 25.535980, 0.0)
(37.684139, 25.529989, 0.0)
(37.678734, 25.551086, 0.0)
(37.649811, 25.539331, 0.0)
(37.908073, 25.608845, 0.0)
(37.981117, 25.589565, 0.0)
(37.965828, 25.618122, 0.0)
(37.967800, 25.596998, 0.0)
(37.897327, 25.597912, 0.0)
(37.713577, 25.659138, 0.0)
(37.724617, 25.648088, 0.0)
(37.798031, 25.697058, 0.0)
(37.780895, 25.707365, 0.0)
(37.779911, 25.718166, 0.0)
(37.766075, 25.725077, 0.0)
(37.770882, 25.708193, 0.0)
(37.779545, 25.698690, 0.0)
(37.767654, 25.673933, 0.0)
(37.762810, 25.679276, 0.0)
(37.754120, 25.652977, 0.0)
(37.818363, 25.649055, 0.0)
(37.836864, 25.649113, 0.0)
(37.824501, 25.644781, 0.0)
(37.802776, 25.663086, 0.0)
(37.768829, 25.657465, 0.0)
(37.774105, 25.634996, 0.0)
(37.751022, 25.640581, 0.0)
(37.776432, 25.624352, 0.0)
(37.787834, 25.606153, 0.0)
(37.823219, 25.598843, 0.0)
(37.822495, 25.567581, 0.0)
(37.785191, 25.546181, 0.0)
(37.755917, 25.551998, 0.0)
(37.770638, 25.550825, 0.0)
(37.808891, 25.655510, 0.0)
(37.788593, 25.720299, 0.0)
(37.661121, 25.782522, 0.0)
(37.600651, 25.879194, 0.0)
(37.569889, 25.869442, 0.0)
(37.565155, 25.878542, 0.0)
(37.546711, 25.857161, 0.0)
(37.532665, 25.846956, 0.0)
(37.550747, 25.847498, 0.0)
(37.629807, 25.852282, 0.0)
(37.589695, 25.853195, 0.0)
(37.606441, 25.842209, 0.0)
(37.658073, 25.821131, 0.0)
(37.657734, 25.833040, 0.0)
(37.682930, 25.817436, 0.0)
(37.849995, 25.755871, 0.0)
(37.859612, 25.742928, 0.0)
(37.813057, 25.732691, 0.0)
(37.806793, 25.737263, 0.0)
(37.815128, 25.694181, 0.0)
(37.808613, 25.666988, 0.0)
(37.770897, 25.649765, 0.0)
(37.766159, 25.621197, 0.0)
(37.581005, 25.635164, 0.0)
(37.624748, 25.660051, 0.0)
(37.638466, 25.662825, 0.0)
(37.675533, 25.665356, 0.0)
(37.673851, 25.661472, 0.0)
(37.692467, 25.661005, 0.0)
(37.682568, 25.655025, 0.0)
(37.669373, 25.652271, 0.0)
(37.661804, 25.653454, 0.0)
(37.534718, 26.051577, 0.0)
(0.000000, 0.000000, 1.0)
(37.404396, 27.772251, 0.0)
(37.527393, 27.281397, 0.0)
(37.553364, 26.901558, 0.0)
(37.679237, 26.661245, 0.0)
(37.703400, 26.472906, 0.0)
(37.702301, 26.346552, 0.0)
(37.732559, 26.273838, 0.0)
(37.697365, 26.181946, 0.0)
(37.711216, 26.145470, 0.0)
(37.708633, 26.112484, 0.0)
(37.691357, 26.089882, 0.0)
(37.704964, 26.119240, 0.0)
(37.721691, 26.142405, 0.0)
(37.751411, 26.098969, 0.0)
(37.733471, 26.104982, 0.0)
(37.724232, 26.103445, 0.0)
(37.728157, 26.036922, 0.0)
(37.636059, 25.996866, 0.0)
(37.623165, 25.915150, 0.0)
(37.612518, 25.920300, 0.0)
(37.660477, 25.878914, 0.0)
(37.682747, 25.876394, 0.0)
(37.677155, 25.928410, 0.0)
(37.681355, 25.985003, 0.0)
(37.653912, 25.984060, 0.0)
(37.641956, 26.004847, 0.0)
(37.538994, 26.021250, 0.0)
(37.490479, 25.980339, 0.0)
(37.488052, 25.996374, 0.0)
(37.530182, 25.989719, 0.0)
(37.531738, 25.939590, 0.0)
(37.535049, 25.955805, 0.0)
(37.503361, 25.922363, 0.0)
(37.484509, 25.946766, 0.0)
(37.514217, 25.956785, 0.0)
(37.678471, 26.090122, 0.0)
(38.474590, 26.186880, 0.0)
(38.588909, 26.187149, 0.0)
(38.571579, 26.174358, 0.0)
(38.584850, 26.171314, 0.0)
(38.619324, 26.161304, 0.0)
(38.635014, 26.177280, 0.0)
(38.598560, 26.206263, 0.0)
(38.474182, 26.238138, 0.0)
(38.449726, 26.258648, 0.0)
(38.405251, 26.269600, 0.0)
(38.399025, 26.241814, 0.0)
(38.406391, 26.203915, 0.0)
(38.439159, 26.164402, 0.0)
(38.485088, 26.111740, 0.0)
(38.280308, 26.068624, 0.0)
(37.966747, 26.093830, 0.0)
(37.998455, 26.092308, 0.0)
(38.015102, 26.102730, 0.0)
(37.983269, 26.150822, 0.0)
(37.947094, 26.183214, 0.0)
(37.947407, 26.183764, 0.0)
(37.923084, 26.222296, 0.0)
(37.973049, 26.207958, 0.0)
(37.997559, 26.191849, 0.0)
(37.996899, 26.191948, 0.0)
(37.983612, 26.195320, 0.0)
(38.210258, 26.247837, 0.0)
(40.804913, 27.021978, 0.0)
(42.672436, 27.989964, 0.0)
(43.618828, 28.848591, 0.0)
(43.626644, 29.134438, 0.0)
(43.717941, 29.123117, 0.0)
(43.735867, 29.084000, 0.0)
(43.740570, 29.166519, 0.0)
(43.848969, 29.156546, 0.0)
(43.875351, 29.119215, 0.0)
(44.060326, 29.184856, 0.0)
(44.098660, 29.224110, 0.0)
(44.089355, 29.247879, 0.0)
(44.114513, 29.266819, 0.0)
(44.142090, 29.291946, 0.0)
(44.150612, 29.282158, 0.0)
(44.201603, 29.317860, 0.0)
(44.228344, 29.359865, 0.0)
(44.204750, 29.351992, 0.0)
(44.078442, 29.260485, 0.0)
(44.074486, 29.258898, 0.0)
(44.074486, 29.258898, 0.0)
(44.047119, 29.248297, 0.0)
(44.077351, 29.242374, 0.0)
(44.075882, 29.203127, 0.0)
(44.055130, 29.149366, 0.0)
(44.095768, 29.164762, 0.0)
(44.116219, 29.153795, 0.0)
(44.149307, 29.231461, 0.0)
(44.155369, 29.246840, 0.0)
(44.145256, 29.289951, 0.0)
(44.140427, 29.308037, 0.0)
(44.051441, 29.325182, 0.0)
(44.094494, 29.376997, 0.0)
(44.101494, 29.410589, 0.0)
(44.115162, 29.434942, 0.0)
(44.124310, 29.446596, 0.0)
(44.108852, 29.479464, 0.0)
(44.019279, 29.487343, 0.0)
(44.009308, 29.453747, 0.0)
(44.002903, 29.451324, 0.0)
(43.930458, 28.529278, 0.0)
(44.058430, 26.589525, 0.0)
(44.278511, 25.087700, 0.0)
(44.053089, 24.195501, 0.0)
(44.019844, 23.807953, 0.0)
(44.099892, 23.586124, 0.0)
(44.392574, 23.402197, 0.0)
(44.387840, 23.298391, 0.0)
(44.341408, 23.220949, 0.0)
(44.405785, 23.237444, 0.0)
(44.411236, 23.173803, 0.0)
(44.455032, 23.181244, 0.0)
(44.449520, 23.194656, 0.0)
(44.436207, 23.198320, 0.0)
(44.416973, 23.181688, 0.0)
(44.399456, 23.196810, 0.0)
(44.358650, 23.148003, 0.0)
(44.382381, 23.157198, 0.0)
(44.434925, 23.113199, 0.0)
(44.447636, 23.065836, 0.0)
(44.432941, 23.044476, 0.0)
(44.363636, 22.946386, 0.0)
(44.384415, 22.999720, 0.0)
(44.412533, 23.017975, 0.0)
(44.424622, 23.036383, 0.0)
(44.414852, 23.075312, 0.0)
(44.341953, 23.128098, 0.0)
(44.325542, 23.096066, 0.0)
(44.305676, 23.095175, 0.0)
(44.337109, 23.039385, 0.0)
(44.309601, 23.002777, 0.0)
(44.319798, 23.025314, 0.0)
(44.391182, 23.042631, 0.0)
(44.402359, 23.082180, 0.0)
(44.381992, 23.083828, 0.0)
(44.384300, 23.157492, 0.0)
(44.006107, 22.991058, 0.0)
(41.335640, 23.160028, 0.0)
(38.667099, 24.915199, 0.0)
(36.271767, 26.613491, 0.0)
(34.175121, 27.940514, 0.0)
(32.659367, 28.956621, 0.0)
(32.218636, 29.099009, 0.0)
(32.071903, 29.086044, 0.0)
(32.049248, 29.075621, 0.0)
(31.864836, 30.279060, 0.0)
(31.826805, 30.473631, 0.0)
(31.773420, 30.516773, 0.0)
(31.721704, 30.587545, 0.0)
(31.661999, 30.544598, 0.0)
(31.648983, 30.605127, 0.0)
(31.616461, 30.569115, 0.0)
(31.433525, 30.543501, 0.0)
(31.392578, 30.493168, 0.0)
(31.407051, 30.483915, 0.0)
(31.434767, 30.447540, 0.0)
(31.436413, 30.437178, 0.0)
(31.441229, 30.496058, 0.0)
(31.429825, 30.541220, 0.0)
(31.512041, 30.537739, 0.0)
(31.554247, 30.495789, 0.0)
(31.546152, 30.540897, 0.0)
(31.536100, 30.578182, 0.0)
(31.524544, 30.583052, 0.0)
(31.512062, 30.540958, 0.0)
(31.537468, 30.514751, 0.0)
(31.554155, 30.547127, 0.0)
(31.548056, 30.497936, 0.0)
(31.532022, 30.455248, 0.0)
(31.514093, 30.413042, 0.0)
(31.553190, 30.455870, 0.0)
(31.549324, 30.481190, 0.0)
(31.535072, 30.527512, 0.0)
(31.232454, 30.162558, 0.0)
(30.420433, 28.654024, 0.0)
(29.963835, 26.909090, 0.0)
(30.068617, 24.836166, 0.0)
(30.338470, 23.867064, 0.0)
(30.335020, 23.702244, 0.0)
(30.336945, 23.685186, 0.0)
(30.319559, 23.725117, 0.0)
(30.330982, 23.734255, 0.0)
(30.367144, 23.692392, 0.0)
(30.232582, 23.760132, 0.0)
(30.174295, 23.837242, 0.0)
(30.195269, 23.855738, 0.0)
(30.210693, 23.870920, 0.0)
(30.205360, 23.878567, 0.0)
(30.197811, 23.892490, 0.0)
(30.208229, 23.903378, 0.0)
(30.502682, 23.700197, 0.0)
(30.584911, 23.664755, 0.0)
(30.605097, 23.655416, 0.0)
(30.656786, 23.712717, 0.0)
(31.184326, 23.729874, 0.0)
(31.248260, 23.788523, 0.0)
(31.220558, 23.797224, 0.0)
(31.183872, 23.843985, 0.0)
(31.178053, 23.832539, 0.0)
(31.170500, 23.825813, 0.0)
(32.174397, 23.663225, 0.0)
(34.175488, 23.566332, 0.0)
(35.356434, 23.256470, 0.0)
(36.225086, 23.467506, 0.0)
(37.621799, 23.859341, 0.0)
(38.130634, 24.001011, 0.0)
(38.172527, 23.992235, 0.0)
(38.178387, 23.987862, 0.0)
(38.181801, 23.930527, 0.0)
(38.223045, 23.940924, 0.0)
(38.219757, 23.902819, 0.0)
(37.814819, 25.137281, 0.0)
(37.719563, 25.466860, 0.0)
(37.729824, 25.427357, 0.0)
(37.743660, 25.416910, 0.0)
(37.750423, 25.411514, 0.0)
(37.754246, 25.374994, 0.0)
(37.750496, 25.380619, 0.0)
(37.823246, 25.383503, 0.0)
(37.828938, 25.405577, 0.0)
(37.809341, 25.397730, 0.0)
(37.748886, 25.388788, 0.0)
(37.740269, 25.394873, 0.0)
(37.596291, 25.494234, 0.0)
(37.562592, 25.584259, 0.0)
(37.596832, 25.550659, 0.0)
(37.593739, 25.525732, 0.0)
(37.594006, 25.532434, 0.0)
(37.611217, 25.558405, 0.0)
(37.616413, 25.546846, 0.0)
(37.571354, 25.549305, 0.0)
(37.567181, 25.566551, 0.0)
(37.547024, 25.543865, 0.0)
(37.541656, 25.553385, 0.0)
(37.548077, 25.551668, 0.0)
(37.526012, 25.559807, 0.0)
(37.514256, 25.563257, 0.0)
(37.489780, 25.571056, 0.0)
(37.504200, 25.591955, 0.0)
(37.525631, 25.582476, 0.0)
(37.514931, 25.536442, 0.0)
(37.517166, 25.507692, 0.0)
(37.563347, 25.497437, 0.0)
(37.613747, 25.509298, 0.0)
(37.615753, 25.510822, 0.0)
(37.619961, 25.519506, 0.0)
(37.608147, 25.512455, 0.0)
(37.577118, 25.526537, 0.0)
(35.789623, 26.590933, 0.0)
(33.293201, 28.882523, 0.0)
(31.994059, 30.084591, 0.0)
(31.681993, 30.396811, 0.0)
(31.688858, 30.425200, 0.0)
(31.663872, 30.406830, 0.0)
(31.651432, 30.401329, 0.0)
(32.093952, 30.528015, 0.0)
(32.147156, 30.525946, 0.0)
(32.150681, 30.511343, 0.0)
(32.133884, 30.515242, 0.0)
(32.112709, 30.525883, 0.0)
(33.724148, 30.367624, 0.0)
(34.307404, 30.329254, 0.0)
(34.415569, 30.391235, 0.0)
(34.460728, 30.397413, 0.0)
(34.535126, 30.451849, 0.0)
(34.583652, 30.474142, 0.0)
(34.851177, 30.543062, 0.0)
(36.421024, 30.542957, 0.0)
(36.585133, 30.561674, 0.0)
(36.531693, 30.659201, 0.0)
(36.631561, 30.664198, 0.0)
(38.330025, 30.719254, 0.0)
(40.606640, 30.445890, 0.0)
(41.045822, 30.296507, 0.0)
(41.057121, 30.270967, 0.0)
(41.048229, 30.263950, 0.0)
(41.063583, 30.297567, 0.0)
(41.037468, 30.309128, 0.0)
(41.074223, 30.313604, 0.0)
(41.112877, 30.331480, 0.0)
(41.101711, 30.348282, 0.0)
(41.176579, 30.373375, 0.0)
(42.722446, 30.229532, 0.0)
(43.358997, 30.055439, 0.0)
(43.518860, 29.994820, 0.0)
(43.548065, 29.972939, 0.0)
(43.586136, 29.903574, 0.0)
(43.631992, 29.862041, 0.0)
(43.624130, 29.794834, 0.0)
(43.693333, 29.774979, 0.0)
(43.721817, 29.782042, 0.0)
(43.719219, 29.768831, 0.0)
(43.724174, 29.769363, 0.0)
(43.712837, 29.763193, 0.0)
(43.731293, 29.792515, 0.0)
(43.752827, 29.777985, 0.0)
(43.721947, 29.749451, 0.0)
(43.766647, 29.757311, 0.0)
(43.774803, 29.718863, 0.0)
(43.811817, 29.741127, 0.0)
(43.936821, 29.660303, 0.0)
(44.450935, 28.936968, 0.0)
(44.602356, 28.616753, 0.0)
(44.624756, 28.420122, 0.0)
(44.615440, 28.194414, 0.0)
(44.564007, 28.010597, 0.0)
(44.585659, 27.919859, 0.0)
(44.600483, 27.905754, 0.0)
(44.536556, 28.007832, 0.0)
(44.105389, 28.088371, 0.0)
(44.119381, 28.111055, 0.0)
(44.095703, 28.116680, 0.0)
(44.041229, 28.180908, 0.0)
(42.795704, 28.311102, 0.0)
(41.217281, 29.344879, 0.0)
(40.840755, 29.704390, 0.0)
(40.686367, 29.833570, 0.0)
(40.472008, 30.021122, 0.0)
(40.368427, 30.079166, 0.0)
(40.258884, 30.160988, 0.0)
(40.133137, 30.182468, 0.0)
(38.239002, 30.365572, 0.0)
(37.772705, 30.437561, 0.0)
(37.660748, 30.519484, 0.0)
(37.549831, 30.626673, 0.0)
(37.534885, 30.624596, 0.0)
(37.520195, 30.625668, 0.0)
(36.173576, 30.794971, 0.0)
(35.513954, 30.853588, 0.0)
(35.426418, 30.827808, 0.0)
(35.395687, 30.846910, 0.0)
(34.568848, 31.123493, 0.0)
(33.405731, 31.194071, 0.0)
(33.218739, 31.169962, 0.0)
(33.182663, 31.158947, 0.0)
(33.066025, 31.090330, 0.0)
(32.906651, 31.127155, 0.0)
(32.216862, 31.336870, 0.0)
(32.087139, 31.279940, 0.0)
(31.992313, 31.226233, 0.0)
(31.944038, 31.235176, 0.0)
(31.886824, 31.252249, 0.0)
(31.878426, 31.244995, 0.0)
(31.927452, 31.153486, 0.0)
(31.879707, 31.138950, 0.0)
(31.778736, 31.142958, 0.0)
(31.681276, 31.133615, 0.0)
(31.968008, 30.937132, 0.0)
(32.132122, 30.883038, 0.0)
(32.233723, 30.907890, 0.0)
(32.274975, 30.910070, 0.0)
(32.278294, 30.944054, 0.0)
(32.277458, 30.952564, 0.0)
(32.246941, 30.939186, 0.0)
(32.221676, 30.973242, 0.0)
(32.160095, 31.037346, 0.0)
(31.788641, 31.104189, 0.0)
(31.763479, 31.126356, 0.0)
(31.770555, 31.134090, 0.0)
(31.746168, 31.092642, 0.0)
(31.738249, 31.027327, 0.0)
(31.816076, 31.051296, 0.0)
(31.825802, 31.035664, 0.0)
(31.869305, 31.035868, 0.0)
(31.873810, 31.072796, 0.0)
(31.876242, 31.069574, 0.0)
(31.885902, 31.091482, 0.0)
(31.872131, 31.108828, 0.0)
(32.986427, 30.898041, 0.0)
(35.019859, 30.678963, 0.0)
(35.345234, 30.689434, 0.0)
(35.433590, 30.734163, 0.0)
(35.552658, 30.728485, 0.0)
(35.746727, 30.680962, 0.0)
(35.316956, 30.781382, 0.0)
(35.305252, 30.764723, 0.0)
(35.345909, 30.762178, 0.0)
(35.384605, 30.769230, 0.0)
(35.402023, 30.794167, 0.0)
(35.450909, 30.766493, 0.0)
(35.598198, 30.804644, 0.0)
(35.948326, 30.792864, 0.0)
(37.113297, 30.597307, 0.0)
(37.323486, 30.582739, 0.0)
(37.838638, 30.670937, 0.0)
(40.333183, 30.659506, 0.0)
(42.565384, 30.323290, 0.0)
(43.398449, 30.112352, 0.0)
(43.442898, 29.842268, 0.0)
(43.408813, 29.833168, 0.0)
(43.439846, 29.796103, 0.0)
(43.474266, 29.753981, 0.0)
(43.255630, 29.791439, 0.0)
(43.255432, 29.751213, 0.0)
(43.353664, 29.806759, 0.0)
(43.399715, 29.811394, 0.0)
(43.476444, 29.834444, 0.0)
(43.500740, 29.815825, 0.0)
(43.485371, 29.815067, 0.0)
(43.491474, 29.807455, 0.0)
(43.534157, 29.811619, 0.0)
(43.544941, 29.817938, 0.0)
(43.551323, 29.806845, 0.0)
(43.587090, 29.776035, 0.0)
(43.600502, 29.778728, 0.0)
(43.583817, 29.771978, 0.0)
(43.611332, 29.765123, 0.0)
(43.934952, 29.686638, 0.0)
(44.044533, 29.644562, 0.0)
(44.069363, 29.653696, 0.0)
(44.080353, 29.707844, 0.0)
(44.089283, 29.714552, 0.0)
(44.204536, 29.702368, 0.0)
(44.163700, 29.640615, 0.0)
(44.083397, 29.608879, 0.0)
(44.025356, 29.601486, 0.0)
(43.990326, 29.656591, 0.0)
(43.996010, 29.667067, 0.0)
(43.964989, 29.663883, 0.0)
(43.872913, 29.643549, 0.0)
(43.736931, 29.685677, 0.0)
(43.640160, 29.675280, 0.0)
(43.445259, 29.661844, 0.0)
(41.990761, 29.464306, 0.0)
(41.762005, 29.471766, 0.0)
(41.728043, 29.476803, 0.0)
(41.619194, 29.511059, 0.0)
(41.446712, 29.541874, 0.0)
(39.769802, 29.648014, 0.0)
(36.648872, 30.035254, 0.0)
(34.597572, 30.244675, 0.0)
(33.609325, 30.221184, 0.0)
(33.464436, 30.154818, 0.0)
(33.373764, 30.125982, 0.0)
(33.291286, 30.148550, 0.0)
(33.211185, 30.183372, 0.0)
(32.333961, 30.435349, 0.0)
(32.070740, 30.396183, 0.0)
(32.115486, 30.358759, 0.0)
(32.180298, 30.305729, 0.0)
(32.189175, 30.281200, 0.0)
(32.211216, 30.289684, 0.0)
(32.182407, 30.316813, 0.0)
(32.142525, 30.294725, 0.0)
(32.109837, 30.318932, 0.0)
(32.084858, 30.348881, 0.0)
(32.089821, 30.335802, 0.0)
(32.146492, 30.342258, 0.0)
(32.132847, 30.357315, 0.0)
(32.129322, 30.333347, 0.0)
(32.121452, 30.337048, 0.0)
(32.099213, 30.367870, 0.0)
(32.050999, 30.388748, 0.0)
(31.920027, 30.439457, 0.0)
(31.873810, 30.496883, 0.0)
(31.855927, 30.498888, 0.0)
(31.761946, 30.560219, 0.0)
(31.707912, 30.547762, 0.0)
(31.697439, 30.526539, 0.0)
(31.623499, 30.496193, 0.0)
(31.607704, 30.469793, 0.0)
(31.572086, 30.456062, 0.0)
(31.568800, 30.432003, 0.0)
(31.531025, 30.409662, 0.0)
(31.511013, 30.421144, 0.0)
(31.476465, 30.415071, 0.0)
(31.105206, 30.442423, 0.0)
(31.015493, 30.312088, 0.0)
(30.978472, 30.261728, 0.0)
(30.970940, 30.253189, 0.0)
(30.957527, 30.251839, 0.0)
(30.980112, 30.249460, 0.0)
(30.953678, 30.198114, 0.0)
(30.934977, 30.166670, 0.0)
(30.936792, 30.145508, 0.0)
(30.999615, 30.151112, 0.0)
(31.011959, 30.145031, 0.0)
(31.681641, 29.973217, 0.0)
(33.701195, 29.373829, 0.0)
(35.465393, 29.850969, 0.0)
(41.396175, 29.553452, 0.0)
(41.569496, 29.154837, 0.0)
(41.618916, 29.107138, 0.0)
(41.775784, 29.146004, 0.0)
(41.822918, 29.119577, 0.0)
(41.822201, 29.055502, 0.0)
(41.838863, 28.996517, 0.0)
(41.868885, 28.967606, 0.0)
(41.871796, 28.950205, 0.0)
(41.891338, 28.965576, 0.0)
(41.916058, 28.972696, 0.0)
(42.004665, 28.965542, 0.0)
(42.017040, 28.989311, 0.0)
(42.057945, 28.989962, 0.0)
(42.073639, 28.950178, 0.0)
(42.005852, 28.933891, 0.0)
(42.060246, 28.942089, 0.0)
(42.048206, 28.968130, 0.0)
(42.091976, 28.973907, 0.0)
(42.109814, 28.981133, 0.0)
(42.118076, 28.987246, 0.0)
(42.177731, 28.956785, 0.0)
(42.221222, 28.966362, 0.0)
(42.305695, 28.945206, 0.0)
(42.313679, 28.915897, 0.0)
(42.424633, 28.925880, 0.0)
(42.568420, 28.910189, 0.0)
(42.619648, 28.870825, 0.0)
(42.675583, 28.905277, 0.0)
(42.741238, 28.928890, 0.0)
(42.741673, 28.918762, 0.0)
(42.737457, 28.938272, 0.0)
(42.848610, 28.947994, 0.0)
(43.272705, 28.909901, 0.0)
(43.408886, 28.888264, 0.0)
(43.485062, 28.859077, 0.0)
(43.546719, 28.873846, 0.0)
(43.686737, 28.798367, 0.0)
(43.677868, 28.752062, 0.0)
(43.688469, 28.744940, 0.0)
(43.742092, 28.758270, 0.0)
(43.720150, 28.779840, 0.0)
(43.621433, 28.805069, 0.0)
(43.702530, 28.814417, 0.0)
(43.577312, 28.791153, 0.0)
(43.562229, 28.752506, 0.0)
(43.570797, 28.728636, 0.0)
(43.472095, 28.689335, 0.0)
(43.405766, 28.601927, 0.0)
(43.380165, 28.579107, 0.0)
(43.331787, 28.578407, 0.0)
(43.263577, 28.582680, 0.0)
(43.192894, 28.617069, 0.0)
(43.002644, 28.612778, 0.0)
(42.920555, 28.602161, 0.0)
(42.764706, 28.588501, 0.0)
(41.885475, 28.472610, 0.0)
(41.629730, 28.476778, 0.0)
(41.562626, 28.503508, 0.0)
(41.488434, 28.489910, 0.0)
(40.618118, 28.505722, 0.0)
(37.790855, 28.611788, 0.0)
(35.705940, 28.822771, 0.0)
(34.155262, 28.995768, 0.0)
(33.906036, 28.889347, 0.0)
(33.789665, 28.922771, 0.0)
(33.670513, 28.928247, 0.0)
(33.567364, 28.961983, 0.0)
(33.527943, 28.966925, 0.0)
(33.584236, 28.988253, 0.0)
(33.525440, 28.972004, 0.0)
(32.481522, 29.202909, 0.0)
(32.285046, 29.226667, 0.0)
(32.292229, 29.160461, 0.0)
(32.243866, 29.102478, 0.0)
(31.515488, 29.133575, 0.0)
(31.347712, 29.016939, 0.0)
(31.293728, 28.989016, 0.0)
(31.213926, 28.936531, 0.0)
(31.177694, 28.906300, 0.0)
(31.163746, 28.947803, 0.0)
(31.143517, 28.938051, 0.0)
(31.134771, 28.987656, 0.0)
(31.097244, 29.065859, 0.0)
(31.040071, 29.072315, 0.0)
(30.973444, 29.031673, 0.0)
(30.924519, 29.029724, 0.0)
(30.888821, 29.014635, 0.0)
(30.906015, 29.050310, 0.0)
(30.907276, 29.064720, 0.0)
(30.883818, 29.084209, 0.0)
(30.838243, 29.175194, 0.0)
(30.838923, 29.201782, 0.0)
(30.790926, 29.220627, 0.0)
(30.765722, 29.225698, 0.0)
(30.697922, 29.208742, 0.0)
(30.662413, 29.230543, 0.0)
(30.666885, 29.257402, 0.0)
(30.414026, 29.262089, 0.0)
(30.262794, 29.239677, 0.0)
(30.225969, 29.240387, 0.0)
(30.194681, 29.245300, 0.0)
(30.166117, 29.265272, 0.0)
(30.167429, 29.264429, 0.0)
(30.172092, 29.230131, 0.0)
(30.166737, 29.219667, 0.0)
(30.175014, 29.193277, 0.0)
(30.265303, 29.176805, 0.0)
(30.384258, 29.116661, 0.0)
(31.054987, 28.765917, 0.0)
(31.228386, 28.637671, 0.0)
(31.372053, 28.578621, 0.0)
(31.533373, 28.513073, 0.0)
(33.071861, 28.209108, 0.0)
(33.560505, 28.136469, 0.0)
(33.614422, 28.138422, 0.0)
(33.724384, 28.177546, 0.0)
(34.834465, 28.409391, 0.0)
(36.559208, 28.634762, 0.0)
(36.809689, 28.592974, 0.0)
(36.835133, 28.561863, 0.0)
(36.897053, 28.573717, 0.0)
(37.009052, 28.616058, 0.0)
(37.101273, 28.579092, 0.0)
(38.667725, 28.470100, 0.0)
(39.353783, 28.398745, 0.0)
(39.489216, 28.301758, 0.0)
(39.539696, 28.296076, 0.0)
(39.623035, 28.274828, 0.0)
(40.818752, 28.383762, 0.0)
(41.972843, 28.287352, 0.0)
(42.239784, 28.207222, 0.0)
(42.253471, 28.172573, 0.0)
(42.240868, 28.154963, 0.0)
(42.206219, 28.103119, 0.0)
(42.165409, 28.065371, 0.0)
(42.171165, 28.056847, 0.0)
(42.221260, 28.071795, 0.0)
(42.233006, 28.083641, 0.0)
(42.167496, 28.098701, 0.0)
(42.185852, 28.134489, 0.0)
(42.785995, 28.205675, 0.0)
(43.198536, 28.206602, 0.0)
(43.224522, 28.139164, 0.0)
(43.271481, 28.104303, 0.0)
(43.271751, 28.086311, 0.0)
(43.325401, 28.057833, 0.0)
(43.332989, 28.074888, 0.0)
(43.303482, 28.097458, 0.0)
(43.291500, 28.112864, 0.0)
(43.292252, 28.119947, 0.0)
(43.248081, 28.122147, 0.0)
(43.199665, 28.123735, 0.0)
(43.150726, 28.104977, 0.0)
(43.150265, 28.109079, 0.0)
(43.399670, 28.156891, 0.0)
(43.836063, 28.108768, 0.0)
(43.895851, 28.064260, 0.0)
(43.893078, 28.010481, 0.0)
(43.824047, 27.955355, 0.0)
(43.859795, 27.954174, 0.0)
(43.866093, 27.963600, 0.0)
(43.844093, 27.974041, 0.0)
(43.761475, 27.999474, 0.0)
(43.667946, 28.048439, 0.0)
(43.014626, 27.911705, 0.0)
(42.732864, 27.864212, 0.0)
(42.724728, 27.912146, 0.0)
(42.566368, 27.907274, 0.0)
(41.458294, 27.863764, 0.0)
(39.162697, 27.904821, 0.0)
(36.628971, 28.367540, 0.0)
(34.968346, 29.196068, 0.0)
(33.799637, 29.298201, 0.0)
(32.949501, 29.197090, 0.0)
(32.629189, 28.943802, 0.0)
(32.553520, 28.903774, 0.0)
(32.440514, 28.827217, 0.0)
(32.370388, 28.839884, 0.0)
(32.320675, 28.825331, 0.0)
(32.295731, 28.850410, 0.0)
(32.229958, 28.881083, 0.0)
(32.163223, 28.876595, 0.0)
(32.109455, 28.883148, 0.0)
(32.067097, 28.904978, 0.0)
(32.055107, 28.921724, 0.0)
(32.005802, 28.959984, 0.0)
(31.943878, 28.992006, 0.0)
(31.877085, 29.065285, 0.0)
(31.786251, 29.046482, 0.0)
(31.766102, 29.031870, 0.0)
(31.741089, 29.027193, 0.0)
(31.730188, 29.032370, 0.0)
(31.722420, 29.033564, 0.0)
(31.758057, 29.001616, 0.0)
(31.777880, 28.989164, 0.0)
(31.775118, 28.949802, 0.0)
(31.766998, 28.927837, 0.0)
(31.734917, 28.909327, 0.0)
(31.719778, 28.895987, 0.0)
(31.719778, 28.880936, 0.0)
(31.721790, 28.884281, 0.0)
(31.714638, 28.904875, 0.0)
(31.707928, 28.930119, 0.0)
(31.647329, 29.009848, 0.0)
(31.879519, 28.683908, 0.0)
(31.848495, 28.554192, 0.0)
(31.696585, 28.532667, 0.0)
(31.630316, 28.496674, 0.0)
(31.563095, 28.510468, 0.0)
(31.246544, 28.678930, 0.0)
(31.146795, 28.671852, 0.0)
(31.143120, 28.641277, 0.0)
(31.154383, 28.637465, 0.0)
(31.170855, 28.517113, 0.0)
(31.171629, 28.465273, 0.0)
(31.184458, 28.414774, 0.0)
(31.202797, 28.393963, 0.0)
(31.258080, 28.383198, 0.0)
(31.329863, 28.382490, 0.0)
(31.358429, 28.358608, 0.0)
(31.387997, 28.340445, 0.0)
(31.443031, 28.328888, 0.0)
(31.473562, 28.286900, 0.0)
(31.508453, 28.296768, 0.0)
(31.704710, 28.305117, 0.0)
(34.374119, 28.379864, 0.0)
(40.030720, 28.414417, 0.0)
(41.597946, 28.004692, 0.0)
(42.309757, 27.584164, 0.0)
(42.431351, 27.277122, 0.0)
(42.456192, 27.151888, 0.0)
(42.463402, 27.145876, 0.0)
(42.436264, 27.132816, 0.0)
(42.396835, 27.143784, 0.0)
(42.368011, 27.140251, 0.0)
(42.339130, 27.138184, 0.0)
(42.372166, 27.130116, 0.0)
(42.342369, 27.131664, 0.0)
(42.376453, 27.137428, 0.0)
(42.400177, 27.140810, 0.0)
(42.436398, 27.146011, 0.0)
(42.466404, 27.162710, 0.0)
(42.451614, 27.211334, 0.0)
(42.431599, 27.255226, 0.0)
(42.430748, 27.268732, 0.0)
(42.513870, 27.294992, 0.0)
(42.524014, 27.278662, 0.0)
(42.528122, 27.290565, 0.0)
(42.528732, 27.275707, 0.0)
(42.559032, 27.254511, 0.0)
(42.573540, 27.250427, 0.0)
(42.609661, 27.241167, 0.0)
(42.594032, 27.216110, 0.0)
(42.621151, 27.201504, 0.0)
(42.602749, 27.213531, 0.0)
(42.582363, 27.256887, 0.0)
(42.549477, 27.336800, 0.0)
(42.539776, 27.379316, 0.0)
(42.529697, 27.397053, 0.0)
(42.798367, 27.360634, 0.0)
(43.260117, 27.244497, 0.0)
(43.407608, 27.179604, 0.0)
(43.423111, 27.132250, 0.0)
(43.459152, 27.114935, 0.0)
(43.452995, 27.096708, 0.0)
(43.464725, 27.117718, 0.0)
(43.448978, 27.138811, 0.0)
(43.434929, 27.134266, 0.0)
(43.407959, 27.153349, 0.0)
(43.410839, 27.130596, 0.0)
(43.400536, 27.119873, 0.0)
(43.359524, 27.123743, 0.0)
(43.276703, 27.060909, 0.0)
(43.270397, 27.057987, 0.0)
(43.253288, 27.087708, 0.0)
(43.152882, 27.067232, 0.0)
(43.116322, 27.067606, 0.0)
(42.488205, 26.853561, 0.0)
(41.404774, 26.625004, 0.0)
(41.307423, 26.600283, 0.0)
(41.182320, 26.595177, 0.0)
(40.477222, 26.622280, 0.0)
(37.801826, 26.716429, 0.0)
(35.838043, 26.935738, 0.0)
(35.021061, 26.958929, 0.0)
(34.900509, 26.939184, 0.0)
(34.840714, 26.914452, 0.0)
(34.787380, 26.867899, 0.0)
(34.778515, 26.884426, 0.0)
(34.754574, 26.870535, 0.0)
(34.381660, 27.026081, 0.0)
(32.561474, 27.464775, 0.0)
(31.243382, 27.632124, 0.0)
(31.036461, 27.476036, 0.0)
(31.026764, 27.432978, 0.0)
(31.005186, 27.425817, 0.0)
(30.994104, 27.406549, 0.0)
(31.004646, 27.385220, 0.0)
(31.027874, 27.392365, 0.0)
(31.029131, 27.373287, 0.0)
(31.021509, 27.365475, 0.0)
(30.991543, 27.353088, 0.0)
(30.963840, 27.368582, 0.0)
(30.951830, 27.400518, 0.0)
(30.943645, 27.454704, 0.0)
(30.867830, 27.512827, 0.0)
(31.482037, 27.150240, 0.0)
(32.666073, 26.548656, 0.0)
(32.745247, 26.465105, 0.0)
(32.640491, 26.477850, 0.0)
(32.486755, 26.522854, 0.0)
(32.399956, 26.545563, 0.0)
(32.307762, 26.584616, 0.0)
(32.252975, 26.596682, 0.0)
(32.188393, 26.634697, 0.0)
(32.055172, 26.677837, 0.0)
(31.887524, 26.765385, 0.0)
(31.768440, 26.831690, 0.0)
(30.514341, 27.324018, 0.0)
(30.309490, 27.396154, 0.0)
(30.273203, 27.434038, 0.0)
(30.236334, 27.423674, 0.0)
(30.226355, 27.425587, 0.0)
(30.226496, 27.379560, 0.0)
(30.222261, 27.352768, 0.0)
(30.200649, 27.291759, 0.0)
(30.205803, 27.244602, 0.0)
(30.193947, 27.230730, 0.0)
(30.217796, 27.230246, 0.0)
(30.237505, 27.195375, 0.0)
(30.230770, 27.207693, 0.0)
(30.749844, 26.936935, 0.0)
(31.379101, 26.488590, 0.0)
(31.447674, 26.402439, 0.0)
(31.540018, 26.386982, 0.0)
(31.621569, 26.281086, 0.0)
(32.257893, 26.081657, 0.0)
(35.084587, 25.591694, 0.0)
(36.351376, 25.474525, 0.0)
(36.592331, 25.426682, 0.0)
(36.604263, 25.383116, 0.0)
(36.632168, 25.325264, 0.0)
(36.737053, 25.318884, 0.0)
(36.812874, 25.331985, 0.0)
(36.905907, 25.359985, 0.0)
(36.960808, 25.411388, 0.0)
(37.041897, 25.412006, 0.0)
(37.131054, 25.433624, 0.0)
(37.236053, 25.413618, 0.0)
(37.341236, 25.416058, 0.0)
(37.469955, 25.377163, 0.0)
(39.093666, 25.595161, 0.0)
(40.882854, 25.967403, 0.0)
(41.662292, 26.047421, 0.0)
(41.727337, 26.051344, 0.0)
(41.724506, 26.059948, 0.0)
(41.758858, 26.025702, 0.0)
(41.779732, 25.987383, 0.0)
(41.770035, 25.977436, 0.0)
(41.782146, 25.950069, 0.0)
(41.827507, 25.944389, 0.0)
(41.865314, 25.972252, 0.0)
(42.874676, 26.338461, 0.0)
(43.695450, 26.447376, 0.0)
(43.795052, 26.395420, 0.0)
(43.752483, 26.335306, 0.0)
(43.761795, 26.288837, 0.0)
(43.733345, 26.270107, 0.0)
(43.684837, 26.276436, 0.0)
(43.614498, 26.257957, 0.0)
(43.596085, 26.252405, 0.0)
(43.628418, 26.254343, 0.0)
(43.643127, 26.244434, 0.0)
(43.650284, 26.181679, 0.0)
(43.621872, 26.114859, 0.0)
(43.613106, 26.094625, 0.0)
(43.631485, 26.071795, 0.0)
(43.647789, 26.077206, 0.0)
(43.624119, 26.080038, 0.0)
(43.534210, 26.117563, 0.0)
(43.448574, 26.124876, 0.0)
(43.447720, 26.160278, 0.0)
(43.422325, 26.147644, 0.0)
(43.425278, 26.164391, 0.0)
(43.405869, 26.167479, 0.0)
(43.407738, 26.186588, 0.0)
(43.412479, 26.170414, 0.0)
(42.510952, 25.901030, 0.0)
(39.925137, 25.583336, 0.0)
(36.958580, 26.192570, 0.0)
(35.438843, 26.221674, 0.0)
(34.338295, 26.198879, 0.0)
(33.611679, 26.207376, 0.0)
(33.065895, 26.092615, 0.0)
(33.008656, 26.052149, 0.0)
(32.959396, 25.970753, 0.0)
(32.931221, 25.996687, 0.0)
(32.876514, 26.027975, 0.0)
(32.845200, 25.972099, 0.0)
(32.804203, 25.893471, 0.0)
(32.796173, 25.896442, 0.0)
(32.794537, 25.934599, 0.0)
(32.802135, 25.948256, 0.0)
(32.794418, 25.938225, 0.0)
(32.725609, 25.892687, 0.0)
(32.959290, 25.765686, 0.0)
(36.609173, 25.079727, 0.0)
(38.798950, 24.816084, 0.0)
(38.937527, 24.675856, 0.0)
(38.718380, 24.557486, 0.0)
(37.846180, 24.570515, 0.0)
(37.671799, 24.516020, 0.0)
(37.494629, 24.522175, 0.0)
(37.261593, 24.528641, 0.0)
(36.952454, 24.570059, 0.0)
(36.697422, 24.596577, 0.0)
(35.935345, 24.830368, 0.0)
(34.123760, 25.205368, 0.0)
(33.821529, 25.258598, 0.0)
(33.564457, 25.347218, 0.0)
(31.834909, 26.126528, 0.0)
(31.239025, 26.285694, 0.0)
(31.061916, 26.241230, 0.0)
(30.984863, 26.288729, 0.0)
(30.876797, 26.334846, 0.0)
(30.785398, 26.386972, 0.0)
(30.746626, 26.426880, 0.0)
(30.574896, 26.473753, 0.0)
(30.494766, 26.580008, 0.0)
(30.401567, 26.605867, 0.0)
(30.308662, 26.585421, 0.0)
(30.248600, 26.587879, 0.0)
(30.224564, 26.569366, 0.0)
(30.198891, 26.575529, 0.0)
(30.250834, 26.631540, 0.0)
(30.249731, 26.663853, 0.0)
(30.234795, 26.670387, 0.0)
(30.191095, 26.705900, 0.0)
(30.144091, 26.648483, 0.0)
(30.061096, 26.633474, 0.0)
(30.020433, 26.431593, 0.0)
(30.013502, 26.414507, 0.0)
(30.012905, 26.406029, 0.0)
(30.053591, 26.413750, 0.0)
(30.114519, 26.368179, 0.0)
(30.152132, 26.335463, 0.0)
(30.193125, 26.961943, 0.0)
(41.746033, 26.367123, 0.0)
(41.731537, 25.642635, 0.0)
(41.786751, 25.285311, 0.0)
(41.805344, 25.075275, 0.0)
(41.834637, 24.880577, 0.0)
(41.851810, 24.890657, 0.0)
(41.922180, 24.873228, 0.0)
(41.980087, 24.884100, 0.0)
(41.980110, 24.877993, 0.0)
(42.014400, 24.874495, 0.0)
(41.668854, 24.790276, 0.0)
(40.007133, 24.329800, 0.0)
(39.863026, 24.236528, 0.0)
(39.933857, 24.218168, 0.0)
(39.936352, 24.155197, 0.0)
(39.987625, 24.119295, 0.0)
(40.047821, 24.090084, 0.0)
(40.080357, 24.083744, 0.0)
(40.137470, 24.038795, 0.0)
(40.138729, 24.017776, 0.0)
(40.164310, 24.014130, 0.0)
(40.220520, 24.023945, 0.0)
(40.247562, 24.044348, 0.0)
(41.537731, 24.668955, 0.0)
(42.957653, 25.412136, 0.0)
(43.459671, 25.485254, 0.0)
(43.484562, 25.431145, 0.0)
(43.506165, 25.333113, 0.0)
(43.544323, 25.291161, 0.0)
(43.610924, 25.259474, 0.0)
(43.696068, 25.263382, 0.0)
(43.789307, 25.253077, 0.0)
(43.993431, 25.187901, 0.0)
(44.003368, 25.165049, 0.0)
(43.971172, 25.186413, 0.0)
(43.973080, 25.144953, 0.0)
(43.999447, 25.090757, 0.0)
(43.970997, 25.052992, 0.0)
(44.028095, 25.027458, 0.0)
(44.057556, 25.041800, 0.0)
(44.132317, 25.034460, 0.0)
(44.137360, 25.001612, 0.0)
(44.060860, 24.953989, 0.0)
(44.011398, 24.932302, 0.0)
(43.998325, 24.944981, 0.0)
(43.990780, 24.949127, 0.0)
(43.976879, 24.950428, 0.0)
(43.955139, 25.017977, 0.0)
(43.278484, 25.651566, 0.0)
(41.807846, 25.163769, 0.0)
(42.125263, 24.308401, 0.0)
(42.037445, 23.844505, 0.0)
(41.924244, 23.704977, 0.0)
(41.756168, 23.627604, 0.0)
(41.603104, 23.599360, 0.0)
(41.501930, 23.538717, 0.0)
(40.243099, 23.505680, 0.0)
(38.838181, 23.549143, 0.0)
(38.581692, 23.623142, 0.0)
(37.060661, 23.816671, 0.0)
(34.323578, 24.534670, 0.0)
(32.544567, 25.067856, 0.0)
(32.087021, 25.112284, 0.0)
(31.996506, 25.056808, 0.0)
(31.965305, 25.048330, 0.0)
(31.962759, 25.077847, 0.0)
(31.948515, 25.035034, 0.0)
(31.908163, 25.077497, 0.0)
(31.897856, 25.117443, 0.0)
(30.734589, 25.444790, 0.0)
(30.417334, 25.495670, 0.0)
(30.399685, 25.507233, 0.0)
(30.370901, 25.535952, 0.0)
(30.405357, 25.511328, 0.0)
(30.443460, 25.460810, 0.0)
(30.464973, 25.472261, 0.0)
(30.464180, 25.440983, 0.0)
(30.444817, 25.442001, 0.0)
(30.426485, 25.448753, 0.0)
(30.388502, 25.488897, 0.0)
(30.359215, 25.483990, 0.0)
(30.333069, 25.518057, 0.0)
(30.319845, 25.459881, 0.0)
(30.310347, 25.467384, 0.0)
(30.289188, 25.494461, 0.0)
(30.254908, 25.420259, 0.0)
(30.196871, 25.373405, 0.0)
(30.160324, 25.403927, 0.0)
(30.150290, 25.439741, 0.0)
(30.140507, 25.492212, 0.0)
(30.109840, 25.521679, 0.0)
(30.023207, 25.569908, 0.0)
(29.948906, 25.572552, 0.0)
(29.904472, 25.573206, 0.0)
(29.905230, 25.600000, 0.0)
(29.900074, 25.590750, 0.0)
(29.883726, 25.574852, 0.0)
(29.877037, 25.568201, 0.0)
(29.879383, 25.582565, 0.0)
(29.877436, 25.586584, 0.0)
(29.852182, 25.599709, 0.0)
(29.813456, 25.648760, 0.0)
(29.803877, 25.614786, 0.0)
(29.809879, 25.629255, 0.0)
(29.833920, 25.575356, 0.0)
(30.148987, 25.311377, 0.0)
(30.467962, 24.960340, 0.0)
(30.523718, 24.882704, 0.0)
(30.614847, 24.762283, 0.0)
(30.707142, 24.726126, 0.0)
(30.800728, 24.663055, 0.0)
(31.567270, 24.235146, 0.0)
(32.148697, 23.988144, 0.0)
(32.299427, 23.948801, 0.0)
(32.460030, 23.907171, 0.0)
(32.535645, 23.883671, 0.0)
(33.594044, 23.569790, 0.0)
(36.157967, 24.046844, 0.0)
(39.130585, 24.854149, 0.0)
(40.880020, 24.855927, 0.0)
(41.122089, 24.321972, 0.0)
(41.208374, 24.063740, 0.0)
(41.297348, 24.010767, 0.0)
(41.401978, 23.960554, 0.0)
(41.428562, 23.995829, 0.0)
(41.432461, 23.990969, 0.0)
(41.426842, 23.984348, 0.0)
(41.422848, 23.972471, 0.0)
(41.449471, 23.940937, 0.0)
(41.469791, 23.941500, 0.0)
(41.486744, 23.927460, 0.0)
(41.526138, 23.936504, 0.0)
(41.598000, 23.903189, 0.0)
(41.668659, 23.889439, 0.0)
(41.691650, 23.867884, 0.0)
(41.735672, 23.808369, 0.0)
(41.758980, 23.778246, 0.0)
(41.821308, 23.807898, 0.0)
(41.846828, 23.795115, 0.0)
(41.870380, 23.814741, 0.0)
(41.905704, 23.767191, 0.0)
(41.933033, 23.765577, 0.0)
(42.051849, 23.797697, 0.0)
(42.972942, 23.971134, 0.0)
(43.736324, 24.255270, 0.0)
(43.859013, 24.235794, 0.0)
(43.873367, 24.233698, 0.0)
(43.961357, 24.235933, 0.0)
(44.063305, 24.208807, 0.0)
(44.074360, 24.179684, 0.0)
(44.045551, 24.148602, 0.0)
(43.999096, 24.140596, 0.0)
(43.959618, 24.132177, 0.0)
(43.957340, 24.142578, 0.0)
(43.927547, 24.142544, 0.0)
(43.934349, 24.150570, 0.0)
(43.900990, 24.137657, 0.0)
(43.874706, 24.136383, 0.0)
(43.815266, 24.097210, 0.0)
(43.741505, 24.044716, 0.0)
(43.724594, 24.059292, 0.0)
(43.746304, 24.080490, 0.0)
(43.722225, 24.075026, 0.0)
(43.134930, 23.811869, 0.0)
(42.871750, 23.678596, 0.0)
(42.573906, 23.582237, 0.0)
(40.328945, 22.829117, 0.0)
(39.969841, 22.776722, 0.0)
(39.810249, 22.709932, 0.0)
(38.236515, 22.667084, 0.0)
(35.331776, 24.097595, 0.0)
(33.525845, 24.738909, 0.0)
(32.760002, 24.433899, 0.0)
(32.374367, 24.271181, 0.0)
(32.322941, 24.156223, 0.0)
(32.265022, 24.229319, 0.0)
(32.183231, 24.280905, 0.0)
(32.118267, 24.291267, 0.0)
(32.097443, 24.289188, 0.0)
(32.076302, 24.302097, 0.0)
(32.062641, 24.359688, 0.0)
(32.030075, 24.343189, 0.0)
(31.968073, 24.397190, 0.0)
(31.900270, 24.359732, 0.0)
(31.879366, 24.351206, 0.0)
(31.863785, 24.380898, 0.0)
(31.881433, 24.425812, 0.0)
(31.810354, 24.457798, 0.0)
(31.780289, 24.467203, 0.0)
(31.734936, 24.495056, 0.0)
(33.202656, 23.840534, 0.0)
(35.015812, 23.181128, 0.0)
(35.048965, 23.184811, 0.0)
(34.960953, 23.155416, 0.0)
(34.900375, 23.159027, 0.0)
(34.868874, 23.127140, 0.0)
(34.808956, 23.166248, 0.0)
(34.681217, 23.194181, 0.0)
(33.055653, 23.624590, 0.0)
(32.783836, 23.752975, 0.0)
(32.649227, 23.815733, 0.0)
(32.548695, 23.812454, 0.0)
(32.430820, 23.792795, 0.0)
(32.387684, 23.774504, 0.0)
(31.924410, 24.018154, 0.0)
(31.050835, 24.330900, 0.0)
(30.966824, 24.428732, 0.0)
(30.941154, 24.400488, 0.0)
(30.889650, 24.390499, 0.0)
(30.860464, 24.445553, 0.0)
(30.831881, 24.492476, 0.0)
(30.783344, 24.517319, 0.0)
(30.682840, 24.543253, 0.0)
(30.375051, 24.698505, 0.0)
(30.324310, 24.682230, 0.0)
(30.327002, 24.697645, 0.0)
(30.340450, 24.645525, 0.0)
(30.364799, 24.614761, 0.0)
(30.451233, 24.593552, 0.0)
(30.512960, 24.563372, 0.0)
(30.613756, 24.500145, 0.0)
(30.672735, 24.462946, 0.0)
(31.635426, 23.711729, 0.0)
(31.810085, 23.619703, 0.0)
(31.862326, 23.557484, 0.0)
(31.961311, 23.501184, 0.0)
(32.112831, 23.453106, 0.0)
(32.222187, 23.383429, 0.0)
(32.433834, 23.324266, 0.0)
(32.568317, 23.285618, 0.0)
(34.021179, 22.736856, 0.0)
(34.336273, 22.570829, 0.0)
(34.469063, 22.529915, 0.0)
(34.613400, 22.559839, 0.0)
(34.811337, 22.532682, 0.0)
(34.916489, 22.479366, 0.0)
(34.995937, 22.515156, 0.0)
(35.074341, 22.504095, 0.0)
(35.178223, 22.424585, 0.0)
(36.005127, 22.255239, 0.0)
(36.226566, 22.235678, 0.0)
(36.307182, 22.158159, 0.0)
(36.453026, 22.170414, 0.0)
(38.068790, 22.234764, 0.0)
(40.530380, 22.667727, 0.0)
(41.466545, 22.878067, 0.0)
(41.564693, 22.876633, 0.0)
(41.549885, 22.859066, 0.0)
(41.625057, 22.814184, 0.0)
(41.618828, 22.820915, 0.0)
(41.656609, 22.814045, 0.0)
(41.669273, 22.821226, 0.0)
(41.698139, 22.792734, 0.0)
(42.248428, 23.106096, 0.0)
(43.242935, 23.432287, 0.0)
(43.498703, 23.540691, 0.0)
(43.491077, 23.543943, 0.0)
(43.465794, 23.579794, 0.0)
(43.441833, 23.604330, 0.0)
(43.932602, 23.778843, 0.0)
(44.054558, 23.797628, 0.0)
(44.022758, 23.743448, 0.0)
(43.988174, 23.695597, 0.0)
(43.978798, 23.633091, 0.0)
(44.014698, 23.651789, 0.0)
(44.003689, 23.713619, 0.0)
(44.019814, 23.749687, 0.0)
(43.700745, 23.619986, 0.0)
(43.238293, 23.488909, 0.0)
(43.161633, 23.449444, 0.0)
(43.182507, 23.421825, 0.0)
(43.188427, 23.393661, 0.0)
(43.202377, 23.352240, 0.0)
(43.192181, 23.319513, 0.0)
(43.176826, 23.293852, 0.0)
(43.268845, 23.257568, 0.0)
(43.765682, 23.404861, 0.0)
(43.634083, 23.271006, 0.0)
(43.439442, 23.202423, 0.0)
(43.319611, 23.197168, 0.0)
(42.150845, 22.728369, 0.0)
(41.897049, 22.652477, 0.0)
(41.742290, 22.547979, 0.0)
(41.668087, 22.553185, 0.0)
(41.417000, 22.424335, 0.0)
(41.285023, 22.364147, 0.0)
(40.688980, 22.238241, 0.0)
(40.543026, 22.186502, 0.0)
(40.417885, 22.160009, 0.0)
(40.251389, 22.167889, 0.0)
(40.114922, 22.112820, 0.0)
(39.907436, 22.080620, 0.0)
(39.046417, 22.015953, 0.0)
(38.395832, 21.953533, 0.0)
(38.184624, 21.951914, 0.0)
(37.956356, 21.942421, 0.0)
(37.716690, 21.902754, 0.0)
(37.503307, 21.899931, 0.0)
(37.119083, 22.004686, 0.0)
(35.256424, 22.125231, 0.0)
(34.986710, 22.201826, 0.0)
(34.849613, 22.272703, 0.0)
(34.652580, 22.287180, 0.0)
(34.516441, 22.366276, 0.0)
(34.306923, 22.425734, 0.0)
(34.113346, 22.445484, 0.0)
(33.889275, 22.562984, 0.0)
(33.748386, 22.601761, 0.0)
(33.556713, 22.654631, 0.0)
(33.182217, 22.811056, 0.0)
(31.239113, 23.616289, 0.0)
(30.906679, 23.766397, 0.0)
(30.842199, 23.853367, 0.0)
(30.795597, 23.886658, 0.0)
(30.723053, 23.935104, 0.0)
(30.681656, 23.938549, 0.0)
(30.640690, 23.972748, 0.0)
(30.572012, 23.988100, 0.0)
(30.475122, 24.006216, 0.0)
(30.426701, 24.007301, 0.0)
(30.403326, 24.037683, 0.0)
(30.415234, 24.083595, 0.0)
(30.394390, 24.066919, 0.0)
(30.362535, 24.062033, 0.0)
(30.335741, 24.050415, 0.0)
(30.345684, 24.121464, 0.0)
(30.341032, 24.161169, 0.0)
(30.313972, 24.188866, 0.0)
(30.314863, 24.192650, 0.0)
(30.324242, 24.196392, 0.0)
(30.458878, 24.164660, 0.0)
(30.534548, 24.118542, 0.0)
(30.556273, 24.094118, 0.0)
(31.432125, 23.301298, 0.0)
(31.717424, 23.100615, 0.0)
(31.812714, 23.045731, 0.0)
(31.913254, 22.916395, 0.0)
(34.113861, 22.277504, 0.0)
(36.765026, 21.983236, 0.0)
(39.095806, 22.281506, 0.0)
(40.452129, 22.464348, 0.0)
(40.940357, 22.554068, 0.0)
(40.997948, 22.559530, 0.0)
(40.996742, 22.543772, 0.0)
(41.041374, 22.561235, 0.0)
(41.106918, 22.554426, 0.0)
(41.148212, 22.501358, 0.0)
(41.185673, 22.447353, 0.0)
(41.205704, 22.420513, 0.0)
(41.243923, 22.398355, 0.0)
(41.274712, 22.404558, 0.0)
(41.287052, 22.422907, 0.0)
(41.272778, 22.470329, 0.0)
(41.265541, 22.475353, 0.0)
(39.340031, 21.782072, 0.0)
(39.197498, 21.793896, 0.0)
(39.294930, 21.771437, 0.0)
(39.333000, 21.767906, 0.0)
(39.448654, 21.721764, 0.0)
(39.574890, 21.750006, 0.0)
(39.688419, 21.773157, 0.0)
(39.762821, 21.752226, 0.0)
(39.861427, 21.758759, 0.0)
(40.600994, 21.948647, 0.0)
(41.705307, 22.244997, 0.0)
(41.875767, 22.275457, 0.0)
(41.884827, 22.310118, 0.0)
(41.933922, 22.321230, 0.0)
(42.032993, 22.365063, 0.0)
(42.096870, 22.316711, 0.0)
(42.105999, 22.260513, 0.0)
(42.113255, 22.254595, 0.0)
(42.123440, 22.299179, 0.0)
(42.160782, 22.376144, 0.0)
(43.033466, 22.710558, 0.0)
(43.335182, 22.876572, 0.0)
(43.307587, 22.917889, 0.0)
(43.304646, 22.920227, 0.0)
(43.309422, 22.875448, 0.0)
(43.319969, 22.835279, 0.0)
(43.498112, 22.892876, 0.0)
(43.720230, 23.001230, 0.0)
(43.765648, 22.930653, 0.0)
(43.789837, 22.925373, 0.0)
(43.776031, 22.926239, 0.0)
(43.761879, 22.940323, 0.0)
(43.666031, 22.930788, 0.0)
(43.624470, 22.966217, 0.0)
(43.561150, 22.908758, 0.0)
(43.528336, 22.861767, 0.0)
(43.423420, 22.786814, 0.0)
(42.952660, 22.533806, 0.0)
(42.307247, 22.126627, 0.0)
(42.122608, 22.088552, 0.0)
(42.020897, 22.065680, 0.0)
(41.861565, 22.033327, 0.0)
(41.684132, 22.009216, 0.0)
(39.945087, 21.487692, 0.0)
(37.162960, 21.446926, 0.0)
(35.552025, 21.606091, 0.0)
(35.420967, 21.673182, 0.0)
(35.347977, 21.618462, 0.0)
(35.226639, 21.601603, 0.0)
(34.497814, 21.826267, 0.0)
(31.693306, 22.728416, 0.0)
(30.634367, 23.212408, 0.0)
(30.486143, 23.321671, 0.0)
(30.454306, 23.369026, 0.0)
(30.414095, 23.387581, 0.0)
(30.331295, 23.385746, 0.0)
(30.324179, 23.381969, 0.0)
(30.313665, 23.358904, 0.0)
(30.313665, 23.358904, 0.0)
(30.297873, 23.354689, 0.0)
(30.288736, 23.370443, 0.0)
(30.289858, 23.360001, 0.0)
(30.263775, 23.353151, 0.0)
(30.241528, 23.324091, 0.0)
(30.232857, 23.259754, 0.0)
(30.246250, 23.278257, 0.0)
(30.261793, 23.278873, 0.0)
(30.236866, 23.263931, 0.0)
(30.211777, 23.260361, 0.0)
(30.197596, 23.272030, 0.0)
(30.187485, 23.277258, 0.0)
(30.166021, 23.288719, 0.0)
(30.197290, 23.283060, 0.0)
(30.171602, 23.293447, 0.0)
(30.170643, 23.295229, 0.0)
(30.171038, 23.308849, 0.0)
(30.164986, 23.302340, 0.0)
(30.121475, 23.323334, 0.0)
(30.081800, 23.382889, 0.0)
(30.056906, 23.406807, 0.0)
(29.997946, 23.458427, 0.0)
(29.972086, 23.471003, 0.0)
(29.919329, 23.505674, 0.0)
(29.876211, 23.507193, 0.0)
(29.633921, 23.464622, 0.0)
(29.705278, 23.272964, 0.0)
(29.821983, 23.061399, 0.0)
(29.867531, 22.952200, 0.0)
(29.960344, 22.953136, 0.0)
(30.012758, 23.006775, 0.0)
(30.076691, 23.025925, 0.0)
(30.065794, 23.049215, 0.0)
(30.034563, 23.128363, 0.0)
(30.035593, 23.122198, 0.0)
(30.250452, 23.053167, 0.0)
(31.594433, 22.315214, 0.0)
(31.803396, 22.156578, 0.0)
(31.890560, 22.143578, 0.0)
(32.024017, 22.107750, 0.0)
(32.130878, 22.048002, 0.0)
(32.217655, 22.023367, 0.0)
(32.253166, 22.004040, 0.0)
(32.336742, 21.944300, 0.0)
(32.398327, 21.893288, 0.0)
(32.464027, 21.842794, 0.0)
(34.103924, 21.297573, 0.0)
(34.343994, 21.197266, 0.0)
(34.395443, 21.196115, 0.0)
(34.529743, 21.089222, 0.0)
(34.626976, 21.038290, 0.0)
(35.043488, 21.034414, 0.0)
(37.571148, 20.868151, 0.0)
(39.476250, 21.144258, 0.0)
(40.007309, 21.269098, 0.0)
(40.056072, 21.295216, 0.0)
(40.055901, 21.282421, 0.0)
(40.098217, 21.308073, 0.0)
(40.176590, 21.305691, 0.0)
(40.468243, 21.333164, 0.0)
(41.904121, 21.777252, 0.0)
(42.380970, 21.958874, 0.0)
(42.423996, 21.986694, 0.0)
(42.389000, 22.034927, 0.0)
(42.432629, 22.023836, 0.0)
(42.429428, 22.041365, 0.0)
(42.431709, 22.048351, 0.0)
(42.456711, 21.958021, 0.0)
(42.496948, 21.915520, 0.0)
(42.547623, 21.915266, 0.0)
(42.578705, 21.916933, 0.0)
(42.541641, 21.860588, 0.0)
(42.579544, 21.826660, 0.0)
(42.612785, 21.801987, 0.0)
(42.604317, 21.780107, 0.0)
(42.605175, 21.786591, 0.0)
(42.667156, 21.806757, 0.0)
(42.734798, 21.828308, 0.0)
(42.738804, 21.871315, 0.0)
(42.718048, 21.920717, 0.0)
(42.683422, 21.953156, 0.0)
(42.657032, 21.935257, 0.0)
(42.638199, 21.951649, 0.0)
(42.574558, 21.886627, 0.0)
(42.563599, 21.880751, 0.0)
(42.569069, 21.884878, 0.0)
(42.553963, 21.905851, 0.0)
(42.523258, 21.869402, 0.0)
(42.484127, 21.878590, 0.0)
(42.415432, 21.847193, 0.0)
(42.387516, 21.839544, 0.0)
(42.454086, 21.915688, 0.0)
(43.198460, 23.115152, 0.0)
(43.487354, 23.631634, 0.0)
(43.487331, 23.673330, 0.0)
(43.483921, 23.599836, 0.0)
(43.546963, 23.601706, 0.0)
(43.563515, 23.589228, 0.0)
(43.696182, 23.722919, 0.0)
(43.758793, 24.006750, 0.0)
(43.775105, 24.076775, 0.0)
(43.779865, 24.079149, 0.0)
(43.788567, 24.096209, 0.0)
(43.760838, 24.674400, 0.0)
(43.693455, 25.734369, 0.0)
(43.626389, 25.892805, 0.0)
(43.612644, 25.860588, 0.0)
(43.588707, 25.826672, 0.0)
(43.607704, 25.821650, 0.0)
(43.618641, 25.852991, 0.0)
(43.696384, 25.847656, 0.0)
(43.727791, 25.846153, 0.0)
(43.718563, 25.822493, 0.0)
(43.706352, 25.863091, 0.0)
(43.648243, 25.855814, 0.0)
(43.738091, 25.985781, 0.0)
(43.741779, 26.287546, 0.0)
(43.704914, 26.351154, 0.0)
(43.751053, 26.337687, 0.0)
(43.777363, 26.305332, 0.0)
(43.793087, 26.351397, 0.0)
(43.798950, 26.274702, 0.0)
(43.743771, 26.265198, 0.0)
(43.755302, 26.852207, 0.0)
(43.546177, 28.019428, 0.0)
(43.379524, 28.237303, 0.0)
(43.310410, 28.318584, 0.0)
(43.288219, 28.367794, 0.0)
(43.325874, 28.314091, 0.0)
(43.354160, 28.285160, 0.0)
(43.369514, 28.209400, 0.0)
(43.341614, 28.093204, 0.0)
(43.311127, 28.079029, 0.0)
(43.357288, 28.087988, 0.0)
(43.409744, 28.093424, 0.0)
(43.461418, 28.150620, 0.0)
(43.412430, 28.140034, 0.0)
(43.381592, 28.187782, 0.0)
(43.394596, 28.246990, 0.0)
(43.307041, 28.227638, 0.0)
(43.300423, 28.227859, 0.0)
(43.351303, 28.262823, 0.0)
(43.387009, 28.292673, 0.0)
(43.382015, 28.302670, 0.0)
(43.335320, 28.256445, 0.0)
(43.277786, 28.268017, 0.0)
(43.224174, 28.277031, 0.0)
(43.089157, 28.285961, 0.0)
(42.876179, 28.232988, 0.0)
(42.868828, 28.141260, 0.0)
(42.847061, 28.116375, 0.0)
(42.909969, 27.946104, 0.0)
(43.095970, 27.429569, 0.0)
(43.116249, 27.226068, 0.0)
(43.114883, 27.079426, 0.0)
(43.147221, 26.955290, 0.0)
(43.172806, 26.856079, 0.0)
(43.197189, 26.659004, 0.0)
(43.226833, 26.579165, 0.0)
(43.215782, 26.455040, 0.0)
(43.227268, 26.350809, 0.0)
(43.411316, 25.802948, 0.0)
(43.527077, 25.602304, 0.0)
(43.490971, 25.453535, 0.0)
(43.495537, 25.352314, 0.0)
(43.500340, 25.239822, 0.0)
(43.521721, 24.473343, 0.0)
(43.556526, 23.446264, 0.0)
(43.601200, 23.150387, 0.0)
(43.625076, 23.105799, 0.0)
(43.650318, 23.129416, 0.0)
(43.655998, 23.071413, 0.0)
(43.652824, 23.088572, 0.0)
(43.653179, 23.090849, 0.0)
(43.637707, 23.073332, 0.0)
(43.608128, 23.094105, 0.0)
(43.544113, 23.048239, 0.0)
(43.479496, 23.029436, 0.0)
(43.508739, 23.033527, 0.0)
(43.537571, 23.060806, 0.0)
(43.426090, 23.041775, 0.0)
(43.363964, 23.037571, 0.0)
(43.361210, 23.024923, 0.0)
(43.362110, 23.010740, 0.0)
(43.367664, 23.004196, 0.0)
(43.339428, 22.984732, 0.0)
(43.331821, 22.981903, 0.0)
(43.328007, 22.971281, 0.0)
(43.281197, 22.552691, 0.0)
(43.298611, 22.104244, 0.0)
(43.310211, 22.014103, 0.0)
(43.353497, 22.012642, 0.0)
(43.333813, 21.979980, 0.0)
(43.321793, 21.951670, 0.0)
(43.284172, 22.027342, 0.0)
(43.227936, 22.008564, 0.0)
(43.216591, 22.040731, 0.0)
(43.135536, 22.047302, 0.0)
(43.122593, 22.050621, 0.0)
(43.112709, 22.071381, 0.0)
(43.094021, 22.037676, 0.0)
(43.046272, 22.013012, 0.0)
(42.514515, 22.148363, 0.0)
(42.426697, 22.197441, 0.0)
(42.402710, 22.215519, 0.0)
(42.408195, 22.272848, 0.0)
(42.074570, 22.496855, 0.0)
(42.175774, 24.365299, 0.0)
(42.263733, 25.828159, 0.0)
(42.470249, 26.540648, 0.0)
(42.530006, 27.078699, 0.0)
(42.492691, 27.185076, 0.0)
(42.420040, 27.163237, 0.0)
(42.365383, 27.108454, 0.0)
(42.299599, 27.100246, 0.0)
(42.308826, 27.152391, 0.0)
(42.382782, 27.278734, 0.0)
(42.400631, 27.300449, 0.0)
(42.407902, 27.406790, 0.0)
(42.695744, 27.046467, 0.0)
(42.750458, 26.456696, 0.0)
(42.722977, 26.227943, 0.0)
(42.737339, 26.220556, 0.0)
(42.732422, 26.205111, 0.0)
(42.780819, 26.212303, 0.0)
(42.868149, 26.242504, 0.0)
(42.871098, 26.248529, 0.0)
(42.879124, 26.288813, 0.0)
(42.874153, 26.348963, 0.0)
(42.878853, 26.380478, 0.0)
(43.013115, 26.769230, 0.0)
(43.182144, 27.484264, 0.0)
(43.152760, 27.559700, 0.0)
(43.157135, 27.536245, 0.0)
(43.158257, 27.514345, 0.0)
(43.150574, 27.503393, 0.0)
(43.138393, 27.527510, 0.0)
(43.151253, 27.553846, 0.0)
(43.158951, 27.624939, 0.0)
(42.923199, 27.874054, 0.0)
(42.827255, 27.962048, 0.0)
(42.805531, 28.005459, 0.0)
(42.804775, 28.064556, 0.0)
(42.781631, 28.100428, 0.0)
(42.772472, 28.088556, 0.0)
(42.812283, 28.063721, 0.0)
(42.832973, 28.062868, 0.0)
(42.863495, 28.060637, 0.0)
(42.887066, 28.101885, 0.0)
(42.878891, 28.130898, 0.0)
(42.853901, 28.156837, 0.0)
(42.854580, 28.237234, 0.0)
(42.839916, 28.253241, 0.0)
(42.843296, 28.279793, 0.0)
(42.815819, 28.266077, 0.0)
(42.818981, 28.270571, 0.0)
(42.818481, 28.282015, 0.0)
(42.832973, 28.250034, 0.0)
(42.828209, 28.223553, 0.0)
(42.779556, 28.145657, 0.0)
(42.749615, 28.135473, 0.0)
(42.765915, 28.141672, 0.0)
(42.745171, 28.169231, 0.0)
(42.186035, 28.183775, 0.0)
(42.098930, 28.111097, 0.0)
(42.101032, 28.029432, 0.0)
(42.113880, 27.924921, 0.0)
(42.126862, 27.809271, 0.0)
(42.135872, 27.688078, 0.0)
(42.133579, 27.609787, 0.0)
(42.211544, 27.299900, 0.0)
(42.239590, 26.939535, 0.0)
(42.269497, 26.742470, 0.0)
(42.251408, 26.648205, 0.0)
(42.229813, 26.408676, 0.0)
(42.263786, 26.231821, 0.0)
(42.318661, 25.548323, 0.0)
(42.406746, 24.689356, 0.0)
(42.372494, 24.344055, 0.0)
(42.344067, 24.125362, 0.0)
(42.345840, 24.001328, 0.0)
(42.343037, 23.888645, 0.0)
(42.356621, 23.887472, 0.0)
(42.349644, 23.855602, 0.0)
(42.324184, 23.792234, 0.0)
(42.357727, 23.072676, 0.0)
(42.321659, 22.812670, 0.0)
(42.330235, 22.711706, 0.0)
(42.336052, 22.661234, 0.0)
(42.339085, 22.601439, 0.0)
(42.341599, 22.411396, 0.0)
(42.297024, 21.689550, 0.0)
(42.242954, 21.307411, 0.0)
(42.186443, 21.285303, 0.0)
(42.201828, 21.284058, 0.0)
(42.179207, 21.280737, 0.0)
(42.164532, 21.252594, 0.0)
(42.159527, 21.272181, 0.0)
(42.149544, 21.290323, 0.0)
(42.185936, 21.318590, 0.0)
(42.224998, 21.348589, 0.0)
(42.327950, 21.922945, 0.0)
(42.347370, 22.207571, 0.0)
(42.296108, 22.197256, 0.0)
(42.279888, 22.164001, 0.0)
(42.300529, 22.173092, 0.0)
(42.146931, 21.908745, 0.0)
(42.101746, 21.900766, 0.0)
(42.079887, 21.877823, 0.0)
(42.117359, 21.803837, 0.0)
(42.140793, 21.742067, 0.0)
(42.133522, 21.686621, 0.0)
(42.165291, 21.656736, 0.0)
(42.161652, 21.650103, 0.0)
(42.069931, 21.622520, 0.0)
(41.575272, 22.006672, 0.0)
(41.431477, 23.959579, 0.0)
(41.498913, 25.928587, 0.0)
(41.450836, 27.036776, 0.0)
(41.435555, 27.621052, 0.0)
(41.527901, 27.593435, 0.0)
(41.518848, 27.461073, 0.0)
(41.465958, 27.319880, 0.0)
(41.516819, 27.234400, 0.0)
(41.551796, 27.194033, 0.0)
(41.556931, 27.134237, 0.0)
(41.452335, 27.147469, 0.0)
(41.432957, 27.177502, 0.0)
(41.418728, 27.207195, 0.0)
(41.423805, 27.270193, 0.0)
(41.422279, 27.347101, 0.0)
(41.412327, 27.440020, 0.0)
(41.413830, 27.485268, 0.0)
(41.411266, 27.457001, 0.0)
(41.434788, 27.462955, 0.0)
(41.442905, 27.465088, 0.0)
(41.481384, 27.438839, 0.0)
(41.573383, 27.448727, 0.0)
(41.632751, 27.429987, 0.0)
(41.639011, 27.451218, 0.0)
(41.631756, 27.478798, 0.0)
(41.639492, 27.501371, 0.0)
(41.867405, 27.541931, 0.0)
(42.036617, 27.511202, 0.0)
(42.025085, 27.525574, 0.0)
(42.039742, 27.535326, 0.0)
(42.054451, 27.514269, 0.0)
(42.087929, 27.531950, 0.0)
(42.052280, 27.540298, 0.0)
(42.007313, 27.546396, 0.0)
(41.987415, 27.557423, 0.0)
(42.008110, 27.602297, 0.0)
(41.979797, 27.648369, 0.0)
(41.963982, 27.689787, 0.0)
(41.981194, 27.692308, 0.0)
(41.759983, 27.941355, 0.0)
(41.654667, 28.108828, 0.0)
(41.640644, 28.081049, 0.0)
(41.581001, 28.084824, 0.0)
(41.598156, 28.121174, 0.0)
(41.588364, 28.201893, 0.0)
(41.596828, 28.257542, 0.0)
(41.585648, 28.325092, 0.0)
(41.568199, 28.401834, 0.0)
(41.545361, 28.425095, 0.0)
(41.490055, 28.451468, 0.0)
(41.499420, 28.485296, 0.0)
(41.496868, 28.487040, 0.0)
(41.556290, 28.473263, 0.0)
(41.566029, 28.476067, 0.0)
(41.497997, 28.455025, 0.0)
(40.751522, 28.660177, 0.0)
(40.620579, 28.649435, 0.0)
(40.616596, 28.641323, 0.0)
(40.589481, 28.648710, 0.0)
(40.568157, 28.681252, 0.0)
(40.587070, 28.688334, 0.0)
(40.556816, 28.582638, 0.0)
(40.644257, 28.360968, 0.0)
(40.913921, 27.686487, 0.0)
(40.927555, 27.387365, 0.0)
(40.904270, 27.237320, 0.0)
(40.961205, 27.075779, 0.0)
(40.986122, 26.929451, 0.0)
(41.036663, 26.679672, 0.0)
(40.996811, 26.515842, 0.0)
(41.015724, 25.768003, 0.0)
(41.042084, 24.177736, 0.0)
(41.010853, 23.180786, 0.0)
(40.927544, 22.827192, 0.0)
(40.910316, 22.708912, 0.0)
(40.912506, 22.679371, 0.0)
(40.904961, 22.569946, 0.0)
(40.879158, 22.506014, 0.0)
(40.874763, 22.491440, 0.0)
(40.929993, 22.484268, 0.0)
(40.959503, 22.478991, 0.0)
(40.974598, 22.446550, 0.0)
(40.999790, 22.463022, 0.0)
(41.013847, 22.424170, 0.0)
(41.045311, 22.392519, 0.0)
(41.019325, 22.332798, 0.0)
(41.007374, 22.318331, 0.0)
(41.026531, 22.300606, 0.0)
(41.061226, 22.292210, 0.0)
(41.114086, 22.274338, 0.0)
(41.145657, 22.208050, 0.0)
(41.131649, 21.652733, 0.0)
(41.015579, 21.015106, 0.0)
(40.956074, 20.882645, 0.0)
(40.953323, 20.883657, 0.0)
(40.908436, 20.876255, 0.0)
(40.899879, 20.906008, 0.0)
(40.954132, 20.893415, 0.0)
(40.973053, 20.877140, 0.0)
(40.988064, 20.851357, 0.0)
(40.983364, 20.800442, 0.0)
(40.988873, 20.799124, 0.0)
(40.976982, 20.784344, 0.0)
(40.977612, 20.795233, 0.0)
(40.591545, 20.866467, 0.0)
(40.479565, 20.923077, 0.0)
(40.444305, 20.981705, 0.0)
(40.384010, 20.987616, 0.0)
(40.335453, 21.004580, 0.0)
(40.321854, 21.010725, 0.0)
(40.330215, 20.989985, 0.0)
(40.335220, 20.991453, 0.0)
(40.359806, 20.993467, 0.0)
(40.419781, 21.023539, 0.0)
(40.348152, 20.967718, 0.0)
(39.948826, 22.391794, 0.0)
(40.262043, 28.420513, 0.0)
(40.324608, 28.824736, 0.0)
(40.223328, 29.004652, 0.0)
(40.055508, 28.885674, 0.0)
(40.118279, 28.761005, 0.0)
(40.138729, 28.691498, 0.0)
(40.124111, 28.659058, 0.0)
(40.217739, 28.816710, 0.0)
(40.385357, 29.211464, 0.0)
(40.325153, 29.272182, 0.0)
(40.306622, 29.283447, 0.0)
(40.308773, 29.323467, 0.0)
(40.301609, 29.382851, 0.0)
(40.316338, 29.425968, 0.0)
(40.339890, 29.445904, 0.0)
(40.302155, 29.465147, 0.0)
(40.348824, 29.515059, 0.0)
(40.355209, 29.333822, 0.0)
(40.567081, 28.876293, 0.0)
(40.621357, 28.708248, 0.0)
(40.619259, 28.776957, 0.0)
(40.610779, 28.762371, 0.0)
(40.592678, 28.752764, 0.0)
(40.605900, 28.755293, 0.0)
(40.581051, 28.749165, 0.0)
(40.569378, 28.729515, 0.0)
(40.582741, 28.736980, 0.0)
(40.578442, 28.728205, 0.0)
(40.593296, 28.720631, 0.0)
(40.580311, 28.692812, 0.0)
(40.610287, 28.736084, 0.0)
(40.589569, 28.728401, 0.0)
(40.595856, 28.746170, 0.0)
(40.592747, 28.792715, 0.0)
(40.547493, 28.793922, 0.0)
(40.527740, 29.285709, 0.0)
(40.488762, 29.609755, 0.0)
(40.426006, 29.655865, 0.0)
(40.391926, 29.590921, 0.0)
(40.389435, 29.580673, 0.0)
(40.384338, 29.588707, 0.0)
(40.373829, 29.609825, 0.0)
(40.388241, 29.644779, 0.0)
(40.366661, 29.661802, 0.0)
(40.316124, 29.699203, 0.0)
(40.344559, 29.718626, 0.0)
(40.269569, 29.782024, 0.0)
(40.209576, 29.705622, 0.0)
(40.178722, 29.737534, 0.0)
(40.105167, 29.751898, 0.0)
(39.456432, 29.701380, 0.0)
(39.249939, 29.691477, 0.0)
(39.232632, 29.655296, 0.0)
(39.319412, 29.546291, 0.0)
(39.029755, 29.031406, 0.0)
(39.874825, 24.003481, 0.0)
(39.717934, 23.299181, 0.0)
(39.702957, 22.881086, 0.0)
(39.669304, 22.623129, 0.0)
(39.614105, 22.486897, 0.0)
(39.553028, 22.360022, 0.0)
(39.558624, 22.334600, 0.0)
(39.569832, 22.305653, 0.0)
(39.614182, 22.637276, 0.0)
(39.838326, 24.087912, 0.0)
(39.783855, 24.545055, 0.0)
(39.698509, 24.454428, 0.0)
(39.642780, 24.386087, 0.0)
(39.653236, 24.336151, 0.0)
(39.680290, 24.292137, 0.0)
(39.723305, 24.233206, 0.0)
(39.742702, 24.194407, 0.0)
(39.799324, 24.137945, 0.0)
(39.802372, 24.087524, 0.0)
(39.788342, 24.019341, 0.0)
(39.794178, 23.979368, 0.0)
(39.794373, 23.693903, 0.0)
(39.700466, 22.514343, 0.0)
(39.557301, 22.169621, 0.0)
(39.538593, 22.110800, 0.0)
(39.461651, 22.071098, 0.0)
(39.413071, 21.628298, 0.0)
(39.369869, 20.855373, 0.0)
(39.396507, 20.702694, 0.0)
(39.431778, 20.711899, 0.0)
(39.474602, 20.671686, 0.0)
(39.570000, 20.715034, 0.0)
(39.582455, 20.734388, 0.0)
(39.571827, 20.744387, 0.0)
(39.571827, 20.744387, 0.0)
(39.530483, 20.741606, 0.0)
(39.522717, 20.744827, 0.0)
(39.525108, 20.759848, 0.0)
(39.502567, 20.774786, 0.0)
(39.388924, 20.672239, 0.0)
(39.268726, 20.448595, 0.0)
(39.212883, 20.475086, 0.0)
(39.166973, 20.473541, 0.0)
(39.104588, 20.478090, 0.0)
(39.141365, 20.481373, 0.0)
(39.141888, 20.515827, 0.0)
(39.092358, 20.546879, 0.0)
(39.058941, 20.588139, 0.0)
(39.059891, 20.626757, 0.0)
(38.657406, 20.852333, 0.0)
(38.348957, 20.998817, 0.0)
(38.322319, 21.014931, 0.0)
(38.296329, 20.987961, 0.0)
(38.553673, 21.899696, 0.0)
(38.971439, 24.180271, 0.0)
(39.054092, 25.435394, 0.0)
(39.028900, 26.599604, 0.0)
(38.933384, 26.757269, 0.0)
(38.820190, 26.749771, 0.0)
(38.768440, 26.718376, 0.0)
(38.755543, 26.754456, 0.0)
(38.749146, 26.788820, 0.0)
(38.899734, 28.141920, 0.0)
(38.871796, 29.045862, 0.0)
(38.868019, 29.158949, 0.0)
(38.825645, 29.231638, 0.0)
(38.867325, 29.221062, 0.0)
(38.791824, 29.330101, 0.0)
(38.868660, 29.317318, 0.0)
(38.849258, 29.395294, 0.0)
(38.753979, 29.475405, 0.0)
(38.685310, 29.546633, 0.0)
(38.747734, 29.613224, 0.0)
(38.789055, 29.636780, 0.0)
(38.761089, 29.668587, 0.0)
(38.761021, 29.672462, 0.0)
(38.746384, 29.716156, 0.0)
(38.789993, 29.736511, 0.0)
(38.788239, 29.747938, 0.0)
(38.754696, 29.847137, 0.0)
(38.791637, 29.856195, 0.0)
(38.817593, 29.887722, 0.0)
(38.769070, 29.940693, 0.0)
(38.783211, 29.959131, 0.0)
(38.744183, 30.035065, 0.0)
(38.866264, 29.962114, 0.0)
(38.812202, 30.019791, 0.0)
(38.781311, 30.060684, 0.0)
(38.755394, 30.064056, 0.0)
(38.735867, 30.078854, 0.0)
(38.894470, 30.089790, 0.0)
(38.906857, 30.126471, 0.0)
(38.882023, 30.146767, 0.0)
(38.865101, 30.172089, 0.0)
(38.899666, 30.166594, 0.0)
(38.870255, 30.168596, 0.0)
(38.782619, 30.150408, 0.0)
(38.768356, 30.158438, 0.0)
(38.766010, 30.174631, 0.0)
(38.758675, 30.225126, 0.0)
(38.820984, 30.201967, 0.0)
(38.818855, 30.241137, 0.0)
(38.769245, 30.346443, 0.0)
(38.605797, 30.390308, 0.0)
(38.526409, 30.484709, 0.0)
(38.490074, 30.609766, 0.0)
(37.786785, 30.645634, 0.0)
(37.566303, 30.592665, 0.0)
(37.555656, 30.511841, 0.0)
(37.626385, 30.423168, 0.0)
(37.585289, 30.052042, 0.0)
(37.879608, 28.921509, 0.0)
(38.029675, 28.484695, 0.0)
(38.009682, 28.209631, 0.0)
(38.034763, 27.932457, 0.0)
(38.062180, 27.782536, 0.0)
(38.061291, 27.668404, 0.0)
(37.985802, 27.495422, 0.0)
(37.971924, 27.301548, 0.0)
(37.972919, 27.054365, 0.0)
(37.997948, 26.791098, 0.0)
(38.047882, 26.586058, 0.0)
(38.132896, 26.415525, 0.0)
(38.152954, 26.325111, 0.0)
(38.108009, 26.236614, 0.0)
(38.061443, 26.175499, 0.0)
(37.965813, 25.534575, 0.0)
(37.767570, 23.815683, 0.0)
(37.731030, 23.173786, 0.0)
(37.732307, 22.885469, 0.0)
(37.742947, 22.673391, 0.0)
(37.763489, 22.496367, 0.0)
(37.739109, 22.363884, 0.0)
(37.694603, 22.337646, 0.0)
(37.726906, 22.362413, 0.0)
(37.778431, 22.327538, 0.0)
(37.799843, 22.283829, 0.0)
(37.784428, 22.277102, 0.0)
(37.674603, 21.837465, 0.0)
(37.617435, 21.035425, 0.0)
(37.580616, 20.767971, 0.0)
(37.595139, 20.737728, 0.0)
(37.598373, 20.671463, 0.0)
(37.618656, 20.673155, 0.0)
(37.698235, 20.670282, 0.0)
(37.716953, 20.659807, 0.0)
(37.730644, 20.730507, 0.0)
(37.717518, 20.756891, 0.0)
(37.705788, 20.771944, 0.0)
(37.675262, 20.770485, 0.0)
(37.716461, 20.696489, 0.0)
(37.766361, 20.672197, 0.0)
(37.779518, 20.691732, 0.0)
(37.779598, 20.655016, 0.0)
(37.778450, 20.636099, 0.0)
(37.751282, 20.606710, 0.0)
(37.757961, 20.633629, 0.0)
(37.767902, 20.667519, 0.0)
(37.749672, 20.706982, 0.0)
(37.692287, 20.751663, 0.0)
(37.618114, 20.761005, 0.0)
(37.594769, 20.770445, 0.0)
(37.552708, 20.703482, 0.0)
(37.217876, 21.550791, 0.0)
(36.664761, 24.006968, 0.0)
(36.548191, 25.398363, 0.0)
(37.137238, 26.698303, 0.0)
(37.348824, 28.026316, 0.0)
(37.426369, 28.929094, 0.0)
(37.379402, 29.228706, 0.0)
(37.330624, 29.308100, 0.0)
(37.332760, 29.385714, 0.0)
(37.316643, 29.426996, 0.0)
(37.296597, 29.528881, 0.0)
(37.263138, 29.616474, 0.0)
(37.190311, 29.723856, 0.0)
(37.523357, 30.082790, 0.0)
(37.562241, 30.175749, 0.0)
(37.504017, 30.248905, 0.0)
(37.555676, 30.219145, 0.0)
(37.432541, 30.301245, 0.0)
(37.458553, 30.358974, 0.0)
(37.366219, 30.457891, 0.0)
(37.458645, 30.500940, 0.0)
(37.356224, 30.559816, 0.0)
(37.377720, 30.572586, 0.0)
(37.353886, 30.606543, 0.0)
(37.377228, 30.548698, 0.0)
(37.379345, 30.490011, 0.0)
(37.361919, 30.527056, 0.0)
(37.385376, 30.415602, 0.0)
(37.219463, 29.754080, 0.0)
(37.224960, 29.504553, 0.0)
(37.181599, 29.541025, 0.0)
(37.221771, 29.492155, 0.0)
(37.236965, 29.487204, 0.0)
(37.223148, 29.434788, 0.0)
(37.189945, 29.469767, 0.0)
(37.153751, 29.477066, 0.0)
(37.284454, 29.517132, 0.0)
(37.311619, 29.520838, 0.0)
(37.367496, 29.562302, 0.0)
(37.374229, 29.578650, 0.0)
(37.285450, 29.551846, 0.0)
(37.352150, 29.845354, 0.0)
(37.440498, 30.537241, 0.0)
(37.407257, 30.663157, 0.0)
(37.396915, 30.633846, 0.0)
(37.354115, 30.594893, 0.0)
(37.334675, 30.606148, 0.0)
(37.489899, 30.561281, 0.0)
(37.473183, 30.564182, 0.0)
(37.485775, 30.534706, 0.0)
(37.456833, 30.559435, 0.0)
(37.510117, 30.551924, 0.0)
(37.476833, 30.604151, 0.0)
(37.438072, 30.617359, 0.0)
(37.480965, 30.617714, 0.0)
(37.506992, 30.610422, 0.0)
(37.480824, 30.665560, 0.0)
(36.785027, 30.355457, 0.0)
(36.651314, 30.244370, 0.0)
(36.801929, 30.234184, 0.0)
(36.738297, 30.097902, 0.0)
(36.762421, 29.962219, 0.0)
(36.710468, 29.851610, 0.0)
(36.725830, 29.681328, 0.0)
(36.664017, 29.543751, 0.0)
(36.810749, 29.274332, 0.0)
(36.804802, 28.956213, 0.0)
(36.391285, 26.461538, 0.0)
(36.529972, 25.788521, 0.0)
(36.320774, 25.344299, 0.0)
(36.343334, 25.075584, 0.0)
(36.355629, 24.895401, 0.0)
(36.443165, 24.804455, 0.0)
(36.452141, 24.755835, 0.0)
(36.463268, 24.672169, 0.0)
(36.515854, 24.567829, 0.0)
(36.536472, 24.431498, 0.0)
(36.528595, 23.516768, 0.0)
(36.490341, 23.037880, 0.0)
(36.435787, 22.825575, 0.0)
(36.400063, 22.613974, 0.0)
(36.432217, 22.536785, 0.0)
(36.421303, 22.450010, 0.0)
(36.405422, 22.383322, 0.0)
(36.372650, 22.335373, 0.0)
(36.357124, 22.304842, 0.0)
(36.371418, 22.317513, 0.0)
(36.387871, 22.297327, 0.0)
(36.371998, 22.280342, 0.0)
(36.376190, 22.288921, 0.0)
(36.379765, 22.294355, 0.0)
(36.135349, 22.160900, 0.0)
(36.092785, 21.972507, 0.0)
(36.107319, 21.877457, 0.0)
(36.130844, 21.839920, 0.0)
(36.156658, 21.824814, 0.0)
(36.224728, 21.701286, 0.0)
(36.238106, 20.887699, 0.0)
(36.222908, 20.757381, 0.0)
(36.194279, 20.754845, 0.0)
(36.183567, 20.764229, 0.0)
(36.183567, 20.764229, 0.0)
(36.175499, 20.757750, 0.0)
(36.185158, 20.694134, 0.0)
(36.174725, 20.672197, 0.0)
(36.173115, 20.667456, 0.0)
(36.186157, 20.590406, 0.0)
(36.181721, 20.613007, 0.0)
(36.177940, 20.595367, 0.0)
(36.101570, 20.617582, 0.0)
(35.289562, 20.959532, 0.0)
(35.137142, 21.095182, 0.0)
(35.118443, 21.114864, 0.0)
(35.119419, 21.118822, 0.0)
(35.148434, 21.764248, 0.0)
(35.528992, 24.539066, 0.0)
(35.895523, 26.294031, 0.0)
(36.316090, 27.431492, 0.0)
(36.416279, 27.838619, 0.0)
(36.405632, 27.769920, 0.0)
(36.354080, 27.738401, 0.0)
(36.340687, 27.871862, 0.0)
(36.318768, 27.875374, 0.0)
(36.257294, 27.891199, 0.0)
(36.267815, 27.959557, 0.0)
(36.247417, 28.459066, 0.0)
(36.289108, 29.979568, 0.0)
(36.239384, 30.177450, 0.0)
(36.263741, 30.184441, 0.0)
(36.273655, 30.223783, 0.0)
(36.208622, 30.249495, 0.0)
(36.216145, 30.252377, 0.0)
(36.240391, 30.318241, 0.0)
(36.103741, 30.244612, 0.0)
(35.709244, 28.863716, 0.0)
(35.658680, 28.307150, 0.0)
(35.654205, 28.176411, 0.0)
(35.580486, 28.116344, 0.0)
(35.564461, 28.063818, 0.0)
(35.581001, 28.006586, 0.0)
(35.681030, 27.939615, 0.0)
(35.700134, 27.965733, 0.0)
(36.050564, 28.740137, 0.0)
(36.476242, 30.020779, 0.0)
(36.508453, 30.335938, 0.0)
(36.438709, 30.352602, 0.0)
(36.288456, 30.407967, 0.0)
(36.267357, 30.501415, 0.0)
(36.268768, 30.563450, 0.0)
(36.173744, 30.618452, 0.0)
(36.295643, 30.662928, 0.0)
(36.391106, 30.640141, 0.0)
(36.397629, 30.634008, 0.0)
(36.405758, 30.642263, 0.0)
(36.366390, 30.678499, 0.0)
(36.429756, 30.726440, 0.0)
(36.456123, 30.743475, 0.0)
(36.420040, 30.770941, 0.0)
(36.399277, 30.811331, 0.0)
(36.402184, 30.831636, 0.0)
(36.386505, 30.819422, 0.0)
(36.321808, 30.829237, 0.0)
(36.285938, 30.824129, 0.0)
(36.270420, 30.819620, 0.0)
(36.292995, 30.783422, 0.0)
(36.109634, 30.759693, 0.0)
(35.666042, 30.828455, 0.0)
(35.421448, 30.809111, 0.0)
(35.472919, 30.772482, 0.0)
(35.472473, 30.708374, 0.0)
(35.399014, 30.722279, 0.0)
(35.543114, 30.513922, 0.0)
(0.000000, 0.000000, 1.0)
(35.132542, 28.280489, 0.0)
(34.981499, 27.395523, 0.0)
(35.017464, 26.794495, 0.0)
(34.958435, 26.397797, 0.0)
(34.921944, 26.147486, 0.0)
(34.936165, 25.955019, 0.0)
(34.954666, 25.816843, 0.0)
(34.984482, 25.762144, 0.0)
(34.979126, 25.703526, 0.0)
(34.982212, 25.634195, 0.0)
(34.989948, 25.597950, 0.0)
(34.926136, 26.089739, 0.0)
(34.834908, 26.108841, 0.0)
(34.795933, 25.902208, 0.0)
(34.827984, 25.807127, 0.0)
(34.806149, 25.718645, 0.0)
(34.797112, 25.638453, 0.0)
(34.777287, 25.286575, 0.0)
(34.799229, 24.693575, 0.0)
(34.831333, 24.501110, 0.0)
(34.757622, 24.307295, 0.0)
(34.780056, 24.128794, 0.0)
(34.791790, 23.972998, 0.0)
(34.728065, 22.980812, 0.0)
(34.706200, 21.709982, 0.0)
(34.615601, 21.242338, 0.0)
(34.598457, 21.184708, 0.0)
(34.576046, 21.192780, 0.0)
(34.537987, 21.174292, 0.0)
(34.534515, 21.155739, 0.0)
(34.503754, 21.202394, 0.0)
(34.514328, 21.195473, 0.0)
(34.516342, 21.239990, 0.0)
(34.533825, 21.220325, 0.0)
(34.510677, 21.204237, 0.0)
(34.516705, 21.213720, 0.0)
(34.520916, 21.203459, 0.0)
(34.535946, 21.154312, 0.0)
(34.524750, 21.149426, 0.0)
(34.529808, 21.148628, 0.0)
(34.525913, 21.136175, 0.0)
(34.506138, 21.115961, 0.0)
(34.513603, 21.137627, 0.0)
(34.256958, 20.986856, 0.0)
(34.201801, 20.980227, 0.0)
(34.222012, 20.986881, 0.0)
(34.213310, 21.006769, 0.0)
(34.152725, 20.973570, 0.0)
(33.559231, 21.175884, 0.0)
(33.455196, 21.269129, 0.0)
(33.489563, 21.282534, 0.0)
(33.436813, 21.287485, 0.0)
(33.364460, 21.808668, 0.0)
(33.466343, 24.645161, 0.0)
(34.143646, 26.315826, 0.0)
(34.437325, 27.454540, 0.0)
(34.656960, 28.038393, 0.0)
(34.614311, 27.996464, 0.0)
(34.612122, 27.963148, 0.0)
(34.586468, 27.999826, 0.0)
(34.574459, 28.046516, 0.0)
(34.498363, 28.317366, 0.0)
(34.371239, 29.052965, 0.0)
(34.423096, 29.193975, 0.0)
(34.427898, 29.182436, 0.0)
(34.476517, 29.224201, 0.0)
(34.452351, 29.285727, 0.0)
(34.472206, 29.324284, 0.0)
(34.489994, 29.384954, 0.0)
(34.489101, 29.450108, 0.0)
(34.486000, 29.464010, 0.0)
(34.445030, 29.507387, 0.0)
(34.463036, 29.575928, 0.0)
(34.431427, 29.645823, 0.0)
(34.430286, 29.685371, 0.0)
(34.400368, 29.786741, 0.0)
(34.395172, 29.810848, 0.0)
(34.430775, 29.847332, 0.0)
(34.504417, 29.881880, 0.0)
(34.437695, 29.849138, 0.0)
(34.475723, 29.838898, 0.0)
(34.476990, 29.848551, 0.0)
(34.523705, 29.846745, 0.0)
(34.496349, 29.878696, 0.0)
(34.520340, 29.923052, 0.0)
(34.494789, 29.959007, 0.0)
(34.455097, 30.009804, 0.0)
(34.446861, 30.062168, 0.0)
(34.424717, 30.116096, 0.0)
(34.398438, 30.147966, 0.0)
(34.399658, 30.159874, 0.0)
(34.408993, 30.150551, 0.0)
(34.460464, 30.126753, 0.0)
(34.446213, 30.156168, 0.0)
(34.731770, 30.355724, 0.0)
(34.728249, 30.502665, 0.0)
(34.809898, 30.489492, 0.0)
(34.786129, 30.529554, 0.0)
(34.828182, 30.492159, 0.0)
(34.762573, 30.517092, 0.0)
(34.714615, 30.523478, 0.0)
(34.668911, 30.529926, 0.0)
(34.652748, 30.540602, 0.0)
(34.671146, 30.545490, 0.0)
(34.668613, 30.586487, 0.0)
(34.773403, 30.601522, 0.0)
(34.167675, 29.998808, 0.0)
(33.620552, 28.854643, 0.0)
(33.447052, 28.300795, 0.0)
(33.328922, 27.987656, 0.0)
(33.332344, 27.779078, 0.0)
(33.246143, 27.572590, 0.0)
(33.265289, 27.458168, 0.0)
(33.717754, 28.367506, 0.0)
(33.743984, 28.441765, 0.0)
(33.660130, 28.348495, 0.0)
(33.621613, 28.299805, 0.0)
(33.589550, 28.230511, 0.0)
(33.578163, 28.140160, 0.0)
(33.570625, 28.126909, 0.0)
(33.514023, 27.932764, 0.0)
(33.490688, 27.391954, 0.0)
(33.570694, 27.150768, 0.0)
(33.518322, 26.966303, 0.0)
(33.508881, 26.765505, 0.0)
(33.495090, 26.636919, 0.0)
(33.459560, 26.500101, 0.0)
(33.433357, 26.398441, 0.0)
(33.427410, 26.047276, 0.0)
(33.350639, 25.603405, 0.0)
(33.304314, 25.486961, 0.0)
(33.291157, 25.362928, 0.0)
(33.277840, 25.259357, 0.0)
(33.268436, 25.152796, 0.0)
(33.256889, 25.061501, 0.0)
(33.334660, 24.940212, 0.0)
(33.203884, 24.360542, 0.0)
(33.161942, 24.111355, 0.0)
(33.140968, 23.956043, 0.0)
(33.105305, 23.859499, 0.0)
(33.107704, 23.783045, 0.0)
(33.069149, 23.724072, 0.0)
(33.021534, 23.691486, 0.0)
(33.045563, 23.648979, 0.0)
(33.073956, 23.534321, 0.0)
(33.076195, 22.732222, 0.0)
(33.057594, 21.923820, 0.0)
(33.063091, 21.604965, 0.0)
(33.030594, 21.500103, 0.0)
(33.046352, 21.525593, 0.0)
(33.058521, 21.539360, 0.0)
(33.037624, 21.564373, 0.0)
(33.027798, 21.578417, 0.0)
(33.111153, 21.661539, 0.0)
(33.261757, 21.938669, 0.0)
(33.246998, 22.003437, 0.0)
(33.265526, 22.001637, 0.0)
(33.257122, 21.991793, 0.0)
(33.264446, 22.006918, 0.0)
(33.280201, 22.017872, 0.0)
(33.294338, 21.951780, 0.0)
(32.794674, 22.427418, 0.0)
(32.196880, 23.513762, 0.0)
(32.298386, 25.110567, 0.0)
(32.645252, 25.840761, 0.0)
(32.861797, 26.579021, 0.0)
(32.951794, 27.373606, 0.0)
(32.988419, 27.577133, 0.0)
(32.940590, 27.565836, 0.0)
(32.990253, 27.585602, 0.0)
(32.903831, 27.630840, 0.0)
(32.908413, 27.653873, 0.0)
(32.857777, 27.760815, 0.0)
(32.820110, 27.815384, 0.0)
(32.868465, 27.852905, 0.0)
(32.855198, 27.911755, 0.0)
(32.831181, 27.998201, 0.0)
(32.830734, 28.043562, 0.0)
(32.825718, 28.108763, 0.0)
(32.828220, 28.086304, 0.0)
(32.803387, 28.094517, 0.0)
(32.855434, 28.067556, 0.0)
(32.865917, 28.049473, 0.0)
(32.941669, 28.041025, 0.0)
(32.929993, 28.024553, 0.0)
(32.904278, 28.032879, 0.0)
(32.904793, 28.024746, 0.0)
(32.940899, 27.990377, 0.0)
(32.943474, 28.018177, 0.0)
(32.881363, 27.836342, 0.0)
(32.924343, 27.742525, 0.0)
(32.930935, 27.801559, 0.0)
(32.910027, 27.843143, 0.0)
(32.866848, 27.847189, 0.0)
(32.936035, 27.848183, 0.0)
(32.948807, 27.853359, 0.0)
(32.958534, 27.839491, 0.0)
(32.983803, 27.866102, 0.0)
(32.981808, 27.908247, 0.0)
(33.014931, 27.899799, 0.0)
(33.017723, 27.908916, 0.0)
(33.262554, 28.371559, 0.0)
(33.445778, 28.669548, 0.0)
(33.466259, 28.741812, 0.0)
(33.456028, 28.784533, 0.0)
(33.398304, 28.818783, 0.0)
(33.426815, 28.828901, 0.0)
(33.418438, 28.881292, 0.0)
(33.418110, 28.897116, 0.0)
(33.402515, 28.869080, 0.0)
(33.378429, 28.872341, 0.0)
(33.239536, 28.915075, 0.0)
(32.937244, 28.374758, 0.0)
(32.697330, 28.139311, 0.0)
(32.670147, 28.102140, 0.0)
(32.616150, 27.978027, 0.0)
(32.585701, 27.847000, 0.0)
(32.540848, 27.762348, 0.0)
(32.527111, 27.701941, 0.0)
(32.524467, 27.684635, 0.0)
(32.495842, 27.639647, 0.0)
(32.529259, 27.585402, 0.0)
(32.539761, 27.536608, 0.0)
(32.526012, 27.484024, 0.0)
(32.503262, 27.425005, 0.0)
(32.447197, 27.366550, 0.0)
(32.391354, 27.350395, 0.0)
(32.219803, 27.985550, 0.0)
(32.141396, 28.136341, 0.0)
(32.139000, 28.076761, 0.0)
(32.125191, 28.077969, 0.0)
(32.105484, 28.023230, 0.0)
(32.085472, 27.960148, 0.0)
(32.081001, 27.798437, 0.0)
(32.101185, 27.731903, 0.0)
(32.076981, 27.667976, 0.0)
(32.047638, 27.602070, 0.0)
(31.994005, 27.498861, 0.0)
(31.949198, 27.464933, 0.0)
(31.839146, 26.704266, 0.0)
(31.822474, 26.471601, 0.0)
(31.810204, 26.323172, 0.0)
(31.807484, 26.176287, 0.0)
(31.833988, 26.015734, 0.0)
(31.846663, 25.870419, 0.0)
(31.826464, 25.778723, 0.0)
(31.800413, 25.696941, 0.0)
(31.694357, 25.305941, 0.0)
(31.675283, 25.094151, 0.0)
(31.671587, 25.008514, 0.0)
(31.673855, 24.883432, 0.0)
(31.702787, 24.787867, 0.0)
(31.718523, 24.713442, 0.0)
(31.750757, 24.675402, 0.0)
(31.730972, 24.140356, 0.0)
(31.628431, 23.555933, 0.0)
(31.586618, 23.433722, 0.0)
(31.606907, 23.379637, 0.0)
(31.616426, 23.364285, 0.0)
(31.609480, 23.345406, 0.0)
(31.597694, 23.304136, 0.0)
(31.570913, 23.299637, 0.0)
(31.550785, 23.262331, 0.0)
(31.548971, 23.182875, 0.0)
(31.565577, 23.099001, 0.0)
(31.550886, 23.075121, 0.0)
(31.569492, 23.045103, 0.0)
(31.594046, 23.036390, 0.0)
(31.605984, 23.032515, 0.0)
(31.412273, 22.598604, 0.0)
(31.336355, 22.151804, 0.0)
(31.325611, 22.112991, 0.0)
(31.287594, 22.130821, 0.0)
(31.167374, 22.154871, 0.0)
(31.124039, 22.183109, 0.0)
(30.959955, 22.339912, 0.0)
(30.611813, 24.024454, 0.0)
(30.719431, 25.568928, 0.0)
(30.999342, 26.031523, 0.0)
(31.162189, 26.377918, 0.0)
(31.190187, 26.413176, 0.0)
(31.163261, 26.448618, 0.0)
(31.067278, 26.561459, 0.0)
(31.015621, 26.624695, 0.0)
(31.023296, 26.679098, 0.0)
(31.096426, 26.739178, 0.0)
(31.151857, 26.826239, 0.0)
(31.121902, 26.864323, 0.0)
(31.295959, 27.501804, 0.0)
(31.669075, 28.269781, 0.0)
(31.784719, 28.472071, 0.0)
(31.801712, 28.533634, 0.0)
(31.759157, 28.622566, 0.0)
(31.700617, 28.689346, 0.0)
(31.623066, 28.681293, 0.0)
(31.599833, 28.710207, 0.0)
(31.596487, 28.750944, 0.0)
(31.581570, 28.813442, 0.0)
(31.589104, 28.831144, 0.0)
(31.594826, 28.892847, 0.0)
(31.635874, 28.932831, 0.0)
(31.676477, 28.952230, 0.0)
(31.678923, 28.970657, 0.0)
(31.671694, 29.003801, 0.0)
(31.681194, 29.119740, 0.0)
(31.613028, 29.164824, 0.0)
(31.578108, 29.220694, 0.0)
(31.553963, 29.328140, 0.0)
(31.542957, 29.367088, 0.0)
(31.530586, 29.355658, 0.0)
(31.517910, 29.333979, 0.0)
(31.558245, 29.310328, 0.0)
(31.572269, 29.327381, 0.0)
(31.612913, 29.300020, 0.0)
(31.657345, 29.313839, 0.0)
(31.698036, 29.365728, 0.0)
(31.744043, 29.475485, 0.0)
(31.859293, 29.937309, 0.0)
(31.952732, 30.635723, 0.0)
(31.999287, 30.845482, 0.0)
(31.957661, 30.896086, 0.0)
(31.956520, 30.897423, 0.0)
(31.945383, 30.841913, 0.0)
(31.937124, 30.817879, 0.0)
(31.924229, 30.751436, 0.0)
(31.912708, 30.732702, 0.0)
(31.920834, 30.745047, 0.0)
(31.907885, 30.765615, 0.0)
(31.954861, 30.861408, 0.0)
(31.870996, 30.864420, 0.0)
(31.845274, 30.864367, 0.0)
(31.880131, 30.897465, 0.0)
(31.929188, 30.899294, 0.0)
(31.585325, 30.578224, 0.0)
(31.262119, 30.004858, 0.0)
(31.202644, 29.782389, 0.0)
(31.125616, 29.601406, 0.0)
(31.036232, 29.523920, 0.0)
(31.038788, 29.495022, 0.0)
(31.053476, 29.457582, 0.0)
(31.006891, 29.396307, 0.0)
(30.997290, 29.281134, 0.0)
(30.942486, 29.068804, 0.0)
(30.868622, 28.940254, 0.0)
(30.842176, 28.791563, 0.0)
(30.812769, 28.571850, 0.0)
(30.798441, 28.332623, 0.0)
(30.771385, 28.032181, 0.0)
(30.849504, 27.659340, 0.0)
(30.680372, 26.457598, 0.0)
(30.518663, 25.622648, 0.0)
(30.474804, 25.341375, 0.0)
(30.473988, 25.107693, 0.0)
(30.448288, 24.984488, 0.0)
(30.386143, 24.900307, 0.0)
(30.377869, 24.847834, 0.0)
(30.384272, 24.791950, 0.0)
(30.402117, 24.843475, 0.0)
(30.423592, 24.834846, 0.0)
(30.426617, 24.857168, 0.0)
(30.403255, 24.849161, 0.0)
(30.387251, 24.828737, 0.0)
(30.379190, 24.854546, 0.0)
(30.372509, 24.755882, 0.0)
(30.396057, 24.741463, 0.0)
(30.399860, 24.708803, 0.0)
(30.429491, 24.617996, 0.0)
(30.403751, 24.506821, 0.0)
(30.433046, 24.468267, 0.0)
(30.456751, 24.458078, 0.0)
(30.288237, 24.383762, 0.0)
(30.182419, 23.624355, 0.0)
(30.173967, 23.324404, 0.0)
(30.119186, 23.320961, 0.0)
(30.112234, 23.261845, 0.0)
(30.196054, 23.235527, 0.0)
(30.188461, 23.181421, 0.0)
(30.196711, 23.138781, 0.0)
(30.212498, 23.143497, 0.0)
(30.257677, 23.132481, 0.0)
(30.270321, 23.159052, 0.0)
(30.272360, 23.195194, 0.0)
(30.126881, 23.267647, 0.0)
(29.936316, 23.165508, 0.0)
(29.882681, 23.218906, 0.0)
(29.865353, 23.222021, 0.0)
(29.875513, 23.216648, 0.0)
(29.882885, 23.223486, 0.0)
(29.866577, 23.215460, 0.0)
(29.865328, 23.213659, 0.0)
(29.842825, 23.239784, 0.0)
(29.702681, 23.603706, 0.0)
(29.690901, 24.373276, 0.0)
(29.839777, 25.749287, 0.0)
(30.081688, 26.451036, 0.0)
(30.158089, 27.058561, 0.0)
(30.150091, 27.211142, 0.0)
(30.124836, 27.221720, 0.0)
(30.090614, 27.249537, 0.0)
(30.112118, 27.282135, 0.0)
(30.122005, 27.306517, 0.0)
(30.124195, 27.377350, 0.0)
(30.161850, 27.409744, 0.0)
(30.147760, 27.446800, 0.0)
(30.131655, 27.489878, 0.0)
(30.127659, 27.493029, 0.0)
(30.125706, 27.512243, 0.0)
(30.132343, 27.537741, 0.0)
(30.136427, 27.549992, 0.0)
(30.138260, 27.556635, 0.0)
(30.152872, 27.571346, 0.0)
(30.171839, 27.578526, 0.0)
(30.133825, 27.626307, 0.0)
(30.127623, 27.699848, 0.0)
(30.113010, 27.812418, 0.0)
(30.076015, 27.849234, 0.0)
(30.031307, 27.858618, 0.0)
(29.984083, 27.933111, 0.0)
(30.016779, 27.911921, 0.0)
(30.035246, 27.886065, 0.0)
(30.041262, 27.841135, 0.0)
(30.083607, 27.781471, 0.0)
(30.109232, 27.754269, 0.0)
(30.344913, 28.669985, 0.0)
(30.615211, 29.269836, 0.0)
(30.651846, 29.391716, 0.0)
(30.687576, 29.515570, 0.0)
(30.697313, 29.603792, 0.0)
(30.688055, 29.626312, 0.0)
(30.684954, 29.652136, 0.0)
(30.670769, 29.709177, 0.0)
(30.687275, 29.805946, 0.0)
(30.682558, 29.817568, 0.0)
(30.697304, 29.839218, 0.0)
(30.702284, 29.891262, 0.0)
(30.755650, 29.967871, 0.0)
(30.778347, 30.080374, 0.0)
(30.834213, 30.405609, 0.0)
(30.809710, 30.465103, 0.0)
(30.789862, 30.473530, 0.0)
(30.819304, 30.468376, 0.0)
(30.851618, 30.485933, 0.0)
(30.924856, 30.518494, 0.0)
(30.891937, 30.518717, 0.0)
(30.870703, 30.476902, 0.0)
(30.892149, 30.493828, 0.0)
(30.922958, 30.485958, 0.0)
(30.964855, 30.538216, 0.0)
(30.939915, 30.585613, 0.0)
(30.903547, 30.616434, 0.0)
(30.935320, 30.639803, 0.0)
(30.896660, 30.645981, 0.0)
(30.891743, 30.675573, 0.0)
(31.001614, 30.887737, 0.0)
(31.019756, 30.925220, 0.0)
(31.017471, 30.937943, 0.0)
(31.004591, 30.900396, 0.0)
(30.994303, 30.962307, 0.0)
(30.996336, 30.984030, 0.0)
(32.129120, 30.613083, 0.0)
(33.911457, 30.077776, 0.0)
(35.591545, 29.680933, 0.0)
(35.907860, 29.613777, 0.0)
(35.172924, 29.813328, 0.0)
(32.866062, 30.402323, 0.0)
(31.213053, 30.867546, 0.0)
(30.795519, 30.962688, 0.0)
(30.781574, 30.921680, 0.0)
(30.799730, 30.923666, 0.0)
(31.099518, 30.875910, 0.0)
(31.136620, 30.876381, 0.0)
(31.101067, 30.852600, 0.0)
(31.079969, 30.879465, 0.0)
(31.082907, 30.878593, 0.0)
(30.990782, 30.954321, 0.0)
(30.979275, 30.985741, 0.0)
(30.995871, 30.990267, 0.0)
(31.013487, 30.991575, 0.0)
(31.009811, 30.940548, 0.0)
(31.041285, 30.909996, 0.0)
(31.020842, 30.920536, 0.0)
(31.052130, 30.940895, 0.0)
(31.066910, 30.978598, 0.0)
(31.324478, 30.895393, 0.0)
(31.456400, 30.899836, 0.0)
(31.439335, 30.898954, 0.0)
(31.444494, 30.873768, 0.0)
(31.441563, 30.862614, 0.0)
(31.415281, 30.841560, 0.0)
(31.101568, 31.054146, 0.0)
(31.053524, 31.083317, 0.0)
(31.121828, 31.084932, 0.0)
(31.112371, 31.104790, 0.0)
(31.074274, 31.094215, 0.0)
(31.030546, 31.112782, 0.0)
(31.039289, 31.108166, 0.0)
(31.025665, 31.137121, 0.0)
(31.025190, 31.139601, 0.0)
(31.060871, 31.156694, 0.0)
(31.086563, 31.168470, 0.0)
(31.105831, 31.186672, 0.0)
(31.083027, 31.178738, 0.0)
(31.453104, 31.079407, 0.0)
(31.573906, 31.026007, 0.0)
(31.607637, 31.045221, 0.0)
(31.588890, 31.090807, 0.0)
(31.566040, 31.103970, 0.0)
(31.580675, 31.120228, 0.0)
(31.570381, 31.112114, 0.0)
(31.578943, 31.111967, 0.0)
(31.574064, 31.093605, 0.0)
(31.561251, 31.063578, 0.0)
(31.567841, 31.032167, 0.0)
