(33.884102, 24.693411, 0.0)
(33.914845, 24.684790, 0.0)
(33.923218, 24.760666, 0.0)
(33.954880, 24.790291, 0.0)
(33.968933, 24.793583, 0.0)
(33.977943, 24.840620, 0.0)
(33.980770, 24.839649, 0.0)
(33.945362, 24.825966, 0.0)
(33.911880, 24.740938, 0.0)
(34.079391, 26.123636, 0.0)
(33.875469, 24.707630, 0.0)
(33.917923, 24.596085, 0.0)
(33.946003, 24.701195, 0.0)
(34.021400, 24.678949, 0.0)
(34.029671, 24.719507, 0.0)
(34.037487, 24.743820, 0.0)
(34.039654, 24.766951, 0.0)
(34.024151, 24.776180, 0.0)
(34.066425, 24.780094, 0.0)
(34.059235, 24.791462, 0.0)
(34.044144, 24.847935, 0.0)
(34.023781, 24.868505, 0.0)
(34.041946, 24.852571, 0.0)
(34.009243, 24.866276, 0.0)
(33.964470, 24.868202, 0.0)
(33.977875, 24.853683, 0.0)
(33.995773, 24.836210, 0.0)
(33.603821, 24.851860, 0.0)
(33.598030, 24.852875, 0.0)
(33.572521, 24.827641, 0.0)
(33.542183, 24.868605, 0.0)
(33.541786, 24.885677, 0.0)
(33.539177, 24.883547, 0.0)
(33.519688, 24.853846, 0.0)
(33.536407, 24.836317, 0.0)
(33.978733, 24.895086, 0.0)
(33.987301, 24.923466, 0.0)
(33.932793, 24.949848, 0.0)
(33.912533, 24.995543, 0.0)
(33.918110, 25.030464, 0.0)
(33.898048, 24.991777, 0.0)
(33.884399, 25.000284, 0.0)
(33.869598, 24.967394, 0.0)
(33.882687, 24.947443, 0.0)
(33.884716, 24.933252, 0.0)
(33.886925, 24.915928, 0.0)
(33.886688, 24.942619, 0.0)
(33.869663, 24.934021, 0.0)
(33.878162, 24.935457, 0.0)
(33.883060, 24.928108, 0.0)
(33.872555, 24.933496, 0.0)
(33.861416, 24.921022, 0.0)
(33.872692, 24.919500, 0.0)
(33.896626, 24.891768, 0.0)
(33.902893, 24.879263, 0.0)
(33.915646, 24.894815, 0.0)
(33.907150, 24.913712, 0.0)
(33.920628, 24.933981, 0.0)
(33.933163, 24.936581, 0.0)
(33.940414, 24.931620, 0.0)
(33.940872, 24.903193, 0.0)
(33.978840, 24.889029, 0.0)
(33.979191, 24.912411, 0.0)
(33.985035, 24.914520, 0.0)
(33.974934, 24.920092, 0.0)
(33.998501, 24.914064, 0.0)
(34.026249, 24.930059, 0.0)
(34.043720, 24.938110, 0.0)
(34.075352, 24.934891, 0.0)
(34.084908, 24.922621, 0.0)
(34.072483, 24.953737, 0.0)
(34.102783, 24.921709, 0.0)
(34.109928, 24.943285, 0.0)
(34.101639, 24.941530, 0.0)
(34.112938, 24.938066, 0.0)
(34.087841, 24.913074, 0.0)
(34.082664, 24.893221, 0.0)
(33.850212, 24.310034, 0.0)
(33.841305, 24.260515, 0.0)
(33.831100, 24.309324, 0.0)
(33.816402, 24.309959, 0.0)
(33.795456, 24.368559, 0.0)
(33.769989, 24.398876, 0.0)
(33.747128, 24.395107, 0.0)
(33.746277, 24.354412, 0.0)
(33.757957, 24.332258, 0.0)
(33.768620, 24.302128, 0.0)
(33.758919, 24.301821, 0.0)
(33.757767, 24.289682, 0.0)
(33.746792, 24.315897, 0.0)
(33.738750, 24.302837, 0.0)
(33.746937, 24.334309, 0.0)
(33.736992, 24.297119, 0.0)
(34.025383, 24.563499, 0.0)
(34.036655, 24.669373, 0.0)
(34.002655, 24.687471, 0.0)
(33.964413, 24.695620, 0.0)
(33.940582, 24.724941, 0.0)
(33.920055, 24.730265, 0.0)
(33.945057, 24.740265, 0.0)
(33.937042, 24.716827, 0.0)
(33.921997, 24.692575, 0.0)
(33.907120, 24.693184, 0.0)
(33.905418, 24.696270, 0.0)
(33.875854, 24.706144, 0.0)
(33.855927, 24.704653, 0.0)
(33.858669, 24.722445, 0.0)
(33.843079, 24.689325, 0.0)
(33.832886, 24.703981, 0.0)
(33.821011, 24.710810, 0.0)
(33.837845, 24.681482, 0.0)
(33.879601, 24.660822, 0.0)
(33.903622, 24.666719, 0.0)
(33.928955, 24.645718, 0.0)
(33.947830, 24.666798, 0.0)
(33.849209, 24.714859, 0.0)
(33.807297, 24.817698, 0.0)
(33.820511, 24.842312, 0.0)
(33.804054, 24.772089, 0.0)
(33.828003, 24.783312, 0.0)
(33.835674, 24.778297, 0.0)
(33.803104, 24.837282, 0.0)
(33.781445, 24.845871, 0.0)
(33.776646, 24.856068, 0.0)
(33.771229, 24.849251, 0.0)
(33.773685, 24.849901, 0.0)
(33.778324, 24.845592, 0.0)
(33.777939, 24.838751, 0.0)
(33.991791, 24.840683, 0.0)
(34.016888, 24.802202, 0.0)
(33.990593, 24.765343, 0.0)
(33.949280, 24.805683, 0.0)
(33.790524, 25.283869, 0.0)
(34.012600, 26.753391, 0.0)
(33.880947, 25.120518, 0.0)
(33.858772, 24.710188, 0.0)
(33.883816, 24.827427, 0.0)
(33.896778, 24.813599, 0.0)
(33.945045, 24.827553, 0.0)
(33.953896, 24.842346, 0.0)
(33.914623, 24.867029, 0.0)
(33.980595, 24.909922, 0.0)
(33.966030, 24.926289, 0.0)
(33.958576, 24.873568, 0.0)
(33.963657, 24.831442, 0.0)
(33.944893, 24.863331, 0.0)
(33.931995, 24.900766, 0.0)
(33.905323, 24.900928, 0.0)
(33.896412, 24.862219, 0.0)
(33.888931, 24.817099, 0.0)
(34.035301, 24.959230, 0.0)
(34.014210, 25.040142, 0.0)
(33.976551, 25.048035, 0.0)
(33.943989, 25.075731, 0.0)
(33.933075, 25.099878, 0.0)
(33.947662, 25.099520, 0.0)
(33.951008, 25.148832, 0.0)
(33.967030, 25.153387, 0.0)
(33.907207, 24.773859, 0.0)
(33.887596, 24.745876, 0.0)
(33.886627, 24.739058, 0.0)
(33.865093, 24.750978, 0.0)
(33.849613, 24.772242, 0.0)
(33.844612, 24.787144, 0.0)
(33.858685, 24.802223, 0.0)
(33.874516, 24.783562, 0.0)
(33.859833, 24.767530, 0.0)
(33.864021, 24.757784, 0.0)
(33.935825, 24.693207, 0.0)
(33.947418, 24.667946, 0.0)
(33.944023, 24.637482, 0.0)
(33.952511, 24.603600, 0.0)
(33.959373, 24.632339, 0.0)
(33.968246, 24.650051, 0.0)
(33.989788, 24.668251, 0.0)
(33.964691, 24.665667, 0.0)
(33.985832, 24.635807, 0.0)
(33.994354, 24.630808, 0.0)
(33.925179, 24.588676, 0.0)
(33.911057, 26.323618, 0.0)
(33.920609, 25.366356, 0.0)
(33.782124, 24.356733, 0.0)
(33.839241, 24.389730, 0.0)
(33.847900, 24.448339, 0.0)
(33.789925, 24.420685, 0.0)
(33.081715, 25.329350, 0.0)
(28.963808, 27.736927, 0.0)
(27.584276, 28.607924, 0.0)
(27.398600, 28.780750, 0.0)
(27.248177, 28.877739, 0.0)
(26.928604, 29.274588, 0.0)
(26.536253, 30.250343, 0.0)
(26.403421, 30.444677, 0.0)
(26.308653, 30.536226, 0.0)
(26.383120, 30.497919, 0.0)
(31.073368, 26.949888, 0.0)
(36.312317, 25.217505, 0.0)
(40.072449, 25.203787, 0.0)
(41.311436, 25.711027, 0.0)
(41.387646, 25.685476, 0.0)
(41.381752, 25.589836, 0.0)
(41.423721, 25.576300, 0.0)
(41.445560, 25.567057, 0.0)
(41.437920, 25.521692, 0.0)
(41.457260, 25.495905, 0.0)
(41.504402, 25.535370, 0.0)
(41.511959, 25.540836, 0.0)
(41.492416, 25.519966, 0.0)
(41.478855, 25.502216, 0.0)
(41.345646, 25.405470, 0.0)
(37.868488, 22.505272, 0.0)
(37.408657, 22.424322, 0.0)
(37.292442, 22.443043, 0.0)
(37.276577, 22.470646, 0.0)
(37.272358, 22.463924, 0.0)
(35.260906, 22.094297, 0.0)
(35.407761, 22.137016, 0.0)
(35.421650, 22.128456, 0.0)
(37.431324, 20.659910, 0.0)
(41.188534, 19.713820, 0.0)
(41.870781, 19.908415, 0.0)
(41.824070, 19.880949, 0.0)
(41.859676, 19.830053, 0.0)
(42.942032, 19.719173, 0.0)
(42.924438, 19.619585, 0.0)
(42.820354, 19.537706, 0.0)
(42.699059, 19.462564, 0.0)
(42.605698, 19.368422, 0.0)
(42.540867, 19.252693, 0.0)
(42.500179, 19.152824, 0.0)
(42.484386, 19.091166, 0.0)
(42.465607, 19.078535, 0.0)
(42.462807, 19.081501, 0.0)
(42.444035, 19.069460, 0.0)
(42.403557, 19.068123, 0.0)
(42.418827, 19.021370, 0.0)
(42.369617, 19.032604, 0.0)
(42.346607, 18.961813, 0.0)
(42.327423, 18.930490, 0.0)
(42.322250, 18.983635, 0.0)
(42.267948, 18.971781, 0.0)
(42.215389, 18.967621, 0.0)
(42.165672, 18.953846, 0.0)
(41.882030, 18.952127, 0.0)
(42.467251, 21.023628, 0.0)
(42.443172, 21.198202, 0.0)
(42.674580, 21.867346, 0.0)
(42.768860, 21.997391, 0.0)
(42.796967, 22.012772, 0.0)
(42.811317, 22.003733, 0.0)
(42.814213, 22.006948, 0.0)
(42.793221, 21.829256, 0.0)
(42.491135, 20.140167, 0.0)
(42.492828, 20.041346, 0.0)
(42.517910, 20.094481, 0.0)
(42.471554, 20.069405, 0.0)
(42.452621, 20.038651, 0.0)
(42.454849, 19.979919, 0.0)
(41.631775, 21.682779, 0.0)
(41.142502, 22.379810, 0.0)
(41.142651, 22.421741, 0.0)
(41.188160, 22.495480, 0.0)
(41.171764, 22.515791, 0.0)
(40.202526, 22.685310, 0.0)
(34.360466, 23.224461, 0.0)
(29.838793, 25.566381, 0.0)
(26.601948, 28.321512, 0.0)
(24.667963, 30.139511, 0.0)
(24.645926, 30.290321, 0.0)
(24.575283, 30.456646, 0.0)
(24.470055, 30.557999, 0.0)
(24.092615, 31.622692, 0.0)
(23.487223, 33.789600, 0.0)
(23.333694, 33.923019, 0.0)
(23.291765, 33.932671, 0.0)
(23.260681, 33.995823, 0.0)
(23.223717, 34.034725, 0.0)
(23.199442, 34.110493, 0.0)
(23.180931, 34.149246, 0.0)
(23.180738, 34.193741, 0.0)
(23.162378, 34.223019, 0.0)
(23.150898, 34.258327, 0.0)
(23.131838, 34.275322, 0.0)
(23.117502, 34.279385, 0.0)
(23.125004, 34.301506, 0.0)
(23.105392, 34.321056, 0.0)
(23.070820, 34.363968, 0.0)
(23.055691, 34.357216, 0.0)
(23.899708, 33.018085, 0.0)
(23.999712, 32.926525, 0.0)
(23.891665, 32.953571, 0.0)
(23.868910, 32.956051, 0.0)
(23.859333, 32.987453, 0.0)
(23.819118, 33.001328, 0.0)
(23.820168, 33.019875, 0.0)
(23.806862, 33.043526, 0.0)
(23.775953, 33.013226, 0.0)
(24.807474, 31.307966, 0.0)
(26.109570, 29.783495, 0.0)
(26.094303, 29.798216, 0.0)
(25.960611, 29.840527, 0.0)
(25.927904, 29.896765, 0.0)
(25.908012, 29.901556, 0.0)
(25.912857, 29.931768, 0.0)
(26.111090, 28.916271, 0.0)
(27.678274, 22.543642, 0.0)
(28.217966, 21.408401, 0.0)
(28.228403, 21.400105, 0.0)
(28.142126, 21.500387, 0.0)
(28.064476, 21.557974, 0.0)
(28.034582, 21.581480, 0.0)
(26.759245, 21.825766, 0.0)
(22.383081, 22.383490, 0.0)
(21.853014, 22.266590, 0.0)
(21.765938, 22.230389, 0.0)
(21.725798, 22.191908, 0.0)
(21.298271, 22.299637, 0.0)
(21.083189, 22.285021, 0.0)
(21.045553, 22.276180, 0.0)
(20.996000, 22.269438, 0.0)
(20.973532, 22.262630, 0.0)
(20.984526, 22.255100, 0.0)
(20.957611, 22.266470, 0.0)
(20.963890, 22.247324, 0.0)
(20.997633, 22.229570, 0.0)
(20.940962, 22.282143, 0.0)
(20.915670, 22.308676, 0.0)
(20.885235, 22.331915, 0.0)
(20.890818, 22.350367, 0.0)
(23.539305, 21.856327, 0.0)
(29.608109, 22.182243, 0.0)
(33.514851, 24.419554, 0.0)
(33.562477, 24.557810, 0.0)
(33.509815, 24.596193, 0.0)
(33.532833, 24.675627, 0.0)
(33.586052, 24.688972, 0.0)
(33.650028, 24.746861, 0.0)
(33.725578, 24.765152, 0.0)
(33.763210, 24.754023, 0.0)
(33.820942, 24.753716, 0.0)
(33.836861, 24.766586, 0.0)
(33.841965, 24.799999, 0.0)
(33.834148, 24.846893, 0.0)
(33.811832, 24.867416, 0.0)
(33.809612, 24.844818, 0.0)
(33.982353, 24.844986, 0.0)
(34.904522, 24.655159, 0.0)
(34.983986, 24.618328, 0.0)
(34.943027, 24.631123, 0.0)
(34.922699, 24.665745, 0.0)
(34.909637, 24.703032, 0.0)
(34.345673, 24.738239, 0.0)
(34.254295, 24.662508, 0.0)
(34.265190, 24.604393, 0.0)
(34.247795, 24.654993, 0.0)
(34.206829, 24.678381, 0.0)
(34.179260, 24.681845, 0.0)
(34.141624, 24.713709, 0.0)
(34.118927, 24.737379, 0.0)
(34.130482, 24.747683, 0.0)
(34.137135, 24.738527, 0.0)
(34.136543, 24.743530, 0.0)
(34.120964, 24.742750, 0.0)
(34.106632, 24.745119, 0.0)
(34.107761, 24.737453, 0.0)
(34.089108, 24.760490, 0.0)
(34.083229, 24.746475, 0.0)
(34.056503, 24.790497, 0.0)
(34.037937, 24.774456, 0.0)
(34.045479, 24.726879, 0.0)
(33.469879, 25.209932, 0.0)
(29.374943, 28.246067, 0.0)
(25.689693, 30.938362, 0.0)
(23.707050, 32.381004, 0.0)
(23.411169, 32.756096, 0.0)
(23.332649, 32.799877, 0.0)
(23.305252, 32.838543, 0.0)
(23.637392, 33.462265, 0.0)
(24.226534, 34.080853, 0.0)
(26.835051, 33.239414, 0.0)
(26.819948, 33.270226, 0.0)
(26.747431, 33.373596, 0.0)
(26.726089, 33.422234, 0.0)
(27.165697, 33.303085, 0.0)
(28.243174, 32.887852, 0.0)
(28.289911, 32.897194, 0.0)
(28.260199, 32.929878, 0.0)
(28.285797, 32.912857, 0.0)
(31.207403, 32.260246, 0.0)
(31.348764, 32.288597, 0.0)
(31.446970, 32.329910, 0.0)
(31.513229, 32.307022, 0.0)
(32.382584, 32.348976, 0.0)
(34.800522, 31.824814, 0.0)
(34.948971, 31.822865, 0.0)
(37.567780, 31.761217, 0.0)
(38.293102, 31.763781, 0.0)
(38.351299, 31.797052, 0.0)
(38.406460, 31.797346, 0.0)
(38.439411, 31.814722, 0.0)
(38.535469, 31.831558, 0.0)
(40.346779, 31.727673, 0.0)
(40.417061, 31.764120, 0.0)
(40.428780, 31.771967, 0.0)
(40.517441, 31.800013, 0.0)
(40.527538, 31.875084, 0.0)
(41.544178, 31.516264, 0.0)
(42.408466, 31.153860, 0.0)
(42.515194, 31.133793, 0.0)
(42.544056, 31.185997, 0.0)
(42.576702, 31.172544, 0.0)
(42.605457, 31.153526, 0.0)
(42.624630, 31.149063, 0.0)
(43.379230, 31.215212, 0.0)
(43.700272, 31.077278, 0.0)
(43.726170, 31.078096, 0.0)
(43.749828, 31.136219, 0.0)
(43.753490, 31.113636, 0.0)
(43.758049, 31.118582, 0.0)
(43.827168, 30.851194, 0.0)
(44.074970, 29.877190, 0.0)
(44.077980, 29.816170, 0.0)
(44.084713, 29.843332, 0.0)
(44.122265, 29.846903, 0.0)
(44.124443, 29.825232, 0.0)
(44.117058, 29.783512, 0.0)
(42.410755, 30.668749, 0.0)
(42.342094, 30.719290, 0.0)
(42.300858, 30.600389, 0.0)
(41.949524, 30.554802, 0.0)
(40.965260, 30.845137, 0.0)
(40.709572, 30.867836, 0.0)
(40.521149, 30.841148, 0.0)
(40.315033, 30.859165, 0.0)
(38.532646, 30.908989, 0.0)
(38.405918, 30.957020, 0.0)
(38.262856, 30.960327, 0.0)
(36.631935, 31.190802, 0.0)
(36.317287, 31.242369, 0.0)
(36.052372, 31.337845, 0.0)
(35.822392, 31.374966, 0.0)
(35.607372, 31.418314, 0.0)
(34.498482, 31.792170, 0.0)
(34.290482, 31.834013, 0.0)
(34.149570, 31.859875, 0.0)
(33.901169, 31.943132, 0.0)
(32.735153, 32.044247, 0.0)
(32.453415, 32.124741, 0.0)
(32.246387, 32.170361, 0.0)
(30.951269, 32.060463, 0.0)
(30.735479, 32.135918, 0.0)
(30.563738, 32.184292, 0.0)
(28.650232, 32.542084, 0.0)
(27.877407, 32.679108, 0.0)
(27.684866, 32.715858, 0.0)
(27.540449, 32.766106, 0.0)
(27.398539, 32.841488, 0.0)
(26.991726, 33.014450, 0.0)
(25.932865, 33.088600, 0.0)
(25.782515, 33.152954, 0.0)
(25.722805, 33.167839, 0.0)
(25.672176, 33.199509, 0.0)
(25.625217, 33.216034, 0.0)
(25.135302, 33.516880, 0.0)
(23.675880, 33.752548, 0.0)
(23.631908, 33.781361, 0.0)
(23.634964, 33.750698, 0.0)
(23.612766, 33.761372, 0.0)
(23.584126, 33.747089, 0.0)
(23.590696, 33.766327, 0.0)
(23.575150, 33.782455, 0.0)
(23.603855, 33.778656, 0.0)
(23.633883, 33.766747, 0.0)
(23.719467, 33.727825, 0.0)
(23.828045, 33.717049, 0.0)
(23.913347, 33.606316, 0.0)
(24.641670, 33.219345, 0.0)
(26.971466, 31.997469, 0.0)
(27.138847, 31.951056, 0.0)
(27.316660, 31.894583, 0.0)
(27.518581, 31.854614, 0.0)
(27.697927, 31.796057, 0.0)
(27.839417, 31.761215, 0.0)
(27.996302, 31.725103, 0.0)
(28.199474, 31.689919, 0.0)
(28.474276, 31.665651, 0.0)
(28.715660, 31.673395, 0.0)
(28.992153, 31.582661, 0.0)
(29.703005, 31.447926, 0.0)
(30.984680, 31.031105, 0.0)
(31.313147, 31.032072, 0.0)
(31.550045, 31.045971, 0.0)
(31.748236, 31.015280, 0.0)
(32.012581, 30.989553, 0.0)
(34.938828, 30.625067, 0.0)
(36.162998, 30.351707, 0.0)
(36.325539, 30.349586, 0.0)
(36.419128, 30.395264, 0.0)
(36.526344, 30.424656, 0.0)
(36.695068, 30.421473, 0.0)
(38.141121, 30.559319, 0.0)
(39.234985, 30.261230, 0.0)
(39.371784, 30.317547, 0.0)
(39.403378, 30.380804, 0.0)
(39.460472, 30.451082, 0.0)
(39.524685, 30.509619, 0.0)
(39.641304, 30.515081, 0.0)
(40.598045, 30.463499, 0.0)
(41.717430, 30.063772, 0.0)
(41.838017, 29.998693, 0.0)
(41.861229, 30.008434, 0.0)
(41.921734, 30.020458, 0.0)
(41.966896, 30.055527, 0.0)
(42.423355, 30.124342, 0.0)
(42.764130, 30.006191, 0.0)
(42.795845, 29.980749, 0.0)
(42.821251, 30.024254, 0.0)
(42.833679, 29.998098, 0.0)
(42.839367, 29.987919, 0.0)
(43.281052, 29.834593, 0.0)
(43.309181, 29.875473, 0.0)
(43.258240, 29.884125, 0.0)
(43.290146, 29.796829, 0.0)
(43.369919, 29.788368, 0.0)
(43.398212, 29.773958, 0.0)
(43.424725, 29.727194, 0.0)
(43.416859, 29.656563, 0.0)
(43.418816, 29.630751, 0.0)
(43.391499, 29.589800, 0.0)
(43.089149, 31.254461, 0.0)
(42.810379, 32.413342, 0.0)
(42.149338, 29.632263, 0.0)
(42.101318, 29.435436, 0.0)
(41.967113, 29.413031, 0.0)
(41.812553, 29.494368, 0.0)
(41.309769, 29.582882, 0.0)
(39.812141, 29.459053, 0.0)
(39.502758, 29.498102, 0.0)
(39.239460, 29.487268, 0.0)
(38.949230, 29.496469, 0.0)
(38.487118, 29.549660, 0.0)
(36.819561, 29.655718, 0.0)
(36.535290, 29.709450, 0.0)
(36.239353, 29.752657, 0.0)
(35.940948, 29.794748, 0.0)
(35.699570, 29.867931, 0.0)
(33.298695, 30.074371, 0.0)
(33.081154, 30.160780, 0.0)
(32.816410, 30.204445, 0.0)
(32.463177, 30.243183, 0.0)
(29.983419, 30.692059, 0.0)
(29.415791, 30.770048, 0.0)
(29.152994, 30.839092, 0.0)
(28.903757, 30.938623, 0.0)
(28.647945, 30.978960, 0.0)
(28.503241, 31.001795, 0.0)
(28.228571, 31.075005, 0.0)
(25.217752, 31.552282, 0.0)
(25.004488, 31.550259, 0.0)
(24.912560, 31.597815, 0.0)
(24.826197, 31.598085, 0.0)
(24.767172, 31.633327, 0.0)
(24.747255, 31.668682, 0.0)
(24.623384, 31.693905, 0.0)
(24.559412, 31.697620, 0.0)
(23.422884, 32.155781, 0.0)
(23.315842, 32.179867, 0.0)
(23.276146, 32.204010, 0.0)
(23.221823, 32.256809, 0.0)
(23.148283, 32.294662, 0.0)
(23.145710, 32.318470, 0.0)
(23.128088, 32.330223, 0.0)
(23.108097, 32.317699, 0.0)
(23.102432, 32.317013, 0.0)
(22.821136, 32.443394, 0.0)
(22.486834, 32.124542, 0.0)
(22.504734, 32.088379, 0.0)
(22.558941, 32.044861, 0.0)
(22.609083, 31.997705, 0.0)
(22.658527, 31.989641, 0.0)
(23.233021, 31.527012, 0.0)
(24.167055, 30.975773, 0.0)
(24.403282, 30.821896, 0.0)
(24.627859, 30.729315, 0.0)
(24.867390, 30.593521, 0.0)
(25.067673, 30.510935, 0.0)
(25.426367, 30.402151, 0.0)
(26.616444, 30.093725, 0.0)
(26.962025, 30.076059, 0.0)
(27.217520, 30.046537, 0.0)
(27.506857, 29.954809, 0.0)
(27.812603, 29.948862, 0.0)
(29.164431, 29.569420, 0.0)
(29.561234, 29.571335, 0.0)
(29.858789, 29.526527, 0.0)
(30.129490, 29.531927, 0.0)
(30.390619, 29.502321, 0.0)
(31.721024, 29.264494, 0.0)
(32.421932, 29.150732, 0.0)
(32.683277, 29.161203, 0.0)
(32.933247, 29.138731, 0.0)
(33.193172, 29.115711, 0.0)
(35.232395, 28.972849, 0.0)
(35.884392, 28.932745, 0.0)
(36.109489, 28.918041, 0.0)
(36.229794, 28.895300, 0.0)
(36.337677, 28.888060, 0.0)
(38.835537, 28.732599, 0.0)
(39.368748, 28.690542, 0.0)
(39.472721, 28.659060, 0.0)
(39.572117, 28.633921, 0.0)
(39.674843, 28.656609, 0.0)
(39.822784, 28.613382, 0.0)
(39.918774, 28.602013, 0.0)
(40.133469, 28.659805, 0.0)
(42.489563, 27.997845, 0.0)
(42.679726, 28.024786, 0.0)
(42.735706, 28.066305, 0.0)
(42.790928, 28.130310, 0.0)
(42.853928, 28.152483, 0.0)
(42.898952, 28.190475, 0.0)
(42.954781, 28.205772, 0.0)
(44.399197, 28.767349, 0.0)
(44.458920, 28.786114, 0.0)
(44.449776, 28.833952, 0.0)
(44.467052, 28.798508, 0.0)
(44.480026, 28.802073, 0.0)
(44.495712, 28.845087, 0.0)
(44.488312, 28.844702, 0.0)
(44.459766, 28.661966, 0.0)
(44.439381, 27.640604, 0.0)
(44.372715, 27.519756, 0.0)
(44.308998, 27.460445, 0.0)
(44.218857, 27.453009, 0.0)
(42.372387, 27.571148, 0.0)
(42.237316, 27.545404, 0.0)
(42.127895, 27.520664, 0.0)
(41.933060, 27.505041, 0.0)
(41.704800, 27.476326, 0.0)
(41.433655, 27.497784, 0.0)
(39.974361, 27.776171, 0.0)
(39.657337, 27.937763, 0.0)
(39.391937, 27.932436, 0.0)
(39.087063, 27.981642, 0.0)
(38.831364, 27.949018, 0.0)
(38.563763, 28.012835, 0.0)
(38.243179, 28.088530, 0.0)
(36.815529, 28.228933, 0.0)
(36.312874, 28.302639, 0.0)
(36.068638, 28.341408, 0.0)
(35.784454, 28.371431, 0.0)
(35.540691, 28.416239, 0.0)
(33.746529, 28.565298, 0.0)
(33.215679, 28.536499, 0.0)
(32.950993, 28.602840, 0.0)
(32.632996, 28.666191, 0.0)
(30.082384, 29.089319, 0.0)
(29.598837, 29.146355, 0.0)
(29.359198, 29.228041, 0.0)
(29.084515, 29.296911, 0.0)
(28.846088, 29.370256, 0.0)
(28.653824, 29.403097, 0.0)
(28.362497, 29.482759, 0.0)
(25.742035, 29.816084, 0.0)
(25.622269, 29.838226, 0.0)
(25.524067, 29.865765, 0.0)
(25.401495, 29.896166, 0.0)
(25.271688, 29.932308, 0.0)
(25.204437, 29.976593, 0.0)
(25.063297, 30.073362, 0.0)
(23.401115, 30.628708, 0.0)
(23.195665, 30.549162, 0.0)
(23.123119, 30.687996, 0.0)
(23.027845, 30.710024, 0.0)
(23.014048, 30.714849, 0.0)
(23.014330, 30.703403, 0.0)
(22.999367, 30.681385, 0.0)
(23.013237, 30.663965, 0.0)
(23.018896, 30.669210, 0.0)
(23.061647, 30.644325, 0.0)
(23.057783, 30.626640, 0.0)
(23.068703, 30.636175, 0.0)
(23.108498, 30.619308, 0.0)
(23.134117, 30.597235, 0.0)
(23.203741, 30.531948, 0.0)
(23.258574, 30.522728, 0.0)
(24.414883, 29.601387, 0.0)
(24.861206, 29.252031, 0.0)
(25.437580, 29.240189, 0.0)
(25.688189, 29.187880, 0.0)
(25.833527, 29.191093, 0.0)
(26.003313, 29.126768, 0.0)
(26.143215, 29.075737, 0.0)
(26.322237, 28.982021, 0.0)
(26.502735, 28.994780, 0.0)
(27.267891, 28.623796, 0.0)
(28.182032, 28.094097, 0.0)
(28.424673, 28.041285, 0.0)
(28.640507, 28.069744, 0.0)
(28.851803, 28.083317, 0.0)
(29.281548, 27.994694, 0.0)
(30.833868, 27.584158, 0.0)
(31.083282, 27.604353, 0.0)
(31.247046, 27.650064, 0.0)
(31.484959, 27.654888, 0.0)
(33.076382, 27.587091, 0.0)
(34.099796, 27.433817, 0.0)
(34.394356, 27.386324, 0.0)
(36.440361, 27.179058, 0.0)
(36.825439, 27.199007, 0.0)
(36.943596, 27.230408, 0.0)
(37.153358, 27.254328, 0.0)
(37.346367, 27.247885, 0.0)
(37.427078, 27.302071, 0.0)
(37.532410, 27.312170, 0.0)
(39.545620, 27.098642, 0.0)
(42.155312, 26.957388, 0.0)
(42.250706, 26.971695, 0.0)
(42.184158, 26.977150, 0.0)
(42.167503, 26.949665, 0.0)
(42.203320, 26.927032, 0.0)
(42.265331, 26.905067, 0.0)
(42.335464, 26.906755, 0.0)
(42.395763, 26.868679, 0.0)
(42.450138, 26.892879, 0.0)
(42.480934, 26.923836, 0.0)
(42.935127, 27.096111, 0.0)
(43.906090, 27.231857, 0.0)
(43.928066, 27.174660, 0.0)
(43.943108, 27.194130, 0.0)
(43.980820, 27.225222, 0.0)
(43.973644, 27.260880, 0.0)
(44.483669, 27.309147, 0.0)
(44.512421, 27.320942, 0.0)
(44.485786, 27.321810, 0.0)
(44.444874, 27.314459, 0.0)
(44.399776, 27.286102, 0.0)
(44.373577, 27.233959, 0.0)
(44.333000, 27.202671, 0.0)
(42.929184, 26.655281, 0.0)
(42.643101, 26.519442, 0.0)
(42.554096, 26.497738, 0.0)
(42.388130, 26.445868, 0.0)
(42.229713, 26.450665, 0.0)
(42.036980, 26.431156, 0.0)
(40.041096, 26.298161, 0.0)
(39.886723, 26.360430, 0.0)
(39.705048, 26.341290, 0.0)
(39.470177, 26.419357, 0.0)
(39.232811, 26.400244, 0.0)
(39.049080, 26.399681, 0.0)
(38.846069, 26.470860, 0.0)
(37.456066, 26.425140, 0.0)
(37.218636, 26.446585, 0.0)
(37.001656, 26.448175, 0.0)
(36.723495, 26.475197, 0.0)
(34.877338, 26.559933, 0.0)
(33.981438, 26.498278, 0.0)
(33.603832, 26.559027, 0.0)
(32.129639, 26.850670, 0.0)
(31.254204, 27.012106, 0.0)
(30.896513, 27.141811, 0.0)
(30.618456, 27.205544, 0.0)
(30.322971, 27.267427, 0.0)
(30.072109, 27.323925, 0.0)
(27.782301, 27.775679, 0.0)
(26.591122, 27.885677, 0.0)
(26.423386, 27.977781, 0.0)
(26.234825, 28.029106, 0.0)
(24.458611, 28.705357, 0.0)
(23.808014, 28.871284, 0.0)
(23.715498, 28.909260, 0.0)
(23.644440, 28.919691, 0.0)
(23.575291, 28.939051, 0.0)
(23.541592, 28.928823, 0.0)
(23.520451, 28.967169, 0.0)
(23.487751, 28.967392, 0.0)
(23.491461, 29.047909, 0.0)
(23.444151, 29.090796, 0.0)
(23.382940, 29.095385, 0.0)
(23.387907, 29.092585, 0.0)
(23.357212, 29.169788, 0.0)
(23.344824, 29.132826, 0.0)
(23.369911, 29.126850, 0.0)
(22.560381, 29.430702, 0.0)
(22.259544, 29.456772, 0.0)
(22.280785, 29.497192, 0.0)
(22.283297, 29.507647, 0.0)
(22.294798, 29.413416, 0.0)
(22.326956, 29.355373, 0.0)
(22.351074, 29.365124, 0.0)
(22.399893, 29.360586, 0.0)
(22.492861, 29.289637, 0.0)
(22.799801, 29.022417, 0.0)
(24.170330, 28.071302, 0.0)
(24.548031, 27.952480, 0.0)
(24.780853, 27.843800, 0.0)
(24.967760, 27.772850, 0.0)
(25.129992, 27.705322, 0.0)
(25.890633, 27.372143, 0.0)
(26.773682, 26.984783, 0.0)
(27.061855, 26.890873, 0.0)
(27.282787, 26.794968, 0.0)
(27.559544, 26.755800, 0.0)
(29.114527, 26.268682, 0.0)
(29.499710, 26.209658, 0.0)
(29.815865, 26.176855, 0.0)
(30.079836, 26.147800, 0.0)
(30.352009, 26.085424, 0.0)
(33.016052, 25.731663, 0.0)
(33.412140, 25.751579, 0.0)
(33.651997, 25.780254, 0.0)
(33.910969, 25.776600, 0.0)
(34.157116, 25.761499, 0.0)
(34.337650, 25.737827, 0.0)
(34.571400, 25.792919, 0.0)
(36.688835, 25.660969, 0.0)
(36.943455, 25.707832, 0.0)
(37.117691, 25.749247, 0.0)
(37.287827, 25.712563, 0.0)
(37.491070, 25.738041, 0.0)
(40.008720, 25.432751, 0.0)
(40.130024, 25.430502, 0.0)
(40.207661, 25.480494, 0.0)
(40.341396, 25.519806, 0.0)
(40.419506, 25.527328, 0.0)
(41.366096, 25.617489, 0.0)
(42.643131, 25.595102, 0.0)
(42.781212, 25.660585, 0.0)
(42.808979, 25.647869, 0.0)
(42.853958, 25.655237, 0.0)
(42.889942, 25.667612, 0.0)
(43.180191, 25.762962, 0.0)
(43.981182, 25.771183, 0.0)
(44.029457, 25.775131, 0.0)
(44.037239, 25.731937, 0.0)
(44.086121, 25.709354, 0.0)
(44.100895, 25.700914, 0.0)
(44.498932, 25.862715, 0.0)
(44.589680, 25.875099, 0.0)
(44.554241, 25.850082, 0.0)
(44.527332, 25.841501, 0.0)
(44.486076, 25.801399, 0.0)
(44.437325, 25.806498, 0.0)
(44.384045, 25.726843, 0.0)
(43.684780, 25.474281, 0.0)
(42.540108, 25.110983, 0.0)
(42.323009, 25.057972, 0.0)
(42.116993, 25.029743, 0.0)
(41.917446, 25.015234, 0.0)
(41.735935, 24.977856, 0.0)
(40.659176, 24.981052, 0.0)
(39.916164, 24.978024, 0.0)
(39.690548, 24.970745, 0.0)
(39.406784, 24.961317, 0.0)
(39.163311, 24.974649, 0.0)
(38.908939, 25.046070, 0.0)
(37.264881, 24.643934, 0.0)
(36.850517, 25.226160, 0.0)
(35.615662, 25.279722, 0.0)
(35.192661, 24.688091, 0.0)
(34.940521, 24.548292, 0.0)
(32.860779, 27.274399, 0.0)
(32.878422, 25.014204, 0.0)
(32.711254, 24.881405, 0.0)
(32.599159, 25.064486, 0.0)
(32.445137, 25.119810, 0.0)
(32.271873, 25.136471, 0.0)
(31.993528, 25.265347, 0.0)
(30.250586, 25.616604, 0.0)
(29.991701, 25.678362, 0.0)
(29.806839, 25.765751, 0.0)
(29.649117, 25.772333, 0.0)
(28.418377, 26.184616, 0.0)
(27.448326, 26.274277, 0.0)
(27.300072, 26.342999, 0.0)
(27.120228, 26.372536, 0.0)
(26.832209, 26.454103, 0.0)
(24.674189, 27.045610, 0.0)
(24.493624, 27.231106, 0.0)
(24.361616, 27.308683, 0.0)
(24.311686, 27.329239, 0.0)
(24.227791, 27.354626, 0.0)
(24.167082, 27.411657, 0.0)
(23.012791, 27.807444, 0.0)
(22.523540, 27.834429, 0.0)
(22.496548, 27.855835, 0.0)
(22.507414, 27.845039, 0.0)
(22.530508, 27.767336, 0.0)
(22.531096, 27.759407, 0.0)
(22.540209, 27.764257, 0.0)
(22.581549, 27.693151, 0.0)
(22.633801, 27.672596, 0.0)
(22.691652, 27.558735, 0.0)
(22.855598, 27.482887, 0.0)
(22.986397, 27.379736, 0.0)
(23.116022, 27.314621, 0.0)
(24.640663, 26.249846, 0.0)
(25.157188, 26.010939, 0.0)
(25.527678, 25.887703, 0.0)
(25.867615, 25.788006, 0.0)
(26.285580, 25.695860, 0.0)
(26.654572, 25.583197, 0.0)
(27.093922, 25.501352, 0.0)
(27.495090, 25.414272, 0.0)
(27.859921, 25.293692, 0.0)
(28.187208, 25.267056, 0.0)
(28.554758, 25.232870, 0.0)
(28.925232, 25.204878, 0.0)
(29.246437, 25.140694, 0.0)
(30.779737, 24.737099, 0.0)
(31.498524, 24.536068, 0.0)
(31.844025, 24.526140, 0.0)
(32.139351, 24.481974, 0.0)
(32.517254, 24.387472, 0.0)
(33.440468, 24.379765, 0.0)
(34.358704, 24.186674, 0.0)
(34.666302, 24.210379, 0.0)
(34.927528, 24.263035, 0.0)
(35.165195, 24.270166, 0.0)
(35.420475, 24.303127, 0.0)
(38.315598, 24.095865, 0.0)
(38.966625, 23.949467, 0.0)
(39.092594, 23.921844, 0.0)
(39.156437, 23.964190, 0.0)
(40.202881, 24.165560, 0.0)
(41.889645, 24.303383, 0.0)
(41.984646, 24.342026, 0.0)
(42.001556, 24.348499, 0.0)
(42.010670, 24.330364, 0.0)
(42.025082, 24.325390, 0.0)
(42.656700, 24.466730, 0.0)
(43.792782, 24.704226, 0.0)
(43.835964, 24.727802, 0.0)
(43.835594, 24.732994, 0.0)
(43.841442, 24.730192, 0.0)
(43.862076, 24.721193, 0.0)
(43.863567, 24.722044, 0.0)
(43.876514, 24.721689, 0.0)
(43.879543, 24.715469, 0.0)
(43.868793, 24.722984, 0.0)
(43.843121, 24.701109, 0.0)
(43.847878, 24.709402, 0.0)
(43.873341, 24.711205, 0.0)
(43.839943, 24.613237, 0.0)
(43.724606, 23.773100, 0.0)
(43.666328, 23.635084, 0.0)
(43.566189, 23.562939, 0.0)
(43.473621, 23.497726, 0.0)
(42.913654, 23.403238, 0.0)
(42.199516, 23.170935, 0.0)
(42.056507, 23.154539, 0.0)
(41.871258, 23.174726, 0.0)
(41.659302, 23.166061, 0.0)
(41.314846, 23.184263, 0.0)
(40.286480, 23.302776, 0.0)
(39.998501, 23.347940, 0.0)
(39.718689, 23.319231, 0.0)
(39.481850, 23.312954, 0.0)
(38.968819, 23.298378, 0.0)
(37.796680, 23.232147, 0.0)
(37.528137, 23.312014, 0.0)
(37.244911, 23.301470, 0.0)
(37.002903, 23.331694, 0.0)
(36.736843, 23.350203, 0.0)
(35.470417, 23.375940, 0.0)
(35.264336, 23.481508, 0.0)
(34.917793, 23.523985, 0.0)
(33.409676, 23.522167, 0.0)
(33.224361, 23.564848, 0.0)
(32.974529, 23.615204, 0.0)
(32.716011, 23.659809, 0.0)
(32.106636, 23.803349, 0.0)
(31.204803, 23.857927, 0.0)
(31.008692, 23.877911, 0.0)
(30.795237, 23.914686, 0.0)
(28.860270, 24.319563, 0.0)
(28.605886, 24.380310, 0.0)
(28.417791, 24.446115, 0.0)
(28.198257, 24.500120, 0.0)
(27.999313, 24.548363, 0.0)
(27.776064, 24.698107, 0.0)
(26.570759, 25.271460, 0.0)
(26.364468, 25.338049, 0.0)
(26.248222, 25.388315, 0.0)
(26.016666, 25.552357, 0.0)
(24.506014, 25.821621, 0.0)
(24.352505, 25.938150, 0.0)
(24.250553, 25.960306, 0.0)
(23.862368, 26.183521, 0.0)
(22.696220, 26.581295, 0.0)
(22.616344, 26.645210, 0.0)
(22.553919, 26.654341, 0.0)
(22.494371, 26.642006, 0.0)
(21.821896, 27.010063, 0.0)
(21.468035, 27.078989, 0.0)
(21.450619, 27.098696, 0.0)
(21.447887, 27.103893, 0.0)
(21.459023, 27.106958, 0.0)
(21.477350, 27.071548, 0.0)
(22.051828, 26.518829, 0.0)
(23.240107, 25.515795, 0.0)
(23.467819, 25.379332, 0.0)
(23.731096, 25.211716, 0.0)
(24.092108, 25.068741, 0.0)
(24.395145, 24.920961, 0.0)
(24.697657, 24.801188, 0.0)
(25.053123, 24.680479, 0.0)
(26.174250, 24.337168, 0.0)
(26.786165, 24.189348, 0.0)
(27.123531, 24.109795, 0.0)
(27.375566, 24.020357, 0.0)
(27.669743, 23.953701, 0.0)
(27.997725, 23.936230, 0.0)
(28.220598, 23.897064, 0.0)
(29.909328, 23.408899, 0.0)
(30.306889, 23.319227, 0.0)
(30.578808, 23.254765, 0.0)
(30.849314, 23.232573, 0.0)
(31.084740, 23.170069, 0.0)
(32.889439, 22.807718, 0.0)
(33.586346, 22.721989, 0.0)
(33.841789, 22.687923, 0.0)
(34.035133, 22.705143, 0.0)
(34.220543, 22.710651, 0.0)
(34.905571, 22.798058, 0.0)
(36.229702, 22.490395, 0.0)
(36.432384, 22.487995, 0.0)
(36.592506, 22.511011, 0.0)
(36.701897, 22.522316, 0.0)
(36.828014, 22.495382, 0.0)
(39.266827, 22.675795, 0.0)
(39.390118, 22.714878, 0.0)
(39.431686, 22.770460, 0.0)
(39.527336, 22.764721, 0.0)
(40.987301, 23.108297, 0.0)
(42.897648, 23.407192, 0.0)
(43.041553, 23.442314, 0.0)
(43.033421, 23.428751, 0.0)
(43.033657, 23.457066, 0.0)
(43.043213, 23.470629, 0.0)
(43.061272, 23.500629, 0.0)
(43.521477, 23.620548, 0.0)
(44.006660, 23.705294, 0.0)
(44.006062, 23.709673, 0.0)
(43.980331, 23.715960, 0.0)
(43.951683, 23.684107, 0.0)
(43.935928, 23.679731, 0.0)
(43.933254, 23.678427, 0.0)
(43.923183, 23.627613, 0.0)
(43.890038, 23.587181, 0.0)
(43.891319, 23.567387, 0.0)
(43.823799, 22.850527, 0.0)
(43.672062, 22.432690, 0.0)
(43.611122, 22.445549, 0.0)
(43.536716, 22.443905, 0.0)
(42.219810, 22.370695, 0.0)
(42.083836, 22.429262, 0.0)
(41.768700, 22.346226, 0.0)
(40.404263, 22.102024, 0.0)
(40.063904, 22.115019, 0.0)
(39.726376, 22.086117, 0.0)
(39.385193, 22.037945, 0.0)
(39.137154, 22.091717, 0.0)
(38.823574, 22.029594, 0.0)
(38.390682, 22.008888, 0.0)
(36.575256, 21.913956, 0.0)
(36.207760, 21.958872, 0.0)
(35.916409, 21.928205, 0.0)
(35.600220, 21.977062, 0.0)
(35.331448, 22.080925, 0.0)
(35.115105, 22.128679, 0.0)
(34.902645, 22.140017, 0.0)
(34.726933, 22.121059, 0.0)
(34.498123, 22.175398, 0.0)
(33.626465, 22.320465, 0.0)
(32.608086, 22.246609, 0.0)
(32.362926, 22.291239, 0.0)
(32.194920, 22.339962, 0.0)
(31.652925, 22.478104, 0.0)
(29.720213, 22.649916, 0.0)
(29.501696, 22.689924, 0.0)
(29.345297, 22.724701, 0.0)
(27.593849, 23.121012, 0.0)
(27.105412, 23.198828, 0.0)
(26.977379, 23.266418, 0.0)
(26.800615, 23.357327, 0.0)
(26.636354, 23.393961, 0.0)
(26.213902, 23.647682, 0.0)
(23.830160, 24.382629, 0.0)
(23.712149, 24.477753, 0.0)
(23.634871, 24.509489, 0.0)
(23.574776, 24.528395, 0.0)
(23.516178, 24.567799, 0.0)
(23.439194, 24.609741, 0.0)
(23.409983, 24.632706, 0.0)
(21.649281, 25.357603, 0.0)
(21.443684, 25.377323, 0.0)
(21.476089, 25.343245, 0.0)
(21.430780, 25.349722, 0.0)
(21.425663, 25.279379, 0.0)
(21.417191, 25.291822, 0.0)
(21.415749, 25.334007, 0.0)
(21.458731, 25.334604, 0.0)
(21.539125, 25.278864, 0.0)
(21.609087, 25.222973, 0.0)
(21.760958, 25.168751, 0.0)
(21.887617, 25.056168, 0.0)
(22.689024, 24.451689, 0.0)
(23.595989, 23.909176, 0.0)
(23.788647, 23.810091, 0.0)
(23.975584, 23.719971, 0.0)
(24.151314, 23.637024, 0.0)
(24.353621, 23.592064, 0.0)
(24.531094, 23.511974, 0.0)
(24.759672, 23.418831, 0.0)
(26.206011, 22.905331, 0.0)
(27.343094, 22.519409, 0.0)
(27.580347, 22.522255, 0.0)
(27.798143, 22.481701, 0.0)
(27.959356, 22.442467, 0.0)
(28.263308, 22.363567, 0.0)
(29.837446, 21.865953, 0.0)
(30.138721, 21.840517, 0.0)
(30.302460, 21.732780, 0.0)
(30.872612, 21.566036, 0.0)
(32.289268, 21.168602, 0.0)
(32.553619, 21.168606, 0.0)
(32.723469, 21.197884, 0.0)
(32.903545, 21.200298, 0.0)
(34.181286, 21.090931, 0.0)
(35.941193, 20.919430, 0.0)
(36.078499, 21.003441, 0.0)
(36.163445, 21.029953, 0.0)
(36.296165, 21.074753, 0.0)
(36.373547, 21.091103, 0.0)
(38.077904, 21.188030, 0.0)
(38.457016, 21.219696, 0.0)
(38.494228, 21.226826, 0.0)
(38.550652, 21.217510, 0.0)
(38.571945, 21.210079, 0.0)
(40.437706, 21.695017, 0.0)
(41.087833, 21.868805, 0.0)
(41.145241, 21.882677, 0.0)
(41.147114, 21.898279, 0.0)
(41.183949, 21.937214, 0.0)
(43.038635, 22.482500, 0.0)
(43.182137, 22.479599, 0.0)
(43.173744, 22.425650, 0.0)
(43.163662, 22.346033, 0.0)
(43.160137, 22.321281, 0.0)
(43.165180, 22.336182, 0.0)
(43.151909, 22.357845, 0.0)
(43.137722, 22.345392, 0.0)
(43.093433, 22.386106, 0.0)
(43.055149, 22.330561, 0.0)
(43.065155, 21.514151, 0.0)
(43.024792, 21.383575, 0.0)
(42.937645, 21.326538, 0.0)
(42.817921, 21.245085, 0.0)
(42.482231, 21.178221, 0.0)
(41.094608, 21.033300, 0.0)
(41.005829, 21.057379, 0.0)
(40.906078, 21.030252, 0.0)
(40.780193, 21.016148, 0.0)
(40.625786, 20.959450, 0.0)
(38.983410, 20.761450, 0.0)
(38.611305, 20.767134, 0.0)
(38.422920, 20.759939, 0.0)
(38.230537, 20.755138, 0.0)
(38.018867, 20.713282, 0.0)
(37.828045, 20.716982, 0.0)
(36.568344, 20.656935, 0.0)
(36.124786, 20.610659, 0.0)
(35.915501, 20.574173, 0.0)
(35.748314, 20.492449, 0.0)
(35.595020, 20.481781, 0.0)
(35.468105, 20.497448, 0.0)
(35.254707, 20.486671, 0.0)
(34.229050, 20.618195, 0.0)
(33.154232, 20.604546, 0.0)
(32.968822, 20.682116, 0.0)
(32.822571, 20.696444, 0.0)
(32.693382, 20.642029, 0.0)
(31.696419, 20.886169, 0.0)
(30.047972, 20.997053, 0.0)
(29.883656, 21.003740, 0.0)
(29.814325, 21.028320, 0.0)
(29.658867, 21.095242, 0.0)
(29.581905, 21.140263, 0.0)
(27.489021, 21.719717, 0.0)
(27.122055, 21.798088, 0.0)
(27.048973, 21.795383, 0.0)
(26.941795, 21.799471, 0.0)
(25.868183, 22.345787, 0.0)
(23.600805, 23.113125, 0.0)
(23.497822, 23.195944, 0.0)
(23.413637, 23.279804, 0.0)
(23.313688, 23.323254, 0.0)
(23.277994, 23.369553, 0.0)
(23.251108, 23.380886, 0.0)
(23.238731, 23.393330, 0.0)
(23.196232, 23.410049, 0.0)
(23.179199, 23.406036, 0.0)
(23.065922, 23.430325, 0.0)
(21.910755, 23.711296, 0.0)
(21.857285, 23.556566, 0.0)
(21.877956, 23.562593, 0.0)
(21.925348, 23.597733, 0.0)
(21.980778, 23.604650, 0.0)
(22.044029, 23.603159, 0.0)
(22.142176, 23.559500, 0.0)
(22.242344, 23.497002, 0.0)
(22.344536, 23.399944, 0.0)
(22.757906, 23.122320, 0.0)
(23.766987, 22.525299, 0.0)
(23.987295, 22.436010, 0.0)
(24.183268, 22.345766, 0.0)
(24.449060, 22.255379, 0.0)
(24.636589, 22.154505, 0.0)
(24.843588, 22.073399, 0.0)
(25.945629, 21.728973, 0.0)
(27.927734, 21.177458, 0.0)
(28.226768, 21.101713, 0.0)
(28.467587, 21.053274, 0.0)
(28.698452, 21.031507, 0.0)
(28.905039, 20.955532, 0.0)
(29.187462, 20.908688, 0.0)
(29.431673, 20.883795, 0.0)
(31.449961, 20.270699, 0.0)
(31.755764, 20.234482, 0.0)
(31.960230, 20.197580, 0.0)
(32.172146, 20.091537, 0.0)
(32.345005, 20.077339, 0.0)
(32.561440, 20.103981, 0.0)
(34.420216, 19.844904, 0.0)
(34.706059, 19.877249, 0.0)
(34.802631, 19.841698, 0.0)
(34.933296, 19.781784, 0.0)
(35.030010, 19.799025, 0.0)
(35.124294, 19.812983, 0.0)
(36.299385, 19.774492, 0.0)
(36.986145, 19.727993, 0.0)
(37.087631, 19.728676, 0.0)
(37.156033, 19.736279, 0.0)
(37.180271, 19.715282, 0.0)
(37.191986, 19.669128, 0.0)
(38.469772, 19.775398, 0.0)
(39.969719, 20.064556, 0.0)
(40.026611, 20.107233, 0.0)
(40.015415, 20.087263, 0.0)
(39.993382, 20.074944, 0.0)
(39.972054, 20.044271, 0.0)
(41.542709, 20.539927, 0.0)
(42.034306, 20.640753, 0.0)
(42.057335, 20.598194, 0.0)
(42.029961, 20.546005, 0.0)
(42.013874, 20.521614, 0.0)
(41.990486, 20.519424, 0.0)
(41.993832, 20.522057, 0.0)
(41.985828, 20.527296, 0.0)
(41.963055, 20.502056, 0.0)
(41.965973, 20.476362, 0.0)
(41.960056, 20.495310, 0.0)
(41.920086, 20.518984, 0.0)
(41.879333, 20.494743, 0.0)
(41.810570, 20.454142, 0.0)
(41.693821, 20.396450, 0.0)
(40.158649, 19.778931, 0.0)
(40.024967, 19.720043, 0.0)
(39.945965, 19.594814, 0.0)
(39.811523, 19.585464, 0.0)
(39.654598, 19.521101, 0.0)
(39.575253, 19.476467, 0.0)
(38.250950, 19.253183, 0.0)
(38.112549, 19.254013, 0.0)
(38.001827, 19.216410, 0.0)
(37.870155, 19.178724, 0.0)
(37.755558, 19.143959, 0.0)
(36.007347, 18.960449, 0.0)
(35.494930, 18.870678, 0.0)
(35.313972, 18.807501, 0.0)
(35.176342, 18.812223, 0.0)
(35.061176, 18.788343, 0.0)
(34.962902, 18.801973, 0.0)
(32.773655, 18.807583, 0.0)
(32.562698, 18.820412, 0.0)
(32.401978, 18.807507, 0.0)
(32.198303, 18.795792, 0.0)
(31.958467, 18.774412, 0.0)
(29.756508, 19.157000, 0.0)
(29.492933, 19.259680, 0.0)
(29.341412, 19.320541, 0.0)
(29.147892, 19.446716, 0.0)
(28.954821, 19.500792, 0.0)
(28.346359, 19.780960, 0.0)
(25.992844, 20.365820, 0.0)
(25.824125, 20.423969, 0.0)
(25.680765, 20.462002, 0.0)
(25.539011, 20.489225, 0.0)
(23.314243, 21.533651, 0.0)
(22.573557, 21.800507, 0.0)
(22.460379, 21.863394, 0.0)
(22.380186, 21.905722, 0.0)
(22.267344, 22.010513, 0.0)
(22.208359, 22.079956, 0.0)
(22.138565, 22.148212, 0.0)
(22.033453, 22.249901, 0.0)
(21.902433, 22.398510, 0.0)
(21.638861, 22.221962, 0.0)
(21.124413, 22.538565, 0.0)
(21.137669, 22.620619, 0.0)
(21.145628, 22.640900, 0.0)
(21.203770, 22.629259, 0.0)
(21.234064, 22.614090, 0.0)
(21.242638, 22.592054, 0.0)
(21.322304, 22.544807, 0.0)
(21.385941, 22.514797, 0.0)
(21.517052, 22.399630, 0.0)
(21.681097, 22.270494, 0.0)
(22.358263, 21.868494, 0.0)
(24.396303, 20.794977, 0.0)
(24.619061, 20.648811, 0.0)
(24.832829, 20.510725, 0.0)
(25.043032, 20.382366, 0.0)
(25.239059, 20.271063, 0.0)
(25.455854, 20.163805, 0.0)
(26.893208, 19.371155, 0.0)
(27.766537, 18.927479, 0.0)
(27.970219, 18.869768, 0.0)
(28.079180, 18.826048, 0.0)
(28.242384, 18.745136, 0.0)
(28.423355, 18.650871, 0.0)
(28.564472, 18.634193, 0.0)
(28.701376, 18.565859, 0.0)
(29.504076, 18.461088, 0.0)
(31.068760, 18.285189, 0.0)
(31.267445, 18.301538, 0.0)
(31.434391, 18.279081, 0.0)
(31.536156, 18.240849, 0.0)
(33.284668, 18.040880, 0.0)
(34.060024, 18.048262, 0.0)
(34.203625, 18.066086, 0.0)
(34.263702, 18.034702, 0.0)
(34.391247, 18.038143, 0.0)
(34.459217, 18.030451, 0.0)
(36.946873, 18.148176, 0.0)
(37.205025, 18.157078, 0.0)
(37.261261, 18.134979, 0.0)
(37.322151, 18.153507, 0.0)
(37.963524, 18.275356, 0.0)
(40.195572, 18.722572, 0.0)
(40.261658, 18.745914, 0.0)
(40.242832, 18.742857, 0.0)
(40.238205, 18.689981, 0.0)
(40.310921, 18.676065, 0.0)
(40.319225, 18.641912, 0.0)
(40.629852, 18.679787, 0.0)
(42.204113, 19.246935, 0.0)
(42.204609, 19.263268, 0.0)
(42.146915, 19.261782, 0.0)
(42.114075, 19.267452, 0.0)
(42.049858, 19.221071, 0.0)
(42.032986, 19.132017, 0.0)
(42.004471, 19.153826, 0.0)
(41.954506, 19.147526, 0.0)
(41.900909, 19.136263, 0.0)
(41.890278, 19.135471, 0.0)
(41.823708, 19.104795, 0.0)
(41.785042, 19.043243, 0.0)
(41.775887, 19.026953, 0.0)
(41.516239, 18.959290, 0.0)
(40.578568, 18.564480, 0.0)
(40.473419, 18.607649, 0.0)
(40.431438, 18.582485, 0.0)
(40.348885, 18.588840, 0.0)
(40.252316, 18.573858, 0.0)
(40.113716, 18.526712, 0.0)
(38.923618, 18.242792, 0.0)
(37.985664, 18.002304, 0.0)
(37.871452, 17.978611, 0.0)
(37.718044, 17.958670, 0.0)
(37.593380, 17.929300, 0.0)
(37.453579, 17.918928, 0.0)
(37.362240, 17.916574, 0.0)
(36.493813, 17.865574, 0.0)
(34.866314, 17.755259, 0.0)
(34.641434, 17.775930, 0.0)
(34.569683, 17.716391, 0.0)
(34.451935, 17.736410, 0.0)
(34.384693, 17.647718, 0.0)
(33.713444, 17.633501, 0.0)
(31.938227, 17.699062, 0.0)
(31.814327, 17.750868, 0.0)
(31.758034, 17.798458, 0.0)
(31.639757, 17.826101, 0.0)
(31.596947, 17.800821, 0.0)
(31.547907, 17.783401, 0.0)
(29.958418, 18.093315, 0.0)
(28.676899, 18.282396, 0.0)
(28.546759, 18.365091, 0.0)
(28.452761, 18.404022, 0.0)
(26.391901, 19.187286, 0.0)
(24.425316, 19.854086, 0.0)
(24.362419, 19.901112, 0.0)
(24.286301, 19.867619, 0.0)
(24.194862, 19.911011, 0.0)
(24.122250, 19.933987, 0.0)
(22.485495, 20.984089, 0.0)
(21.885387, 21.291492, 0.0)
(21.771425, 21.359638, 0.0)
(21.725368, 21.430655, 0.0)
(21.688877, 21.486166, 0.0)
(21.661478, 21.491762, 0.0)
(21.614023, 21.502628, 0.0)
(21.593596, 21.490089, 0.0)
(21.570107, 21.522636, 0.0)
(21.555363, 21.504974, 0.0)
(21.559694, 21.484589, 0.0)
(21.569273, 21.500099, 0.0)
(21.568283, 21.513805, 0.0)
(21.627520, 21.490231, 0.0)
(21.640413, 21.502180, 0.0)
(21.703575, 21.385712, 0.0)
(21.993063, 21.184984, 0.0)
(23.525976, 20.020700, 0.0)
(23.821159, 19.886213, 0.0)
(23.989340, 19.815849, 0.0)
(24.201979, 19.699228, 0.0)
(24.442451, 19.592810, 0.0)
(24.668964, 19.462341, 0.0)
(24.994061, 19.325436, 0.0)
(26.563711, 18.464828, 0.0)
(26.867491, 18.380331, 0.0)
(27.076504, 18.298241, 0.0)
(27.247133, 18.236443, 0.0)
(27.456139, 18.161161, 0.0)
(27.632065, 18.126835, 0.0)
(27.795513, 18.052464, 0.0)
(29.393705, 17.486448, 0.0)
(30.391973, 17.213419, 0.0)
(30.598036, 17.155882, 0.0)
(30.681852, 17.147028, 0.0)
(30.761679, 17.133820, 0.0)
(30.860443, 17.050257, 0.0)
(32.422466, 16.813734, 0.0)
(33.117496, 16.689741, 0.0)
(33.219208, 16.587107, 0.0)
(33.284336, 16.445908, 0.0)
(33.333282, 16.270145, 0.0)
(33.655327, 16.195345, 0.0)
(35.870865, 16.198057, 0.0)
(35.974419, 15.886502, 0.0)
(36.066475, 15.389778, 0.0)
(36.188915, 15.293023, 0.0)
(36.310226, 15.480265, 0.0)
(37.967167, 15.841524, 0.0)
(38.810997, 15.865433, 0.0)
(39.028019, 15.801716, 0.0)
(39.162201, 15.651981, 0.0)
(39.247940, 15.465560, 0.0)
(40.132656, 15.578121, 0.0)
(41.779774, 15.909311, 0.0)
(41.916058, 15.845649, 0.0)
(41.975380, 15.840752, 0.0)
(41.941536, 15.835196, 0.0)
(41.942501, 15.960865, 0.0)
(43.337891, 16.648905, 0.0)
(43.415684, 16.734941, 0.0)
(43.387928, 16.621729, 0.0)
(43.384304, 16.551689, 0.0)
(43.362671, 16.506052, 0.0)
(43.358700, 16.424351, 0.0)
(43.640194, 16.553158, 0.0)
(44.005596, 16.797798, 0.0)
(43.952324, 16.831642, 0.0)
(43.874878, 16.811773, 0.0)
(43.838535, 16.819578, 0.0)
(43.800705, 16.880945, 0.0)
(43.718193, 16.992659, 0.0)
(44.056118, 17.606220, 0.0)
(44.916595, 20.100166, 0.0)
(44.921452, 20.191160, 0.0)
(44.997478, 20.191179, 0.0)
(45.097683, 20.213009, 0.0)
(45.104435, 20.192812, 0.0)
(45.114307, 20.264935, 0.0)
(45.081337, 20.376015, 0.0)
(45.098782, 20.502880, 0.0)
(45.306973, 21.079561, 0.0)
(45.650906, 22.595688, 0.0)
(45.640133, 22.733389, 0.0)
(45.658436, 22.722878, 0.0)
(45.691853, 22.696075, 0.0)
(45.712482, 22.698101, 0.0)
(45.680740, 22.711180, 0.0)
(45.674580, 22.882690, 0.0)
(45.690491, 23.100977, 0.0)
(45.593540, 23.092064, 0.0)
(45.559265, 23.044027, 0.0)
(45.564030, 23.100538, 0.0)
(45.528778, 23.109449, 0.0)
(45.767567, 23.902657, 0.0)
(45.842316, 25.064814, 0.0)
(45.757584, 25.211430, 0.0)
(45.724659, 25.151171, 0.0)
(45.675701, 25.088491, 0.0)
(45.639141, 25.091112, 0.0)
(45.656876, 25.066036, 0.0)
(45.634094, 25.071604, 0.0)
(45.306931, 26.933556, 0.0)
(45.115921, 27.517464, 0.0)
(45.091862, 27.494074, 0.0)
(45.089256, 27.504805, 0.0)
(45.058868, 27.501543, 0.0)
(45.013535, 27.478395, 0.0)
(44.993324, 27.437618, 0.0)
(44.995182, 27.400862, 0.0)
(44.980808, 27.340631, 0.0)
(44.963722, 27.269030, 0.0)
(44.969551, 27.230745, 0.0)
(43.587097, 27.572620, 0.0)
(43.287628, 27.540010, 0.0)
(43.240551, 27.470486, 0.0)
(43.215130, 27.471544, 0.0)
(43.205208, 27.458540, 0.0)
(43.187332, 27.428646, 0.0)
(43.203270, 27.395475, 0.0)
(43.190292, 27.360516, 0.0)
(43.181923, 27.319395, 0.0)
(43.129601, 27.347254, 0.0)
(43.084160, 27.329744, 0.0)
(43.105869, 27.247540, 0.0)
(43.185719, 27.096928, 0.0)
(44.456707, 24.892353, 0.0)
(44.529964, 24.835409, 0.0)
(44.506641, 24.777147, 0.0)
(44.492111, 24.715504, 0.0)
(44.494999, 24.700010, 0.0)
(44.489616, 24.661041, 0.0)
(44.514698, 24.630974, 0.0)
(44.546368, 22.397106, 0.0)
(44.612244, 22.365307, 0.0)
(44.620697, 22.433245, 0.0)
(44.605129, 22.435488, 0.0)
(44.609528, 22.455185, 0.0)
(44.620876, 22.467220, 0.0)
(44.683544, 22.361422, 0.0)
(44.485771, 20.605415, 0.0)
(44.538910, 20.601355, 0.0)
(44.601997, 20.678173, 0.0)
(44.576752, 20.719584, 0.0)
(44.618332, 20.738241, 0.0)
(44.713940, 20.718884, 0.0)
(43.967575, 18.312689, 0.0)
(43.942734, 17.866926, 0.0)
(43.969181, 17.837717, 0.0)
(43.957180, 17.891010, 0.0)
(43.960106, 17.896498, 0.0)
(43.934151, 17.869541, 0.0)
(43.921185, 17.862324, 0.0)
(43.985432, 17.927999, 0.0)
(43.940540, 17.572844, 0.0)
(43.933800, 17.584129, 0.0)
(43.939445, 17.638096, 0.0)
(43.975536, 17.665274, 0.0)
(43.983467, 17.755198, 0.0)
(43.991135, 17.749804, 0.0)
(43.995316, 17.748518, 0.0)
(44.000187, 17.732698, 0.0)
(44.006554, 17.757959, 0.0)
(44.041031, 17.774984, 0.0)
(44.055351, 17.792858, 0.0)
(44.049236, 17.820965, 0.0)
(44.039875, 17.854359, 0.0)
(44.008278, 17.905109, 0.0)
(43.965965, 17.860527, 0.0)
(43.689655, 17.736864, 0.0)
(43.730892, 17.743876, 0.0)
(43.748344, 17.697691, 0.0)
(43.734585, 17.693300, 0.0)
(43.707077, 17.765778, 0.0)
(43.715889, 17.803448, 0.0)
(43.690300, 17.843796, 0.0)
(43.630791, 17.835573, 0.0)
(43.664200, 18.691195, 0.0)
(44.205658, 21.849625, 0.0)
(44.216354, 22.532389, 0.0)
(44.194019, 22.552746, 0.0)
(44.291252, 22.539358, 0.0)
(44.300579, 22.487301, 0.0)
(44.213196, 24.293179, 0.0)
(44.492531, 27.651281, 0.0)
(44.543770, 26.529726, 0.0)
(44.615528, 26.338255, 0.0)
(44.641705, 26.376705, 0.0)
(44.674789, 26.341196, 0.0)
(44.689175, 26.373238, 0.0)
(44.871822, 25.674807, 0.0)
(45.000019, 25.224510, 0.0)
(44.960758, 25.257927, 0.0)
(44.950100, 25.244400, 0.0)
(44.997292, 25.239347, 0.0)
(45.037560, 25.244873, 0.0)
(45.045498, 25.236128, 0.0)
(45.054752, 25.232189, 0.0)
(45.049583, 25.284744, 0.0)
(45.032684, 25.316332, 0.0)
(45.025497, 25.366695, 0.0)
(45.001961, 25.364422, 0.0)
(44.997158, 25.368389, 0.0)
(45.001934, 25.399786, 0.0)
(44.982029, 25.446833, 0.0)
(44.960255, 25.477468, 0.0)
(44.964828, 25.489700, 0.0)
(44.967323, 25.475534, 0.0)
(44.984268, 25.485252, 0.0)
(45.010914, 25.468870, 0.0)
(45.011848, 25.430576, 0.0)
(45.006199, 25.403502, 0.0)
(45.017159, 25.390478, 0.0)
(45.018761, 25.402884, 0.0)
(44.700874, 24.950100, 0.0)
(43.783020, 22.377991, 0.0)
(43.566422, 21.174181, 0.0)
(43.550068, 21.177794, 0.0)
(43.568119, 21.185202, 0.0)
(43.588657, 21.215172, 0.0)
(43.592278, 21.242857, 0.0)
(43.571926, 21.290201, 0.0)
(43.563568, 21.275789, 0.0)
(42.994747, 19.914330, 0.0)
(42.963947, 19.339928, 0.0)
(42.986786, 19.327032, 0.0)
(42.975750, 19.317400, 0.0)
(43.012062, 19.363947, 0.0)
(43.002670, 19.349915, 0.0)
(42.955662, 19.343950, 0.0)
(42.973972, 19.304659, 0.0)
(42.979038, 19.271423, 0.0)
(42.944508, 19.265234, 0.0)
(42.966114, 19.300865, 0.0)
(42.972130, 19.303503, 0.0)
(42.971794, 19.315128, 0.0)
(43.358860, 19.871836, 0.0)
(44.171562, 21.668564, 0.0)
(44.160393, 21.726740, 0.0)
(44.171883, 21.637735, 0.0)
(44.147453, 21.593615, 0.0)
(44.103897, 21.594069, 0.0)
(44.087337, 21.572674, 0.0)
(44.402615, 22.595596, 0.0)
(44.405640, 22.943319, 0.0)
(44.354313, 22.970194, 0.0)
(44.332973, 22.939455, 0.0)
(44.245049, 22.901785, 0.0)
(44.197670, 22.853676, 0.0)
(44.188843, 22.757399, 0.0)
(44.237141, 22.733185, 0.0)
(44.200180, 22.686165, 0.0)
(44.188602, 22.603157, 0.0)
(44.124157, 22.071566, 0.0)
(43.999775, 21.242359, 0.0)
(43.980534, 21.176676, 0.0)
(43.985348, 21.137445, 0.0)
(43.644939, 20.247982, 0.0)
(42.803207, 17.778320, 0.0)
(42.782005, 17.668806, 0.0)
(42.777431, 17.664921, 0.0)
(42.765362, 17.669250, 0.0)
(42.773804, 17.672535, 0.0)
(42.765076, 17.608526, 0.0)
(42.803555, 17.615364, 0.0)
(42.817989, 17.615002, 0.0)
(42.830032, 17.562832, 0.0)
(42.838673, 17.562847, 0.0)
(42.846058, 17.535137, 0.0)
(42.842236, 17.542612, 0.0)
(42.504795, 17.224075, 0.0)
(42.481224, 17.117508, 0.0)
(42.484562, 17.088802, 0.0)
(42.474346, 17.062347, 0.0)
(42.479778, 17.014858, 0.0)
(42.465363, 16.978443, 0.0)
(42.452156, 17.000263, 0.0)
(42.415653, 17.646860, 0.0)
(42.793251, 20.575912, 0.0)
(42.813522, 21.894863, 0.0)
(42.732796, 21.986568, 0.0)
(42.712563, 22.068785, 0.0)
(42.675381, 22.085981, 0.0)
(42.654762, 22.132788, 0.0)
(42.623775, 22.152437, 0.0)
(42.611057, 22.173494, 0.0)
(43.756599, 25.096682, 0.0)
(43.642399, 27.057968, 0.0)
(43.503513, 27.118156, 0.0)
(43.479782, 27.093056, 0.0)
(43.472122, 27.164261, 0.0)
(43.420704, 27.256618, 0.0)
(43.412483, 27.324417, 0.0)
(43.356861, 26.738297, 0.0)
(43.252541, 25.905840, 0.0)
(43.164936, 25.793745, 0.0)
(43.190071, 25.783457, 0.0)
(43.189644, 25.785748, 0.0)
(43.212261, 25.754400, 0.0)
(43.279209, 23.945013, 0.0)
(43.296272, 23.928198, 0.0)
(43.320057, 24.054636, 0.0)
(43.376575, 24.160889, 0.0)
(43.333878, 24.170835, 0.0)
(43.381004, 24.233124, 0.0)
(43.416126, 24.308399, 0.0)
(43.402359, 24.382582, 0.0)
(43.343884, 24.431105, 0.0)
(43.336662, 24.428032, 0.0)
(43.656479, 26.496403, 0.0)
(43.680096, 28.465120, 0.0)
(43.629566, 28.569738, 0.0)
(43.589230, 28.565516, 0.0)
(43.562897, 28.592236, 0.0)
(43.553448, 28.614544, 0.0)
(43.554432, 28.656483, 0.0)
(43.558201, 28.736105, 0.0)
(43.553970, 28.780544, 0.0)
(43.565289, 28.772095, 0.0)
(43.554638, 28.830706, 0.0)
(43.551781, 28.824734, 0.0)
(43.569111, 28.839670, 0.0)
(43.539639, 28.885468, 0.0)
(43.513626, 28.925108, 0.0)
(43.391834, 29.275475, 0.0)
(43.324368, 29.529909, 0.0)
(43.322693, 29.546955, 0.0)
(43.334812, 29.589050, 0.0)
(43.319210, 29.620770, 0.0)
(43.298729, 29.571445, 0.0)
(42.444248, 29.035091, 0.0)
(42.412045, 28.833374, 0.0)
(42.433418, 28.806696, 0.0)
(42.436752, 28.793762, 0.0)
(42.420689, 28.789780, 0.0)
(41.695038, 24.569347, 0.0)
(41.162132, 21.126455, 0.0)
(41.231865, 21.326551, 0.0)
(41.184193, 21.478958, 0.0)
(41.160305, 21.574633, 0.0)
(41.168034, 21.603020, 0.0)
(41.169315, 21.648357, 0.0)
(41.182354, 21.687935, 0.0)
(41.283306, 21.544579, 0.0)
(41.410042, 21.380445, 0.0)
(41.482586, 21.344246, 0.0)
(41.558624, 21.325121, 0.0)
(41.589512, 21.376413, 0.0)
(41.530525, 21.472597, 0.0)
(41.445328, 21.584448, 0.0)
(41.814556, 21.845886, 0.0)
(42.183239, 22.382071, 0.0)
(42.174828, 22.377985, 0.0)
(42.212608, 22.303005, 0.0)
(42.228039, 22.238218, 0.0)
(42.169491, 22.290464, 0.0)
(42.146214, 22.322554, 0.0)
(42.138401, 21.997101, 0.0)
(41.557869, 18.720421, 0.0)
(41.475002, 18.183960, 0.0)
(41.479214, 18.218336, 0.0)
(41.440384, 18.237322, 0.0)
(41.421127, 18.190826, 0.0)
(41.387871, 18.231209, 0.0)
(41.353798, 18.245325, 0.0)
(41.382839, 18.253366, 0.0)
(41.399956, 18.276978, 0.0)
(41.450264, 18.252888, 0.0)
(41.276867, 17.942650, 0.0)
(40.772614, 16.770857, 0.0)
(40.760582, 16.770500, 0.0)
(40.764690, 16.771139, 0.0)
(40.767590, 16.731571, 0.0)
(40.774776, 16.680840, 0.0)
(40.802361, 16.701509, 0.0)
(40.799091, 16.672609, 0.0)
(40.817757, 16.644661, 0.0)
(40.800346, 16.624039, 0.0)
(40.789024, 16.643263, 0.0)
(40.763119, 16.676329, 0.0)
(40.726688, 16.609888, 0.0)
(40.737179, 16.594999, 0.0)
(40.229012, 16.843956, 0.0)
(39.852592, 17.246172, 0.0)
(39.742729, 17.244129, 0.0)
(39.682308, 17.228771, 0.0)
(39.647419, 17.227602, 0.0)
(40.478638, 19.088833, 0.0)
(40.750629, 21.565784, 0.0)
(40.598221, 21.654987, 0.0)
(40.550938, 21.626942, 0.0)
(40.535675, 21.697231, 0.0)
(40.527554, 21.772539, 0.0)
(40.496964, 21.856161, 0.0)
(40.476124, 21.854439, 0.0)
(40.493214, 21.866316, 0.0)
(40.516819, 21.834101, 0.0)
(40.915997, 22.554195, 0.0)
(41.602005, 25.195477, 0.0)
(41.514046, 25.295454, 0.0)
(41.473141, 25.252048, 0.0)
(41.423664, 25.285606, 0.0)
(41.399189, 25.250484, 0.0)
(41.366066, 25.248507, 0.0)
(41.342232, 25.312408, 0.0)
(41.792053, 27.262642, 0.0)
(41.836510, 29.852009, 0.0)
(41.712395, 29.989273, 0.0)
(41.645103, 29.990877, 0.0)
(41.619530, 30.006016, 0.0)
(41.605286, 30.020615, 0.0)
(41.603138, 30.010332, 0.0)
(41.605637, 29.996540, 0.0)
(41.765549, 28.976318, 0.0)
(41.761879, 28.937544, 0.0)
(41.739548, 28.997396, 0.0)
(41.735245, 29.074854, 0.0)
(41.251476, 28.148680, 0.0)
(41.292973, 28.056032, 0.0)
(41.313343, 28.109102, 0.0)
(41.280392, 28.153452, 0.0)
(41.346706, 28.179493, 0.0)
(41.380119, 28.227049, 0.0)
(41.378887, 28.248291, 0.0)
(41.390766, 28.235729, 0.0)
(41.788925, 29.215981, 0.0)
(41.817860, 29.826832, 0.0)
(41.791950, 29.882128, 0.0)
(41.747402, 29.902113, 0.0)
(41.716846, 29.896551, 0.0)
(41.730061, 29.937746, 0.0)
(41.685307, 29.979017, 0.0)
(41.651497, 30.004713, 0.0)
(41.640518, 30.040495, 0.0)
(40.460136, 30.028530, 0.0)
(40.379860, 30.030394, 0.0)
(40.382381, 30.038891, 0.0)
(39.182751, 30.159494, 0.0)
(39.217434, 30.125937, 0.0)
(39.227535, 30.131474, 0.0)
(39.195210, 30.133186, 0.0)
(39.189880, 30.114346, 0.0)
(39.646370, 27.932192, 0.0)
(39.900307, 26.655491, 0.0)
(39.878983, 26.543995, 0.0)
(39.875389, 26.559309, 0.0)
(39.872952, 26.572411, 0.0)
(39.861320, 26.553766, 0.0)
(39.858681, 26.594769, 0.0)
(39.912750, 25.789629, 0.0)
(39.826321, 21.895098, 0.0)
(39.855270, 21.817921, 0.0)
(39.834618, 21.848698, 0.0)
(39.828533, 21.938519, 0.0)
(39.786770, 21.959440, 0.0)
(39.806355, 21.990646, 0.0)
(39.858620, 21.942013, 0.0)
(39.898087, 21.882433, 0.0)
(39.205696, 18.859100, 0.0)
(38.996746, 17.670301, 0.0)
(38.949696, 17.788086, 0.0)
(38.898518, 17.862673, 0.0)
(38.832558, 17.852608, 0.0)
(38.793625, 17.844446, 0.0)
(38.800701, 17.814983, 0.0)
(38.824619, 17.749012, 0.0)
(38.844475, 17.695028, 0.0)
(38.836658, 17.641191, 0.0)
(38.850697, 17.579294, 0.0)
(38.855530, 17.590452, 0.0)
(38.850239, 17.621258, 0.0)
(38.839611, 17.644220, 0.0)
(38.835495, 17.631296, 0.0)
(38.825478, 17.666620, 0.0)
(38.396820, 16.664892, 0.0)
(38.395775, 16.529060, 0.0)
(38.413181, 16.477175, 0.0)
(38.417271, 16.440243, 0.0)
(38.420010, 16.418926, 0.0)
(38.419861, 16.387709, 0.0)
(38.417755, 16.414688, 0.0)
(38.398193, 16.413649, 0.0)
(38.399723, 16.419874, 0.0)
(38.373688, 16.421844, 0.0)
(38.384186, 16.393288, 0.0)
(38.367382, 16.414953, 0.0)
(37.857182, 16.273819, 0.0)
(37.774860, 16.238451, 0.0)
(37.785770, 16.216965, 0.0)
(37.770851, 16.221539, 0.0)
(37.770447, 16.196789, 0.0)
(37.776325, 16.205017, 0.0)
(37.745743, 16.188236, 0.0)
(37.738678, 16.203888, 0.0)
(37.855984, 17.293102, 0.0)
(37.898342, 18.311333, 0.0)
(37.851543, 18.429855, 0.0)
(37.836491, 18.459742, 0.0)
(37.833755, 18.517282, 0.0)
(37.811771, 18.540134, 0.0)
(37.805801, 18.534651, 0.0)
(37.804379, 18.548874, 0.0)
(37.931953, 18.672379, 0.0)
(38.426849, 19.932499, 0.0)
(38.409729, 20.112328, 0.0)
(38.390285, 20.107378, 0.0)
(38.357327, 20.133539, 0.0)
(38.357414, 20.124006, 0.0)
(38.446857, 20.225182, 0.0)
(38.986931, 22.341597, 0.0)
(38.914722, 22.518200, 0.0)
(38.873409, 22.524616, 0.0)
(38.837234, 22.540144, 0.0)
(39.323700, 23.949825, 0.0)
(39.907215, 27.199841, 0.0)
(39.749096, 27.559702, 0.0)
(39.715851, 27.550634, 0.0)
(39.666504, 27.550917, 0.0)
(39.658451, 27.557547, 0.0)
(39.668652, 27.607368, 0.0)
(39.627205, 27.630732, 0.0)
(39.609509, 27.672546, 0.0)
(39.621449, 27.722986, 0.0)
(39.641197, 27.786604, 0.0)
(39.660213, 27.847317, 0.0)
(39.650021, 27.913420, 0.0)
(39.584236, 27.970703, 0.0)
(39.583920, 28.010971, 0.0)
(39.572792, 28.038570, 0.0)
(39.584530, 28.508041, 0.0)
(39.706802, 30.130381, 0.0)
(39.668987, 30.332544, 0.0)
(39.615234, 30.350586, 0.0)
(39.608032, 30.342817, 0.0)
(39.582344, 30.388052, 0.0)
(39.550594, 30.429821, 0.0)
(39.569984, 30.427670, 0.0)
(39.541748, 30.483774, 0.0)
(39.526909, 30.467215, 0.0)
(39.545166, 30.476379, 0.0)
(39.493000, 30.531719, 0.0)
(38.353630, 29.979446, 0.0)
(37.909912, 29.543947, 0.0)
(37.895233, 29.554815, 0.0)
(37.921906, 29.594013, 0.0)
(37.930416, 29.565744, 0.0)
(37.948380, 29.488749, 0.0)
(37.924301, 28.931170, 0.0)
(38.039291, 27.982033, 0.0)
(38.052521, 27.826250, 0.0)
(38.057598, 27.788357, 0.0)
(38.031467, 27.749857, 0.0)
(38.018482, 27.736259, 0.0)
(38.025295, 27.690680, 0.0)
(37.982758, 27.450455, 0.0)
(37.473362, 23.909557, 0.0)
(37.485771, 23.683300, 0.0)
(37.440105, 23.587210, 0.0)
(37.480858, 23.593740, 0.0)
(37.520210, 23.526184, 0.0)
(37.538841, 23.526693, 0.0)
(37.551884, 23.515537, 0.0)
(37.447338, 22.710321, 0.0)
(36.846363, 18.869406, 0.0)
(36.712463, 18.329203, 0.0)
(36.667061, 18.401392, 0.0)
(36.658531, 18.387953, 0.0)
(36.537945, 18.055286, 0.0)
(35.943237, 16.508165, 0.0)
(35.870193, 16.493799, 0.0)
(35.909855, 16.482298, 0.0)
(35.913746, 16.487759, 0.0)
(35.917683, 16.473480, 0.0)
(35.893814, 16.427919, 0.0)
(35.899879, 16.418697, 0.0)
(35.975266, 16.419874, 0.0)
(35.922680, 16.391022, 0.0)
(35.922737, 16.426517, 0.0)
(35.888592, 16.419678, 0.0)
(35.886864, 16.380569, 0.0)
(35.900867, 16.331194, 0.0)
(35.938725, 16.295778, 0.0)
(35.950153, 16.275654, 0.0)
(35.961483, 16.258936, 0.0)
(35.989357, 16.280668, 0.0)
(35.997322, 16.286640, 0.0)
(36.022335, 16.311644, 0.0)
(36.009720, 16.281824, 0.0)
(36.028206, 16.279591, 0.0)
(35.731312, 16.342037, 0.0)
(35.266747, 16.327183, 0.0)
(35.206924, 16.371656, 0.0)
(35.177956, 16.364153, 0.0)
(35.154045, 16.387529, 0.0)
(35.144287, 16.401064, 0.0)
(35.121769, 16.394253, 0.0)
(35.129883, 16.510054, 0.0)
(35.429649, 18.978083, 0.0)
(35.720707, 20.624397, 0.0)
(35.657772, 20.795340, 0.0)
(35.590462, 20.736967, 0.0)
(35.571125, 20.729740, 0.0)
(35.595467, 20.748800, 0.0)
(35.601303, 20.710775, 0.0)
(35.582710, 20.724621, 0.0)
(35.588402, 20.786009, 0.0)
(35.603302, 20.837406, 0.0)
(35.538975, 20.865618, 0.0)
(35.567715, 20.869860, 0.0)
(35.569958, 20.919981, 0.0)
(35.588245, 20.949976, 0.0)
(35.583836, 20.954973, 0.0)
(35.553135, 21.034817, 0.0)
(36.559059, 23.365911, 0.0)
(36.489429, 23.941452, 0.0)
(36.418545, 23.988533, 0.0)
(36.381805, 23.982876, 0.0)
(36.386494, 23.984266, 0.0)
(36.334473, 24.068007, 0.0)
(36.332253, 24.123596, 0.0)
(36.345657, 24.141642, 0.0)
(36.341217, 24.171223, 0.0)
(36.388599, 24.389841, 0.0)
(36.658764, 26.790840, 0.0)
(36.562008, 27.136551, 0.0)
(36.494663, 27.176950, 0.0)
(36.428345, 27.281725, 0.0)
(36.383480, 27.356195, 0.0)
(36.395462, 27.372219, 0.0)
(37.242310, 29.354950, 0.0)
(37.230408, 30.100475, 0.0)
(37.198357, 30.125877, 0.0)
(37.145977, 30.162672, 0.0)
(37.125793, 30.166798, 0.0)
(37.119072, 30.220675, 0.0)
(37.073101, 30.269871, 0.0)
(37.063381, 30.269667, 0.0)
(37.063545, 30.309286, 0.0)
(37.015572, 30.355352, 0.0)
(36.998219, 30.391500, 0.0)
(36.980564, 30.413145, 0.0)
(36.966324, 30.446402, 0.0)
(36.975616, 30.451616, 0.0)
(36.966785, 30.459726, 0.0)
(36.961613, 30.494402, 0.0)
(36.939545, 30.505423, 0.0)
(36.865528, 30.557936, 0.0)
(35.496811, 29.699942, 0.0)
(35.399570, 29.708673, 0.0)
(35.406876, 29.784986, 0.0)
(35.378670, 29.803637, 0.0)
(35.372437, 29.801247, 0.0)
(35.180023, 28.083651, 0.0)
(34.597107, 23.530418, 0.0)
(34.560501, 23.360798, 0.0)
(34.534096, 23.459404, 0.0)
(34.467850, 23.462221, 0.0)
(34.442421, 23.370874, 0.0)
(34.448929, 23.324707, 0.0)
(34.417397, 23.281651, 0.0)
(34.464249, 23.219431, 0.0)
(34.471874, 23.151402, 0.0)
(34.462742, 23.112953, 0.0)
(34.674717, 23.966616, 0.0)
(34.662842, 24.099941, 0.0)
(34.605907, 24.027487, 0.0)
(34.573460, 23.922400, 0.0)
(34.589043, 23.893862, 0.0)
(34.578831, 23.879156, 0.0)
(34.543140, 23.858395, 0.0)
(34.559456, 23.822432, 0.0)
(34.555012, 23.786787, 0.0)
(34.413601, 22.871355, 0.0)
(34.355217, 22.167076, 0.0)
(34.366634, 22.140203, 0.0)
(34.348125, 22.097258, 0.0)
(34.316067, 22.063549, 0.0)
(33.754742, 18.990929, 0.0)
(33.635254, 18.466684, 0.0)
(33.612671, 18.491236, 0.0)
(33.592194, 18.493645, 0.0)
(33.548023, 18.488106, 0.0)
(33.435772, 17.652815, 0.0)
(33.151577, 16.700651, 0.0)
(33.143547, 16.703821, 0.0)
(33.152435, 16.662680, 0.0)
(33.160652, 16.625917, 0.0)
(33.162128, 16.627550, 0.0)
(33.164230, 16.616543, 0.0)
(33.145756, 16.624535, 0.0)
(33.143051, 16.600149, 0.0)
(33.167316, 16.592402, 0.0)
(33.155098, 16.534601, 0.0)
(33.134274, 16.496605, 0.0)
(33.128323, 16.526154, 0.0)
(33.070541, 16.527784, 0.0)
(33.043766, 16.518368, 0.0)
(33.033871, 16.529745, 0.0)
(32.407570, 16.700151, 0.0)
(32.100933, 16.744457, 0.0)
(32.054180, 16.756191, 0.0)
(32.016338, 16.765715, 0.0)
(32.010983, 16.774281, 0.0)
(31.995966, 17.769247, 0.0)
(31.993731, 18.286831, 0.0)
(31.929253, 18.433624, 0.0)
(31.866274, 18.485432, 0.0)
(31.851509, 18.591568, 0.0)
(31.792948, 18.647961, 0.0)
(31.772861, 18.798468, 0.0)
(32.615883, 20.817713, 0.0)
(33.455643, 23.093594, 0.0)
(33.758350, 24.262598, 0.0)
(33.662514, 24.424107, 0.0)
(33.598068, 24.444805, 0.0)
(33.556370, 24.503988, 0.0)
(33.517426, 24.570438, 0.0)
(33.503101, 24.628956, 0.0)
(33.473042, 24.660522, 0.0)
(33.452618, 24.666822, 0.0)
(33.486324, 24.701565, 0.0)
(33.041092, 24.180265, 0.0)
(32.965679, 24.202204, 0.0)
(32.951191, 24.254293, 0.0)
(32.980873, 24.264341, 0.0)
(32.974422, 24.300211, 0.0)
(32.988018, 24.295780, 0.0)
(33.000557, 24.342522, 0.0)
(33.116753, 25.740469, 0.0)
(33.136124, 26.303169, 0.0)
(33.065296, 26.376228, 0.0)
(33.009159, 26.401268, 0.0)
(32.978348, 26.423767, 0.0)
(32.941406, 26.445583, 0.0)
(32.904915, 26.488073, 0.0)
(33.575172, 28.097485, 0.0)
(33.612972, 28.893320, 0.0)
(33.538990, 29.001671, 0.0)
(33.438488, 29.040760, 0.0)
(33.383591, 29.047977, 0.0)
(33.404720, 29.081755, 0.0)
(33.410648, 29.115210, 0.0)
(33.447464, 29.210257, 0.0)
(33.630215, 30.097637, 0.0)
(33.619843, 30.310308, 0.0)
(33.550781, 30.334595, 0.0)
(33.525818, 30.341166, 0.0)
(33.489117, 30.358376, 0.0)
(33.448513, 30.322958, 0.0)
(33.398655, 30.352720, 0.0)
(33.361412, 30.395704, 0.0)
(33.262646, 30.641850, 0.0)
(33.136909, 30.979958, 0.0)
(32.758022, 31.056593, 0.0)
(32.068916, 30.866547, 0.0)
(31.955956, 30.878498, 0.0)
(31.907469, 30.913715, 0.0)
(31.880974, 30.945824, 0.0)
(31.790207, 30.556108, 0.0)
(31.356903, 25.625635, 0.0)
(31.337738, 25.540049, 0.0)
(31.297220, 25.622799, 0.0)
(31.223778, 25.645449, 0.0)
(31.207745, 25.615166, 0.0)
(31.211382, 25.557327, 0.0)
(31.279606, 25.445614, 0.0)
(31.306692, 25.345480, 0.0)
(31.334358, 25.270447, 0.0)
(31.342844, 25.184513, 0.0)
(31.358376, 25.100708, 0.0)
(31.408092, 25.053856, 0.0)
(31.391981, 25.025841, 0.0)
(31.429501, 24.957773, 0.0)
(31.493073, 24.889536, 0.0)
(31.343964, 23.443512, 0.0)
(31.140295, 20.886702, 0.0)
(31.091217, 20.938583, 0.0)
(31.083145, 20.937876, 0.0)
(31.067263, 20.911863, 0.0)
(31.039419, 20.903069, 0.0)
(31.040030, 20.895481, 0.0)
(30.577902, 18.557825, 0.0)
(30.244022, 17.128851, 0.0)
(30.149776, 17.166674, 0.0)
(30.111921, 17.194233, 0.0)
(30.044048, 17.193195, 0.0)
(30.016699, 17.192430, 0.0)
(30.055622, 17.107567, 0.0)
(30.111511, 17.090405, 0.0)
(30.071924, 17.074608, 0.0)
(30.094534, 17.043379, 0.0)
(30.094776, 17.010542, 0.0)
(29.905380, 17.228767, 0.0)
(29.944431, 17.220739, 0.0)
(29.932396, 17.180328, 0.0)
(29.908117, 17.095152, 0.0)
(29.897459, 17.078999, 0.0)
(29.899662, 17.066473, 0.0)
(29.873270, 17.095444, 0.0)
(29.857761, 17.104374, 0.0)
(29.826803, 17.142574, 0.0)
(29.345207, 16.973877, 0.0)
(29.199884, 16.922234, 0.0)
(29.159357, 16.919926, 0.0)
(29.125433, 16.934328, 0.0)
(29.075588, 16.922199, 0.0)
(29.038847, 16.974672, 0.0)
(29.022684, 17.035387, 0.0)
(29.012934, 17.069214, 0.0)
(28.990913, 17.082079, 0.0)
(28.983265, 17.223545, 0.0)
(29.263573, 19.324806, 0.0)
(29.232695, 19.718304, 0.0)
(29.188711, 19.752714, 0.0)
(29.155964, 19.809439, 0.0)
(29.133453, 19.938013, 0.0)
(29.124151, 20.072151, 0.0)
(29.136919, 20.198854, 0.0)
(29.135435, 20.369925, 0.0)
(29.099476, 20.507191, 0.0)
(29.652407, 21.524359, 0.0)
(30.212433, 23.785488, 0.0)
(30.220781, 24.613859, 0.0)
(30.137066, 24.760126, 0.0)
(30.050383, 24.805319, 0.0)
(30.015203, 24.876270, 0.0)
(29.996147, 24.890312, 0.0)
(29.942884, 24.957876, 0.0)
(29.943850, 25.009590, 0.0)
(29.894808, 25.106102, 0.0)
(29.856865, 25.106478, 0.0)
(29.866608, 25.102226, 0.0)
(29.856661, 25.139471, 0.0)
(29.841295, 25.223871, 0.0)
(29.863277, 25.268101, 0.0)
(29.837879, 25.373186, 0.0)
(30.215626, 26.732761, 0.0)
(30.207039, 26.991083, 0.0)
(30.085459, 27.026262, 0.0)
(30.054468, 27.027958, 0.0)
(30.061420, 27.088444, 0.0)
(30.405991, 28.831833, 0.0)
(30.639568, 29.836502, 0.0)
(30.607111, 29.961840, 0.0)
(30.503084, 29.976698, 0.0)
(30.413437, 29.998896, 0.0)
(30.350580, 30.055914, 0.0)
(30.276255, 30.106747, 0.0)
(30.234703, 30.105482, 0.0)
(30.179880, 30.172218, 0.0)
(30.103632, 30.226759, 0.0)
(30.056793, 30.248121, 0.0)
(29.888145, 30.715174, 0.0)
(29.760643, 30.957430, 0.0)
(29.722328, 30.990938, 0.0)
(29.680746, 31.001244, 0.0)
(29.635849, 30.999794, 0.0)
(29.587893, 31.008589, 0.0)
(29.528723, 31.054575, 0.0)
(28.619297, 31.111242, 0.0)
(28.484587, 31.170801, 0.0)
(28.443966, 31.225153, 0.0)
(28.435301, 31.206669, 0.0)
(28.480021, 31.178989, 0.0)
(28.297398, 27.482786, 0.0)
(28.205086, 25.664040, 0.0)
(28.232351, 25.556368, 0.0)
(28.212767, 25.546383, 0.0)
(28.223032, 25.510929, 0.0)
(28.202604, 25.449574, 0.0)
(28.170330, 25.404032, 0.0)
(28.158340, 25.293606, 0.0)
(28.183777, 25.273792, 0.0)
(28.184298, 25.223898, 0.0)
(28.190517, 25.157690, 0.0)
(28.226233, 25.128338, 0.0)
(28.252745, 25.039316, 0.0)
(27.814411, 23.431248, 0.0)
(27.720579, 21.578999, 0.0)
(27.714415, 21.564875, 0.0)
(27.701714, 21.594475, 0.0)
(27.682888, 21.625402, 0.0)
(27.674088, 21.676392, 0.0)
(27.690987, 21.683388, 0.0)
(27.705563, 21.710562, 0.0)
(27.545565, 19.933483, 0.0)
(27.441172, 18.507416, 0.0)
(27.444841, 18.498951, 0.0)
(27.427654, 18.490355, 0.0)
(27.407711, 18.474058, 0.0)
(27.398796, 18.465599, 0.0)
(27.394684, 18.486515, 0.0)
(27.388107, 18.492405, 0.0)
(27.361052, 18.521955, 0.0)
(27.373703, 18.482500, 0.0)
(27.290625, 19.350471, 0.0)
(27.318964, 19.508831, 0.0)
(27.274775, 19.466822, 0.0)
(27.265417, 19.456488, 0.0)
(27.262030, 19.457390, 0.0)
(27.274969, 19.432592, 0.0)
(27.265005, 19.387569, 0.0)
(26.918665, 17.997816, 0.0)
(26.876070, 17.968975, 0.0)
(26.855717, 18.015684, 0.0)
(26.792423, 18.087494, 0.0)
(26.763811, 18.103807, 0.0)
(26.749918, 18.132687, 0.0)
(26.731438, 18.128134, 0.0)
(26.681713, 18.217100, 0.0)
(26.645950, 18.230310, 0.0)
(26.603371, 18.267727, 0.0)
(26.601433, 18.280123, 0.0)
(26.576698, 18.300949, 0.0)
(26.507584, 18.343939, 0.0)
(26.514965, 18.306860, 0.0)
(26.375256, 19.930412, 0.0)
(26.593008, 21.134155, 0.0)
(26.556499, 21.333742, 0.0)
(26.462561, 21.424479, 0.0)
(26.439671, 21.523661, 0.0)
(26.430794, 21.759090, 0.0)
(28.030468, 25.071381, 0.0)
(28.462122, 27.566490, 0.0)
(28.341923, 27.813015, 0.0)
(28.150938, 27.868452, 0.0)
(28.027719, 28.003740, 0.0)
(27.949594, 28.085575, 0.0)
(27.865768, 28.177534, 0.0)
(27.816441, 28.225363, 0.0)
(27.766272, 28.240454, 0.0)
(27.362715, 28.124189, 0.0)
(27.136087, 28.098814, 0.0)
(27.081831, 28.158224, 0.0)
(27.021488, 28.158096, 0.0)
(26.981079, 28.227863, 0.0)
(26.950066, 28.288298, 0.0)
(26.905098, 28.341152, 0.0)
(26.890434, 28.400492, 0.0)
(26.842585, 27.550709, 0.0)
(26.794561, 27.559826, 0.0)
(26.753618, 27.545795, 0.0)
(26.783657, 27.535175, 0.0)
(26.782614, 27.545097, 0.0)
(26.783815, 27.579683, 0.0)
(26.760723, 27.568771, 0.0)
(26.721342, 27.590422, 0.0)
(26.684683, 27.663004, 0.0)
(26.804859, 28.051003, 0.0)
(27.092945, 28.732460, 0.0)
(27.084457, 28.828350, 0.0)
(27.033670, 28.856565, 0.0)
(26.977083, 28.913677, 0.0)
(26.925697, 28.942986, 0.0)
(27.312447, 30.127909, 0.0)
(27.288778, 30.306274, 0.0)
(27.233932, 30.315090, 0.0)
(27.187941, 30.334469, 0.0)
(27.149368, 30.359457, 0.0)
(27.107143, 30.365992, 0.0)
(27.068363, 30.383087, 0.0)
(27.039248, 30.396206, 0.0)
(27.322649, 31.079744, 0.0)
(27.312187, 31.149082, 0.0)
(27.287449, 31.147800, 0.0)
(27.221106, 31.138191, 0.0)
(27.196108, 31.145859, 0.0)
(27.170567, 31.152493, 0.0)
(27.132492, 31.179752, 0.0)
(26.297255, 29.553463, 0.0)
(25.973408, 28.579683, 0.0)
(25.944063, 28.500586, 0.0)
(25.939360, 28.542349, 0.0)
(25.930538, 28.531113, 0.0)
(25.916950, 28.505789, 0.0)
(25.929451, 28.536850, 0.0)
(25.929056, 28.539772, 0.0)
(25.932884, 28.556261, 0.0)
(25.911207, 28.476763, 0.0)
(25.537323, 27.459127, 0.0)
(25.347895, 26.466461, 0.0)
(25.312218, 26.330673, 0.0)
(25.291374, 26.292669, 0.0)
(25.290295, 26.218475, 0.0)
(25.311083, 26.188730, 0.0)
(25.310690, 26.164818, 0.0)
(25.344561, 26.112982, 0.0)
(25.368246, 26.029158, 0.0)
(25.410006, 25.987297, 0.0)
(25.392712, 25.655706, 0.0)
(25.530649, 23.778162, 0.0)
(25.506882, 23.630207, 0.0)
(25.495640, 23.630003, 0.0)
(25.478785, 23.610596, 0.0)
(25.357418, 23.441404, 0.0)
(25.051432, 21.172375, 0.0)
(24.976240, 21.062601, 0.0)
(24.988035, 21.040852, 0.0)
(24.930939, 21.023090, 0.0)
(24.729959, 20.265821, 0.0)
(24.591722, 19.102770, 0.0)
(24.524069, 19.144781, 0.0)
(24.464058, 19.185375, 0.0)
(24.419592, 19.196220, 0.0)
(24.394310, 19.183912, 0.0)
(24.385059, 19.193668, 0.0)
(24.379271, 19.191990, 0.0)
(24.347050, 19.210585, 0.0)
(24.319471, 19.176126, 0.0)
(24.217520, 19.428474, 0.0)
(24.208092, 19.490110, 0.0)
(24.197302, 19.477608, 0.0)
(24.191929, 19.484819, 0.0)
(24.166689, 19.488951, 0.0)
(24.146063, 19.504438, 0.0)
(24.131941, 19.519487, 0.0)
(24.078438, 19.571226, 0.0)
(24.010117, 19.651852, 0.0)
(23.440811, 20.397154, 0.0)
(23.402840, 20.522072, 0.0)
(23.383926, 20.540655, 0.0)
(23.336082, 20.555485, 0.0)
(23.322239, 20.576223, 0.0)
(23.620615, 21.489017, 0.0)
(24.330471, 23.114065, 0.0)
(24.295588, 23.203741, 0.0)
(24.308207, 23.693254, 0.0)
(24.488358, 24.112837, 0.0)
(24.486679, 24.401045, 0.0)
(24.467617, 24.625540, 0.0)
(24.442610, 24.818089, 0.0)
(24.455702, 24.878933, 0.0)
(24.454481, 24.916731, 0.0)
(24.462807, 24.970112, 0.0)
(24.478691, 24.971451, 0.0)
(24.475719, 24.993780, 0.0)
(25.149780, 27.173893, 0.0)
(25.401125, 28.643667, 0.0)
(25.286127, 28.849649, 0.0)
(25.196404, 28.842222, 0.0)
(25.139696, 28.951019, 0.0)
(25.129219, 28.998676, 0.0)
(25.083715, 29.088207, 0.0)
(25.076468, 29.110710, 0.0)
(25.067947, 29.134783, 0.0)
(25.037514, 29.185244, 0.0)
(25.036341, 29.170631, 0.0)
(25.044102, 29.144524, 0.0)
(24.988039, 29.155674, 0.0)
(24.791580, 28.826870, 0.0)
(24.767916, 28.833988, 0.0)
(24.769739, 28.884338, 0.0)
(24.776194, 28.915632, 0.0)
(24.764988, 29.012213, 0.0)
(24.720526, 29.004416, 0.0)
(24.757374, 29.006807, 0.0)
(25.084711, 29.538307, 0.0)
(25.291479, 29.943792, 0.0)
(25.226807, 30.004112, 0.0)
(25.195927, 30.063387, 0.0)
(25.194525, 30.087410, 0.0)
(25.242474, 30.106142, 0.0)
(25.433060, 30.935509, 0.0)
(25.406641, 31.081484, 0.0)
(25.361031, 31.085648, 0.0)
(25.334396, 31.117289, 0.0)
(25.295147, 31.163973, 0.0)
(25.301823, 31.192833, 0.0)
(25.278376, 31.208471, 0.0)
(25.253544, 31.248413, 0.0)
(25.003252, 31.575787, 0.0)
(24.943335, 31.630692, 0.0)
(24.925577, 31.650219, 0.0)
(24.877178, 31.633137, 0.0)
(24.871025, 31.530773, 0.0)
(24.895346, 31.466467, 0.0)
(24.882496, 31.407164, 0.0)
(24.765650, 30.786150, 0.0)
(24.520103, 29.631409, 0.0)
(24.448065, 29.536663, 0.0)
(24.420279, 29.478701, 0.0)
(24.410400, 29.424063, 0.0)
(24.373148, 29.361462, 0.0)
(24.368784, 29.240641, 0.0)
(24.374952, 29.194277, 0.0)
(24.345972, 29.143881, 0.0)
(23.940512, 28.220499, 0.0)
(23.842846, 27.611246, 0.0)
(23.859625, 27.517902, 0.0)
(23.832741, 27.445204, 0.0)
(23.832510, 27.335890, 0.0)
(23.839718, 27.236866, 0.0)
(23.865778, 27.175852, 0.0)
(23.777662, 26.850374, 0.0)
(23.538935, 25.669724, 0.0)
(23.489861, 25.603374, 0.0)
(23.442560, 25.600359, 0.0)
(23.399595, 25.543055, 0.0)
(23.363894, 25.496803, 0.0)
(23.397152, 25.424391, 0.0)
(23.358036, 25.259600, 0.0)
(23.153517, 23.668436, 0.0)
(23.084061, 23.564001, 0.0)
(23.027527, 23.593134, 0.0)
(23.013731, 23.576456, 0.0)
(22.809174, 21.682993, 0.0)
(22.767061, 21.158148, 0.0)
(22.722933, 21.107100, 0.0)
(22.692844, 21.159662, 0.0)
(22.657150, 21.172844, 0.0)
(22.637714, 21.177761, 0.0)
(22.668024, 21.162338, 0.0)
(22.679813, 21.153301, 0.0)
(22.676590, 21.122309, 0.0)
(22.686552, 21.094017, 0.0)
(22.687860, 21.053846, 0.0)
(22.695282, 21.022814, 0.0)
(22.701120, 21.010752, 0.0)
(22.702848, 21.002317, 0.0)
(22.684113, 21.003006, 0.0)
(22.694366, 21.027100, 0.0)
(22.686857, 21.018183, 0.0)
(22.681080, 21.025091, 0.0)
(22.686583, 21.040007, 0.0)
(22.689726, 21.068846, 0.0)
(22.689789, 21.056988, 0.0)
(22.638567, 21.089956, 0.0)
(22.499680, 21.616865, 0.0)
(22.453814, 23.361032, 0.0)
(22.444569, 23.633476, 0.0)
(22.419048, 23.666458, 0.0)
(22.413380, 23.781130, 0.0)
(22.399986, 23.891369, 0.0)
(22.388187, 23.988688, 0.0)
(22.395699, 24.063541, 0.0)
(22.357714, 24.182274, 0.0)
(22.363674, 24.182390, 0.0)
(22.303305, 24.223431, 0.0)
(22.387346, 24.929905, 0.0)
(22.769188, 26.403347, 0.0)
(22.863785, 27.093861, 0.0)
(22.923737, 26.757278, 0.0)
(22.829288, 26.521662, 0.0)
(22.789822, 26.673454, 0.0)
(22.808765, 26.785686, 0.0)
(22.802114, 26.870901, 0.0)
(22.799688, 26.898357, 0.0)
(22.776083, 26.942890, 0.0)
(22.759901, 27.239641, 0.0)
(24.060568, 31.162207, 0.0)
(23.580347, 29.083538, 0.0)
(23.515352, 28.941355, 0.0)
(23.495399, 29.114285, 0.0)
(23.466688, 29.243626, 0.0)
(23.515221, 29.219677, 0.0)
(23.646612, 29.983416, 0.0)
(23.977663, 30.933699, 0.0)
(23.988989, 31.026562, 0.0)
(23.954165, 31.111818, 0.0)
(23.913858, 31.167145, 0.0)
(23.911469, 31.216059, 0.0)
(23.880699, 31.233664, 0.0)
(23.887308, 31.247225, 0.0)
(23.907841, 31.318836, 0.0)
(23.873590, 31.374020, 0.0)
(23.841648, 31.405890, 0.0)
(23.839375, 31.406702, 0.0)
(24.119303, 32.039600, 0.0)
(24.168507, 32.152748, 0.0)
(24.145895, 32.165932, 0.0)
(24.141611, 32.172554, 0.0)
(24.128420, 32.176655, 0.0)
(24.130949, 32.192188, 0.0)
(24.129217, 32.181324, 0.0)
(24.116358, 32.188290, 0.0)
(24.113611, 32.209057, 0.0)
(24.114622, 32.245899, 0.0)
(24.098873, 32.247677, 0.0)
(24.122379, 32.217060, 0.0)
(24.191442, 32.530777, 0.0)
(24.226898, 32.587799, 0.0)
(24.215439, 32.606014, 0.0)
(24.209627, 32.607460, 0.0)
(24.212364, 32.620575, 0.0)
(24.220583, 32.660099, 0.0)
(24.196785, 32.677414, 0.0)
(24.200813, 32.650951, 0.0)
(24.194656, 32.663246, 0.0)
(24.168859, 32.688675, 0.0)
(24.145279, 32.715420, 0.0)
(24.120157, 32.727394, 0.0)
(24.134975, 32.736713, 0.0)
(24.140060, 32.735043, 0.0)
(24.146324, 32.721447, 0.0)
(24.146067, 32.682842, 0.0)
(24.019419, 32.718159, 0.0)
(24.101435, 32.525040, 0.0)
(24.120152, 32.519302, 0.0)
(24.116013, 32.519432, 0.0)
(24.087177, 32.511326, 0.0)
(24.089495, 32.526188, 0.0)
(24.098507, 32.517536, 0.0)
(24.100536, 32.500549, 0.0)
(24.103615, 32.668270, 0.0)
(24.199354, 32.783741, 0.0)
(24.198938, 32.792694, 0.0)
(24.168850, 32.819435, 0.0)
(24.129667, 32.859451, 0.0)
(24.126757, 32.857170, 0.0)
(24.143999, 32.859554, 0.0)
(24.151379, 32.858723, 0.0)
(24.151505, 32.848721, 0.0)
(24.163206, 32.840927, 0.0)
(24.162178, 32.830849, 0.0)
(24.175316, 32.854824, 0.0)
(24.209249, 32.828075, 0.0)
(24.181778, 32.792404, 0.0)
(24.180618, 32.751133, 0.0)
(24.152691, 32.280468, 0.0)
