(34.055691, 29.086174, 0.0)
(34.011005, 28.251863, 0.0)
(34.113724, 28.086760, 0.0)
(34.153404, 28.077923, 0.0)
(34.150547, 28.099108, 0.0)
(34.364933, 27.943804, 0.0)
(34.564075, 27.743879, 0.0)
(34.543102, 27.725246, 0.0)
(34.501453, 27.661272, 0.0)
(34.500027, 27.597527, 0.0)
(34.481911, 27.615236, 0.0)
(34.510441, 27.653891, 0.0)
(34.493156, 27.622145, 0.0)
(34.507412, 27.613405, 0.0)
(34.526905, 27.574623, 0.0)
(34.528671, 27.596149, 0.0)
(34.572350, 27.591518, 0.0)
(34.591377, 27.593643, 0.0)
(34.610519, 27.583326, 0.0)
(34.609066, 27.553474, 0.0)
(34.624828, 27.543655, 0.0)
(34.659164, 27.560518, 0.0)
(34.652348, 27.573242, 0.0)
(34.696407, 27.624384, 0.0)
(34.726921, 27.683357, 0.0)
(34.787598, 27.700413, 0.0)
(34.776554, 27.689287, 0.0)
(34.759342, 27.644148, 0.0)
(34.778576, 27.608860, 0.0)
(34.758247, 27.646202, 0.0)
(34.730633, 27.688770, 0.0)
(34.712261, 27.670654, 0.0)
(34.691013, 27.667620, 0.0)
(34.690807, 27.621391, 0.0)
(34.683792, 27.574484, 0.0)
(34.690323, 27.539637, 0.0)
(34.673256, 27.509649, 0.0)
(34.672707, 27.503139, 0.0)
(34.678730, 27.524296, 0.0)
(34.674515, 27.566633, 0.0)
(34.674767, 27.565777, 0.0)
(34.672707, 27.605892, 0.0)
(34.683659, 27.664089, 0.0)
(34.702534, 27.672485, 0.0)
(34.719868, 27.655180, 0.0)
(34.690990, 27.632746, 0.0)
(34.669662, 27.647293, 0.0)
(34.679241, 27.694408, 0.0)
(34.711029, 27.766989, 0.0)
(34.697842, 27.793859, 0.0)
(34.698719, 27.813185, 0.0)
(34.679924, 27.807188, 0.0)
(34.683937, 27.753296, 0.0)
(34.674728, 27.626289, 0.0)
(34.658257, 27.554003, 0.0)
(34.648029, 27.483637, 0.0)
(34.674595, 27.495693, 0.0)
(34.651958, 27.582170, 0.0)
(34.552345, 27.752991, 0.0)
(34.576576, 27.772078, 0.0)
(34.594261, 27.734369, 0.0)
(34.607967, 27.644800, 0.0)
(34.619869, 27.563160, 0.0)
(34.614094, 27.546301, 0.0)
(34.614094, 27.555695, 0.0)
(34.631775, 27.635767, 0.0)
(34.660564, 27.759748, 0.0)
(34.625984, 27.724724, 0.0)
(34.635128, 27.706373, 0.0)
(34.625423, 27.682531, 0.0)
(34.651520, 27.622568, 0.0)
(34.677402, 27.607386, 0.0)
(34.646252, 27.609949, 0.0)
(34.625992, 27.558378, 0.0)
(34.602947, 27.564266, 0.0)
(34.591557, 27.536116, 0.0)
(34.577877, 27.544437, 0.0)
(34.568577, 27.596949, 0.0)
(34.563873, 27.607990, 0.0)
(34.565624, 27.609167, 0.0)
(34.578770, 27.643002, 0.0)
(34.598660, 27.628307, 0.0)
(34.556538, 27.566759, 0.0)
(34.564823, 27.534798, 0.0)
(34.595303, 27.576088, 0.0)
(34.651615, 27.669678, 0.0)
(34.638981, 27.721046, 0.0)
(34.608524, 27.730694, 0.0)
(34.620724, 27.708445, 0.0)
(34.617874, 27.735809, 0.0)
(34.630383, 27.773962, 0.0)
(34.632462, 27.814665, 0.0)
(34.618496, 27.829567, 0.0)
(34.128635, 29.534065, 0.0)
(34.635540, 29.326042, 0.0)
(34.551613, 28.296862, 0.0)
(34.484364, 27.770605, 0.0)
(34.453709, 27.597731, 0.0)
(34.462997, 27.575788, 0.0)
(34.475231, 27.638954, 0.0)
(34.487392, 27.669930, 0.0)
(34.486546, 27.734238, 0.0)
(34.527695, 27.773708, 0.0)
(34.568943, 27.825270, 0.0)
(34.618877, 27.862667, 0.0)
(34.646908, 27.935610, 0.0)
(34.636421, 27.919958, 0.0)
(34.605640, 27.901274, 0.0)
(34.614616, 27.969498, 0.0)
(34.620785, 28.030828, 0.0)
(34.601360, 28.092127, 0.0)
(34.605206, 28.140289, 0.0)
(34.634529, 28.184975, 0.0)
(34.590508, 28.127148, 0.0)
(34.602886, 27.982912, 0.0)
(34.555714, 27.853405, 0.0)
(34.557793, 27.851627, 0.0)
(34.587254, 27.935102, 0.0)
(34.572964, 28.104591, 0.0)
(34.548206, 28.119787, 0.0)
(34.547108, 28.118813, 0.0)
(34.569782, 28.063936, 0.0)
(34.698872, 28.151628, 0.0)
(34.693962, 28.136953, 0.0)
(34.707878, 28.298819, 0.0)
(34.712326, 28.320292, 0.0)
(34.720428, 28.366114, 0.0)
(34.791397, 28.410408, 0.0)
(34.799690, 28.382637, 0.0)
(34.769512, 28.340872, 0.0)
(34.748528, 28.323343, 0.0)
(34.755367, 28.335018, 0.0)
(34.757721, 28.355192, 0.0)
(34.740860, 28.357235, 0.0)
(34.747906, 28.366459, 0.0)
(34.746670, 28.454845, 0.0)
(34.628914, 29.833994, 0.0)
(34.893932, 29.774914, 0.0)
(34.848427, 28.836107, 0.0)
(34.790516, 28.256477, 0.0)
(34.845417, 28.116043, 0.0)
(34.840164, 28.074902, 0.0)
(34.835526, 28.072269, 0.0)
(34.828884, 28.060898, 0.0)
(34.830284, 28.071154, 0.0)
(34.849812, 28.075476, 0.0)
(34.846230, 28.054235, 0.0)
(34.849701, 28.038883, 0.0)
(34.858967, 27.961103, 0.0)
(34.892197, 27.971922, 0.0)
(34.899776, 28.026981, 0.0)
(34.913433, 28.013384, 0.0)
(34.910000, 27.952499, 0.0)
(34.920818, 27.924305, 0.0)
(34.933250, 27.892080, 0.0)
(34.930508, 27.918493, 0.0)
(34.902153, 27.941874, 0.0)
(34.878933, 28.076035, 0.0)
(34.888634, 28.084152, 0.0)
(34.886806, 28.101038, 0.0)
(34.919563, 28.093090, 0.0)
(34.900692, 28.068848, 0.0)
(34.916119, 28.067240, 0.0)
(34.932041, 28.056166, 0.0)
(34.944077, 28.090244, 0.0)
(34.916924, 28.012968, 0.0)
(34.920185, 27.999811, 0.0)
(34.933807, 28.060545, 0.0)
(34.965790, 28.066433, 0.0)
(34.935387, 28.075661, 0.0)
(34.808754, 28.172403, 0.0)
(34.179111, 28.108265, 0.0)
(34.113678, 28.066936, 0.0)
(34.106216, 28.087204, 0.0)
(34.105198, 28.104759, 0.0)
(33.898880, 28.229853, 0.0)
(30.408216, 30.739418, 0.0)
(27.731400, 33.063503, 0.0)
(27.368099, 33.143818, 0.0)
(27.293922, 33.141354, 0.0)
(27.219730, 33.169231, 0.0)
(27.163780, 33.171017, 0.0)
(27.154461, 33.172897, 0.0)
(27.134497, 33.111557, 0.0)
(27.508518, 31.487247, 0.0)
(29.517040, 27.477036, 0.0)
(29.768139, 26.470074, 0.0)
(29.756449, 26.053493, 0.0)
(33.214096, 25.723314, 0.0)
(37.584843, 25.900351, 0.0)
(37.586971, 25.940958, 0.0)
(37.549995, 25.969950, 0.0)
(37.508320, 25.983976, 0.0)
(37.497036, 25.963259, 0.0)
(37.516155, 26.027790, 0.0)
(37.540409, 26.035704, 0.0)
(37.527386, 26.053335, 0.0)
(37.538452, 26.084064, 0.0)
(37.553547, 26.111889, 0.0)
(37.573700, 26.139286, 0.0)
(39.485058, 25.995789, 0.0)
(39.571262, 25.945202, 0.0)
(39.514259, 25.932930, 0.0)
(39.502796, 26.022427, 0.0)
(39.523018, 26.106888, 0.0)
(40.909077, 25.620432, 0.0)
(41.460705, 25.436014, 0.0)
(41.488247, 25.332649, 0.0)
(41.462746, 25.271343, 0.0)
(41.905201, 25.091656, 0.0)
(42.141468, 24.918343, 0.0)
(42.101379, 24.821280, 0.0)
(42.088787, 24.787731, 0.0)
(42.060993, 24.754681, 0.0)
(42.018639, 24.680691, 0.0)
(41.337719, 25.748323, 0.0)
(40.425346, 26.930624, 0.0)
(40.196484, 25.975983, 0.0)
(40.237698, 25.662371, 0.0)
(40.287380, 25.660038, 0.0)
(40.289101, 25.665817, 0.0)
(40.301964, 25.630991, 0.0)
(40.320625, 25.629526, 0.0)
(40.332298, 25.647236, 0.0)
(40.307178, 25.655247, 0.0)
(40.325420, 25.689119, 0.0)
(40.315388, 25.695286, 0.0)
(40.343037, 25.742657, 0.0)
(40.361404, 25.763359, 0.0)
(40.363411, 25.767719, 0.0)
(40.358448, 25.761427, 0.0)
(40.958805, 25.444054, 0.0)
(41.522186, 25.178930, 0.0)
(41.524231, 25.143715, 0.0)
(41.462242, 25.131893, 0.0)
(41.440430, 25.101673, 0.0)
(41.419407, 25.140810, 0.0)
(37.676495, 25.967150, 0.0)
(33.516277, 27.404547, 0.0)
(28.212896, 33.086380, 0.0)
(27.179834, 32.649376, 0.0)
(27.103491, 32.072315, 0.0)
(26.975170, 31.878666, 0.0)
(26.932213, 31.873264, 0.0)
(26.617081, 33.223171, 0.0)
(26.525249, 33.413258, 0.0)
(26.494390, 33.405388, 0.0)
(26.458479, 33.357510, 0.0)
(26.442978, 33.355026, 0.0)
(26.435774, 33.351711, 0.0)
(26.419958, 33.324482, 0.0)
(26.399830, 33.273167, 0.0)
(26.369247, 33.267616, 0.0)
(26.389591, 33.344059, 0.0)
(26.350258, 33.313110, 0.0)
(26.350201, 33.285866, 0.0)
(26.339138, 33.250172, 0.0)
(26.361979, 33.227123, 0.0)
(26.347450, 33.242313, 0.0)
(26.538074, 32.797638, 0.0)
(27.693674, 30.985472, 0.0)
(27.685684, 30.981472, 0.0)
(27.622057, 31.025913, 0.0)
(27.617044, 31.082756, 0.0)
(27.593176, 31.152269, 0.0)
(27.597290, 31.164619, 0.0)
(27.593699, 31.166456, 0.0)
(27.597614, 31.179729, 0.0)
(27.588873, 31.184616, 0.0)
(27.569061, 31.179329, 0.0)
(27.553181, 31.190359, 0.0)
(27.667620, 30.418987, 0.0)
(27.186710, 27.737261, 0.0)
(25.923744, 25.349298, 0.0)
(25.588087, 24.879122, 0.0)
(25.490536, 24.820332, 0.0)
(25.452921, 24.773510, 0.0)
(25.439243, 24.737375, 0.0)
(25.176504, 24.772104, 0.0)
(25.124432, 24.759373, 0.0)
(25.149616, 24.743328, 0.0)
(25.130203, 24.705341, 0.0)
(25.116028, 24.657665, 0.0)
(25.104383, 24.655777, 0.0)
(25.083767, 24.577015, 0.0)
(27.412647, 27.666580, 0.0)
(27.425034, 26.415749, 0.0)
(27.425819, 26.191362, 0.0)
(27.387897, 26.133856, 0.0)
(27.371685, 26.139389, 0.0)
(27.391758, 26.118219, 0.0)
(27.383196, 26.090071, 0.0)
(27.397322, 26.079288, 0.0)
(27.390985, 26.082878, 0.0)
(27.394220, 26.111904, 0.0)
(27.417318, 26.157791, 0.0)
(27.420734, 26.156654, 0.0)
(27.421923, 26.131981, 0.0)
(27.407009, 26.107407, 0.0)
(27.435942, 26.135706, 0.0)
(27.446545, 26.151819, 0.0)
(27.440247, 26.135586, 0.0)
(27.495451, 26.141031, 0.0)
(32.789326, 27.115891, 0.0)
(34.783230, 28.117260, 0.0)
(34.745808, 28.141560, 0.0)
(34.651749, 28.130831, 0.0)
(34.592300, 29.011332, 0.0)
(0.000000, 0.000000, 1.0)
(34.800613, 28.745377, 0.0)
(34.668118, 28.014677, 0.0)
(34.632519, 27.726557, 0.0)
(34.608925, 27.708654, 0.0)
(34.645447, 27.769978, 0.0)
(34.665070, 27.828873, 0.0)
(34.703075, 27.826464, 0.0)
(34.682259, 27.812325, 0.0)
(34.671299, 27.727655, 0.0)
(34.617367, 27.654535, 0.0)
(34.636528, 27.673708, 0.0)
(34.643768, 27.712954, 0.0)
(34.639408, 27.801809, 0.0)
(34.621853, 27.851156, 0.0)
(34.627022, 27.889650, 0.0)
(34.644623, 27.883760, 0.0)
(34.646011, 27.881657, 0.0)
(34.664642, 27.931753, 0.0)
(34.669384, 28.060884, 0.0)
(34.660763, 28.140970, 0.0)
(34.693211, 28.279156, 0.0)
(34.722069, 28.385437, 0.0)
(34.697796, 28.389816, 0.0)
(34.701237, 28.415562, 0.0)
(34.713951, 28.425619, 0.0)
(34.722553, 28.475977, 0.0)
(34.732224, 28.487448, 0.0)
(34.684765, 28.503620, 0.0)
(34.674629, 28.560959, 0.0)
(34.683460, 28.638199, 0.0)
(31.904671, 30.141499, 0.0)
(28.428089, 33.384327, 0.0)
(27.729153, 34.153900, 0.0)
(27.599667, 34.088398, 0.0)
(27.561617, 34.031895, 0.0)
(26.968103, 34.199497, 0.0)
(26.716064, 34.123695, 0.0)
(26.681887, 34.136772, 0.0)
(26.758368, 34.115795, 0.0)
(29.028202, 33.893894, 0.0)
(29.086941, 33.906548, 0.0)
(29.072218, 33.846470, 0.0)
(29.201702, 33.832527, 0.0)
(31.160503, 33.542137, 0.0)
(31.342110, 33.479931, 0.0)
(31.527225, 33.406593, 0.0)
(31.829580, 33.354706, 0.0)
(33.081333, 33.387951, 0.0)
(33.537521, 33.328976, 0.0)
(33.765095, 33.282692, 0.0)
(33.969669, 33.219715, 0.0)
(34.191025, 33.158596, 0.0)
(36.127945, 33.015663, 0.0)
(36.697758, 32.981453, 0.0)
(36.818626, 32.975540, 0.0)
(36.923801, 32.964886, 0.0)
(37.017426, 32.949257, 0.0)
(37.120205, 32.985748, 0.0)
(37.278568, 32.952686, 0.0)
(37.960297, 32.912411, 0.0)
(38.947922, 32.576813, 0.0)
(39.064720, 32.512341, 0.0)
(39.074379, 32.421398, 0.0)
(39.112675, 32.363213, 0.0)
(39.213211, 32.371433, 0.0)
(39.295189, 32.324417, 0.0)
(39.348141, 32.225067, 0.0)
(39.386681, 32.192490, 0.0)
(39.671227, 32.126904, 0.0)
(40.509624, 31.694912, 0.0)
(40.628075, 31.606600, 0.0)
(40.642876, 31.545033, 0.0)
(40.681370, 31.486732, 0.0)
(40.700504, 31.406971, 0.0)
(40.706596, 31.333853, 0.0)
(40.713497, 31.287010, 0.0)
(40.715996, 31.251223, 0.0)
(40.724831, 31.254581, 0.0)
(40.685421, 31.260111, 0.0)
(40.676453, 31.211260, 0.0)
(40.675949, 31.241085, 0.0)
(40.701847, 31.283140, 0.0)
(40.689224, 31.245081, 0.0)
(40.671600, 31.207098, 0.0)
(40.678726, 31.166019, 0.0)
(40.694344, 31.162657, 0.0)
(40.685955, 31.162752, 0.0)
(40.680454, 31.201872, 0.0)
(39.761616, 31.580345, 0.0)
(39.320087, 32.125591, 0.0)
(39.189739, 32.211021, 0.0)
(39.068825, 32.196667, 0.0)
(38.820023, 32.164310, 0.0)
(37.514240, 32.508846, 0.0)
(36.924622, 32.569180, 0.0)
(36.670631, 32.580833, 0.0)
(36.419506, 32.582191, 0.0)
(36.256310, 32.567348, 0.0)
(36.121532, 32.620243, 0.0)
(34.834957, 32.918179, 0.0)
(33.121826, 32.890186, 0.0)
(32.934036, 32.888439, 0.0)
(32.868374, 32.859474, 0.0)
(32.765350, 32.853214, 0.0)
(32.641281, 32.828876, 0.0)
(30.886909, 33.041294, 0.0)
(30.040117, 32.799431, 0.0)
(29.963669, 32.718914, 0.0)
(29.899734, 32.658344, 0.0)
(29.852657, 32.670330, 0.0)
(29.787235, 32.669998, 0.0)
(29.741093, 32.682175, 0.0)
(29.732288, 32.678371, 0.0)
(29.724115, 32.698242, 0.0)
(29.689541, 32.681927, 0.0)
(29.632782, 32.722782, 0.0)
(29.638288, 32.822350, 0.0)
(29.567814, 32.910278, 0.0)
(29.518068, 32.955761, 0.0)
(29.447636, 32.924061, 0.0)
(27.533701, 33.557800, 0.0)
(26.506205, 33.658073, 0.0)
(26.383347, 33.630100, 0.0)
(26.349989, 33.588390, 0.0)
(26.317873, 33.604061, 0.0)
(26.321404, 33.630798, 0.0)
(26.306671, 33.629868, 0.0)
(26.336742, 33.604336, 0.0)
(26.339447, 33.540756, 0.0)
(26.312946, 33.495007, 0.0)
(26.339399, 33.479000, 0.0)
(26.317043, 33.426575, 0.0)
(26.300802, 33.366058, 0.0)
(28.923010, 32.507320, 0.0)
(31.858725, 31.889448, 0.0)
(33.184269, 31.973892, 0.0)
(35.187794, 32.068180, 0.0)
(35.247936, 31.982149, 0.0)
(35.221405, 31.889830, 0.0)
(35.252308, 31.878176, 0.0)
(35.262840, 31.842525, 0.0)
(35.284054, 31.825747, 0.0)
(35.303669, 31.856201, 0.0)
(35.367218, 31.795734, 0.0)
(35.407043, 31.825426, 0.0)
(35.407673, 31.827915, 0.0)
(35.410854, 31.807880, 0.0)
(35.444878, 31.818367, 0.0)
(35.447159, 31.789799, 0.0)
(35.488499, 31.786402, 0.0)
(35.534256, 31.769312, 0.0)
(36.001038, 31.752764, 0.0)
(38.920319, 31.956396, 0.0)
(39.817101, 31.929934, 0.0)
(40.405407, 31.936617, 0.0)
(40.901291, 31.784580, 0.0)
(40.949894, 31.635406, 0.0)
(40.930016, 31.596434, 0.0)
(40.921253, 31.590542, 0.0)
(40.932747, 31.611097, 0.0)
(40.924606, 31.598028, 0.0)
(40.921623, 31.601748, 0.0)
(40.922100, 31.585299, 0.0)
(40.940269, 31.544102, 0.0)
(40.940136, 31.537968, 0.0)
(40.928860, 31.550604, 0.0)
(40.943157, 31.578920, 0.0)
(40.955650, 31.605995, 0.0)
(40.609749, 31.654039, 0.0)
(39.559380, 31.506691, 0.0)
(39.596771, 31.524185, 0.0)
(39.682785, 31.547279, 0.0)
(39.771252, 31.544514, 0.0)
(39.845665, 31.524103, 0.0)
(39.891201, 31.511803, 0.0)
(39.942062, 31.479160, 0.0)
(39.986874, 31.481617, 0.0)
(40.014954, 31.499523, 0.0)
(40.050816, 31.487841, 0.0)
(40.046043, 31.493368, 0.0)
(40.041451, 31.489351, 0.0)
(40.032253, 31.483854, 0.0)
(40.010517, 31.438587, 0.0)
(40.000404, 31.429224, 0.0)
(39.965641, 31.415714, 0.0)
(39.967453, 31.384615, 0.0)
(39.978237, 31.378443, 0.0)
(39.938801, 31.320721, 0.0)
(39.927528, 31.314810, 0.0)
(39.942947, 31.345509, 0.0)
(39.918163, 31.376204, 0.0)
(39.851936, 31.327459, 0.0)
(39.822136, 31.245733, 0.0)
(39.732067, 31.229048, 0.0)
(38.372028, 31.586637, 0.0)
(30.043522, 34.504074, 0.0)
(30.138399, 32.604103, 0.0)
(30.062593, 31.930843, 0.0)
(30.280146, 31.675077, 0.0)
(35.129692, 31.588150, 0.0)
(35.640923, 31.579430, 0.0)
(35.555889, 31.620180, 0.0)
(35.470253, 31.661366, 0.0)
(35.398937, 31.679319, 0.0)
(35.293674, 31.698881, 0.0)
(35.180862, 31.688957, 0.0)
(35.064838, 31.763395, 0.0)
(34.920712, 31.812782, 0.0)
(34.126354, 31.874268, 0.0)
(32.555779, 31.840441, 0.0)
(32.378830, 31.826288, 0.0)
(32.242249, 31.793613, 0.0)
(32.072735, 31.746777, 0.0)
(31.938210, 31.752417, 0.0)
(31.766600, 31.768347, 0.0)
(31.057491, 31.888237, 0.0)
(29.304012, 31.801998, 0.0)
(29.169590, 31.767162, 0.0)
(29.024017, 31.748058, 0.0)
(28.900751, 31.679729, 0.0)
(28.793165, 31.603983, 0.0)
(28.697329, 31.597414, 0.0)
(28.325581, 31.634525, 0.0)
(26.447147, 32.019608, 0.0)
(26.413609, 32.056248, 0.0)
(26.335913, 32.132336, 0.0)
(26.279346, 32.069672, 0.0)
(26.256031, 32.016796, 0.0)
(26.224485, 31.915693, 0.0)
(26.180401, 31.841381, 0.0)
(26.153170, 31.752274, 0.0)
(26.120243, 31.739180, 0.0)
(26.081076, 31.679157, 0.0)
(26.076654, 31.636755, 0.0)
(26.087753, 31.606401, 0.0)
(26.040741, 31.535158, 0.0)
(25.850164, 31.286306, 0.0)
(25.865347, 31.210403, 0.0)
(25.903872, 31.190697, 0.0)
(25.982006, 31.049627, 0.0)
(26.073532, 30.900692, 0.0)
(27.825119, 30.507311, 0.0)
(28.014462, 30.492634, 0.0)
(28.202883, 30.489058, 0.0)
(28.381714, 30.471876, 0.0)
(28.593489, 30.412813, 0.0)
(28.742956, 30.385340, 0.0)
(29.102119, 30.281319, 0.0)
(29.430054, 30.242809, 0.0)
(29.881792, 30.226803, 0.0)
(33.105995, 30.043911, 0.0)
(33.467899, 30.133539, 0.0)
(33.678116, 30.179230, 0.0)
(33.866150, 30.198416, 0.0)
(34.050377, 30.206970, 0.0)
(34.293522, 30.221529, 0.0)
(34.471100, 30.280769, 0.0)
(34.648449, 30.258411, 0.0)
(34.878498, 30.275095, 0.0)
(35.084587, 30.268358, 0.0)
(35.262707, 30.282234, 0.0)
(35.510895, 30.320967, 0.0)
(35.746918, 30.310509, 0.0)
(36.043728, 30.240501, 0.0)
(36.265648, 30.212893, 0.0)
(37.938080, 30.195599, 0.0)
(38.250408, 30.147934, 0.0)
(38.372742, 30.166586, 0.0)
(38.542618, 30.148193, 0.0)
(38.707741, 30.191315, 0.0)
(38.915138, 30.177977, 0.0)
(39.107655, 30.149223, 0.0)
(39.364460, 30.082903, 0.0)
(39.622974, 30.033430, 0.0)
(39.763706, 29.989519, 0.0)
(39.986649, 29.949770, 0.0)
(40.814064, 29.776917, 0.0)
(40.865223, 29.733768, 0.0)
(40.860577, 29.684366, 0.0)
(40.865173, 29.726254, 0.0)
(40.899559, 29.772568, 0.0)
(40.883183, 29.745071, 0.0)
(40.852921, 29.673800, 0.0)
(40.831486, 29.637489, 0.0)
(40.825916, 29.608826, 0.0)
(40.835049, 29.608124, 0.0)
(40.815193, 29.630360, 0.0)
(40.783405, 29.624020, 0.0)
(40.778770, 29.611189, 0.0)
(40.759415, 29.581873, 0.0)
(40.743801, 29.584600, 0.0)
(40.736073, 29.585125, 0.0)
(40.707733, 29.558857, 0.0)
(40.684483, 29.575502, 0.0)
(40.680946, 29.557938, 0.0)
(40.636181, 29.532562, 0.0)
(40.589420, 29.465502, 0.0)
(40.585449, 29.475044, 0.0)
(40.526447, 29.494431, 0.0)
(40.423435, 29.485983, 0.0)
(40.170254, 29.481211, 0.0)
(38.947567, 29.596508, 0.0)
(38.646099, 29.598890, 0.0)
(38.397346, 29.570244, 0.0)
(38.172928, 29.584396, 0.0)
(37.946632, 29.609531, 0.0)
(37.654266, 29.655228, 0.0)
(37.262650, 29.744362, 0.0)
(37.020420, 29.767813, 0.0)
(36.732044, 29.750298, 0.0)
(36.361580, 29.741152, 0.0)
(34.874237, 29.789812, 0.0)
(34.505707, 29.760935, 0.0)
(34.236855, 29.779596, 0.0)
(33.891605, 29.794075, 0.0)
(33.607491, 29.782616, 0.0)
(33.302689, 29.824800, 0.0)
(31.328039, 29.755964, 0.0)
(30.919004, 29.745441, 0.0)
(30.700375, 29.692860, 0.0)
(30.447580, 29.680855, 0.0)
(30.187040, 29.659626, 0.0)
(29.900749, 29.670048, 0.0)
(29.688948, 29.704079, 0.0)
(29.511639, 29.706446, 0.0)
(29.344917, 29.728262, 0.0)
(27.468454, 30.225504, 0.0)
(26.857195, 30.228716, 0.0)
(26.658506, 30.242147, 0.0)
(26.582409, 30.263201, 0.0)
(26.481981, 30.306528, 0.0)
(26.398085, 30.327686, 0.0)
(26.343460, 30.314569, 0.0)
(26.229149, 30.246386, 0.0)
(25.689838, 30.390978, 0.0)
(25.436558, 30.469442, 0.0)
(25.364410, 30.494844, 0.0)
(25.254576, 30.487911, 0.0)
(25.187979, 30.460176, 0.0)
(25.152937, 30.444576, 0.0)
(25.142530, 30.409359, 0.0)
(25.095707, 30.393188, 0.0)
(25.131323, 30.378323, 0.0)
(25.173515, 30.349419, 0.0)
(25.282461, 30.268419, 0.0)
(25.459055, 30.193932, 0.0)
(26.715502, 29.967070, 0.0)
(27.090204, 29.911961, 0.0)
(27.286108, 29.804529, 0.0)
(27.518953, 29.726534, 0.0)
(27.776436, 29.686016, 0.0)
(28.027418, 29.562025, 0.0)
(28.319895, 29.426760, 0.0)
(28.632513, 29.425163, 0.0)
(29.048176, 29.440714, 0.0)
(29.443354, 29.375227, 0.0)
(29.838270, 29.251637, 0.0)
(30.308289, 29.132595, 0.0)
(30.788406, 29.056162, 0.0)
(32.787189, 28.825705, 0.0)
(33.277260, 28.831190, 0.0)
(33.533161, 28.853014, 0.0)
(33.807537, 28.849497, 0.0)
(34.083603, 28.832661, 0.0)
(34.420052, 28.806843, 0.0)
(34.684902, 28.798498, 0.0)
(34.956467, 28.758938, 0.0)
(35.231861, 28.789591, 0.0)
(36.815708, 28.658598, 0.0)
(37.096905, 28.649435, 0.0)
(37.214184, 28.575800, 0.0)
(37.380413, 28.547827, 0.0)
(37.600014, 28.561272, 0.0)
(37.755535, 28.657398, 0.0)
(37.921532, 28.632990, 0.0)
(38.163284, 28.630920, 0.0)
(38.356773, 28.610888, 0.0)
(39.677479, 28.632355, 0.0)
(40.141468, 28.624315, 0.0)
(40.169041, 28.639843, 0.0)
(40.787304, 28.762632, 0.0)
(41.177475, 28.841116, 0.0)
(41.274807, 28.868540, 0.0)
(41.261379, 28.856005, 0.0)
(41.287792, 28.839428, 0.0)
(41.335979, 28.820467, 0.0)
(41.371063, 28.872934, 0.0)
(41.402931, 28.846069, 0.0)
(41.431255, 28.836813, 0.0)
(41.451447, 28.815624, 0.0)
(41.475639, 28.782143, 0.0)
(41.479664, 28.796680, 0.0)
(41.483086, 28.815178, 0.0)
(41.390965, 28.807352, 0.0)
(41.275543, 28.779556, 0.0)
(41.224472, 28.770716, 0.0)
(41.134502, 28.763849, 0.0)
(41.094971, 28.742359, 0.0)
(41.055614, 28.746136, 0.0)
(40.957439, 28.745052, 0.0)
(40.858829, 28.726452, 0.0)
(39.338444, 28.803349, 0.0)
(39.065212, 28.774643, 0.0)
(38.744659, 28.763409, 0.0)
(38.372410, 28.726944, 0.0)
(38.096149, 28.737877, 0.0)
(37.855095, 28.754759, 0.0)
(37.601906, 28.737829, 0.0)
(37.351597, 28.710827, 0.0)
(37.100727, 28.706347, 0.0)
(36.906971, 28.774630, 0.0)
(36.721916, 28.857323, 0.0)
(36.458481, 28.876104, 0.0)
(36.280689, 28.835962, 0.0)
(36.044510, 28.849051, 0.0)
(35.773785, 28.854776, 0.0)
(35.505756, 28.897554, 0.0)
(33.278099, 28.940228, 0.0)
(32.920742, 28.953714, 0.0)
(32.622162, 29.017397, 0.0)
(32.265701, 29.018200, 0.0)
(31.872492, 29.006678, 0.0)
(30.112457, 29.134905, 0.0)
(29.252184, 29.167713, 0.0)
(28.902445, 29.198383, 0.0)
(28.635521, 29.244940, 0.0)
(28.428429, 29.225645, 0.0)
(28.249958, 29.256472, 0.0)
(28.114874, 29.259371, 0.0)
(28.043592, 29.271925, 0.0)
(27.923916, 29.323807, 0.0)
(27.798388, 29.288563, 0.0)
(27.739603, 29.258465, 0.0)
(27.615280, 29.271582, 0.0)
(27.561592, 29.210522, 0.0)
(27.468584, 29.243595, 0.0)
(25.799580, 29.676657, 0.0)
(25.101574, 29.838850, 0.0)
(24.973946, 29.876001, 0.0)
(24.926762, 29.862648, 0.0)
(24.890572, 29.840849, 0.0)
(24.837248, 29.863590, 0.0)
(24.816114, 29.855101, 0.0)
(24.774918, 29.815331, 0.0)
(24.758146, 29.801115, 0.0)
(24.715384, 29.779104, 0.0)
(24.693642, 29.677071, 0.0)
(24.772532, 29.678917, 0.0)
(25.033726, 29.605330, 0.0)
(27.879805, 28.503817, 0.0)
(28.102407, 28.335503, 0.0)
(28.224173, 28.169649, 0.0)
(28.474035, 28.069447, 0.0)
(28.635485, 27.961523, 0.0)
(28.803911, 27.879499, 0.0)
(28.971075, 27.820190, 0.0)
(29.211048, 27.808022, 0.0)
(29.452477, 27.756018, 0.0)
(29.726774, 27.725786, 0.0)
(30.059034, 27.628897, 0.0)
(30.397604, 27.555975, 0.0)
(30.646528, 27.540379, 0.0)
(31.046648, 27.521317, 0.0)
(31.364494, 27.478603, 0.0)
(31.643246, 27.418253, 0.0)
(31.973673, 27.343647, 0.0)
(32.272614, 27.325966, 0.0)
(32.682579, 27.365269, 0.0)
(33.541481, 27.438236, 0.0)
(35.246426, 27.415644, 0.0)
(35.560780, 27.418905, 0.0)
(35.755001, 27.417418, 0.0)
(35.954060, 27.397383, 0.0)
(36.111473, 27.454144, 0.0)
(36.232944, 27.526194, 0.0)
(36.362419, 27.528395, 0.0)
(36.498714, 27.583830, 0.0)
(37.714287, 27.597408, 0.0)
(39.230129, 27.714182, 0.0)
(39.477985, 27.757252, 0.0)
(39.562340, 27.791609, 0.0)
(39.650993, 27.852453, 0.0)
(39.786350, 27.874777, 0.0)
(39.865616, 27.822128, 0.0)
(40.188103, 27.902912, 0.0)
(41.950832, 28.379850, 0.0)
(42.145813, 28.433853, 0.0)
(42.174686, 28.506596, 0.0)
(42.194084, 28.434351, 0.0)
(42.257950, 28.360420, 0.0)
(42.326073, 28.303076, 0.0)
(42.378445, 28.273073, 0.0)
(42.374756, 28.239676, 0.0)
(42.362396, 28.271765, 0.0)
(42.354393, 28.254040, 0.0)
(42.391972, 28.212627, 0.0)
(42.409214, 28.196835, 0.0)
(42.421307, 28.154516, 0.0)
(42.439037, 28.139492, 0.0)
(42.506805, 28.148731, 0.0)
(42.563660, 28.133211, 0.0)
(42.592030, 28.110416, 0.0)
(42.546013, 28.080133, 0.0)
(42.485939, 28.003864, 0.0)
(42.517242, 28.030916, 0.0)
(42.454235, 28.029276, 0.0)
(41.761314, 27.768219, 0.0)
(41.679802, 27.647156, 0.0)
(41.569454, 27.628027, 0.0)
(41.385292, 27.607744, 0.0)
(41.184246, 27.547766, 0.0)
(40.894062, 27.548672, 0.0)
(40.577621, 27.503845, 0.0)
(40.262379, 27.452078, 0.0)
(39.936867, 27.407295, 0.0)
(39.550037, 27.379532, 0.0)
(37.773540, 27.275595, 0.0)
(37.338707, 27.346664, 0.0)
(36.956409, 27.373886, 0.0)
(36.663712, 27.390800, 0.0)
(36.364902, 27.372208, 0.0)
(32.698185, 27.669676, 0.0)
(30.264143, 28.269489, 0.0)
(30.073175, 27.767654, 0.0)
(29.994362, 27.274010, 0.0)
(29.899401, 27.006212, 0.0)
(29.852299, 26.936331, 0.0)
(29.778275, 26.923162, 0.0)
(29.633503, 26.983444, 0.0)
(31.176996, 27.327972, 0.0)
(31.263584, 27.554945, 0.0)
(30.957672, 27.613279, 0.0)
(30.582752, 27.745979, 0.0)
(30.301762, 27.921772, 0.0)
(30.075975, 28.046207, 0.0)
(29.797459, 28.145035, 0.0)
(29.627201, 28.174833, 0.0)
(29.361408, 28.219339, 0.0)
(27.437492, 28.803379, 0.0)
(27.138920, 28.752621, 0.0)
(26.988565, 28.792868, 0.0)
(26.900152, 28.711052, 0.0)
(26.841486, 28.753647, 0.0)
(26.718206, 28.627417, 0.0)
(26.550369, 28.470116, 0.0)
(26.445637, 28.352198, 0.0)
(26.391594, 28.303675, 0.0)
(25.966621, 28.389112, 0.0)
(25.717434, 28.330011, 0.0)
(25.706776, 28.311138, 0.0)
(25.795494, 28.056944, 0.0)
(25.995138, 27.680347, 0.0)
(26.242029, 27.563276, 0.0)
(26.516142, 27.431492, 0.0)
(30.294174, 26.485767, 0.0)
(30.747105, 26.444654, 0.0)
(30.954763, 26.424858, 0.0)
(31.107983, 26.403790, 0.0)
(31.322500, 26.349621, 0.0)
(31.605724, 26.297327, 0.0)
(31.752556, 26.288101, 0.0)
(31.861313, 26.322470, 0.0)
(31.916739, 26.291067, 0.0)
(32.019714, 26.256552, 0.0)
(32.185757, 26.225109, 0.0)
(29.891993, 26.957308, 0.0)
(30.035166, 26.926394, 0.0)
(30.302229, 26.878922, 0.0)
(30.593004, 26.822880, 0.0)
(31.103750, 28.142515, 0.0)
(34.024811, 27.445868, 0.0)
(34.079468, 26.813871, 0.0)
(34.344292, 26.668287, 0.0)
(34.481304, 26.735769, 0.0)
(34.655098, 26.764942, 0.0)
(34.872677, 26.790991, 0.0)
(35.155163, 26.846327, 0.0)
(35.393829, 26.889122, 0.0)
(35.707027, 26.927328, 0.0)
(37.812130, 27.090879, 0.0)
(38.149300, 27.077765, 0.0)
(38.549652, 26.988846, 0.0)
(38.948219, 26.958149, 0.0)
(39.271843, 26.873846, 0.0)
(41.752151, 27.159754, 0.0)
(42.334026, 27.201473, 0.0)
(42.573944, 27.182610, 0.0)
(42.658047, 27.197641, 0.0)
(42.682865, 27.297152, 0.0)
(42.710777, 27.364994, 0.0)
(42.693989, 27.329073, 0.0)
(42.691673, 27.314184, 0.0)
(42.684490, 27.295954, 0.0)
(42.673698, 27.286730, 0.0)
(42.679779, 27.333845, 0.0)
(42.658352, 27.414040, 0.0)
(42.680172, 27.414268, 0.0)
(42.685799, 27.413065, 0.0)
(42.675739, 27.370449, 0.0)
(43.157944, 27.337517, 0.0)
(43.233574, 27.225964, 0.0)
(43.195805, 27.212778, 0.0)
(43.153252, 27.256987, 0.0)
(43.148872, 27.295128, 0.0)
(43.092445, 27.322741, 0.0)
(43.029644, 27.243429, 0.0)
(42.941929, 27.166281, 0.0)
(42.865822, 27.036989, 0.0)
(42.756424, 27.018717, 0.0)
(41.773075, 26.624186, 0.0)
(41.432854, 26.456461, 0.0)
(41.356842, 26.457863, 0.0)
(41.201332, 26.398697, 0.0)
(41.003826, 26.324411, 0.0)
(40.774555, 26.265476, 0.0)
(40.450878, 26.178421, 0.0)
(39.844917, 26.242592, 0.0)
(38.207508, 26.237413, 0.0)
(37.832581, 26.333773, 0.0)
(37.568970, 26.397974, 0.0)
(37.324856, 26.360485, 0.0)
(37.156395, 26.346966, 0.0)
(36.972279, 26.344849, 0.0)
(36.833076, 26.366751, 0.0)
(36.735569, 26.389208, 0.0)
(36.546654, 26.388868, 0.0)
(36.357040, 26.366341, 0.0)
(36.252987, 26.357309, 0.0)
(36.120922, 26.330442, 0.0)
(35.380611, 26.351900, 0.0)
(33.932400, 26.416697, 0.0)
(33.677830, 26.446505, 0.0)
(33.580929, 26.447725, 0.0)
(33.446877, 26.462252, 0.0)
(33.330147, 26.501686, 0.0)
(33.137581, 26.471380, 0.0)
(30.581345, 26.825045, 0.0)
(28.511581, 27.003584, 0.0)
(28.402863, 27.012125, 0.0)
(28.350525, 27.030783, 0.0)
(28.300730, 27.066624, 0.0)
(28.252869, 27.048683, 0.0)
(28.201998, 27.066307, 0.0)
(28.139469, 27.064989, 0.0)
(28.091045, 27.056747, 0.0)
(28.003313, 27.031910, 0.0)
(27.884470, 27.043732, 0.0)
(27.797785, 27.030821, 0.0)
(27.720205, 26.898529, 0.0)
(27.045750, 27.213812, 0.0)
(26.480385, 27.342932, 0.0)
(26.394312, 27.349236, 0.0)
(26.336414, 27.347454, 0.0)
(26.305304, 27.297392, 0.0)
(26.335911, 27.247021, 0.0)
(26.341543, 27.211367, 0.0)
(29.936104, 26.117271, 0.0)
(32.698257, 25.521072, 0.0)
(32.814548, 25.517591, 0.0)
(32.809208, 25.526714, 0.0)
(32.903141, 25.508036, 0.0)
(32.962105, 25.486942, 0.0)
(32.998528, 25.455885, 0.0)
(33.093296, 25.464458, 0.0)
(33.236462, 25.461775, 0.0)
(33.407150, 25.424768, 0.0)
(33.547749, 25.332176, 0.0)
(33.718651, 25.378040, 0.0)
(33.919636, 25.430077, 0.0)
(33.974575, 25.463272, 0.0)
(34.125668, 25.389162, 0.0)
(34.305920, 25.421093, 0.0)
(34.435478, 25.437016, 0.0)
(34.549454, 25.459641, 0.0)
(34.741943, 25.489990, 0.0)
(34.961105, 25.485991, 0.0)
(34.033890, 25.698925, 0.0)
(34.318756, 25.689949, 0.0)
(34.642242, 25.652807, 0.0)
(34.947071, 25.634424, 0.0)
(35.223015, 25.607147, 0.0)
(35.497490, 25.639444, 0.0)
(35.822788, 25.590418, 0.0)
(38.331001, 25.495884, 0.0)
(38.674133, 25.458660, 0.0)
(38.833351, 25.413115, 0.0)
(38.997871, 25.518795, 0.0)
(39.076618, 25.541809, 0.0)
(39.198475, 25.493156, 0.0)
(39.271763, 25.435974, 0.0)
(39.350445, 25.419424, 0.0)
(39.440681, 25.441978, 0.0)
(39.828121, 25.563137, 0.0)
(42.045231, 26.144512, 0.0)
(42.232922, 26.146681, 0.0)
(42.273285, 26.093203, 0.0)
(42.290222, 26.044270, 0.0)
(42.318760, 26.006439, 0.0)
(42.330692, 25.940388, 0.0)
(42.375011, 25.929602, 0.0)
(42.430733, 25.959995, 0.0)
(42.440540, 25.951563, 0.0)
(42.420799, 25.921917, 0.0)
(42.493279, 25.927698, 0.0)
(42.520119, 25.994747, 0.0)
(42.514111, 26.012972, 0.0)
(42.466713, 25.915543, 0.0)
(42.425213, 25.909340, 0.0)
(42.406021, 25.883657, 0.0)
(42.382702, 25.873768, 0.0)
(42.312084, 25.819534, 0.0)
(42.592350, 25.758799, 0.0)
(42.694714, 25.706827, 0.0)
(42.596928, 25.643553, 0.0)
(42.513660, 25.627853, 0.0)
(42.356918, 25.568867, 0.0)
(41.665024, 25.450024, 0.0)
(41.454102, 25.440117, 0.0)
(41.262085, 25.400185, 0.0)
(40.986420, 25.360888, 0.0)
(40.556210, 25.302372, 0.0)
(39.357540, 25.226122, 0.0)
(39.029095, 25.280722, 0.0)
(38.670750, 25.282856, 0.0)
(38.385548, 25.266153, 0.0)
(38.101933, 25.196226, 0.0)
(37.783642, 25.150806, 0.0)
(37.057243, 25.218611, 0.0)
(36.335415, 25.233152, 0.0)
(36.017662, 25.263929, 0.0)
(35.732433, 25.227701, 0.0)
(35.468163, 25.245070, 0.0)
(35.212284, 25.281790, 0.0)
(34.942871, 25.297548, 0.0)
(34.721432, 25.293341, 0.0)
(34.266411, 25.341402, 0.0)
(32.699665, 25.451488, 0.0)
(32.444862, 25.453072, 0.0)
(32.204945, 25.373482, 0.0)
(31.004129, 25.597803, 0.0)
(30.281136, 25.593452, 0.0)
(30.103548, 25.642673, 0.0)
(29.961102, 25.641474, 0.0)
(29.799847, 25.621748, 0.0)
(29.719496, 25.633678, 0.0)
(29.559055, 25.628901, 0.0)
(29.389874, 25.597723, 0.0)
(29.199335, 25.643856, 0.0)
(29.017942, 25.671465, 0.0)
(28.836550, 25.649643, 0.0)
(28.425116, 25.786285, 0.0)
(26.891642, 25.969358, 0.0)
(26.619268, 25.972820, 0.0)
(26.498764, 25.897717, 0.0)
(26.368031, 25.940050, 0.0)
(26.221025, 25.935072, 0.0)
(26.121475, 25.910749, 0.0)
(26.066868, 25.866215, 0.0)
(26.066570, 25.845881, 0.0)
(26.651052, 25.689510, 0.0)
(31.528557, 24.473629, 0.0)
(32.189491, 24.343857, 0.0)
(32.230438, 24.204008, 0.0)
(32.233208, 24.206423, 0.0)
(32.277554, 24.184164, 0.0)
(32.311539, 24.133993, 0.0)
(32.366234, 24.124374, 0.0)
(32.057972, 24.175606, 0.0)
(30.099335, 24.302191, 0.0)
(30.143204, 24.323874, 0.0)
(29.766596, 24.565123, 0.0)
(29.224640, 24.716539, 0.0)
(29.343533, 24.706717, 0.0)
(29.688429, 24.630518, 0.0)
(29.801638, 24.582497, 0.0)
(30.027895, 24.467937, 0.0)
(30.266645, 24.461267, 0.0)
(30.499798, 24.485390, 0.0)
(30.805937, 24.448402, 0.0)
(31.076181, 24.360949, 0.0)
(31.335417, 24.283043, 0.0)
(32.491978, 24.085260, 0.0)
(32.993160, 24.046507, 0.0)
(33.385685, 24.044176, 0.0)
(33.776546, 23.999523, 0.0)
(34.127167, 23.978083, 0.0)
(35.596497, 24.021763, 0.0)
(36.000423, 24.022308, 0.0)
(36.309578, 24.025999, 0.0)
(36.742794, 24.015484, 0.0)
(37.054901, 24.004934, 0.0)
(37.358551, 24.000515, 0.0)
(37.640457, 24.018797, 0.0)
(37.958179, 23.998087, 0.0)
(39.333382, 24.246954, 0.0)
(39.682293, 24.357002, 0.0)
(39.916885, 24.423664, 0.0)
(40.062611, 24.440056, 0.0)
(40.239861, 24.430235, 0.0)
(40.357002, 24.412748, 0.0)
(40.506081, 24.434412, 0.0)
(40.645153, 24.474119, 0.0)
(41.425285, 24.656939, 0.0)
(41.923779, 24.790482, 0.0)
(42.049496, 24.807270, 0.0)
(42.121792, 24.759401, 0.0)
(42.158604, 24.734823, 0.0)
(42.181374, 24.681692, 0.0)
(42.208363, 24.657366, 0.0)
(42.263939, 24.646652, 0.0)
(42.265781, 24.588102, 0.0)
(42.238964, 24.546144, 0.0)
(42.373676, 24.517675, 0.0)
(42.410793, 24.557209, 0.0)
(42.333858, 24.497902, 0.0)
(42.280476, 24.491842, 0.0)
(42.254898, 24.481987, 0.0)
(42.471634, 24.490702, 0.0)
(42.692947, 24.455317, 0.0)
(42.638107, 24.420540, 0.0)
(42.452530, 24.256878, 0.0)
(42.246765, 24.218426, 0.0)
(41.236965, 24.087288, 0.0)
(40.886047, 24.084642, 0.0)
(39.598309, 23.906614, 0.0)
(39.086525, 23.835514, 0.0)
(38.677803, 23.817047, 0.0)
(38.380817, 23.904215, 0.0)
(36.013626, 24.025633, 0.0)
(35.708794, 23.297852, 0.0)
(35.544022, 23.139233, 0.0)
(35.340473, 23.106684, 0.0)
(35.157272, 23.176615, 0.0)
(34.966908, 23.217653, 0.0)
(34.707920, 23.237350, 0.0)
(34.515434, 23.266182, 0.0)
(33.879734, 23.325832, 0.0)
(32.134998, 23.383722, 0.0)
(31.720669, 23.425388, 0.0)
(31.433374, 23.478142, 0.0)
(31.103176, 23.552912, 0.0)
(30.806528, 23.616610, 0.0)
(30.465633, 23.635172, 0.0)
(30.372555, 23.744276, 0.0)
(28.534698, 24.410959, 0.0)
(27.861382, 24.499243, 0.0)
(27.669191, 24.430479, 0.0)
(27.580275, 24.386215, 0.0)
(27.446703, 24.373186, 0.0)
(27.345505, 24.364349, 0.0)
(27.276499, 24.354326, 0.0)
(27.203951, 24.350260, 0.0)
(26.484161, 24.600147, 0.0)
(25.842766, 24.709517, 0.0)
(25.758495, 24.677889, 0.0)
(25.718897, 24.608036, 0.0)
(25.696024, 24.583826, 0.0)
(25.671320, 24.590193, 0.0)
(25.592876, 24.564606, 0.0)
(25.020767, 24.792149, 0.0)
(24.943485, 24.837124, 0.0)
(24.962084, 24.863537, 0.0)
(24.972773, 24.839994, 0.0)
(24.955286, 24.748493, 0.0)
(29.219984, 23.494066, 0.0)
(33.398544, 23.096889, 0.0)
(33.424225, 23.107664, 0.0)
(33.360153, 23.034460, 0.0)
(33.363590, 23.018661, 0.0)
(33.316826, 23.014265, 0.0)
(33.106976, 23.053434, 0.0)
(29.494392, 23.133192, 0.0)
(29.282763, 23.048033, 0.0)
(29.443357, 22.958199, 0.0)
(29.649740, 22.938406, 0.0)
(29.870935, 22.940178, 0.0)
(29.978994, 22.860123, 0.0)
(30.167976, 22.788038, 0.0)
(30.360109, 22.787189, 0.0)
(30.527149, 22.802877, 0.0)
(30.733393, 22.772083, 0.0)
(30.940710, 22.680105, 0.0)
(31.140614, 22.577999, 0.0)
(31.410948, 22.540442, 0.0)
(31.668724, 22.500511, 0.0)
(33.497456, 22.554688, 0.0)
(33.775177, 22.566669, 0.0)
(34.017651, 22.551014, 0.0)
(34.309258, 22.514286, 0.0)
(34.545902, 22.538689, 0.0)
(35.737377, 22.641886, 0.0)
(37.064713, 22.765678, 0.0)
(37.375202, 22.765617, 0.0)
(38.273849, 22.938093, 0.0)
(39.708481, 23.166563, 0.0)
(39.925739, 23.149811, 0.0)
(40.035034, 23.215185, 0.0)
(40.129227, 23.340765, 0.0)
(40.174145, 23.371958, 0.0)
(40.276505, 23.356819, 0.0)
(40.341248, 23.297106, 0.0)
(40.450237, 23.223890, 0.0)
(40.581070, 23.121365, 0.0)
(40.660976, 23.109663, 0.0)
(40.759171, 23.148121, 0.0)
(40.866795, 23.230631, 0.0)
(40.976574, 23.327143, 0.0)
(41.123356, 23.401970, 0.0)
(41.861164, 23.606251, 0.0)
(42.009663, 23.550858, 0.0)
(42.065350, 23.478542, 0.0)
(42.139488, 23.411966, 0.0)
(42.172661, 23.273813, 0.0)
(42.292965, 23.202835, 0.0)
(42.359154, 23.222799, 0.0)
(42.279472, 23.233343, 0.0)
(42.173664, 23.197727, 0.0)
(42.139431, 23.107523, 0.0)
(42.356186, 23.030724, 0.0)
(42.271717, 22.935196, 0.0)
(42.139275, 22.891251, 0.0)
(41.999516, 22.862482, 0.0)
(41.842110, 22.790487, 0.0)
(41.653038, 22.726429, 0.0)
(40.251385, 22.572193, 0.0)
(39.894531, 22.480581, 0.0)
(39.510597, 22.456696, 0.0)
(39.088703, 22.444731, 0.0)
(38.741032, 22.460152, 0.0)
(38.387226, 22.354565, 0.0)
(38.071869, 22.258879, 0.0)
(36.907898, 23.058855, 0.0)
(36.451241, 24.057568, 0.0)
(35.965782, 23.353201, 0.0)
(35.802044, 22.662003, 0.0)
(35.544758, 22.119913, 0.0)
(35.275539, 21.815544, 0.0)
(35.088768, 21.772041, 0.0)
(34.849960, 21.727688, 0.0)
(34.630356, 21.732807, 0.0)
(34.386108, 21.698378, 0.0)
(34.179798, 21.707346, 0.0)
(34.048523, 21.727802, 0.0)
(33.865913, 21.737114, 0.0)
(33.691269, 21.765997, 0.0)
(32.720001, 21.882652, 0.0)
(31.425690, 21.927053, 0.0)
(31.182798, 21.917150, 0.0)
(30.958975, 21.878246, 0.0)
(30.758001, 21.900480, 0.0)
(30.639013, 22.046957, 0.0)
(30.527435, 22.177336, 0.0)
(30.362526, 22.201654, 0.0)
(28.120848, 22.666042, 0.0)
(27.694218, 22.722195, 0.0)
(27.546373, 22.734558, 0.0)
(27.461515, 22.725237, 0.0)
(27.371847, 22.742498, 0.0)
(27.216938, 22.766741, 0.0)
(25.615459, 23.241049, 0.0)
(25.438686, 23.236813, 0.0)
(25.418543, 23.186592, 0.0)
(25.379011, 23.132534, 0.0)
(25.323883, 23.130108, 0.0)
(25.289173, 23.086903, 0.0)
(25.288191, 23.072802, 0.0)
(25.237020, 23.019497, 0.0)
(25.226709, 23.014297, 0.0)
(25.247257, 22.985512, 0.0)
(25.337133, 22.975746, 0.0)
(25.380053, 22.890759, 0.0)
(25.442427, 22.715158, 0.0)
(25.567011, 22.655289, 0.0)
(25.698915, 22.552561, 0.0)
(25.808996, 22.465591, 0.0)
(26.033010, 22.409143, 0.0)
(26.246098, 22.249966, 0.0)
(28.005308, 21.719725, 0.0)
(29.081968, 21.314281, 0.0)
(29.469706, 21.124268, 0.0)
(29.778093, 21.080873, 0.0)
(30.144985, 20.995260, 0.0)
(30.494150, 20.939289, 0.0)
(33.527691, 20.846596, 0.0)
(36.931129, 20.905922, 0.0)
(37.468231, 20.915899, 0.0)
(37.588615, 20.992432, 0.0)
(37.662235, 21.066013, 0.0)
(37.691223, 21.109833, 0.0)
(37.727295, 21.140499, 0.0)
(37.757977, 21.113180, 0.0)
(37.802444, 21.090981, 0.0)
(37.864761, 21.099525, 0.0)
(37.907852, 21.099710, 0.0)
(37.954865, 21.115910, 0.0)
(37.973408, 21.136080, 0.0)
(38.034634, 21.169231, 0.0)
(38.120121, 21.186832, 0.0)
(38.163727, 21.174942, 0.0)
(38.235439, 21.114740, 0.0)
(38.373169, 21.139660, 0.0)
(40.495930, 21.563892, 0.0)
(41.381813, 21.890820, 0.0)
(41.446026, 21.856466, 0.0)
(41.457687, 21.853437, 0.0)
(41.466137, 21.885315, 0.0)
(41.474632, 21.900602, 0.0)
(41.459259, 21.882942, 0.0)
(41.463509, 21.825867, 0.0)
(41.522995, 21.844147, 0.0)
(41.599545, 21.906347, 0.0)
(41.641369, 21.921404, 0.0)
(41.676567, 21.924013, 0.0)
(41.713238, 21.928038, 0.0)
(41.816338, 22.002729, 0.0)
(41.932644, 22.005680, 0.0)
(41.976944, 22.015810, 0.0)
(42.029232, 22.000214, 0.0)
(42.322521, 22.011393, 0.0)
(42.383766, 22.008310, 0.0)
(42.363667, 21.938637, 0.0)
(42.263653, 21.809372, 0.0)
(42.183746, 21.738417, 0.0)
(42.175247, 21.751270, 0.0)
(42.267879, 21.781269, 0.0)
(42.183525, 21.730957, 0.0)
(42.047283, 21.648195, 0.0)
(41.947567, 21.574722, 0.0)
(41.777920, 21.478283, 0.0)
(41.610443, 21.453228, 0.0)
(40.247757, 21.041868, 0.0)
(39.932281, 21.019264, 0.0)
(39.635715, 20.934944, 0.0)
(39.359890, 20.876867, 0.0)
(39.137836, 20.821600, 0.0)
(38.890938, 20.767412, 0.0)
(38.603661, 20.685764, 0.0)
(38.387997, 20.670124, 0.0)
(37.046696, 20.507292, 0.0)
(36.752270, 20.473352, 0.0)
(36.542900, 20.398722, 0.0)
(35.669395, 20.448885, 0.0)
(33.894672, 20.443645, 0.0)
(33.682667, 20.443203, 0.0)
(33.599003, 20.321730, 0.0)
(33.456242, 20.230690, 0.0)
(33.375893, 20.222900, 0.0)
(32.385986, 20.313972, 0.0)
(31.333611, 21.457300, 0.0)
(31.171026, 20.383718, 0.0)
(31.000687, 20.056980, 0.0)
(30.873604, 20.148184, 0.0)
(30.800920, 20.227394, 0.0)
(30.739090, 20.209044, 0.0)
(28.584734, 20.758148, 0.0)
(27.103065, 21.146139, 0.0)
(26.953585, 21.285240, 0.0)
(26.922333, 21.368973, 0.0)
(26.815460, 21.481157, 0.0)
(26.721209, 21.500349, 0.0)
(26.658802, 21.525349, 0.0)
(26.608047, 21.554913, 0.0)
(26.535311, 21.617514, 0.0)
(26.448471, 21.648544, 0.0)
(26.083117, 21.856421, 0.0)
(25.499161, 22.004715, 0.0)
(25.402508, 22.033287, 0.0)
(25.338055, 22.023689, 0.0)
(25.301445, 21.990246, 0.0)
(25.244787, 21.932508, 0.0)
(25.234720, 21.946531, 0.0)
(25.222933, 21.905664, 0.0)
(25.194254, 21.883945, 0.0)
(25.131485, 21.812658, 0.0)
(25.128811, 21.739012, 0.0)
(25.238173, 21.727043, 0.0)
(25.445799, 21.592091, 0.0)
(26.854441, 20.733885, 0.0)
(27.047487, 20.557953, 0.0)
(27.216488, 20.457872, 0.0)
(27.444050, 20.396702, 0.0)
(27.669542, 20.368208, 0.0)
(27.976746, 20.276300, 0.0)
(28.302498, 20.132830, 0.0)
(29.331650, 19.892035, 0.0)
(30.478153, 19.582830, 0.0)
(30.819242, 19.462839, 0.0)
(31.040363, 19.409920, 0.0)
(31.298868, 19.330359, 0.0)
(31.604620, 19.300831, 0.0)
(31.886457, 19.236046, 0.0)
(32.134491, 19.128113, 0.0)
(33.874451, 19.001963, 0.0)
(34.814823, 18.986525, 0.0)
(35.049503, 18.955652, 0.0)
(35.262581, 18.989616, 0.0)
(35.491253, 18.949783, 0.0)
(35.642899, 18.929581, 0.0)
(35.843472, 18.931293, 0.0)
(36.122005, 18.957445, 0.0)
(39.430222, 19.640816, 0.0)
(40.223598, 19.805252, 0.0)
(40.301041, 19.812927, 0.0)
(40.368687, 19.806688, 0.0)
(40.435398, 19.856979, 0.0)
(40.443584, 19.858007, 0.0)
(40.489758, 19.797802, 0.0)
(40.527168, 19.797356, 0.0)
(40.566746, 19.820662, 0.0)
(40.596569, 19.809959, 0.0)
(40.628914, 19.775381, 0.0)
(40.650997, 19.799658, 0.0)
(40.764545, 19.896751, 0.0)
(41.656918, 20.210911, 0.0)
(42.283737, 20.642492, 0.0)
(42.385715, 20.636099, 0.0)
(42.384460, 20.608727, 0.0)
(42.400814, 20.634771, 0.0)
(42.440887, 20.705463, 0.0)
(42.432011, 20.716356, 0.0)
(42.432129, 20.727989, 0.0)
(42.463997, 20.744057, 0.0)
(42.488537, 20.770157, 0.0)
(42.488037, 20.771177, 0.0)
(42.492195, 20.761154, 0.0)
(42.484760, 20.824080, 0.0)
(42.486416, 20.862764, 0.0)
(42.492775, 20.868628, 0.0)
(43.015041, 22.761549, 0.0)
(43.016293, 23.069752, 0.0)
(43.051956, 23.053026, 0.0)
(43.073898, 23.172979, 0.0)
(43.251675, 24.334116, 0.0)
(43.305943, 24.442228, 0.0)
(43.380318, 24.384430, 0.0)
(43.402058, 24.452185, 0.0)
(43.390560, 24.437351, 0.0)
(43.372730, 24.436243, 0.0)
(43.306545, 24.420929, 0.0)
(43.288410, 24.973307, 0.0)
(43.284470, 25.217823, 0.0)
(43.257767, 25.203127, 0.0)
(43.223076, 25.223959, 0.0)
(43.191624, 25.250481, 0.0)
(43.215839, 25.243891, 0.0)
(43.224293, 25.216984, 0.0)
(43.180176, 25.217348, 0.0)
(43.172844, 25.173311, 0.0)
(43.174259, 25.253044, 0.0)
(43.190628, 25.335360, 0.0)
(43.177364, 25.320810, 0.0)
(43.164761, 25.332932, 0.0)
(43.165134, 25.314154, 0.0)
(43.271557, 25.521015, 0.0)
(43.354565, 26.438854, 0.0)
(43.325222, 26.572165, 0.0)
(43.283718, 26.605421, 0.0)
(43.295811, 26.673424, 0.0)
(43.299271, 26.690020, 0.0)
(43.275520, 26.722937, 0.0)
(43.264595, 26.756668, 0.0)
(43.259907, 26.770576, 0.0)
(43.226677, 26.817524, 0.0)
(43.263111, 26.823116, 0.0)
(43.237835, 26.967913, 0.0)
(42.795853, 27.741749, 0.0)
(42.748825, 27.866354, 0.0)
(42.756519, 27.963078, 0.0)
(42.744389, 27.937126, 0.0)
(42.804024, 28.062738, 0.0)
(42.849346, 28.526699, 0.0)
(42.839352, 28.554459, 0.0)
(42.840687, 28.532747, 0.0)
(42.841923, 28.532162, 0.0)
(42.833664, 28.548397, 0.0)
(42.824047, 28.549538, 0.0)
(42.811050, 28.611055, 0.0)
(42.797516, 28.663418, 0.0)
(41.335339, 28.726437, 0.0)
(41.228630, 28.805090, 0.0)
(41.216473, 28.833998, 0.0)
(41.187687, 28.867109, 0.0)
(41.209583, 28.873714, 0.0)
(41.211639, 28.836515, 0.0)
(41.163727, 28.787718, 0.0)
(41.188683, 28.856195, 0.0)
(41.193459, 28.857086, 0.0)
(41.113892, 28.867203, 0.0)
(41.092995, 28.853298, 0.0)
(41.109192, 29.037037, 0.0)
(41.079659, 29.274523, 0.0)
(41.029671, 29.329140, 0.0)
(40.991951, 29.343954, 0.0)
(40.985329, 29.346298, 0.0)
(40.975178, 29.310738, 0.0)
(41.832596, 27.718338, 0.0)
(42.331383, 26.498257, 0.0)
(42.334324, 26.277149, 0.0)
(42.317078, 26.119194, 0.0)
(42.428551, 26.039413, 0.0)
(42.485371, 25.874319, 0.0)
(42.612438, 25.079815, 0.0)
(42.737411, 24.267019, 0.0)
(42.769550, 24.075626, 0.0)
(42.790943, 23.922430, 0.0)
(42.794449, 23.788925, 0.0)
(42.791477, 23.600561, 0.0)
(42.790054, 23.395449, 0.0)
(42.796947, 23.290266, 0.0)
(42.804256, 23.028786, 0.0)
(42.675579, 21.969395, 0.0)
(42.627026, 21.729933, 0.0)
(42.643219, 21.613092, 0.0)
(42.649830, 21.566635, 0.0)
(42.647770, 21.511002, 0.0)
(42.615051, 21.411077, 0.0)
(42.623234, 21.289484, 0.0)
(42.720810, 20.875845, 0.0)
(42.703350, 20.794979, 0.0)
(42.622295, 20.638472, 0.0)
(42.592594, 20.566578, 0.0)
(42.606705, 20.580088, 0.0)
(42.629505, 20.627356, 0.0)
(42.578934, 20.527149, 0.0)
(42.563431, 20.464502, 0.0)
(42.554367, 20.451754, 0.0)
(42.562729, 20.445505, 0.0)
(42.562222, 20.471079, 0.0)
(42.555466, 20.572821, 0.0)
(42.552174, 20.572962, 0.0)
(42.495617, 20.578329, 0.0)
(41.914173, 20.451462, 0.0)
(41.849998, 20.422144, 0.0)
(41.838249, 20.421574, 0.0)
(41.825150, 20.431076, 0.0)
(41.843487, 20.644413, 0.0)
(42.323807, 22.606182, 0.0)
(42.322525, 24.247417, 0.0)
(42.232979, 24.506075, 0.0)
(42.231670, 24.520689, 0.0)
(42.233475, 24.553431, 0.0)
(42.210697, 24.551075, 0.0)
(42.171520, 24.510328, 0.0)
(42.170044, 24.527172, 0.0)
(42.160698, 24.537281, 0.0)
(42.157890, 24.596994, 0.0)
(42.163052, 24.718065, 0.0)
(42.163673, 24.718466, 0.0)
(42.181770, 24.755432, 0.0)
(42.191303, 24.796413, 0.0)
(42.247356, 24.895119, 0.0)
(42.239159, 24.897703, 0.0)
(42.233829, 24.944557, 0.0)
(42.286076, 25.025257, 0.0)
(42.305470, 25.079929, 0.0)
(42.532639, 25.532497, 0.0)
(42.518356, 25.856855, 0.0)
(42.544865, 25.967651, 0.0)
(42.535816, 26.010925, 0.0)
(42.471752, 26.038143, 0.0)
(42.468296, 26.032263, 0.0)
(42.442364, 26.050716, 0.0)
(42.412209, 26.098560, 0.0)
(42.413960, 26.159775, 0.0)
(42.391434, 26.176897, 0.0)
(42.348690, 26.214668, 0.0)
(42.352196, 26.255274, 0.0)
(42.357323, 26.299639, 0.0)
(42.359234, 26.327414, 0.0)
(42.343662, 26.343573, 0.0)
(42.282291, 26.461111, 0.0)
(41.997814, 26.795565, 0.0)
(41.954922, 26.822964, 0.0)
(41.920925, 26.743742, 0.0)
(41.924583, 26.768169, 0.0)
(41.931080, 26.893379, 0.0)
(41.902275, 26.870987, 0.0)
(41.882557, 26.806810, 0.0)
(41.880863, 26.786015, 0.0)
(41.866550, 26.788652, 0.0)
(41.840031, 26.801003, 0.0)
(41.790882, 26.842978, 0.0)
(41.710983, 26.873859, 0.0)
(41.682919, 26.857649, 0.0)
(41.684708, 26.920000, 0.0)
(41.062408, 27.054758, 0.0)
(40.998001, 27.087376, 0.0)
(41.016945, 27.023010, 0.0)
(41.046822, 27.043070, 0.0)
(41.089287, 26.997377, 0.0)
(41.084221, 26.855125, 0.0)
(41.095482, 26.773048, 0.0)
(41.108757, 26.653797, 0.0)
(41.139317, 26.525848, 0.0)
(41.150562, 26.318913, 0.0)
(41.165535, 26.106741, 0.0)
(41.185062, 25.996044, 0.0)
(41.236172, 25.948496, 0.0)
(41.260899, 25.921562, 0.0)
(41.478062, 25.476234, 0.0)
(41.610809, 25.016451, 0.0)
(41.638550, 24.820372, 0.0)
(41.664902, 24.644547, 0.0)
(41.675346, 24.556641, 0.0)
(41.710327, 24.477468, 0.0)
(41.716839, 24.421579, 0.0)
(41.706535, 24.317160, 0.0)
(41.695274, 24.121016, 0.0)
(41.699211, 23.934807, 0.0)
(41.728260, 23.805090, 0.0)
(41.757736, 23.724470, 0.0)
(41.747383, 23.557045, 0.0)
(41.764877, 23.427769, 0.0)
(41.779469, 23.305677, 0.0)
(41.793636, 23.172235, 0.0)
(41.815060, 23.070292, 0.0)
(41.786228, 22.904709, 0.0)
(41.792561, 22.771856, 0.0)
(41.783489, 22.631765, 0.0)
(41.807716, 22.591209, 0.0)
(41.811390, 22.424492, 0.0)
(41.802990, 22.366968, 0.0)
(41.813839, 22.247236, 0.0)
(41.825512, 22.157673, 0.0)
(41.767460, 22.006811, 0.0)
(41.663696, 21.860619, 0.0)
(41.590469, 21.533714, 0.0)
(41.516472, 21.401503, 0.0)
(41.468388, 21.290403, 0.0)
(41.445004, 21.214712, 0.0)
(41.431717, 21.153395, 0.0)
(41.443481, 21.108215, 0.0)
(41.445873, 21.098951, 0.0)
(41.445858, 21.093464, 0.0)
(41.410107, 21.051998, 0.0)
(41.410137, 21.057470, 0.0)
(41.410240, 21.052317, 0.0)
(41.397209, 20.989483, 0.0)
(40.936111, 20.744648, 0.0)
(40.813934, 20.625410, 0.0)
(40.814190, 20.630486, 0.0)
(40.758274, 20.635202, 0.0)
(40.737671, 20.664503, 0.0)
(40.955990, 21.758415, 0.0)
(40.998196, 22.883841, 0.0)
(40.935131, 23.107122, 0.0)
(40.932739, 23.223822, 0.0)
(40.941250, 23.307413, 0.0)
(40.926876, 23.401981, 0.0)
(40.966537, 23.612556, 0.0)
(40.948437, 23.684021, 0.0)
(40.941628, 23.762396, 0.0)
(40.938786, 23.825428, 0.0)
(40.974926, 23.969431, 0.0)
(40.970291, 24.063818, 0.0)
(40.992561, 24.118074, 0.0)
(41.009331, 24.281338, 0.0)
(41.151794, 25.050291, 0.0)
(41.158768, 25.228462, 0.0)
(41.145275, 25.270500, 0.0)
(41.135666, 25.356131, 0.0)
(41.144932, 25.529671, 0.0)
(41.142506, 25.773949, 0.0)
(40.904907, 26.507296, 0.0)
(40.829422, 26.639210, 0.0)
(40.844406, 26.653740, 0.0)
(40.842842, 26.679823, 0.0)
(40.863483, 26.756708, 0.0)
(40.865917, 26.828356, 0.0)
(40.869865, 26.863508, 0.0)
(40.890198, 26.935005, 0.0)
(40.889885, 26.967985, 0.0)
(40.891891, 26.942924, 0.0)
(40.870522, 26.882399, 0.0)
(40.876766, 26.881672, 0.0)
(40.883274, 26.914145, 0.0)
(40.863277, 26.960018, 0.0)
(40.800682, 27.899851, 0.0)
(40.775036, 28.120075, 0.0)
(40.782066, 28.173929, 0.0)
(40.755489, 28.190077, 0.0)
(40.733978, 28.158415, 0.0)
(40.531338, 28.588324, 0.0)
(40.419281, 28.793049, 0.0)
(40.385357, 28.815271, 0.0)
(40.363850, 28.843836, 0.0)
(40.357723, 28.834347, 0.0)
(40.340820, 28.829067, 0.0)
(40.334488, 28.867180, 0.0)
(40.326946, 28.864777, 0.0)
(40.268852, 28.850590, 0.0)
(40.236973, 28.822243, 0.0)
(40.203209, 28.801472, 0.0)
(40.209309, 28.743402, 0.0)
(40.160858, 28.607101, 0.0)
(40.119549, 28.436537, 0.0)
(40.153542, 28.268761, 0.0)
(40.219982, 28.162193, 0.0)
(40.214527, 27.935074, 0.0)
(40.248756, 27.650436, 0.0)
(40.256893, 27.381403, 0.0)
(40.281616, 27.042019, 0.0)
(40.292576, 26.760252, 0.0)
(40.305679, 26.524527, 0.0)
(40.322891, 26.265984, 0.0)
(40.338829, 26.099556, 0.0)
(40.371063, 25.890440, 0.0)
(40.383312, 25.770760, 0.0)
(40.209080, 24.980774, 0.0)
(40.251041, 24.482727, 0.0)
(40.272820, 24.286478, 0.0)
(40.281837, 24.154867, 0.0)
(40.275967, 23.981066, 0.0)
(40.261887, 23.794664, 0.0)
(40.265224, 23.668884, 0.0)
(40.310123, 23.614962, 0.0)
(40.378819, 23.571297, 0.0)
(40.324200, 23.220625, 0.0)
(40.382954, 22.309149, 0.0)
(40.378304, 22.169840, 0.0)
(40.385357, 22.055735, 0.0)
(40.362518, 21.978418, 0.0)
(40.369747, 21.895159, 0.0)
(40.008820, 21.038683, 0.0)
(39.935261, 20.550539, 0.0)
(39.954853, 20.487658, 0.0)
(39.912018, 20.422781, 0.0)
(39.893948, 20.373653, 0.0)
(39.896740, 20.341093, 0.0)
(39.880367, 20.324392, 0.0)
(39.828636, 20.202995, 0.0)
(39.543640, 19.447948, 0.0)
(39.458633, 19.351315, 0.0)
(39.474144, 19.352930, 0.0)
(39.484154, 19.332277, 0.0)
(39.454723, 19.270920, 0.0)
(39.439495, 19.180727, 0.0)
(39.422218, 19.096991, 0.0)
(39.399590, 19.101076, 0.0)
(39.397110, 19.146875, 0.0)
(39.380817, 19.141502, 0.0)
(39.367161, 19.154596, 0.0)
(39.370739, 19.201918, 0.0)
(39.343330, 19.241716, 0.0)
(39.209179, 19.365873, 0.0)
(38.838902, 21.003084, 0.0)
(38.901539, 23.234358, 0.0)
(38.978714, 24.971666, 0.0)
(38.980309, 26.159061, 0.0)
(38.846836, 26.325832, 0.0)
(38.824593, 26.345341, 0.0)
(38.819180, 26.389753, 0.0)
(39.298073, 25.247437, 0.0)
(39.370140, 25.014847, 0.0)
(39.334793, 25.008627, 0.0)
(39.338924, 25.003931, 0.0)
(39.336067, 25.040560, 0.0)
(39.372917, 24.134407, 0.0)
(39.336033, 24.023388, 0.0)
(39.312687, 24.027029, 0.0)
(39.292503, 24.101900, 0.0)
(39.288342, 24.130699, 0.0)
(39.269863, 24.120617, 0.0)
(39.258465, 24.154335, 0.0)
(39.256630, 24.176313, 0.0)
(39.272709, 24.200642, 0.0)
(39.236256, 24.194708, 0.0)
(39.219814, 24.190794, 0.0)
(39.254753, 24.294153, 0.0)
(39.267231, 24.332108, 0.0)
(39.366520, 24.909889, 0.0)
(39.690739, 27.730732, 0.0)
(39.318916, 26.763912, 0.0)
(39.167934, 26.247303, 0.0)
(39.149551, 26.154606, 0.0)
(39.181969, 26.235603, 0.0)
(39.173351, 26.269308, 0.0)
(39.155540, 26.329618, 0.0)
(39.164585, 26.389338, 0.0)
(39.214619, 26.603245, 0.0)
(39.119961, 27.941544, 0.0)
(39.071762, 28.075624, 0.0)
(39.080479, 28.215559, 0.0)
(39.072796, 28.281782, 0.0)
(39.010574, 28.234070, 0.0)
(39.004841, 28.203182, 0.0)
(38.934071, 28.211594, 0.0)
(38.838955, 28.167286, 0.0)
(38.839951, 28.166843, 0.0)
(38.789818, 28.220621, 0.0)
(38.748817, 28.196421, 0.0)
(38.765083, 28.181425, 0.0)
(38.732452, 28.170769, 0.0)
(38.034744, 28.183187, 0.0)
(37.873417, 28.076450, 0.0)
(37.853821, 27.967407, 0.0)
(37.898762, 27.773067, 0.0)
(37.971733, 27.292252, 0.0)
(38.304276, 23.749592, 0.0)
(38.254406, 23.093639, 0.0)
(38.248844, 22.889933, 0.0)
(38.223324, 22.731680, 0.0)
(38.220409, 22.595642, 0.0)
(38.240940, 22.485619, 0.0)
(38.236446, 22.428547, 0.0)
(38.238747, 22.352654, 0.0)
(38.249680, 22.297165, 0.0)
(38.253067, 22.257393, 0.0)
(38.245445, 22.212290, 0.0)
(38.253777, 22.210581, 0.0)
(38.265423, 22.200373, 0.0)
(38.316338, 21.919039, 0.0)
(38.500702, 20.918938, 0.0)
(38.484913, 20.739916, 0.0)
(38.469975, 20.683964, 0.0)
(38.452766, 20.597063, 0.0)
(38.415085, 20.500610, 0.0)
(38.440575, 20.513065, 0.0)
(38.375088, 20.037170, 0.0)
(38.267178, 19.553308, 0.0)
(38.262703, 19.405256, 0.0)
(38.243111, 19.361708, 0.0)
(38.214718, 19.291407, 0.0)
(38.209911, 19.286818, 0.0)
(38.172287, 19.289751, 0.0)
(38.142365, 19.256866, 0.0)
(37.765686, 18.888897, 0.0)
(37.714722, 18.802641, 0.0)
(37.715313, 18.746469, 0.0)
(37.701263, 18.749422, 0.0)
(37.665619, 18.748009, 0.0)
(37.665741, 18.735043, 0.0)
(37.658974, 18.714417, 0.0)
(37.662197, 18.717999, 0.0)
(37.647545, 18.615719, 0.0)
(37.654701, 18.608278, 0.0)
(37.655182, 18.628403, 0.0)
(37.657234, 18.659052, 0.0)
(37.626240, 18.640745, 0.0)
(37.621407, 18.621450, 0.0)
(37.620884, 18.616589, 0.0)
(37.621342, 18.589954, 0.0)
(37.592796, 18.636709, 0.0)
(37.589561, 18.618486, 0.0)
(37.552063, 18.619980, 0.0)
(36.868011, 18.627880, 0.0)
(36.767410, 18.690109, 0.0)
(36.753357, 18.703678, 0.0)
(36.741016, 18.722960, 0.0)
(36.731544, 18.789034, 0.0)
(36.724331, 18.840055, 0.0)
(36.748837, 18.890213, 0.0)
(37.073494, 20.590656, 0.0)
(36.980316, 20.941833, 0.0)
(36.950325, 20.980471, 0.0)
(36.953434, 21.072145, 0.0)
(36.954609, 21.112232, 0.0)
(36.952774, 21.090328, 0.0)
(36.932564, 21.075241, 0.0)
(36.976658, 21.137985, 0.0)
(36.965805, 21.198414, 0.0)
(37.240910, 21.929932, 0.0)
(37.262360, 22.116783, 0.0)
(37.190422, 22.203176, 0.0)
(37.326462, 22.950634, 0.0)
(37.296883, 23.711573, 0.0)
(37.284836, 23.833759, 0.0)
(37.296951, 23.878649, 0.0)
(37.292732, 23.969261, 0.0)
(37.312637, 24.084846, 0.0)
(37.310787, 24.182350, 0.0)
(37.313953, 24.229139, 0.0)
(37.320507, 24.325415, 0.0)
(37.328262, 24.436165, 0.0)
(37.348324, 24.549971, 0.0)
(37.431309, 25.126516, 0.0)
(37.421310, 26.025972, 0.0)
(37.429394, 26.192221, 0.0)
(37.438961, 26.246885, 0.0)
(37.439278, 26.353714, 0.0)
(37.443562, 26.420900, 0.0)
(37.430435, 26.524652, 0.0)
(37.453854, 26.595995, 0.0)
(37.468796, 26.688694, 0.0)
(37.341682, 27.825888, 0.0)
(37.282047, 28.029371, 0.0)
(37.246578, 28.062225, 0.0)
(37.245945, 28.147432, 0.0)
(37.256859, 28.246267, 0.0)
(37.247402, 28.331125, 0.0)
(37.231098, 28.432570, 0.0)
(37.249290, 28.484442, 0.0)
(37.243881, 28.643236, 0.0)
(37.249157, 28.706448, 0.0)
(37.236797, 28.719574, 0.0)
(37.229851, 28.754982, 0.0)
(37.226208, 28.785444, 0.0)
(37.215240, 28.855785, 0.0)
(37.112492, 29.027534, 0.0)
(36.026943, 29.301439, 0.0)
(35.885468, 29.320726, 0.0)
(35.882401, 29.276400, 0.0)
(35.860146, 29.091002, 0.0)
(35.912781, 28.706562, 0.0)
(35.893658, 28.405121, 0.0)
(35.947216, 28.213562, 0.0)
(36.009975, 27.944294, 0.0)
(36.086552, 27.842106, 0.0)
(36.110790, 27.757027, 0.0)
(36.446045, 27.049170, 0.0)
(36.510376, 26.766424, 0.0)
(36.504093, 26.569958, 0.0)
(36.458847, 26.340412, 0.0)
(36.457623, 26.105583, 0.0)
(36.461273, 25.907034, 0.0)
(36.470245, 25.737686, 0.0)
(36.486126, 25.593857, 0.0)
(36.479668, 25.463659, 0.0)
(36.461689, 25.269314, 0.0)
(36.474903, 25.097094, 0.0)
(36.524364, 24.122627, 0.0)
(36.476337, 23.392555, 0.0)
(36.462994, 23.191309, 0.0)
(36.464771, 23.070911, 0.0)
(36.439648, 22.917196, 0.0)
(36.417404, 22.930027, 0.0)
(36.266117, 21.867214, 0.0)
(36.093761, 20.972752, 0.0)
(36.063385, 20.566551, 0.0)
(36.043896, 20.493710, 0.0)
(36.065910, 20.446600, 0.0)
(35.999294, 20.410215, 0.0)
(36.027016, 20.348381, 0.0)
(36.044521, 20.344055, 0.0)
(36.055325, 20.345942, 0.0)
(36.088886, 20.317276, 0.0)
(36.079800, 20.270958, 0.0)
(36.048977, 20.255550, 0.0)
(36.036655, 20.231646, 0.0)
(36.003597, 20.153286, 0.0)
(35.951363, 20.059139, 0.0)
(35.919373, 20.018658, 0.0)
(35.913059, 20.101877, 0.0)
(35.883614, 20.120672, 0.0)
(35.805290, 20.083868, 0.0)
(35.785042, 20.071482, 0.0)
(35.805618, 20.053642, 0.0)
(35.806923, 20.046516, 0.0)
(35.036964, 20.432383, 0.0)
(34.831219, 20.520279, 0.0)
(34.811520, 20.529123, 0.0)
(34.804497, 20.593809, 0.0)
(34.849003, 20.653313, 0.0)
(34.820747, 21.239231, 0.0)
(35.182365, 23.260515, 0.0)
(34.993690, 22.351164, 0.0)
(34.989983, 22.186209, 0.0)
(35.010971, 22.271912, 0.0)
(34.986797, 22.342783, 0.0)
(34.968884, 22.345219, 0.0)
(34.961327, 22.383812, 0.0)
(35.000565, 22.482595, 0.0)
(35.146214, 23.205162, 0.0)
(35.150558, 23.397360, 0.0)
(35.101913, 23.511002, 0.0)
(35.190998, 23.876263, 0.0)
(35.326744, 25.077726, 0.0)
(35.313984, 25.305733, 0.0)
(35.292747, 25.365744, 0.0)
(35.330780, 25.870790, 0.0)
(35.326286, 26.164156, 0.0)
(35.306580, 26.326014, 0.0)
(35.348377, 26.497450, 0.0)
(35.444038, 27.431261, 0.0)
(35.463207, 27.699680, 0.0)
(35.447716, 27.754961, 0.0)
(35.435394, 27.736786, 0.0)
(35.437126, 27.766684, 0.0)
(35.440769, 27.767984, 0.0)
(35.450245, 27.767172, 0.0)
(35.433022, 27.839127, 0.0)
(35.452946, 27.836657, 0.0)
(35.432865, 27.904419, 0.0)
(35.427067, 28.023045, 0.0)
(35.447449, 28.098169, 0.0)
(35.451176, 28.160080, 0.0)
(35.477886, 28.566469, 0.0)
(35.564632, 29.555309, 0.0)
(35.518276, 29.688719, 0.0)
(35.480537, 29.719816, 0.0)
(35.445343, 29.725538, 0.0)
(35.404137, 29.760889, 0.0)
(35.395950, 29.845837, 0.0)
(35.390713, 29.853437, 0.0)
(35.326611, 29.855431, 0.0)
(35.130550, 29.843111, 0.0)
(34.093102, 29.878296, 0.0)
(33.939671, 29.772434, 0.0)
(33.966541, 29.647478, 0.0)
(33.955475, 29.551991, 0.0)
(33.966633, 29.446686, 0.0)
(34.014843, 29.098351, 0.0)
(34.435196, 25.711727, 0.0)
(34.468773, 24.291468, 0.0)
(34.433964, 23.596817, 0.0)
(34.427704, 23.377281, 0.0)
(34.418526, 23.212917, 0.0)
(34.413593, 23.142965, 0.0)
(34.379597, 23.088728, 0.0)
(34.362701, 23.054892, 0.0)
(34.413830, 23.132790, 0.0)
(34.430588, 23.155624, 0.0)
(34.424778, 23.118233, 0.0)
(34.428326, 23.020298, 0.0)
(34.455997, 22.996458, 0.0)
(34.429768, 22.967712, 0.0)
(34.456459, 22.977203, 0.0)
(34.451351, 22.977163, 0.0)
(34.226151, 22.552496, 0.0)
(34.195549, 21.861444, 0.0)
(34.197495, 21.754251, 0.0)
(34.176998, 21.631649, 0.0)
(34.158436, 21.499615, 0.0)
(34.148991, 21.404573, 0.0)
(34.158375, 21.322510, 0.0)
(34.127449, 21.241703, 0.0)
(34.118965, 21.128582, 0.0)
(34.127449, 21.115082, 0.0)
(34.162037, 21.127542, 0.0)
(34.152187, 21.117188, 0.0)
(33.839638, 20.791470, 0.0)
(33.768215, 20.655231, 0.0)
(33.749607, 20.598009, 0.0)
(33.726337, 20.530375, 0.0)
(33.697948, 20.523434, 0.0)
(33.672882, 20.366228, 0.0)
(33.640568, 20.250584, 0.0)
(33.653973, 20.154106, 0.0)
(33.669083, 20.072287, 0.0)
(33.650391, 20.029100, 0.0)
(33.616375, 20.003748, 0.0)
(33.627571, 20.017139, 0.0)
(33.636059, 20.075823, 0.0)
(33.356514, 20.237131, 0.0)
(32.970821, 20.892345, 0.0)
(32.864380, 21.754435, 0.0)
(32.878883, 21.744669, 0.0)
(32.670277, 21.343340, 0.0)
(32.467117, 20.987986, 0.0)
(32.435608, 20.919018, 0.0)
(32.406368, 20.966112, 0.0)
(32.330280, 21.239525, 0.0)
(32.347950, 23.333921, 0.0)
(33.357834, 27.372583, 0.0)
(33.544460, 26.317184, 0.0)
(33.383137, 25.641582, 0.0)
(33.352970, 25.298199, 0.0)
(33.340401, 25.183924, 0.0)
(33.331074, 25.232538, 0.0)
(33.282581, 25.226652, 0.0)
(32.958530, 24.859245, 0.0)
(32.773312, 24.271496, 0.0)
(32.782852, 24.353075, 0.0)
(32.750412, 24.370485, 0.0)
(32.720150, 24.360893, 0.0)
(32.675766, 24.378641, 0.0)
(32.928989, 25.514214, 0.0)
(32.916523, 25.900558, 0.0)
(32.902065, 26.085037, 0.0)
(32.907009, 26.149715, 0.0)
(32.927673, 26.200899, 0.0)
(32.939312, 26.277185, 0.0)
(32.958431, 26.363724, 0.0)
(32.982494, 26.394320, 0.0)
(32.959045, 26.431765, 0.0)
(32.959011, 26.527954, 0.0)
(32.982639, 26.572659, 0.0)
(32.940933, 26.595833, 0.0)
(32.972271, 26.866381, 0.0)
(33.272938, 27.925722, 0.0)
(33.297192, 28.212297, 0.0)
(33.223862, 28.234404, 0.0)
(33.222488, 28.274553, 0.0)
(33.265881, 28.312651, 0.0)
(33.255493, 28.347221, 0.0)
(33.244987, 28.450953, 0.0)
(33.198853, 28.486605, 0.0)
(33.186886, 28.535419, 0.0)
(33.382751, 29.338177, 0.0)
(33.349823, 29.611687, 0.0)
(33.294193, 29.651701, 0.0)
(33.253426, 29.637203, 0.0)
(33.189720, 29.637203, 0.0)
(32.642288, 29.853989, 0.0)
(32.521698, 29.867517, 0.0)
(32.474190, 29.814749, 0.0)
(32.436939, 29.800121, 0.0)
(32.428852, 29.895933, 0.0)
(32.434273, 29.893328, 0.0)
(32.418705, 29.874178, 0.0)
(32.364365, 29.875067, 0.0)
(32.343121, 29.847031, 0.0)
(32.340557, 29.791067, 0.0)
(32.327950, 29.699614, 0.0)
(32.333771, 29.570551, 0.0)
(32.308777, 29.409599, 0.0)
(32.324932, 29.286936, 0.0)
(32.326183, 29.070631, 0.0)
(32.309929, 28.850660, 0.0)
(32.316917, 28.630491, 0.0)
(32.299698, 28.387703, 0.0)
(32.283489, 28.154430, 0.0)
(31.952662, 27.005632, 0.0)
(31.861143, 26.444668, 0.0)
(31.846828, 26.126429, 0.0)
(31.853130, 25.861322, 0.0)
(31.847559, 25.587481, 0.0)
(31.809528, 25.300306, 0.0)
(31.818810, 24.937439, 0.0)
(32.095974, 23.719765, 0.0)
(32.092648, 23.431738, 0.0)
(32.027069, 23.305923, 0.0)
(32.030090, 23.144785, 0.0)
(32.044247, 23.119118, 0.0)
(32.049381, 22.373108, 0.0)
(31.991636, 21.795090, 0.0)
(31.934055, 21.709425, 0.0)
(31.878857, 21.681040, 0.0)
(31.863304, 21.605083, 0.0)
(31.869259, 21.503250, 0.0)
(31.852951, 21.471579, 0.0)
(31.817554, 21.387835, 0.0)
(31.800905, 21.405420, 0.0)
(31.780762, 21.360935, 0.0)
(31.745403, 21.232859, 0.0)
(31.727642, 21.137175, 0.0)
(31.723705, 21.065536, 0.0)
(31.716078, 20.997641, 0.0)
(31.708082, 20.937809, 0.0)
(31.697695, 20.908752, 0.0)
(31.682775, 20.830830, 0.0)
(31.661280, 20.759054, 0.0)
(31.390749, 20.511995, 0.0)
(31.306311, 20.144381, 0.0)
(31.251724, 20.036415, 0.0)
(31.218006, 19.969423, 0.0)
(31.202082, 19.934845, 0.0)
(31.187965, 19.878874, 0.0)
(31.155352, 19.790348, 0.0)
(31.121588, 19.821245, 0.0)
(31.129776, 19.872566, 0.0)
(31.123461, 19.863678, 0.0)
(30.451118, 20.398623, 0.0)
(30.137297, 21.135530, 0.0)
(30.010012, 21.282885, 0.0)
(29.889992, 21.280388, 0.0)
(29.845579, 21.388002, 0.0)
(29.848335, 21.517925, 0.0)
(29.859159, 21.581015, 0.0)
(29.875078, 21.711908, 0.0)
(30.307741, 22.447908, 0.0)
(30.359814, 22.656229, 0.0)
(30.336861, 22.770828, 0.0)
(30.308491, 22.897932, 0.0)
(30.325060, 23.004812, 0.0)
(30.332554, 23.055897, 0.0)
(30.327522, 23.076672, 0.0)
(30.361364, 23.160297, 0.0)
(30.376774, 23.327660, 0.0)
(30.365330, 23.347511, 0.0)
(30.511677, 24.191137, 0.0)
(30.480532, 24.565159, 0.0)
(30.452112, 24.636768, 0.0)
(30.447964, 24.753918, 0.0)
(30.434753, 24.862690, 0.0)
(30.446310, 25.088879, 0.0)
(30.682560, 26.158775, 0.0)
(30.637302, 26.438614, 0.0)
(30.584196, 26.511778, 0.0)
(30.561281, 26.580008, 0.0)
(30.554945, 26.609472, 0.0)
(30.525284, 26.669197, 0.0)
(30.571959, 26.693316, 0.0)
(30.574547, 26.729620, 0.0)
(30.555252, 26.740622, 0.0)
(30.558052, 26.799999, 0.0)
(30.592339, 26.947588, 0.0)
(30.623756, 27.079969, 0.0)
(31.000059, 28.133507, 0.0)
(31.019417, 28.544210, 0.0)
(30.976202, 28.579725, 0.0)
(31.008781, 28.585999, 0.0)
(31.043530, 28.577917, 0.0)
(31.027636, 28.657955, 0.0)
(31.030670, 28.763819, 0.0)
(31.077076, 28.935181, 0.0)
(31.083582, 29.067337, 0.0)
(31.102795, 29.428707, 0.0)
(31.111341, 29.505146, 0.0)
(31.105867, 29.510010, 0.0)
(31.041962, 29.529799, 0.0)
(30.992016, 29.527046, 0.0)
(30.948921, 29.478945, 0.0)
(30.927294, 29.443626, 0.0)
(30.923260, 29.425659, 0.0)
(30.925413, 29.423201, 0.0)
(30.570824, 29.258429, 0.0)
(29.808456, 27.562691, 0.0)
(29.667450, 26.000353, 0.0)
(29.547476, 25.343012, 0.0)
(29.487196, 25.022022, 0.0)
(29.519596, 24.889729, 0.0)
(29.487617, 24.775272, 0.0)
(29.547930, 24.706434, 0.0)
(29.562561, 24.558386, 0.0)
(30.099188, 22.758455, 0.0)
(30.101044, 22.422693, 0.0)
(30.058666, 22.307922, 0.0)
(30.067850, 22.253954, 0.0)
(30.081375, 22.227076, 0.0)
(30.089848, 22.213478, 0.0)
(30.058590, 22.153847, 0.0)
(30.030180, 22.167341, 0.0)
(30.055866, 22.189245, 0.0)
(30.061947, 22.172384, 0.0)
(30.028269, 22.158070, 0.0)
(30.001406, 22.099325, 0.0)
(29.990589, 22.100365, 0.0)
(30.013035, 22.062635, 0.0)
(30.007215, 22.028225, 0.0)
(30.019825, 21.989120, 0.0)
(29.981794, 21.922783, 0.0)
(29.983814, 21.894674, 0.0)
(29.971216, 21.855608, 0.0)
(29.943899, 21.829908, 0.0)
(29.918938, 21.733707, 0.0)
(29.909199, 21.667681, 0.0)
(29.918009, 21.558336, 0.0)
(29.898394, 21.435175, 0.0)
(29.850424, 21.305197, 0.0)
(29.821451, 21.183920, 0.0)
(29.827835, 21.159039, 0.0)
(29.790245, 21.102074, 0.0)
(29.717585, 20.970285, 0.0)
(29.472391, 20.939890, 0.0)
(29.244492, 20.851526, 0.0)
(29.208710, 20.714375, 0.0)
(29.207846, 20.612627, 0.0)
(29.098370, 20.533611, 0.0)
(29.084553, 20.486650, 0.0)
(29.079903, 20.494482, 0.0)
(29.066341, 20.458998, 0.0)
(29.061132, 20.441996, 0.0)
(29.022896, 20.435839, 0.0)
(28.701313, 20.324392, 0.0)
(28.647190, 20.292170, 0.0)
(28.633978, 20.278870, 0.0)
(28.577223, 20.344130, 0.0)
(28.499605, 20.353235, 0.0)
(28.147228, 20.638969, 0.0)
(28.102381, 20.767368, 0.0)
(28.106634, 20.869612, 0.0)
(28.093063, 20.929504, 0.0)
(28.128834, 21.102451, 0.0)
(28.414692, 22.963646, 0.0)
(28.472170, 25.485437, 0.0)
(28.428394, 26.144396, 0.0)
(28.520191, 26.290333, 0.0)
(28.462273, 26.025864, 0.0)
(28.419941, 25.629547, 0.0)
(28.421680, 25.202621, 0.0)
(28.379875, 25.104601, 0.0)
(28.317598, 25.141239, 0.0)
(28.342573, 24.743368, 0.0)
(28.558569, 24.016788, 0.0)
(28.487013, 24.019035, 0.0)
(28.466681, 24.049896, 0.0)
(28.481104, 24.181816, 0.0)
(28.508671, 24.282692, 0.0)
(28.489399, 24.330589, 0.0)
(28.470642, 24.364752, 0.0)
(28.457901, 24.403873, 0.0)
(28.471968, 24.456160, 0.0)
(28.491741, 24.529068, 0.0)
(28.446203, 24.582361, 0.0)
(28.416933, 24.641012, 0.0)
(28.482357, 25.639929, 0.0)
(28.535891, 26.343044, 0.0)
(28.488987, 26.440844, 0.0)
(28.445295, 26.476591, 0.0)
(28.427797, 26.483480, 0.0)
(28.415934, 26.509426, 0.0)
(28.432137, 26.535019, 0.0)
(28.535023, 26.796381, 0.0)
(29.173254, 28.896526, 0.0)
(29.190557, 29.486845, 0.0)
(29.118832, 29.595682, 0.0)
(29.087114, 29.624943, 0.0)
(29.032024, 29.672550, 0.0)
(28.992229, 29.718485, 0.0)
(28.987314, 29.744629, 0.0)
(28.966475, 29.827181, 0.0)
(28.955029, 29.835314, 0.0)
(28.956121, 29.760365, 0.0)
(28.978212, 29.732115, 0.0)
(29.014795, 29.703520, 0.0)
(28.999376, 29.681019, 0.0)
(28.988831, 29.693003, 0.0)
(28.986847, 29.723969, 0.0)
(28.985531, 29.784842, 0.0)
(28.940825, 29.796486, 0.0)
(28.914362, 29.769402, 0.0)
(28.897171, 29.800888, 0.0)
(28.882610, 29.858877, 0.0)
(28.846519, 29.808037, 0.0)
(28.519655, 29.459452, 0.0)
(28.314419, 29.022509, 0.0)
(28.232588, 28.836439, 0.0)
(28.167303, 28.693634, 0.0)
(28.121336, 28.535498, 0.0)
(28.062485, 28.317890, 0.0)
(28.008713, 28.121515, 0.0)
(27.973488, 27.936480, 0.0)
(27.714407, 27.162859, 0.0)
(27.640837, 26.914696, 0.0)
(27.589668, 26.784588, 0.0)
(27.554159, 26.735340, 0.0)
(27.500271, 26.640387, 0.0)
(27.419659, 26.541321, 0.0)
(27.387852, 26.477007, 0.0)
(27.385971, 26.435741, 0.0)
(27.380957, 26.413933, 0.0)
(27.360666, 26.304592, 0.0)
(27.411201, 26.166080, 0.0)
(27.392572, 26.054516, 0.0)
(27.377764, 25.856524, 0.0)
(27.431877, 25.755772, 0.0)
(27.395334, 25.583624, 0.0)
(27.404919, 24.887356, 0.0)
(27.407640, 24.372046, 0.0)
(27.370623, 24.203997, 0.0)
(27.369543, 24.043501, 0.0)
(27.313601, 23.818100, 0.0)
(27.288252, 23.643051, 0.0)
(27.313114, 23.499685, 0.0)
(27.256609, 22.942080, 0.0)
(27.222656, 22.576015, 0.0)
(27.173105, 22.423212, 0.0)
(27.146740, 22.335762, 0.0)
(27.123873, 22.115894, 0.0)
(27.084969, 21.926708, 0.0)
(27.076180, 21.826342, 0.0)
(27.061644, 21.665438, 0.0)
(27.080280, 21.585939, 0.0)
(27.090395, 21.545271, 0.0)
(27.071440, 21.411003, 0.0)
(27.050909, 21.323883, 0.0)
(27.055948, 21.252811, 0.0)
(27.060522, 21.216007, 0.0)
(27.019701, 21.104013, 0.0)
(27.010582, 21.096638, 0.0)
(26.967505, 21.060331, 0.0)
(26.903971, 21.052738, 0.0)
(26.816210, 21.042456, 0.0)
(25.947626, 21.514793, 0.0)
(25.565378, 21.837255, 0.0)
(25.481800, 21.890093, 0.0)
(25.444057, 21.872017, 0.0)
(25.421164, 21.871725, 0.0)
(25.431416, 21.878073, 0.0)
(25.451490, 21.918823, 0.0)
(25.846876, 21.939112, 0.0)
(25.921453, 22.024498, 0.0)
(25.945549, 22.176825, 0.0)
(25.923996, 22.654049, 0.0)
(26.190779, 24.183149, 0.0)
(26.216322, 24.662676, 0.0)
(26.155333, 24.795990, 0.0)
(26.111090, 24.870304, 0.0)
(26.110485, 24.983465, 0.0)
(26.074759, 25.062792, 0.0)
(26.065468, 25.118664, 0.0)
(26.078884, 25.204073, 0.0)
(26.101967, 25.291742, 0.0)
(26.076687, 25.349333, 0.0)
(26.085865, 25.347046, 0.0)
(26.077703, 25.527802, 0.0)
(26.274281, 26.072725, 0.0)
(26.266573, 26.293604, 0.0)
(26.210640, 26.440018, 0.0)
(26.167902, 26.490196, 0.0)
(26.167322, 26.518250, 0.0)
(26.176842, 26.531597, 0.0)
(26.186646, 26.583950, 0.0)
(26.180357, 26.654341, 0.0)
(26.151318, 26.659065, 0.0)
(26.150225, 26.725435, 0.0)
(26.160616, 26.720835, 0.0)
(26.129694, 26.645805, 0.0)
(26.058067, 26.639835, 0.0)
(25.709723, 27.176535, 0.0)
(25.664148, 27.331808, 0.0)
(25.640242, 27.403803, 0.0)
(25.639393, 27.419344, 0.0)
(25.650280, 27.431547, 0.0)
(25.659903, 27.448729, 0.0)
(25.659494, 27.464252, 0.0)
(25.534079, 28.319450, 0.0)
(25.535675, 28.598858, 0.0)
(25.506317, 28.604208, 0.0)
(25.534775, 28.644855, 0.0)
(25.543819, 28.657047, 0.0)
(25.559677, 28.606701, 0.0)
(25.586353, 28.583115, 0.0)
(25.568102, 28.516672, 0.0)
(25.576221, 28.380718, 0.0)
(25.547827, 28.218859, 0.0)
(25.501707, 28.144989, 0.0)
(25.490761, 28.144249, 0.0)
(25.489946, 28.245350, 0.0)
(25.487080, 28.235937, 0.0)
(25.477451, 28.194235, 0.0)
(25.447926, 28.026409, 0.0)
(25.460365, 27.903492, 0.0)
(25.456787, 27.760656, 0.0)
(25.458801, 27.598131, 0.0)
(25.445450, 27.437782, 0.0)
(25.451420, 27.276203, 0.0)
(25.457518, 27.109476, 0.0)
(25.464417, 26.974213, 0.0)
(25.458363, 26.817698, 0.0)
(25.445393, 26.670593, 0.0)
(25.441454, 26.527849, 0.0)
(25.350288, 26.015640, 0.0)
(25.306988, 25.851561, 0.0)
(25.270603, 25.705940, 0.0)
(25.239845, 25.548685, 0.0)
(25.232609, 25.457247, 0.0)
(25.231810, 25.392712, 0.0)
(25.238667, 25.323399, 0.0)
(25.234722, 24.765022, 0.0)
(25.274994, 23.842669, 0.0)
(25.256962, 23.684050, 0.0)
(25.258604, 23.631315, 0.0)
(25.243916, 23.555853, 0.0)
(25.303320, 22.704405, 0.0)
(25.283621, 21.850657, 0.0)
(25.320734, 21.744482, 0.0)
(25.316484, 21.749660, 0.0)
(25.247856, 21.744387, 0.0)
(25.254721, 21.747498, 0.0)
(25.265221, 21.751804, 0.0)
(25.255970, 21.735022, 0.0)
(25.142218, 21.695967, 0.0)
(25.369856, 23.200182, 0.0)
(25.164637, 22.252367, 0.0)
(25.092033, 21.714928, 0.0)
(25.078918, 21.594866, 0.0)
(25.041510, 21.496929, 0.0)
(25.021318, 21.492165, 0.0)
(25.012266, 21.496162, 0.0)
(24.994457, 21.430296, 0.0)
(24.995724, 21.393621, 0.0)
(24.959877, 21.353411, 0.0)
(24.425085, 21.108980, 0.0)
(24.160309, 20.891539, 0.0)
(24.008904, 20.875937, 0.0)
(24.009287, 20.905403, 0.0)
(23.986774, 20.920507, 0.0)
(23.875425, 20.954206, 0.0)
(24.032963, 21.629475, 0.0)
(24.213989, 22.670570, 0.0)
(24.290997, 23.507568, 0.0)
(24.222246, 23.666077, 0.0)
(24.159552, 23.712404, 0.0)
(24.156046, 23.780689, 0.0)
(24.231403, 23.758497, 0.0)
(24.268475, 23.830879, 0.0)
(24.246613, 23.922712, 0.0)
(24.111137, 23.635681, 0.0)
(24.074594, 23.614117, 0.0)
(24.074263, 23.741852, 0.0)
(24.085287, 23.773003, 0.0)
(24.064323, 23.806593, 0.0)
(24.066906, 23.852896, 0.0)
(24.083561, 23.923887, 0.0)
(24.055206, 23.962048, 0.0)
(24.032928, 23.980236, 0.0)
(24.439133, 24.742311, 0.0)
(24.485895, 25.027309, 0.0)
(24.464727, 25.168123, 0.0)
(24.450733, 25.372185, 0.0)
(24.512480, 25.804825, 0.0)
(24.749693, 26.764133, 0.0)
(24.703772, 26.996286, 0.0)
(24.681280, 27.068018, 0.0)
(24.664312, 27.161718, 0.0)
(24.648098, 27.187481, 0.0)
(24.669098, 27.251541, 0.0)
(25.019054, 27.970371, 0.0)
(25.017029, 28.116001, 0.0)
(24.976055, 28.124432, 0.0)
(24.950272, 28.167704, 0.0)
(24.971806, 28.218653, 0.0)
(24.984636, 28.270020, 0.0)
(24.929914, 28.237429, 0.0)
(24.929581, 28.240452, 0.0)
(24.955435, 28.310503, 0.0)
(25.006220, 28.430170, 0.0)
(25.024204, 28.423725, 0.0)
(25.017206, 28.442873, 0.0)
(25.026501, 28.399794, 0.0)
(25.030806, 28.440435, 0.0)
(25.061567, 28.522814, 0.0)
(25.087288, 28.586422, 0.0)
(25.093550, 28.644630, 0.0)
(25.117496, 28.714371, 0.0)
(25.267296, 29.554470, 0.0)
(25.322147, 29.765699, 0.0)
(25.317202, 29.804174, 0.0)
(25.283716, 29.866114, 0.0)
(25.278612, 29.875031, 0.0)
(25.293369, 29.904129, 0.0)
(25.249369, 29.908535, 0.0)
(25.279797, 29.951153, 0.0)
(25.794327, 29.776745, 0.0)
(29.792313, 28.677917, 0.0)
(34.698879, 26.152081, 0.0)
(34.500828, 24.899317, 0.0)
(34.356163, 24.116226, 0.0)
(34.288010, 23.946407, 0.0)
(34.297832, 24.022137, 0.0)
(34.271511, 24.009010, 0.0)
(34.282246, 24.019121, 0.0)
(34.292198, 24.009937, 0.0)
(34.283813, 23.942101, 0.0)
(32.809128, 24.523451, 0.0)
(28.515697, 26.175892, 0.0)
(26.394600, 27.379021, 0.0)
(25.609625, 28.203444, 0.0)
(25.551895, 28.299292, 0.0)
(25.546774, 28.358974, 0.0)
(25.535498, 28.411413, 0.0)
(25.521904, 28.377901, 0.0)
(25.551264, 28.416803, 0.0)
(28.371593, 28.718681, 0.0)
(31.894053, 25.872362, 0.0)
(31.767508, 24.897062, 0.0)
(31.710522, 24.321877, 0.0)
(31.720127, 24.215359, 0.0)
(31.714849, 24.175735, 0.0)
(31.680046, 24.185402, 0.0)
(31.718737, 24.204353, 0.0)
(31.739611, 24.240976, 0.0)
(31.710903, 24.215809, 0.0)
(31.700539, 24.206261, 0.0)
(31.724846, 24.216890, 0.0)
(31.755907, 24.251955, 0.0)
(31.769140, 24.301239, 0.0)
(31.788357, 24.285429, 0.0)
(34.762642, 24.051464, 0.0)
(37.039192, 23.974033, 0.0)
(37.201729, 23.915680, 0.0)
(37.178501, 23.877382, 0.0)
(37.106640, 23.800825, 0.0)
(36.652210, 25.260408, 0.0)
