(37.482185, 27.682663, 0.0)
(37.257339, 26.602385, 0.0)
(37.161049, 26.040710, 0.0)
(37.152561, 25.773157, 0.0)
(37.109272, 25.582083, 0.0)
(37.086033, 25.430807, 0.0)
(37.118126, 25.479881, 0.0)
(37.121807, 25.460560, 0.0)
(37.112946, 25.415537, 0.0)
(37.093601, 25.434631, 0.0)
(37.066502, 25.567087, 0.0)
(37.162605, 26.907084, 0.0)
(37.522118, 26.847246, 0.0)
(37.336475, 25.793827, 0.0)
(37.294590, 25.229177, 0.0)
(37.264679, 24.935385, 0.0)
(37.255554, 24.882034, 0.0)
(37.294502, 24.943172, 0.0)
(37.275028, 25.053152, 0.0)
(37.304672, 25.135523, 0.0)
(37.311314, 25.164082, 0.0)
(37.282749, 25.179356, 0.0)
(37.284012, 25.209284, 0.0)
(37.320648, 25.225117, 0.0)
(37.314728, 25.194288, 0.0)
(37.254425, 25.140814, 0.0)
(37.296936, 25.135876, 0.0)
(37.340382, 25.156652, 0.0)
(37.343884, 25.204336, 0.0)
(37.359901, 25.176321, 0.0)
(37.350887, 25.187750, 0.0)
(37.349529, 25.245155, 0.0)
(37.345161, 25.238470, 0.0)
(37.349529, 25.245155, 0.0)
(37.337364, 25.270056, 0.0)
(37.316586, 25.291952, 0.0)
(37.276756, 25.333004, 0.0)
(37.206207, 25.422714, 0.0)
(37.221031, 25.506227, 0.0)
(37.222073, 25.516108, 0.0)
(37.218552, 25.496275, 0.0)
(37.190475, 25.435558, 0.0)
(37.207535, 25.441935, 0.0)
(37.201534, 25.469854, 0.0)
(37.196320, 25.439697, 0.0)
(37.173306, 25.301624, 0.0)
(37.228035, 25.304100, 0.0)
(37.206039, 25.352686, 0.0)
(37.182159, 25.355009, 0.0)
(37.158031, 25.316536, 0.0)
(37.138599, 25.353609, 0.0)
(37.133217, 25.335587, 0.0)
(37.126827, 25.336723, 0.0)
(37.128582, 25.358114, 0.0)
(37.146820, 25.403076, 0.0)
(37.147652, 25.405718, 0.0)
(37.138950, 25.393307, 0.0)
(37.121696, 25.352209, 0.0)
(37.154171, 25.360735, 0.0)
(37.184467, 25.387814, 0.0)
(37.205471, 25.441053, 0.0)
(37.212322, 25.448896, 0.0)
(37.204979, 25.473293, 0.0)
(37.194756, 25.468529, 0.0)
(37.169067, 25.390129, 0.0)
(37.181755, 25.334648, 0.0)
(37.180935, 25.315456, 0.0)
(37.149853, 25.300608, 0.0)
(37.158897, 25.321234, 0.0)
(37.153736, 25.397575, 0.0)
(37.177063, 25.408659, 0.0)
(37.197037, 25.388666, 0.0)
(37.169918, 25.312057, 0.0)
(37.170769, 25.206554, 0.0)
(36.857533, 25.148848, 0.0)
(36.860077, 25.197046, 0.0)
(36.835838, 25.311886, 0.0)
(36.759251, 25.321259, 0.0)
(36.811863, 25.392876, 0.0)
(36.829689, 25.459204, 0.0)
(36.795830, 25.418879, 0.0)
(36.795830, 25.418879, 0.0)
(36.785469, 25.424896, 0.0)
(36.786896, 25.415676, 0.0)
(36.794090, 25.411263, 0.0)
(36.797470, 25.402033, 0.0)
(36.780327, 25.465982, 0.0)
(36.790768, 25.443054, 0.0)
(36.806438, 25.455967, 0.0)
(36.812675, 25.453537, 0.0)
(36.788101, 25.411917, 0.0)
(36.803608, 25.436623, 0.0)
(36.811642, 25.464485, 0.0)
(36.811939, 25.476128, 0.0)
(36.822159, 25.475924, 0.0)
(36.817005, 25.449528, 0.0)
(36.805527, 25.448505, 0.0)
(36.804214, 25.441547, 0.0)
(36.804371, 25.427437, 0.0)
(36.835651, 25.454939, 0.0)
(36.855091, 25.496775, 0.0)
(36.919704, 25.546530, 0.0)
(37.276550, 25.564217, 0.0)
(37.324123, 25.597641, 0.0)
(37.357845, 25.667843, 0.0)
(37.359756, 25.668713, 0.0)
(37.319336, 25.630337, 0.0)
(37.322338, 25.625372, 0.0)
(37.347164, 25.626940, 0.0)
(37.347107, 25.632395, 0.0)
(37.349575, 25.630356, 0.0)
(37.363850, 25.657331, 0.0)
(37.362442, 25.690172, 0.0)
(37.364788, 25.681705, 0.0)
(37.350662, 25.633453, 0.0)
(37.344177, 25.627007, 0.0)
(37.853336, 28.944090, 0.0)
(37.472443, 27.162365, 0.0)
(37.264709, 26.059221, 0.0)
(37.266705, 25.611809, 0.0)
(37.233234, 25.523909, 0.0)
(37.232040, 25.547354, 0.0)
(37.267006, 25.609020, 0.0)
(37.270927, 25.619087, 0.0)
(37.251995, 25.588579, 0.0)
(37.243008, 25.598038, 0.0)
(37.246719, 25.631956, 0.0)
(37.243668, 25.632225, 0.0)
(37.225838, 25.617178, 0.0)
(37.247986, 25.663052, 0.0)
(37.296375, 25.727518, 0.0)
(37.291462, 25.768158, 0.0)
(37.300900, 25.811075, 0.0)
(37.322620, 25.819723, 0.0)
(37.338791, 25.873367, 0.0)
(37.337692, 25.878906, 0.0)
(37.325771, 25.771631, 0.0)
(37.327644, 25.743889, 0.0)
(37.326496, 25.740810, 0.0)
(37.323521, 25.693905, 0.0)
(37.309654, 25.672108, 0.0)
(37.317799, 25.724474, 0.0)
(37.317719, 25.738905, 0.0)
(37.331329, 25.719183, 0.0)
(37.344936, 25.651810, 0.0)
(37.343628, 25.635073, 0.0)
(37.344486, 25.596996, 0.0)
(37.317112, 25.596140, 0.0)
(37.314774, 25.621695, 0.0)
(37.335705, 25.612339, 0.0)
(37.333439, 25.658043, 0.0)
(37.306892, 25.560522, 0.0)
(37.295593, 25.525093, 0.0)
(37.322021, 25.517879, 0.0)
(37.341709, 25.538774, 0.0)
(37.338627, 25.522921, 0.0)
(37.341370, 25.512516, 0.0)
(37.343319, 25.515347, 0.0)
(37.345695, 25.541840, 0.0)
(37.355999, 25.568027, 0.0)
(37.380253, 25.546364, 0.0)
(37.357986, 25.553358, 0.0)
(37.359070, 25.573311, 0.0)
(37.367397, 25.611477, 0.0)
(37.372803, 25.614782, 0.0)
(37.364933, 25.595074, 0.0)
(37.346737, 25.504560, 0.0)
(37.321228, 25.409754, 0.0)
(37.335918, 25.414312, 0.0)
(41.025436, 27.901373, 0.0)
(43.567276, 29.808521, 0.0)
(44.846859, 31.882174, 0.0)
(45.419037, 31.848429, 0.0)
(45.389931, 31.563276, 0.0)
(45.351955, 31.449726, 0.0)
(45.382488, 31.487698, 0.0)
(45.325119, 31.474960, 0.0)
(45.293083, 31.518269, 0.0)
(45.288109, 31.542107, 0.0)
(45.320072, 31.564999, 0.0)
(45.338341, 31.614075, 0.0)
(45.336395, 31.582743, 0.0)
(45.316570, 31.483358, 0.0)
(45.290886, 31.469151, 0.0)
(45.329205, 31.515329, 0.0)
(45.315617, 31.608044, 0.0)
(45.292015, 31.621832, 0.0)
(45.306202, 31.652113, 0.0)
(45.314449, 31.709999, 0.0)
(45.310730, 31.693083, 0.0)
(45.322197, 31.681112, 0.0)
(45.339542, 31.759340, 0.0)
(45.325584, 31.765095, 0.0)
(45.334305, 31.812166, 0.0)
(45.347702, 31.881617, 0.0)
(45.363525, 31.914303, 0.0)
(45.374561, 31.962830, 0.0)
(45.335468, 31.938068, 0.0)
(45.295715, 31.905548, 0.0)
(45.318520, 31.965405, 0.0)
(45.329605, 32.035053, 0.0)
(45.304508, 32.027973, 0.0)
(45.297146, 32.048912, 0.0)
(45.296158, 32.072666, 0.0)
(44.305912, 29.189295, 0.0)
(43.319221, 26.648884, 0.0)
(41.932266, 22.392826, 0.0)
(41.145500, 21.470476, 0.0)
(41.088013, 21.611902, 0.0)
(41.104321, 21.701979, 0.0)
(41.111595, 21.690689, 0.0)
(41.073132, 21.589436, 0.0)
(41.121445, 21.565218, 0.0)
(41.143364, 21.527727, 0.0)
(41.152317, 21.545511, 0.0)
(41.146381, 21.541685, 0.0)
(41.159985, 21.579004, 0.0)
(41.121780, 21.559334, 0.0)
(41.116802, 21.501755, 0.0)
(41.113735, 21.487902, 0.0)
(41.124588, 21.461321, 0.0)
(41.112122, 21.442736, 0.0)
(41.103832, 21.436750, 0.0)
(41.096474, 21.440647, 0.0)
(41.107170, 21.444534, 0.0)
(41.080910, 21.401011, 0.0)
(41.041969, 21.345444, 0.0)
(41.063812, 21.361729, 0.0)
(41.082497, 21.335892, 0.0)
(41.046452, 21.317724, 0.0)
(41.050789, 21.300823, 0.0)
(41.047531, 21.311041, 0.0)
(41.010204, 21.321493, 0.0)
(40.974247, 21.207411, 0.0)
(40.976761, 21.105181, 0.0)
(40.979782, 21.089575, 0.0)
(40.956493, 21.088654, 0.0)
(40.891552, 21.053169, 0.0)
(40.912071, 21.089405, 0.0)
(40.932739, 21.187082, 0.0)
(40.719673, 21.333334, 0.0)
(37.848694, 23.056564, 0.0)
(34.398361, 25.382914, 0.0)
(31.946587, 28.097176, 0.0)
(29.955261, 30.702320, 0.0)
(28.557779, 31.836920, 0.0)
(28.357143, 31.917007, 0.0)
(28.299442, 31.950315, 0.0)
(28.234304, 32.064312, 0.0)
(28.219191, 32.104332, 0.0)
(28.209814, 32.137196, 0.0)
(28.181709, 32.179939, 0.0)
(28.179564, 32.219376, 0.0)
(28.198713, 32.260170, 0.0)
(28.198055, 32.306072, 0.0)
(28.176296, 32.288082, 0.0)
(28.167517, 32.238564, 0.0)
(28.155275, 32.263554, 0.0)
(28.170979, 32.283195, 0.0)
(28.170464, 32.301258, 0.0)
(28.159809, 32.304157, 0.0)
(28.170494, 32.339005, 0.0)
(28.170494, 32.339005, 0.0)
(28.146147, 32.357395, 0.0)
(28.169504, 32.387482, 0.0)
(28.166695, 32.400452, 0.0)
(28.128284, 32.056240, 0.0)
(27.501356, 28.457283, 0.0)
(27.281742, 26.565222, 0.0)
(27.185383, 26.582644, 0.0)
(27.149258, 26.626827, 0.0)
(27.133064, 26.585110, 0.0)
(27.135944, 26.584616, 0.0)
(27.140505, 26.630663, 0.0)
(27.138294, 26.634235, 0.0)
(27.105021, 26.615295, 0.0)
(27.125404, 26.596258, 0.0)
(27.102203, 26.528025, 0.0)
(27.094027, 26.495272, 0.0)
(27.036638, 24.808153, 0.0)
(27.023794, 23.254965, 0.0)
(26.971682, 23.281185, 0.0)
(26.944626, 23.350958, 0.0)
(26.941484, 23.349989, 0.0)
(26.931604, 23.345381, 0.0)
(26.888279, 23.259521, 0.0)
(26.863039, 23.162365, 0.0)
(26.881184, 23.162258, 0.0)
(26.900574, 23.159590, 0.0)
(26.880924, 23.156923, 0.0)
(26.898912, 23.169390, 0.0)
(26.907293, 23.161531, 0.0)
(26.915375, 23.122101, 0.0)
(26.924513, 23.122654, 0.0)
(26.926052, 23.105509, 0.0)
(26.931156, 23.095652, 0.0)
(26.934809, 23.093346, 0.0)
(26.932087, 23.087465, 0.0)
(26.937719, 23.064201, 0.0)
(26.961662, 23.077345, 0.0)
(26.945024, 23.016584, 0.0)
(26.919127, 22.941252, 0.0)
(26.966221, 22.932211, 0.0)
(26.977972, 22.963217, 0.0)
(26.966183, 22.981085, 0.0)
(26.982344, 22.995472, 0.0)
(27.012091, 23.028820, 0.0)
(27.010128, 23.043472, 0.0)
(27.016329, 23.041405, 0.0)
(27.023623, 23.009569, 0.0)
(27.029470, 23.025450, 0.0)
(27.023823, 23.050671, 0.0)
(27.031971, 23.086906, 0.0)
(27.042738, 23.107121, 0.0)
(27.044865, 23.130793, 0.0)
(27.022530, 23.148048, 0.0)
(27.041767, 23.129841, 0.0)
(31.546135, 23.514322, 0.0)
(36.189007, 24.399174, 0.0)
(36.440079, 24.488298, 0.0)
(36.389141, 24.427927, 0.0)
(36.372002, 24.427439, 0.0)
(37.069828, 25.310144, 0.0)
(37.005074, 25.371544, 0.0)
(36.999802, 25.363544, 0.0)
(36.972382, 25.398932, 0.0)
(36.959976, 25.415985, 0.0)
(36.967796, 25.472168, 0.0)
(36.977497, 25.504299, 0.0)
(36.991341, 25.538012, 0.0)
(36.964046, 25.466314, 0.0)
(36.937000, 25.434824, 0.0)
(36.951229, 25.441742, 0.0)
(36.956493, 25.467207, 0.0)
(36.958847, 25.493685, 0.0)
(36.962238, 25.520632, 0.0)
(36.965656, 25.601158, 0.0)
(36.954758, 25.608097, 0.0)
(36.951519, 25.596739, 0.0)
(36.961426, 25.568365, 0.0)
(36.942513, 25.562592, 0.0)
(36.925724, 25.548410, 0.0)
(36.924835, 25.570757, 0.0)
(36.945137, 25.595875, 0.0)
(36.933022, 25.590876, 0.0)
(36.903103, 25.528564, 0.0)
(36.883167, 25.483641, 0.0)
(36.922089, 25.515476, 0.0)
(36.913986, 25.524502, 0.0)
(36.873390, 25.505377, 0.0)
(36.888802, 25.523540, 0.0)
(36.873070, 25.544458, 0.0)
(36.845531, 25.533180, 0.0)
(36.715801, 25.567791, 0.0)
(33.482620, 27.730360, 0.0)
(30.383850, 29.481535, 0.0)
(29.032873, 32.185059, 0.0)
(28.208500, 32.980930, 0.0)
(27.946537, 32.810532, 0.0)
(27.902201, 32.664341, 0.0)
(27.839537, 32.552147, 0.0)
(27.824142, 32.457497, 0.0)
(27.835306, 32.451496, 0.0)
(27.834837, 32.507370, 0.0)
(27.835871, 32.492493, 0.0)
(27.849527, 32.524632, 0.0)
(30.838873, 32.071083, 0.0)
(31.791180, 32.043819, 0.0)
(31.826029, 32.104099, 0.0)
(31.822369, 32.144691, 0.0)
(31.852077, 32.198868, 0.0)
(33.825798, 31.957573, 0.0)
(33.980732, 32.011356, 0.0)
(34.052006, 32.090912, 0.0)
(34.108131, 32.084564, 0.0)
(35.019779, 32.028042, 0.0)
(37.295853, 31.999226, 0.0)
(37.345959, 32.086349, 0.0)
(37.363277, 32.183338, 0.0)
(37.444592, 32.238132, 0.0)
(37.492603, 32.301895, 0.0)
(38.104332, 32.371712, 0.0)
(40.251362, 32.212616, 0.0)
(40.281120, 32.315681, 0.0)
(40.288853, 32.342369, 0.0)
(40.294823, 32.408367, 0.0)
(40.341610, 32.460861, 0.0)
(40.368019, 32.509960, 0.0)
(40.383495, 32.553596, 0.0)
(41.562290, 32.421314, 0.0)
(42.076630, 32.200417, 0.0)
(42.141243, 32.285904, 0.0)
(42.198761, 32.304306, 0.0)
(42.194241, 32.285404, 0.0)
(42.385567, 32.370228, 0.0)
(44.271366, 32.160873, 0.0)
(44.503571, 32.177105, 0.0)
(44.487976, 32.176403, 0.0)
(44.493492, 32.206844, 0.0)
(44.492023, 32.157009, 0.0)
(44.497185, 32.208389, 0.0)
(44.515556, 32.230839, 0.0)
(44.518917, 32.252186, 0.0)
(44.504169, 32.177868, 0.0)
(44.467888, 32.077602, 0.0)
(45.002911, 31.547176, 0.0)
(45.051743, 31.446754, 0.0)
(45.004700, 31.512239, 0.0)
(45.003353, 31.555111, 0.0)
(44.985153, 31.570354, 0.0)
(44.956966, 31.550163, 0.0)
(44.969738, 31.518553, 0.0)
(44.929569, 31.484690, 0.0)
(43.638054, 31.199873, 0.0)
(43.568172, 31.225925, 0.0)
(43.564026, 31.241720, 0.0)
(43.508911, 31.233057, 0.0)
(43.450512, 31.198574, 0.0)
(43.260094, 31.121607, 0.0)
(42.113937, 31.087082, 0.0)
(40.981842, 31.215126, 0.0)
(40.800720, 31.218605, 0.0)
(40.737400, 31.221430, 0.0)
(40.675327, 31.242853, 0.0)
(40.609798, 31.272125, 0.0)
(40.529896, 31.246901, 0.0)
(40.480007, 31.248199, 0.0)
(40.385357, 31.254702, 0.0)
(40.261677, 31.268833, 0.0)
(38.452698, 31.301088, 0.0)
(38.253345, 31.349451, 0.0)
(38.226097, 31.355154, 0.0)
(38.129143, 31.275826, 0.0)
(38.028526, 31.229063, 0.0)
(37.996124, 31.237730, 0.0)
(37.970867, 31.269112, 0.0)
(36.465950, 31.297369, 0.0)
(35.912022, 31.256760, 0.0)
(35.869205, 31.227856, 0.0)
(35.782898, 31.224386, 0.0)
(35.716507, 31.158493, 0.0)
(35.701317, 31.170605, 0.0)
(33.665543, 31.291506, 0.0)
(31.632576, 31.575468, 0.0)
(31.520630, 31.640564, 0.0)
(31.531446, 32.022617, 0.0)
(31.516975, 32.181812, 0.0)
(31.405914, 31.984703, 0.0)
(31.363495, 31.829929, 0.0)
(31.382853, 31.848742, 0.0)
(31.342121, 31.882200, 0.0)
(29.253601, 32.262192, 0.0)
(28.609491, 32.357018, 0.0)
(28.574034, 32.357643, 0.0)
(28.555307, 32.350536, 0.0)
(28.540653, 32.254395, 0.0)
(28.539549, 32.186436, 0.0)
(28.535015, 32.185913, 0.0)
(28.581276, 32.181755, 0.0)
(28.616072, 32.151154, 0.0)
(28.541992, 32.143284, 0.0)
(28.470581, 32.162613, 0.0)
(28.545435, 32.144611, 0.0)
(28.583576, 32.154755, 0.0)
(28.566250, 32.195675, 0.0)
(28.565384, 32.121090, 0.0)
(28.590460, 32.142754, 0.0)
(28.598228, 32.187176, 0.0)
(28.604380, 32.268051, 0.0)
(31.364525, 31.895887, 0.0)
(32.037323, 32.005165, 0.0)
(32.080635, 32.130001, 0.0)
(32.097664, 32.143940, 0.0)
(32.125710, 32.126522, 0.0)
(32.132164, 32.076355, 0.0)
(32.161011, 31.953882, 0.0)
(32.157497, 31.851849, 0.0)
(32.222561, 31.760641, 0.0)
(32.295223, 31.640394, 0.0)
(32.295177, 31.499586, 0.0)
(33.940720, 31.155252, 0.0)
(34.790447, 31.052858, 0.0)
(34.854137, 31.076662, 0.0)
(34.924286, 31.169966, 0.0)
(34.982853, 31.252575, 0.0)
(35.007168, 31.364431, 0.0)
(35.059525, 31.381346, 0.0)
(35.274277, 31.310980, 0.0)
(37.636986, 31.202148, 0.0)
(37.716908, 31.175394, 0.0)
(37.771263, 31.161165, 0.0)
(37.915749, 31.269836, 0.0)
(38.000435, 31.314585, 0.0)
(38.070938, 31.290970, 0.0)
(38.179585, 31.336842, 0.0)
(38.604359, 31.407042, 0.0)
(39.996986, 31.336044, 0.0)
(40.042515, 31.352886, 0.0)
(40.077911, 31.383593, 0.0)
(40.112541, 31.413841, 0.0)
(40.139694, 31.423927, 0.0)
(41.145859, 31.486145, 0.0)
(42.617435, 31.481333, 0.0)
(42.668907, 31.409719, 0.0)
(42.620579, 31.386480, 0.0)
(42.658901, 31.334215, 0.0)
(42.678104, 31.342897, 0.0)
(43.874969, 31.464035, 0.0)
(44.674995, 31.416378, 0.0)
(44.681370, 31.418627, 0.0)
(44.656143, 31.400045, 0.0)
(44.682335, 31.362997, 0.0)
(44.702904, 31.405355, 0.0)
(44.720085, 31.386793, 0.0)
(44.752739, 31.413382, 0.0)
(45.568039, 30.853504, 0.0)
(45.628231, 30.814150, 0.0)
(45.609596, 30.848557, 0.0)
(45.594688, 30.818401, 0.0)
(45.597443, 30.821150, 0.0)
(45.626984, 30.915365, 0.0)
(45.548656, 30.908802, 0.0)
(45.545685, 30.911291, 0.0)
(45.550262, 30.968498, 0.0)
(45.507130, 30.905949, 0.0)
(45.388119, 30.854662, 0.0)
(43.996780, 30.522820, 0.0)
(43.917221, 30.562000, 0.0)
(43.926373, 30.532310, 0.0)
(43.897285, 30.572361, 0.0)
(43.784500, 30.573854, 0.0)
(43.740314, 30.582836, 0.0)
(43.649776, 30.570599, 0.0)
(43.518295, 30.482134, 0.0)
(43.457687, 30.466084, 0.0)
(43.345997, 30.465763, 0.0)
(41.547062, 30.467052, 0.0)
(41.406052, 30.497190, 0.0)
(41.368694, 30.538702, 0.0)
(41.291054, 30.578949, 0.0)
(41.187817, 30.511856, 0.0)
(41.010784, 30.524483, 0.0)
(39.074738, 30.414978, 0.0)
(38.855289, 30.406387, 0.0)
(38.816082, 30.427744, 0.0)
(38.775497, 30.474058, 0.0)
(38.682747, 30.464766, 0.0)
(38.619053, 30.468098, 0.0)
(38.499313, 30.450863, 0.0)
(36.731224, 30.301992, 0.0)
(36.476448, 30.347422, 0.0)
(36.401871, 30.380659, 0.0)
(36.141216, 30.741457, 0.0)
(35.405327, 32.786335, 0.0)
(34.495056, 34.272430, 0.0)
(33.286503, 33.750908, 0.0)
(32.695713, 32.944870, 0.0)
(32.627861, 32.450546, 0.0)
(32.567863, 32.075497, 0.0)
(32.524765, 31.895283, 0.0)
(32.501434, 31.910816, 0.0)
(28.881426, 34.069515, 0.0)
(28.528572, 33.136513, 0.0)
(28.228285, 32.446579, 0.0)
(28.221931, 32.047504, 0.0)
(28.199621, 31.846859, 0.0)
(28.187344, 31.673136, 0.0)
(28.171309, 31.568853, 0.0)
(28.150179, 31.465288, 0.0)
(28.146929, 31.366055, 0.0)
(28.099005, 31.247782, 0.0)
(28.103699, 31.177233, 0.0)
(28.106884, 31.062681, 0.0)
(28.073795, 30.985338, 0.0)
(28.063637, 30.838390, 0.0)
(28.083832, 30.741592, 0.0)
(28.131643, 30.626873, 0.0)
(28.157839, 30.578051, 0.0)
(28.826906, 30.357174, 0.0)
(31.543726, 29.813812, 0.0)
(31.691349, 29.885900, 0.0)
(31.726765, 29.862270, 0.0)
(31.818342, 29.869606, 0.0)
(31.872591, 29.869024, 0.0)
(31.967379, 29.846699, 0.0)
(32.052773, 29.798613, 0.0)
(32.088982, 29.706631, 0.0)
(32.210564, 29.633352, 0.0)
(32.292709, 29.643791, 0.0)
(32.390022, 29.662331, 0.0)
(33.934536, 29.468977, 0.0)
(35.114685, 29.387733, 0.0)
(35.190392, 29.464680, 0.0)
(35.265766, 29.470507, 0.0)
(35.313816, 29.454445, 0.0)
(35.387882, 29.508085, 0.0)
(36.958538, 29.378759, 0.0)
(37.670704, 29.392551, 0.0)
(37.761295, 29.368147, 0.0)
(37.837418, 29.374928, 0.0)
(37.881824, 29.364531, 0.0)
(37.935993, 29.362852, 0.0)
(38.652069, 29.354420, 0.0)
(41.225857, 29.484474, 0.0)
(41.298210, 29.564186, 0.0)
(41.289619, 29.599941, 0.0)
(41.282894, 29.574501, 0.0)
(41.276264, 29.574867, 0.0)
(41.320782, 29.595898, 0.0)
(41.318649, 29.592167, 0.0)
(41.302647, 29.591562, 0.0)
(42.200459, 29.709248, 0.0)
(44.479473, 29.849298, 0.0)
(45.084030, 29.840628, 0.0)
(45.103271, 29.838953, 0.0)
(45.081642, 29.898409, 0.0)
(45.017593, 29.922092, 0.0)
(45.072430, 29.984747, 0.0)
(45.065002, 29.999924, 0.0)
(45.065624, 29.971643, 0.0)
(45.052704, 29.935446, 0.0)
(44.970310, 29.784916, 0.0)
(44.982922, 29.745811, 0.0)
(45.012989, 29.805590, 0.0)
(45.014984, 29.803083, 0.0)
(45.013084, 29.833387, 0.0)
(45.024353, 29.844805, 0.0)
(44.998325, 29.834301, 0.0)
(44.982224, 29.765766, 0.0)
(44.857407, 29.537046, 0.0)
(44.652191, 28.965590, 0.0)
(44.618557, 28.806147, 0.0)
(44.588707, 28.834806, 0.0)
(44.560646, 28.862722, 0.0)
(44.559326, 28.899302, 0.0)
(44.521885, 28.836655, 0.0)
(43.597363, 28.610710, 0.0)
(42.852585, 28.511562, 0.0)
(42.760006, 28.529230, 0.0)
(42.709076, 28.582878, 0.0)
(42.663429, 28.596539, 0.0)
(42.567944, 28.641026, 0.0)
(42.504574, 28.642035, 0.0)
(42.433388, 28.606178, 0.0)
(40.635159, 28.553179, 0.0)
(39.684357, 28.552345, 0.0)
(39.576847, 28.587988, 0.0)
(39.516640, 28.595549, 0.0)
(39.471310, 28.647907, 0.0)
(39.378902, 28.596130, 0.0)
(39.246990, 28.464817, 0.0)
(39.206799, 28.406557, 0.0)
(39.203587, 28.430208, 0.0)
(39.126965, 28.431545, 0.0)
(37.222393, 28.451849, 0.0)
(36.465981, 28.566101, 0.0)
(36.365601, 28.635548, 0.0)
(36.261669, 28.617720, 0.0)
(36.218929, 28.577511, 0.0)
(36.183769, 28.569603, 0.0)
(35.789490, 28.539928, 0.0)
(33.219234, 28.645357, 0.0)
(32.429035, 28.752079, 0.0)
(32.345390, 28.827662, 0.0)
(32.275494, 28.826345, 0.0)
(32.224312, 28.803856, 0.0)
(32.174500, 28.816154, 0.0)
(32.175541, 28.808300, 0.0)
(32.120277, 28.826880, 0.0)
(32.048683, 28.818481, 0.0)
(32.000462, 28.824369, 0.0)
(31.512869, 29.009375, 0.0)
(29.505404, 29.325962, 0.0)
(29.242754, 29.279696, 0.0)
(29.154062, 29.287680, 0.0)
(29.143833, 29.303587, 0.0)
(27.897217, 29.710649, 0.0)
(27.492634, 29.678459, 0.0)
(27.465828, 29.669094, 0.0)
(27.425196, 29.649010, 0.0)
(27.412531, 29.583981, 0.0)
(27.415731, 29.564959, 0.0)
(27.425493, 29.600246, 0.0)
(27.435942, 29.636574, 0.0)
(27.437443, 29.618599, 0.0)
(27.473185, 29.632925, 0.0)
(27.482761, 29.631176, 0.0)
(27.495132, 29.620932, 0.0)
(27.596640, 29.600498, 0.0)
(27.896904, 29.455095, 0.0)
(29.935694, 28.776442, 0.0)
(30.024042, 28.814577, 0.0)
(30.061155, 28.847736, 0.0)
(30.157272, 28.923197, 0.0)
(30.200575, 28.875904, 0.0)
(30.242775, 28.791716, 0.0)
(30.334560, 28.835432, 0.0)
(30.762403, 28.825375, 0.0)
(34.632538, 28.213411, 0.0)
(34.906254, 28.392063, 0.0)
(34.981106, 28.435987, 0.0)
(35.004932, 28.422493, 0.0)
(35.042816, 28.438549, 0.0)
(35.118774, 28.432844, 0.0)
(35.170090, 28.425714, 0.0)
(35.240143, 28.426582, 0.0)
(35.303894, 28.457308, 0.0)
(35.395466, 28.469212, 0.0)
(35.637665, 28.445185, 0.0)
(37.068813, 28.166832, 0.0)
(37.194580, 28.177187, 0.0)
(37.305679, 28.202736, 0.0)
(37.355499, 28.252796, 0.0)
(37.430256, 28.263910, 0.0)
(38.719200, 28.432915, 0.0)
(39.593761, 28.477089, 0.0)
(39.635094, 28.420412, 0.0)
(39.688862, 28.379412, 0.0)
(39.750748, 28.359161, 0.0)
(39.764202, 28.387779, 0.0)
(39.831974, 28.424559, 0.0)
(39.963310, 28.517931, 0.0)
(41.558994, 28.733168, 0.0)
(41.648357, 28.681435, 0.0)
(41.641476, 28.633312, 0.0)
(41.710083, 28.675945, 0.0)
(42.012905, 28.792402, 0.0)
(44.244385, 29.207661, 0.0)
(44.619884, 29.288630, 0.0)
(44.605801, 29.342016, 0.0)
(44.576012, 29.370409, 0.0)
(44.602524, 29.370140, 0.0)
(44.613327, 29.390284, 0.0)
(44.953526, 29.296282, 0.0)
(45.452007, 29.209341, 0.0)
(45.438942, 29.213917, 0.0)
(45.435692, 29.203485, 0.0)
(45.406372, 29.214140, 0.0)
(45.374744, 29.074015, 0.0)
(45.375259, 29.041845, 0.0)
(45.387486, 29.051058, 0.0)
(45.380875, 29.074791, 0.0)
(45.360020, 29.048910, 0.0)
(45.342491, 29.037676, 0.0)
(45.318821, 29.026941, 0.0)
(45.280342, 28.949419, 0.0)
(44.727859, 28.634804, 0.0)
(44.365379, 28.357349, 0.0)
(44.344292, 28.307154, 0.0)
(44.317539, 28.307423, 0.0)
(44.294960, 28.333590, 0.0)
(44.250313, 28.364147, 0.0)
(43.326736, 28.145405, 0.0)
(42.971466, 27.890268, 0.0)
(41.864883, 27.684519, 0.0)
(41.724640, 27.697796, 0.0)
(41.652996, 27.679609, 0.0)
(41.544800, 27.566074, 0.0)
(41.493053, 27.536913, 0.0)
(41.422089, 27.510487, 0.0)
(41.353672, 27.523621, 0.0)
(40.995319, 27.434797, 0.0)
(39.345924, 27.459425, 0.0)
(39.183018, 27.468405, 0.0)
(39.138443, 27.513180, 0.0)
(39.087337, 27.538166, 0.0)
(39.028095, 27.537952, 0.0)
(38.927933, 27.597015, 0.0)
(37.202782, 27.486963, 0.0)
(36.906483, 27.486889, 0.0)
(36.871674, 27.488348, 0.0)
(36.769485, 27.507854, 0.0)
(36.662479, 27.492104, 0.0)
(35.117786, 27.513229, 0.0)
(33.429600, 27.658388, 0.0)
(33.193237, 27.613716, 0.0)
(33.144409, 27.609341, 0.0)
(33.036121, 27.608295, 0.0)
(32.970551, 27.634216, 0.0)
(32.897942, 27.632166, 0.0)
(32.853466, 27.687019, 0.0)
(32.721294, 27.767761, 0.0)
(30.923281, 28.087204, 0.0)
(30.472803, 28.197950, 0.0)
(30.368301, 28.177013, 0.0)
(30.265371, 28.148756, 0.0)
(30.242064, 28.101269, 0.0)
(30.158907, 28.102104, 0.0)
(28.302784, 28.508228, 0.0)
(27.731882, 28.586908, 0.0)
(27.709942, 28.618755, 0.0)
(27.712082, 28.636978, 0.0)
(27.725979, 28.659105, 0.0)
(27.719900, 28.660727, 0.0)
(27.731504, 28.689087, 0.0)
(27.710587, 28.662848, 0.0)
(27.699240, 28.723682, 0.0)
(27.707684, 28.745811, 0.0)
(27.721745, 28.759663, 0.0)
(27.729231, 28.799757, 0.0)
(27.769567, 28.783852, 0.0)
(27.797441, 28.741566, 0.0)
(28.967495, 28.165438, 0.0)
(29.958176, 27.694258, 0.0)
(30.008255, 27.685196, 0.0)
(30.117252, 27.665373, 0.0)
(30.274508, 27.625536, 0.0)
(30.402702, 27.547815, 0.0)
(30.572351, 27.509571, 0.0)
(30.754650, 27.482468, 0.0)
(30.888382, 27.429934, 0.0)
(31.070488, 27.406717, 0.0)
(31.178261, 27.410080, 0.0)
(32.320606, 27.287203, 0.0)
(33.355717, 27.143230, 0.0)
(33.537266, 27.157253, 0.0)
(33.612011, 27.046850, 0.0)
(33.712605, 27.012344, 0.0)
(33.859142, 27.021660, 0.0)
(33.976379, 27.014034, 0.0)
(34.051174, 27.008930, 0.0)
(35.419590, 27.013477, 0.0)
(36.610344, 27.002966, 0.0)
(36.706867, 27.031218, 0.0)
(36.786514, 27.069958, 0.0)
(36.918304, 27.092348, 0.0)
(36.963337, 27.116722, 0.0)
(38.634087, 27.099281, 0.0)
(39.252552, 27.149296, 0.0)
(39.351036, 27.160950, 0.0)
(39.363956, 27.165398, 0.0)
(39.373627, 27.102753, 0.0)
(39.991062, 27.092781, 0.0)
(41.459034, 27.225885, 0.0)
(41.598888, 27.278522, 0.0)
(41.564278, 27.229572, 0.0)
(41.597134, 27.268957, 0.0)
(41.614197, 27.263592, 0.0)
(41.619423, 27.212172, 0.0)
(42.589989, 27.401972, 0.0)
(42.966007, 27.487095, 0.0)
(42.963154, 27.548155, 0.0)
(42.959389, 27.565577, 0.0)
(42.971664, 27.603439, 0.0)
(43.028023, 27.616747, 0.0)
(43.909603, 27.666849, 0.0)
(45.267857, 27.667061, 0.0)
(45.477142, 27.672728, 0.0)
(45.475185, 27.702667, 0.0)
(45.464794, 27.696503, 0.0)
(45.426601, 27.669708, 0.0)
(45.412636, 27.661058, 0.0)
(45.394035, 27.653879, 0.0)
(45.363697, 27.608191, 0.0)
(45.314167, 27.556389, 0.0)
(45.295361, 27.540272, 0.0)
(45.277138, 27.507605, 0.0)
(45.252140, 27.512506, 0.0)
(45.233887, 27.503798, 0.0)
(45.012691, 27.413816, 0.0)
(44.006065, 26.876757, 0.0)
(43.929726, 26.769230, 0.0)
(43.908257, 26.709517, 0.0)
(43.910084, 26.709211, 0.0)
(43.898506, 26.738539, 0.0)
(43.566315, 26.681141, 0.0)
(41.968380, 26.452940, 0.0)
(41.801689, 26.491156, 0.0)
(41.739521, 26.515181, 0.0)
(41.677742, 26.506294, 0.0)
(41.597408, 26.485743, 0.0)
(40.371258, 26.335804, 0.0)
(38.366764, 26.258398, 0.0)
(38.256222, 26.318834, 0.0)
(38.184303, 26.331127, 0.0)
(37.637775, 26.330507, 0.0)
(36.579369, 26.376007, 0.0)
(36.186512, 26.449341, 0.0)
(36.198349, 26.507692, 0.0)
(36.198513, 26.533627, 0.0)
(36.134476, 26.546982, 0.0)
(36.135147, 26.581366, 0.0)
(36.114468, 26.608234, 0.0)
(36.069038, 26.594765, 0.0)
(36.059376, 26.586117, 0.0)
(36.029091, 26.589699, 0.0)
(35.989799, 26.605875, 0.0)
(35.956070, 26.612923, 0.0)
(35.937305, 26.623375, 0.0)
(35.907326, 26.652519, 0.0)
(35.849541, 26.616350, 0.0)
(34.301678, 26.656242, 0.0)
(32.489162, 29.910578, 0.0)
(31.660961, 29.557533, 0.0)
(31.217230, 28.394552, 0.0)
(30.450546, 27.518318, 0.0)
(29.697140, 27.144535, 0.0)
(29.569334, 27.222675, 0.0)
(29.505301, 27.274166, 0.0)
(28.177315, 27.588419, 0.0)
(27.820147, 27.624727, 0.0)
(27.773682, 27.596626, 0.0)
(27.760912, 27.603664, 0.0)
(27.763838, 27.606123, 0.0)
(27.718458, 27.629572, 0.0)
(27.697021, 27.570721, 0.0)
(27.657043, 27.525251, 0.0)
(27.680866, 27.585806, 0.0)
(27.685139, 27.630375, 0.0)
(27.677618, 27.588537, 0.0)
(27.688698, 27.578476, 0.0)
(27.702288, 27.573219, 0.0)
(27.707113, 27.476261, 0.0)
(27.736717, 27.433153, 0.0)
(27.753035, 27.409132, 0.0)
(28.229900, 27.030802, 0.0)
(28.864023, 26.643703, 0.0)
(29.010792, 26.396938, 0.0)
(29.145206, 26.305113, 0.0)
(29.240833, 26.288315, 0.0)
(29.278700, 26.231163, 0.0)
(29.434128, 26.233543, 0.0)
(29.572853, 26.261288, 0.0)
(29.819845, 26.242487, 0.0)
(32.981236, 26.098888, 0.0)
(33.206955, 26.201830, 0.0)
(33.269657, 26.250254, 0.0)
(33.399754, 26.266039, 0.0)
(33.469234, 26.275808, 0.0)
(33.511688, 26.277719, 0.0)
(33.599663, 26.315424, 0.0)
(33.709579, 26.334200, 0.0)
(33.794415, 26.358257, 0.0)
(33.888103, 26.354698, 0.0)
(35.039677, 26.165871, 0.0)
(36.365597, 25.983759, 0.0)
(36.494137, 26.044508, 0.0)
(36.562267, 26.104696, 0.0)
(36.633411, 26.113516, 0.0)
(36.767067, 26.159861, 0.0)
(36.815704, 26.168879, 0.0)
(36.878174, 26.143457, 0.0)
(39.599030, 26.225775, 0.0)
(40.258163, 26.322432, 0.0)
(40.303101, 26.350285, 0.0)
(40.337181, 26.389908, 0.0)
(40.354591, 26.410538, 0.0)
(40.388039, 26.385603, 0.0)
(40.418514, 26.293842, 0.0)
(40.450615, 26.281675, 0.0)
(42.591293, 26.738222, 0.0)
(43.082279, 26.842081, 0.0)
(43.063061, 26.853268, 0.0)
(43.074047, 26.940720, 0.0)
(43.089691, 26.967983, 0.0)
(43.368488, 26.954231, 0.0)
(45.134922, 27.320120, 0.0)
(45.231392, 27.371927, 0.0)
(45.153687, 27.370895, 0.0)
(45.114761, 27.339636, 0.0)
(45.065407, 27.216286, 0.0)
(45.010105, 27.056253, 0.0)
(44.898964, 26.972504, 0.0)
(44.812004, 26.934660, 0.0)
(44.820663, 26.869602, 0.0)
(44.895363, 26.907322, 0.0)
(44.871567, 26.825809, 0.0)
(44.834591, 26.737963, 0.0)
(44.780884, 26.805147, 0.0)
(44.772041, 26.954296, 0.0)
(44.807800, 27.201187, 0.0)
(44.815105, 27.296568, 0.0)
(44.751389, 27.096172, 0.0)
(44.683605, 26.896626, 0.0)
(43.963554, 26.493107, 0.0)
(43.151031, 25.863773, 0.0)
(43.099262, 25.714058, 0.0)
(43.120472, 25.591030, 0.0)
(43.162743, 25.474510, 0.0)
(43.261864, 25.626848, 0.0)
(41.899574, 25.571579, 0.0)
(41.365875, 25.571569, 0.0)
(41.390057, 25.772612, 0.0)
(41.307034, 25.818411, 0.0)
(41.208805, 25.700920, 0.0)
(41.186436, 25.627789, 0.0)
(41.126392, 25.635820, 0.0)
(40.952915, 25.670496, 0.0)
(39.021229, 25.336187, 0.0)
(38.995773, 25.609282, 0.0)
(38.970558, 25.904812, 0.0)
(38.862797, 25.976206, 0.0)
(38.803753, 26.092735, 0.0)
(38.713886, 26.048882, 0.0)
(36.989166, 25.709518, 0.0)
(36.818443, 25.963430, 0.0)
(36.746170, 26.069586, 0.0)
(36.677734, 25.809010, 0.0)
(36.645596, 25.909361, 0.0)
(36.678596, 26.031652, 0.0)
(36.655548, 25.876379, 0.0)
(34.285290, 25.806055, 0.0)
(33.521511, 25.689766, 0.0)
(33.416958, 25.500219, 0.0)
(33.326508, 25.500734, 0.0)
(33.239170, 25.331980, 0.0)
(33.163544, 25.129704, 0.0)
(33.113316, 25.059067, 0.0)
(33.052547, 25.106880, 0.0)
(30.558565, 25.686268, 0.0)
(29.619997, 25.871454, 0.0)
(29.550003, 25.894964, 0.0)
(29.506500, 25.900806, 0.0)
(29.492435, 25.912508, 0.0)
(29.462742, 25.898499, 0.0)
(29.437929, 25.877768, 0.0)
(29.415333, 25.882442, 0.0)
(28.058256, 26.415012, 0.0)
(27.655811, 26.549351, 0.0)
(27.646442, 26.512423, 0.0)
(27.669180, 26.469494, 0.0)
(27.693872, 26.463413, 0.0)
(27.738775, 26.424040, 0.0)
(27.744619, 26.345646, 0.0)
(27.769371, 26.268921, 0.0)
(27.800934, 26.248972, 0.0)
(27.793360, 26.291142, 0.0)
(27.824553, 26.258434, 0.0)
(28.229950, 26.052151, 0.0)
(29.014889, 25.519518, 0.0)
(29.590109, 25.140612, 0.0)
(30.762794, 24.670679, 0.0)
(31.455212, 24.497334, 0.0)
(31.814709, 24.350721, 0.0)
(31.942589, 24.377171, 0.0)
(32.095928, 24.398214, 0.0)
(32.235130, 24.388813, 0.0)
(32.325207, 24.391186, 0.0)
(32.727760, 24.977850, 0.0)
(33.696594, 26.687241, 0.0)
(34.308834, 24.278145, 0.0)
(34.628368, 23.766422, 0.0)
(34.812386, 23.821730, 0.0)
(34.900917, 23.853115, 0.0)
(34.973694, 23.863377, 0.0)
(35.057644, 23.889103, 0.0)
(35.128159, 23.883322, 0.0)
(35.207909, 23.862579, 0.0)
(35.267982, 23.870775, 0.0)
(35.933826, 23.867586, 0.0)
(37.299744, 23.974106, 0.0)
(37.432117, 23.992722, 0.0)
(37.461170, 23.982162, 0.0)
(37.491264, 23.971319, 0.0)
(37.578777, 24.028952, 0.0)
(38.705467, 24.203632, 0.0)
(39.885014, 24.332537, 0.0)
(39.953369, 24.360458, 0.0)
(40.021893, 24.430378, 0.0)
(40.092289, 24.498093, 0.0)
(40.129066, 24.555552, 0.0)
(42.637562, 25.093321, 0.0)
(44.047665, 25.447458, 0.0)
(44.083866, 25.416792, 0.0)
(44.041138, 25.316029, 0.0)
(44.037193, 25.230598, 0.0)
(44.043789, 25.204985, 0.0)
(44.057415, 25.220053, 0.0)
(44.051720, 25.255733, 0.0)
(44.064312, 25.286110, 0.0)
(44.094604, 25.365303, 0.0)
(44.424297, 25.559153, 0.0)
(45.166832, 25.851946, 0.0)
(45.193893, 25.864403, 0.0)
(45.184582, 25.842920, 0.0)
(45.163082, 25.822729, 0.0)
(45.124660, 25.815828, 0.0)
(45.125408, 25.776707, 0.0)
(45.126896, 25.758350, 0.0)
(45.090637, 25.752182, 0.0)
(45.073288, 25.728775, 0.0)
(45.072521, 25.721567, 0.0)
(45.085514, 25.767340, 0.0)
(45.050018, 25.776197, 0.0)
(44.932358, 25.741493, 0.0)
(43.513996, 24.933332, 0.0)
(43.438759, 24.914505, 0.0)
(43.482456, 24.900679, 0.0)
(43.476219, 24.907845, 0.0)
(43.446609, 24.929422, 0.0)
(43.392883, 24.935722, 0.0)
(43.384800, 25.011065, 0.0)
(41.645512, 24.512514, 0.0)
(41.340054, 24.483124, 0.0)
(41.303200, 24.390680, 0.0)
(41.260590, 24.357349, 0.0)
(41.227596, 24.355669, 0.0)
(41.196167, 24.352499, 0.0)
(41.143490, 24.281555, 0.0)
(41.140335, 24.281902, 0.0)
(39.731289, 24.104216, 0.0)
(39.038357, 23.974957, 0.0)
(38.930767, 23.964064, 0.0)
(38.872833, 23.969231, 0.0)
(38.784073, 23.984138, 0.0)
(38.663509, 24.002445, 0.0)
(36.838165, 23.900604, 0.0)
(36.562336, 23.897417, 0.0)
(36.476299, 23.845615, 0.0)
(36.416740, 23.802759, 0.0)
(36.360302, 23.833498, 0.0)
(36.357864, 23.893686, 0.0)
(36.299671, 23.897799, 0.0)
(36.079536, 23.958822, 0.0)
(34.010075, 24.125246, 0.0)
(33.768158, 24.083254, 0.0)
(33.719124, 24.037287, 0.0)
(33.661774, 24.024002, 0.0)
(33.606178, 24.078262, 0.0)
(32.816067, 24.281130, 0.0)
(31.384615, 24.463003, 0.0)
(31.241346, 24.456202, 0.0)
(31.229315, 24.438454, 0.0)
(31.176586, 24.338060, 0.0)
(31.115341, 24.328707, 0.0)
(29.806475, 24.753313, 0.0)
(28.501726, 25.048494, 0.0)
(28.391996, 24.970888, 0.0)
(28.391996, 24.970888, 0.0)
(28.393686, 24.988998, 0.0)
(28.356998, 24.959667, 0.0)
(28.349535, 24.962700, 0.0)
(28.364729, 24.962799, 0.0)
(28.348824, 24.975494, 0.0)
(28.336899, 24.962923, 0.0)
(28.354595, 24.963688, 0.0)
(28.356087, 24.966089, 0.0)
(28.336864, 24.935266, 0.0)
(28.323101, 24.821890, 0.0)
(28.342867, 24.781380, 0.0)
(28.356264, 24.757223, 0.0)
(28.369184, 24.739885, 0.0)
(28.399384, 24.719627, 0.0)
(28.443300, 24.757360, 0.0)
(28.862749, 24.664145, 0.0)
(30.097942, 24.253050, 0.0)
(30.223162, 24.208918, 0.0)
(30.271105, 24.211006, 0.0)
(30.364084, 24.150846, 0.0)
(30.480480, 24.130131, 0.0)
(30.580700, 24.126400, 0.0)
(30.864605, 24.084124, 0.0)
(33.379402, 23.504894, 0.0)
(33.528206, 23.494146, 0.0)
(33.625519, 23.549658, 0.0)
(33.710453, 23.551849, 0.0)
(33.758278, 23.522612, 0.0)
(34.229618, 23.502573, 0.0)
(36.631371, 23.490181, 0.0)
(36.734394, 23.498283, 0.0)
(36.763481, 23.532562, 0.0)
(36.831367, 23.586868, 0.0)
(36.857170, 23.627964, 0.0)
(36.901733, 23.680204, 0.0)
(36.947880, 23.661602, 0.0)
(38.725658, 23.863247, 0.0)
(39.046425, 23.856453, 0.0)
(39.038013, 23.835381, 0.0)
(39.050140, 23.866131, 0.0)
(39.080841, 23.881035, 0.0)
(39.181835, 23.910673, 0.0)
(41.476395, 24.378359, 0.0)
(42.334442, 24.505983, 0.0)
(42.346737, 24.392178, 0.0)
(42.360390, 24.324097, 0.0)
(42.390629, 24.333469, 0.0)
(42.650814, 24.386879, 0.0)
(44.273754, 24.876102, 0.0)
(44.674625, 25.133909, 0.0)
(44.671055, 25.113756, 0.0)
(44.602554, 25.049170, 0.0)
(44.567951, 24.996094, 0.0)
(44.562443, 24.984966, 0.0)
(44.574627, 24.986010, 0.0)
(44.553478, 24.999565, 0.0)
(44.552574, 25.044426, 0.0)
(44.549240, 25.043823, 0.0)
(44.546818, 25.023581, 0.0)
(44.533009, 25.003851, 0.0)
(44.535938, 24.995989, 0.0)
(44.544472, 24.970007, 0.0)
(44.504715, 24.539724, 0.0)
(44.495083, 24.533791, 0.0)
(44.502712, 24.555380, 0.0)
(44.466949, 24.554533, 0.0)
(44.442703, 24.521513, 0.0)
(44.447716, 24.467133, 0.0)
(44.444016, 24.483656, 0.0)
(44.035877, 24.300308, 0.0)
(43.128857, 23.766886, 0.0)
(43.069199, 23.719002, 0.0)
(43.050648, 23.725983, 0.0)
(42.970856, 23.680449, 0.0)
(42.932415, 23.664162, 0.0)
(42.901615, 23.674862, 0.0)
(42.485172, 23.573086, 0.0)
(41.048115, 23.019474, 0.0)
(40.902298, 23.035873, 0.0)
(40.890282, 23.045004, 0.0)
(40.811153, 22.963547, 0.0)
(40.725895, 22.891724, 0.0)
(40.118511, 22.825331, 0.0)
(39.034966, 22.647499, 0.0)
(38.869888, 22.599098, 0.0)
(38.780994, 22.571529, 0.0)
(38.721756, 22.604101, 0.0)
(38.624992, 22.585978, 0.0)
(38.188160, 22.568722, 0.0)
(35.976589, 22.451958, 0.0)
(35.556553, 22.424381, 0.0)
(35.431625, 22.397200, 0.0)
(35.369213, 22.410011, 0.0)
(35.320152, 22.412670, 0.0)
(35.289394, 22.426281, 0.0)
(35.218498, 22.388477, 0.0)
(34.816463, 22.415253, 0.0)
(33.432194, 22.546326, 0.0)
(33.280571, 22.537277, 0.0)
(33.201019, 22.548647, 0.0)
(33.156464, 22.576988, 0.0)
(33.135571, 22.631922, 0.0)
(33.022991, 22.632698, 0.0)
(30.954536, 23.289738, 0.0)
(28.843296, 23.933456, 0.0)
(28.696547, 23.908121, 0.0)
(28.692965, 23.916126, 0.0)
(28.672316, 23.919144, 0.0)
(28.664778, 23.953878, 0.0)
(28.479475, 24.087093, 0.0)
(27.475916, 24.486910, 0.0)
(27.372646, 24.423538, 0.0)
(27.407530, 24.413986, 0.0)
(27.424389, 24.409271, 0.0)
(27.398033, 24.418894, 0.0)
(27.425802, 24.465435, 0.0)
(27.424862, 24.518093, 0.0)
(27.395605, 24.504736, 0.0)
(27.440243, 24.523409, 0.0)
(27.462639, 24.533068, 0.0)
(27.470783, 24.522615, 0.0)
(27.476187, 24.506071, 0.0)
(27.505865, 24.481663, 0.0)
(27.513130, 24.478632, 0.0)
(27.555048, 24.424421, 0.0)
(28.528601, 23.859938, 0.0)
(28.979706, 23.625893, 0.0)
(29.060844, 23.553493, 0.0)
(29.108229, 23.521029, 0.0)
(29.124090, 23.491594, 0.0)
(29.366018, 23.436762, 0.0)
(31.969955, 23.287550, 0.0)
(32.110256, 23.311735, 0.0)
(32.155277, 23.262253, 0.0)
(32.217426, 23.234280, 0.0)
(32.296268, 23.200579, 0.0)
(32.346714, 23.192959, 0.0)
(32.424919, 23.180170, 0.0)
(32.515629, 23.190056, 0.0)
(32.543236, 23.159489, 0.0)
(33.343971, 22.677809, 0.0)
(34.581535, 22.013935, 0.0)
(34.673279, 22.020565, 0.0)
(34.697430, 22.004980, 0.0)
(34.787582, 21.997967, 0.0)
(34.865654, 22.012426, 0.0)
(36.192822, 21.899788, 0.0)
(36.862473, 21.869375, 0.0)
(36.911270, 21.880835, 0.0)
(36.991135, 21.913561, 0.0)
(37.067287, 21.896889, 0.0)
(37.169014, 21.942436, 0.0)
(38.257278, 22.150642, 0.0)
(39.069275, 22.310064, 0.0)
(39.111912, 22.291275, 0.0)
(39.105206, 22.234566, 0.0)
(39.118935, 22.241575, 0.0)
(39.592644, 22.338676, 0.0)
(39.880199, 22.483864, 0.0)
(39.892242, 22.521372, 0.0)
(39.906502, 22.553244, 0.0)
(40.072468, 22.619154, 0.0)
(41.395069, 22.900471, 0.0)
(42.845516, 23.341238, 0.0)
(43.535179, 23.685942, 0.0)
(43.555824, 23.724958, 0.0)
(43.537640, 23.715406, 0.0)
(43.566257, 23.737272, 0.0)
(43.566807, 23.748188, 0.0)
(43.946342, 23.649734, 0.0)
(44.011578, 23.542942, 0.0)
(44.011616, 23.520844, 0.0)
(44.031971, 23.535370, 0.0)
(44.015118, 23.557791, 0.0)
(44.011246, 23.552538, 0.0)
(44.016907, 23.575237, 0.0)
(44.038509, 23.619741, 0.0)
(44.001221, 23.586658, 0.0)
(43.973049, 23.549240, 0.0)
(42.938210, 22.818426, 0.0)
(42.674622, 22.601038, 0.0)
(42.679775, 22.607895, 0.0)
(42.672287, 22.607420, 0.0)
(42.664951, 22.622728, 0.0)
(42.639515, 22.679506, 0.0)
(42.586037, 22.639599, 0.0)
(41.999500, 22.544474, 0.0)
(39.162762, 22.007214, 0.0)
(36.820549, 21.780996, 0.0)
(34.946438, 21.615223, 0.0)
(33.676994, 21.786654, 0.0)
(32.887863, 21.939911, 0.0)
(32.727043, 22.044161, 0.0)
(32.733868, 22.141838, 0.0)
(32.727852, 22.245403, 0.0)
(32.686848, 22.297499, 0.0)
(33.119812, 24.411188, 0.0)
(33.696857, 21.741877, 0.0)
(33.755283, 21.288250, 0.0)
(33.771538, 21.384615, 0.0)
(33.765968, 21.459473, 0.0)
(33.755379, 21.489328, 0.0)
(33.737774, 21.484493, 0.0)
(33.726826, 21.536139, 0.0)
(33.716488, 21.538950, 0.0)
(33.704769, 21.532623, 0.0)
(33.675320, 21.520498, 0.0)
(33.654202, 21.525888, 0.0)
(33.636002, 21.518009, 0.0)
(33.612961, 21.537853, 0.0)
(33.592033, 21.543093, 0.0)
(33.578888, 21.529390, 0.0)
(32.330982, 21.939541, 0.0)
(31.768265, 22.010487, 0.0)
(31.645615, 22.007164, 0.0)
(31.618389, 22.039297, 0.0)
(31.501671, 22.026615, 0.0)
(31.456129, 22.007938, 0.0)
(29.915123, 22.659304, 0.0)
(28.167528, 23.456949, 0.0)
(27.929630, 23.447292, 0.0)
(27.903173, 23.377628, 0.0)
(27.876661, 23.351526, 0.0)
(27.852892, 23.345112, 0.0)
(27.841457, 23.366480, 0.0)
(27.838551, 23.364635, 0.0)
(27.823631, 23.355236, 0.0)
(27.814482, 23.319504, 0.0)
(27.803726, 23.279942, 0.0)
(27.819029, 23.278934, 0.0)
(27.818674, 23.286936, 0.0)
(27.789278, 23.239256, 0.0)
(27.802071, 23.229572, 0.0)
(27.827702, 23.222916, 0.0)
(27.820316, 23.191635, 0.0)
(27.841555, 23.161757, 0.0)
(27.894428, 23.115942, 0.0)
(29.150455, 22.438700, 0.0)
(29.334206, 22.315935, 0.0)
(29.362881, 22.293982, 0.0)
(29.393768, 22.272707, 0.0)
(29.411980, 22.243237, 0.0)
(30.449903, 22.292307, 0.0)
(31.478052, 22.173649, 0.0)
(32.207184, 21.848051, 0.0)
(32.613255, 21.898273, 0.0)
(32.706234, 21.970127, 0.0)
(32.807373, 21.984966, 0.0)
(32.845062, 22.016417, 0.0)
(32.896820, 22.015869, 0.0)
(32.967426, 22.002443, 0.0)
(33.040070, 22.035337, 0.0)
(33.127529, 22.023285, 0.0)
(33.176056, 22.019447, 0.0)
(33.242867, 22.083761, 0.0)
(34.416660, 21.705645, 0.0)
(34.977207, 21.389313, 0.0)
(35.020042, 21.309050, 0.0)
(35.054825, 21.305553, 0.0)
(35.112766, 21.312124, 0.0)
(35.132900, 21.291523, 0.0)
(35.157692, 21.263067, 0.0)
(35.217930, 21.286369, 0.0)
(36.530605, 21.183018, 0.0)
(38.216839, 20.900223, 0.0)
(38.281666, 20.905342, 0.0)
(38.291771, 20.920633, 0.0)
(38.323372, 20.958502, 0.0)
(38.336914, 20.961624, 0.0)
(38.372231, 20.970020, 0.0)
(39.283264, 21.069546, 0.0)
(39.793388, 21.171083, 0.0)
(39.767181, 21.101736, 0.0)
(39.774239, 21.096655, 0.0)
(39.787239, 21.123713, 0.0)
(39.771229, 21.131111, 0.0)
(39.764408, 21.122330, 0.0)
(39.769657, 21.164005, 0.0)
(39.772030, 21.208961, 0.0)
(39.772644, 21.200605, 0.0)
(39.764740, 21.182261, 0.0)
(39.781757, 21.182596, 0.0)
(39.743790, 21.196951, 0.0)
(39.706089, 21.176716, 0.0)
(39.709930, 21.211748, 0.0)
(39.745983, 21.238426, 0.0)
(39.730801, 21.231272, 0.0)
(39.708950, 21.163710, 0.0)
(39.692337, 21.122747, 0.0)
(39.727161, 21.183153, 0.0)
(39.743614, 21.191961, 0.0)
(39.728409, 21.182739, 0.0)
(39.728733, 21.191690, 0.0)
(39.724121, 21.195347, 0.0)
(39.701771, 21.169834, 0.0)
(39.657173, 21.130899, 0.0)
(39.660473, 21.140041, 0.0)
(39.610916, 21.119638, 0.0)
(39.558880, 21.111313, 0.0)
(39.526794, 21.093351, 0.0)
(39.508331, 21.089592, 0.0)
(39.451332, 21.082298, 0.0)
(39.400459, 21.086872, 0.0)
(39.313744, 21.021040, 0.0)
(39.270573, 21.000078, 0.0)
(39.255932, 21.022034, 0.0)
(39.238644, 21.021969, 0.0)
(39.207142, 21.048161, 0.0)
(39.157578, 21.026430, 0.0)
(38.913353, 21.024578, 0.0)
(37.679531, 20.733179, 0.0)
(37.521706, 20.670792, 0.0)
(37.468426, 20.644121, 0.0)
(37.421856, 20.685263, 0.0)
(37.355324, 20.682087, 0.0)
(36.723125, 20.660551, 0.0)
(35.483967, 20.586191, 0.0)
(35.289536, 20.592419, 0.0)
(35.228531, 20.572802, 0.0)
(35.163948, 20.577536, 0.0)
(35.070190, 20.564638, 0.0)
(35.012123, 20.524712, 0.0)
(34.807125, 20.559668, 0.0)
(32.947636, 20.992260, 0.0)
(32.563946, 21.019762, 0.0)
(32.494865, 21.005043, 0.0)
(32.477760, 21.070152, 0.0)
(32.415993, 21.081501, 0.0)
(32.366131, 21.071377, 0.0)
(32.356934, 21.079628, 0.0)
(32.331032, 21.109541, 0.0)
(32.323360, 21.108528, 0.0)
(32.309704, 21.126701, 0.0)
(32.300262, 21.164581, 0.0)
(32.320850, 21.180035, 0.0)
(32.290112, 21.159384, 0.0)
(32.269012, 21.054291, 0.0)
(32.258373, 20.963190, 0.0)
(32.282284, 20.992022, 0.0)
(32.301487, 21.022530, 0.0)
(32.296230, 21.035036, 0.0)
(32.302967, 21.052839, 0.0)
(32.321621, 21.090693, 0.0)
(32.316242, 21.019951, 0.0)
(33.070278, 20.756275, 0.0)
(33.449009, 20.626890, 0.0)
(33.482800, 20.623388, 0.0)
(33.486656, 20.616531, 0.0)
(33.488884, 20.618418, 0.0)
(33.519901, 20.639784, 0.0)
(33.516273, 20.618574, 0.0)
(33.489193, 20.588602, 0.0)
(33.493217, 20.489967, 0.0)
(33.504444, 20.437944, 0.0)
(33.523281, 20.443666, 0.0)
(33.531322, 20.468914, 0.0)
(33.542259, 20.454609, 0.0)
(33.566269, 20.487637, 0.0)
(33.593597, 20.479616, 0.0)
(33.603359, 20.454226, 0.0)
(33.641903, 20.429941, 0.0)
(33.657078, 20.468809, 0.0)
(33.680553, 20.462334, 0.0)
(33.738358, 20.452448, 0.0)
(33.769714, 20.485081, 0.0)
(33.786690, 20.473791, 0.0)
(34.236488, 20.431036, 0.0)
(35.428104, 20.351580, 0.0)
(35.518192, 20.289715, 0.0)
(35.530643, 20.267220, 0.0)
(35.582928, 20.265463, 0.0)
(35.625729, 20.290789, 0.0)
(35.651379, 20.319521, 0.0)
(35.693893, 20.313351, 0.0)
(35.732819, 20.315100, 0.0)
(35.734653, 20.289824, 0.0)
(36.004280, 20.301710, 0.0)
(37.387093, 20.702545, 0.0)
(37.606667, 20.726616, 0.0)
(37.598286, 20.710777, 0.0)
(37.631912, 20.777145, 0.0)
(37.698456, 20.917656, 0.0)
(38.213329, 21.454569, 0.0)
(38.834328, 22.108347, 0.0)
(38.891418, 22.248383, 0.0)
(38.890652, 22.151043, 0.0)
(38.880241, 22.143980, 0.0)
(38.943630, 22.247120, 0.0)
(38.956261, 22.276424, 0.0)
(38.935760, 22.290266, 0.0)
(38.956627, 22.323402, 0.0)
(38.983219, 22.339209, 0.0)
(38.975491, 22.335407, 0.0)
(38.982094, 22.347967, 0.0)
(39.004124, 22.368538, 0.0)
(38.986244, 22.386763, 0.0)
(38.980717, 22.421978, 0.0)
(38.990097, 22.455837, 0.0)
(40.606598, 23.504004, 0.0)
(41.523563, 24.051128, 0.0)
(41.523346, 24.013769, 0.0)
(41.474010, 23.896410, 0.0)
(41.473484, 23.894934, 0.0)
(41.493248, 23.938677, 0.0)
(41.501774, 23.989815, 0.0)
(41.488300, 24.005888, 0.0)
(42.109299, 24.472132, 0.0)
(44.136852, 25.928982, 0.0)
(44.636822, 26.383984, 0.0)
(44.604958, 26.361021, 0.0)
(44.590000, 26.376612, 0.0)
(44.558552, 26.422482, 0.0)
(44.523849, 26.408276, 0.0)
(44.526981, 26.429703, 0.0)
(44.547859, 26.455336, 0.0)
(44.520260, 26.456369, 0.0)
(44.514366, 26.379541, 0.0)
(44.530300, 26.467731, 0.0)
(44.992874, 28.308887, 0.0)
(44.972187, 28.652830, 0.0)
(44.936241, 28.634836, 0.0)
(44.938038, 28.689289, 0.0)
(44.970779, 28.729670, 0.0)
(44.941395, 28.722565, 0.0)
(44.946701, 28.721254, 0.0)
(44.973980, 28.711103, 0.0)
(44.951591, 28.719364, 0.0)
(44.958027, 28.721458, 0.0)
(44.963444, 28.733959, 0.0)
(44.970856, 28.766970, 0.0)
(44.979637, 28.766237, 0.0)
(44.978954, 28.728451, 0.0)
(44.959015, 28.701958, 0.0)
(44.961823, 28.707277, 0.0)
(44.983547, 28.736477, 0.0)
(44.985992, 28.783342, 0.0)
(45.218521, 29.413164, 0.0)
(45.272396, 29.734556, 0.0)
(45.285801, 29.781723, 0.0)
(45.295467, 29.822611, 0.0)
(45.294674, 29.835083, 0.0)
(45.303219, 29.844931, 0.0)
(45.302464, 29.871128, 0.0)
(45.293190, 29.850105, 0.0)
(45.262356, 29.962910, 0.0)
(45.156498, 30.925322, 0.0)
(45.098545, 31.382236, 0.0)
(45.094170, 31.389658, 0.0)
(45.092804, 31.366020, 0.0)
(45.106113, 31.431007, 0.0)
(45.119503, 31.447092, 0.0)
(45.108475, 31.478292, 0.0)
(45.110855, 31.479733, 0.0)
(45.128853, 31.558186, 0.0)
(45.132301, 31.623749, 0.0)
(45.134026, 31.628187, 0.0)
(45.132301, 31.623749, 0.0)
(45.123852, 31.654116, 0.0)
(45.121037, 31.650370, 0.0)
(45.121037, 31.650370, 0.0)
(45.129265, 31.639416, 0.0)
(45.125523, 31.614639, 0.0)
(45.113098, 31.468796, 0.0)
(45.090725, 31.374210, 0.0)
(45.119862, 31.337982, 0.0)
(45.008461, 30.947187, 0.0)
(44.861099, 29.915741, 0.0)
(44.867344, 29.788742, 0.0)
(44.887497, 29.846300, 0.0)
(44.885731, 29.772823, 0.0)
(44.884094, 29.708193, 0.0)
(44.892353, 29.446005, 0.0)
(44.910698, 28.630142, 0.0)
(44.903812, 28.497284, 0.0)
(44.893101, 28.510092, 0.0)
(44.900303, 28.485964, 0.0)
(44.902985, 28.450886, 0.0)
(44.869556, 28.309595, 0.0)
(44.738407, 27.672995, 0.0)
(44.653374, 26.620916, 0.0)
(44.617073, 26.506166, 0.0)
(44.613304, 26.504997, 0.0)
(44.617073, 26.506166, 0.0)
(44.617352, 26.501745, 0.0)
(44.610043, 26.416672, 0.0)
(44.482834, 25.168566, 0.0)
(44.274277, 24.409615, 0.0)
(44.235260, 24.375000, 0.0)
(44.250404, 24.435810, 0.0)
(44.240513, 24.413530, 0.0)
(44.237965, 24.395222, 0.0)
(44.232639, 24.252958, 0.0)
(43.779575, 22.909948, 0.0)
(43.465008, 22.098057, 0.0)
(43.449741, 21.928028, 0.0)
(43.458607, 21.894064, 0.0)
(43.441280, 21.896601, 0.0)
(43.445972, 21.909409, 0.0)
(43.445972, 21.909409, 0.0)
(43.439255, 21.927813, 0.0)
(43.439850, 21.911552, 0.0)
(43.443954, 21.918451, 0.0)
(43.431408, 21.935429, 0.0)
(43.434608, 21.941988, 0.0)
(43.450623, 21.991333, 0.0)
(43.454334, 21.981539, 0.0)
(43.474155, 22.020220, 0.0)
(43.442909, 21.968029, 0.0)
(43.425571, 21.912493, 0.0)
(43.438812, 21.927032, 0.0)
(43.440033, 21.925337, 0.0)
(43.423298, 21.888655, 0.0)
(43.406662, 21.873602, 0.0)
(43.405212, 21.881828, 0.0)
(43.394218, 21.868219, 0.0)
(43.364120, 21.856079, 0.0)
(42.768742, 21.987389, 0.0)
(42.578545, 22.179697, 0.0)
(42.461201, 22.552700, 0.0)
(42.325752, 23.335972, 0.0)
(42.401722, 23.989126, 0.0)
(42.677555, 24.675438, 0.0)
(42.944046, 25.199385, 0.0)
(43.327869, 25.513607, 0.0)
(43.632679, 25.834238, 0.0)
(43.679703, 26.011715, 0.0)
(43.809418, 26.113794, 0.0)
(43.897144, 26.194586, 0.0)
(43.920387, 26.289789, 0.0)
(43.908352, 26.332008, 0.0)
(43.913483, 26.329824, 0.0)
(44.157814, 26.681911, 0.0)
(44.265465, 27.068983, 0.0)
(44.222229, 27.360701, 0.0)
(44.405197, 28.049339, 0.0)
(44.375973, 28.103010, 0.0)
(44.326675, 27.621832, 0.0)
(44.390919, 27.525539, 0.0)
(44.435520, 27.565256, 0.0)
(44.458672, 27.681606, 0.0)
(44.470257, 27.748302, 0.0)
(44.426468, 27.860664, 0.0)
(44.318081, 28.519966, 0.0)
(44.298126, 28.709682, 0.0)
(44.242455, 28.764723, 0.0)
(44.121864, 29.229078, 0.0)
(44.080853, 29.685177, 0.0)
(44.055172, 29.745302, 0.0)
(44.148838, 29.851215, 0.0)
(44.304512, 30.244175, 0.0)
(44.426456, 30.494219, 0.0)
(44.488197, 30.858894, 0.0)
(44.494823, 30.890192, 0.0)
(44.456081, 30.641571, 0.0)
(44.473972, 30.568806, 0.0)
(44.479725, 30.572371, 0.0)
(44.269028, 30.542631, 0.0)
(44.264408, 30.520269, 0.0)
(44.299744, 30.568539, 0.0)
(44.259037, 30.660080, 0.0)
(44.265457, 30.833549, 0.0)
(44.270954, 30.842655, 0.0)
(44.089294, 30.738499, 0.0)
(44.022041, 30.626766, 0.0)
(44.020878, 30.600695, 0.0)
(44.013481, 30.605396, 0.0)
(44.015415, 30.692308, 0.0)
(44.014004, 30.668936, 0.0)
(43.968285, 30.624371, 0.0)
(43.939362, 30.566515, 0.0)
(43.957314, 30.563135, 0.0)
(43.969578, 30.567295, 0.0)
(43.985779, 30.545746, 0.0)
(43.992699, 30.584103, 0.0)
(44.006428, 30.600981, 0.0)
(44.004532, 30.636992, 0.0)
(44.040615, 30.665554, 0.0)
(44.052475, 30.425112, 0.0)
(43.870152, 29.011635, 0.0)
(43.852829, 28.966057, 0.0)
(43.864048, 28.977888, 0.0)
(43.861675, 28.989805, 0.0)
(43.890926, 29.030436, 0.0)
(43.888321, 29.000296, 0.0)
(43.863003, 28.939100, 0.0)
(43.853325, 27.998869, 0.0)
(43.820679, 26.780579, 0.0)
(43.787876, 26.700239, 0.0)
(43.786938, 26.698448, 0.0)
(43.793682, 26.606762, 0.0)
(43.762306, 26.526163, 0.0)
(43.761215, 26.517813, 0.0)
(43.786800, 26.584972, 0.0)
(43.779907, 26.584974, 0.0)
(43.756878, 26.611303, 0.0)
(43.761925, 26.648664, 0.0)
(43.758949, 26.652592, 0.0)
(43.755333, 26.714645, 0.0)
(43.767284, 26.696627, 0.0)
(43.585918, 25.875874, 0.0)
(43.417301, 25.072933, 0.0)
(43.370953, 25.012476, 0.0)
(43.348335, 25.003807, 0.0)
(43.352406, 24.966486, 0.0)
(43.374798, 24.958733, 0.0)
(43.324051, 24.793646, 0.0)
(42.845798, 23.037554, 0.0)
(42.487263, 22.012903, 0.0)
(42.352509, 21.889328, 0.0)
(42.357506, 21.925970, 0.0)
(42.359837, 21.909628, 0.0)
(42.365654, 21.879051, 0.0)
(42.396488, 21.860100, 0.0)
(42.379448, 21.715685, 0.0)
(42.380600, 21.707235, 0.0)
(42.396126, 21.705248, 0.0)
(42.371185, 21.722509, 0.0)
(42.383499, 21.682430, 0.0)
(42.387943, 21.708746, 0.0)
(42.372761, 21.725328, 0.0)
(42.351376, 21.673473, 0.0)
(42.381325, 21.653622, 0.0)
(42.373795, 21.676830, 0.0)
(42.352531, 21.668583, 0.0)
(42.357826, 21.664125, 0.0)
(42.356998, 21.695440, 0.0)
(42.354511, 21.722616, 0.0)
(42.337921, 21.697229, 0.0)
(42.308891, 21.665218, 0.0)
(42.333736, 21.693230, 0.0)
(42.356731, 21.715670, 0.0)
(42.340542, 21.754303, 0.0)
(42.343124, 21.780809, 0.0)
(42.356480, 21.845882, 0.0)
(42.369308, 22.407270, 0.0)
(42.315811, 22.745964, 0.0)
(42.302490, 22.779903, 0.0)
(42.297882, 22.805857, 0.0)
(42.317944, 22.862410, 0.0)
(42.346016, 22.917318, 0.0)
(42.381287, 23.073891, 0.0)
(42.648987, 24.439217, 0.0)
(42.659481, 26.102888, 0.0)
(42.609219, 26.217485, 0.0)
(42.621025, 26.237352, 0.0)
(42.630077, 26.276854, 0.0)
(42.595604, 26.304806, 0.0)
(42.615677, 26.338184, 0.0)
(42.631374, 26.357800, 0.0)
(42.617588, 26.365505, 0.0)
(42.642712, 26.420790, 0.0)
(42.657692, 26.454784, 0.0)
(42.659012, 26.500017, 0.0)
(42.649136, 26.524090, 0.0)
(42.814644, 26.767818, 0.0)
(43.380672, 28.578901, 0.0)
(43.260841, 28.668186, 0.0)
(43.214859, 28.569695, 0.0)
(43.248940, 28.807692, 0.0)
(43.252953, 29.126249, 0.0)
(43.226017, 29.188837, 0.0)
(43.220825, 29.274437, 0.0)
(43.235626, 29.333544, 0.0)
(43.230549, 29.369434, 0.0)
(43.238815, 29.416254, 0.0)
(43.240551, 29.493952, 0.0)
(42.886547, 30.489332, 0.0)
(42.747112, 30.692608, 0.0)
(42.741203, 30.676666, 0.0)
(42.735966, 30.696672, 0.0)
(42.730690, 30.698420, 0.0)
(42.716297, 30.642096, 0.0)
(42.721359, 30.631348, 0.0)
(42.756481, 30.648062, 0.0)
(42.749104, 30.681286, 0.0)
(42.726116, 30.643444, 0.0)
(42.733940, 30.662119, 0.0)
(42.751060, 30.691198, 0.0)
(42.730202, 30.646494, 0.0)
(42.726776, 30.623642, 0.0)
(42.707848, 30.599785, 0.0)
(42.693340, 30.588072, 0.0)
(42.686230, 30.563753, 0.0)
(42.680317, 30.542103, 0.0)
(42.685291, 30.518745, 0.0)
(42.635101, 30.457991, 0.0)
(42.614567, 30.374153, 0.0)
(42.637436, 30.339399, 0.0)
(42.649815, 30.309540, 0.0)
(42.632549, 30.234438, 0.0)
(42.675446, 30.213619, 0.0)
(42.693615, 30.165859, 0.0)
(42.674458, 30.114624, 0.0)
(42.689178, 30.068287, 0.0)
(42.699722, 30.024746, 0.0)
(42.679012, 29.947702, 0.0)
(42.671635, 29.905876, 0.0)
(42.685375, 29.859877, 0.0)
(42.521603, 29.120945, 0.0)
(42.288960, 27.620893, 0.0)
(42.241356, 27.511169, 0.0)
(42.248043, 27.513134, 0.0)
(42.279404, 27.438932, 0.0)
(42.256184, 27.391077, 0.0)
(42.266357, 27.375431, 0.0)
(42.236752, 26.764193, 0.0)
(42.021069, 25.347969, 0.0)
(41.974098, 25.206348, 0.0)
(41.972282, 25.234781, 0.0)
(41.970089, 25.213737, 0.0)
(41.958981, 25.187065, 0.0)
(41.966957, 25.247444, 0.0)
(41.971951, 25.241583, 0.0)
(41.973225, 25.223808, 0.0)
(41.871681, 24.211912, 0.0)
(41.645927, 23.484434, 0.0)
(41.630859, 23.405909, 0.0)
(41.648682, 23.457561, 0.0)
(41.619930, 23.483522, 0.0)
(41.623547, 23.481924, 0.0)
(41.424862, 22.595974, 0.0)
(41.219475, 21.816692, 0.0)
(41.184792, 21.782162, 0.0)
(41.215515, 21.836720, 0.0)
(41.201466, 21.838104, 0.0)
(41.169132, 21.846413, 0.0)
(41.188953, 21.887180, 0.0)
(41.213615, 21.883419, 0.0)
(41.218498, 21.884102, 0.0)
(41.218533, 21.913448, 0.0)
(41.217937, 21.856424, 0.0)
(41.213467, 21.880676, 0.0)
(41.234440, 21.875399, 0.0)
(41.207909, 21.854252, 0.0)
(41.187862, 21.847757, 0.0)
(41.213367, 21.898834, 0.0)
(41.200607, 21.861090, 0.0)
(41.197552, 21.824806, 0.0)
(41.232098, 21.884249, 0.0)
(41.244373, 21.908621, 0.0)
(41.227615, 21.967760, 0.0)
(41.231419, 22.025146, 0.0)
(41.268532, 22.045626, 0.0)
(41.281429, 22.032772, 0.0)
(41.239792, 21.949434, 0.0)
(41.236115, 21.877344, 0.0)
(41.221672, 21.925121, 0.0)
(41.235359, 22.013979, 0.0)
(41.083416, 22.574718, 0.0)
(40.965004, 22.834389, 0.0)
(40.988049, 22.886883, 0.0)
(40.966061, 22.883181, 0.0)
(40.971100, 22.910572, 0.0)
(40.986706, 22.958097, 0.0)
(40.943638, 22.978840, 0.0)
(40.897842, 23.004120, 0.0)
(41.080944, 23.630770, 0.0)
(41.035591, 24.527292, 0.0)
(40.986717, 24.612362, 0.0)
(40.953438, 24.573685, 0.0)
(40.930946, 24.578157, 0.0)
(40.938427, 24.597132, 0.0)
(40.951687, 24.624754, 0.0)
(40.916183, 24.662066, 0.0)
(40.922386, 24.758696, 0.0)
(41.114067, 25.262564, 0.0)
(41.128857, 25.616461, 0.0)
(41.120251, 25.634552, 0.0)
(41.109493, 25.634729, 0.0)
(41.099819, 25.620449, 0.0)
(41.120556, 25.808498, 0.0)
(41.361027, 27.480247, 0.0)
(41.298447, 27.591362, 0.0)
(41.291355, 27.580128, 0.0)
(41.234241, 27.559582, 0.0)
(41.213421, 27.544739, 0.0)
(41.258377, 27.605982, 0.0)
(41.515236, 29.177116, 0.0)
(41.340160, 29.530022, 0.0)
(41.299435, 29.532114, 0.0)
(41.317654, 29.539640, 0.0)
(41.300545, 29.536579, 0.0)
(41.304256, 29.533800, 0.0)
(41.316227, 29.612816, 0.0)
(41.303349, 29.659681, 0.0)
(41.295971, 29.676216, 0.0)
(41.264507, 30.447424, 0.0)
(41.016087, 31.521046, 0.0)
(40.914295, 31.490894, 0.0)
(40.891079, 31.278801, 0.0)
(40.844620, 31.268190, 0.0)
(40.852753, 31.300335, 0.0)
(40.858917, 31.303474, 0.0)
(40.826580, 31.311247, 0.0)
(40.831280, 31.337643, 0.0)
(40.812424, 31.295780, 0.0)
(40.767921, 31.270115, 0.0)
(39.837463, 31.288307, 0.0)
(39.626499, 32.499592, 0.0)
(39.666771, 33.446915, 0.0)
(39.668926, 33.257797, 0.0)
(39.856369, 32.590714, 0.0)
(39.935951, 31.971716, 0.0)
(39.864220, 31.591053, 0.0)
(39.853825, 31.387697, 0.0)
(39.975971, 31.070871, 0.0)
(40.593979, 29.842335, 0.0)
(40.644150, 29.416002, 0.0)
(40.632942, 29.353947, 0.0)
(40.626884, 29.280329, 0.0)
(40.598888, 28.819305, 0.0)
(40.601467, 27.510078, 0.0)
(40.577213, 27.394716, 0.0)
(40.543594, 27.383539, 0.0)
(40.523582, 27.338907, 0.0)
(40.538971, 27.234695, 0.0)
(40.586468, 27.226788, 0.0)
(40.550507, 27.105133, 0.0)
(40.515717, 26.974815, 0.0)
(40.538265, 26.956907, 0.0)
(40.552181, 26.890318, 0.0)
(40.262772, 25.755741, 0.0)
(40.160358, 24.936794, 0.0)
(40.122684, 24.911867, 0.0)
(40.110023, 24.914528, 0.0)
(40.116455, 24.850931, 0.0)
(40.104561, 24.859030, 0.0)
(40.121807, 24.887812, 0.0)
(40.189281, 24.934788, 0.0)
(40.179268, 23.887260, 0.0)
(39.951942, 22.387934, 0.0)
(39.904465, 22.178358, 0.0)
(39.868267, 22.193148, 0.0)
(39.827183, 22.114132, 0.0)
(39.858036, 22.115288, 0.0)
(39.889183, 22.167540, 0.0)
(39.852180, 22.119274, 0.0)
(39.541874, 21.313059, 0.0)
(39.192142, 20.408525, 0.0)
(39.102612, 20.360069, 0.0)
(39.078117, 20.401333, 0.0)
(39.065952, 20.373369, 0.0)
(39.079544, 20.417074, 0.0)
(39.067844, 20.432209, 0.0)
(39.049000, 20.329561, 0.0)
(39.055481, 20.247494, 0.0)
(39.049366, 20.212555, 0.0)
(39.059250, 20.213512, 0.0)
(39.081383, 20.235970, 0.0)
(39.113071, 20.391197, 0.0)
(39.117817, 20.581215, 0.0)
(39.082237, 20.672085, 0.0)
(39.070877, 20.657042, 0.0)
(39.065895, 20.570936, 0.0)
(38.227882, 20.966585, 0.0)
(37.965645, 21.037134, 0.0)
(37.978588, 21.406279, 0.0)
(37.928864, 21.642813, 0.0)
(37.893814, 21.839918, 0.0)
(38.111301, 22.858866, 0.0)
(38.226536, 22.624475, 0.0)
(38.496342, 22.809513, 0.0)
(38.632877, 23.213017, 0.0)
(38.647320, 23.330399, 0.0)
(38.644745, 23.315414, 0.0)
(38.947514, 25.373070, 0.0)
(39.246483, 27.431564, 0.0)
(39.288933, 27.148018, 0.0)
(39.233143, 26.597017, 0.0)
(39.241512, 26.388765, 0.0)
(39.248268, 26.426275, 0.0)
(39.193272, 26.501791, 0.0)
(39.158695, 26.508335, 0.0)
(39.174114, 26.473297, 0.0)
(39.180019, 26.414873, 0.0)
(39.156178, 26.298071, 0.0)
(39.165451, 26.399857, 0.0)
(39.177193, 26.482620, 0.0)
(39.172058, 26.479315, 0.0)
(39.205780, 26.469469, 0.0)
(39.237682, 26.553541, 0.0)
(39.224709, 26.566900, 0.0)
(39.228729, 26.657526, 0.0)
(39.263699, 26.780066, 0.0)
(39.273476, 26.927591, 0.0)
(39.336411, 27.146049, 0.0)
(39.994900, 29.976454, 0.0)
(39.875565, 30.175488, 0.0)
(39.813915, 30.098280, 0.0)
(39.779266, 30.136580, 0.0)
(39.717140, 30.024841, 0.0)
(39.693878, 29.983332, 0.0)
(39.685925, 30.049437, 0.0)
(39.366898, 31.111399, 0.0)
(39.077106, 31.684570, 0.0)
(38.988781, 31.691858, 0.0)
(38.973068, 31.628502, 0.0)
(38.974594, 31.654568, 0.0)
(38.964817, 31.692211, 0.0)
(38.979218, 31.679441, 0.0)
(38.987926, 31.650738, 0.0)
(38.979870, 31.641993, 0.0)
(38.976810, 31.656836, 0.0)
(38.958591, 31.517372, 0.0)
(38.942867, 31.471819, 0.0)
(38.957127, 31.477449, 0.0)
(38.976982, 31.510963, 0.0)
(38.959122, 31.594763, 0.0)
(38.968750, 31.602083, 0.0)
(38.581371, 31.312378, 0.0)
(38.187798, 30.869362, 0.0)
(38.200073, 30.842855, 0.0)
(38.218807, 30.780066, 0.0)
(38.195984, 30.757370, 0.0)
(38.201019, 30.662809, 0.0)
(37.847424, 23.528421, 0.0)
(37.986355, 23.608059, 0.0)
(37.998970, 23.760838, 0.0)
(38.021729, 23.788713, 0.0)
(38.068970, 23.856262, 0.0)
(38.059181, 23.872370, 0.0)
(38.068027, 23.876673, 0.0)
(38.076374, 23.885572, 0.0)
(38.064884, 23.883530, 0.0)
(38.085014, 23.886023, 0.0)
(38.093067, 23.959387, 0.0)
(38.131596, 24.023567, 0.0)
(38.126747, 24.005741, 0.0)
(38.092762, 23.925543, 0.0)
(38.043846, 23.954256, 0.0)
(37.875412, 21.997087, 0.0)
(37.773987, 21.602669, 0.0)
(37.817886, 21.693041, 0.0)
(37.830601, 21.664991, 0.0)
(37.815292, 21.631786, 0.0)
(37.788807, 21.568073, 0.0)
(37.797073, 21.569424, 0.0)
(37.804241, 21.574911, 0.0)
(37.789078, 21.569193, 0.0)
(37.777573, 21.584505, 0.0)
(37.757965, 21.443642, 0.0)
(37.754898, 21.409332, 0.0)
(37.748020, 21.419088, 0.0)
(37.720219, 21.354557, 0.0)
(37.703346, 21.248852, 0.0)
(37.652809, 21.146469, 0.0)
(37.612556, 20.961468, 0.0)
(37.598709, 20.843521, 0.0)
(37.615540, 20.845022, 0.0)
(37.619549, 20.904057, 0.0)
(37.620998, 20.976576, 0.0)
(37.603622, 21.038931, 0.0)
(37.601952, 21.064213, 0.0)
(37.589798, 21.029642, 0.0)
(37.039093, 21.230566, 0.0)
(36.717457, 21.337124, 0.0)
(36.699657, 21.379917, 0.0)
(36.696243, 21.381615, 0.0)
(36.648678, 21.449690, 0.0)
(36.632122, 21.561302, 0.0)
(36.625439, 21.628580, 0.0)
(36.632748, 21.747602, 0.0)
(36.615135, 21.728971, 0.0)
(36.589394, 21.720505, 0.0)
(36.586987, 21.736229, 0.0)
(36.585503, 21.761778, 0.0)
(36.567631, 21.791325, 0.0)
(36.536804, 21.836149, 0.0)
(36.531334, 21.836353, 0.0)
(36.527828, 21.904011, 0.0)
(37.051968, 23.119970, 0.0)
(36.994755, 23.441183, 0.0)
(36.982437, 23.445440, 0.0)
(36.971275, 23.488522, 0.0)
(36.934418, 23.511517, 0.0)
(36.895916, 23.552849, 0.0)
(36.912605, 23.641678, 0.0)
(36.946819, 23.671083, 0.0)
(37.209766, 25.213572, 0.0)
(37.088486, 25.410929, 0.0)
(37.063667, 25.410200, 0.0)
(37.038815, 25.396109, 0.0)
(36.993198, 25.313122, 0.0)
(36.985760, 25.282005, 0.0)
(37.012802, 25.303707, 0.0)
(37.018471, 25.377256, 0.0)
(37.482735, 27.137428, 0.0)
(37.415051, 27.506025, 0.0)
(37.396019, 27.472111, 0.0)
(37.395870, 27.521065, 0.0)
(37.421650, 27.555742, 0.0)
(37.421780, 27.596256, 0.0)
(37.657169, 28.780190, 0.0)
(37.504768, 30.748846, 0.0)
(37.384968, 30.812389, 0.0)
(37.336189, 30.745489, 0.0)
(37.234669, 30.634102, 0.0)
(37.199474, 30.603682, 0.0)
(37.212208, 30.601374, 0.0)
(37.220169, 30.590685, 0.0)
(37.209137, 30.611307, 0.0)
(37.213760, 30.707647, 0.0)
(37.230190, 30.750338, 0.0)
(37.234215, 30.792057, 0.0)
(37.258156, 30.837606, 0.0)
(37.269371, 30.880577, 0.0)
(37.265602, 30.900034, 0.0)
(37.257023, 30.908051, 0.0)
(37.263023, 30.931488, 0.0)
(37.279743, 30.935957, 0.0)
(37.258865, 30.932800, 0.0)
(37.249783, 30.867233, 0.0)
(37.250202, 30.844793, 0.0)
(37.280060, 30.798628, 0.0)
(37.276802, 30.782700, 0.0)
(37.274784, 30.839611, 0.0)
(37.269024, 30.857346, 0.0)
(37.272076, 30.857218, 0.0)
(37.281586, 30.838682, 0.0)
(37.275379, 30.813074, 0.0)
(37.270882, 30.786360, 0.0)
(37.268360, 30.793070, 0.0)
(37.263279, 30.840345, 0.0)
(37.236652, 30.810226, 0.0)
(36.197880, 29.177086, 0.0)
(36.067043, 29.022356, 0.0)
(36.073360, 29.014055, 0.0)
(36.072006, 28.976749, 0.0)
(36.065033, 28.877342, 0.0)
(36.076561, 28.830793, 0.0)
(36.071484, 28.821625, 0.0)
(36.077343, 28.614151, 0.0)
(35.900024, 26.062328, 0.0)
(35.852032, 25.573874, 0.0)
(35.817104, 25.552338, 0.0)
(35.779503, 25.566776, 0.0)
(35.759296, 25.543951, 0.0)
(35.742290, 25.542328, 0.0)
(35.682549, 25.460340, 0.0)
(35.636227, 25.392315, 0.0)
(35.647167, 25.091692, 0.0)
(35.630241, 23.717569, 0.0)
(35.622734, 23.656174, 0.0)
(35.568172, 23.673445, 0.0)
(35.556816, 23.686926, 0.0)
(35.544273, 23.687626, 0.0)
(35.147118, 22.623692, 0.0)
(34.549694, 21.123516, 0.0)
(34.427525, 20.242935, 0.0)
(34.462788, 20.224632, 0.0)
(34.484638, 20.225243, 0.0)
(34.493427, 20.220915, 0.0)
(34.501801, 20.243299, 0.0)
(34.498405, 20.201572, 0.0)
(34.491459, 20.208887, 0.0)
(34.509430, 20.215319, 0.0)
(34.497498, 20.203968, 0.0)
(34.476921, 20.229906, 0.0)
(34.470497, 20.227064, 0.0)
(34.445499, 20.209932, 0.0)
(34.441505, 20.199314, 0.0)
(34.452957, 20.192780, 0.0)
(34.469822, 20.215353, 0.0)
(34.456284, 20.213938, 0.0)
(34.444576, 20.159508, 0.0)
(34.442394, 20.155294, 0.0)
(34.415340, 20.124615, 0.0)
(34.412949, 20.084185, 0.0)
(34.375023, 20.082741, 0.0)
(34.355968, 20.076025, 0.0)
(34.372257, 20.103733, 0.0)
(34.301346, 20.264355, 0.0)
(33.635189, 21.162834, 0.0)
(33.496307, 21.275921, 0.0)
(33.486221, 21.273464, 0.0)
(33.479412, 21.311106, 0.0)
(33.461220, 21.372595, 0.0)
(33.450653, 21.397753, 0.0)
(33.446827, 21.455942, 0.0)
(34.328430, 22.778866, 0.0)
(34.261227, 23.100857, 0.0)
(34.223866, 23.136522, 0.0)
(34.203484, 23.184723, 0.0)
(34.181339, 23.166527, 0.0)
(34.188931, 23.192829, 0.0)
(34.184940, 23.245605, 0.0)
(34.194626, 23.281286, 0.0)
(34.205971, 23.333628, 0.0)
(34.504982, 23.865070, 0.0)
(34.487110, 24.004574, 0.0)
(34.466335, 24.069374, 0.0)
(34.486870, 24.153269, 0.0)
(34.461044, 24.270517, 0.0)
(34.643757, 25.363619, 0.0)
(34.596626, 25.618715, 0.0)
(34.595562, 25.704651, 0.0)
(34.574600, 25.767157, 0.0)
(34.569519, 25.762131, 0.0)
(34.565838, 25.737961, 0.0)
(34.575001, 25.771736, 0.0)
(35.778873, 26.922665, 0.0)
(35.795815, 27.092627, 0.0)
(35.722389, 27.146408, 0.0)
(35.687683, 27.204306, 0.0)
(35.685390, 27.210827, 0.0)
(35.664951, 27.240311, 0.0)
(35.631481, 27.225471, 0.0)
(35.589779, 27.186068, 0.0)
(35.904480, 27.253654, 0.0)
(36.802963, 27.588619, 0.0)
(36.797653, 27.621359, 0.0)
(36.747498, 27.600420, 0.0)
(36.752850, 27.492319, 0.0)
(36.752869, 27.447632, 0.0)
(36.752846, 27.460688, 0.0)
(36.750431, 27.443045, 0.0)
(36.738823, 27.430838, 0.0)
(36.715736, 27.517956, 0.0)
(36.710468, 27.575603, 0.0)
(36.707516, 27.559277, 0.0)
(36.682568, 27.514187, 0.0)
(36.648941, 27.521082, 0.0)
(36.546104, 27.453297, 0.0)
(36.529934, 27.445330, 0.0)
(36.516781, 27.410896, 0.0)
(36.506264, 27.421835, 0.0)
(36.459812, 27.365232, 0.0)
(36.432503, 27.276852, 0.0)
(36.444824, 27.267046, 0.0)
(36.465286, 27.318361, 0.0)
(36.245934, 27.327196, 0.0)
(34.267605, 27.481752, 0.0)
(33.837524, 27.491568, 0.0)
(33.822853, 27.454704, 0.0)
(33.823326, 27.440685, 0.0)
(33.834503, 27.437769, 0.0)
(33.807930, 27.385630, 0.0)
(33.812687, 27.357393, 0.0)
(33.817062, 27.339346, 0.0)
(33.818188, 27.327675, 0.0)
(33.821770, 27.284924, 0.0)
(33.792480, 27.183195, 0.0)
(33.778557, 27.130720, 0.0)
(33.805210, 27.092634, 0.0)
(33.808746, 27.654964, 0.0)
(33.279434, 26.731272, 0.0)
(33.022667, 25.415277, 0.0)
(32.971985, 25.370386, 0.0)
(32.974613, 25.406946, 0.0)
(32.981709, 25.420235, 0.0)
(32.976986, 25.429703, 0.0)
(32.981369, 25.431431, 0.0)
(32.980217, 25.441170, 0.0)
(32.991955, 25.464647, 0.0)
(32.992416, 25.433933, 0.0)
(33.068195, 23.113676, 0.0)
(32.828743, 22.001143, 0.0)
(32.745792, 22.016481, 0.0)
(32.676407, 22.068836, 0.0)
(32.670315, 22.024450, 0.0)
(32.667927, 22.072990, 0.0)
(32.649590, 22.091961, 0.0)
(32.697102, 22.036860, 0.0)
(32.689129, 21.912214, 0.0)
(32.666664, 21.808552, 0.0)
(32.647186, 21.798697, 0.0)
(32.664688, 21.660984, 0.0)
(32.704178, 21.563187, 0.0)
(32.707851, 21.546024, 0.0)
(32.708649, 21.580574, 0.0)
(32.749165, 21.587450, 0.0)
(32.781368, 21.658606, 0.0)
(32.797836, 21.686102, 0.0)
(32.798328, 21.706318, 0.0)
(32.786804, 21.794380, 0.0)
(32.744900, 21.868677, 0.0)
(32.179649, 22.644444, 0.0)
(32.006561, 22.766199, 0.0)
(31.989311, 22.756815, 0.0)
(31.970398, 22.776751, 0.0)
(31.970139, 22.847191, 0.0)
(31.986479, 22.892538, 0.0)
(32.029007, 22.909565, 0.0)
(32.023270, 22.973455, 0.0)
(32.009594, 22.950319, 0.0)
(32.020000, 22.977879, 0.0)
(32.025192, 23.036366, 0.0)
(32.023819, 23.080379, 0.0)
(32.043289, 23.053009, 0.0)
(32.049366, 22.992538, 0.0)
(32.140503, 22.894825, 0.0)
(32.238617, 22.893545, 0.0)
(32.310715, 22.910051, 0.0)
(32.318439, 22.972780, 0.0)
(32.287411, 23.138868, 0.0)
(32.283562, 23.190657, 0.0)
(32.205593, 23.160212, 0.0)
(31.804506, 23.124460, 0.0)
(32.328026, 24.722832, 0.0)
(32.341228, 25.698870, 0.0)
(32.426037, 25.708986, 0.0)
(32.418736, 25.691540, 0.0)
(32.405228, 25.719070, 0.0)
(32.478317, 25.743851, 0.0)
(32.586819, 25.769470, 0.0)
(32.590645, 25.784889, 0.0)
(32.560001, 25.806257, 0.0)
(32.547344, 25.810806, 0.0)
(32.561249, 25.764225, 0.0)
(32.587795, 25.780695, 0.0)
(32.587170, 25.804857, 0.0)
(32.582508, 25.795614, 0.0)
(32.799728, 26.800573, 0.0)
(32.645390, 27.747248, 0.0)
(32.614193, 27.810896, 0.0)
(32.614243, 27.774616, 0.0)
(32.644562, 27.802511, 0.0)
(32.647659, 27.889610, 0.0)
(32.624680, 27.904972, 0.0)
(32.616699, 27.941881, 0.0)
(32.634388, 27.946518, 0.0)
(32.603188, 27.946449, 0.0)
(32.576206, 27.970896, 0.0)
(32.564125, 28.006895, 0.0)
(32.575340, 27.998228, 0.0)
(32.559109, 27.982533, 0.0)
(33.014801, 29.750982, 0.0)
(32.890530, 30.417418, 0.0)
(32.848457, 30.416779, 0.0)
(32.795376, 30.417297, 0.0)
(32.754314, 30.451101, 0.0)
(32.765606, 30.500929, 0.0)
(32.780323, 30.539543, 0.0)
(32.754250, 30.491667, 0.0)
(32.738079, 30.476934, 0.0)
(32.755589, 30.464151, 0.0)
(32.780518, 30.452698, 0.0)
(32.756687, 30.504156, 0.0)
(32.723495, 30.556831, 0.0)
(32.725296, 30.542318, 0.0)
(32.020908, 30.172754, 0.0)
(31.745430, 30.108879, 0.0)
(31.734129, 30.074951, 0.0)
(31.751553, 30.069283, 0.0)
(31.757839, 30.174160, 0.0)
(31.727095, 30.171642, 0.0)
(31.701805, 30.137995, 0.0)
(31.722828, 30.153847, 0.0)
(31.673336, 30.053579, 0.0)
(31.593849, 29.988775, 0.0)
(31.512150, 29.992855, 0.0)
(31.519281, 30.042500, 0.0)
(31.515495, 29.904472, 0.0)
(31.450760, 29.659056, 0.0)
(31.082806, 28.057169, 0.0)
(30.976305, 27.856096, 0.0)
(30.958540, 27.970135, 0.0)
(30.975594, 27.931623, 0.0)
(30.952375, 27.823227, 0.0)
(30.972420, 27.693304, 0.0)
(30.965967, 27.624310, 0.0)
(30.918337, 27.471371, 0.0)
(30.869818, 27.410233, 0.0)
(31.002106, 27.119448, 0.0)
(31.236206, 25.371920, 0.0)
(31.175409, 25.175173, 0.0)
(31.159613, 25.220621, 0.0)
(31.138721, 25.240419, 0.0)
(31.142389, 25.197447, 0.0)
(31.158077, 25.152054, 0.0)
(31.143282, 25.146086, 0.0)
(31.124929, 25.096651, 0.0)
(31.114000, 25.092880, 0.0)
(31.109838, 25.095076, 0.0)
(30.955315, 24.714382, 0.0)
(30.536968, 23.016813, 0.0)
(30.415306, 22.821198, 0.0)
(30.357214, 22.889704, 0.0)
(30.343727, 22.930445, 0.0)
(30.336996, 22.948935, 0.0)
(30.333109, 23.010519, 0.0)
(30.330091, 23.013521, 0.0)
(30.323299, 22.974737, 0.0)
(30.308472, 22.988506, 0.0)
(30.286018, 22.961477, 0.0)
(30.280167, 22.932171, 0.0)
(30.275673, 22.940493, 0.0)
(30.259712, 22.933289, 0.0)
(30.255295, 22.899832, 0.0)
(30.242374, 22.836218, 0.0)
(30.213469, 22.832289, 0.0)
(30.223055, 22.847696, 0.0)
(30.241302, 22.844799, 0.0)
(30.209152, 22.872595, 0.0)
(30.149899, 22.934113, 0.0)
(30.133934, 23.041555, 0.0)
(30.119814, 23.126398, 0.0)
(30.099249, 23.147142, 0.0)
(30.152006, 23.194094, 0.0)
(30.267672, 23.259901, 0.0)
(29.966425, 23.511377, 0.0)
(29.858955, 23.551445, 0.0)
(29.808622, 23.610378, 0.0)
(29.795218, 23.600845, 0.0)
(29.777807, 23.561750, 0.0)
(29.786156, 23.477617, 0.0)
(29.767979, 23.514610, 0.0)
(29.751558, 23.547201, 0.0)
(29.747284, 23.550621, 0.0)
(29.701265, 24.466839, 0.0)
(29.522509, 25.188646, 0.0)
(29.479809, 25.200054, 0.0)
(29.477190, 25.207678, 0.0)
(29.449587, 25.327776, 0.0)
(29.459259, 25.388063, 0.0)
(30.069422, 26.137251, 0.0)
(30.094503, 26.548422, 0.0)
(30.089455, 26.586464, 0.0)
(30.090527, 26.637772, 0.0)
(30.062719, 26.608536, 0.0)
(30.042788, 26.610439, 0.0)
(30.071388, 26.697989, 0.0)
(30.116505, 26.831379, 0.0)
(30.172256, 28.123320, 0.0)
(30.142221, 28.264748, 0.0)
(30.129429, 28.236641, 0.0)
(30.112055, 28.278507, 0.0)
(30.128183, 28.322685, 0.0)
(30.136213, 28.360291, 0.0)
(30.602547, 29.044691, 0.0)
(30.981567, 29.885000, 0.0)
(30.987333, 29.931046, 0.0)
(30.977369, 29.949741, 0.0)
(30.979498, 29.873409, 0.0)
(30.863443, 29.728058, 0.0)
(30.869038, 29.684469, 0.0)
(30.968655, 29.631197, 0.0)
(30.914936, 29.652445, 0.0)
(30.840405, 29.668756, 0.0)
(30.862951, 29.686625, 0.0)
(30.843046, 29.711567, 0.0)
(30.806915, 29.728321, 0.0)
(30.839628, 29.723663, 0.0)
(30.874941, 29.709682, 0.0)
(30.857363, 29.718391, 0.0)
(30.859344, 29.701836, 0.0)
(30.897545, 29.651915, 0.0)
(30.891430, 29.629560, 0.0)
(30.831717, 29.580740, 0.0)
(30.776148, 29.521622, 0.0)
(30.774567, 29.517948, 0.0)
(30.806240, 29.532724, 0.0)
(30.789097, 29.527508, 0.0)
(30.775259, 29.457443, 0.0)
(30.763329, 29.443878, 0.0)
(30.776539, 29.435600, 0.0)
(30.540983, 29.342339, 0.0)
(30.134008, 28.917158, 0.0)
(30.104467, 28.931948, 0.0)
(30.086302, 28.979603, 0.0)
(30.086128, 29.001797, 0.0)
(30.088684, 29.015905, 0.0)
(30.085144, 29.070200, 0.0)
(30.070198, 29.064129, 0.0)
(30.049322, 29.043360, 0.0)
(30.099245, 29.035233, 0.0)
(30.114611, 29.036526, 0.0)
(30.086966, 28.995371, 0.0)
(30.073259, 28.918018, 0.0)
(29.382988, 27.604057, 0.0)
(29.222509, 27.221405, 0.0)
(29.211617, 27.198528, 0.0)
(29.169661, 27.215618, 0.0)
(29.089487, 27.136642, 0.0)
(29.073038, 27.121286, 0.0)
(29.070972, 27.105091, 0.0)
(29.029982, 27.031204, 0.0)
(28.971272, 26.211823, 0.0)
(28.826742, 24.114357, 0.0)
(28.672840, 23.564810, 0.0)
(28.695791, 23.595726, 0.0)
(28.689568, 23.678930, 0.0)
(28.640507, 23.745773, 0.0)
(28.683962, 23.843988, 0.0)
(28.690392, 23.911526, 0.0)
(28.670944, 23.952097, 0.0)
(28.689568, 23.925083, 0.0)
(28.724375, 23.929571, 0.0)
(28.691210, 23.918085, 0.0)
(28.381742, 22.973316, 0.0)
(28.319626, 22.701075, 0.0)
(28.299736, 22.735027, 0.0)
(28.265526, 22.634352, 0.0)
(28.187216, 22.535856, 0.0)
(28.170034, 22.522383, 0.0)
(28.166735, 22.487122, 0.0)
(28.131947, 22.464952, 0.0)
(28.112688, 22.482143, 0.0)
(28.121857, 22.530006, 0.0)
(28.112717, 22.524725, 0.0)
(28.119690, 22.506231, 0.0)
(28.119650, 22.524019, 0.0)
(28.094965, 22.529078, 0.0)
(28.075144, 22.510611, 0.0)
(28.070189, 22.548519, 0.0)
(28.067345, 22.630545, 0.0)
(28.044714, 22.669294, 0.0)
(28.017591, 22.638540, 0.0)
(28.035793, 22.631304, 0.0)
(28.025473, 22.674952, 0.0)
(27.996338, 22.668756, 0.0)
(27.987078, 22.685072, 0.0)
(27.851074, 23.160173, 0.0)
(27.597902, 23.895729, 0.0)
(27.564087, 23.956757, 0.0)
(27.558384, 23.963703, 0.0)
(27.549189, 23.978682, 0.0)
(27.533939, 24.001886, 0.0)
(27.731316, 24.525206, 0.0)
(27.788599, 24.937418, 0.0)
(27.778666, 25.001169, 0.0)
(27.752230, 25.014965, 0.0)
(27.754217, 25.066406, 0.0)
(27.775381, 25.100140, 0.0)
(27.773750, 25.114548, 0.0)
(27.760529, 25.151209, 0.0)
(27.763834, 25.215738, 0.0)
(27.753750, 25.247349, 0.0)
(27.755861, 26.486876, 0.0)
(27.626858, 27.128143, 0.0)
(27.579510, 27.157560, 0.0)
(27.553320, 27.173550, 0.0)
(27.536966, 27.238447, 0.0)
(27.522480, 27.305555, 0.0)
(27.498226, 27.325453, 0.0)
(27.470676, 27.239201, 0.0)
(27.901573, 28.477350, 0.0)
(28.108665, 29.901430, 0.0)
(28.055754, 30.025007, 0.0)
(27.992344, 30.034864, 0.0)
(27.962379, 30.070780, 0.0)
(27.951344, 30.083002, 0.0)
(27.901047, 30.113440, 0.0)
(27.883652, 30.137333, 0.0)
(27.972061, 31.868746, 0.0)
(27.947912, 32.854473, 0.0)
(27.885265, 33.076176, 0.0)
(27.855207, 33.232365, 0.0)
(27.844995, 33.394482, 0.0)
(27.851234, 33.499737, 0.0)
(27.822382, 33.567482, 0.0)
(27.849686, 33.693153, 0.0)
(27.872845, 33.607319, 0.0)
(28.022285, 34.066738, 0.0)
(28.169125, 34.847462, 0.0)
(27.996048, 35.005077, 0.0)
(27.934046, 34.816967, 0.0)
(27.847282, 34.571434, 0.0)
(27.758270, 34.332817, 0.0)
(27.690331, 34.129574, 0.0)
(27.658232, 33.969780, 0.0)
(27.570904, 33.856869, 0.0)
(27.553009, 33.789417, 0.0)
(27.567644, 33.749401, 0.0)
(27.565023, 33.753269, 0.0)
(27.539593, 33.696129, 0.0)
(27.517448, 33.554703, 0.0)
(27.526352, 33.460861, 0.0)
(27.602348, 33.377804, 0.0)
(27.575184, 33.321945, 0.0)
(27.653086, 31.786190, 0.0)
(27.588413, 31.098618, 0.0)
(27.549322, 31.014912, 0.0)
(27.523346, 30.975811, 0.0)
(27.508888, 30.952366, 0.0)
(27.501640, 30.908266, 0.0)
(27.440092, 30.642708, 0.0)
(27.290005, 29.222874, 0.0)
(27.198793, 29.072910, 0.0)
(27.135357, 29.085947, 0.0)
(27.106237, 29.094210, 0.0)
(27.115685, 28.960346, 0.0)
(27.071335, 28.880096, 0.0)
(27.138699, 28.911448, 0.0)
(27.160837, 28.870295, 0.0)
(26.985338, 27.605413, 0.0)
(26.889103, 26.831564, 0.0)
(26.853115, 26.781487, 0.0)
(26.827248, 26.827394, 0.0)
(26.833101, 26.837521, 0.0)
(26.827833, 26.812593, 0.0)
(26.792234, 26.813530, 0.0)
(26.786625, 26.804991, 0.0)
(26.746038, 25.365307, 0.0)
(26.747686, 24.779139, 0.0)
(26.725580, 24.794785, 0.0)
(26.707161, 24.802086, 0.0)
(26.659056, 24.724815, 0.0)
(26.656950, 24.728796, 0.0)
(26.672134, 24.728775, 0.0)
(26.642939, 24.691223, 0.0)
(26.638521, 24.687317, 0.0)
(26.647802, 24.662897, 0.0)
(26.659315, 24.668547, 0.0)
(26.648407, 24.682791, 0.0)
(26.634907, 24.702555, 0.0)
(26.629007, 24.657639, 0.0)
(26.620119, 24.645060, 0.0)
(26.620712, 24.641090, 0.0)
(26.627247, 24.636303, 0.0)
(26.620836, 24.617819, 0.0)
(26.600449, 24.492065, 0.0)
(26.581425, 24.437027, 0.0)
(26.603292, 24.435402, 0.0)
(26.606489, 24.442039, 0.0)
(26.584417, 24.469578, 0.0)
(26.611443, 24.561842, 0.0)
(26.621679, 24.635193, 0.0)
(26.364168, 24.782583, 0.0)
(26.349087, 24.727808, 0.0)
(26.365696, 24.682159, 0.0)
(26.355976, 24.667570, 0.0)
(26.350998, 24.718809, 0.0)
(26.341541, 24.740053, 0.0)
(26.335697, 24.785028, 0.0)
(26.328468, 24.782410, 0.0)
(26.299494, 24.768957, 0.0)
(26.299278, 24.751085, 0.0)
(26.308722, 24.776657, 0.0)
(26.278954, 24.800966, 0.0)
(26.257799, 24.828255, 0.0)
(26.242455, 24.909550, 0.0)
(26.211599, 24.958122, 0.0)
(26.202911, 24.937649, 0.0)
(26.207493, 24.916159, 0.0)
(26.207607, 24.956158, 0.0)
(26.143440, 26.006142, 0.0)
(26.053238, 26.532400, 0.0)
(26.026274, 26.552839, 0.0)
(26.012472, 26.595423, 0.0)
(25.989517, 26.564968, 0.0)
(25.965628, 26.487074, 0.0)
(25.973186, 26.527611, 0.0)
(25.973362, 26.574314, 0.0)
(26.030565, 26.744152, 0.0)
(26.649523, 28.896238, 0.0)
(26.551981, 29.140478, 0.0)
(26.468763, 29.158943, 0.0)
(26.432611, 29.150303, 0.0)
(26.389540, 29.141838, 0.0)
(26.359921, 29.143723, 0.0)
(26.356274, 29.158195, 0.0)
(26.609159, 30.023304, 0.0)
(26.705879, 31.272335, 0.0)
(26.679449, 31.384706, 0.0)
(26.622168, 31.341953, 0.0)
(26.602243, 31.326515, 0.0)
(26.607159, 31.351564, 0.0)
(26.598652, 31.376398, 0.0)
(26.569443, 31.363857, 0.0)
(26.563766, 31.380735, 0.0)
(26.549229, 31.394670, 0.0)
(26.547483, 31.397753, 0.0)
(26.540953, 31.400024, 0.0)
(26.536139, 31.412083, 0.0)
(26.532515, 31.448076, 0.0)
(26.524622, 31.464243, 0.0)
(26.530918, 31.498880, 0.0)
(26.557302, 31.668390, 0.0)
(27.031443, 32.621407, 0.0)
(27.001799, 32.672310, 0.0)
(26.954233, 32.644016, 0.0)
(26.965187, 32.679497, 0.0)
(26.951130, 32.704296, 0.0)
(26.932484, 32.724041, 0.0)
(26.949883, 32.821846, 0.0)
(26.946444, 32.845222, 0.0)
(26.923773, 32.870228, 0.0)
(26.919655, 32.851238, 0.0)
(26.931761, 32.855446, 0.0)
(26.909246, 32.858795, 0.0)
(26.922962, 32.883724, 0.0)
(26.934273, 32.921242, 0.0)
(26.982311, 33.325901, 0.0)
(26.929470, 33.449116, 0.0)
(26.891773, 33.405067, 0.0)
(26.884020, 33.384743, 0.0)
(26.925814, 33.405910, 0.0)
(26.886459, 33.396183, 0.0)
(26.875368, 33.368740, 0.0)
(26.878202, 33.366508, 0.0)
(26.871342, 33.354675, 0.0)
(26.865875, 33.335457, 0.0)
(26.879923, 33.227386, 0.0)
(27.463852, 33.774204, 0.0)
(28.064285, 35.826057, 0.0)
(28.212009, 35.875118, 0.0)
(27.620695, 35.406483, 0.0)
(27.454674, 34.744839, 0.0)
(27.351627, 34.316437, 0.0)
(27.274323, 34.084892, 0.0)
(27.271938, 33.917995, 0.0)
(27.200724, 33.748318, 0.0)
(27.170839, 33.605450, 0.0)
