(31.644781, 29.611132, 0.0)
(31.568401, 28.976316, 0.0)
(31.582581, 29.041462, 0.0)
(31.551874, 29.073433, 0.0)
(31.525145, 29.073503, 0.0)
(31.515070, 29.072481, 0.0)
(31.558750, 29.037235, 0.0)
(31.257473, 29.135630, 0.0)
(31.215502, 29.098591, 0.0)
(31.155567, 29.036911, 0.0)
(31.167437, 28.979069, 0.0)
(31.150379, 29.017389, 0.0)
(31.156258, 28.981617, 0.0)
(31.163647, 28.978432, 0.0)
(31.131777, 28.979298, 0.0)
(31.121962, 28.980186, 0.0)
(31.117687, 28.976616, 0.0)
(31.116404, 28.946829, 0.0)
(31.120014, 28.921249, 0.0)
(31.088949, 28.901646, 0.0)
(31.097231, 28.923077, 0.0)
(31.096310, 28.909605, 0.0)
(31.112595, 28.911833, 0.0)
(31.078844, 28.914461, 0.0)
(31.083931, 28.902769, 0.0)
(31.089193, 28.931490, 0.0)
(31.066586, 28.952501, 0.0)
(31.085579, 28.901617, 0.0)
(31.092396, 28.898844, 0.0)
(31.092396, 28.898844, 0.0)
(31.102404, 28.874495, 0.0)
(31.117979, 28.899757, 0.0)
(31.120533, 28.893526, 0.0)
(31.119793, 28.895327, 0.0)
(31.114605, 28.918810, 0.0)
(31.119793, 28.895327, 0.0)
(31.127151, 28.903162, 0.0)
(31.124569, 28.909401, 0.0)
(31.102942, 28.995039, 0.0)
(31.103563, 28.925400, 0.0)
(31.108957, 28.922415, 0.0)
(31.101641, 28.919085, 0.0)
(31.105635, 28.921049, 0.0)
(31.123686, 28.885677, 0.0)
(31.115797, 28.860863, 0.0)
(31.094778, 28.888010, 0.0)
(31.096907, 28.881361, 0.0)
(31.085363, 28.878878, 0.0)
(31.079834, 28.861712, 0.0)
(31.068108, 28.793980, 0.0)
(31.086054, 28.782183, 0.0)
(31.098267, 28.779705, 0.0)
(31.086826, 28.836924, 0.0)
(31.051355, 28.967333, 0.0)
(31.061390, 28.916134, 0.0)
(31.053524, 28.918282, 0.0)
(31.047132, 28.929182, 0.0)
(31.045452, 28.909473, 0.0)
(31.074659, 28.859283, 0.0)
(31.075632, 28.879236, 0.0)
(31.064234, 28.827717, 0.0)
(31.071198, 28.822317, 0.0)
(31.053532, 28.875586, 0.0)
(31.026760, 28.879145, 0.0)
(31.039959, 28.840134, 0.0)
(31.042294, 28.853804, 0.0)
(31.042711, 28.860695, 0.0)
(31.042711, 28.860695, 0.0)
(31.032421, 28.877592, 0.0)
(31.043896, 28.919388, 0.0)
(31.023678, 28.861708, 0.0)
(31.054647, 28.821289, 0.0)
(31.032536, 28.890724, 0.0)
(31.026388, 28.872240, 0.0)
(31.029896, 28.870140, 0.0)
(31.057341, 28.902016, 0.0)
(31.054920, 28.908308, 0.0)
(31.052889, 28.942822, 0.0)
(31.054920, 28.949005, 0.0)
(31.039888, 28.951677, 0.0)
(31.043270, 28.956177, 0.0)
(31.064737, 28.943537, 0.0)
(31.057030, 28.967485, 0.0)
(31.058893, 28.986364, 0.0)
(31.056982, 28.999722, 0.0)
(31.058458, 29.006186, 0.0)
(31.071842, 29.026688, 0.0)
(31.049793, 28.973057, 0.0)
(31.031784, 29.043699, 0.0)
(31.018475, 29.022020, 0.0)
(31.029900, 28.989485, 0.0)
(31.029232, 28.989168, 0.0)
(31.030210, 29.013643, 0.0)
(31.029751, 29.054623, 0.0)
(31.034510, 29.051224, 0.0)
(31.026600, 29.052280, 0.0)
(31.005201, 29.021482, 0.0)
(31.008537, 29.006634, 0.0)
(31.017157, 28.978559, 0.0)
(31.013910, 28.973656, 0.0)
(31.007153, 28.965227, 0.0)
(31.045380, 28.977118, 0.0)
(31.216618, 29.020185, 0.0)
(31.233057, 29.048304, 0.0)
(31.208580, 29.042963, 0.0)
(31.212278, 29.047215, 0.0)
(31.196087, 29.067719, 0.0)
(31.191097, 29.069246, 0.0)
(31.182358, 29.075420, 0.0)
(31.191097, 29.069246, 0.0)
(31.197931, 29.073563, 0.0)
(31.178040, 29.083450, 0.0)
(31.182741, 29.093348, 0.0)
(31.171509, 29.098862, 0.0)
(31.202337, 29.080450, 0.0)
(31.200296, 29.092449, 0.0)
(31.193474, 29.064344, 0.0)
(31.185516, 29.100725, 0.0)
(31.160929, 29.140692, 0.0)
(31.190031, 29.127024, 0.0)
(31.188257, 29.174248, 0.0)
(31.158493, 29.135717, 0.0)
(31.145416, 29.109503, 0.0)
(31.134842, 29.128004, 0.0)
(31.091751, 29.123499, 0.0)
(30.981518, 29.106325, 0.0)
(30.982658, 29.148617, 0.0)
(31.021442, 29.154266, 0.0)
(31.041342, 29.165482, 0.0)
(31.021156, 29.173605, 0.0)
(31.003237, 29.192839, 0.0)
(31.037395, 29.120878, 0.0)
(31.025915, 29.067144, 0.0)
(31.007275, 29.034069, 0.0)
(31.011412, 29.029573, 0.0)
(31.011412, 29.029573, 0.0)
(31.045357, 29.054466, 0.0)
(31.028419, 29.033333, 0.0)
(31.036127, 29.014744, 0.0)
(31.046091, 29.044865, 0.0)
(31.031399, 29.055645, 0.0)
(31.034933, 29.037970, 0.0)
(31.021687, 29.048672, 0.0)
(31.042585, 29.028572, 0.0)
(31.033041, 29.041746, 0.0)
(31.036728, 29.053728, 0.0)
(31.046185, 29.048639, 0.0)
(31.041813, 29.083639, 0.0)
(31.030529, 29.127792, 0.0)
(31.026127, 29.177231, 0.0)
(31.031040, 29.239603, 0.0)
(31.018402, 29.245337, 0.0)
(31.020321, 29.251381, 0.0)
(31.039640, 29.334305, 0.0)
(31.030787, 29.297621, 0.0)
(31.033792, 29.253254, 0.0)
(31.034876, 29.246374, 0.0)
(31.020321, 29.251381, 0.0)
(31.018402, 29.245337, 0.0)
(31.039890, 29.266718, 0.0)
(31.039890, 29.266718, 0.0)
(31.040548, 29.286169, 0.0)
(31.050112, 29.318218, 0.0)
(31.136175, 29.326670, 0.0)
(31.146397, 29.321821, 0.0)
(31.169031, 29.317793, 0.0)
(31.193472, 29.285069, 0.0)
(31.188763, 29.288679, 0.0)
(31.181225, 29.327896, 0.0)
(31.181807, 29.349804, 0.0)
(31.184082, 29.395859, 0.0)
(31.134041, 29.366398, 0.0)
(31.133703, 29.311480, 0.0)
(31.119316, 29.323536, 0.0)
(31.127268, 29.281872, 0.0)
(31.173706, 29.273741, 0.0)
(33.894333, 30.520378, 0.0)
(36.862038, 32.288303, 0.0)
(38.354527, 33.771511, 0.0)
(38.669025, 34.199196, 0.0)
(38.672905, 34.241035, 0.0)
(38.668716, 34.215927, 0.0)
(38.666134, 34.227585, 0.0)
(38.661358, 34.172321, 0.0)
(38.666534, 34.146950, 0.0)
(38.668129, 34.143234, 0.0)
(38.672543, 34.141487, 0.0)
(38.678246, 34.104877, 0.0)
(38.676632, 34.098839, 0.0)
(38.691486, 34.070927, 0.0)
(38.691486, 34.070927, 0.0)
(38.691486, 34.070927, 0.0)
(38.689919, 34.016689, 0.0)
(38.656204, 33.967659, 0.0)
(37.466717, 33.231266, 0.0)
(37.358356, 33.168972, 0.0)
(37.367271, 33.186295, 0.0)
(37.351086, 33.176010, 0.0)
(37.360394, 33.097916, 0.0)
(37.355907, 33.088970, 0.0)
(37.351830, 33.067661, 0.0)
(37.351929, 33.041344, 0.0)
(37.347820, 33.043930, 0.0)
(37.346371, 33.056637, 0.0)
(37.342247, 33.053814, 0.0)
(37.314262, 33.020065, 0.0)
(37.321987, 33.001846, 0.0)
(37.318939, 33.006321, 0.0)
(37.303375, 32.993053, 0.0)
(37.307507, 32.998596, 0.0)
(38.151279, 29.438099, 0.0)
(38.437359, 26.212337, 0.0)
(38.346039, 25.654289, 0.0)
(38.318123, 25.651230, 0.0)
(38.280567, 25.661226, 0.0)
(38.516792, 25.284000, 0.0)
(38.636082, 25.184130, 0.0)
(38.568756, 25.141413, 0.0)
(38.525597, 25.160730, 0.0)
(38.497623, 25.160341, 0.0)
(38.539608, 25.049248, 0.0)
(38.521149, 24.986359, 0.0)
(38.510876, 24.982161, 0.0)
(38.474522, 24.961138, 0.0)
(38.428143, 24.902914, 0.0)
(38.395020, 24.866476, 0.0)
(38.383347, 24.859434, 0.0)
(38.305168, 24.843510, 0.0)
(38.305168, 24.843510, 0.0)
(38.280235, 24.842287, 0.0)
(38.273220, 24.839161, 0.0)
(38.287994, 24.826180, 0.0)
(38.298779, 24.824615, 0.0)
(38.284943, 24.808645, 0.0)
(38.264050, 24.805933, 0.0)
(38.255249, 24.837393, 0.0)
(38.243904, 24.856201, 0.0)
(38.206642, 24.849724, 0.0)
(38.201477, 24.850349, 0.0)
(38.191612, 24.843863, 0.0)
(38.146172, 24.876360, 0.0)
(38.157715, 24.894062, 0.0)
(38.142761, 24.918783, 0.0)
(38.105461, 24.915541, 0.0)
(38.109238, 24.939404, 0.0)
(38.096573, 24.939238, 0.0)
(37.307213, 24.778704, 0.0)
(32.576134, 24.294106, 0.0)
(29.331377, 26.077152, 0.0)
(27.287474, 28.695244, 0.0)
(25.634108, 31.342398, 0.0)
(24.864578, 32.918049, 0.0)
(24.752527, 33.870586, 0.0)
(24.688000, 33.956490, 0.0)
(24.578564, 33.902054, 0.0)
(24.231215, 34.727528, 0.0)
(24.085796, 35.301144, 0.0)
(24.104467, 35.218975, 0.0)
(24.095514, 35.175278, 0.0)
(24.095514, 35.175278, 0.0)
(24.081226, 35.162540, 0.0)
(24.097692, 35.416267, 0.0)
(24.134113, 35.409843, 0.0)
(24.125572, 35.385147, 0.0)
(24.134380, 35.402500, 0.0)
(24.096830, 35.387058, 0.0)
(24.074554, 35.352715, 0.0)
(24.082937, 35.317097, 0.0)
(24.058475, 35.286327, 0.0)
(24.054838, 35.217903, 0.0)
(23.991903, 35.065430, 0.0)
(24.039745, 35.214748, 0.0)
(24.001850, 35.238350, 0.0)
(23.980518, 35.190575, 0.0)
(23.993277, 35.162048, 0.0)
(23.984722, 35.143238, 0.0)
(24.030304, 35.133579, 0.0)
(24.057072, 35.113529, 0.0)
(24.027573, 35.143951, 0.0)
(23.940071, 35.029457, 0.0)
(24.020067, 35.071117, 0.0)
(24.014631, 35.048782, 0.0)
(24.073744, 35.067772, 0.0)
(24.083061, 35.051258, 0.0)
(23.641512, 33.451519, 0.0)
(22.964336, 29.485632, 0.0)
(22.778006, 27.591953, 0.0)
(22.749004, 27.384777, 0.0)
(22.693085, 27.467873, 0.0)
(22.664488, 27.468897, 0.0)
(22.712345, 27.201668, 0.0)
(22.724363, 26.973566, 0.0)
(22.688421, 26.995100, 0.0)
(22.678068, 27.024031, 0.0)
(22.689117, 27.013378, 0.0)
(22.702847, 27.013569, 0.0)
(22.719553, 27.032524, 0.0)
(22.720045, 27.029913, 0.0)
(22.724113, 27.024965, 0.0)
(22.724388, 27.037643, 0.0)
(22.703213, 27.020678, 0.0)
(22.685530, 26.965406, 0.0)
(22.679426, 26.942469, 0.0)
(22.670225, 26.956984, 0.0)
(22.661858, 26.923340, 0.0)
(22.669001, 26.931341, 0.0)
(22.670521, 26.964336, 0.0)
(22.675560, 26.959106, 0.0)
(22.683990, 26.964716, 0.0)
(22.689095, 26.962143, 0.0)
(22.723928, 26.940622, 0.0)
(22.760817, 26.938421, 0.0)
(22.751928, 26.990158, 0.0)
(22.767218, 27.003777, 0.0)
(22.796286, 26.994871, 0.0)
(22.808002, 27.015848, 0.0)
(22.802979, 27.002220, 0.0)
(22.832565, 26.947618, 0.0)
(22.871262, 26.942499, 0.0)
(22.837566, 26.949329, 0.0)
(22.901443, 26.918802, 0.0)
(22.969181, 26.898655, 0.0)
(27.403292, 27.275723, 0.0)
(31.040609, 29.150536, 0.0)
(31.306812, 29.507793, 0.0)
(31.348169, 29.508970, 0.0)
(31.358667, 29.488443, 0.0)
(31.355268, 29.514399, 0.0)
(31.332659, 29.522581, 0.0)
(31.288448, 29.556231, 0.0)
(31.068851, 29.583132, 0.0)
(31.072590, 29.583128, 0.0)
(31.042503, 29.592884, 0.0)
(31.033705, 29.571049, 0.0)
(30.999615, 29.571795, 0.0)
(30.975000, 29.601698, 0.0)
(30.985462, 29.531002, 0.0)
(30.992437, 29.561234, 0.0)
(30.997522, 29.558792, 0.0)
(31.002729, 29.515333, 0.0)
(31.001238, 29.507143, 0.0)
(30.992889, 29.530682, 0.0)
(30.994377, 29.488340, 0.0)
(31.018101, 29.443573, 0.0)
(31.018133, 29.455849, 0.0)
(31.005728, 29.424679, 0.0)
(31.005728, 29.424679, 0.0)
(31.018097, 29.461969, 0.0)
(31.009300, 29.399532, 0.0)
(30.988304, 29.385916, 0.0)
(30.993706, 29.381660, 0.0)
(30.988304, 29.385916, 0.0)
(30.984850, 29.411301, 0.0)
(31.010712, 29.380386, 0.0)
(30.993670, 29.405420, 0.0)
(30.997963, 29.314739, 0.0)
(30.992836, 29.316452, 0.0)
(30.988384, 29.282930, 0.0)
(31.015364, 29.232355, 0.0)
(30.989872, 29.244320, 0.0)
(29.010794, 30.626900, 0.0)
(26.411366, 32.803158, 0.0)
(25.018406, 34.257355, 0.0)
(24.627462, 34.841709, 0.0)
(24.498755, 34.915066, 0.0)
(24.459238, 34.873211, 0.0)
(24.433895, 34.867954, 0.0)
(24.413868, 34.842331, 0.0)
(25.567484, 35.096458, 0.0)
(25.653154, 35.232105, 0.0)
(25.592421, 35.248932, 0.0)
(25.658611, 35.305779, 0.0)
(25.683538, 35.361099, 0.0)
(25.686491, 35.408211, 0.0)
(25.711714, 35.318699, 0.0)
(28.304937, 34.653404, 0.0)
(29.285267, 34.559143, 0.0)
(29.460566, 34.565006, 0.0)
(29.620911, 34.548149, 0.0)
(29.848301, 34.572651, 0.0)
(29.995892, 34.541691, 0.0)
(31.946012, 34.576176, 0.0)
(34.143524, 34.575054, 0.0)
(34.389084, 34.587250, 0.0)
(34.483643, 34.561512, 0.0)
(34.618610, 34.574558, 0.0)
(34.689407, 34.577709, 0.0)
(34.752647, 34.608192, 0.0)
(34.820503, 34.602024, 0.0)
(34.903679, 34.540340, 0.0)
(35.477333, 34.518623, 0.0)
(37.555897, 34.164536, 0.0)
(37.645020, 34.155205, 0.0)
(37.684868, 34.192635, 0.0)
(37.747089, 34.202305, 0.0)
(37.790661, 34.253254, 0.0)
(37.825333, 34.218731, 0.0)
(37.884972, 34.180359, 0.0)
(37.913216, 34.127159, 0.0)
(37.944576, 34.093319, 0.0)
(38.000702, 34.097790, 0.0)
(38.039627, 34.104591, 0.0)
(38.581757, 33.970795, 0.0)
(38.651981, 33.930527, 0.0)
(38.663574, 33.948761, 0.0)
(38.690243, 33.968189, 0.0)
(38.752968, 33.936310, 0.0)
(38.768330, 33.914585, 0.0)
(38.766861, 33.953335, 0.0)
(38.750114, 33.984394, 0.0)
(38.754478, 33.970745, 0.0)
(38.643829, 33.589680, 0.0)
(37.844025, 30.506935, 0.0)
(37.725441, 30.373178, 0.0)
(37.675575, 30.355812, 0.0)
(37.649292, 30.305012, 0.0)
(37.629654, 30.274395, 0.0)
(37.623196, 30.247011, 0.0)
(37.642925, 30.189899, 0.0)
(37.540806, 30.942165, 0.0)
(37.243137, 31.980288, 0.0)
(37.045914, 32.091724, 0.0)
(36.819927, 32.035297, 0.0)
(35.883110, 32.697506, 0.0)
(35.007957, 33.449429, 0.0)
(34.724064, 33.562195, 0.0)
(34.474377, 33.580109, 0.0)
(34.215664, 33.636944, 0.0)
(33.978046, 33.684189, 0.0)
(33.747341, 33.683033, 0.0)
(33.557133, 33.699081, 0.0)
(31.855391, 33.688927, 0.0)
(30.304659, 33.860516, 0.0)
(30.028225, 33.943581, 0.0)
(29.900194, 33.964863, 0.0)
(29.766407, 34.025597, 0.0)
(29.650242, 34.063572, 0.0)
(29.588848, 34.057919, 0.0)
(29.497101, 34.069572, 0.0)
(29.129955, 34.185421, 0.0)
(26.796942, 34.559204, 0.0)
(26.635519, 34.665180, 0.0)
(26.616892, 34.667095, 0.0)
(26.606785, 34.689651, 0.0)
(26.596684, 34.754856, 0.0)
(26.545927, 34.707691, 0.0)
(25.604269, 35.001183, 0.0)
(25.478855, 35.023899, 0.0)
(25.451355, 35.001793, 0.0)
(25.408478, 35.000000, 0.0)
(25.365993, 35.043980, 0.0)
(25.338633, 35.060638, 0.0)
(25.346302, 35.063187, 0.0)
(25.329506, 35.117767, 0.0)
(24.242882, 35.321350, 0.0)
(24.150208, 35.239777, 0.0)
(24.112867, 35.248997, 0.0)
(24.099857, 35.254700, 0.0)
(24.104465, 35.274502, 0.0)
(24.092939, 35.304977, 0.0)
(24.088446, 35.276474, 0.0)
(24.087198, 35.269474, 0.0)
(24.113676, 35.357662, 0.0)
(24.104076, 35.295410, 0.0)
(24.094023, 35.270508, 0.0)
(24.112701, 35.168457, 0.0)
(24.180428, 34.949505, 0.0)
(24.556290, 32.999260, 0.0)
(24.575466, 32.867237, 0.0)
(24.577219, 32.916851, 0.0)
(24.599878, 32.893299, 0.0)
(24.708599, 32.822006, 0.0)
(27.464848, 32.842007, 0.0)
(28.354153, 33.028851, 0.0)
(28.547079, 33.004959, 0.0)
(28.695589, 32.994724, 0.0)
(28.809982, 32.950428, 0.0)
(29.006666, 32.901436, 0.0)
(29.243860, 32.851360, 0.0)
(29.502890, 32.842747, 0.0)
(29.700058, 32.781742, 0.0)
(29.955114, 32.938187, 0.0)
(30.423027, 33.238724, 0.0)
(30.642530, 33.357086, 0.0)
(31.191936, 33.354240, 0.0)
(34.389736, 33.424721, 0.0)
(34.770405, 33.589314, 0.0)
(34.994293, 33.647038, 0.0)
(35.259933, 33.614784, 0.0)
(35.411530, 33.586113, 0.0)
(35.513298, 33.682053, 0.0)
(35.651093, 33.682114, 0.0)
(36.991325, 33.561287, 0.0)
(38.911224, 33.317169, 0.0)
(39.152214, 33.212120, 0.0)
(39.188721, 33.226109, 0.0)
(39.240067, 33.241959, 0.0)
(39.273972, 33.215218, 0.0)
(39.293880, 33.144775, 0.0)
(39.320942, 33.129383, 0.0)
(39.371601, 33.106262, 0.0)
(39.389576, 33.112377, 0.0)
(39.399979, 33.112473, 0.0)
(39.418514, 33.072205, 0.0)
(39.467106, 32.991451, 0.0)
(39.450062, 33.031197, 0.0)
(39.477554, 32.979378, 0.0)
(39.447861, 33.033180, 0.0)
(39.416084, 33.032890, 0.0)
(39.414108, 33.015083, 0.0)
(39.378132, 33.046032, 0.0)
(39.334648, 33.041569, 0.0)
(39.295391, 33.048344, 0.0)
(39.232910, 32.973145, 0.0)
(39.179375, 33.036385, 0.0)
(39.145283, 33.036079, 0.0)
(39.054806, 33.057926, 0.0)
(38.905586, 32.965534, 0.0)
(38.839226, 32.967754, 0.0)
(38.840317, 32.941826, 0.0)
(38.755375, 32.969410, 0.0)
(38.720737, 32.948025, 0.0)
(38.674793, 32.940079, 0.0)
(38.582310, 32.872074, 0.0)
(38.476418, 32.853455, 0.0)
(37.429184, 32.748962, 0.0)
(36.655804, 32.639999, 0.0)
(36.441910, 32.648754, 0.0)
(36.247112, 32.674938, 0.0)
(36.069363, 32.659554, 0.0)
(35.550758, 32.670986, 0.0)
(32.122002, 32.648678, 0.0)
(31.677782, 32.810650, 0.0)
(31.470661, 32.841354, 0.0)
(31.365604, 32.867954, 0.0)
(31.261894, 32.857201, 0.0)
(31.197474, 32.838734, 0.0)
(31.067375, 32.871677, 0.0)
(30.992531, 32.875889, 0.0)
(30.840502, 32.912025, 0.0)
(30.753574, 32.919029, 0.0)
(29.113348, 33.207130, 0.0)
(27.162245, 33.717041, 0.0)
(26.496517, 33.974182, 0.0)
(26.349070, 33.962395, 0.0)
(26.302036, 34.033939, 0.0)
(26.275805, 34.057583, 0.0)
(26.234455, 34.025761, 0.0)
(26.181942, 34.046436, 0.0)
(26.150848, 34.063202, 0.0)
(26.066423, 34.070423, 0.0)
(26.038460, 34.093266, 0.0)
(26.006639, 34.113564, 0.0)
(25.944828, 34.103313, 0.0)
(25.259920, 34.295177, 0.0)
(24.921085, 34.371738, 0.0)
(24.905268, 34.361034, 0.0)
(24.834433, 34.381054, 0.0)
(24.775364, 34.368702, 0.0)
(24.716763, 34.357559, 0.0)
(24.668489, 34.325020, 0.0)
(24.623289, 34.316898, 0.0)
(24.598814, 34.302109, 0.0)
(24.614340, 34.319626, 0.0)
(24.608093, 34.335896, 0.0)
(24.608816, 34.293869, 0.0)
(24.619343, 34.239075, 0.0)
(24.620523, 34.261143, 0.0)
(24.654741, 34.189503, 0.0)
(24.688988, 34.162598, 0.0)
(24.693230, 34.098324, 0.0)
(24.700598, 34.072704, 0.0)
(24.297001, 33.375164, 0.0)
(24.010786, 32.597477, 0.0)
(24.012922, 32.549725, 0.0)
(24.026175, 32.447605, 0.0)
(24.876612, 32.602066, 0.0)
(25.057007, 32.661880, 0.0)
(25.169712, 32.640213, 0.0)
(25.347702, 32.618515, 0.0)
(25.552994, 32.585461, 0.0)
(27.314743, 32.238491, 0.0)
(28.111155, 32.313618, 0.0)
(28.340746, 32.320271, 0.0)
(28.515118, 32.278946, 0.0)
(28.762682, 32.253063, 0.0)
(29.026783, 32.225468, 0.0)
(29.260323, 32.197323, 0.0)
(29.499554, 32.169483, 0.0)
(29.783331, 32.133400, 0.0)
(30.697712, 32.120392, 0.0)
(34.131317, 32.031162, 0.0)
(35.994705, 32.173161, 0.0)
(36.248821, 32.291798, 0.0)
(36.448101, 32.273998, 0.0)
(36.653160, 32.321392, 0.0)
(36.775867, 32.343964, 0.0)
(36.882095, 32.360802, 0.0)
(36.926430, 32.384480, 0.0)
(38.700657, 32.455315, 0.0)
(39.057278, 32.530071, 0.0)
(39.082512, 32.579243, 0.0)
(39.136467, 32.582741, 0.0)
(39.120125, 32.587315, 0.0)
(39.154301, 32.590672, 0.0)
(39.148457, 32.633396, 0.0)
(39.145027, 32.639294, 0.0)
(39.130676, 32.623623, 0.0)
(39.125042, 32.641739, 0.0)
(39.103973, 32.644737, 0.0)
(39.058331, 32.616909, 0.0)
(39.022923, 32.613148, 0.0)
(39.037460, 32.633461, 0.0)
(39.016056, 32.639317, 0.0)
(38.949104, 32.660652, 0.0)
(38.946529, 32.657715, 0.0)
(38.894611, 32.648369, 0.0)
(38.882420, 32.634529, 0.0)
(38.841309, 32.664715, 0.0)
(38.765030, 32.704288, 0.0)
(38.713821, 32.714291, 0.0)
(38.673244, 32.703941, 0.0)
(38.617302, 32.777622, 0.0)
(38.534645, 32.730488, 0.0)
(38.667625, 32.414600, 0.0)
(38.934475, 31.878992, 0.0)
(38.867050, 31.704103, 0.0)
(38.784832, 31.625151, 0.0)
(37.336361, 31.474018, 0.0)
(37.071259, 31.457174, 0.0)
(36.819523, 31.461096, 0.0)
(36.608990, 31.485823, 0.0)
(36.389549, 31.437435, 0.0)
(33.327785, 31.402256, 0.0)
(29.964718, 31.903696, 0.0)
(27.846529, 32.588795, 0.0)
(27.502949, 32.706371, 0.0)
(27.390635, 32.747330, 0.0)
(27.361593, 32.809830, 0.0)
(27.343987, 32.817810, 0.0)
(27.213833, 32.807888, 0.0)
(27.156439, 32.793255, 0.0)
(27.126387, 32.775051, 0.0)
(27.084524, 32.712574, 0.0)
(27.060276, 32.665943, 0.0)
(27.041561, 32.656834, 0.0)
(26.995110, 32.645077, 0.0)
(26.977575, 32.664265, 0.0)
(26.945681, 32.668705, 0.0)
(26.860949, 32.640087, 0.0)
(26.850889, 32.636780, 0.0)
(26.807318, 32.649639, 0.0)
(26.805334, 32.635979, 0.0)
(26.785419, 32.635048, 0.0)
(26.723852, 32.665615, 0.0)
(26.682081, 32.680344, 0.0)
(26.659006, 32.710117, 0.0)
(26.614985, 32.677307, 0.0)
(25.221764, 33.006104, 0.0)
(24.341885, 33.323921, 0.0)
(24.244513, 33.381466, 0.0)
(24.219906, 33.342022, 0.0)
(24.228817, 33.344009, 0.0)
(24.198620, 33.378788, 0.0)
(24.154688, 33.372364, 0.0)
(24.116556, 33.362087, 0.0)
(24.100410, 33.389889, 0.0)
(24.043060, 33.376873, 0.0)
(23.698732, 33.223438, 0.0)
(23.624025, 33.235584, 0.0)
(23.582001, 33.267235, 0.0)
(23.580181, 33.253880, 0.0)
(23.586081, 33.253796, 0.0)
(23.576950, 33.242592, 0.0)
(23.558479, 33.209389, 0.0)
(23.599504, 33.193405, 0.0)
(23.619450, 33.218708, 0.0)
(23.649464, 33.144505, 0.0)
(23.803698, 33.197624, 0.0)
(23.942120, 33.195992, 0.0)
(24.063839, 33.085365, 0.0)
(25.836748, 32.129139, 0.0)
(26.087723, 32.049042, 0.0)
(26.424006, 31.898642, 0.0)
(26.717403, 31.791542, 0.0)
(26.946373, 31.766872, 0.0)
(27.294577, 31.801945, 0.0)
(27.475536, 31.775675, 0.0)
(27.784954, 31.754309, 0.0)
(28.124716, 31.710024, 0.0)
(28.381609, 31.681047, 0.0)
(28.706810, 31.656792, 0.0)
(29.001884, 31.619997, 0.0)
(29.308016, 31.622057, 0.0)
(29.615519, 31.574703, 0.0)
(29.910994, 31.542288, 0.0)
(31.053402, 31.433887, 0.0)
(33.391243, 31.342215, 0.0)
(33.779560, 31.429201, 0.0)
(34.002663, 31.480040, 0.0)
(34.240063, 31.433544, 0.0)
(34.439365, 31.479866, 0.0)
(34.650284, 31.459578, 0.0)
(34.834393, 31.466379, 0.0)
(34.999199, 31.450588, 0.0)
(37.369720, 31.543703, 0.0)
(38.681812, 31.679239, 0.0)
(38.792168, 31.808279, 0.0)
(38.841007, 31.807358, 0.0)
(38.869892, 31.783596, 0.0)
(38.915825, 31.806730, 0.0)
(38.930996, 31.795193, 0.0)
(38.871845, 31.778610, 0.0)
(38.890469, 31.719206, 0.0)
(38.928444, 31.696552, 0.0)
(38.981632, 31.684376, 0.0)
(39.121387, 31.661934, 0.0)
(39.125980, 31.665592, 0.0)
(39.233891, 31.609457, 0.0)
(39.536747, 31.221428, 0.0)
(39.604504, 31.210325, 0.0)
(39.561371, 31.176907, 0.0)
(39.637383, 31.133450, 0.0)
(39.644047, 31.181381, 0.0)
(39.700935, 31.190224, 0.0)
(39.738319, 31.188560, 0.0)
(39.655193, 31.128904, 0.0)
(39.605305, 31.071457, 0.0)
(39.540997, 31.158974, 0.0)
(39.414364, 31.109716, 0.0)
(39.341354, 31.031462, 0.0)
(39.273853, 31.047758, 0.0)
(39.138546, 31.040445, 0.0)
(36.540928, 30.377714, 0.0)
(36.389568, 30.375931, 0.0)
(36.146996, 30.305386, 0.0)
(35.937630, 30.374660, 0.0)
(35.698242, 30.356531, 0.0)
(35.417507, 30.367231, 0.0)
(35.181580, 30.362873, 0.0)
(34.945713, 30.390303, 0.0)
(34.759872, 30.426319, 0.0)
(34.555481, 30.396469, 0.0)
(34.283283, 30.379324, 0.0)
(34.019703, 30.418936, 0.0)
(33.770977, 30.505030, 0.0)
(33.540211, 30.446518, 0.0)
(33.358135, 30.455072, 0.0)
(31.049341, 30.518112, 0.0)
(28.702848, 30.920916, 0.0)
(28.362123, 31.095049, 0.0)
(28.175243, 31.097435, 0.0)
(28.118633, 31.098629, 0.0)
(28.054285, 31.117949, 0.0)
(27.519409, 31.230391, 0.0)
(25.273140, 31.822395, 0.0)
(25.025402, 31.892506, 0.0)
(24.954187, 31.922638, 0.0)
(24.864010, 31.902115, 0.0)
(24.822901, 31.884998, 0.0)
(24.800760, 31.850710, 0.0)
(24.447960, 32.037754, 0.0)
(23.714041, 32.450363, 0.0)
(23.546947, 32.420536, 0.0)
(23.550846, 32.392593, 0.0)
(23.512396, 32.386333, 0.0)
(23.508457, 32.418804, 0.0)
(23.510389, 32.405262, 0.0)
(23.461735, 32.419910, 0.0)
(23.444000, 32.417767, 0.0)
(23.451477, 32.447342, 0.0)
(23.444441, 32.476280, 0.0)
(23.424929, 32.486568, 0.0)
(23.356499, 32.446327, 0.0)
(23.337608, 32.424305, 0.0)
(23.171721, 31.935810, 0.0)
(23.118870, 31.706959, 0.0)
(23.109695, 31.705505, 0.0)
(23.098475, 31.707277, 0.0)
(23.105177, 31.692999, 0.0)
(23.106491, 31.669041, 0.0)
(23.182211, 31.590853, 0.0)
(23.235466, 31.573298, 0.0)
(23.281395, 31.542002, 0.0)
(25.004795, 30.874657, 0.0)
(25.588057, 30.787807, 0.0)
(25.732607, 30.763063, 0.0)
(25.848654, 30.728802, 0.0)
(25.956600, 30.635057, 0.0)
(25.227270, 31.345762, 0.0)
(25.330093, 31.374065, 0.0)
(25.577038, 31.246559, 0.0)
(25.871141, 31.164978, 0.0)
(26.187525, 31.103367, 0.0)
(26.510798, 30.965662, 0.0)
(26.768526, 30.883911, 0.0)
(28.504045, 30.522629, 0.0)
(28.904205, 30.496300, 0.0)
(29.289049, 30.358822, 0.0)
(29.590338, 30.307095, 0.0)
(31.357777, 30.116188, 0.0)
(34.830242, 30.023458, 0.0)
(36.728527, 30.361673, 0.0)
(36.994221, 30.443390, 0.0)
(37.041889, 30.459099, 0.0)
(37.124233, 30.466860, 0.0)
(37.162148, 30.435125, 0.0)
(37.272293, 30.473955, 0.0)
(37.288849, 30.485081, 0.0)
(37.377136, 30.470171, 0.0)
(39.017170, 30.547693, 0.0)
(39.606827, 30.547810, 0.0)
(39.651234, 30.497196, 0.0)
(39.589809, 30.485470, 0.0)
(39.480213, 30.499075, 0.0)
(39.488590, 30.506817, 0.0)
(39.467945, 30.525320, 0.0)
(39.449135, 30.529316, 0.0)
(39.397133, 30.536182, 0.0)
(39.352707, 30.574808, 0.0)
(39.334652, 30.556797, 0.0)
(36.115517, 29.938639, 0.0)
(35.216187, 29.918974, 0.0)
(35.234692, 29.849983, 0.0)
(35.144138, 29.866175, 0.0)
(35.119968, 29.870892, 0.0)
(35.119122, 29.895626, 0.0)
(35.113739, 29.879217, 0.0)
(35.081482, 29.816525, 0.0)
(34.982079, 29.829170, 0.0)
(34.971870, 29.815277, 0.0)
(34.926601, 29.797012, 0.0)
(34.273346, 29.807743, 0.0)
(31.753864, 29.721701, 0.0)
(31.409954, 29.759441, 0.0)
(31.386690, 29.735306, 0.0)
(31.364573, 29.767488, 0.0)
(31.342224, 29.767805, 0.0)
(31.354403, 29.721079, 0.0)
(31.318029, 29.700466, 0.0)
(31.270067, 29.695034, 0.0)
(31.244726, 29.698055, 0.0)
(34.458069, 29.607210, 0.0)
(35.732044, 29.838146, 0.0)
(35.695049, 29.810394, 0.0)
(35.430965, 29.797832, 0.0)
(35.226753, 29.795519, 0.0)
(34.924526, 29.725241, 0.0)
(34.607723, 29.777664, 0.0)
(34.405880, 29.771660, 0.0)
(34.134209, 29.778227, 0.0)
(30.996197, 29.755791, 0.0)
(29.715729, 29.962709, 0.0)
(29.382675, 30.027414, 0.0)
(29.116863, 30.052998, 0.0)
(26.221870, 30.689568, 0.0)
(25.565649, 31.040180, 0.0)
(25.381252, 31.092531, 0.0)
(25.298939, 31.101263, 0.0)
(25.283836, 31.104729, 0.0)
(24.695848, 31.424587, 0.0)
(23.552755, 31.793102, 0.0)
(23.442654, 31.827877, 0.0)
(23.426189, 31.741329, 0.0)
(23.342041, 31.773228, 0.0)
(23.311396, 31.784975, 0.0)
(23.309248, 31.776922, 0.0)
(23.323975, 31.764591, 0.0)
(23.326664, 31.757286, 0.0)
(23.335545, 31.766470, 0.0)
(23.317347, 31.748972, 0.0)
(23.333614, 31.753845, 0.0)
(23.336100, 31.759155, 0.0)
(22.835983, 31.886057, 0.0)
(22.791962, 31.837772, 0.0)
(22.790554, 31.828865, 0.0)
(22.805910, 31.824915, 0.0)
(22.808004, 31.830532, 0.0)
(22.824366, 31.818224, 0.0)
(22.830004, 31.808020, 0.0)
(22.824087, 31.805246, 0.0)
(22.796896, 31.688675, 0.0)
(22.799866, 31.671331, 0.0)
(22.788162, 31.660271, 0.0)
(22.792435, 31.611746, 0.0)
(22.819519, 31.606977, 0.0)
(22.853939, 31.556372, 0.0)
(22.926939, 31.502554, 0.0)
(23.220478, 31.195835, 0.0)
(23.864828, 30.452070, 0.0)
(23.978170, 30.458099, 0.0)
(24.004734, 30.355906, 0.0)
(24.187174, 30.225817, 0.0)
(26.220470, 29.703724, 0.0)
(26.505106, 29.680971, 0.0)
(26.704256, 29.653303, 0.0)
(27.007439, 29.526550, 0.0)
(27.204559, 29.475641, 0.0)
(27.513323, 29.407236, 0.0)
(27.755835, 29.277082, 0.0)
(27.995003, 29.207516, 0.0)
(28.324446, 29.173201, 0.0)
(28.567759, 29.148830, 0.0)
(28.785559, 29.148058, 0.0)
(29.087128, 29.130754, 0.0)
(29.346155, 29.115456, 0.0)
(29.602127, 29.097811, 0.0)
(29.913391, 29.075512, 0.0)
(30.212173, 29.061539, 0.0)
(30.470356, 29.045713, 0.0)
(30.714972, 29.057421, 0.0)
(30.996241, 29.013449, 0.0)
(32.356686, 29.013390, 0.0)
(34.356300, 29.072557, 0.0)
(34.586338, 29.128061, 0.0)
(34.736183, 29.150957, 0.0)
(34.824924, 29.181494, 0.0)
(36.427898, 29.282185, 0.0)
(38.205315, 29.529510, 0.0)
(38.434536, 29.580065, 0.0)
(38.507313, 29.567860, 0.0)
(38.506897, 29.578228, 0.0)
(38.391911, 29.622080, 0.0)
(38.348686, 29.682447, 0.0)
(38.355335, 29.697424, 0.0)
(38.828888, 29.777582, 0.0)
(39.177525, 29.740007, 0.0)
(39.213871, 29.768961, 0.0)
(39.217876, 29.768631, 0.0)
(39.204624, 29.804415, 0.0)
(39.211880, 29.848806, 0.0)
(39.198132, 29.849558, 0.0)
(39.230579, 29.860844, 0.0)
(39.236008, 29.849310, 0.0)
(39.237091, 29.792471, 0.0)
(39.245548, 29.757034, 0.0)
(39.257877, 29.737976, 0.0)
(39.227921, 29.733204, 0.0)
(39.186455, 29.790268, 0.0)
(39.174152, 29.771660, 0.0)
(38.451210, 28.861147, 0.0)
(38.296066, 28.749224, 0.0)
(38.262070, 28.690235, 0.0)
(38.205761, 28.638990, 0.0)
(38.193077, 28.567371, 0.0)
(37.590107, 28.412594, 0.0)
(36.951031, 28.429686, 0.0)
(36.770111, 28.479836, 0.0)
(36.619766, 28.437046, 0.0)
(35.797466, 28.403301, 0.0)
(32.364391, 28.171324, 0.0)
(32.065441, 28.142080, 0.0)
(31.890360, 28.129528, 0.0)
(31.779020, 28.158386, 0.0)
(29.178041, 28.466305, 0.0)
(28.139196, 28.711803, 0.0)
(27.934696, 28.738092, 0.0)
(27.881727, 28.744701, 0.0)
(27.394882, 28.975544, 0.0)
(25.453318, 29.822601, 0.0)
(25.216703, 29.973061, 0.0)
(25.137001, 29.923679, 0.0)
(25.102837, 29.915083, 0.0)
(25.071716, 29.909454, 0.0)
(25.045683, 29.910669, 0.0)
(25.011213, 29.948717, 0.0)
(24.738199, 30.080099, 0.0)
(23.564785, 30.415701, 0.0)
(23.410524, 30.440516, 0.0)
(23.344273, 30.398216, 0.0)
(23.331020, 30.414358, 0.0)
(23.334162, 30.368910, 0.0)
(23.352602, 30.381271, 0.0)
(22.799969, 30.704105, 0.0)
(22.728426, 30.767590, 0.0)
(22.776520, 30.734770, 0.0)
(22.737026, 30.761007, 0.0)
(22.728529, 30.753983, 0.0)
(22.785435, 30.665089, 0.0)
(22.824324, 30.618481, 0.0)
(22.772562, 30.597496, 0.0)
(22.774277, 30.593628, 0.0)
(22.705400, 30.628195, 0.0)
(22.706161, 30.665560, 0.0)
(22.727938, 30.659487, 0.0)
(22.724693, 30.640051, 0.0)
(22.716450, 30.635662, 0.0)
(22.755266, 30.594278, 0.0)
(22.725723, 30.599590, 0.0)
(23.512686, 30.162758, 0.0)
(25.884480, 29.037363, 0.0)
(25.906513, 29.083950, 0.0)
(25.731413, 29.190350, 0.0)
(25.722927, 29.214752, 0.0)
(25.744482, 29.197819, 0.0)
(24.779573, 29.533131, 0.0)
(23.325754, 30.175116, 0.0)
(23.306358, 30.223541, 0.0)
(23.464355, 30.167179, 0.0)
(23.587328, 30.113859, 0.0)
(23.757545, 30.047564, 0.0)
(23.904772, 29.977575, 0.0)
(25.508932, 29.255070, 0.0)
(25.805780, 29.150257, 0.0)
(25.995005, 29.083601, 0.0)
(26.236959, 29.043716, 0.0)
(26.505728, 28.969694, 0.0)
(26.707710, 28.885450, 0.0)
(26.948290, 28.759132, 0.0)
(27.783634, 28.653513, 0.0)
(28.869747, 28.717787, 0.0)
(29.183851, 28.736076, 0.0)
(29.426952, 28.801958, 0.0)
(29.683807, 28.792154, 0.0)
(29.967583, 28.774380, 0.0)
(30.163612, 28.766102, 0.0)
(30.437765, 28.740000, 0.0)
(30.708693, 28.682341, 0.0)
(30.924559, 28.678501, 0.0)
(31.548607, 28.591757, 0.0)
(33.462635, 28.300438, 0.0)
(33.759647, 28.308767, 0.0)
(33.922073, 28.353136, 0.0)
(34.052555, 28.348072, 0.0)
(34.238152, 28.356388, 0.0)
(34.418327, 28.382772, 0.0)
(35.002285, 28.420376, 0.0)
(37.614193, 28.329195, 0.0)
(38.540184, 28.498867, 0.0)
(38.701435, 28.502792, 0.0)
(38.725769, 28.477642, 0.0)
(38.704098, 28.471991, 0.0)
(38.661659, 28.517912, 0.0)
(38.647999, 28.463894, 0.0)
(38.640835, 28.457363, 0.0)
(38.568184, 28.438238, 0.0)
(38.585842, 28.392750, 0.0)
(38.553329, 28.342678, 0.0)
(38.538307, 28.354549, 0.0)
(38.505371, 28.355152, 0.0)
(38.499943, 28.339090, 0.0)
(38.485432, 28.328629, 0.0)
(38.485432, 28.328629, 0.0)
(38.488689, 28.315897, 0.0)
(38.471619, 28.307692, 0.0)
(38.008930, 28.219030, 0.0)
(35.684254, 27.562502, 0.0)
(35.618961, 27.542461, 0.0)
(35.604744, 27.471235, 0.0)
(35.616627, 27.452015, 0.0)
(35.608257, 27.484835, 0.0)
(35.562946, 27.437302, 0.0)
(35.168671, 27.411781, 0.0)
(31.742895, 27.337021, 0.0)
(30.820601, 27.386278, 0.0)
(30.592987, 27.380512, 0.0)
(30.524378, 27.360056, 0.0)
(30.460602, 27.332254, 0.0)
(30.360168, 27.351334, 0.0)
(30.307333, 27.356472, 0.0)
(30.243799, 27.379839, 0.0)
(30.225168, 27.378555, 0.0)
(30.179981, 27.411715, 0.0)
(30.147932, 27.407742, 0.0)
(30.081123, 27.397764, 0.0)
(31.407867, 27.427141, 0.0)
(32.000771, 27.512703, 0.0)
(31.898478, 27.540060, 0.0)
(31.668594, 27.559486, 0.0)
(31.490753, 27.602936, 0.0)
(31.336903, 27.658329, 0.0)
(29.782242, 27.965700, 0.0)
(27.264429, 28.447540, 0.0)
(26.995266, 28.557991, 0.0)
(26.923613, 28.589447, 0.0)
(26.884912, 28.563610, 0.0)
(26.840036, 28.587622, 0.0)
(26.756338, 28.650877, 0.0)
(26.742567, 28.674648, 0.0)
(26.664003, 28.718962, 0.0)
(24.587641, 29.698282, 0.0)
(23.821663, 30.024445, 0.0)
(23.690046, 30.063171, 0.0)
(23.676300, 30.048729, 0.0)
(23.642561, 30.056124, 0.0)
(23.645206, 30.054111, 0.0)
(23.608778, 30.098843, 0.0)
(23.078268, 30.281750, 0.0)
(23.023462, 30.258545, 0.0)
(23.016516, 30.228571, 0.0)
(23.008165, 30.237185, 0.0)
(22.989971, 30.235806, 0.0)
(23.006550, 30.221252, 0.0)
(23.012701, 30.199421, 0.0)
(23.031483, 29.445152, 0.0)
(23.048260, 29.312916, 0.0)
(23.069527, 29.357872, 0.0)
(23.066959, 29.354553, 0.0)
(23.101583, 29.319221, 0.0)
(23.117620, 29.277828, 0.0)
(23.185400, 29.260225, 0.0)
(23.255491, 29.190489, 0.0)
(23.306358, 29.159979, 0.0)
(23.811773, 28.870495, 0.0)
(24.899828, 28.488058, 0.0)
(25.133001, 28.423233, 0.0)
(25.264658, 28.339010, 0.0)
(25.474585, 28.279545, 0.0)
(25.607267, 28.245203, 0.0)
(26.822323, 28.021269, 0.0)
(29.853067, 28.199007, 0.0)
(30.836832, 28.509417, 0.0)
(30.997766, 28.494514, 0.0)
(27.741068, 28.671511, 0.0)
(27.480478, 28.643534, 0.0)
(27.647306, 28.498169, 0.0)
(27.924166, 28.393795, 0.0)
(29.178574, 27.976206, 0.0)
(29.555984, 27.895157, 0.0)
(29.943941, 27.805515, 0.0)
(30.278776, 27.708660, 0.0)
(30.614780, 27.629122, 0.0)
(30.985918, 27.621281, 0.0)
(31.275902, 27.569231, 0.0)
(31.513941, 27.506336, 0.0)
(31.812658, 27.496647, 0.0)
(33.672989, 27.251478, 0.0)
(33.960129, 27.256578, 0.0)
(34.129765, 27.264595, 0.0)
(35.712402, 27.431040, 0.0)
(38.022964, 27.681068, 0.0)
(38.537498, 27.816002, 0.0)
(38.571941, 27.804472, 0.0)
(38.520699, 27.798601, 0.0)
(38.494125, 27.786718, 0.0)
(38.471180, 27.785473, 0.0)
(38.462833, 27.781368, 0.0)
(38.469826, 27.793846, 0.0)
(35.980488, 27.307407, 0.0)
(35.756493, 27.278910, 0.0)
(35.784580, 27.274057, 0.0)
(35.764519, 27.213205, 0.0)
(35.776493, 27.244616, 0.0)
(35.763744, 27.254194, 0.0)
(35.769451, 27.246597, 0.0)
(35.764729, 27.248728, 0.0)
(35.747643, 27.259407, 0.0)
(35.763859, 27.248928, 0.0)
(35.688583, 27.259922, 0.0)
(35.705776, 27.252960, 0.0)
(35.685165, 27.236923, 0.0)
(35.686100, 27.157455, 0.0)
(35.665581, 27.165968, 0.0)
(35.675095, 27.168396, 0.0)
(35.679478, 27.179964, 0.0)
(34.560814, 26.893074, 0.0)
(33.976685, 26.780182, 0.0)
(33.889767, 26.768055, 0.0)
(33.874790, 26.702477, 0.0)
(33.825340, 26.672338, 0.0)
(31.072124, 26.656954, 0.0)
(29.800266, 26.832933, 0.0)
(29.598917, 26.843338, 0.0)
(29.523134, 26.877253, 0.0)
(29.449902, 26.889055, 0.0)
(29.387379, 26.908394, 0.0)
(29.344503, 26.913982, 0.0)
(29.283237, 26.900248, 0.0)
(29.208754, 26.873192, 0.0)
(29.190271, 26.894136, 0.0)
(29.148333, 26.922775, 0.0)
(27.554377, 27.442184, 0.0)
(26.641081, 27.805418, 0.0)
(26.492142, 27.917610, 0.0)
(26.459097, 27.911343, 0.0)
(26.333693, 27.918123, 0.0)
(26.295082, 27.904610, 0.0)
(26.242874, 27.888281, 0.0)
(26.212990, 27.882614, 0.0)
(25.755630, 28.104509, 0.0)
(24.821144, 28.452972, 0.0)
(24.751770, 28.485794, 0.0)
(24.731350, 28.494684, 0.0)
(24.675144, 28.558081, 0.0)
(24.654234, 28.572575, 0.0)
(24.635080, 28.586094, 0.0)
(23.364960, 29.311935, 0.0)
(23.164721, 29.454630, 0.0)
(23.160307, 29.437544, 0.0)
(23.163389, 29.444407, 0.0)
(23.158865, 29.446220, 0.0)
(23.151611, 29.445148, 0.0)
(23.147348, 29.444534, 0.0)
(23.108175, 29.438461, 0.0)
(22.792273, 29.579487, 0.0)
(22.750175, 29.589157, 0.0)
(22.762451, 29.585215, 0.0)
(22.780607, 29.607761, 0.0)
(22.772417, 29.594837, 0.0)
(22.748468, 29.602970, 0.0)
(22.772091, 29.582758, 0.0)
(22.621000, 29.456968, 0.0)
(22.692764, 29.008806, 0.0)
(22.731611, 28.969267, 0.0)
(22.767187, 28.916386, 0.0)
(22.847578, 28.873674, 0.0)
(22.892818, 28.842247, 0.0)
(22.913349, 28.782625, 0.0)
(22.949350, 28.650242, 0.0)
(24.023729, 28.025702, 0.0)
(24.374687, 27.901157, 0.0)
(24.549940, 27.772013, 0.0)
(24.730139, 27.672991, 0.0)
(24.953081, 27.636896, 0.0)
(26.462404, 27.176716, 0.0)
(26.718517, 27.098928, 0.0)
(27.015516, 26.968296, 0.0)
(27.234076, 26.929531, 0.0)
(27.180822, 27.031900, 0.0)
(27.413363, 27.030649, 0.0)
(27.655708, 26.941828, 0.0)
(27.878931, 26.903936, 0.0)
(28.129114, 26.856733, 0.0)
(28.350643, 26.807375, 0.0)
(28.573668, 26.734734, 0.0)
(28.823425, 26.667360, 0.0)
(29.075266, 26.653830, 0.0)
(29.837351, 26.515982, 0.0)
(31.286711, 26.319973, 0.0)
(31.645142, 26.284054, 0.0)
(33.246243, 26.105127, 0.0)
(36.108494, 26.405260, 0.0)
(37.602100, 26.687551, 0.0)
(37.919075, 26.802914, 0.0)
(37.943710, 26.718044, 0.0)
(37.938179, 26.704803, 0.0)
(37.942577, 26.702768, 0.0)
(37.938225, 26.698135, 0.0)
(37.940582, 26.735743, 0.0)
(37.941982, 26.761179, 0.0)
(37.941612, 26.739098, 0.0)
(37.973305, 26.747412, 0.0)
(38.010941, 26.732748, 0.0)
(38.021881, 26.741209, 0.0)
(38.050251, 26.744312, 0.0)
(38.060764, 26.723179, 0.0)
(38.079578, 26.718731, 0.0)
(38.048721, 26.750000, 0.0)
(38.047516, 26.740051, 0.0)
(38.021931, 26.741360, 0.0)
(38.023880, 26.725752, 0.0)
(38.039562, 26.699224, 0.0)
(38.028259, 26.715099, 0.0)
(38.031178, 26.732079, 0.0)
(37.992123, 26.758003, 0.0)
(37.958649, 26.787264, 0.0)
(37.942303, 26.786118, 0.0)
(37.907059, 26.789648, 0.0)
(37.881824, 26.721937, 0.0)
(35.823421, 25.778723, 0.0)
(32.722069, 25.068348, 0.0)
(32.403385, 25.019230, 0.0)
(32.349892, 24.997141, 0.0)
(32.340542, 25.005535, 0.0)
(29.972792, 25.282238, 0.0)
(27.816042, 25.830954, 0.0)
(27.603264, 25.926367, 0.0)
(27.549370, 25.944616, 0.0)
(27.432930, 25.969992, 0.0)
(27.381538, 25.989098, 0.0)
(27.356375, 26.029997, 0.0)
(27.331793, 26.045641, 0.0)
(27.329191, 26.051367, 0.0)
(27.301273, 26.082094, 0.0)
(26.785631, 26.336449, 0.0)
(24.836283, 26.944502, 0.0)
(24.555111, 27.086960, 0.0)
(24.472445, 27.131325, 0.0)
(24.391933, 27.104820, 0.0)
(24.353004, 27.113985, 0.0)
(24.264883, 27.129473, 0.0)
(24.240103, 27.176060, 0.0)
(23.917250, 27.417004, 0.0)
(23.502588, 27.654314, 0.0)
(23.428844, 27.703596, 0.0)
(23.405863, 27.714285, 0.0)
(23.413103, 27.687428, 0.0)
(23.384521, 27.681961, 0.0)
(23.395193, 27.797031, 0.0)
(24.552181, 27.459940, 0.0)
(24.619991, 27.374714, 0.0)
(23.525030, 27.851568, 0.0)
(23.037136, 28.040134, 0.0)
(23.029863, 28.035952, 0.0)
(23.012192, 28.029476, 0.0)
(23.006863, 28.030115, 0.0)
(22.981453, 28.026220, 0.0)
(22.983772, 28.023834, 0.0)
(22.987200, 27.996155, 0.0)
(22.980877, 27.978930, 0.0)
(22.985048, 27.995159, 0.0)
(22.975489, 27.955887, 0.0)
(22.993679, 27.944218, 0.0)
(22.981007, 27.943407, 0.0)
(22.968494, 27.947886, 0.0)
(23.008234, 27.942629, 0.0)
(23.032452, 28.000416, 0.0)
(23.011404, 27.987803, 0.0)
(23.016802, 27.936005, 0.0)
(23.026855, 27.910143, 0.0)
(23.065485, 27.877743, 0.0)
(23.078131, 27.855406, 0.0)
(23.147928, 27.784412, 0.0)
(23.227085, 27.703939, 0.0)
(23.709677, 27.414047, 0.0)
(24.512434, 26.991533, 0.0)
(24.670181, 26.889599, 0.0)
(24.796146, 26.787180, 0.0)
(24.987703, 26.682255, 0.0)
(25.098289, 26.651522, 0.0)
(25.315712, 26.558060, 0.0)
(25.444654, 26.526396, 0.0)
(25.642345, 26.445799, 0.0)
(25.823507, 26.434872, 0.0)
(26.792519, 26.262201, 0.0)
(27.077673, 26.169712, 0.0)
(27.241003, 26.131199, 0.0)
(27.493399, 26.083208, 0.0)
(27.713934, 25.997301, 0.0)
(28.600788, 25.834433, 0.0)
(30.793812, 25.528267, 0.0)
(31.176676, 25.542515, 0.0)
(31.414513, 25.539478, 0.0)
(31.568916, 25.549019, 0.0)
(31.797859, 25.487309, 0.0)
(31.974905, 25.457802, 0.0)
(32.197330, 25.474457, 0.0)
(32.386532, 25.478579, 0.0)
(32.597504, 25.468826, 0.0)
(32.818745, 25.496155, 0.0)
(32.985813, 25.506014, 0.0)
(33.801754, 25.509972, 0.0)
(35.662426, 25.504616, 0.0)
(35.878426, 25.488834, 0.0)
(35.931931, 25.495399, 0.0)
(35.956146, 25.474752, 0.0)
(36.406555, 25.513447, 0.0)
(37.261189, 25.523235, 0.0)
(37.356079, 25.551275, 0.0)
(37.341511, 25.569859, 0.0)
(37.285290, 25.598751, 0.0)
(37.259613, 25.585520, 0.0)
(37.236286, 25.571115, 0.0)
(37.198162, 25.564024, 0.0)
(37.194408, 25.557604, 0.0)
(37.164818, 25.564219, 0.0)
(37.169067, 25.594488, 0.0)
(37.166401, 25.592098, 0.0)
(37.145725, 25.592777, 0.0)
(37.106651, 25.603621, 0.0)
(37.086479, 25.565264, 0.0)
(37.014626, 25.517948, 0.0)
(37.016613, 25.470665, 0.0)
(37.003242, 25.446905, 0.0)
(36.983868, 25.429310, 0.0)
(36.973618, 25.430136, 0.0)
(36.883957, 25.410145, 0.0)
(36.782513, 25.430260, 0.0)
(36.755833, 25.446669, 0.0)
(36.664944, 25.370140, 0.0)
(33.956902, 25.008305, 0.0)
(33.344723, 25.002586, 0.0)
(33.108997, 25.025457, 0.0)
(32.881531, 24.994040, 0.0)
(32.753922, 25.010988, 0.0)
(32.598778, 24.951300, 0.0)
(34.605125, 24.956354, 0.0)
(34.515606, 24.980057, 0.0)
(34.196754, 24.948170, 0.0)
(33.842022, 24.887417, 0.0)
(33.599430, 24.867954, 0.0)
(33.329182, 24.866751, 0.0)
(30.937050, 24.936846, 0.0)
(29.811174, 25.014244, 0.0)
(29.570799, 25.063511, 0.0)
(29.365786, 25.108269, 0.0)
(26.734253, 25.699934, 0.0)
(25.205820, 26.348648, 0.0)
(24.204472, 26.855087, 0.0)
(24.085453, 26.975399, 0.0)
(24.020788, 27.025547, 0.0)
(23.981995, 27.095440, 0.0)
(23.948868, 27.076382, 0.0)
(23.844713, 27.081223, 0.0)
(23.073061, 27.361885, 0.0)
(22.988274, 27.382849, 0.0)
(22.965752, 27.351812, 0.0)
(23.002565, 27.389370, 0.0)
(22.994827, 27.398111, 0.0)
(23.003269, 27.404945, 0.0)
(22.979259, 27.423403, 0.0)
(22.976788, 27.411341, 0.0)
(22.953459, 27.401072, 0.0)
(22.951031, 27.389200, 0.0)
(22.953081, 27.394594, 0.0)
(22.949360, 27.409203, 0.0)
(22.983898, 27.419781, 0.0)
(22.975639, 27.429121, 0.0)
(22.986900, 27.423851, 0.0)
(22.975401, 27.428493, 0.0)
(22.949509, 27.424799, 0.0)
(22.954914, 27.412027, 0.0)
(22.972244, 27.407347, 0.0)
(22.954914, 27.412027, 0.0)
(23.005781, 27.405495, 0.0)
(23.029520, 27.397087, 0.0)
(23.052788, 27.400782, 0.0)
(23.100142, 27.378517, 0.0)
(23.120146, 27.367682, 0.0)
(23.136152, 27.361828, 0.0)
(23.153910, 27.342552, 0.0)
(23.239277, 27.288214, 0.0)
(23.261187, 27.265554, 0.0)
(23.340845, 27.240156, 0.0)
(24.819235, 26.408381, 0.0)
(25.018349, 26.317989, 0.0)
(25.203875, 26.265545, 0.0)
(25.461723, 26.157848, 0.0)
(25.688471, 26.087315, 0.0)
(25.943726, 25.946344, 0.0)
(26.234877, 25.890491, 0.0)
(26.590475, 25.791512, 0.0)
(27.613815, 25.425556, 0.0)
(27.901026, 25.383528, 0.0)
(28.114805, 25.310596, 0.0)
(28.357243, 25.219727, 0.0)
(28.584120, 25.189203, 0.0)
(28.826485, 25.140141, 0.0)
(28.973007, 25.062527, 0.0)
(29.355755, 24.978462, 0.0)
(30.928762, 24.764975, 0.0)
(31.197039, 24.724281, 0.0)
(31.338158, 24.685387, 0.0)
(31.499727, 24.675583, 0.0)
(31.618082, 24.623650, 0.0)
(31.746620, 24.580050, 0.0)
(32.364944, 24.516802, 0.0)
(33.683418, 24.472300, 0.0)
(33.899715, 24.466986, 0.0)
(34.014782, 24.470341, 0.0)
(34.117374, 24.464796, 0.0)
(34.199490, 24.430477, 0.0)
(34.276802, 24.421480, 0.0)
(34.379082, 24.470623, 0.0)
(36.281292, 24.609200, 0.0)
(37.037502, 24.831831, 0.0)
(37.147995, 24.891357, 0.0)
(37.121525, 24.799557, 0.0)
(37.082157, 24.774490, 0.0)
(37.065765, 24.746590, 0.0)
(37.074848, 24.766865, 0.0)
(37.680077, 24.973040, 0.0)
(38.279449, 25.287760, 0.0)
(38.279568, 25.335279, 0.0)
(38.263363, 25.343664, 0.0)
(38.255428, 25.343714, 0.0)
(38.234535, 25.302979, 0.0)
(38.193913, 25.290565, 0.0)
(38.148739, 25.293192, 0.0)
(38.124744, 25.294653, 0.0)
(38.073219, 25.314554, 0.0)
(38.025822, 25.333141, 0.0)
(38.006424, 25.306553, 0.0)
(37.958260, 25.291607, 0.0)
(37.911659, 25.279835, 0.0)
(38.141788, 25.453190, 0.0)
(38.483723, 25.960054, 0.0)
(38.498409, 26.061405, 0.0)
(38.671757, 26.689888, 0.0)
(38.991413, 28.946846, 0.0)
(39.055374, 29.514820, 0.0)
(39.044170, 29.538923, 0.0)
(39.063797, 29.574078, 0.0)
(39.061306, 29.585627, 0.0)
(39.086597, 29.632406, 0.0)
(39.099911, 29.630653, 0.0)
(39.133942, 29.628357, 0.0)
(39.150856, 29.704702, 0.0)
(39.156574, 29.646442, 0.0)
(39.140041, 29.625856, 0.0)
(39.348328, 30.238655, 0.0)
(39.481564, 31.627457, 0.0)
(39.412083, 31.771465, 0.0)
(39.384090, 31.735222, 0.0)
(39.376049, 31.767273, 0.0)
(39.364941, 31.747330, 0.0)
(39.358650, 31.775143, 0.0)
(39.341389, 31.742994, 0.0)
(39.178097, 32.356136, 0.0)
(39.012894, 33.132309, 0.0)
(38.999001, 33.191902, 0.0)
(38.922310, 33.215935, 0.0)
(38.905018, 33.183083, 0.0)
(38.885498, 33.201729, 0.0)
(38.843254, 33.163841, 0.0)
(38.820183, 33.177353, 0.0)
(38.820473, 33.152287, 0.0)
(38.807796, 33.123131, 0.0)
(38.802197, 33.132130, 0.0)
(38.826817, 33.122147, 0.0)
(38.814053, 33.164650, 0.0)
(38.815449, 33.147381, 0.0)
(38.809227, 33.155891, 0.0)
(38.794968, 33.165157, 0.0)
(38.780651, 33.139618, 0.0)
(38.781693, 33.127125, 0.0)
(38.784229, 33.058552, 0.0)
(38.024624, 33.468231, 0.0)
(37.974567, 33.501537, 0.0)
(37.988525, 33.454632, 0.0)
(37.961708, 33.496616, 0.0)
(37.905281, 33.422798, 0.0)
(37.889061, 33.407722, 0.0)
(37.856266, 33.384617, 0.0)
(37.847725, 33.363972, 0.0)
(37.831837, 33.321548, 0.0)
(37.775787, 33.306610, 0.0)
(37.783649, 33.296703, 0.0)
(37.793594, 33.193130, 0.0)
(38.515015, 32.386349, 0.0)
(38.561234, 32.280354, 0.0)
(38.565269, 32.123764, 0.0)
(38.658615, 31.961109, 0.0)
(38.653408, 31.794025, 0.0)
(38.660019, 31.644861, 0.0)
(38.684570, 31.518579, 0.0)
(38.701096, 31.398870, 0.0)
(38.687218, 31.220512, 0.0)
(38.700726, 31.112160, 0.0)
(38.690037, 30.993460, 0.0)
(38.721241, 30.911032, 0.0)
(38.738728, 30.842564, 0.0)
(38.801182, 30.283302, 0.0)
(38.762650, 28.642719, 0.0)
(38.699188, 28.367048, 0.0)
(38.685059, 28.316832, 0.0)
(38.688164, 28.254019, 0.0)
(38.590309, 27.425852, 0.0)
(38.503014, 26.775778, 0.0)
(38.480400, 26.685703, 0.0)
(38.435101, 26.694754, 0.0)
(38.444492, 26.707693, 0.0)
(38.410343, 26.682547, 0.0)
(38.347939, 26.627033, 0.0)
(38.291862, 26.662880, 0.0)
(38.262062, 26.664398, 0.0)
(38.203026, 26.575079, 0.0)
(37.702686, 26.062275, 0.0)
(37.579597, 25.984579, 0.0)
(37.579597, 25.984579, 0.0)
(37.568810, 25.982906, 0.0)
(37.560585, 25.972160, 0.0)
(37.562817, 25.950726, 0.0)
(37.570221, 25.948475, 0.0)
(37.527893, 25.917997, 0.0)
(37.941643, 26.062273, 0.0)
(37.713409, 26.894459, 0.0)
(37.669491, 25.861889, 0.0)
(37.652035, 25.762970, 0.0)
(37.603825, 25.856213, 0.0)
(37.643192, 25.906645, 0.0)
(37.638737, 25.921711, 0.0)
(37.607265, 25.953993, 0.0)
(37.591190, 25.992361, 0.0)
(37.576569, 26.030354, 0.0)
(37.576569, 26.030354, 0.0)
(37.549541, 26.073874, 0.0)
(37.519115, 26.084751, 0.0)
(37.512138, 26.114248, 0.0)
(37.491852, 26.195534, 0.0)
(37.513638, 26.305397, 0.0)
(38.053043, 28.412367, 0.0)
(38.105152, 29.302605, 0.0)
(38.098541, 29.433455, 0.0)
(38.113350, 29.448816, 0.0)
(38.125187, 29.466625, 0.0)
(38.143848, 29.441351, 0.0)
(38.157181, 29.459778, 0.0)
(38.178848, 29.518444, 0.0)
(38.186348, 29.493103, 0.0)
(38.186211, 29.541826, 0.0)
(38.190140, 29.523148, 0.0)
(38.201263, 29.514992, 0.0)
(38.204781, 29.502058, 0.0)
(38.216072, 29.589888, 0.0)
(38.223297, 29.579004, 0.0)
(38.208950, 29.596581, 0.0)
(38.205055, 29.608225, 0.0)
(38.173462, 29.607182, 0.0)
(38.204636, 29.682835, 0.0)
(38.062252, 30.406332, 0.0)
(38.038162, 30.513275, 0.0)
(38.035343, 30.502520, 0.0)
(38.024483, 30.508028, 0.0)
(38.010960, 30.566328, 0.0)
(38.056221, 30.796581, 0.0)
(38.229450, 32.723858, 0.0)
(38.114651, 33.408981, 0.0)
(38.095852, 33.527298, 0.0)
(38.078911, 33.508282, 0.0)
(38.064659, 33.519577, 0.0)
(38.053982, 33.529308, 0.0)
(38.049973, 33.568733, 0.0)
(38.043381, 33.608669, 0.0)
(38.011375, 33.580669, 0.0)
(38.003517, 33.531895, 0.0)
(38.000362, 33.551441, 0.0)
(37.989422, 33.541077, 0.0)
(37.985237, 33.527573, 0.0)
(37.977654, 33.502438, 0.0)
(37.982029, 33.513634, 0.0)
(37.981815, 33.519150, 0.0)
(37.981453, 33.504753, 0.0)
(37.415756, 33.287285, 0.0)
(37.235298, 33.173447, 0.0)
(37.231224, 33.126900, 0.0)
(37.236744, 33.142616, 0.0)
(37.242191, 33.166916, 0.0)
(37.244827, 33.140942, 0.0)
(37.242844, 33.151543, 0.0)
(37.318863, 32.686218, 0.0)
(37.562698, 30.693197, 0.0)
(37.456856, 29.510679, 0.0)
(37.415070, 29.243191, 0.0)
(37.392826, 29.134960, 0.0)
(37.394768, 29.062683, 0.0)
(37.378460, 29.036047, 0.0)
(37.394390, 28.986717, 0.0)
(37.376678, 28.932640, 0.0)
(37.364162, 28.912334, 0.0)
(37.345478, 28.660139, 0.0)
(37.294380, 27.037487, 0.0)
(37.219700, 26.714512, 0.0)
(37.168369, 26.673649, 0.0)
(37.169640, 26.702341, 0.0)
(37.163734, 26.681484, 0.0)
(37.134441, 26.607113, 0.0)
(37.087494, 26.534824, 0.0)
(36.721218, 26.128569, 0.0)
(36.532612, 25.823645, 0.0)
(36.486900, 25.773458, 0.0)
(36.476299, 25.755541, 0.0)
(36.478134, 25.782284, 0.0)
(36.461956, 25.762188, 0.0)
(36.437141, 25.757626, 0.0)
(36.429062, 25.746401, 0.0)
(36.425327, 25.742397, 0.0)
(35.235390, 25.429258, 0.0)
(35.097733, 25.414677, 0.0)
(35.075344, 25.425909, 0.0)
(35.063015, 25.445173, 0.0)
(35.027988, 25.452585, 0.0)
(35.023762, 25.450941, 0.0)
(35.018276, 25.423784, 0.0)
(35.030910, 25.394650, 0.0)
(35.025238, 25.411013, 0.0)
(35.026569, 25.400126, 0.0)
(35.692852, 25.462128, 0.0)
(35.979279, 25.500687, 0.0)
(35.968662, 25.499846, 0.0)
(35.966484, 25.512747, 0.0)
(35.958595, 25.536522, 0.0)
(35.958172, 25.564936, 0.0)
(35.944298, 25.579720, 0.0)
(35.945705, 25.559896, 0.0)
(35.951515, 25.565226, 0.0)
(35.922489, 25.577986, 0.0)
(35.897747, 25.580914, 0.0)
(35.892372, 25.623886, 0.0)
(35.897781, 25.613199, 0.0)
(35.871532, 25.622377, 0.0)
(35.880959, 25.607836, 0.0)
(35.844116, 25.625145, 0.0)
(35.855476, 25.637819, 0.0)
(35.848480, 25.644518, 0.0)
(35.841183, 25.694326, 0.0)
(35.394814, 27.343966, 0.0)
(34.238701, 29.114311, 0.0)
(33.742413, 29.917816, 0.0)
(33.653301, 30.062260, 0.0)
(33.606007, 30.017065, 0.0)
(33.577042, 30.012932, 0.0)
(33.554840, 30.035919, 0.0)
(33.564022, 30.012932, 0.0)
(35.100048, 30.224455, 0.0)
(36.211971, 30.620756, 0.0)
(36.359482, 30.693272, 0.0)
(36.343174, 30.706978, 0.0)
(36.352112, 30.733181, 0.0)
(36.356865, 30.748068, 0.0)
(36.386101, 30.797441, 0.0)
(36.382904, 30.834909, 0.0)
(36.413174, 30.862694, 0.0)
(36.440102, 30.886221, 0.0)
(37.121685, 32.951469, 0.0)
(37.068855, 33.671734, 0.0)
(37.000851, 33.729115, 0.0)
(37.005119, 33.695934, 0.0)
(36.986877, 33.673286, 0.0)
(36.999077, 33.683823, 0.0)
(36.974205, 33.653732, 0.0)
(36.970840, 33.742294, 0.0)
(36.684826, 34.473049, 0.0)
(36.621235, 34.607792, 0.0)
(36.606323, 34.552605, 0.0)
(36.610489, 34.553734, 0.0)
(36.596130, 34.488293, 0.0)
(36.595562, 34.475758, 0.0)
(36.610676, 34.503620, 0.0)
(36.603764, 34.583271, 0.0)
(36.605221, 34.535427, 0.0)
(36.598743, 34.532990, 0.0)
(36.589817, 34.503502, 0.0)
(36.594849, 34.505432, 0.0)
(36.602535, 34.512066, 0.0)
(36.603905, 34.508877, 0.0)
(36.602043, 34.488983, 0.0)
(36.607258, 34.484615, 0.0)
(36.611946, 34.579514, 0.0)
(36.595291, 34.565327, 0.0)
(36.591553, 34.533504, 0.0)
(36.561134, 34.490765, 0.0)
(36.549725, 34.536880, 0.0)
(35.566658, 34.309246, 0.0)
(35.507652, 34.205883, 0.0)
(35.428272, 34.273659, 0.0)
(35.402210, 34.268433, 0.0)
(35.391373, 34.160946, 0.0)
(35.873924, 31.296114, 0.0)
(35.769764, 29.347200, 0.0)
(35.675652, 29.007046, 0.0)
(35.610283, 29.040585, 0.0)
(35.581444, 29.014193, 0.0)
(35.582062, 29.015596, 0.0)
(35.598724, 28.989216, 0.0)
(35.698956, 28.450039, 0.0)
(35.842377, 26.453505, 0.0)
(35.717106, 26.041424, 0.0)
(35.675808, 26.065466, 0.0)
(35.669926, 26.057713, 0.0)
(35.637764, 26.026531, 0.0)
(35.647022, 26.017694, 0.0)
(35.660202, 25.988626, 0.0)
(35.409061, 25.793919, 0.0)
(34.941784, 24.924030, 0.0)
(34.797039, 24.839300, 0.0)
(34.799999, 24.846153, 0.0)
(34.779221, 24.849154, 0.0)
(34.777504, 24.840439, 0.0)
(34.782200, 24.863882, 0.0)
(34.709591, 24.895813, 0.0)
(34.209766, 24.721432, 0.0)
(34.105175, 24.720449, 0.0)
(34.107307, 24.734686, 0.0)
(34.100498, 24.725626, 0.0)
(34.079540, 24.721510, 0.0)
(34.091049, 24.706417, 0.0)
(34.086758, 24.735935, 0.0)
(34.303486, 24.708952, 0.0)
(34.317768, 24.719555, 0.0)
(34.316368, 24.741978, 0.0)
(34.306324, 24.732836, 0.0)
(34.309795, 24.733955, 0.0)
(34.317921, 24.730770, 0.0)
(34.317921, 24.730770, 0.0)
(34.338638, 24.737770, 0.0)
(34.312397, 24.714121, 0.0)
(34.276527, 24.705391, 0.0)
(34.876171, 24.950293, 0.0)
(34.910618, 24.968679, 0.0)
(34.881142, 24.974047, 0.0)
(34.871361, 24.963371, 0.0)
(34.850147, 24.942928, 0.0)
(34.802338, 24.924892, 0.0)
(34.796764, 24.935713, 0.0)
(34.562191, 24.878469, 0.0)
(33.995419, 24.805508, 0.0)
(33.940327, 24.766434, 0.0)
(33.924648, 24.733412, 0.0)
(33.922947, 24.708473, 0.0)
(33.963154, 25.147707, 0.0)
(34.368172, 27.390678, 0.0)
(34.507164, 28.260067, 0.0)
(34.437386, 28.416681, 0.0)
(34.407413, 28.415915, 0.0)
(34.396358, 28.437054, 0.0)
(34.377583, 28.440678, 0.0)
(34.376228, 28.489069, 0.0)
(34.423466, 28.560114, 0.0)
(34.439362, 28.559624, 0.0)
(34.410011, 28.628529, 0.0)
(34.417442, 28.665346, 0.0)
(34.412388, 28.662640, 0.0)
(34.430328, 28.663179, 0.0)
(34.430984, 28.676620, 0.0)
(34.430328, 28.677839, 0.0)
(34.466591, 28.696615, 0.0)
(34.909508, 29.803551, 0.0)
(35.293892, 31.722458, 0.0)
(35.276630, 32.125587, 0.0)
(35.200294, 32.098797, 0.0)
(35.199703, 32.077938, 0.0)
(35.182430, 32.074574, 0.0)
(35.173031, 32.074238, 0.0)
(35.150673, 32.187622, 0.0)
(35.152534, 34.212841, 0.0)
(35.145699, 34.749332, 0.0)
(35.059078, 34.782269, 0.0)
(35.030502, 34.773746, 0.0)
(35.007675, 34.818665, 0.0)
(35.015995, 34.730431, 0.0)
(35.003365, 34.703739, 0.0)
(35.022419, 34.672947, 0.0)
(35.036114, 34.684555, 0.0)
(35.017735, 34.765408, 0.0)
(35.033306, 34.770206, 0.0)
(35.005222, 34.804573, 0.0)
(35.027359, 34.717827, 0.0)
(35.118294, 35.142025, 0.0)
(35.097061, 35.142284, 0.0)
(35.110809, 35.075428, 0.0)
(35.122219, 35.130264, 0.0)
(35.131214, 35.134949, 0.0)
(35.119427, 35.148369, 0.0)
(35.097023, 35.128143, 0.0)
(35.092686, 35.115433, 0.0)
(35.084232, 35.111263, 0.0)
(34.217609, 35.020031, 0.0)
(33.204247, 35.324623, 0.0)
(33.181141, 35.333950, 0.0)
(33.194912, 35.370338, 0.0)
(33.166061, 35.311546, 0.0)
(33.135597, 35.316971, 0.0)
(33.143814, 35.354740, 0.0)
(33.121365, 35.410168, 0.0)
(33.115257, 35.375343, 0.0)
(33.135033, 35.277485, 0.0)
(33.117870, 35.308968, 0.0)
(33.139111, 35.312469, 0.0)
(33.230556, 34.676739, 0.0)
(33.777840, 32.218971, 0.0)
(33.783375, 30.139982, 0.0)
(33.763481, 29.909475, 0.0)
(33.729118, 29.872700, 0.0)
(33.694588, 29.829151, 0.0)
(33.687862, 29.795692, 0.0)
(33.663322, 29.792799, 0.0)
(33.627747, 29.823616, 0.0)
(33.608616, 29.778770, 0.0)
(33.582584, 29.683798, 0.0)
(33.574715, 29.691652, 0.0)
(33.530437, 29.624878, 0.0)
(33.535164, 29.562180, 0.0)
(33.605606, 29.472988, 0.0)
(33.570786, 29.386080, 0.0)
(33.525513, 29.308851, 0.0)
(33.574650, 29.262335, 0.0)
(33.532955, 29.217773, 0.0)
(33.636028, 28.919006, 0.0)
(33.631020, 28.046795, 0.0)
(33.559875, 27.818615, 0.0)
(33.465103, 27.775093, 0.0)
(33.403824, 27.702538, 0.0)
(33.391800, 27.593277, 0.0)
(33.377941, 27.548096, 0.0)
(33.383121, 27.471384, 0.0)
(33.181442, 26.500671, 0.0)
(33.205952, 25.347385, 0.0)
(33.151932, 25.195829, 0.0)
(33.146633, 25.193092, 0.0)
(33.136047, 25.202221, 0.0)
(33.147758, 25.196182, 0.0)
(33.097527, 25.101629, 0.0)
(32.963993, 24.576942, 0.0)
(32.876278, 24.543901, 0.0)
(32.884010, 24.547911, 0.0)
(32.890842, 24.560202, 0.0)
(32.883953, 24.574863, 0.0)
(32.869949, 24.609995, 0.0)
(32.855045, 24.644379, 0.0)
(32.857594, 24.646008, 0.0)
(32.140804, 24.561848, 0.0)
(31.998693, 24.576000, 0.0)
(31.999144, 24.561823, 0.0)
(31.993563, 24.562841, 0.0)
(31.921759, 24.557665, 0.0)
(31.911499, 24.588034, 0.0)
(31.920549, 24.642920, 0.0)
(32.180809, 26.085764, 0.0)
(32.143440, 26.724836, 0.0)
(32.104191, 26.820383, 0.0)
(32.086220, 26.842394, 0.0)
(32.066032, 26.866219, 0.0)
(32.063759, 26.886019, 0.0)
(32.046890, 26.900045, 0.0)
(32.050793, 26.958891, 0.0)
(32.396160, 28.528513, 0.0)
(32.677990, 30.362112, 0.0)
(32.842178, 31.506760, 0.0)
(32.881313, 32.048061, 0.0)
(32.851341, 32.122177, 0.0)
(32.802647, 32.087059, 0.0)
(32.788197, 32.081905, 0.0)
(32.738888, 32.125950, 0.0)
(32.723671, 32.158085, 0.0)
(32.715443, 32.166153, 0.0)
(32.697578, 32.185925, 0.0)
(32.695438, 32.174831, 0.0)
(32.699615, 32.199974, 0.0)
(32.700199, 32.205566, 0.0)
(32.700199, 32.205566, 0.0)
(32.757256, 32.313793, 0.0)
(33.149715, 34.463249, 0.0)
(33.101913, 34.877499, 0.0)
(33.073029, 34.865005, 0.0)
(33.083038, 34.817612, 0.0)
(33.028000, 34.813663, 0.0)
(32.992371, 34.801231, 0.0)
(32.994568, 34.779434, 0.0)
(33.013779, 34.772839, 0.0)
(33.050117, 34.784691, 0.0)
(33.044964, 34.794010, 0.0)
(33.033886, 34.854881, 0.0)
(32.992874, 34.823601, 0.0)
(33.002819, 34.804932, 0.0)
(33.019005, 34.811230, 0.0)
(32.989979, 34.853756, 0.0)
(32.854195, 35.178688, 0.0)
(32.807632, 35.236065, 0.0)
(32.776688, 35.219002, 0.0)
(32.777134, 35.224571, 0.0)
(32.771820, 35.214725, 0.0)
(32.763599, 35.215569, 0.0)
(32.752468, 35.194138, 0.0)
(32.751858, 35.200001, 0.0)
(32.029884, 35.075249, 0.0)
(31.813154, 35.039501, 0.0)
(31.778614, 35.091934, 0.0)
(31.759375, 35.143364, 0.0)
(31.701588, 33.821201, 0.0)
(31.497839, 29.756716, 0.0)
(31.554319, 27.797152, 0.0)
(31.510845, 27.790308, 0.0)
(31.460985, 27.824158, 0.0)
(31.452454, 27.843767, 0.0)
(31.443520, 27.862843, 0.0)
(31.465900, 27.808590, 0.0)
(31.442259, 27.751965, 0.0)
(31.481239, 27.676085, 0.0)
(31.473869, 27.612040, 0.0)
(31.448057, 27.586733, 0.0)
(31.469233, 27.541115, 0.0)
(31.468262, 27.521257, 0.0)
(31.473310, 27.517805, 0.0)
(31.454550, 27.475349, 0.0)
(31.473879, 27.504789, 0.0)
(31.481125, 27.467533, 0.0)
(31.470526, 27.397669, 0.0)
(31.489357, 27.360409, 0.0)
(31.488405, 27.320194, 0.0)
(31.474316, 27.301596, 0.0)
(31.494152, 27.309210, 0.0)
(31.495138, 27.290064, 0.0)
(31.508629, 27.233883, 0.0)
(31.476208, 27.161503, 0.0)
(31.480692, 27.128349, 0.0)
(31.467480, 27.094208, 0.0)
(31.367636, 26.927776, 0.0)
(30.650856, 25.468676, 0.0)
(30.505220, 24.864759, 0.0)
(30.515121, 24.845219, 0.0)
(30.449369, 24.870552, 0.0)
(30.464523, 24.831308, 0.0)
(30.446569, 24.822329, 0.0)
(30.450390, 24.812162, 0.0)
(30.432072, 24.829149, 0.0)
(30.440569, 24.834673, 0.0)
(30.428560, 24.830498, 0.0)
(30.289421, 24.792645, 0.0)
(30.252758, 24.766434, 0.0)
(30.236849, 24.743605, 0.0)
(30.204870, 24.698780, 0.0)
(30.184656, 24.688021, 0.0)
(30.200459, 24.694963, 0.0)
(30.200459, 24.694963, 0.0)
(30.204870, 24.698780, 0.0)
(30.214979, 24.716267, 0.0)
(30.204813, 24.746939, 0.0)
(30.189465, 24.740112, 0.0)
(30.201231, 24.762156, 0.0)
(30.178745, 24.785799, 0.0)
(30.439045, 26.251583, 0.0)
(30.736694, 28.150663, 0.0)
(30.714588, 28.916052, 0.0)
(30.664860, 29.036024, 0.0)
(30.625824, 29.148840, 0.0)
(30.608002, 29.234388, 0.0)
(30.571207, 29.245306, 0.0)
(30.551245, 29.248089, 0.0)
(30.529905, 29.227423, 0.0)
(30.558102, 29.160742, 0.0)
(30.559492, 29.166807, 0.0)
(30.535282, 29.265953, 0.0)
(30.564945, 29.333504, 0.0)
(30.588398, 29.376907, 0.0)
(30.585201, 29.405212, 0.0)
(30.600620, 29.461199, 0.0)
(30.585300, 29.428520, 0.0)
(30.613823, 29.459517, 0.0)
(30.837231, 31.011862, 0.0)
(31.196970, 32.734642, 0.0)
(31.322924, 33.225338, 0.0)
(31.307850, 33.243725, 0.0)
(31.239458, 33.272003, 0.0)
(31.223940, 33.289795, 0.0)
(31.191422, 33.307510, 0.0)
(31.154688, 33.304699, 0.0)
(31.154150, 33.303364, 0.0)
(31.296806, 34.268650, 0.0)
(31.249634, 34.764717, 0.0)
(31.209642, 34.770439, 0.0)
(31.168072, 34.773830, 0.0)
(31.141722, 34.768173, 0.0)
(31.106447, 34.827362, 0.0)
(31.101406, 34.850903, 0.0)
(31.127914, 34.830029, 0.0)
(31.125490, 34.818741, 0.0)
(31.078728, 34.825451, 0.0)
(30.841066, 35.168777, 0.0)
(30.839975, 35.174221, 0.0)
(30.809525, 35.146885, 0.0)
(30.777197, 35.170891, 0.0)
(30.763628, 35.198895, 0.0)
(30.747433, 35.136681, 0.0)
(30.764688, 35.080128, 0.0)
(30.760973, 35.126526, 0.0)
(30.747759, 35.100430, 0.0)
(30.717813, 35.127647, 0.0)
(30.706036, 35.224026, 0.0)
(30.695639, 35.154552, 0.0)
(30.698936, 35.112270, 0.0)
(30.348513, 34.792122, 0.0)
(30.149731, 34.513966, 0.0)
(30.065031, 34.470570, 0.0)
(30.031401, 34.357983, 0.0)
(29.978685, 34.137196, 0.0)
(29.734268, 31.907366, 0.0)
(29.640369, 31.491726, 0.0)
(29.575012, 31.415554, 0.0)
(29.507633, 31.344492, 0.0)
(29.513660, 31.322964, 0.0)
(29.517841, 31.254135, 0.0)
(29.475813, 31.212400, 0.0)
(29.492929, 31.186272, 0.0)
(29.488382, 31.064615, 0.0)
(29.472895, 30.973566, 0.0)
(29.473675, 30.911375, 0.0)
(29.469173, 30.866489, 0.0)
(29.453640, 30.789244, 0.0)
(29.443136, 30.662868, 0.0)
(29.440979, 30.579021, 0.0)
(29.438150, 30.547693, 0.0)
(29.862755, 28.607487, 0.0)
(29.670633, 26.120665, 0.0)
(29.515762, 25.548613, 0.0)
(29.414879, 25.574194, 0.0)
(29.404406, 25.570063, 0.0)
(29.419502, 25.549559, 0.0)
(29.375690, 25.529671, 0.0)
(29.391127, 25.518179, 0.0)
(29.373623, 25.526934, 0.0)
(29.367678, 25.566172, 0.0)
(29.356861, 25.573370, 0.0)
(29.384359, 25.546242, 0.0)
(29.372883, 25.547253, 0.0)
(29.409883, 25.536901, 0.0)
(29.018202, 24.740931, 0.0)
(28.941774, 24.659880, 0.0)
(28.916613, 24.667469, 0.0)
(28.894903, 24.676924, 0.0)
(28.879803, 24.665319, 0.0)
(28.879803, 24.665319, 0.0)
(28.883131, 24.652166, 0.0)
(28.883131, 24.652166, 0.0)
(28.889074, 24.650145, 0.0)
(28.880402, 24.658409, 0.0)
(28.889074, 24.650145, 0.0)
(28.880402, 24.658409, 0.0)
(28.878811, 24.647829, 0.0)
(28.860853, 24.635363, 0.0)
(28.876753, 24.641556, 0.0)
(28.878811, 24.647829, 0.0)
(28.372511, 24.748718, 0.0)
(28.308306, 24.771717, 0.0)
(28.327869, 24.794956, 0.0)
(28.326574, 24.773056, 0.0)
(28.130909, 26.156990, 0.0)
(28.089310, 27.485004, 0.0)
(28.007084, 27.914196, 0.0)
(27.974615, 27.985226, 0.0)
(27.921011, 28.033136, 0.0)
(27.894209, 28.105705, 0.0)
(27.879145, 28.086840, 0.0)
(27.865797, 28.094889, 0.0)
(27.849834, 28.186460, 0.0)
(27.845388, 28.232241, 0.0)
(27.849409, 28.268093, 0.0)
(27.836555, 28.285412, 0.0)
(27.847813, 28.310841, 0.0)
(27.863873, 28.329121, 0.0)
(27.875843, 28.348028, 0.0)
(27.901590, 28.396694, 0.0)
(28.460602, 29.339262, 0.0)
(28.869797, 30.633314, 0.0)
(28.958181, 31.420181, 0.0)
(28.954121, 31.498886, 0.0)
(28.911390, 31.508528, 0.0)
(28.880898, 31.529957, 0.0)
(28.804930, 31.605486, 0.0)
(28.807489, 31.660154, 0.0)
(28.778896, 31.720434, 0.0)
(29.110697, 32.651844, 0.0)
(29.488886, 34.282146, 0.0)
(29.494568, 34.540943, 0.0)
(29.425819, 34.535793, 0.0)
(29.387705, 34.584412, 0.0)
(29.380796, 34.580147, 0.0)
(29.311018, 34.933434, 0.0)
(29.297035, 35.275642, 0.0)
(29.223885, 35.313801, 0.0)
(29.232906, 35.301941, 0.0)
(29.214224, 35.370319, 0.0)
(29.189779, 35.348827, 0.0)
(29.166689, 35.333900, 0.0)
(29.169792, 35.426540, 0.0)
(29.164375, 35.439384, 0.0)
(29.169006, 35.484303, 0.0)
(29.172197, 35.486179, 0.0)
(29.158394, 35.513470, 0.0)
(29.143673, 35.458981, 0.0)
(29.147854, 35.443596, 0.0)
(29.123335, 35.433361, 0.0)
(29.110588, 35.437138, 0.0)
(29.108482, 35.389351, 0.0)
(29.097733, 35.362366, 0.0)
(29.101999, 35.322353, 0.0)
(28.084360, 34.565735, 0.0)
(27.841179, 34.466282, 0.0)
(27.759314, 34.513161, 0.0)
(27.703709, 34.514946, 0.0)
(27.706516, 34.293293, 0.0)
(27.993132, 30.944645, 0.0)
(27.761246, 28.783520, 0.0)
(27.640604, 28.617544, 0.0)
(27.590435, 28.580414, 0.0)
(27.543468, 28.575678, 0.0)
(27.485884, 28.578461, 0.0)
(27.476578, 28.522659, 0.0)
(27.470114, 28.495829, 0.0)
(27.463926, 28.470655, 0.0)
(27.464542, 28.476385, 0.0)
(27.464336, 28.470268, 0.0)
(27.464319, 28.437672, 0.0)
(27.453234, 28.416117, 0.0)
(27.458031, 28.368347, 0.0)
(27.433220, 28.355738, 0.0)
(27.431479, 28.330658, 0.0)
(27.434755, 28.308273, 0.0)
(27.430046, 28.359074, 0.0)
(27.430099, 28.346840, 0.0)
(27.434717, 28.329533, 0.0)
(27.440081, 28.327457, 0.0)
(27.407833, 28.290239, 0.0)
(27.424591, 28.253599, 0.0)
(27.576456, 26.998573, 0.0)
(27.634087, 25.008703, 0.0)
(27.619663, 24.805199, 0.0)
(27.599663, 24.909939, 0.0)
(27.594700, 24.949989, 0.0)
(27.591610, 24.926390, 0.0)
(27.587118, 24.873495, 0.0)
(27.582548, 24.870760, 0.0)
(27.583485, 24.868591, 0.0)
(27.579557, 24.857355, 0.0)
(27.258156, 25.061104, 0.0)
(27.206549, 25.077856, 0.0)
(27.215748, 25.115011, 0.0)
(27.197216, 25.133499, 0.0)
(27.220522, 25.181734, 0.0)
(27.190752, 25.161741, 0.0)
(27.217867, 25.159243, 0.0)
(27.215511, 25.143227, 0.0)
(27.174475, 25.159548, 0.0)
(26.595690, 25.422541, 0.0)
(26.519705, 25.470379, 0.0)
(26.525135, 25.466978, 0.0)
(26.495222, 25.465620, 0.0)
(26.479252, 25.462759, 0.0)
(26.453178, 25.441847, 0.0)
(26.437321, 25.402952, 0.0)
(26.291948, 26.756229, 0.0)
(26.404514, 28.586744, 0.0)
(26.571854, 30.334204, 0.0)
(26.683960, 30.950844, 0.0)
(26.646460, 31.105560, 0.0)
(26.575974, 31.113178, 0.0)
(26.551662, 31.182692, 0.0)
(26.546618, 31.286154, 0.0)
(26.524281, 31.283567, 0.0)
(26.525434, 31.289478, 0.0)
(26.520096, 31.286970, 0.0)
(26.538017, 31.316923, 0.0)
(26.543882, 31.286484, 0.0)
(26.539862, 31.229956, 0.0)
(26.532351, 31.242323, 0.0)
(26.545927, 31.244184, 0.0)
(27.106150, 32.076267, 0.0)
(27.326630, 32.621284, 0.0)
(27.270639, 32.718834, 0.0)
(27.269587, 32.707844, 0.0)
(27.307659, 32.729656, 0.0)
(27.302557, 32.743519, 0.0)
(27.276409, 32.728962, 0.0)
(27.272614, 32.752182, 0.0)
(27.281216, 32.771973, 0.0)
(27.259621, 32.794018, 0.0)
(27.234203, 32.828411, 0.0)
(27.230215, 32.869156, 0.0)
(27.234762, 32.909252, 0.0)
(27.261261, 32.876160, 0.0)
(27.230587, 32.911057, 0.0)
(27.212189, 32.942230, 0.0)
(27.218222, 32.930187, 0.0)
(27.227621, 33.029556, 0.0)
(27.224157, 33.121689, 0.0)
(27.547680, 34.299496, 0.0)
(27.729485, 35.111336, 0.0)
(27.726509, 35.321198, 0.0)
(27.700748, 35.312908, 0.0)
(27.669851, 35.319309, 0.0)
(27.617109, 35.322666, 0.0)
(27.596678, 35.384407, 0.0)
(27.578903, 35.401939, 0.0)
(27.540003, 35.385242, 0.0)
(27.511137, 35.388607, 0.0)
(27.461456, 35.450752, 0.0)
(26.214457, 35.243603, 0.0)
(25.959852, 35.025902, 0.0)
(25.967398, 34.890030, 0.0)
(25.882465, 34.797009, 0.0)
(25.592026, 33.138569, 0.0)
(25.409754, 30.530445, 0.0)
(25.497278, 30.097685, 0.0)
(25.499853, 30.147631, 0.0)
(25.432577, 30.139946, 0.0)
(25.385742, 30.118975, 0.0)
(25.366390, 30.071356, 0.0)
(25.339012, 30.067476, 0.0)
(25.341864, 30.073530, 0.0)
(25.351574, 30.037498, 0.0)
(25.347891, 30.043304, 0.0)
(25.382290, 29.938316, 0.0)
(25.379576, 29.864388, 0.0)
(25.327072, 29.865164, 0.0)
(25.314371, 29.824686, 0.0)
(25.340611, 29.782326, 0.0)
(25.328009, 29.754965, 0.0)
(25.339783, 29.737728, 0.0)
(25.379826, 29.738108, 0.0)
(25.877802, 29.047880, 0.0)
(25.873964, 28.930822, 0.0)
(25.883049, 28.799427, 0.0)
(25.877802, 28.789648, 0.0)
(25.872612, 28.739634, 0.0)
(25.905451, 28.704908, 0.0)
(25.909723, 28.665623, 0.0)
(25.917688, 28.667076, 0.0)
(25.731222, 28.758036, 0.0)
(25.600748, 29.070396, 0.0)
(25.582148, 29.097589, 0.0)
(25.575001, 29.088804, 0.0)
(25.581503, 29.052757, 0.0)
(25.599098, 29.021538, 0.0)
(25.591560, 29.013891, 0.0)
(25.588261, 28.993490, 0.0)
(25.439020, 28.316832, 0.0)
(25.454336, 27.856615, 0.0)
(25.452486, 27.734770, 0.0)
(25.440428, 27.724760, 0.0)
(25.777647, 26.701445, 0.0)
(25.754335, 25.971794, 0.0)
(25.709511, 25.907530, 0.0)
(25.726063, 25.975920, 0.0)
(25.666248, 25.972576, 0.0)
(25.644634, 25.949833, 0.0)
(25.604191, 25.946791, 0.0)
(25.484499, 25.989510, 0.0)
(25.093689, 26.083645, 0.0)
(25.065187, 26.090885, 0.0)
(25.062521, 26.136869, 0.0)
(25.086834, 26.137688, 0.0)
(25.069918, 26.183352, 0.0)
(25.083862, 26.142328, 0.0)
(25.049820, 26.124443, 0.0)
(25.093456, 26.082130, 0.0)
(25.077135, 26.120150, 0.0)
(24.626976, 26.359079, 0.0)
(24.412964, 26.540527, 0.0)
(24.404654, 26.614080, 0.0)
(24.606089, 27.903999, 0.0)
(24.945343, 29.586239, 0.0)
(25.239872, 31.060596, 0.0)
(25.299896, 32.030949, 0.0)
(25.147797, 32.214008, 0.0)
(25.138315, 32.260330, 0.0)
(25.061359, 32.264763, 0.0)
(25.056469, 32.280235, 0.0)
(25.006960, 32.328205, 0.0)
(24.965141, 32.379242, 0.0)
(24.945974, 32.423351, 0.0)
(24.936634, 32.460327, 0.0)
(24.975571, 32.512714, 0.0)
(24.978188, 32.533478, 0.0)
(24.985201, 32.514565, 0.0)
(24.974104, 32.541183, 0.0)
(24.967018, 32.547058, 0.0)
(24.937561, 32.549358, 0.0)
(24.911222, 32.576729, 0.0)
(24.885784, 32.596054, 0.0)
(24.853113, 32.570812, 0.0)
(24.848421, 32.547234, 0.0)
(24.840395, 32.521297, 0.0)
(24.854477, 32.520058, 0.0)
(24.885220, 32.622108, 0.0)
(25.383200, 33.616428, 0.0)
(25.366179, 33.854393, 0.0)
(25.372791, 33.892094, 0.0)
(25.256102, 33.737091, 0.0)
(25.335039, 34.353024, 0.0)
(25.476429, 35.168179, 0.0)
(25.419798, 35.362499, 0.0)
(25.412291, 35.325180, 0.0)
(25.369822, 35.285942, 0.0)
(25.422441, 35.301872, 0.0)
(25.625483, 35.636524, 0.0)
(25.704481, 35.719563, 0.0)
(25.706158, 35.732548, 0.0)
(25.729353, 35.785038, 0.0)
(25.678604, 35.765686, 0.0)
(25.678303, 35.729885, 0.0)
(25.678492, 35.778355, 0.0)
(25.685068, 35.738434, 0.0)
(25.675577, 35.729736, 0.0)
(25.640949, 35.682499, 0.0)
(25.365774, 35.671795, 0.0)
(25.282436, 35.728867, 0.0)
(25.290117, 35.769043, 0.0)
(25.260305, 35.744263, 0.0)
(25.162907, 35.680683, 0.0)
(24.569447, 33.634159, 0.0)
(24.324661, 30.959091, 0.0)
(24.321266, 29.984346, 0.0)
(24.140524, 30.037342, 0.0)
(24.109856, 30.092007, 0.0)
(24.129145, 30.063393, 0.0)
(24.162537, 30.007008, 0.0)
(24.106688, 30.018068, 0.0)
(24.078310, 30.048704, 0.0)
(24.072147, 29.927349, 0.0)
(24.035711, 29.922316, 0.0)
(23.858173, 30.290468, 0.0)
(23.830811, 30.349182, 0.0)
(23.813595, 30.322159, 0.0)
(23.787735, 30.335760, 0.0)
(23.778671, 30.234825, 0.0)
(23.772787, 30.192900, 0.0)
(23.763872, 30.202007, 0.0)
(23.781176, 30.166212, 0.0)
(23.788540, 30.156237, 0.0)
(23.801134, 30.115044, 0.0)
(23.795637, 30.127888, 0.0)
(24.173346, 29.187796, 0.0)
(24.214846, 27.272249, 0.0)
(24.160028, 26.631609, 0.0)
(24.151613, 26.592999, 0.0)
(24.141306, 26.619671, 0.0)
(24.158058, 26.588573, 0.0)
(24.163628, 26.586193, 0.0)
(24.163628, 26.586193, 0.0)
(24.166979, 26.579075, 0.0)
(24.154776, 26.595486, 0.0)
(24.153025, 26.565203, 0.0)
(24.169558, 26.555702, 0.0)
(24.198368, 26.549341, 0.0)
(24.173731, 26.495243, 0.0)
(24.182568, 26.503317, 0.0)
(24.182568, 26.503317, 0.0)
(24.203272, 26.502811, 0.0)
(24.165598, 26.486755, 0.0)
(23.934700, 26.316830, 0.0)
(23.925756, 26.252645, 0.0)
(23.930494, 26.247097, 0.0)
(23.930494, 26.247097, 0.0)
(23.930283, 26.254904, 0.0)
(23.921637, 26.286873, 0.0)
(23.911219, 26.306322, 0.0)
(23.901026, 26.304661, 0.0)
(23.620703, 26.547621, 0.0)
(23.531857, 26.619188, 0.0)
(23.522413, 26.620556, 0.0)
(23.512497, 26.609432, 0.0)
(23.520325, 26.621206, 0.0)
(23.506420, 26.670769, 0.0)
(23.488958, 26.792900, 0.0)
(23.332724, 28.498476, 0.0)
(23.315109, 30.055120, 0.0)
(23.603567, 31.210932, 0.0)
(23.834333, 32.221298, 0.0)
(23.967072, 32.756889, 0.0)
(23.925625, 32.936413, 0.0)
(23.907690, 32.937817, 0.0)
(23.845886, 32.989735, 0.0)
(23.795948, 32.445183, 0.0)
(23.633404, 31.792664, 0.0)
(23.561729, 31.733639, 0.0)
(23.486843, 31.740068, 0.0)
(23.427462, 31.732481, 0.0)
(23.586765, 32.323742, 0.0)
(24.017731, 33.234089, 0.0)
(24.341911, 34.089931, 0.0)
(24.620684, 34.711472, 0.0)
(24.640869, 34.940990, 0.0)
(24.581274, 34.865025, 0.0)
(24.479328, 34.769344, 0.0)
(24.431452, 35.190079, 0.0)
(24.420647, 35.321480, 0.0)
(24.470732, 35.430798, 0.0)
(24.472647, 35.476116, 0.0)
(24.471298, 35.484200, 0.0)
(24.440182, 35.384060, 0.0)
(24.443712, 35.340275, 0.0)
(24.423313, 35.355824, 0.0)
(24.423313, 35.355824, 0.0)
(24.444242, 35.411583, 0.0)
(24.463829, 35.468998, 0.0)
(24.464470, 35.491039, 0.0)
(24.466497, 35.564800, 0.0)
(24.444389, 35.558750, 0.0)
(24.398428, 35.592861, 0.0)
(24.315657, 35.544907, 0.0)
(24.294504, 35.605076, 0.0)
(24.289928, 35.618256, 0.0)
(24.363054, 35.635220, 0.0)
(24.364014, 35.638134, 0.0)
(24.326252, 35.695442, 0.0)
(24.249710, 35.719597, 0.0)
(24.234430, 35.729229, 0.0)
(24.096506, 35.772041, 0.0)
(23.747889, 35.768852, 0.0)
(23.748535, 35.743427, 0.0)
(23.757252, 35.744217, 0.0)
(23.777006, 35.703247, 0.0)
(23.781351, 35.706562, 0.0)
(23.772879, 35.703201, 0.0)
(23.717800, 35.731228, 0.0)
(23.385857, 34.923992, 0.0)
(22.592522, 32.638996, 0.0)
(22.583361, 30.732647, 0.0)
(22.580830, 30.398090, 0.0)
(22.563244, 30.419886, 0.0)
(22.527956, 30.448856, 0.0)
(22.486553, 30.444132, 0.0)
(22.510286, 30.353880, 0.0)
(22.488375, 30.398907, 0.0)
(22.470076, 30.360802, 0.0)
(22.490065, 30.310818, 0.0)
(22.512316, 30.291338, 0.0)
(22.503262, 30.235146, 0.0)
(22.915911, 30.091597, 0.0)
(22.997639, 30.078152, 0.0)
(22.977373, 30.079414, 0.0)
(22.977030, 30.072481, 0.0)
(22.996311, 30.015532, 0.0)
(23.040180, 29.887280, 0.0)
(22.763283, 28.717949, 0.0)
(22.799938, 28.100124, 0.0)
(22.793781, 28.081659, 0.0)
(22.791370, 28.075663, 0.0)
(22.797062, 28.053534, 0.0)
(22.787939, 28.050894, 0.0)
(22.776854, 28.009468, 0.0)
(22.772223, 28.006912, 0.0)
(22.437304, 28.016846, 0.0)
(22.393353, 28.019028, 0.0)
(22.397299, 28.019495, 0.0)
(22.391184, 27.991014, 0.0)
(22.368469, 27.980822, 0.0)
(22.361452, 27.954138, 0.0)
(22.360895, 27.947157, 0.0)
(22.356806, 27.944162, 0.0)
(22.196011, 27.756447, 0.0)
(22.172697, 27.720922, 0.0)
(22.179529, 27.706364, 0.0)
(22.211735, 27.686575, 0.0)
(22.206558, 27.661289, 0.0)
(22.187916, 27.613066, 0.0)
(22.179396, 27.607462, 0.0)
(22.144268, 27.588324, 0.0)
(22.157112, 27.524170, 0.0)
(22.183033, 27.538628, 0.0)
(22.165703, 27.534822, 0.0)
(22.191664, 27.513523, 0.0)
(22.186848, 27.509947, 0.0)
(22.197477, 27.509424, 0.0)
(22.197916, 27.475311, 0.0)
(22.176485, 27.504965, 0.0)
(22.184916, 27.515718, 0.0)
(22.170753, 27.531916, 0.0)
(22.170753, 27.531916, 0.0)
(22.122631, 27.735079, 0.0)
(22.231060, 28.980513, 0.0)
(22.250790, 29.549402, 0.0)
(22.180258, 29.800463, 0.0)
(22.130297, 29.878132, 0.0)
(22.119158, 29.904743, 0.0)
(22.131062, 29.960964, 0.0)
(22.101526, 30.027157, 0.0)
(22.101753, 30.041449, 0.0)
(22.127785, 30.059580, 0.0)
(22.134747, 30.135971, 0.0)
(22.340942, 31.041908, 0.0)
(22.778860, 32.055386, 0.0)
(23.017963, 32.933002, 0.0)
(23.173683, 33.377689, 0.0)
(23.143301, 33.482498, 0.0)
(23.151741, 33.559814, 0.0)
(23.142286, 33.671188, 0.0)
(23.109310, 33.693047, 0.0)
(23.056200, 33.692253, 0.0)
(23.057152, 33.678768, 0.0)
(23.020866, 33.699417, 0.0)
(23.076172, 34.385868, 0.0)
(23.063982, 34.453945, 0.0)
(23.026384, 34.398548, 0.0)
(23.004511, 34.374977, 0.0)
(23.044895, 34.458298, 0.0)
(23.148684, 34.698132, 0.0)
(23.584757, 35.664234, 0.0)
(23.629482, 35.942547, 0.0)
(23.595140, 35.931931, 0.0)
(23.580015, 35.892700, 0.0)
(23.566463, 35.872757, 0.0)
(23.547888, 35.898697, 0.0)
(23.555372, 35.913227, 0.0)
(23.417128, 35.948383, 0.0)
(23.316774, 36.016369, 0.0)
(23.323471, 36.054272, 0.0)
(23.355782, 36.103371, 0.0)
(23.416252, 36.214058, 0.0)
(23.405594, 36.222969, 0.0)
(23.422970, 36.222561, 0.0)
(23.427687, 36.237610, 0.0)
(23.416885, 36.264477, 0.0)
(23.439507, 36.223881, 0.0)
(23.421917, 36.294243, 0.0)
(23.282736, 36.232033, 0.0)
(23.201674, 36.170475, 0.0)
(23.214842, 36.206806, 0.0)
(23.177073, 36.217262, 0.0)
(23.183689, 36.243320, 0.0)
(23.178482, 36.273087, 0.0)
(23.160940, 36.251186, 0.0)
(23.151894, 36.255531, 0.0)
(23.147417, 36.204033, 0.0)
(23.156191, 36.162239, 0.0)
(23.148256, 36.154560, 0.0)
(23.143972, 36.140049, 0.0)
(23.151424, 36.120445, 0.0)
(23.154768, 36.133400, 0.0)
(23.157290, 36.113468, 0.0)
(23.154142, 36.112820, 0.0)
(23.164341, 36.077503, 0.0)
(23.194620, 36.087158, 0.0)
(23.246902, 36.066193, 0.0)
(23.772938, 35.907818, 0.0)
(23.904219, 35.897354, 0.0)
(23.885580, 35.896004, 0.0)
(23.924330, 35.878956, 0.0)
(23.925241, 35.898975, 0.0)
(23.902718, 35.851643, 0.0)
(23.891907, 35.819771, 0.0)
(23.908094, 35.788605, 0.0)
(23.891710, 35.785263, 0.0)
(23.914064, 35.734982, 0.0)
(23.927582, 35.722237, 0.0)
(23.882080, 35.720512, 0.0)
(23.874212, 35.646217, 0.0)
(23.902462, 35.643078, 0.0)
(23.917919, 35.652309, 0.0)
(23.908968, 35.671665, 0.0)
(23.927057, 35.654202, 0.0)
(23.934715, 35.677830, 0.0)
(23.924879, 35.634144, 0.0)
(23.945312, 35.723007, 0.0)
(24.658319, 35.257412, 0.0)
