(0.000000, 0.000000, 1.0)
(36.314735, 27.714195, 0.0)
(36.144062, 26.790611, 0.0)
(36.095005, 26.259661, 0.0)
(36.131611, 25.917208, 0.0)
(36.810287, 25.085079, 0.0)
(36.849628, 24.808285, 0.0)
(36.865078, 24.784010, 0.0)
(36.883644, 24.832211, 0.0)
(36.886787, 24.885517, 0.0)
(36.902390, 24.915379, 0.0)
(36.950119, 24.942434, 0.0)
(36.953152, 24.977730, 0.0)
(36.984879, 24.946527, 0.0)
(36.982239, 24.941713, 0.0)
(36.972576, 24.865894, 0.0)
(36.990486, 24.878925, 0.0)
(37.026348, 24.872923, 0.0)
(37.042118, 24.932793, 0.0)
(37.041397, 24.957802, 0.0)
(37.058861, 24.989115, 0.0)
(37.056412, 24.968864, 0.0)
(37.036888, 24.937073, 0.0)
(37.046837, 24.959839, 0.0)
(37.068489, 25.001087, 0.0)
(37.051727, 25.017225, 0.0)
(37.044506, 25.048553, 0.0)
(37.026131, 25.049459, 0.0)
(36.978569, 24.957140, 0.0)
(35.485729, 22.342068, 0.0)
(35.572021, 22.544825, 0.0)
(35.669552, 22.700964, 0.0)
(35.681255, 22.762394, 0.0)
(35.682240, 22.776772, 0.0)
(35.680508, 22.798155, 0.0)
(35.655880, 22.809219, 0.0)
(35.675312, 22.842421, 0.0)
(35.700291, 22.863417, 0.0)
(35.677784, 22.878141, 0.0)
(35.659428, 22.866156, 0.0)
(35.671375, 22.908337, 0.0)
(35.726555, 22.957933, 0.0)
(35.711765, 23.005461, 0.0)
(35.738144, 23.108555, 0.0)
(35.756714, 23.130325, 0.0)
(35.752022, 23.183493, 0.0)
(35.783871, 23.264713, 0.0)
(35.774723, 23.309402, 0.0)
(35.792088, 23.356159, 0.0)
(35.793243, 23.360167, 0.0)
(35.781693, 23.339535, 0.0)
(35.770580, 23.339773, 0.0)
(36.010525, 23.593176, 0.0)
(37.424522, 25.691576, 0.0)
(37.350853, 25.711042, 0.0)
(37.280472, 25.709780, 0.0)
(37.265976, 25.701677, 0.0)
(37.254913, 25.719793, 0.0)
(37.266808, 25.770012, 0.0)
(37.275696, 25.784445, 0.0)
(37.287132, 25.790014, 0.0)
(37.298786, 25.780392, 0.0)
(37.288696, 25.773634, 0.0)
(37.291317, 25.765560, 0.0)
(37.289867, 25.700233, 0.0)
(37.283237, 25.664705, 0.0)
(37.247665, 25.632626, 0.0)
(37.258560, 25.633343, 0.0)
(37.253212, 25.635738, 0.0)
(37.238182, 25.648344, 0.0)
(37.218410, 25.692446, 0.0)
(37.207634, 25.732157, 0.0)
(37.183922, 25.688997, 0.0)
(37.175457, 25.639297, 0.0)
(37.177742, 25.661913, 0.0)
(37.157684, 25.676538, 0.0)
(37.139317, 25.683596, 0.0)
(37.129402, 25.690788, 0.0)
(37.130013, 25.708174, 0.0)
(37.120308, 25.661852, 0.0)
(37.131855, 25.664034, 0.0)
(37.144108, 25.710258, 0.0)
(37.184341, 25.711756, 0.0)
(37.170540, 25.745054, 0.0)
(37.185818, 25.766552, 0.0)
(37.199532, 25.751091, 0.0)
(37.205502, 25.681562, 0.0)
(37.201778, 25.669788, 0.0)
(37.219929, 25.662584, 0.0)
(37.200890, 25.685167, 0.0)
(37.180439, 25.710812, 0.0)
(37.163517, 25.718071, 0.0)
(37.130234, 25.686939, 0.0)
(37.120739, 25.633127, 0.0)
(37.119114, 25.617252, 0.0)
(37.141792, 25.605185, 0.0)
(37.132870, 25.605978, 0.0)
(37.133724, 25.634487, 0.0)
(37.134373, 25.608198, 0.0)
(37.127777, 25.605137, 0.0)
(37.136169, 25.624182, 0.0)
(37.121563, 25.367638, 0.0)
(37.134483, 25.372700, 0.0)
(37.140701, 25.433851, 0.0)
(37.180664, 25.473549, 0.0)
(37.200405, 25.506701, 0.0)
(37.178005, 25.502258, 0.0)
(37.168350, 25.466047, 0.0)
(37.176754, 25.450178, 0.0)
(37.216644, 25.475161, 0.0)
(37.223427, 25.491283, 0.0)
(37.220257, 25.517550, 0.0)
(37.235573, 25.532713, 0.0)
(37.228943, 25.530155, 0.0)
(37.220722, 25.538401, 0.0)
(37.223789, 25.540651, 0.0)
(37.244602, 25.548012, 0.0)
(37.234646, 25.544712, 0.0)
(37.232090, 25.543541, 0.0)
(37.235069, 25.560373, 0.0)
(37.240097, 25.601385, 0.0)
(37.196335, 25.566692, 0.0)
(37.180210, 25.522017, 0.0)
(37.213959, 25.551039, 0.0)
(37.244949, 25.597082, 0.0)
(37.236595, 25.627028, 0.0)
(37.246513, 25.653978, 0.0)
(37.237495, 25.691193, 0.0)
(37.227772, 25.692640, 0.0)
(37.218624, 25.693615, 0.0)
(37.214272, 25.710344, 0.0)
(37.219437, 25.703997, 0.0)
(37.263798, 25.766237, 0.0)
(37.342743, 25.791134, 0.0)
(37.634029, 25.973337, 0.0)
(37.967506, 26.384438, 0.0)
(37.946213, 26.480703, 0.0)
(37.901592, 26.427528, 0.0)
(37.862999, 26.374550, 0.0)
(37.868843, 26.388094, 0.0)
(37.845154, 26.411123, 0.0)
(37.829021, 26.442234, 0.0)
(37.790291, 26.496387, 0.0)
(37.800880, 26.531075, 0.0)
(37.769257, 26.548306, 0.0)
(37.775764, 26.553125, 0.0)
(37.763344, 26.586840, 0.0)
(37.748756, 26.605221, 0.0)
(37.737900, 26.634241, 0.0)
(37.744236, 26.660940, 0.0)
(37.757809, 26.607363, 0.0)
(37.749477, 26.581385, 0.0)
(37.762711, 26.520157, 0.0)
(37.767235, 26.519781, 0.0)
(37.762814, 26.519930, 0.0)
(37.784832, 26.525574, 0.0)
(37.246498, 26.071722, 0.0)
(37.187725, 26.044039, 0.0)
(37.184155, 26.037926, 0.0)
(37.156940, 25.967463, 0.0)
(37.148949, 25.967785, 0.0)
(37.097343, 26.012844, 0.0)
(37.739452, 28.211603, 0.0)
(37.570549, 26.922430, 0.0)
(37.488918, 26.303371, 0.0)
(37.549492, 26.007010, 0.0)
(37.553570, 26.040100, 0.0)
(37.560440, 26.020836, 0.0)
(37.579903, 25.946096, 0.0)
(37.538670, 25.894442, 0.0)
(39.440128, 27.353359, 0.0)
(41.335964, 28.673832, 0.0)
(41.257950, 28.713631, 0.0)
(41.167858, 28.743982, 0.0)
(41.125599, 28.762075, 0.0)
(41.082611, 28.746679, 0.0)
(41.035744, 28.696566, 0.0)
(41.030106, 28.688993, 0.0)
(43.783218, 30.661003, 0.0)
(45.273457, 31.792093, 0.0)
(45.271854, 31.801701, 0.0)
(45.210098, 31.805500, 0.0)
(45.183968, 31.843941, 0.0)
(45.157784, 31.891718, 0.0)
(45.137173, 31.890980, 0.0)
(45.107777, 31.882915, 0.0)
(45.105034, 31.858952, 0.0)
(45.095638, 31.881859, 0.0)
(45.083004, 31.864424, 0.0)
(45.069828, 31.870798, 0.0)
(45.029644, 31.886520, 0.0)
(45.011517, 31.888744, 0.0)
(45.013519, 31.923025, 0.0)
(44.984848, 31.836617, 0.0)
(44.958084, 31.808996, 0.0)
(44.975632, 31.811718, 0.0)
(44.984852, 31.870390, 0.0)
(44.962685, 31.921970, 0.0)
(44.960026, 31.929174, 0.0)
(44.963905, 31.981188, 0.0)
(44.961105, 31.983061, 0.0)
(44.955318, 31.954044, 0.0)
(44.961842, 31.964685, 0.0)
(44.977432, 31.998693, 0.0)
(44.991234, 31.993748, 0.0)
(45.024776, 32.011784, 0.0)
(45.040077, 32.036079, 0.0)
(45.067104, 32.068630, 0.0)
(45.038651, 32.056648, 0.0)
(45.004059, 31.997217, 0.0)
(44.367897, 31.995550, 0.0)
(44.310120, 32.029198, 0.0)
(44.344749, 32.036842, 0.0)
(44.317013, 32.043980, 0.0)
(44.320690, 32.091053, 0.0)
(44.314812, 32.073872, 0.0)
(44.043163, 29.432495, 0.0)
(43.653179, 25.863697, 0.0)
(43.552719, 25.034645, 0.0)
(43.567196, 25.085087, 0.0)
(43.561970, 25.184935, 0.0)
(43.587605, 25.260046, 0.0)
(43.556797, 24.049828, 0.0)
(43.417740, 23.307346, 0.0)
(43.358807, 23.211748, 0.0)
(43.362865, 23.215467, 0.0)
(43.362476, 23.210299, 0.0)
(43.357025, 23.193863, 0.0)
(43.352943, 23.190807, 0.0)
(43.351883, 23.190948, 0.0)
(43.321438, 23.155518, 0.0)
(43.307297, 23.105108, 0.0)
(43.302055, 23.079807, 0.0)
(43.281040, 23.048834, 0.0)
(43.285881, 23.065254, 0.0)
(43.290398, 23.076843, 0.0)
(43.285336, 23.076149, 0.0)
(43.260174, 23.044542, 0.0)
(43.239742, 22.996801, 0.0)
(43.210571, 22.917166, 0.0)
(43.208389, 22.910063, 0.0)
(43.217968, 22.923866, 0.0)
(43.206448, 22.912745, 0.0)
(43.245331, 22.994720, 0.0)
(43.215973, 22.960974, 0.0)
(43.199955, 22.948641, 0.0)
(43.215870, 22.959776, 0.0)
(43.186802, 22.926014, 0.0)
(43.125916, 22.904997, 0.0)
(42.598301, 22.893812, 0.0)
(39.741249, 22.654833, 0.0)
(36.670479, 23.341125, 0.0)
(33.732910, 25.488287, 0.0)
(31.219522, 27.378246, 0.0)
(29.550119, 30.168903, 0.0)
(28.671179, 30.779095, 0.0)
(28.393480, 30.096275, 0.0)
(28.359955, 30.089758, 0.0)
(28.330856, 30.202381, 0.0)
(28.311806, 30.208597, 0.0)
(28.292505, 30.195539, 0.0)
(28.296377, 30.187298, 0.0)
(28.003044, 32.067684, 0.0)
(27.855232, 32.988522, 0.0)
(27.767307, 33.103397, 0.0)
(27.759800, 33.108868, 0.0)
(27.743746, 33.166039, 0.0)
(27.636375, 33.130054, 0.0)
(27.620010, 33.110256, 0.0)
(27.676548, 33.134834, 0.0)
(27.697195, 33.168209, 0.0)
(27.691393, 33.155972, 0.0)
(27.692072, 33.188793, 0.0)
(27.699978, 33.182846, 0.0)
(27.710270, 33.190395, 0.0)
(27.702211, 33.213486, 0.0)
(27.710054, 33.211231, 0.0)
(27.707230, 33.207020, 0.0)
(27.710201, 33.238865, 0.0)
(27.712828, 33.249828, 0.0)
(27.692589, 33.250950, 0.0)
(27.658987, 33.239807, 0.0)
(27.620611, 33.193653, 0.0)
(27.309662, 31.940815, 0.0)
(27.222105, 31.715084, 0.0)
(27.181484, 31.757545, 0.0)
(27.190380, 31.803423, 0.0)
(27.182629, 31.810841, 0.0)
(27.137903, 31.707525, 0.0)
(27.334618, 28.951395, 0.0)
(27.391783, 28.043114, 0.0)
(26.964045, 24.014963, 0.0)
(26.898205, 23.704500, 0.0)
(26.905392, 23.874649, 0.0)
(26.916807, 23.985695, 0.0)
(26.907917, 23.988632, 0.0)
(26.910593, 23.930578, 0.0)
(26.898352, 23.888884, 0.0)
(26.908060, 23.870367, 0.0)
(26.912588, 23.874771, 0.0)
(26.895439, 23.863842, 0.0)
(26.906759, 23.849251, 0.0)
(26.906029, 23.830149, 0.0)
(27.862440, 23.919689, 0.0)
(28.421520, 24.117493, 0.0)
(28.415300, 24.063652, 0.0)
(28.395767, 24.026871, 0.0)
(28.414379, 24.024038, 0.0)
(28.422401, 23.996668, 0.0)
(28.421404, 23.974108, 0.0)
(28.422218, 23.925390, 0.0)
(28.417393, 23.891445, 0.0)
(28.442890, 23.900776, 0.0)
(28.451706, 23.896463, 0.0)
(28.448664, 23.909489, 0.0)
(28.445614, 23.940937, 0.0)
(28.454842, 23.905769, 0.0)
(28.499224, 23.866148, 0.0)
(29.785307, 23.943884, 0.0)
(29.883146, 23.941519, 0.0)
(29.872141, 23.922243, 0.0)
(29.887651, 23.907295, 0.0)
(29.922163, 23.913857, 0.0)
(29.888750, 23.943590, 0.0)
(32.165939, 24.472214, 0.0)
(36.139477, 25.272913, 0.0)
(36.090370, 25.291224, 0.0)
(36.035049, 25.260124, 0.0)
(36.005959, 25.250065, 0.0)
(36.621006, 25.515337, 0.0)
(36.849686, 25.634243, 0.0)
(36.826263, 25.650045, 0.0)
(36.810452, 25.649368, 0.0)
(36.819187, 25.660553, 0.0)
(36.789715, 25.674479, 0.0)
(36.759151, 25.668299, 0.0)
(36.769802, 25.641617, 0.0)
(36.792923, 25.653242, 0.0)
(36.782131, 25.642778, 0.0)
(36.751545, 25.607416, 0.0)
(36.753651, 25.599522, 0.0)
(36.803856, 25.587561, 0.0)
(36.787151, 25.581028, 0.0)
(36.764557, 25.576399, 0.0)
(36.788441, 25.601643, 0.0)
(36.764439, 25.589830, 0.0)
(36.750690, 25.619482, 0.0)
(36.760437, 25.641254, 0.0)
(36.777287, 25.655882, 0.0)
(36.773277, 25.670103, 0.0)
(36.772324, 25.683493, 0.0)
(36.781845, 25.694588, 0.0)
(36.799431, 25.701761, 0.0)
(36.774048, 25.664293, 0.0)
(36.760292, 25.634640, 0.0)
(36.799549, 25.664305, 0.0)
(36.809937, 25.695396, 0.0)
(36.782555, 25.691677, 0.0)
(36.784561, 25.696957, 0.0)
(36.782753, 25.721155, 0.0)
(36.769260, 25.732248, 0.0)
(36.762920, 25.726238, 0.0)
(36.296509, 26.077503, 0.0)
(32.805313, 28.935080, 0.0)
(30.000320, 31.575756, 0.0)
(28.464478, 32.825386, 0.0)
(28.334070, 32.895878, 0.0)
(28.328636, 32.901619, 0.0)
(28.224949, 32.879406, 0.0)
(28.195427, 32.918568, 0.0)
(28.208607, 32.943623, 0.0)
(28.223324, 32.953968, 0.0)
(31.022469, 32.597187, 0.0)
(32.400337, 32.471901, 0.0)
(32.475391, 32.500172, 0.0)
(32.467438, 32.495152, 0.0)
(32.474388, 32.504333, 0.0)
(32.496910, 32.529408, 0.0)
(32.511608, 32.542030, 0.0)
(32.544201, 32.539940, 0.0)
(33.234730, 32.552387, 0.0)
(35.850140, 32.251896, 0.0)
(35.863514, 32.253269, 0.0)
(35.854595, 32.257915, 0.0)
(35.923931, 32.301094, 0.0)
(36.035069, 32.329029, 0.0)
(36.248520, 32.337040, 0.0)
(37.736996, 32.320068, 0.0)
(37.777287, 32.328148, 0.0)
(37.780979, 32.334427, 0.0)
(37.798073, 32.341862, 0.0)
(37.826778, 32.370327, 0.0)
(39.963337, 32.375965, 0.0)
(40.482086, 32.397419, 0.0)
(40.479820, 32.448956, 0.0)
(40.472557, 32.478001, 0.0)
(40.487736, 32.491390, 0.0)
(40.474724, 32.448238, 0.0)
(40.473297, 32.399094, 0.0)
(41.895729, 32.296227, 0.0)
(42.611305, 32.239975, 0.0)
(42.636147, 32.274193, 0.0)
(42.626198, 32.298916, 0.0)
(42.635300, 32.318420, 0.0)
(42.628475, 32.283913, 0.0)
(43.549725, 32.415947, 0.0)
(44.372513, 32.294670, 0.0)
(44.393959, 32.333061, 0.0)
(44.376198, 32.356441, 0.0)
(44.367268, 32.385422, 0.0)
(44.366718, 32.418213, 0.0)
(44.385128, 32.473450, 0.0)
(44.360863, 32.399460, 0.0)
(45.037464, 31.802013, 0.0)
(45.071438, 31.664362, 0.0)
(45.078625, 31.711725, 0.0)
(45.074776, 31.708487, 0.0)
(45.079674, 31.742893, 0.0)
(45.092617, 31.761250, 0.0)
(45.093994, 31.761295, 0.0)
(45.085518, 31.709665, 0.0)
(44.544422, 31.598026, 0.0)
(43.726700, 31.297913, 0.0)
(43.542572, 31.237564, 0.0)
(42.014442, 31.206810, 0.0)
(41.852768, 31.270052, 0.0)
(41.829185, 31.343916, 0.0)
(41.770836, 31.406208, 0.0)
(41.691525, 31.367708, 0.0)
(41.608368, 31.317556, 0.0)
(41.567608, 31.319090, 0.0)
(41.513195, 31.411812, 0.0)
(41.202019, 31.437908, 0.0)
(40.131741, 31.671434, 0.0)
(39.964344, 31.765802, 0.0)
(39.898487, 31.742254, 0.0)
(39.841110, 31.768044, 0.0)
(39.780132, 31.807421, 0.0)
(39.684166, 31.833323, 0.0)
(37.796753, 31.837217, 0.0)
(37.494160, 31.863579, 0.0)
(37.446774, 31.916531, 0.0)
(37.391827, 31.952564, 0.0)
(37.327141, 31.889561, 0.0)
(37.253937, 31.783039, 0.0)
(37.223095, 31.818045, 0.0)
(37.187393, 31.841719, 0.0)
(35.819763, 31.840935, 0.0)
(35.144783, 31.905382, 0.0)
(35.036327, 31.933624, 0.0)
(34.992500, 31.890156, 0.0)
(34.963634, 31.842382, 0.0)
(34.876915, 31.863798, 0.0)
(33.229023, 31.673519, 0.0)
(32.379269, 33.615513, 0.0)
(31.956898, 33.663422, 0.0)
(31.474239, 33.242542, 0.0)
(30.765493, 32.650379, 0.0)
(30.580767, 32.215019, 0.0)
(30.522985, 32.024559, 0.0)
(30.508457, 32.034618, 0.0)
(29.068390, 32.347191, 0.0)
(27.490692, 32.549053, 0.0)
(27.414806, 32.511551, 0.0)
(27.399164, 32.412525, 0.0)
(27.381794, 32.353260, 0.0)
(27.378405, 32.311733, 0.0)
(27.402988, 32.292942, 0.0)
(27.386517, 32.290028, 0.0)
(27.366604, 32.292877, 0.0)
(27.400532, 32.289200, 0.0)
(27.370731, 32.287285, 0.0)
(27.367397, 32.296890, 0.0)
(27.465549, 32.532417, 0.0)
(27.667976, 31.749212, 0.0)
(27.626726, 31.294323, 0.0)
(27.551374, 31.277716, 0.0)
(27.562441, 31.124384, 0.0)
(27.609261, 30.973980, 0.0)
(28.588894, 30.913984, 0.0)
(30.029467, 30.809023, 0.0)
(33.271404, 30.909763, 0.0)
(33.775299, 31.067389, 0.0)
(33.857464, 31.164797, 0.0)
(33.937035, 31.193502, 0.0)
(34.032482, 31.244181, 0.0)
(34.018402, 31.256174, 0.0)
(32.693092, 31.231134, 0.0)
(32.676720, 31.192425, 0.0)
(32.723377, 31.162994, 0.0)
(32.761494, 31.163853, 0.0)
(32.827366, 31.171148, 0.0)
(33.714172, 31.181700, 0.0)
(35.357330, 31.075634, 0.0)
(35.462536, 31.068880, 0.0)
(35.472157, 31.056807, 0.0)
(35.569717, 31.044683, 0.0)
(35.641865, 31.036402, 0.0)
(35.951752, 31.009342, 0.0)
(37.212440, 30.820332, 0.0)
(37.343815, 30.847975, 0.0)
(37.356236, 30.866657, 0.0)
(37.398483, 30.904812, 0.0)
(38.766293, 30.817560, 0.0)
(39.199932, 30.819714, 0.0)
(39.218845, 30.846727, 0.0)
(39.236435, 30.868246, 0.0)
(39.935543, 30.882721, 0.0)
(40.914852, 30.947962, 0.0)
(40.939301, 31.023802, 0.0)
(40.917274, 31.057770, 0.0)
(40.922153, 31.050196, 0.0)
(41.568470, 31.135405, 0.0)
(43.886368, 31.285803, 0.0)
(44.339165, 31.376940, 0.0)
(44.363113, 31.499344, 0.0)
(44.359249, 31.507963, 0.0)
(44.382969, 31.538668, 0.0)
(44.364117, 31.524632, 0.0)
(44.351891, 31.475254, 0.0)
(44.389591, 31.505518, 0.0)
(44.399258, 31.529396, 0.0)
(44.510616, 31.402077, 0.0)
(44.947292, 30.917530, 0.0)
(45.079559, 30.587837, 0.0)
(45.078644, 30.506666, 0.0)
(45.079048, 30.475994, 0.0)
(45.060375, 30.433708, 0.0)
(45.027622, 30.468342, 0.0)
(44.963978, 30.464514, 0.0)
(43.950321, 29.887772, 0.0)
(43.963894, 32.386814, 0.0)
(43.605785, 30.691267, 0.0)
(43.484634, 30.110998, 0.0)
(43.450874, 30.175812, 0.0)
(43.373573, 30.208229, 0.0)
(43.323711, 30.203928, 0.0)
(42.361244, 30.286659, 0.0)
(41.719318, 30.399786, 0.0)
(41.597733, 30.435925, 0.0)
(41.502716, 30.453606, 0.0)
(41.435726, 30.466658, 0.0)
(40.970337, 30.455355, 0.0)
(39.379780, 30.359371, 0.0)
(39.248150, 30.296415, 0.0)
(39.169392, 30.302769, 0.0)
(39.154556, 30.339523, 0.0)
(39.089478, 30.336786, 0.0)
(39.033379, 30.293467, 0.0)
(39.001759, 30.318172, 0.0)
(37.640457, 30.371105, 0.0)
(37.176720, 30.363943, 0.0)
(37.133850, 30.339659, 0.0)
(37.073940, 30.368546, 0.0)
(37.009880, 30.380913, 0.0)
(36.845219, 30.451054, 0.0)
(35.159355, 30.474298, 0.0)
(34.979122, 30.524525, 0.0)
(34.949142, 30.532370, 0.0)
(34.837288, 30.498968, 0.0)
(34.753979, 30.452660, 0.0)
(33.583714, 30.544130, 0.0)
(31.131283, 30.725168, 0.0)
(30.908092, 30.706165, 0.0)
(30.857946, 30.714790, 0.0)
(30.804949, 30.731165, 0.0)
(30.787151, 30.735346, 0.0)
(30.740110, 30.737232, 0.0)
(30.686676, 30.764111, 0.0)
(30.659494, 30.762409, 0.0)
(28.786461, 31.029016, 0.0)
(27.859854, 31.018604, 0.0)
(27.781237, 31.002695, 0.0)
(27.786076, 31.008486, 0.0)
(27.779114, 31.021334, 0.0)
(27.768883, 30.982412, 0.0)
(27.731388, 30.993641, 0.0)
(27.747917, 31.015385, 0.0)
(27.742704, 31.072273, 0.0)
(27.752682, 31.092545, 0.0)
(27.776947, 31.134615, 0.0)
(27.785116, 31.186703, 0.0)
(27.806852, 31.202339, 0.0)
(28.375235, 30.895464, 0.0)
(31.199980, 29.903759, 0.0)
(31.332443, 29.943308, 0.0)
(31.364576, 30.020824, 0.0)
(31.435200, 30.015797, 0.0)
(31.513313, 30.015749, 0.0)
(31.596891, 30.044603, 0.0)
(31.663258, 30.007481, 0.0)
(31.748356, 29.927181, 0.0)
(31.836943, 29.964943, 0.0)
(31.911240, 29.942179, 0.0)
(31.985447, 29.962671, 0.0)
(32.050838, 29.959000, 0.0)
(32.175503, 29.984629, 0.0)
(32.256542, 29.950392, 0.0)
(32.600750, 29.946037, 0.0)
(34.584980, 29.841213, 0.0)
(34.762691, 29.928919, 0.0)
(34.830383, 29.928471, 0.0)
(34.923588, 29.914635, 0.0)
(35.043884, 29.954943, 0.0)
(35.385380, 29.980118, 0.0)
(36.778957, 29.937260, 0.0)
(36.993446, 29.830269, 0.0)
(37.096149, 29.787209, 0.0)
(37.185669, 29.772661, 0.0)
(37.277451, 29.754843, 0.0)
(37.380222, 29.768778, 0.0)
(38.111576, 29.829422, 0.0)
(39.351566, 29.829443, 0.0)
(39.465019, 29.835243, 0.0)
(39.502953, 29.874516, 0.0)
(39.531132, 29.879572, 0.0)
(39.572189, 29.875111, 0.0)
(40.406853, 29.964413, 0.0)
(41.984650, 30.152586, 0.0)
(42.032845, 30.160816, 0.0)
(41.984241, 30.121576, 0.0)
(41.988285, 30.074865, 0.0)
(42.004063, 30.103743, 0.0)
(42.035751, 30.112680, 0.0)
(43.501595, 30.263475, 0.0)
(44.025002, 30.328007, 0.0)
(44.023121, 30.373100, 0.0)
(43.996006, 30.351414, 0.0)
(43.982300, 30.339567, 0.0)
(44.624538, 30.397928, 0.0)
(44.892914, 30.427477, 0.0)
(44.878670, 30.439068, 0.0)
(44.893429, 30.508440, 0.0)
(44.893230, 30.490396, 0.0)
(44.895485, 30.508259, 0.0)
(44.864605, 30.442440, 0.0)
(44.834431, 30.362225, 0.0)
(44.822372, 30.326946, 0.0)
(44.822746, 30.335022, 0.0)
(44.804787, 30.347855, 0.0)
(44.793308, 30.335302, 0.0)
(44.724892, 30.289753, 0.0)
(44.009441, 29.586348, 0.0)
(43.904793, 29.491562, 0.0)
(43.906673, 29.467972, 0.0)
(43.873058, 29.479826, 0.0)
(43.821022, 29.482052, 0.0)
(42.546062, 29.222788, 0.0)
(42.285061, 29.233711, 0.0)
(42.249214, 29.239241, 0.0)
(42.154438, 29.194214, 0.0)
(42.088268, 29.152063, 0.0)
(42.042679, 29.140543, 0.0)
(41.927502, 29.157497, 0.0)
(41.796234, 29.170271, 0.0)
(40.243877, 29.173138, 0.0)
(40.072353, 29.193699, 0.0)
(39.991489, 29.190172, 0.0)
(39.896320, 29.206348, 0.0)
(39.838650, 29.187294, 0.0)
(39.761639, 29.205500, 0.0)
(37.990662, 29.098177, 0.0)
(37.572529, 29.132116, 0.0)
(37.493000, 29.184305, 0.0)
(37.389774, 29.181816, 0.0)
(37.296383, 29.153013, 0.0)
(37.219353, 29.149715, 0.0)
(37.131260, 29.104460, 0.0)
(35.753193, 29.144154, 0.0)
(34.795052, 29.254063, 0.0)
(34.673824, 29.303596, 0.0)
(34.607925, 29.305105, 0.0)
(34.529186, 29.350214, 0.0)
(34.491962, 29.343378, 0.0)
(32.612099, 29.538658, 0.0)
(31.627731, 29.538849, 0.0)
(31.478613, 29.572020, 0.0)
(31.440248, 29.556828, 0.0)
(31.382542, 29.587915, 0.0)
(31.238993, 29.568237, 0.0)
(28.708826, 29.845863, 0.0)
(28.244127, 29.876137, 0.0)
(28.167059, 29.836864, 0.0)
(28.129814, 29.818457, 0.0)
(28.120888, 29.866476, 0.0)
(28.102272, 29.862087, 0.0)
(28.097197, 29.833426, 0.0)
(28.083145, 29.795708, 0.0)
(28.055092, 29.817343, 0.0)
(28.047825, 29.803457, 0.0)
(28.034281, 29.815741, 0.0)
(28.021484, 29.812197, 0.0)
(28.034176, 29.843668, 0.0)
(28.030895, 29.800238, 0.0)
(28.009842, 29.732336, 0.0)
(28.018953, 29.742380, 0.0)
(28.069405, 29.735212, 0.0)
(28.101742, 29.735558, 0.0)
(28.123123, 29.720684, 0.0)
(28.206625, 29.708208, 0.0)
(29.120037, 29.231796, 0.0)
(29.530788, 29.033813, 0.0)
(29.630716, 29.000849, 0.0)
(29.712481, 29.015762, 0.0)
(29.831181, 29.028259, 0.0)
(29.921904, 29.061871, 0.0)
(31.128134, 28.840734, 0.0)
(31.642729, 28.774378, 0.0)
(31.795610, 28.759485, 0.0)
(31.882200, 28.697491, 0.0)
(31.980062, 28.650614, 0.0)
(32.821304, 28.513845, 0.0)
(33.903324, 28.439465, 0.0)
(34.081299, 28.421827, 0.0)
(34.196720, 28.466078, 0.0)
(34.287552, 28.410185, 0.0)
(34.367306, 28.369936, 0.0)
(34.458572, 28.314957, 0.0)
(36.317806, 28.185493, 0.0)
(36.515694, 28.231178, 0.0)
(36.573772, 28.267977, 0.0)
(36.624279, 28.315781, 0.0)
(36.963310, 28.328367, 0.0)
(39.377930, 28.490198, 0.0)
(39.481651, 28.431330, 0.0)
(39.540192, 28.519196, 0.0)
(39.648197, 28.544100, 0.0)
(39.699612, 28.612509, 0.0)
(41.238556, 28.744560, 0.0)
(41.949921, 28.865129, 0.0)
(41.976669, 28.923077, 0.0)
(41.922070, 28.888575, 0.0)
(41.916935, 28.898411, 0.0)
(41.943462, 28.935423, 0.0)
(41.938965, 28.897264, 0.0)
(42.249619, 28.923332, 0.0)
(43.336174, 29.063282, 0.0)
(43.401020, 29.121292, 0.0)
(43.368023, 29.114727, 0.0)
(43.354744, 29.119862, 0.0)
(44.148510, 29.078995, 0.0)
(45.033154, 29.075666, 0.0)
(45.014694, 29.057749, 0.0)
(44.988579, 29.121534, 0.0)
(44.953671, 29.059664, 0.0)
(44.937977, 29.066778, 0.0)
(44.958336, 29.079445, 0.0)
(44.952026, 29.091949, 0.0)
(44.922741, 29.038429, 0.0)
(44.912949, 29.018990, 0.0)
(44.902863, 29.023806, 0.0)
(44.885162, 29.001219, 0.0)
(44.844101, 28.929434, 0.0)
(44.765434, 28.782879, 0.0)
(44.116367, 28.492525, 0.0)
(43.262550, 28.216286, 0.0)
(43.192387, 28.249422, 0.0)
(43.189831, 28.251118, 0.0)
(43.154640, 28.243622, 0.0)
(43.122887, 28.230597, 0.0)
(43.046852, 28.202744, 0.0)
(42.979694, 28.185301, 0.0)
(42.154282, 28.063900, 0.0)
(40.810795, 27.922363, 0.0)
(40.713730, 27.950315, 0.0)
(40.675522, 27.967346, 0.0)
(40.577045, 27.968290, 0.0)
(40.494778, 27.922001, 0.0)
(40.395473, 27.862635, 0.0)
(40.321171, 27.851881, 0.0)
(39.142899, 27.725584, 0.0)
(38.178288, 27.687115, 0.0)
(38.007095, 27.711079, 0.0)
(37.935158, 27.704081, 0.0)
(37.781078, 27.655336, 0.0)
(37.695644, 27.602377, 0.0)
(37.647526, 27.604853, 0.0)
(37.578144, 27.605133, 0.0)
(36.169418, 27.585445, 0.0)
(35.744690, 27.625771, 0.0)
(35.666889, 27.602554, 0.0)
(35.615726, 27.594090, 0.0)
(35.555050, 27.545973, 0.0)
(34.170864, 27.597294, 0.0)
(33.374199, 27.698032, 0.0)
(33.223534, 27.737492, 0.0)
(33.149387, 27.725300, 0.0)
(33.087101, 27.763809, 0.0)
(32.765980, 27.827118, 0.0)
(30.788719, 28.100836, 0.0)
(30.397505, 28.066700, 0.0)
(30.304167, 28.066006, 0.0)
(30.269512, 28.109369, 0.0)
(30.225191, 28.167301, 0.0)
(30.011293, 28.279236, 0.0)
(28.031815, 28.678400, 0.0)
(27.704374, 28.665712, 0.0)
(27.611107, 28.611809, 0.0)
(27.519836, 28.649242, 0.0)
(27.022333, 28.628897, 0.0)
(26.985655, 28.642614, 0.0)
(26.996290, 28.676022, 0.0)
(26.995516, 28.695095, 0.0)
(27.008316, 28.668095, 0.0)
(27.019722, 28.662552, 0.0)
(27.030365, 28.680038, 0.0)
(27.051680, 28.663740, 0.0)
(27.071249, 28.670362, 0.0)
(27.074484, 28.696329, 0.0)
(27.260656, 28.606630, 0.0)
(28.698315, 27.793447, 0.0)
(29.066555, 27.617586, 0.0)
(29.077652, 27.588766, 0.0)
(29.109512, 27.574621, 0.0)
(29.192188, 27.586464, 0.0)
(29.298603, 27.623240, 0.0)
(29.735712, 27.567469, 0.0)
(32.830822, 27.374975, 0.0)
(33.112015, 27.460234, 0.0)
(33.141525, 27.437885, 0.0)
(33.204918, 27.478807, 0.0)
(33.279655, 27.488859, 0.0)
(33.328152, 27.517485, 0.0)
(33.335354, 27.485928, 0.0)
(33.444618, 27.455763, 0.0)
(34.594086, 27.529009, 0.0)
(34.764374, 27.499159, 0.0)
(34.821060, 27.442118, 0.0)
(34.955742, 27.493694, 0.0)
(35.076096, 27.517239, 0.0)
(35.133743, 27.523464, 0.0)
(35.811356, 27.379210, 0.0)
(37.586197, 26.912670, 0.0)
(38.451126, 26.620340, 0.0)
(39.459034, 26.470329, 0.0)
(40.693439, 26.539715, 0.0)
(41.870327, 26.780352, 0.0)
(42.467648, 26.984947, 0.0)
(42.718807, 27.160351, 0.0)
(42.795231, 27.247923, 0.0)
(42.768768, 27.254230, 0.0)
(42.715275, 27.228254, 0.0)
(42.763096, 27.197124, 0.0)
(42.817959, 27.195662, 0.0)
(42.838219, 27.181921, 0.0)
(42.835476, 27.247398, 0.0)
(42.859818, 27.298382, 0.0)
(42.854671, 27.237528, 0.0)
(42.855251, 27.168062, 0.0)
(42.870811, 27.173220, 0.0)
(43.948189, 27.720757, 0.0)
(44.807068, 28.090536, 0.0)
(44.796310, 28.125628, 0.0)
(44.764942, 28.151430, 0.0)
(44.812199, 28.163012, 0.0)
(44.772636, 28.155201, 0.0)
(44.730083, 28.018394, 0.0)
(44.747696, 27.986504, 0.0)
(44.773567, 27.989887, 0.0)
(44.763004, 27.981308, 0.0)
(44.756317, 27.924253, 0.0)
(44.751431, 27.922543, 0.0)
(44.729721, 27.899239, 0.0)
(44.707718, 27.879128, 0.0)
(44.524391, 27.614017, 0.0)
(44.025837, 27.106501, 0.0)
(43.952740, 27.012680, 0.0)
(43.892227, 27.002270, 0.0)
(43.868683, 26.978529, 0.0)
(43.841457, 26.958078, 0.0)
(43.774025, 26.936846, 0.0)
(42.467323, 26.504416, 0.0)
(41.486835, 27.560661, 0.0)
(41.067688, 27.457916, 0.0)
(40.749367, 27.004484, 0.0)
(40.157204, 26.388779, 0.0)
(39.938919, 26.235943, 0.0)
(39.877396, 26.272646, 0.0)
(39.774887, 26.298658, 0.0)
(39.733849, 26.373848, 0.0)
(39.678604, 26.423748, 0.0)
(39.628925, 26.458273, 0.0)
(39.555473, 26.522581, 0.0)
(39.472542, 26.531713, 0.0)
(39.377720, 26.545015, 0.0)
(39.280262, 26.506083, 0.0)
(39.205627, 26.456675, 0.0)
(38.618397, 26.501898, 0.0)
(36.695766, 26.412729, 0.0)
(36.486210, 26.415731, 0.0)
(36.421864, 26.446106, 0.0)
(36.332813, 26.434216, 0.0)
(36.155396, 26.466482, 0.0)
(33.763229, 26.734156, 0.0)
(32.400738, 26.944809, 0.0)
(32.188557, 27.046782, 0.0)
(32.169495, 27.068382, 0.0)
(32.105938, 27.138023, 0.0)
(32.051270, 27.120117, 0.0)
(31.986128, 27.151508, 0.0)
(31.923004, 27.061253, 0.0)
(31.880440, 27.028645, 0.0)
(31.844738, 27.107515, 0.0)
(31.826788, 27.101679, 0.0)
(30.885283, 27.291698, 0.0)
(29.865538, 27.531839, 0.0)
(29.722376, 27.528166, 0.0)
(29.675135, 27.495527, 0.0)
(29.617180, 27.499071, 0.0)
(28.881554, 27.669668, 0.0)
(26.919010, 27.994699, 0.0)
(26.618645, 27.956188, 0.0)
(26.618662, 27.951523, 0.0)
(26.634144, 27.925316, 0.0)
(26.610847, 27.852673, 0.0)
(26.613695, 27.788965, 0.0)
(26.626839, 27.740469, 0.0)
(26.634691, 27.747234, 0.0)
(26.633532, 27.735552, 0.0)
(26.655340, 27.721857, 0.0)
(27.051199, 27.354589, 0.0)
(28.657597, 26.199085, 0.0)
(28.734171, 26.172134, 0.0)
(28.756891, 26.166954, 0.0)
(28.809544, 26.129936, 0.0)
(28.866371, 26.141275, 0.0)
(28.896046, 26.158915, 0.0)
(29.353825, 26.107840, 0.0)
(30.643801, 25.978678, 0.0)
(30.763796, 25.929224, 0.0)
(30.786247, 25.853260, 0.0)
(30.832943, 25.687113, 0.0)
(30.901312, 25.610691, 0.0)
(31.105038, 25.544790, 0.0)
(33.081921, 25.469543, 0.0)
(33.229233, 25.495249, 0.0)
(33.312149, 25.584526, 0.0)
(33.375134, 25.569084, 0.0)
(33.439308, 25.574825, 0.0)
(33.522911, 25.576292, 0.0)
(33.601307, 25.579664, 0.0)
(35.615013, 25.475353, 0.0)
(35.911472, 25.451967, 0.0)
(35.969154, 25.438751, 0.0)
(35.985203, 25.378708, 0.0)
(36.052380, 25.321911, 0.0)
(36.150005, 25.348553, 0.0)
(38.289589, 25.253159, 0.0)
(38.468708, 25.269035, 0.0)
(38.484676, 25.312185, 0.0)
(38.510334, 25.360683, 0.0)
(38.546253, 25.362566, 0.0)
(38.599285, 25.396397, 0.0)
(38.661709, 25.428009, 0.0)
(38.665668, 25.427933, 0.0)
(40.517517, 25.710283, 0.0)
(41.704941, 25.953011, 0.0)
(41.726948, 26.004377, 0.0)
(41.679752, 25.987272, 0.0)
(41.697426, 25.981392, 0.0)
(41.712379, 25.983820, 0.0)
(41.733635, 25.999374, 0.0)
(42.878799, 26.302412, 0.0)
(44.790176, 26.981661, 0.0)
(44.857803, 27.036922, 0.0)
(44.813961, 27.048443, 0.0)
(44.805195, 27.081032, 0.0)
(44.820858, 27.124870, 0.0)
(44.783642, 27.147587, 0.0)
(44.760746, 27.155413, 0.0)
(44.746078, 27.156435, 0.0)
(44.735222, 27.175514, 0.0)
(44.694733, 27.086910, 0.0)
(44.664497, 26.997437, 0.0)
(44.682644, 27.013329, 0.0)
(44.678780, 27.008186, 0.0)
(44.636253, 27.015308, 0.0)
(44.603340, 27.015690, 0.0)
(44.185158, 26.377253, 0.0)
(43.375927, 25.781204, 0.0)
(43.219994, 25.688560, 0.0)
(43.231445, 25.682325, 0.0)
(43.164268, 25.679848, 0.0)
(43.139118, 25.697260, 0.0)
(43.093967, 25.773178, 0.0)
(43.079971, 25.800980, 0.0)
(42.990700, 25.763210, 0.0)
(41.628437, 25.463329, 0.0)
(41.021118, 25.372053, 0.0)
(40.930748, 25.311554, 0.0)
(40.804413, 25.247778, 0.0)
(40.750790, 25.269032, 0.0)
(40.663876, 25.262363, 0.0)
(40.577614, 25.247440, 0.0)
(40.505833, 25.202803, 0.0)
(39.126274, 25.033321, 0.0)
(38.609825, 25.035521, 0.0)
(38.473816, 25.017435, 0.0)
(38.389450, 25.035868, 0.0)
(38.315918, 25.092484, 0.0)
(38.078232, 25.083290, 0.0)
(35.932751, 25.042419, 0.0)
(35.533138, 25.000849, 0.0)
(35.496349, 25.014782, 0.0)
(35.420750, 25.016943, 0.0)
(35.372952, 24.981850, 0.0)
(35.295155, 24.967428, 0.0)
(35.249176, 24.965662, 0.0)
(33.657825, 25.207544, 0.0)
(32.760605, 25.250774, 0.0)
(32.690311, 25.242550, 0.0)
(32.625759, 25.222208, 0.0)
(32.534084, 25.234760, 0.0)
(32.477730, 25.254234, 0.0)
(31.817146, 25.402599, 0.0)
(29.142624, 25.857290, 0.0)
(28.619886, 25.809711, 0.0)
(27.474859, 26.166649, 0.0)
(27.231186, 26.229898, 0.0)
(27.140856, 26.282022, 0.0)
(27.033894, 26.315825, 0.0)
(27.050802, 26.328836, 0.0)
(27.109650, 26.308403, 0.0)
(27.113695, 26.332527, 0.0)
(27.126091, 26.311659, 0.0)
(27.125145, 26.339638, 0.0)
(27.129852, 26.417175, 0.0)
(27.126810, 26.461422, 0.0)
(27.100359, 26.500551, 0.0)
(27.079411, 26.427603, 0.0)
(27.064699, 26.056246, 0.0)
(27.107628, 26.019650, 0.0)
(27.134134, 26.046446, 0.0)
(27.140003, 26.066690, 0.0)
(27.146128, 26.082760, 0.0)
(27.175877, 26.059937, 0.0)
(27.236385, 26.043865, 0.0)
(27.331964, 26.028507, 0.0)
(29.816338, 25.336470, 0.0)
(30.139647, 25.336536, 0.0)
(30.261272, 25.326571, 0.0)
(30.380957, 25.284538, 0.0)
(30.518705, 25.265402, 0.0)
(30.665241, 25.135292, 0.0)
(30.806019, 25.086191, 0.0)
(30.936501, 25.101191, 0.0)
(33.068481, 24.872677, 0.0)
(33.515869, 24.869913, 0.0)
(33.649632, 24.891811, 0.0)
(33.735538, 24.890732, 0.0)
(33.831753, 24.825129, 0.0)
(33.908169, 24.792042, 0.0)
(33.983707, 24.809359, 0.0)
(35.798534, 24.749393, 0.0)
(36.632145, 24.742722, 0.0)
(36.709900, 24.761057, 0.0)
(36.716129, 24.758312, 0.0)
(36.709236, 24.685032, 0.0)
(36.734867, 24.643869, 0.0)
(36.823643, 24.635010, 0.0)
(38.308281, 24.587011, 0.0)
(38.405624, 24.574730, 0.0)
(38.397888, 24.644953, 0.0)
(38.401150, 24.644981, 0.0)
(38.403801, 24.602249, 0.0)
(39.742470, 24.762018, 0.0)
(40.152050, 24.851662, 0.0)
(40.155788, 24.848783, 0.0)
(40.166130, 24.866350, 0.0)
(40.174580, 24.875242, 0.0)
(40.187164, 24.879810, 0.0)
(40.169079, 24.854425, 0.0)
(40.146786, 24.807150, 0.0)
(40.148006, 24.799549, 0.0)
(40.150944, 24.803484, 0.0)
(40.153210, 24.796274, 0.0)
(40.132095, 24.802338, 0.0)
(40.135212, 24.804874, 0.0)
(41.414276, 24.847616, 0.0)
(43.469460, 25.463766, 0.0)
(43.716297, 25.552326, 0.0)
(43.672390, 25.574762, 0.0)
(43.672821, 25.583458, 0.0)
(43.693863, 25.628584, 0.0)
(43.723728, 25.648138, 0.0)
(43.728767, 25.639824, 0.0)
(43.657547, 25.567179, 0.0)
(43.647816, 25.518063, 0.0)
(43.650143, 25.497969, 0.0)
(43.623493, 25.495325, 0.0)
(43.399475, 25.376377, 0.0)
(42.773708, 24.913773, 0.0)
(42.627117, 24.769026, 0.0)
(42.590641, 24.741247, 0.0)
(42.575531, 24.724569, 0.0)
(42.537277, 24.730213, 0.0)
(42.455673, 24.727272, 0.0)
(42.192432, 24.728970, 0.0)
(41.681480, 24.545589, 0.0)
(41.519058, 24.517910, 0.0)
(41.431679, 24.461117, 0.0)
(41.335369, 24.391104, 0.0)
(41.202549, 24.309261, 0.0)
(41.115246, 24.317974, 0.0)
(41.052757, 24.295048, 0.0)
(40.670406, 24.259319, 0.0)
(39.853390, 24.209955, 0.0)
(39.679794, 24.175547, 0.0)
(39.558037, 24.143539, 0.0)
(39.500835, 24.127840, 0.0)
(38.731224, 24.092197, 0.0)
(37.345051, 24.024849, 0.0)
(37.191257, 24.055042, 0.0)
(37.093903, 24.048475, 0.0)
(37.011986, 24.050974, 0.0)
(36.867260, 23.983223, 0.0)
(35.449753, 23.997688, 0.0)
(35.031742, 23.994207, 0.0)
(34.964230, 23.964937, 0.0)
(34.861057, 24.034187, 0.0)
(34.817776, 24.042347, 0.0)
(33.679771, 24.144747, 0.0)
(33.029293, 24.147358, 0.0)
(32.934341, 24.102770, 0.0)
(32.891651, 24.113047, 0.0)
(32.824856, 24.137745, 0.0)
(31.871273, 24.377401, 0.0)
(29.411634, 24.989658, 0.0)
(28.710844, 25.078592, 0.0)
(28.593834, 25.010464, 0.0)
(28.567394, 24.951941, 0.0)
(28.558317, 24.966221, 0.0)
(28.532043, 24.985554, 0.0)
(28.513792, 24.994144, 0.0)
(28.292971, 25.094906, 0.0)
(27.010582, 25.471088, 0.0)
(26.833195, 25.413561, 0.0)
(26.702824, 25.441643, 0.0)
(26.326241, 25.508934, 0.0)
(26.326799, 25.491024, 0.0)
(26.386055, 25.527714, 0.0)
(26.395002, 25.548786, 0.0)
(26.418806, 25.561708, 0.0)
(26.426136, 25.503986, 0.0)
(26.434896, 25.427826, 0.0)
(26.583687, 25.274145, 0.0)
(28.216236, 24.291565, 0.0)
(28.475546, 24.162231, 0.0)
(28.478554, 24.128248, 0.0)
(28.514776, 24.168879, 0.0)
(28.543640, 24.144691, 0.0)
(28.580622, 24.081244, 0.0)
(28.661814, 24.066174, 0.0)
(28.772411, 24.009647, 0.0)
(30.291229, 23.776997, 0.0)
(30.473795, 23.753845, 0.0)
(30.551830, 23.750513, 0.0)
(30.623529, 23.734318, 0.0)
(30.674438, 23.670931, 0.0)
(30.761253, 23.650061, 0.0)
(31.157038, 23.621960, 0.0)
(34.016037, 23.505707, 0.0)
(34.554432, 23.587387, 0.0)
(34.605965, 23.630043, 0.0)
(34.613445, 23.636099, 0.0)
(34.624268, 23.635841, 0.0)
(34.655411, 23.626198, 0.0)
(34.662197, 23.644363, 0.0)
(35.568642, 23.631279, 0.0)
(37.059528, 23.598110, 0.0)
(37.106567, 23.640381, 0.0)
(37.088127, 23.673508, 0.0)
(37.071342, 23.634560, 0.0)
(37.081989, 23.599932, 0.0)
(37.563251, 23.437984, 0.0)
(38.270115, 23.521488, 0.0)
(38.607624, 23.565496, 0.0)
(39.211971, 23.662804, 0.0)
(40.027435, 23.865440, 0.0)
(40.873703, 24.185135, 0.0)
(41.432159, 24.417675, 0.0)
(41.972530, 24.566092, 0.0)
(42.631138, 24.783546, 0.0)
(43.080917, 24.953236, 0.0)
(43.633842, 25.121914, 0.0)
(43.705032, 25.173046, 0.0)
(43.665279, 25.101120, 0.0)
(43.671898, 25.101137, 0.0)
(43.670105, 25.084187, 0.0)
(43.674984, 25.074436, 0.0)
(43.688908, 25.106722, 0.0)
(44.230183, 25.208988, 0.0)
(44.348774, 25.221062, 0.0)
(44.323666, 25.211500, 0.0)
(44.335667, 25.214972, 0.0)
(44.342854, 25.218824, 0.0)
(44.338066, 25.223347, 0.0)
(44.346043, 25.218670, 0.0)
(44.351959, 25.209131, 0.0)
(44.306847, 25.168535, 0.0)
(44.265434, 25.060221, 0.0)
(44.239582, 25.000286, 0.0)
(44.235813, 24.970783, 0.0)
(44.235241, 24.964958, 0.0)
(44.070427, 24.845978, 0.0)
(43.667248, 24.405981, 0.0)
(43.625328, 24.327272, 0.0)
(43.600708, 24.288473, 0.0)
(43.580208, 24.273544, 0.0)
(43.359577, 24.171871, 0.0)
(42.266666, 23.667931, 0.0)
(42.161510, 23.621130, 0.0)
(42.145702, 23.633501, 0.0)
(42.050953, 23.592768, 0.0)
(41.978077, 23.539064, 0.0)
(40.864635, 23.235807, 0.0)
(40.279724, 23.126999, 0.0)
(40.168053, 23.069719, 0.0)
(40.091976, 23.038979, 0.0)
(40.023964, 23.068687, 0.0)
(39.437969, 23.005695, 0.0)
(38.108234, 22.978447, 0.0)
(37.754681, 22.962282, 0.0)
(37.689915, 22.983658, 0.0)
(37.590191, 22.989168, 0.0)
(36.198723, 22.969496, 0.0)
(35.705338, 22.943743, 0.0)
(35.616295, 22.939232, 0.0)
(35.526196, 22.891005, 0.0)
(35.426945, 22.849159, 0.0)
(35.374695, 22.844379, 0.0)
(34.356926, 22.837349, 0.0)
(33.832333, 22.830383, 0.0)
(33.736237, 22.835680, 0.0)
(33.672867, 22.864243, 0.0)
(33.606339, 22.847340, 0.0)
(33.551346, 22.821386, 0.0)
(33.176399, 22.866737, 0.0)
(30.803303, 23.350275, 0.0)
(30.312384, 23.409595, 0.0)
(30.244329, 23.415644, 0.0)
(30.222073, 23.432249, 0.0)
(30.152033, 23.431784, 0.0)
(30.099648, 23.415579, 0.0)
(30.079010, 23.418062, 0.0)
(29.663134, 23.619368, 0.0)
(27.790911, 24.327055, 0.0)
(27.165464, 24.588888, 0.0)
(27.098658, 24.594786, 0.0)
(27.119200, 24.536646, 0.0)
(27.109192, 24.510483, 0.0)
(27.101086, 24.504862, 0.0)
(27.103308, 24.517336, 0.0)
(27.102028, 24.525291, 0.0)
(27.102678, 24.541334, 0.0)
(27.109180, 24.539450, 0.0)
(27.100071, 24.530128, 0.0)
(27.106691, 24.453886, 0.0)
(27.126087, 24.435522, 0.0)
(27.162439, 24.432276, 0.0)
(27.318460, 24.282751, 0.0)
(28.806746, 23.627810, 0.0)
(28.915176, 23.564865, 0.0)
(28.965916, 23.516228, 0.0)
(29.011286, 23.498360, 0.0)
(29.087929, 23.452045, 0.0)
(29.806101, 23.213009, 0.0)
(31.186922, 22.923517, 0.0)
(31.336779, 22.931662, 0.0)
(31.420944, 22.904171, 0.0)
(31.470562, 22.867004, 0.0)
(31.796181, 22.652794, 0.0)
(33.407024, 22.289814, 0.0)
(33.577343, 22.296267, 0.0)
(33.637276, 22.305605, 0.0)
(33.694305, 22.327545, 0.0)
(33.732479, 22.351442, 0.0)
(33.776260, 22.371460, 0.0)
(34.557545, 22.265127, 0.0)
(35.328747, 22.191978, 0.0)
(35.436413, 22.198423, 0.0)
(35.469406, 22.221649, 0.0)
(35.502499, 22.287689, 0.0)
(35.534008, 22.308033, 0.0)
(36.509781, 22.292084, 0.0)
(37.478764, 22.237324, 0.0)
(37.543850, 22.197126, 0.0)
(37.579441, 22.166002, 0.0)
(37.632580, 22.184616, 0.0)
(37.797276, 22.201349, 0.0)
(39.957340, 22.491592, 0.0)
(40.621273, 22.556704, 0.0)
(41.236450, 22.614290, 0.0)
(41.536110, 22.624298, 0.0)
(41.568813, 22.637888, 0.0)
(41.585983, 22.660334, 0.0)
(41.643250, 22.677647, 0.0)
(41.661140, 22.687361, 0.0)
(41.699799, 22.739098, 0.0)
(42.903530, 23.293636, 0.0)
(43.714417, 23.760742, 0.0)
(43.760334, 23.800900, 0.0)
(43.746582, 23.810087, 0.0)
(43.756886, 23.818008, 0.0)
(43.736294, 23.788437, 0.0)
(43.753269, 23.804859, 0.0)
(43.748386, 23.810156, 0.0)
(43.743233, 23.805668, 0.0)
(43.746876, 23.818815, 0.0)
(43.731808, 23.815987, 0.0)
(43.703819, 23.780882, 0.0)
(43.704041, 23.783859, 0.0)
(43.682400, 23.797544, 0.0)
(43.660042, 23.814194, 0.0)
(43.150436, 23.174358, 0.0)
(42.967209, 22.902218, 0.0)
(42.981365, 22.915939, 0.0)
(42.979103, 22.940039, 0.0)
(42.917778, 22.947981, 0.0)
(42.904644, 22.959404, 0.0)
(42.802853, 22.935722, 0.0)
(41.078465, 22.347424, 0.0)
(40.391689, 22.205738, 0.0)
(38.751793, 21.930740, 0.0)
(37.958420, 21.898966, 0.0)
(36.233875, 22.110228, 0.0)
(34.134834, 22.208960, 0.0)
(32.708599, 22.334429, 0.0)
(31.767431, 22.436049, 0.0)
(31.280689, 22.367249, 0.0)
(30.921194, 22.369932, 0.0)
(30.811932, 22.372454, 0.0)
(30.787226, 22.399502, 0.0)
(30.823845, 22.407957, 0.0)
(31.850174, 22.131693, 0.0)
(33.030369, 21.794273, 0.0)
(33.306484, 21.610266, 0.0)
(33.545818, 21.559523, 0.0)
(33.562199, 21.560522, 0.0)
(34.510944, 21.573107, 0.0)
(34.800655, 21.598324, 0.0)
(34.681992, 21.593418, 0.0)
(34.464909, 21.606308, 0.0)
(33.918320, 21.628101, 0.0)
(33.084538, 21.715429, 0.0)
(29.971617, 23.268396, 0.0)
(29.539146, 22.152838, 0.0)
(29.048939, 22.412785, 0.0)
(28.947121, 22.600616, 0.0)
(28.932863, 22.633759, 0.0)
(28.911613, 22.659872, 0.0)
(28.893326, 22.677940, 0.0)
(28.884476, 22.692085, 0.0)
(28.860418, 22.737453, 0.0)
(28.805698, 22.745171, 0.0)
(28.725594, 22.679260, 0.0)
(28.694904, 22.654266, 0.0)
(28.660673, 22.664654, 0.0)
(28.250114, 23.090492, 0.0)
(27.873106, 23.418331, 0.0)
(27.839012, 23.443029, 0.0)
(27.818027, 23.420921, 0.0)
(27.765635, 23.394678, 0.0)
(27.756407, 23.362782, 0.0)
(27.754660, 23.366922, 0.0)
(27.739388, 23.369215, 0.0)
(27.737373, 23.366489, 0.0)
(27.748049, 23.361612, 0.0)
(27.739878, 23.335226, 0.0)
(27.865353, 23.108713, 0.0)
(28.675858, 22.274874, 0.0)
(29.048477, 21.824892, 0.0)
(29.147177, 21.742290, 0.0)
(29.170237, 21.746767, 0.0)
(30.382603, 21.414270, 0.0)
(31.295809, 21.217846, 0.0)
(31.384912, 21.219702, 0.0)
(31.434528, 21.188339, 0.0)
(31.473413, 21.166136, 0.0)
(31.507378, 21.155180, 0.0)
(31.597944, 21.147306, 0.0)
(31.688210, 21.148649, 0.0)
(31.748222, 21.157007, 0.0)
(31.845858, 21.170895, 0.0)
(32.068993, 21.091780, 0.0)
(33.746834, 21.015076, 0.0)
(33.909615, 21.011469, 0.0)
(34.015888, 21.005972, 0.0)
(34.107517, 20.977083, 0.0)
(34.161423, 20.996012, 0.0)
(34.377956, 20.994614, 0.0)
(35.882092, 21.094833, 0.0)
(36.043262, 21.092516, 0.0)
(36.079868, 21.104502, 0.0)
(36.126911, 21.147350, 0.0)
(36.145676, 21.152557, 0.0)
(36.222076, 21.205553, 0.0)
(36.241447, 21.114464, 0.0)
(38.108189, 20.858862, 0.0)
(38.593868, 20.721479, 0.0)
(38.655949, 20.741928, 0.0)
(38.597301, 20.790508, 0.0)
(38.554310, 20.920023, 0.0)
(39.112034, 21.031250, 0.0)
(40.368668, 21.407299, 0.0)
(40.372261, 21.445261, 0.0)
(40.263622, 21.505951, 0.0)
(40.238384, 21.518059, 0.0)
(40.343925, 21.573650, 0.0)
(40.423111, 21.635662, 0.0)
(42.167080, 22.341393, 0.0)
(42.281078, 22.372078, 0.0)
(42.256786, 22.303743, 0.0)
(42.253738, 22.276014, 0.0)
(42.239300, 22.263447, 0.0)
(42.245239, 22.261650, 0.0)
(42.250439, 22.247839, 0.0)
(42.259731, 22.281986, 0.0)
(42.252686, 22.311398, 0.0)
(42.243511, 22.299904, 0.0)
(42.222889, 22.257170, 0.0)
(42.215324, 22.285440, 0.0)
(42.208954, 22.286417, 0.0)
(42.181583, 22.268520, 0.0)
(42.188080, 22.283871, 0.0)
(42.200333, 22.297159, 0.0)
(42.164509, 22.253559, 0.0)
(42.104855, 22.192991, 0.0)
(42.116169, 22.178795, 0.0)
(42.099274, 22.180090, 0.0)
(42.094997, 22.183277, 0.0)
(41.376556, 21.902208, 0.0)
(41.068390, 21.752647, 0.0)
(41.028133, 21.712887, 0.0)
(40.981186, 21.672728, 0.0)
(40.938576, 21.649954, 0.0)
(40.885811, 21.682291, 0.0)
(40.805904, 21.682026, 0.0)
(39.998104, 21.427616, 0.0)
(39.652924, 21.338442, 0.0)
(39.543415, 21.231750, 0.0)
(39.470928, 21.175566, 0.0)
(39.400211, 21.149502, 0.0)
(39.312965, 21.150436, 0.0)
(39.240765, 21.161140, 0.0)
(39.039036, 21.060108, 0.0)
(37.274689, 20.823135, 0.0)
(37.023354, 20.750769, 0.0)
(36.971069, 20.725336, 0.0)
(36.883045, 20.720325, 0.0)
(36.820030, 20.716143, 0.0)
(36.708576, 20.723423, 0.0)
(34.895889, 20.797094, 0.0)
(34.476276, 20.799391, 0.0)
(34.390064, 20.788343, 0.0)
(34.260578, 20.745079, 0.0)
(34.221481, 20.709440, 0.0)
(34.192486, 20.680538, 0.0)
(32.733368, 20.984989, 0.0)
(31.880737, 21.075500, 0.0)
(31.754345, 21.092663, 0.0)
(31.651478, 21.102423, 0.0)
(31.576284, 21.112814, 0.0)
(31.511257, 21.078268, 0.0)
(31.455376, 21.081547, 0.0)
(31.389595, 21.108128, 0.0)
(30.314993, 21.588005, 0.0)
(29.355087, 21.959484, 0.0)
(29.228020, 21.957899, 0.0)
(29.211056, 21.884562, 0.0)
(29.159538, 21.852991, 0.0)
(29.153208, 21.845106, 0.0)
(29.122742, 21.821440, 0.0)
(29.106792, 21.835295, 0.0)
(29.113703, 21.848438, 0.0)
(29.078203, 21.843119, 0.0)
(29.050556, 21.831215, 0.0)
(29.239897, 21.726601, 0.0)
(30.034502, 21.367847, 0.0)
(30.084536, 21.340965, 0.0)
(30.088770, 21.339285, 0.0)
(30.133625, 21.334442, 0.0)
(30.119738, 21.342369, 0.0)
(30.104359, 21.258842, 0.0)
(30.130037, 21.218128, 0.0)
(30.149668, 21.202898, 0.0)
(30.175173, 21.212004, 0.0)
(30.180738, 21.221052, 0.0)
(30.235144, 21.235306, 0.0)
(30.280094, 21.213226, 0.0)
(30.282959, 21.194490, 0.0)
(30.325609, 21.167625, 0.0)
(30.371931, 21.158447, 0.0)
(30.959135, 21.021004, 0.0)
(31.577066, 20.908707, 0.0)
(31.710819, 20.888941, 0.0)
(31.796930, 20.867758, 0.0)
(31.886110, 20.812630, 0.0)
(31.960609, 20.782572, 0.0)
(32.866245, 20.576717, 0.0)
(34.583660, 20.300884, 0.0)
(34.730213, 20.311092, 0.0)
(34.777416, 20.319742, 0.0)
(35.242519, 20.357794, 0.0)
(36.456615, 20.355627, 0.0)
(36.619122, 20.375305, 0.0)
(36.654961, 20.369230, 0.0)
(36.773678, 20.419823, 0.0)
(37.753254, 20.551426, 0.0)
(38.029823, 20.674728, 0.0)
(38.093544, 20.677876, 0.0)
(38.361591, 20.736502, 0.0)
(39.657757, 21.166986, 0.0)
(39.842049, 21.236481, 0.0)
(39.883202, 21.240286, 0.0)
(39.881348, 21.248102, 0.0)
(40.062492, 21.267502, 0.0)
(41.275997, 21.534775, 0.0)
(41.352276, 21.591309, 0.0)
(41.349117, 21.598787, 0.0)
(41.391396, 21.655384, 0.0)
(42.485920, 22.137362, 0.0)
(43.050652, 22.519045, 0.0)
(43.066376, 22.528479, 0.0)
(43.054184, 22.524611, 0.0)
(43.024624, 22.505714, 0.0)
(43.001846, 22.459309, 0.0)
(43.004177, 22.447292, 0.0)
(43.010311, 22.431110, 0.0)
(43.012691, 22.457918, 0.0)
(42.995472, 22.434885, 0.0)
(43.001377, 22.446886, 0.0)
(43.000973, 22.463186, 0.0)
(42.986469, 22.451008, 0.0)
(42.983524, 22.455769, 0.0)
(42.983524, 22.455769, 0.0)
(42.999981, 22.487581, 0.0)
(43.008240, 22.516722, 0.0)
(43.002460, 22.520197, 0.0)
(42.960400, 22.524223, 0.0)
(42.956802, 22.472849, 0.0)
(42.962124, 22.460773, 0.0)
(42.980530, 22.512884, 0.0)
(43.658215, 23.548841, 0.0)
(44.463272, 25.078800, 0.0)
(44.450535, 25.158186, 0.0)
(44.375343, 25.081530, 0.0)
(44.349785, 25.064037, 0.0)
(44.374565, 25.106606, 0.0)
(44.385490, 25.126406, 0.0)
(44.365158, 25.161804, 0.0)
(44.664444, 25.690916, 0.0)
(44.860947, 26.067162, 0.0)
(44.846085, 26.101347, 0.0)
(44.806129, 26.076750, 0.0)
(44.779984, 26.052252, 0.0)
(44.791679, 26.073399, 0.0)
(44.795307, 26.065779, 0.0)
(44.780502, 26.031101, 0.0)
(44.776516, 26.074982, 0.0)
(44.765926, 26.056681, 0.0)
(44.826603, 26.281607, 0.0)
(45.149742, 27.638762, 0.0)
(45.145451, 27.736824, 0.0)
(45.099545, 27.711056, 0.0)
(45.088734, 27.725628, 0.0)
(45.087044, 27.734831, 0.0)
(45.094570, 27.750061, 0.0)
(45.076294, 27.745354, 0.0)
(45.332031, 28.619141, 0.0)
(45.499001, 30.215960, 0.0)
(45.504841, 30.288177, 0.0)
(45.478168, 30.323961, 0.0)
(45.473457, 30.353256, 0.0)
(45.477783, 30.383152, 0.0)
(45.477081, 30.377102, 0.0)
(45.469532, 30.363718, 0.0)
(45.475090, 30.382500, 0.0)
(45.467350, 30.366951, 0.0)
(45.460979, 30.362295, 0.0)
(45.450195, 30.363935, 0.0)
(45.465721, 30.410847, 0.0)
(45.455235, 30.431856, 0.0)
(45.431297, 30.378281, 0.0)
(45.444027, 30.357605, 0.0)
(45.464966, 30.338610, 0.0)
(45.471989, 30.406509, 0.0)
(45.146114, 31.550489, 0.0)
(45.127331, 31.685982, 0.0)
(45.124512, 31.669779, 0.0)
(45.114796, 31.649462, 0.0)
(45.123840, 31.670736, 0.0)
(45.129040, 31.680752, 0.0)
(45.133163, 31.685871, 0.0)
(45.132950, 31.691441, 0.0)
(45.125324, 31.699629, 0.0)
(45.128155, 31.691511, 0.0)
(45.121483, 31.660278, 0.0)
(45.109066, 31.564608, 0.0)
(45.124222, 31.539913, 0.0)
(45.137489, 31.505388, 0.0)
(45.153625, 30.492899, 0.0)
(45.168022, 30.235006, 0.0)
(45.172600, 30.241844, 0.0)
(45.166557, 30.156128, 0.0)
(45.164242, 30.118065, 0.0)
(45.195915, 30.032927, 0.0)
(45.193420, 29.756212, 0.0)
(44.965405, 28.103945, 0.0)
(44.909298, 27.761271, 0.0)
(44.909275, 27.721405, 0.0)
(44.903328, 27.653772, 0.0)
(44.850006, 27.486137, 0.0)
(44.854301, 27.365335, 0.0)
(44.864357, 27.325190, 0.0)
(44.867485, 27.282997, 0.0)
(44.837799, 27.229967, 0.0)
(44.825203, 27.199463, 0.0)
(44.835979, 27.147711, 0.0)
(44.843830, 27.080803, 0.0)
(44.854313, 27.048721, 0.0)
(44.808388, 26.859728, 0.0)
(44.728863, 26.340250, 0.0)
(44.714600, 26.229059, 0.0)
(44.719673, 26.191418, 0.0)
(44.720238, 26.185839, 0.0)
(44.386116, 25.042591, 0.0)
(44.025860, 23.817410, 0.0)
(43.925705, 23.503180, 0.0)
(43.917423, 23.492155, 0.0)
(43.906281, 23.487589, 0.0)
(43.907864, 23.481922, 0.0)
(43.900940, 23.466942, 0.0)
(43.865944, 23.393246, 0.0)
(43.862732, 23.374393, 0.0)
(43.872173, 23.353333, 0.0)
(43.861504, 23.353130, 0.0)
(43.861504, 23.353130, 0.0)
(43.865757, 23.356041, 0.0)
(43.831985, 23.312410, 0.0)
(43.804546, 23.251282, 0.0)
(43.774261, 23.170851, 0.0)
(43.781189, 23.111565, 0.0)
(43.758705, 23.088827, 0.0)
(43.746731, 23.074389, 0.0)
(43.748413, 23.092155, 0.0)
(43.615620, 23.506752, 0.0)
(43.559578, 23.727156, 0.0)
(43.377197, 23.778318, 0.0)
(43.397266, 23.975874, 0.0)
(43.462658, 24.173012, 0.0)
(43.504108, 24.269524, 0.0)
(43.522522, 24.353889, 0.0)
(43.531563, 24.377695, 0.0)
(43.502842, 24.368206, 0.0)
(43.480419, 24.366522, 0.0)
(43.538300, 24.387751, 0.0)
(43.519131, 24.418728, 0.0)
(43.508572, 24.422613, 0.0)
(43.809036, 24.811106, 0.0)
(43.944733, 25.199507, 0.0)
(43.930511, 25.232901, 0.0)
(43.938732, 25.266027, 0.0)
(44.151123, 26.021570, 0.0)
(44.420715, 27.341322, 0.0)
(44.462086, 27.973627, 0.0)
(44.449959, 28.115877, 0.0)
(44.459267, 28.174644, 0.0)
(44.397961, 28.155735, 0.0)
(44.388184, 28.135916, 0.0)
(44.427967, 28.166864, 0.0)
(44.441753, 28.218639, 0.0)
(44.436497, 28.227890, 0.0)
(44.458870, 28.318047, 0.0)
(44.456417, 28.333633, 0.0)
(44.454868, 28.392019, 0.0)
(44.475197, 28.424480, 0.0)
(44.473495, 28.439915, 0.0)
(44.451107, 28.475101, 0.0)
(44.471390, 28.509478, 0.0)
(44.487045, 28.553846, 0.0)
(44.621799, 28.891657, 0.0)
(44.609478, 28.948616, 0.0)
(44.584808, 28.965656, 0.0)
(44.612701, 29.022623, 0.0)
(44.618187, 29.057272, 0.0)
(44.604458, 29.105688, 0.0)
(44.609291, 29.140829, 0.0)
(44.600632, 29.140709, 0.0)
(44.591728, 29.134176, 0.0)
(44.623177, 29.238087, 0.0)
(44.662991, 31.165230, 0.0)
(44.583397, 31.382534, 0.0)
(44.563007, 31.355354, 0.0)
(44.547058, 31.345442, 0.0)
(44.553108, 31.320312, 0.0)
(44.524937, 31.249376, 0.0)
(44.523670, 31.246838, 0.0)
(44.524845, 31.249405, 0.0)
(44.520473, 31.229406, 0.0)
(44.528393, 31.253496, 0.0)
(44.525063, 31.246351, 0.0)
(44.523491, 31.241455, 0.0)
(44.511650, 31.186634, 0.0)
(44.516376, 31.180059, 0.0)
(44.511574, 31.173382, 0.0)
(44.505741, 31.139040, 0.0)
(44.368038, 31.041739, 0.0)
(43.936787, 30.693014, 0.0)
(43.857346, 30.545719, 0.0)
(43.859913, 30.439095, 0.0)
(43.874489, 30.382084, 0.0)
(43.894409, 30.349751, 0.0)
(43.881390, 30.334175, 0.0)
(43.872723, 30.306812, 0.0)
(43.870701, 30.279850, 0.0)
(43.885391, 30.228519, 0.0)
(43.879780, 30.180498, 0.0)
(43.886513, 29.653761, 0.0)
(43.868313, 28.700285, 0.0)
(43.861759, 28.542187, 0.0)
(43.884769, 28.426767, 0.0)
(43.925510, 28.421564, 0.0)
(43.897614, 28.258671, 0.0)
(43.879585, 28.118483, 0.0)
(43.890530, 28.046654, 0.0)
(43.882431, 27.960838, 0.0)
(43.863022, 27.894520, 0.0)
(43.864983, 27.857170, 0.0)
(43.882427, 26.966444, 0.0)
(43.852131, 26.578800, 0.0)
(43.853054, 26.540285, 0.0)
(43.852901, 26.525726, 0.0)
(43.847237, 26.511667, 0.0)
(43.785179, 26.268353, 0.0)
(43.585125, 25.588032, 0.0)
(43.548527, 25.470486, 0.0)
(43.478970, 25.410353, 0.0)
(43.435684, 25.326796, 0.0)
(43.386131, 24.827505, 0.0)
(43.172562, 23.890757, 0.0)
(43.077290, 23.676447, 0.0)
(43.077290, 23.676447, 0.0)
(43.063385, 23.676338, 0.0)
(43.059662, 23.687277, 0.0)
(43.038998, 23.421885, 0.0)
(42.796436, 22.312120, 0.0)
(42.529907, 21.628170, 0.0)
(42.493931, 21.597702, 0.0)
(42.490974, 21.568439, 0.0)
(42.475990, 21.542822, 0.0)
(42.406651, 21.409010, 0.0)
(42.383858, 21.358391, 0.0)
(42.432590, 21.377439, 0.0)
(42.440670, 21.370321, 0.0)
(42.427521, 21.368177, 0.0)
(42.435604, 21.385273, 0.0)
(42.425610, 21.392189, 0.0)
(42.389210, 21.400635, 0.0)
(41.995327, 21.290125, 0.0)
(41.954308, 21.311991, 0.0)
(41.877583, 21.273762, 0.0)
(41.882027, 21.312508, 0.0)
(41.885643, 21.312992, 0.0)
(41.862694, 21.300594, 0.0)
(41.822330, 21.237652, 0.0)
(41.828350, 21.272560, 0.0)
(41.835739, 21.281769, 0.0)
(41.855259, 21.300776, 0.0)
(41.861290, 21.321949, 0.0)
(41.872795, 21.349430, 0.0)
(41.954491, 21.531061, 0.0)
(42.561085, 22.956205, 0.0)
(42.532925, 23.053368, 0.0)
(42.546890, 23.075836, 0.0)
(42.572121, 23.164223, 0.0)
(42.594418, 23.235332, 0.0)
(42.654602, 23.308985, 0.0)
(42.642643, 23.330980, 0.0)
(42.653172, 23.350456, 0.0)
(42.975922, 24.392813, 0.0)
(42.972149, 24.536743, 0.0)
(42.976788, 24.573296, 0.0)
(42.979847, 24.670540, 0.0)
(42.968575, 24.696808, 0.0)
(42.959011, 24.720522, 0.0)
(42.956470, 24.742542, 0.0)
(43.030582, 25.041681, 0.0)
(43.199257, 26.557966, 0.0)
(43.147148, 26.666857, 0.0)
(43.137352, 26.700586, 0.0)
(43.146706, 26.751760, 0.0)
(43.123985, 26.756325, 0.0)
(43.093525, 26.769087, 0.0)
(43.111248, 26.800539, 0.0)
(43.371948, 28.124613, 0.0)
(43.279095, 28.722267, 0.0)
(43.274410, 28.744267, 0.0)
(43.268742, 28.753540, 0.0)
(43.252747, 28.771597, 0.0)
(43.246727, 28.766178, 0.0)
(43.259514, 28.798929, 0.0)
(43.225845, 28.789621, 0.0)
(43.267399, 29.097155, 0.0)
(43.126522, 30.675222, 0.0)
(43.049362, 30.768734, 0.0)
(43.012753, 30.688829, 0.0)
(42.963539, 30.638725, 0.0)
(43.001316, 30.643677, 0.0)
(42.996597, 30.691460, 0.0)
(42.938217, 30.646400, 0.0)
(42.848717, 30.952774, 0.0)
(42.501202, 31.714083, 0.0)
(42.367352, 31.884443, 0.0)
(42.373974, 31.885033, 0.0)
(42.374458, 31.923357, 0.0)
(42.352333, 31.980591, 0.0)
(42.370186, 32.017818, 0.0)
(42.391045, 32.079136, 0.0)
(42.386429, 32.086224, 0.0)
(42.333920, 32.027401, 0.0)
(42.312317, 32.045918, 0.0)
(42.342617, 32.027973, 0.0)
(42.196125, 30.218624, 0.0)
(42.144756, 29.903349, 0.0)
(42.133640, 29.917292, 0.0)
(42.149277, 29.906815, 0.0)
(42.138885, 29.870859, 0.0)
(42.151970, 29.851795, 0.0)
(42.515022, 29.295040, 0.0)
(42.593555, 29.092154, 0.0)
(42.580009, 29.065609, 0.0)
(42.597984, 29.041002, 0.0)
(42.601696, 28.931459, 0.0)
(42.617519, 28.733110, 0.0)
(42.339169, 26.210632, 0.0)
(42.209751, 25.033646, 0.0)
(42.172913, 25.090086, 0.0)
(42.102753, 25.165117, 0.0)
(42.059681, 25.140198, 0.0)
(42.050522, 25.117212, 0.0)
(42.036526, 25.057920, 0.0)
(42.058735, 25.049654, 0.0)
(42.065533, 25.047789, 0.0)
(42.054192, 25.016449, 0.0)
(42.071587, 25.009640, 0.0)
(42.084869, 24.991896, 0.0)
(42.001652, 24.465258, 0.0)
(41.735832, 23.530535, 0.0)
(41.718948, 23.482735, 0.0)
(41.727211, 23.496037, 0.0)
(41.709564, 23.495161, 0.0)
(41.699844, 23.488386, 0.0)
(41.699844, 23.488386, 0.0)
(41.531261, 22.716022, 0.0)
(41.348286, 21.799929, 0.0)
(41.234173, 21.731333, 0.0)
(41.219040, 21.730371, 0.0)
(41.219883, 21.732243, 0.0)
(41.209938, 21.736389, 0.0)
(41.212009, 21.684732, 0.0)
(41.095566, 21.183416, 0.0)
(41.046242, 21.035385, 0.0)
(41.083580, 21.007998, 0.0)
(41.088326, 21.010878, 0.0)
(41.079193, 21.006958, 0.0)
(41.069485, 21.010624, 0.0)
(41.072716, 21.024595, 0.0)
(41.094116, 21.007101, 0.0)
(41.069160, 20.980513, 0.0)
(41.062126, 20.966105, 0.0)
(41.012459, 20.915815, 0.0)
(40.738750, 20.831335, 0.0)
(40.493507, 20.752127, 0.0)
(40.300007, 20.725294, 0.0)
(40.225029, 20.734169, 0.0)
(40.194431, 20.751408, 0.0)
(39.951950, 20.883596, 0.0)
(39.827187, 20.988117, 0.0)
(39.801903, 21.030157, 0.0)
(39.796925, 21.101505, 0.0)
(39.809566, 21.213488, 0.0)
(40.044285, 21.529018, 0.0)
(40.240681, 21.882496, 0.0)
(40.247421, 21.960032, 0.0)
(40.248386, 22.028406, 0.0)
(40.746357, 22.823385, 0.0)
(41.016788, 23.820524, 0.0)
(40.994629, 24.032188, 0.0)
(40.964844, 24.042194, 0.0)
(40.951336, 24.051584, 0.0)
(40.971424, 24.088493, 0.0)
(40.970661, 24.098637, 0.0)
(40.956635, 24.107620, 0.0)
(40.960724, 24.162144, 0.0)
(40.957191, 24.211493, 0.0)
(40.945713, 24.240278, 0.0)
(41.039749, 24.613420, 0.0)
(41.486168, 27.071428, 0.0)
(41.389065, 27.423548, 0.0)
(41.347122, 27.460388, 0.0)
(41.348007, 27.491114, 0.0)
(41.367680, 27.527260, 0.0)
(41.284485, 27.457472, 0.0)
(41.239063, 27.424963, 0.0)
(41.436222, 28.021801, 0.0)
(41.465370, 28.577328, 0.0)
(41.482170, 28.657742, 0.0)
(41.504471, 28.794741, 0.0)
(41.508732, 28.821690, 0.0)
(41.493565, 28.822495, 0.0)
(41.485332, 28.773699, 0.0)
(41.477913, 28.772367, 0.0)
(41.493420, 28.823383, 0.0)
(41.533070, 29.232538, 0.0)
(41.611530, 31.058264, 0.0)
(41.542034, 31.137072, 0.0)
(41.512775, 31.030352, 0.0)
(41.509911, 31.005129, 0.0)
(41.514259, 30.975266, 0.0)
(41.512871, 30.954981, 0.0)
(41.509182, 30.970137, 0.0)
(41.496975, 31.002653, 0.0)
(41.348003, 31.121258, 0.0)
(40.798122, 31.829481, 0.0)
(40.637466, 32.736866, 0.0)
(40.649632, 32.724323, 0.0)
(40.645042, 32.543121, 0.0)
(40.618076, 32.535812, 0.0)
(40.621426, 32.524853, 0.0)
(40.572887, 32.945999, 0.0)
(40.720551, 32.954224, 0.0)
(40.869698, 32.400963, 0.0)
(40.541470, 31.783667, 0.0)
(40.196793, 31.380085, 0.0)
(40.170010, 31.258652, 0.0)
(40.180958, 31.151699, 0.0)
(40.189529, 31.030209, 0.0)
(40.167236, 30.823334, 0.0)
(40.222919, 30.537107, 0.0)
(40.601543, 29.050884, 0.0)
(40.606327, 28.786234, 0.0)
(40.589401, 28.799793, 0.0)
(40.588638, 28.808746, 0.0)
(40.540901, 28.689707, 0.0)
(40.499447, 28.656649, 0.0)
(40.524044, 28.628254, 0.0)
(40.561722, 28.591248, 0.0)
(40.555866, 28.536936, 0.0)
(40.559593, 28.496294, 0.0)
(40.564373, 28.483553, 0.0)
(40.509281, 27.547615, 0.0)
(40.401154, 26.353464, 0.0)
(40.387787, 26.382957, 0.0)
(40.337688, 26.414406, 0.0)
(40.340534, 26.390236, 0.0)
(40.354717, 26.338764, 0.0)
(40.364574, 26.315105, 0.0)
(40.321575, 26.233776, 0.0)
(40.294941, 25.732321, 0.0)
(40.274876, 24.293877, 0.0)
(40.235474, 24.252825, 0.0)
(40.228016, 24.286499, 0.0)
(40.234688, 24.289120, 0.0)
(40.235233, 24.299149, 0.0)
(40.247215, 24.320761, 0.0)
(40.260399, 24.340576, 0.0)
(40.275379, 24.252031, 0.0)
(40.143421, 22.623743, 0.0)
(39.828735, 21.316362, 0.0)
(39.719482, 21.071856, 0.0)
(39.660168, 21.046366, 0.0)
(39.627529, 20.958242, 0.0)
(39.650719, 20.928751, 0.0)
(39.677784, 20.945894, 0.0)
(39.679798, 20.952793, 0.0)
(39.640053, 20.950127, 0.0)
(39.669777, 20.907942, 0.0)
(39.679073, 20.684303, 0.0)
(39.696873, 20.503193, 0.0)
(39.709343, 20.510296, 0.0)
(39.721626, 20.592562, 0.0)
(39.687435, 20.611731, 0.0)
(39.721115, 20.720228, 0.0)
(39.711784, 20.769882, 0.0)
(39.687706, 20.795063, 0.0)
(39.675205, 20.806919, 0.0)
(39.653614, 20.844479, 0.0)
(39.048306, 21.058561, 0.0)
(38.930714, 21.119076, 0.0)
(38.935680, 21.188492, 0.0)
(38.888897, 21.179905, 0.0)
(38.873352, 21.143557, 0.0)
(38.869980, 21.131067, 0.0)
(38.886509, 21.161676, 0.0)
(38.863098, 21.204264, 0.0)
(38.841438, 21.238310, 0.0)
(38.799747, 22.570784, 0.0)
(38.612862, 23.145220, 0.0)
(38.524101, 23.063019, 0.0)
(38.482132, 23.063635, 0.0)
(38.523613, 23.110695, 0.0)
(38.524807, 23.154623, 0.0)
(38.506817, 23.218849, 0.0)
(38.503914, 23.280081, 0.0)
(38.820297, 23.652067, 0.0)
(39.075096, 24.235371, 0.0)
(39.094975, 24.281797, 0.0)
(39.096725, 24.285936, 0.0)
(39.133263, 24.302776, 0.0)
(39.121201, 24.327539, 0.0)
(39.118568, 24.334459, 0.0)
(39.082047, 24.234533, 0.0)
(39.538071, 25.240755, 0.0)
(39.604050, 26.158314, 0.0)
(39.576702, 26.194319, 0.0)
(39.551216, 26.248394, 0.0)
(39.539452, 26.335842, 0.0)
(39.544594, 26.379370, 0.0)
(39.528202, 26.402636, 0.0)
(39.519146, 26.481434, 0.0)
(39.562233, 29.332092, 0.0)
(39.358940, 30.059717, 0.0)
(39.323395, 30.067205, 0.0)
(39.325817, 30.091843, 0.0)
(39.276768, 30.107872, 0.0)
(39.231720, 30.064636, 0.0)
(39.223705, 30.034655, 0.0)
(39.250683, 30.020931, 0.0)
(39.253773, 30.034431, 0.0)
(39.671799, 30.689726, 0.0)
(39.836246, 31.112192, 0.0)
(39.823215, 31.122896, 0.0)
(39.819557, 31.118378, 0.0)
(39.798676, 31.315004, 0.0)
(39.662048, 32.026554, 0.0)
(39.362522, 32.449074, 0.0)
(39.318317, 32.461288, 0.0)
(39.360123, 32.437408, 0.0)
(39.297897, 32.362278, 0.0)
(39.279682, 32.319881, 0.0)
(39.284790, 32.333134, 0.0)
(39.297871, 32.364693, 0.0)
(39.284504, 32.370388, 0.0)
(39.281914, 32.342220, 0.0)
(39.280228, 32.315697, 0.0)
(38.367413, 31.821575, 0.0)
(38.015659, 31.614773, 0.0)
(38.005074, 31.652533, 0.0)
(37.985310, 31.672365, 0.0)
(37.984386, 31.662851, 0.0)
(38.383205, 30.660173, 0.0)
(38.696373, 29.755342, 0.0)
(38.681488, 29.657303, 0.0)
(38.666569, 29.630054, 0.0)
(38.700924, 29.613068, 0.0)
(38.735691, 29.602480, 0.0)
(38.697266, 29.513662, 0.0)
(38.705288, 29.500072, 0.0)
(38.673489, 29.392279, 0.0)
(38.670567, 29.363499, 0.0)
(38.671448, 29.320005, 0.0)
(38.562870, 28.906725, 0.0)
(38.274654, 27.465794, 0.0)
(38.204887, 27.409954, 0.0)
(38.197308, 27.421848, 0.0)
(38.167648, 27.357502, 0.0)
(38.152374, 27.251013, 0.0)
(38.160275, 27.224512, 0.0)
(38.170483, 27.192911, 0.0)
(38.164341, 27.140079, 0.0)
(38.132973, 25.402372, 0.0)
(38.144768, 24.927862, 0.0)
(38.123463, 24.901249, 0.0)
(38.086121, 24.827923, 0.0)
(38.063255, 24.780115, 0.0)
(38.014313, 24.725571, 0.0)
(37.882973, 24.558453, 0.0)
(37.561138, 22.370119, 0.0)
(37.434128, 21.931425, 0.0)
(37.410583, 22.034708, 0.0)
(37.406136, 22.054438, 0.0)
(37.413040, 22.045755, 0.0)
(37.417454, 22.029497, 0.0)
(37.420177, 22.036161, 0.0)
(37.211285, 21.387999, 0.0)
(37.016911, 20.813456, 0.0)
(36.982704, 20.785166, 0.0)
(37.001766, 20.839838, 0.0)
(36.987823, 20.863831, 0.0)
(36.962811, 20.838150, 0.0)
(36.969204, 20.846407, 0.0)
(36.970146, 20.854626, 0.0)
(36.964493, 20.852409, 0.0)
(36.955696, 20.829708, 0.0)
(36.959728, 20.811560, 0.0)
(36.969147, 20.817533, 0.0)
(36.976845, 20.826519, 0.0)
(36.988838, 20.838526, 0.0)
(36.991913, 20.846367, 0.0)
(36.991913, 20.846367, 0.0)
(36.976894, 20.839670, 0.0)
(36.973610, 20.842154, 0.0)
(36.523293, 20.991283, 0.0)
(36.415775, 21.059792, 0.0)
(36.434013, 21.098135, 0.0)
(36.441536, 21.156380, 0.0)
(36.425777, 21.148281, 0.0)
(36.355164, 21.161831, 0.0)
(36.425247, 21.191490, 0.0)
(36.863178, 22.119947, 0.0)
(36.882877, 22.648544, 0.0)
(36.852798, 22.724421, 0.0)
(36.811958, 22.762770, 0.0)
(36.787304, 22.761482, 0.0)
(36.802143, 22.784153, 0.0)
(36.812515, 22.865343, 0.0)
(36.798611, 22.914843, 0.0)
(36.807091, 23.039656, 0.0)
(37.128799, 24.197309, 0.0)
(37.122120, 24.354479, 0.0)
(37.067184, 24.336864, 0.0)
(37.053459, 24.396046, 0.0)
(37.068935, 24.458717, 0.0)
(37.067017, 24.489925, 0.0)
(37.065746, 24.503281, 0.0)
(37.087078, 25.634422, 0.0)
(36.909531, 26.059486, 0.0)
(36.870724, 26.055361, 0.0)
(36.874836, 26.078514, 0.0)
(36.878723, 26.149094, 0.0)
(36.858913, 26.209312, 0.0)
(36.862797, 26.244844, 0.0)
(36.864567, 26.262293, 0.0)
(36.965096, 26.519791, 0.0)
(37.603470, 28.678461, 0.0)
(37.494030, 28.820116, 0.0)
(37.455681, 28.809219, 0.0)
(37.429539, 28.809549, 0.0)
(37.432915, 28.841970, 0.0)
(37.465267, 29.128824, 0.0)
(37.506516, 30.804312, 0.0)
(37.438236, 30.910635, 0.0)
(37.405411, 30.876923, 0.0)
(37.368675, 30.879070, 0.0)
(37.354404, 30.895184, 0.0)
(37.359051, 30.942770, 0.0)
(37.345749, 30.936930, 0.0)
(37.309704, 30.955563, 0.0)
(37.297192, 31.697878, 0.0)
(37.302814, 31.764471, 0.0)
(37.307522, 31.726086, 0.0)
(37.272404, 31.715082, 0.0)
(37.266983, 31.727278, 0.0)
(37.256836, 31.715054, 0.0)
(37.247345, 31.702850, 0.0)
(37.258671, 31.718000, 0.0)
(37.256672, 31.721369, 0.0)
(37.237095, 31.701048, 0.0)
(36.288960, 31.655779, 0.0)
(36.115978, 31.678507, 0.0)
(36.037182, 31.601030, 0.0)
(35.989281, 31.534245, 0.0)
(36.002964, 31.511776, 0.0)
(36.015625, 31.329100, 0.0)
(36.319847, 29.296907, 0.0)
(36.318844, 29.241199, 0.0)
(36.260643, 29.231691, 0.0)
(36.256371, 29.140364, 0.0)
(36.259872, 29.067421, 0.0)
(36.275993, 29.029501, 0.0)
(36.256298, 28.952484, 0.0)
(36.261120, 28.929682, 0.0)
(36.265678, 28.865479, 0.0)
(36.257561, 28.806549, 0.0)
(35.966503, 27.453718, 0.0)
(35.836170, 26.946423, 0.0)
(35.832012, 26.957598, 0.0)
(35.813389, 26.948032, 0.0)
(35.773003, 26.876398, 0.0)
(35.763809, 26.879803, 0.0)
(35.771656, 26.815369, 0.0)
(36.071659, 26.164347, 0.0)
(36.114849, 26.072384, 0.0)
(36.113258, 26.094349, 0.0)
(36.104824, 26.096134, 0.0)
(36.071110, 25.828093, 0.0)
(35.783924, 24.243330, 0.0)
(35.678730, 23.691620, 0.0)
(35.630005, 23.631046, 0.0)
(35.599133, 23.595051, 0.0)
(35.603519, 23.645378, 0.0)
(35.584255, 23.653372, 0.0)
(35.580940, 23.698027, 0.0)
(35.569405, 23.703070, 0.0)
(35.554790, 23.631882, 0.0)
(35.594540, 22.662214, 0.0)
(35.474731, 21.202728, 0.0)
(35.419079, 21.105925, 0.0)
(35.394070, 21.153519, 0.0)
(35.389019, 21.160149, 0.0)
(35.350140, 21.155485, 0.0)
(35.334152, 21.054993, 0.0)
(35.337490, 20.998356, 0.0)
(35.347145, 20.962368, 0.0)
(35.356300, 20.944628, 0.0)
(35.326466, 20.948830, 0.0)
(35.327240, 20.970783, 0.0)
(35.312912, 20.970465, 0.0)
(35.319717, 20.964968, 0.0)
(35.322281, 20.944786, 0.0)
(35.308010, 20.932810, 0.0)
(35.280827, 20.912388, 0.0)
(35.288300, 20.930563, 0.0)
(35.264286, 20.940428, 0.0)
(35.231003, 20.922207, 0.0)
(34.520550, 21.056271, 0.0)
(34.272743, 21.066059, 0.0)
(34.252453, 21.039938, 0.0)
(34.226791, 21.041134, 0.0)
(34.203453, 21.082176, 0.0)
(34.209332, 21.126410, 0.0)
(34.193142, 21.139832, 0.0)
(34.180923, 21.221039, 0.0)
(34.110577, 21.251459, 0.0)
(34.234032, 23.158901, 0.0)
(34.239010, 24.246563, 0.0)
(34.298630, 23.611660, 0.0)
(34.305206, 23.573725, 0.0)
(34.267429, 23.587824, 0.0)
(34.269951, 23.611816, 0.0)
(34.296635, 23.685787, 0.0)
(34.316082, 23.741920, 0.0)
(34.314827, 23.791533, 0.0)
(34.334568, 23.877636, 0.0)
(34.345322, 23.922960, 0.0)
(34.348976, 23.950979, 0.0)
(34.354843, 23.984776, 0.0)
(34.883129, 25.092739, 0.0)
(34.819355, 25.571562, 0.0)
(34.795956, 25.634384, 0.0)
(34.812206, 25.698145, 0.0)
(34.804417, 25.790127, 0.0)
(34.760899, 25.798029, 0.0)
(34.738628, 25.855297, 0.0)
(34.850163, 26.055445, 0.0)
(35.535290, 28.595982, 0.0)
(35.357086, 28.976564, 0.0)
(35.305206, 28.989300, 0.0)
(35.289021, 29.017296, 0.0)
(35.271465, 29.073742, 0.0)
(35.254917, 29.115484, 0.0)
(35.257355, 29.154318, 0.0)
(35.330399, 29.684603, 0.0)
(35.371101, 31.708454, 0.0)
(35.271992, 31.875536, 0.0)
(35.166641, 31.808851, 0.0)
(35.126663, 31.746317, 0.0)
(35.107948, 31.730961, 0.0)
(35.110943, 31.735058, 0.0)
(35.091274, 31.752707, 0.0)
(35.086723, 31.774014, 0.0)
(35.076988, 31.804247, 0.0)
(35.073822, 31.786140, 0.0)
(35.048386, 31.775818, 0.0)
(35.035889, 31.808630, 0.0)
(35.025558, 31.870621, 0.0)
(35.024448, 31.958597, 0.0)
(35.041763, 31.977554, 0.0)
(34.793148, 32.010227, 0.0)
(34.267231, 31.814062, 0.0)
(34.206352, 31.725380, 0.0)
(34.182903, 31.685089, 0.0)
(34.182823, 31.677982, 0.0)
(34.180393, 31.662638, 0.0)
(34.138203, 31.659693, 0.0)
(34.124516, 31.621941, 0.0)
(34.112370, 31.585407, 0.0)
(34.102642, 31.465162, 0.0)
(34.112579, 31.426912, 0.0)
(33.965767, 29.956022, 0.0)
(33.846249, 29.024357, 0.0)
(33.828918, 29.050259, 0.0)
(33.833847, 29.010912, 0.0)
(33.763748, 28.951675, 0.0)
(33.734825, 28.770283, 0.0)
(33.730274, 28.610477, 0.0)
(33.737354, 28.560884, 0.0)
(33.749226, 28.546299, 0.0)
(33.758106, 28.565159, 0.0)
(33.763054, 28.491014, 0.0)
(33.765320, 28.449520, 0.0)
(33.727001, 28.371040, 0.0)
(33.681263, 28.315430, 0.0)
(33.519726, 26.865719, 0.0)
(33.410645, 26.397213, 0.0)
(33.345688, 26.439398, 0.0)
(33.353191, 26.476219, 0.0)
(33.268803, 26.381704, 0.0)
(33.257805, 26.371431, 0.0)
(33.267143, 26.362696, 0.0)
(33.263798, 26.364361, 0.0)
(33.254784, 26.384470, 0.0)
(33.291183, 26.126202, 0.0)
(33.363686, 24.418867, 0.0)
(33.320290, 24.360813, 0.0)
(33.306973, 24.431162, 0.0)
(33.286892, 24.376595, 0.0)
(33.268261, 24.324886, 0.0)
(33.276905, 24.301003, 0.0)
(33.295403, 24.303072, 0.0)
(33.277008, 24.268887, 0.0)
(33.155968, 23.862122, 0.0)
(32.781330, 22.436285, 0.0)
(32.712151, 22.142511, 0.0)
(32.648392, 22.145338, 0.0)
(32.623470, 22.116524, 0.0)
(32.633869, 22.094816, 0.0)
(32.591320, 22.076509, 0.0)
(32.592445, 22.105093, 0.0)
(32.597198, 22.162573, 0.0)
(32.566586, 22.188499, 0.0)
(32.556698, 22.228672, 0.0)
(32.536304, 22.248180, 0.0)
(32.486290, 22.160578, 0.0)
(31.944883, 22.125387, 0.0)
(31.818727, 22.089556, 0.0)
(31.839344, 22.133623, 0.0)
(31.864630, 22.226194, 0.0)
(31.850698, 22.287724, 0.0)
(31.844257, 22.345488, 0.0)
(31.828316, 22.344145, 0.0)
(31.829851, 22.372217, 0.0)
(31.829687, 22.424725, 0.0)
(31.829132, 22.448687, 0.0)
(31.830729, 22.507408, 0.0)
(31.821777, 22.586729, 0.0)
(31.825666, 22.578259, 0.0)
(31.793222, 22.556242, 0.0)
(31.780312, 22.547077, 0.0)
(32.067020, 23.782028, 0.0)
(32.027119, 24.402313, 0.0)
(31.987726, 24.418461, 0.0)
(31.980394, 24.490379, 0.0)
(31.959612, 24.548765, 0.0)
(31.943501, 24.579132, 0.0)
(31.935705, 24.600826, 0.0)
(31.923628, 24.631914, 0.0)
(31.929943, 24.648697, 0.0)
(32.621765, 26.003136, 0.0)
(32.604561, 26.590242, 0.0)
(32.562809, 26.617367, 0.0)
(32.554451, 26.607533, 0.0)
(32.555836, 26.655209, 0.0)
(32.537819, 26.694267, 0.0)
(32.565639, 26.750010, 0.0)
(32.542950, 26.824442, 0.0)
(32.538361, 26.847696, 0.0)
(32.585102, 27.899076, 0.0)
(32.453915, 28.362392, 0.0)
(32.417980, 28.394812, 0.0)
(32.390366, 28.409361, 0.0)
(32.374466, 28.437563, 0.0)
(32.347218, 28.484121, 0.0)
(32.342960, 28.497587, 0.0)
(32.294643, 28.489498, 0.0)
(32.886616, 29.485310, 0.0)
(33.016575, 30.135815, 0.0)
(33.007931, 30.201056, 0.0)
(32.975517, 30.198296, 0.0)
(32.986881, 30.205828, 0.0)
(32.968678, 30.190088, 0.0)
(32.951160, 30.187113, 0.0)
(32.953587, 30.205553, 0.0)
(32.954376, 31.142797, 0.0)
(32.795815, 32.234989, 0.0)
(32.735901, 32.305351, 0.0)
(32.712021, 32.317844, 0.0)
(32.629612, 32.269737, 0.0)
(32.595726, 32.243370, 0.0)
(32.616047, 32.257626, 0.0)
(32.607056, 32.281887, 0.0)
(32.563816, 32.257477, 0.0)
(32.569916, 32.265770, 0.0)
(32.488285, 32.210865, 0.0)
(31.596254, 31.619253, 0.0)
(31.505585, 31.580719, 0.0)
(31.496506, 31.564413, 0.0)
(31.467056, 31.544868, 0.0)
(31.463049, 31.529953, 0.0)
(31.443272, 31.534630, 0.0)
(31.437252, 31.482368, 0.0)
(31.430958, 31.117760, 0.0)
(31.480034, 29.833652, 0.0)
(31.486963, 29.721796, 0.0)
(31.449480, 29.714458, 0.0)
(31.439173, 29.666180, 0.0)
(31.440508, 29.611576, 0.0)
(31.440907, 29.519510, 0.0)
(31.424517, 29.473425, 0.0)
(31.446030, 29.397713, 0.0)
(31.439793, 28.687918, 0.0)
(31.363157, 27.692085, 0.0)
(31.334677, 27.613356, 0.0)
(31.312597, 27.589933, 0.0)
(31.266666, 27.466227, 0.0)
(31.240801, 27.392315, 0.0)
(31.281969, 27.372168, 0.0)
(31.320610, 27.337692, 0.0)
(31.171215, 26.805248, 0.0)
(30.950233, 26.264420, 0.0)
(30.902407, 26.176908, 0.0)
(30.817339, 26.095282, 0.0)
(30.794472, 26.068146, 0.0)
(30.841040, 26.039488, 0.0)
(30.822025, 25.991255, 0.0)
(30.814217, 25.963470, 0.0)
(31.041513, 24.496037, 0.0)
(31.002659, 23.838554, 0.0)
(30.975981, 23.674936, 0.0)
(30.964853, 23.620480, 0.0)
(30.944601, 23.590742, 0.0)
(31.036057, 22.443205, 0.0)
(30.920549, 21.345400, 0.0)
(30.865541, 21.338898, 0.0)
(30.863289, 21.371046, 0.0)
(30.843479, 21.324127, 0.0)
(30.821541, 21.313271, 0.0)
(30.810162, 21.309805, 0.0)
(30.775860, 21.275238, 0.0)
(30.738224, 21.262466, 0.0)
(30.728016, 21.271622, 0.0)
(30.705648, 21.225054, 0.0)
(30.690044, 21.122456, 0.0)
(30.705420, 21.143547, 0.0)
(30.705631, 21.127253, 0.0)
(30.662113, 21.126713, 0.0)
(30.670416, 21.148994, 0.0)
(30.638950, 21.174707, 0.0)
(30.618229, 21.196943, 0.0)
(30.609596, 21.277443, 0.0)
(30.036476, 21.818752, 0.0)
(29.563089, 22.149187, 0.0)
(29.519188, 22.170530, 0.0)
(29.544701, 22.148973, 0.0)
(29.509108, 22.185156, 0.0)
(29.479673, 22.192593, 0.0)
(29.430494, 22.218916, 0.0)
(29.690729, 23.327131, 0.0)
(29.741314, 24.699274, 0.0)
(29.680126, 24.776438, 0.0)
(29.660175, 24.781464, 0.0)
(29.643452, 24.814123, 0.0)
(29.631596, 24.860867, 0.0)
(29.625956, 24.931868, 0.0)
(29.594379, 24.973467, 0.0)
(29.565241, 25.015745, 0.0)
(29.548965, 25.093252, 0.0)
(29.544115, 25.166637, 0.0)
(29.510597, 25.125307, 0.0)
(29.981575, 25.924967, 0.0)
(29.978399, 26.210810, 0.0)
(29.976446, 26.222677, 0.0)
(29.978628, 26.284643, 0.0)
(29.977739, 26.335291, 0.0)
(30.010067, 26.433241, 0.0)
(30.019131, 26.490206, 0.0)
(30.011301, 26.520891, 0.0)
(30.071480, 26.836912, 0.0)
(30.056868, 27.655056, 0.0)
(30.030344, 27.752390, 0.0)
(30.026087, 27.779270, 0.0)
(30.012810, 27.827137, 0.0)
(30.222393, 28.283056, 0.0)
(30.446400, 29.128553, 0.0)
(30.408970, 29.238409, 0.0)
(30.402594, 29.236279, 0.0)
(30.399170, 29.233427, 0.0)
(30.376860, 29.330303, 0.0)
(30.376381, 29.334915, 0.0)
(30.382595, 29.388803, 0.0)
(30.381615, 29.422997, 0.0)
(30.385031, 29.450676, 0.0)
(30.367722, 29.413925, 0.0)
(30.357611, 30.150127, 0.0)
(30.307804, 30.346983, 0.0)
(30.292227, 30.361416, 0.0)
(30.270472, 30.322271, 0.0)
(30.253454, 30.280081, 0.0)
(30.270784, 30.301281, 0.0)
(30.264994, 30.289675, 0.0)
(30.261690, 30.290113, 0.0)
(29.815567, 29.542891, 0.0)
(29.415760, 28.656122, 0.0)
(29.381657, 28.636541, 0.0)
(29.368305, 28.699665, 0.0)
(29.368561, 28.730738, 0.0)
(29.353468, 28.740265, 0.0)
(29.336897, 28.709764, 0.0)
(29.348291, 28.707035, 0.0)
(29.318457, 28.668636, 0.0)
(29.297928, 28.609535, 0.0)
(29.290892, 28.569231, 0.0)
(29.294006, 28.605690, 0.0)
(29.297297, 28.603035, 0.0)
(29.301023, 28.580912, 0.0)
(29.310669, 28.597158, 0.0)
(29.301397, 28.569582, 0.0)
(29.287577, 28.544777, 0.0)
(29.286552, 28.513609, 0.0)
(29.291979, 28.491236, 0.0)
(29.273533, 28.471794, 0.0)
(29.266806, 28.465368, 0.0)
(29.258114, 28.425949, 0.0)
(29.227831, 28.373857, 0.0)
(29.184671, 28.261011, 0.0)
(29.196552, 28.188934, 0.0)
(29.153896, 28.107817, 0.0)
(29.124294, 27.926041, 0.0)
(28.795753, 26.269979, 0.0)
(28.724739, 25.914135, 0.0)
(28.707401, 25.929119, 0.0)
(28.706413, 25.939915, 0.0)
(28.700485, 25.930506, 0.0)
(28.707554, 25.907822, 0.0)
(28.704811, 25.899609, 0.0)
(28.706718, 25.833979, 0.0)
(28.923878, 24.937742, 0.0)
(28.992218, 23.506685, 0.0)
(28.946894, 23.286903, 0.0)
(28.962374, 23.338171, 0.0)
(28.962374, 23.338171, 0.0)
(28.924690, 23.333456, 0.0)
(28.910938, 23.382549, 0.0)
(28.900854, 23.352381, 0.0)
(28.895206, 23.316872, 0.0)
(28.848963, 23.178425, 0.0)
(28.665676, 22.642931, 0.0)
(28.578255, 22.408224, 0.0)
(28.548597, 22.409063, 0.0)
(28.522457, 22.408379, 0.0)
(28.496290, 22.402859, 0.0)
(28.464348, 22.320251, 0.0)
(28.434950, 22.225094, 0.0)
(28.458248, 22.242281, 0.0)
(28.437943, 22.210501, 0.0)
(28.416857, 22.212217, 0.0)
(28.418268, 22.229965, 0.0)
(28.404203, 22.248228, 0.0)
(28.400822, 22.225845, 0.0)
(28.399502, 22.222116, 0.0)
(28.406830, 22.231464, 0.0)
(28.407120, 22.235716, 0.0)
(28.401619, 22.238970, 0.0)
(28.394800, 22.249044, 0.0)
(27.881014, 22.551397, 0.0)
(27.680113, 22.616110, 0.0)
(27.598677, 22.982082, 0.0)
(27.605896, 23.123159, 0.0)
(27.616835, 23.144753, 0.0)
(27.604734, 23.180660, 0.0)
(27.615200, 23.243147, 0.0)
(27.624655, 23.301542, 0.0)
(27.615097, 23.301802, 0.0)
(27.712116, 23.847404, 0.0)
(27.771589, 25.310257, 0.0)
(27.691809, 25.451620, 0.0)
(27.658842, 25.482632, 0.0)
(27.647749, 25.557100, 0.0)
(27.611063, 25.579845, 0.0)
(27.585344, 25.578054, 0.0)
(27.589415, 25.611147, 0.0)
(27.591551, 25.632576, 0.0)
(27.725206, 25.906048, 0.0)
(27.852934, 26.258621, 0.0)
(27.840073, 26.323107, 0.0)
(27.816580, 26.357288, 0.0)
(27.812960, 26.384422, 0.0)
(27.805838, 26.414747, 0.0)
(27.792995, 26.535625, 0.0)
(27.912031, 28.116055, 0.0)
(27.824163, 28.283030, 0.0)
(27.805315, 28.314053, 0.0)
(27.768412, 28.305815, 0.0)
(27.740055, 28.301626, 0.0)
(27.765827, 28.265228, 0.0)
(27.767622, 28.282446, 0.0)
(27.747583, 28.299797, 0.0)
(28.134022, 29.141083, 0.0)
(28.373568, 30.270048, 0.0)
(28.312328, 30.398884, 0.0)
(28.282978, 30.434690, 0.0)
(28.288790, 30.479326, 0.0)
(28.249405, 30.513752, 0.0)
(28.251833, 30.556713, 0.0)
(28.189335, 30.591019, 0.0)
(28.157867, 30.599865, 0.0)
(28.122522, 31.154301, 0.0)
(27.900156, 32.319336, 0.0)
(27.876585, 32.418442, 0.0)
(27.855223, 32.419086, 0.0)
(27.825701, 32.446045, 0.0)
(27.817707, 32.481945, 0.0)
(27.787806, 32.468121, 0.0)
(27.778250, 32.480228, 0.0)
(27.789206, 32.493382, 0.0)
(27.773249, 32.498138, 0.0)
(27.760958, 32.494255, 0.0)
(27.745993, 32.516945, 0.0)
(27.735151, 32.523350, 0.0)
(27.721430, 32.533554, 0.0)
(27.696669, 32.444389, 0.0)
(27.691990, 32.444836, 0.0)
(27.690271, 32.405869, 0.0)
(27.699968, 32.351234, 0.0)
(27.713131, 32.335869, 0.0)
(27.455744, 30.757166, 0.0)
(27.318661, 30.400000, 0.0)
(27.315065, 30.295227, 0.0)
(27.337725, 30.248301, 0.0)
(27.348259, 30.194872, 0.0)
(27.336430, 30.098845, 0.0)
(27.325035, 30.027246, 0.0)
(27.334808, 29.990250, 0.0)
(27.311953, 29.859766, 0.0)
(27.289005, 29.749559, 0.0)
(27.311300, 29.738157, 0.0)
(27.402508, 28.956783, 0.0)
(27.410343, 28.670322, 0.0)
(27.408295, 28.632132, 0.0)
(27.408575, 28.590412, 0.0)
(27.388977, 28.505669, 0.0)
(27.381817, 28.423052, 0.0)
(27.370159, 28.426672, 0.0)
(27.270144, 27.838985, 0.0)
(27.012856, 26.962015, 0.0)
(27.007429, 26.818708, 0.0)
(26.969402, 26.768410, 0.0)
(26.934763, 26.668291, 0.0)
(26.927485, 26.573097, 0.0)
(26.892061, 26.274885, 0.0)
(26.720760, 25.392092, 0.0)
(26.699287, 25.247942, 0.0)
(26.675171, 25.313669, 0.0)
(26.686480, 25.290167, 0.0)
(26.663185, 25.234064, 0.0)
(26.670067, 24.749119, 0.0)
(26.760000, 23.513231, 0.0)
(26.805666, 23.117380, 0.0)
(26.792208, 23.140646, 0.0)
(26.780701, 23.205023, 0.0)
(26.763094, 23.214952, 0.0)
(26.743441, 23.187881, 0.0)
(26.741911, 23.183823, 0.0)
(26.747154, 23.185408, 0.0)
(26.741911, 23.183823, 0.0)
(26.731293, 23.168480, 0.0)
(26.733957, 23.154081, 0.0)
(26.719599, 23.150227, 0.0)
(26.697266, 23.163874, 0.0)
(26.704346, 23.176144, 0.0)
(26.700533, 23.188784, 0.0)
(26.681797, 23.234272, 0.0)
(26.681353, 23.280186, 0.0)
(26.688272, 23.299101, 0.0)
(26.659634, 23.296789, 0.0)
(26.633593, 23.261240, 0.0)
(26.466595, 23.483961, 0.0)
(26.307001, 23.731054, 0.0)
(26.278008, 23.755312, 0.0)
(26.260035, 23.799784, 0.0)
(26.218294, 23.813866, 0.0)
(26.205976, 23.811918, 0.0)
(26.172224, 23.875200, 0.0)
(26.105757, 24.488808, 0.0)
(25.857931, 25.410461, 0.0)
(25.806841, 25.469988, 0.0)
(25.813631, 25.522957, 0.0)
(25.808813, 25.607515, 0.0)
(25.780296, 25.625254, 0.0)
(26.176352, 26.591179, 0.0)
(26.186596, 27.086769, 0.0)
(26.160713, 27.120554, 0.0)
(26.129950, 27.137646, 0.0)
(26.131285, 27.235903, 0.0)
(26.135096, 27.255510, 0.0)
(26.125631, 27.280191, 0.0)
(26.132389, 27.315136, 0.0)
(26.144054, 27.349039, 0.0)
(26.100893, 27.325010, 0.0)
(26.060850, 27.271318, 0.0)
(26.079145, 27.311243, 0.0)
(26.349243, 27.804703, 0.0)
(26.346266, 27.805847, 0.0)
(26.315617, 27.754862, 0.0)
(26.340260, 27.801052, 0.0)
(26.346119, 27.805637, 0.0)
(26.318989, 27.805813, 0.0)
(26.497278, 28.321842, 0.0)
(27.200438, 31.034822, 0.0)
(27.097252, 31.414631, 0.0)
(27.059782, 31.462675, 0.0)
(27.032270, 31.515526, 0.0)
(27.005167, 31.525843, 0.0)
(26.996084, 31.572607, 0.0)
(27.003378, 31.610590, 0.0)
(26.970312, 31.625790, 0.0)
(26.949945, 31.602459, 0.0)
(26.929976, 31.579834, 0.0)
(26.960533, 31.605370, 0.0)
(26.953224, 31.652258, 0.0)
(26.947823, 31.651655, 0.0)
(26.945789, 31.664228, 0.0)
(26.953772, 31.656284, 0.0)
(26.951029, 31.662277, 0.0)
(26.937035, 31.647213, 0.0)
(26.940779, 31.652794, 0.0)
(26.926033, 31.660360, 0.0)
(26.925920, 31.656477, 0.0)
(26.938059, 31.702988, 0.0)
(26.915514, 31.677496, 0.0)
(26.888437, 31.653988, 0.0)
(26.898691, 31.631901, 0.0)
(26.925209, 31.650169, 0.0)
(26.914871, 31.678574, 0.0)
(26.921041, 31.793188, 0.0)
(27.098423, 32.862373, 0.0)
(27.078352, 32.938316, 0.0)
(27.062988, 32.943378, 0.0)
(27.077143, 32.960823, 0.0)
(27.074968, 33.014889, 0.0)
(27.077808, 33.044033, 0.0)
(27.074617, 33.061058, 0.0)
(27.067856, 33.117081, 0.0)
(27.039042, 33.052887, 0.0)
(27.029139, 32.978523, 0.0)
(27.017223, 32.941227, 0.0)
(27.033970, 32.972179, 0.0)
(27.033859, 32.981026, 0.0)
(27.023849, 33.025326, 0.0)
(27.002581, 33.066807, 0.0)
(28.156851, 32.767567, 0.0)
(30.490768, 32.443665, 0.0)
(31.526518, 32.285934, 0.0)
(31.544298, 32.271175, 0.0)
(31.500965, 32.294765, 0.0)
(31.510059, 32.273457, 0.0)
(31.522196, 32.280907, 0.0)
(31.507622, 32.240181, 0.0)
(31.484581, 32.197704, 0.0)
(31.513573, 32.206890, 0.0)
(31.530436, 32.213360, 0.0)
(31.533861, 32.178391, 0.0)
(31.543934, 32.218716, 0.0)
(31.527912, 32.194729, 0.0)
(31.536018, 32.128902, 0.0)
(31.793325, 32.115536, 0.0)
(34.610554, 31.930004, 0.0)
(34.727425, 31.977493, 0.0)
(34.701973, 32.007713, 0.0)
(34.717693, 32.022739, 0.0)
(34.683567, 32.024563, 0.0)
(34.656303, 31.971212, 0.0)
(34.645359, 31.960835, 0.0)
(34.668190, 31.970900, 0.0)
(34.682339, 31.990782, 0.0)
(34.680229, 32.008335, 0.0)
(34.681313, 32.022472, 0.0)
(34.675457, 31.976097, 0.0)
(35.173244, 32.107712, 0.0)
(36.502350, 32.325207, 0.0)
(36.529140, 32.319950, 0.0)
(36.494164, 32.307819, 0.0)
(36.494190, 32.312302, 0.0)
(36.516762, 32.282051, 0.0)
(36.444279, 32.241913, 0.0)
(36.397015, 32.187992, 0.0)
(36.401234, 32.141926, 0.0)
(36.364620, 32.348568, 0.0)
(36.167721, 34.705738, 0.0)
