(34.855492, 19.574360, 0.0)
(34.927471, 18.504211, 0.0)
(34.956581, 18.499577, 0.0)
(34.959858, 18.603485, 0.0)
(34.994507, 18.782495, 0.0)
(34.995750, 18.805807, 0.0)
(35.027184, 18.827253, 0.0)
(34.802933, 19.013315, 0.0)
(34.852921, 19.027920, 0.0)
(34.880806, 18.967100, 0.0)
(34.889919, 18.915976, 0.0)
(34.855492, 18.945787, 0.0)
(34.894798, 18.978462, 0.0)
(34.897881, 18.987772, 0.0)
(34.915871, 18.886053, 0.0)
(34.943611, 18.812023, 0.0)
(34.965160, 18.795841, 0.0)
(34.980858, 18.793638, 0.0)
(34.953835, 18.844257, 0.0)
(34.917583, 18.968225, 0.0)
(34.931030, 18.999369, 0.0)
(34.924816, 18.997532, 0.0)
(34.922543, 19.004745, 0.0)
(34.918644, 18.998220, 0.0)
(34.920433, 18.995974, 0.0)
(34.929008, 18.891710, 0.0)
(34.913593, 18.860149, 0.0)
(34.914188, 18.903822, 0.0)
(34.887993, 18.936043, 0.0)
(34.891117, 18.914492, 0.0)
(34.948822, 18.918573, 0.0)
(34.944450, 18.936741, 0.0)
(34.982525, 18.872744, 0.0)
(34.990990, 18.875105, 0.0)
(34.996635, 18.867622, 0.0)
(34.986481, 18.856627, 0.0)
(34.997150, 18.851683, 0.0)
(35.015945, 18.876078, 0.0)
(34.998322, 18.847973, 0.0)
(34.993774, 18.819695, 0.0)
(35.009983, 18.857498, 0.0)
(34.981735, 18.824615, 0.0)
(34.986160, 18.829243, 0.0)
(35.006119, 18.810005, 0.0)
(34.996262, 18.835596, 0.0)
(34.979080, 18.848005, 0.0)
(34.992390, 18.854425, 0.0)
(35.000492, 18.847837, 0.0)
(34.995903, 18.843914, 0.0)
(35.005779, 18.809467, 0.0)
(34.997414, 18.783882, 0.0)
(34.995903, 18.843914, 0.0)
(34.995903, 18.843914, 0.0)
(34.991707, 18.855742, 0.0)
(34.986649, 18.792070, 0.0)
(34.995903, 18.843914, 0.0)
(34.995178, 18.848780, 0.0)
(34.996262, 18.859676, 0.0)
(34.985641, 18.859818, 0.0)
(34.982105, 18.844902, 0.0)
(34.996262, 18.859676, 0.0)
(34.991707, 18.855742, 0.0)
(34.972717, 18.855034, 0.0)
(34.966938, 18.876236, 0.0)
(34.978378, 18.918518, 0.0)
(34.983685, 18.887287, 0.0)
(34.987694, 18.875446, 0.0)
(34.991211, 18.854935, 0.0)
(34.994869, 18.892447, 0.0)
(34.987553, 18.894089, 0.0)
(34.983822, 18.875746, 0.0)
(34.988678, 18.887056, 0.0)
(34.988678, 18.887056, 0.0)
(34.985790, 18.881826, 0.0)
(34.992802, 18.891228, 0.0)
(35.002254, 18.877693, 0.0)
(35.010536, 18.893520, 0.0)
(35.002346, 18.891502, 0.0)
(35.013802, 18.887959, 0.0)
(35.009048, 18.887959, 0.0)
(35.010918, 18.882841, 0.0)
(34.999596, 18.893745, 0.0)
(34.993061, 18.900837, 0.0)
(34.995350, 18.915613, 0.0)
(35.005291, 18.904408, 0.0)
(34.982758, 18.909624, 0.0)
(34.995079, 18.894726, 0.0)
(34.999874, 18.900711, 0.0)
(35.006702, 18.894354, 0.0)
(35.006702, 18.894354, 0.0)
(35.006702, 18.894354, 0.0)
(35.014572, 18.919153, 0.0)
(35.016514, 18.925274, 0.0)
(35.006912, 18.952749, 0.0)
(35.023613, 18.944729, 0.0)
(35.032639, 18.930737, 0.0)
(35.024799, 18.906427, 0.0)
(35.006584, 18.934048, 0.0)
(35.015869, 18.920353, 0.0)
(35.006584, 18.934048, 0.0)
(35.014297, 18.958704, 0.0)
(35.021465, 18.950050, 0.0)
(34.994610, 19.022747, 0.0)
(34.994591, 19.038708, 0.0)
(35.015537, 19.086521, 0.0)
(35.002937, 18.993095, 0.0)
(34.984062, 18.989248, 0.0)
(34.998310, 18.940411, 0.0)
(35.012848, 19.001680, 0.0)
(34.999256, 18.998413, 0.0)
(34.984150, 19.007069, 0.0)
(34.945976, 19.028545, 0.0)
(34.941376, 19.011562, 0.0)
(34.936924, 19.021427, 0.0)
(34.932423, 19.023540, 0.0)
(34.946983, 19.002487, 0.0)
(34.967258, 18.948463, 0.0)
(34.971519, 18.969294, 0.0)
(34.960655, 18.973162, 0.0)
(34.964760, 18.987593, 0.0)
(34.966610, 18.982573, 0.0)
(34.994591, 18.960299, 0.0)
(34.978634, 18.990719, 0.0)
(34.936924, 19.021427, 0.0)
(34.962803, 18.983288, 0.0)
(34.966667, 18.929184, 0.0)
(34.945717, 18.918480, 0.0)
(34.935680, 18.891272, 0.0)
(34.970276, 18.906828, 0.0)
(34.960205, 18.907553, 0.0)
(34.959869, 18.935760, 0.0)
(34.959869, 18.935760, 0.0)
(34.960541, 18.913412, 0.0)
(34.960541, 18.913412, 0.0)
(34.983459, 18.953846, 0.0)
(34.960541, 18.913412, 0.0)
(34.981842, 18.911375, 0.0)
(34.798306, 18.794571, 0.0)
(34.871193, 19.383698, 0.0)
(34.948761, 18.699089, 0.0)
(34.990368, 18.701563, 0.0)
(35.064861, 18.796347, 0.0)
(35.081154, 18.796850, 0.0)
(35.045597, 18.877338, 0.0)
(35.046730, 18.859425, 0.0)
(35.082733, 18.858730, 0.0)
(35.107513, 18.795053, 0.0)
(35.113808, 18.815132, 0.0)
(35.128666, 18.795191, 0.0)
(35.151249, 18.824883, 0.0)
(35.170067, 18.798775, 0.0)
(35.162125, 18.812601, 0.0)
(35.190750, 18.775265, 0.0)
(35.190182, 18.777588, 0.0)
(35.186653, 18.798052, 0.0)
(35.190517, 18.802654, 0.0)
(35.181599, 18.800156, 0.0)
(35.181599, 18.800156, 0.0)
(35.183182, 18.805658, 0.0)
(35.171860, 18.805166, 0.0)
(35.145878, 18.863894, 0.0)
(35.160694, 18.840616, 0.0)
(35.175182, 18.799845, 0.0)
(35.172688, 18.750633, 0.0)
(35.149063, 18.796211, 0.0)
(35.147198, 18.766697, 0.0)
(35.155128, 18.803680, 0.0)
(37.735031, 20.754040, 0.0)
(40.649193, 22.707214, 0.0)
(42.662186, 24.210375, 0.0)
(43.305092, 24.702639, 0.0)
(43.415211, 24.778564, 0.0)
(43.407410, 24.769659, 0.0)
(43.695385, 25.292135, 0.0)
(43.765522, 25.321859, 0.0)
(43.709232, 25.298920, 0.0)
(43.688534, 25.296570, 0.0)
(43.664513, 25.327791, 0.0)
(43.644981, 25.393394, 0.0)
(43.634064, 25.440481, 0.0)
(43.633434, 25.439585, 0.0)
(43.645947, 25.402664, 0.0)
(43.622864, 25.318974, 0.0)
(43.603886, 25.297041, 0.0)
(43.603886, 25.297041, 0.0)
(43.610725, 25.319546, 0.0)
(43.612076, 25.343840, 0.0)
(43.590019, 25.338503, 0.0)
(43.583069, 25.348553, 0.0)
(43.566135, 25.348581, 0.0)
(43.546650, 25.352558, 0.0)
(43.546650, 25.352558, 0.0)
(43.555393, 25.325642, 0.0)
(43.529545, 25.301146, 0.0)
(43.540565, 25.314947, 0.0)
(43.523365, 25.321573, 0.0)
(43.500965, 25.337179, 0.0)
(43.497364, 25.360844, 0.0)
(43.510746, 25.353846, 0.0)
(43.497337, 25.297638, 0.0)
(43.499527, 25.258120, 0.0)
(43.523453, 25.247507, 0.0)
(43.510025, 25.234043, 0.0)
(43.503723, 25.254728, 0.0)
(43.181053, 23.752272, 0.0)
(43.068520, 19.156815, 0.0)
(42.936249, 17.677259, 0.0)
(42.896412, 17.630281, 0.0)
(42.881504, 17.684616, 0.0)
(42.854996, 17.664652, 0.0)
(42.819786, 17.702187, 0.0)
(42.826977, 17.588148, 0.0)
(42.850513, 17.590118, 0.0)
(42.790195, 17.609005, 0.0)
(42.780991, 17.600855, 0.0)
(42.841175, 17.603109, 0.0)
(42.881306, 17.558357, 0.0)
(42.868816, 17.522020, 0.0)
(42.870609, 17.505325, 0.0)
(42.874317, 17.501444, 0.0)
(42.897503, 17.508944, 0.0)
(42.879929, 17.541599, 0.0)
(42.877892, 17.531731, 0.0)
(42.881626, 17.527687, 0.0)
(42.864731, 17.504484, 0.0)
(42.880653, 17.527119, 0.0)
(42.886562, 17.527885, 0.0)
(42.873455, 17.510059, 0.0)
(42.871193, 17.563261, 0.0)
(42.873024, 17.540504, 0.0)
(42.873024, 17.540504, 0.0)
(42.873024, 17.540504, 0.0)
(42.861641, 17.537300, 0.0)
(42.872501, 17.547119, 0.0)
(42.874466, 17.527657, 0.0)
(42.845608, 17.532219, 0.0)
(42.837288, 17.503777, 0.0)
(42.866711, 17.526154, 0.0)
(42.873657, 17.509312, 0.0)
(42.870716, 17.499216, 0.0)
(42.861034, 17.519932, 0.0)
(41.700439, 17.600000, 0.0)
(38.927822, 18.589518, 0.0)
(36.135399, 19.802032, 0.0)
(33.588223, 20.941229, 0.0)
(31.268322, 22.234497, 0.0)
(29.270048, 23.424051, 0.0)
(28.035093, 24.158638, 0.0)
(27.671051, 24.414028, 0.0)
(27.636461, 24.373018, 0.0)
(27.499788, 24.368731, 0.0)
(27.425508, 24.398279, 0.0)
(27.401981, 24.386703, 0.0)
(27.031914, 25.010426, 0.0)
(26.902882, 25.181049, 0.0)
(26.884121, 25.128067, 0.0)
(26.851152, 25.114330, 0.0)
(26.851139, 25.127020, 0.0)
(26.819109, 25.107126, 0.0)
(26.811390, 25.105413, 0.0)
(26.807844, 25.080662, 0.0)
(26.798231, 25.081690, 0.0)
(26.789980, 25.058577, 0.0)
(26.775545, 25.088579, 0.0)
(26.778292, 25.071527, 0.0)
(26.773357, 25.046301, 0.0)
(26.752205, 25.033731, 0.0)
(26.754063, 25.058346, 0.0)
(26.750200, 25.053503, 0.0)
(26.719839, 25.012844, 0.0)
(26.714991, 25.012497, 0.0)
(26.702141, 25.013840, 0.0)
(26.700748, 24.993649, 0.0)
(26.690865, 24.944904, 0.0)
(26.687496, 24.897575, 0.0)
(26.682703, 24.886375, 0.0)
(26.679312, 24.911751, 0.0)
(26.665154, 24.908791, 0.0)
(26.681356, 24.372536, 0.0)
(26.911270, 19.840240, 0.0)
(26.487509, 17.089188, 0.0)
(26.240696, 16.766632, 0.0)
(26.132675, 16.799829, 0.0)
(26.141356, 16.834267, 0.0)
(26.104572, 16.868532, 0.0)
(26.074673, 16.886847, 0.0)
(26.056709, 16.858454, 0.0)
(26.042477, 16.850475, 0.0)
(26.033907, 16.861538, 0.0)
(26.023697, 16.860859, 0.0)
(26.036413, 16.887207, 0.0)
(26.041183, 16.902346, 0.0)
(26.024311, 16.952141, 0.0)
(26.030697, 16.936413, 0.0)
(26.034437, 16.873260, 0.0)
(26.028978, 16.848293, 0.0)
(26.027304, 16.866121, 0.0)
(26.037142, 16.885761, 0.0)
(26.033096, 16.905378, 0.0)
(26.023151, 16.888996, 0.0)
(26.008545, 16.861853, 0.0)
(26.010616, 16.854631, 0.0)
(26.045757, 16.828415, 0.0)
(26.051672, 16.790567, 0.0)
(26.057072, 16.780985, 0.0)
(26.076479, 16.766865, 0.0)
(26.068796, 16.799568, 0.0)
(26.068796, 16.799568, 0.0)
(26.086147, 16.780163, 0.0)
(26.079168, 16.749571, 0.0)
(26.093636, 16.722712, 0.0)
(26.076923, 16.710651, 0.0)
(26.082712, 16.697435, 0.0)
(26.111233, 16.667877, 0.0)
(26.079611, 16.601969, 0.0)
(26.119936, 16.573387, 0.0)
(28.325340, 16.709503, 0.0)
(33.205696, 18.147562, 0.0)
(35.336525, 18.974945, 0.0)
(35.374405, 18.999153, 0.0)
(35.284439, 18.927767, 0.0)
(35.231010, 18.899246, 0.0)
(35.205574, 18.865023, 0.0)
(35.185204, 18.802216, 0.0)
(35.207066, 18.759596, 0.0)
(35.194698, 18.696920, 0.0)
(35.057945, 18.597929, 0.0)
(34.956139, 19.237104, 0.0)
(35.014145, 18.130278, 0.0)
(35.123394, 17.851345, 0.0)
(35.148621, 17.906021, 0.0)
(35.158245, 17.984463, 0.0)
(35.145397, 18.079882, 0.0)
(35.173531, 18.066078, 0.0)
(35.154312, 18.101383, 0.0)
(35.179035, 18.131693, 0.0)
(35.176785, 18.137188, 0.0)
(35.194229, 18.096514, 0.0)
(35.201122, 18.126816, 0.0)
(35.191971, 18.115034, 0.0)
(35.219486, 18.107244, 0.0)
(35.228130, 18.092005, 0.0)
(35.231743, 18.097473, 0.0)
(35.231499, 18.104494, 0.0)
(35.214268, 18.106981, 0.0)
(35.210247, 18.126093, 0.0)
(35.191971, 18.115034, 0.0)
(35.189537, 18.166037, 0.0)
(35.200043, 18.189779, 0.0)
(35.064991, 18.347799, 0.0)
(33.351295, 20.328806, 0.0)
(31.498539, 21.952215, 0.0)
(29.577034, 23.345667, 0.0)
(28.098976, 24.308231, 0.0)
(27.631430, 24.587793, 0.0)
(27.532206, 24.590977, 0.0)
(27.458921, 24.585516, 0.0)
(27.439318, 24.594227, 0.0)
(27.406616, 24.616945, 0.0)
(27.400856, 24.617998, 0.0)
(27.391439, 24.580526, 0.0)
(27.468208, 24.556307, 0.0)
(30.933001, 23.388546, 0.0)
(31.092461, 23.445368, 0.0)
(31.071291, 23.406155, 0.0)
(31.258984, 23.441883, 0.0)
(33.037914, 24.227161, 0.0)
(33.184616, 24.323107, 0.0)
(33.317875, 24.315720, 0.0)
(33.457600, 24.277960, 0.0)
(34.510563, 24.450686, 0.0)
(36.175571, 24.264889, 0.0)
(36.388004, 24.233614, 0.0)
(36.453644, 24.277098, 0.0)
(36.554127, 24.271235, 0.0)
(36.591148, 24.251205, 0.0)
(36.646851, 24.229340, 0.0)
(36.727188, 24.282854, 0.0)
(38.335751, 24.430552, 0.0)
(38.498188, 24.396582, 0.0)
(38.522980, 24.333305, 0.0)
(38.557793, 24.325687, 0.0)
(38.598629, 24.310118, 0.0)
(38.676529, 24.285856, 0.0)
(40.723888, 24.680407, 0.0)
(40.891689, 24.587749, 0.0)
(40.875881, 24.646544, 0.0)
(40.934536, 24.630997, 0.0)
(40.974701, 24.590876, 0.0)
(42.194477, 24.667532, 0.0)
(42.472042, 24.668871, 0.0)
(42.462318, 24.689817, 0.0)
(42.486919, 24.683331, 0.0)
(42.542896, 24.650463, 0.0)
(43.408009, 24.203190, 0.0)
(43.465813, 24.108410, 0.0)
(43.453392, 24.096998, 0.0)
(43.474518, 24.124369, 0.0)
(43.498951, 24.109663, 0.0)
(43.487053, 24.041906, 0.0)
(43.499962, 24.007713, 0.0)
(43.497704, 23.983368, 0.0)
(43.492012, 23.968653, 0.0)
(43.482399, 23.982418, 0.0)
(43.455845, 23.922337, 0.0)
(43.428883, 23.878860, 0.0)
(42.001373, 23.887825, 0.0)
(41.885777, 23.849237, 0.0)
(41.796749, 23.840567, 0.0)
(41.626148, 23.751749, 0.0)
(41.397652, 23.788258, 0.0)
(40.750256, 23.792955, 0.0)
(39.648998, 23.755817, 0.0)
(39.426140, 23.777161, 0.0)
(39.316986, 23.694141, 0.0)
(39.151577, 23.668913, 0.0)
(38.915607, 23.692820, 0.0)
(38.768764, 23.699417, 0.0)
(38.608479, 23.725521, 0.0)
(38.447311, 23.626036, 0.0)
(37.898758, 23.778090, 0.0)
(36.460701, 23.764868, 0.0)
(36.222939, 23.713881, 0.0)
(36.087795, 23.707470, 0.0)
(35.913757, 23.726894, 0.0)
(35.783001, 23.722591, 0.0)
(35.660263, 23.751940, 0.0)
(35.439899, 23.742846, 0.0)
(32.532219, 23.872786, 0.0)
(32.036438, 23.828432, 0.0)
(31.906281, 23.860924, 0.0)
(31.822073, 23.881407, 0.0)
(31.783232, 23.883026, 0.0)
(31.672096, 23.890909, 0.0)
(30.053246, 24.281179, 0.0)
(28.509689, 24.496479, 0.0)
(28.295778, 24.537876, 0.0)
(28.246792, 24.522860, 0.0)
(28.216862, 24.471832, 0.0)
(28.178040, 24.427565, 0.0)
(28.131239, 24.409534, 0.0)
(28.111195, 24.430204, 0.0)
(28.088654, 24.418999, 0.0)
(28.044411, 24.436575, 0.0)
(28.023653, 24.449551, 0.0)
(28.022396, 24.394329, 0.0)
(27.939358, 24.320387, 0.0)
(26.723360, 24.024714, 0.0)
(26.584915, 23.963625, 0.0)
(26.584373, 23.932507, 0.0)
(26.580496, 23.885326, 0.0)
(26.572334, 23.881346, 0.0)
(26.573067, 23.839357, 0.0)
(26.576437, 23.792370, 0.0)
(26.603817, 23.738054, 0.0)
(26.604204, 23.680792, 0.0)
(26.662418, 23.581345, 0.0)
(26.713913, 23.522015, 0.0)
(26.737965, 23.468725, 0.0)
(28.141836, 23.216433, 0.0)
(28.402931, 23.125109, 0.0)
(28.540604, 23.104956, 0.0)
(28.699621, 23.105967, 0.0)
(28.882982, 23.104136, 0.0)
(29.133787, 23.030350, 0.0)
(31.076107, 23.123077, 0.0)
(31.411274, 23.111994, 0.0)
(31.665749, 23.106037, 0.0)
(31.907681, 23.130035, 0.0)
(32.157516, 23.075895, 0.0)
(32.395275, 23.037321, 0.0)
(32.689468, 23.072760, 0.0)
(32.960522, 23.052378, 0.0)
(33.219913, 23.051205, 0.0)
(34.783516, 22.944803, 0.0)
(35.131420, 22.989944, 0.0)
(35.304546, 22.983774, 0.0)
(35.462551, 22.986609, 0.0)
(35.611595, 22.968899, 0.0)
(35.859077, 22.976305, 0.0)
(37.851379, 23.058836, 0.0)
(38.111938, 23.110603, 0.0)
(38.219086, 23.144045, 0.0)
(38.295300, 23.117561, 0.0)
(38.413765, 23.141323, 0.0)
(38.842823, 23.280947, 0.0)
(41.688961, 23.712820, 0.0)
(42.366669, 23.802612, 0.0)
(42.435936, 23.790325, 0.0)
(42.437073, 23.766787, 0.0)
(42.480011, 23.765146, 0.0)
(42.501934, 23.770445, 0.0)
(42.398460, 23.660072, 0.0)
(43.208248, 23.386093, 0.0)
(43.254665, 23.170481, 0.0)
(43.244194, 23.178080, 0.0)
(43.241329, 23.185898, 0.0)
(43.239773, 23.175095, 0.0)
(43.225407, 23.155563, 0.0)
(43.218273, 23.178087, 0.0)
(43.197098, 23.193363, 0.0)
(43.212349, 23.252167, 0.0)
(43.227169, 23.070866, 0.0)
(43.224697, 22.997709, 0.0)
(43.216625, 22.930492, 0.0)
(43.151115, 22.860590, 0.0)
(43.084122, 22.763439, 0.0)
(43.033691, 22.721893, 0.0)
(41.380428, 22.382046, 0.0)
(40.958858, 22.392157, 0.0)
(40.805912, 22.381018, 0.0)
(40.631985, 22.316696, 0.0)
(40.540859, 22.309851, 0.0)
(40.388702, 22.310316, 0.0)
(40.254276, 22.292427, 0.0)
(40.102203, 22.203077, 0.0)
(39.846546, 22.145885, 0.0)
(38.226635, 22.255444, 0.0)
(37.986530, 22.259420, 0.0)
(37.871891, 22.328876, 0.0)
(37.661961, 22.226967, 0.0)
(37.541164, 22.281109, 0.0)
(37.152477, 22.286888, 0.0)
(33.844456, 21.950583, 0.0)
(32.442417, 22.068436, 0.0)
(32.232555, 22.105282, 0.0)
(32.145359, 22.085600, 0.0)
(32.051613, 22.146471, 0.0)
(31.952057, 22.148869, 0.0)
(31.929247, 22.181644, 0.0)
(30.412136, 22.576910, 0.0)
(28.237038, 23.021961, 0.0)
(28.003822, 23.059963, 0.0)
(27.973490, 23.062422, 0.0)
(27.923368, 23.049963, 0.0)
(27.907106, 23.051271, 0.0)
(27.877996, 23.028519, 0.0)
(27.830381, 23.022278, 0.0)
(27.050304, 23.322956, 0.0)
(26.860867, 23.350645, 0.0)
(26.840614, 23.310822, 0.0)
(26.837988, 23.250109, 0.0)
(26.840950, 23.276308, 0.0)
(26.819164, 23.253334, 0.0)
(26.813377, 23.249451, 0.0)
(26.805258, 23.216883, 0.0)
(26.798151, 23.219051, 0.0)
(26.785870, 23.203009, 0.0)
(26.785793, 23.183416, 0.0)
(26.754431, 23.162701, 0.0)
(26.718685, 23.164660, 0.0)
(26.737612, 23.154585, 0.0)
(26.741882, 23.096987, 0.0)
(26.745028, 23.035446, 0.0)
(26.780510, 22.947544, 0.0)
(26.856255, 22.884174, 0.0)
(26.905930, 22.773043, 0.0)
(26.932613, 22.711796, 0.0)
(27.028439, 22.602844, 0.0)
(27.120089, 22.544373, 0.0)
(27.200060, 22.449015, 0.0)
(28.420771, 22.259266, 0.0)
(28.854702, 22.206856, 0.0)
(29.028131, 22.153316, 0.0)
(29.257311, 22.075287, 0.0)
(29.505705, 22.061272, 0.0)
(29.707809, 22.012804, 0.0)
(31.403116, 21.922522, 0.0)
(31.772039, 21.938658, 0.0)
(31.951199, 21.973682, 0.0)
(32.159416, 22.002159, 0.0)
(32.317440, 21.990997, 0.0)
(32.492733, 21.899836, 0.0)
(32.727474, 21.885847, 0.0)
(32.948685, 21.863621, 0.0)
(34.287968, 21.845490, 0.0)
(34.654541, 21.841505, 0.0)
(34.848476, 21.837515, 0.0)
(35.025570, 21.827759, 0.0)
(35.154137, 21.787552, 0.0)
(36.139889, 21.906620, 0.0)
(37.741646, 21.864010, 0.0)
(37.980587, 21.813150, 0.0)
(38.053871, 21.783201, 0.0)
(38.171188, 21.798817, 0.0)
(38.246799, 21.771004, 0.0)
(40.490173, 22.244923, 0.0)
(41.203045, 22.384371, 0.0)
(41.300251, 22.355186, 0.0)
(41.318275, 22.319841, 0.0)
(41.349621, 22.301031, 0.0)
(41.385025, 22.253193, 0.0)
(41.403660, 22.250641, 0.0)
(43.047768, 22.686007, 0.0)
(43.369518, 22.673679, 0.0)
(43.360996, 22.598333, 0.0)
(43.356281, 22.582655, 0.0)
(43.359436, 22.516109, 0.0)
(43.362675, 22.523462, 0.0)
(43.365833, 22.530043, 0.0)
(43.365833, 22.530043, 0.0)
(43.656223, 22.200809, 0.0)
(43.690418, 22.007616, 0.0)
(43.693336, 21.934412, 0.0)
(43.707619, 21.934036, 0.0)
(43.690418, 21.926376, 0.0)
(43.683502, 21.913342, 0.0)
(43.653793, 21.875799, 0.0)
(43.621201, 21.808397, 0.0)
(43.595985, 21.715790, 0.0)
(43.515484, 21.679626, 0.0)
(43.455719, 21.645708, 0.0)
(42.762875, 21.450045, 0.0)
(42.183117, 21.327831, 0.0)
(42.049751, 21.324806, 0.0)
(41.970150, 21.261017, 0.0)
(41.815903, 21.194054, 0.0)
(41.240849, 21.164743, 0.0)
(39.949001, 21.169863, 0.0)
(39.739929, 21.162306, 0.0)
(39.526310, 21.185173, 0.0)
(39.422607, 21.161171, 0.0)
(39.208351, 21.102488, 0.0)
(38.999722, 21.086554, 0.0)
(38.755199, 21.126123, 0.0)
(37.042690, 20.927206, 0.0)
(36.650528, 21.042061, 0.0)
(36.479389, 20.986422, 0.0)
(36.375816, 20.979404, 0.0)
(36.162060, 20.947187, 0.0)
(36.000149, 20.892902, 0.0)
(35.885998, 20.960987, 0.0)
(35.649590, 20.912466, 0.0)
(33.018883, 21.020000, 0.0)
(32.725807, 21.071915, 0.0)
(32.577644, 21.047718, 0.0)
(32.472660, 21.043840, 0.0)
(32.373425, 21.051304, 0.0)
(32.281445, 21.087347, 0.0)
(32.176144, 21.100719, 0.0)
(31.464197, 21.355406, 0.0)
(30.100653, 21.596001, 0.0)
(29.842535, 21.706631, 0.0)
(29.722591, 21.756054, 0.0)
(29.673134, 21.758223, 0.0)
(29.568401, 21.708204, 0.0)
(29.156212, 21.873966, 0.0)
(27.436584, 22.194078, 0.0)
(27.245420, 22.293880, 0.0)
(27.240934, 22.304520, 0.0)
(27.196903, 22.287565, 0.0)
(27.190752, 22.294821, 0.0)
(27.172878, 22.256180, 0.0)
(26.632915, 22.134398, 0.0)
(26.505835, 21.947750, 0.0)
(26.477600, 21.866381, 0.0)
(26.272102, 21.799208, 0.0)
(27.042122, 21.008932, 0.0)
(27.154076, 20.677984, 0.0)
(27.300053, 20.669294, 0.0)
(27.417200, 20.633162, 0.0)
(27.503836, 20.618946, 0.0)
(27.662857, 20.596302, 0.0)
(28.526169, 20.673349, 0.0)
(29.187704, 20.961733, 0.0)
(29.387371, 20.999245, 0.0)
(29.572845, 20.943388, 0.0)
(29.744631, 20.854534, 0.0)
(31.050720, 20.811232, 0.0)
(31.385157, 20.754707, 0.0)
(31.600323, 20.747841, 0.0)
(31.786091, 20.677963, 0.0)
(31.991976, 20.638477, 0.0)
(33.392864, 20.612202, 0.0)
(34.341557, 20.552439, 0.0)
(34.552517, 20.484083, 0.0)
(34.740860, 20.433012, 0.0)
(34.930950, 20.388811, 0.0)
(35.102547, 20.435898, 0.0)
(36.615929, 20.417906, 0.0)
(36.863125, 20.454668, 0.0)
(37.017570, 20.439909, 0.0)
(37.188663, 20.441576, 0.0)
(37.338982, 20.416145, 0.0)
(37.514847, 20.409756, 0.0)
(37.716068, 20.452307, 0.0)
(39.749992, 20.640724, 0.0)
(39.943649, 20.707188, 0.0)
(40.109337, 20.710642, 0.0)
(40.188747, 20.733782, 0.0)
(40.340797, 20.737600, 0.0)
(40.432907, 20.742981, 0.0)
(40.876099, 20.799332, 0.0)
(42.431213, 21.151539, 0.0)
(42.567276, 21.179325, 0.0)
(42.611156, 21.159733, 0.0)
(42.638763, 21.139629, 0.0)
(42.645325, 21.188955, 0.0)
(42.641525, 21.212248, 0.0)
(43.621452, 21.713644, 0.0)
(43.692768, 21.709906, 0.0)
(43.684761, 21.669258, 0.0)
(43.673512, 21.682487, 0.0)
(43.664097, 21.647009, 0.0)
(43.607254, 21.260054, 0.0)
(43.620651, 20.960424, 0.0)
(43.614643, 20.899145, 0.0)
(43.561012, 20.831940, 0.0)
(43.540104, 20.818701, 0.0)
(43.471386, 20.733597, 0.0)
(43.361214, 20.626244, 0.0)
(43.265041, 20.548601, 0.0)
(43.127884, 20.408245, 0.0)
(42.037945, 20.098461, 0.0)
(41.878124, 20.083782, 0.0)
(41.783516, 20.046827, 0.0)
(41.663292, 20.075914, 0.0)
(41.493576, 20.016232, 0.0)
(41.391907, 20.018461, 0.0)
(41.266171, 19.999138, 0.0)
(40.154751, 19.977873, 0.0)
(39.420204, 19.972704, 0.0)
(39.221043, 19.927649, 0.0)
(38.982178, 19.939102, 0.0)
(38.766663, 19.909172, 0.0)
(38.502197, 19.858461, 0.0)
(37.070026, 19.835274, 0.0)
(36.782272, 19.900286, 0.0)
(36.590069, 19.882824, 0.0)
(36.417366, 19.876064, 0.0)
(36.248425, 19.885633, 0.0)
(36.076561, 19.825806, 0.0)
(35.907883, 19.800035, 0.0)
(34.394455, 19.835941, 0.0)
(33.079128, 19.827953, 0.0)
(32.856392, 19.866533, 0.0)
(32.691078, 19.895344, 0.0)
(32.516853, 19.903063, 0.0)
(32.398335, 19.917902, 0.0)
(30.523367, 20.321251, 0.0)
(28.425177, 20.936182, 0.0)
(28.143726, 20.986809, 0.0)
(28.083303, 20.995510, 0.0)
(28.034626, 20.983732, 0.0)
(28.009014, 20.986851, 0.0)
(27.958582, 20.958494, 0.0)
(27.941307, 20.972780, 0.0)
(27.868231, 20.968485, 0.0)
(27.603037, 21.061872, 0.0)
(26.618898, 21.069916, 0.0)
(26.509949, 21.051294, 0.0)
(26.501972, 21.044649, 0.0)
(26.497673, 21.058432, 0.0)
(26.495119, 21.063820, 0.0)
(26.485022, 21.054123, 0.0)
(26.446535, 21.030300, 0.0)
(26.431717, 20.992579, 0.0)
(26.393656, 20.929375, 0.0)
(26.393656, 20.929375, 0.0)
(26.393358, 20.983616, 0.0)
(26.173191, 20.576941, 0.0)
(26.164053, 20.442352, 0.0)
(26.195452, 20.384184, 0.0)
(26.189934, 20.328539, 0.0)
(26.207823, 20.285366, 0.0)
(26.315762, 20.286140, 0.0)
(27.362093, 20.111547, 0.0)
(27.847876, 20.030325, 0.0)
(28.006374, 20.002279, 0.0)
(28.183556, 19.926405, 0.0)
(28.396141, 19.794912, 0.0)
(30.107950, 19.741261, 0.0)
(30.415697, 19.732506, 0.0)
(30.583899, 19.701227, 0.0)
(30.774567, 19.679821, 0.0)
(30.986839, 19.665600, 0.0)
(31.134661, 19.663507, 0.0)
(31.318258, 19.638008, 0.0)
(33.004906, 19.493753, 0.0)
(33.355530, 19.440613, 0.0)
(33.476944, 19.403875, 0.0)
(33.628025, 19.277243, 0.0)
(33.745956, 19.315697, 0.0)
(33.890816, 19.292896, 0.0)
(35.158131, 19.232916, 0.0)
(35.605350, 19.132015, 0.0)
(35.725594, 19.078571, 0.0)
(35.921169, 19.022654, 0.0)
(37.261951, 19.216749, 0.0)
(37.618496, 19.205128, 0.0)
(37.833763, 19.245413, 0.0)
(38.007195, 19.357412, 0.0)
(38.155758, 19.307461, 0.0)
(39.678516, 19.653158, 0.0)
(42.576023, 20.659660, 0.0)
(42.763039, 20.567375, 0.0)
(42.791656, 20.482275, 0.0)
(42.849285, 20.437477, 0.0)
(42.861744, 20.443548, 0.0)
(42.850956, 20.468168, 0.0)
(42.855713, 20.468065, 0.0)
(42.883411, 20.476709, 0.0)
(42.888119, 20.475897, 0.0)
(43.642094, 20.734385, 0.0)
(43.702694, 20.704189, 0.0)
(43.656483, 20.604395, 0.0)
(43.648167, 20.583504, 0.0)
(43.656471, 20.565899, 0.0)
(43.653179, 20.533995, 0.0)
(43.652103, 20.515205, 0.0)
(43.626148, 20.117611, 0.0)
(43.566620, 20.037197, 0.0)
(43.555042, 20.043077, 0.0)
(43.511166, 19.992939, 0.0)
(43.466679, 19.905233, 0.0)
(43.437122, 19.861927, 0.0)
(43.360935, 19.791702, 0.0)
(43.275303, 19.720684, 0.0)
(43.227051, 19.633415, 0.0)
(43.132034, 19.538713, 0.0)
(43.005779, 19.506992, 0.0)
(41.120342, 18.845713, 0.0)
(40.972389, 18.837067, 0.0)
(40.858452, 18.806854, 0.0)
(40.736771, 18.818935, 0.0)
(40.623463, 18.835716, 0.0)
(40.508209, 18.789948, 0.0)
(40.349213, 18.737400, 0.0)
(39.580666, 18.755007, 0.0)
(38.271133, 18.769701, 0.0)
(38.041634, 18.724545, 0.0)
(37.923965, 18.699408, 0.0)
(37.717079, 18.622580, 0.0)
(37.524933, 18.585766, 0.0)
(37.341740, 18.616461, 0.0)
(37.212902, 18.606470, 0.0)
(35.753216, 18.556807, 0.0)
(35.095680, 18.612976, 0.0)
(34.950573, 18.525517, 0.0)
(34.706852, 18.591209, 0.0)
(34.500385, 18.579714, 0.0)
(33.553524, 18.677572, 0.0)
(30.951286, 19.118130, 0.0)
(30.560795, 19.146019, 0.0)
(30.370129, 19.216976, 0.0)
(30.256046, 19.189907, 0.0)
(30.151995, 19.230627, 0.0)
(30.038794, 19.239794, 0.0)
(29.917122, 19.247381, 0.0)
(29.875675, 19.237244, 0.0)
(29.756145, 19.304098, 0.0)
(27.871998, 19.936741, 0.0)
(27.183264, 20.181684, 0.0)
(27.110348, 20.167074, 0.0)
(27.079245, 20.105474, 0.0)
(27.035799, 20.108244, 0.0)
(27.018290, 20.166779, 0.0)
(26.424570, 20.395182, 0.0)
(26.284487, 20.386858, 0.0)
(26.274595, 20.342422, 0.0)
(26.281385, 20.325882, 0.0)
(26.276197, 20.300241, 0.0)
(26.272152, 20.296989, 0.0)
(26.276491, 20.299173, 0.0)
(26.276491, 20.299173, 0.0)
(26.191652, 20.187439, 0.0)
(26.154015, 20.118027, 0.0)
(26.100832, 19.199448, 0.0)
(26.286720, 19.021769, 0.0)
(26.440857, 18.969830, 0.0)
(26.548746, 18.912909, 0.0)
(26.662207, 18.886284, 0.0)
(28.314835, 18.810337, 0.0)
(28.595387, 18.725309, 0.0)
(28.845255, 18.609512, 0.0)
(29.083309, 18.556107, 0.0)
(29.284256, 18.493605, 0.0)
(31.385868, 18.236244, 0.0)
(31.667698, 18.192009, 0.0)
(31.840054, 18.164705, 0.0)
(32.018311, 18.118912, 0.0)
(32.014652, 17.973618, 0.0)
(34.897282, 17.978170, 0.0)
(35.037903, 17.524567, 0.0)
(35.161762, 17.564491, 0.0)
(35.259052, 17.606733, 0.0)
(35.413593, 17.625996, 0.0)
(35.558922, 17.675941, 0.0)
(37.203407, 17.960340, 0.0)
(37.639565, 18.039248, 0.0)
(37.804890, 18.091467, 0.0)
(37.959499, 18.069214, 0.0)
(38.094879, 18.089535, 0.0)
(38.266701, 18.102303, 0.0)
(39.972485, 18.411093, 0.0)
(40.209694, 18.429247, 0.0)
(40.372578, 18.416262, 0.0)
(40.446354, 18.453640, 0.0)
(40.571842, 18.464230, 0.0)
(43.091530, 19.363831, 0.0)
(43.457111, 19.527384, 0.0)
(43.468849, 19.498291, 0.0)
(43.462959, 19.522095, 0.0)
(43.510639, 19.575848, 0.0)
(43.507221, 19.566994, 0.0)
(43.496460, 19.561623, 0.0)
(43.516815, 19.552162, 0.0)
(43.505070, 19.588852, 0.0)
(43.514782, 19.584284, 0.0)
(43.677608, 19.547401, 0.0)
(43.730125, 19.318153, 0.0)
(43.710938, 19.236971, 0.0)
(43.696873, 19.222290, 0.0)
(43.680229, 19.156218, 0.0)
(43.617332, 19.078831, 0.0)
(43.594162, 19.037174, 0.0)
(43.524628, 19.053638, 0.0)
(43.416527, 18.926697, 0.0)
(42.886688, 18.604847, 0.0)
(42.023014, 18.305872, 0.0)
(41.885090, 18.247423, 0.0)
(41.790298, 18.137651, 0.0)
(41.697197, 18.054850, 0.0)
(41.503670, 17.944389, 0.0)
(40.060654, 17.753759, 0.0)
(39.844982, 17.784615, 0.0)
(39.701813, 17.747833, 0.0)
(39.573124, 17.699600, 0.0)
(39.445896, 17.711561, 0.0)
(39.320286, 17.660797, 0.0)
(39.152760, 17.620695, 0.0)
(37.531494, 17.433996, 0.0)
(37.010754, 17.387537, 0.0)
(36.853218, 17.335688, 0.0)
(36.702187, 17.341137, 0.0)
(36.565243, 17.323732, 0.0)
(36.429703, 17.290627, 0.0)
(34.914421, 17.408480, 0.0)
(34.454407, 17.489079, 0.0)
(34.319290, 17.549971, 0.0)
(34.130390, 17.495293, 0.0)
(33.695190, 17.567644, 0.0)
(30.869034, 17.776411, 0.0)
(30.167713, 17.929989, 0.0)
(29.974981, 17.960659, 0.0)
(29.892168, 18.027514, 0.0)
(29.844339, 18.020203, 0.0)
(29.773825, 17.989693, 0.0)
(29.702248, 17.976524, 0.0)
(29.657495, 17.975401, 0.0)
(29.606066, 18.022419, 0.0)
(29.299702, 18.170008, 0.0)
(27.252731, 18.998308, 0.0)
(27.015806, 19.081259, 0.0)
(26.994219, 19.041471, 0.0)
(26.981962, 19.031401, 0.0)
(26.971827, 19.033424, 0.0)
(26.967077, 19.052174, 0.0)
(26.952576, 19.051779, 0.0)
(26.919493, 19.019838, 0.0)
(26.548477, 19.279886, 0.0)
(26.567692, 19.227207, 0.0)
(26.565395, 19.247190, 0.0)
(26.561752, 19.287636, 0.0)
(26.571291, 19.279488, 0.0)
(26.565939, 19.267708, 0.0)
(26.571974, 19.232107, 0.0)
(26.594255, 19.225443, 0.0)
(26.652697, 19.213087, 0.0)
(26.697025, 19.174320, 0.0)
(26.753170, 19.105089, 0.0)
(26.927578, 18.920818, 0.0)
(26.984455, 18.832928, 0.0)
(28.077936, 18.213131, 0.0)
(28.418440, 18.073051, 0.0)
(28.598772, 18.115488, 0.0)
(28.807703, 18.105190, 0.0)
(30.023813, 17.811966, 0.0)
(30.704824, 17.702438, 0.0)
(30.897495, 17.625128, 0.0)
(31.097403, 17.612257, 0.0)
(31.271938, 17.552038, 0.0)
(31.450903, 17.501694, 0.0)
(31.641644, 17.419882, 0.0)
(34.381943, 17.286453, 0.0)
(34.657001, 17.213037, 0.0)
(34.737652, 17.237108, 0.0)
(34.800526, 17.197842, 0.0)
(34.808163, 17.159670, 0.0)
(34.865051, 17.172693, 0.0)
(34.949463, 17.206636, 0.0)
(35.012733, 17.260801, 0.0)
(35.923943, 17.322872, 0.0)
(37.239464, 17.315401, 0.0)
(37.434395, 17.319885, 0.0)
(37.521626, 17.241379, 0.0)
(37.636646, 17.284235, 0.0)
(37.763874, 17.282007, 0.0)
(40.652225, 18.115318, 0.0)
(42.286659, 18.701412, 0.0)
(42.403336, 18.703953, 0.0)
(42.393970, 18.657215, 0.0)
(42.380337, 18.606371, 0.0)
(42.371525, 18.597111, 0.0)
(42.409294, 18.633722, 0.0)
(42.408741, 18.611235, 0.0)
(42.420681, 18.560514, 0.0)
(42.430340, 18.530951, 0.0)
(42.456936, 18.514517, 0.0)
(42.470928, 18.548800, 0.0)
(42.500591, 18.590570, 0.0)
(42.513836, 18.618004, 0.0)
(42.989128, 18.880205, 0.0)
(43.518459, 19.221342, 0.0)
(43.520679, 19.209169, 0.0)
(43.527588, 19.132868, 0.0)
(43.505856, 19.076559, 0.0)
(43.532402, 19.057375, 0.0)
(43.497585, 19.058100, 0.0)
(43.470360, 19.067621, 0.0)
(43.436855, 18.996262, 0.0)
(43.378017, 18.909769, 0.0)
(42.547722, 17.964062, 0.0)
(42.376637, 17.795963, 0.0)
(42.333817, 17.741667, 0.0)
(42.150948, 17.638481, 0.0)
(42.017471, 17.496241, 0.0)
(40.686310, 17.102812, 0.0)
(40.024517, 16.968645, 0.0)
(39.831909, 16.886791, 0.0)
(39.509106, 16.810234, 0.0)
(39.338928, 16.719732, 0.0)
(39.164742, 16.687912, 0.0)
(38.920071, 16.574909, 0.0)
(38.685383, 16.505146, 0.0)
(38.412189, 16.520100, 0.0)
(38.182648, 16.401350, 0.0)
(37.906261, 16.335405, 0.0)
(36.402069, 16.303787, 0.0)
(36.046642, 16.359152, 0.0)
(35.843071, 16.351948, 0.0)
(35.645424, 16.318521, 0.0)
(35.435284, 16.266624, 0.0)
(35.198582, 16.266005, 0.0)
(34.933060, 16.285732, 0.0)
(34.714344, 16.289087, 0.0)
(33.314438, 16.699495, 0.0)
(32.308765, 16.762407, 0.0)
(32.082748, 16.774090, 0.0)
(31.921404, 16.782192, 0.0)
(31.767702, 16.827610, 0.0)
(31.571915, 16.835747, 0.0)
(31.461842, 16.802229, 0.0)
(31.313011, 16.855783, 0.0)
(29.148102, 17.546921, 0.0)
(28.898581, 17.601864, 0.0)
(28.801455, 17.650705, 0.0)
(28.725042, 17.612686, 0.0)
(28.671864, 17.652044, 0.0)
(27.228024, 18.307171, 0.0)
(26.970814, 18.476429, 0.0)
(26.894659, 18.455109, 0.0)
(26.871445, 18.458788, 0.0)
(26.846441, 18.465687, 0.0)
(26.833187, 18.471603, 0.0)
(26.825623, 18.478926, 0.0)
(26.468155, 18.730238, 0.0)
(26.385321, 18.674810, 0.0)
(26.409307, 18.643320, 0.0)
(26.402136, 18.628685, 0.0)
(26.402300, 18.616474, 0.0)
(26.396341, 18.569000, 0.0)
(26.461708, 18.470554, 0.0)
(26.536394, 18.286295, 0.0)
(26.594696, 18.211311, 0.0)
(26.676981, 18.108145, 0.0)
(26.764645, 17.998770, 0.0)
(27.570843, 17.554472, 0.0)
(28.604876, 17.112427, 0.0)
(28.818302, 17.024206, 0.0)
(29.002752, 16.895931, 0.0)
(29.124367, 16.852234, 0.0)
(29.135197, 16.818804, 0.0)
(29.804699, 17.403835, 0.0)
(31.573013, 15.965413, 0.0)
(31.747374, 15.844324, 0.0)
(31.916677, 16.036348, 0.0)
(32.061424, 16.087286, 0.0)
(32.227844, 16.028986, 0.0)
(32.504311, 16.036856, 0.0)
(32.721592, 16.020287, 0.0)
(32.916401, 16.011250, 0.0)
(33.185234, 16.007650, 0.0)
(35.170692, 15.953986, 0.0)
(35.502144, 15.997192, 0.0)
(35.668655, 15.988161, 0.0)
(35.899097, 15.963437, 0.0)
(36.043053, 15.919517, 0.0)
(36.661594, 16.002136, 0.0)
(38.030865, 16.181627, 0.0)
(38.281548, 16.119862, 0.0)
(38.354408, 16.188341, 0.0)
(38.464577, 16.246155, 0.0)
(38.523220, 16.202267, 0.0)
(41.356579, 17.122461, 0.0)
(42.722752, 17.684523, 0.0)
(42.851261, 17.755346, 0.0)
(42.839760, 17.741896, 0.0)
(42.807201, 17.731209, 0.0)
(42.808697, 17.736263, 0.0)
(42.798092, 17.707243, 0.0)
(42.774433, 17.674410, 0.0)
(42.767544, 17.706150, 0.0)
(42.779968, 17.689415, 0.0)
(42.880470, 17.756359, 0.0)
(43.352463, 18.062828, 0.0)
(43.418018, 18.116323, 0.0)
(43.409355, 18.025921, 0.0)
(43.372177, 18.004084, 0.0)
(43.330322, 18.084103, 0.0)
(43.318893, 18.103430, 0.0)
(43.294662, 18.048145, 0.0)
(43.283237, 17.952206, 0.0)
(43.266949, 17.913986, 0.0)
(43.228390, 17.755993, 0.0)
(43.228306, 17.573147, 0.0)
(43.119122, 17.444054, 0.0)
(43.008568, 17.356812, 0.0)
(41.651577, 16.649176, 0.0)
(41.468735, 16.541664, 0.0)
(41.309589, 16.441465, 0.0)
(41.193111, 16.368301, 0.0)
(40.983025, 16.276699, 0.0)
(40.835392, 16.244917, 0.0)
(40.648449, 16.125248, 0.0)
(40.529434, 16.030142, 0.0)
(38.099434, 15.574673, 0.0)
(37.883801, 15.626857, 0.0)
(37.710472, 15.586316, 0.0)
(37.583172, 15.518420, 0.0)
(37.461182, 15.512519, 0.0)
(37.346935, 15.511915, 0.0)
(36.667671, 15.426030, 0.0)
(34.615536, 15.219098, 0.0)
(34.583817, 15.094505, 0.0)
(34.505672, 15.205129, 0.0)
(34.401268, 15.238095, 0.0)
(34.313423, 15.287180, 0.0)
(34.058628, 15.312637, 0.0)
(31.347137, 15.867056, 0.0)
(30.926619, 15.936897, 0.0)
(30.807535, 15.940903, 0.0)
(30.660189, 15.938084, 0.0)
(30.563972, 15.996547, 0.0)
(30.474268, 16.097963, 0.0)
(28.859402, 16.774370, 0.0)
(27.344503, 17.330996, 0.0)
(27.120646, 17.383627, 0.0)
(27.107632, 17.337229, 0.0)
(27.084827, 17.353321, 0.0)
(27.074846, 17.351206, 0.0)
(27.058914, 17.332314, 0.0)
(27.043013, 17.336716, 0.0)
(27.030842, 17.354111, 0.0)
(27.012131, 17.369165, 0.0)
(26.981401, 17.399677, 0.0)
(26.977144, 17.389380, 0.0)
(26.370583, 17.795351, 0.0)
(26.217424, 17.745266, 0.0)
(26.251936, 17.693663, 0.0)
(26.242872, 17.722038, 0.0)
(26.248020, 17.723595, 0.0)
(26.247282, 17.705015, 0.0)
(26.279108, 17.609825, 0.0)
(26.343197, 17.510513, 0.0)
(26.423918, 17.303583, 0.0)
(26.346336, 17.072100, 0.0)
(26.428671, 16.982428, 0.0)
(26.527739, 16.899900, 0.0)
(26.613453, 16.784452, 0.0)
(27.628023, 16.393847, 0.0)
(27.821634, 16.344322, 0.0)
(28.009960, 16.245193, 0.0)
(28.240231, 16.155390, 0.0)
(28.407183, 16.096771, 0.0)
(29.885376, 15.739602, 0.0)
(30.254421, 15.667236, 0.0)
(30.483440, 15.568333, 0.0)
(30.688971, 15.503192, 0.0)
(30.918863, 15.480292, 0.0)
(31.135439, 15.448760, 0.0)
(31.408852, 15.403904, 0.0)
(33.188793, 15.162130, 0.0)
(33.419468, 15.167015, 0.0)
(33.597721, 15.103552, 0.0)
(33.721714, 15.114573, 0.0)
(33.860031, 15.076131, 0.0)
(34.009727, 15.069675, 0.0)
(34.130520, 15.021158, 0.0)
(35.400528, 14.964306, 0.0)
(35.972576, 14.947835, 0.0)
(36.164032, 14.939332, 0.0)
(36.367397, 14.950820, 0.0)
(36.528397, 14.964573, 0.0)
(37.363724, 15.106165, 0.0)
(38.596382, 15.306850, 0.0)
(38.806408, 15.390784, 0.0)
(38.900707, 15.397306, 0.0)
(38.984711, 15.386435, 0.0)
(39.142662, 15.449283, 0.0)
(39.217403, 15.493006, 0.0)
(39.327213, 15.481750, 0.0)
(41.220955, 16.251308, 0.0)
(42.480511, 16.894674, 0.0)
(42.582108, 16.955702, 0.0)
(42.564236, 16.929827, 0.0)
(42.551212, 16.931524, 0.0)
(42.542744, 16.936842, 0.0)
(42.541534, 16.928122, 0.0)
(42.541534, 16.928122, 0.0)
(43.326797, 17.393087, 0.0)
(43.378292, 17.445299, 0.0)
(43.358879, 17.433783, 0.0)
(43.361961, 17.410486, 0.0)
(43.338604, 17.400732, 0.0)
(43.294487, 17.362162, 0.0)
(43.260117, 17.365488, 0.0)
(42.568489, 16.655266, 0.0)
(42.383461, 16.257002, 0.0)
(42.332981, 16.189816, 0.0)
(42.241253, 16.175459, 0.0)
(42.173409, 16.155680, 0.0)
(42.108639, 16.014090, 0.0)
(42.028809, 15.910999, 0.0)
(40.753216, 15.541578, 0.0)
(40.506149, 15.510375, 0.0)
(40.433861, 15.451097, 0.0)
(40.311569, 15.387305, 0.0)
(40.176643, 15.298359, 0.0)
(39.553314, 15.083469, 0.0)
(38.572357, 14.951497, 0.0)
(38.326485, 14.920710, 0.0)
(38.210335, 14.889246, 0.0)
(37.892914, 15.002558, 0.0)
(36.016514, 14.664375, 0.0)
(35.935001, 14.480164, 0.0)
(35.840714, 14.582984, 0.0)
(35.760353, 14.605321, 0.0)
(35.580696, 14.572880, 0.0)
(35.473251, 14.575105, 0.0)
(34.012943, 14.728731, 0.0)
(32.575077, 14.964812, 0.0)
(32.315693, 15.021902, 0.0)
(32.141773, 15.031107, 0.0)
(32.039326, 15.044943, 0.0)
(31.915922, 15.050692, 0.0)
(31.820913, 15.035938, 0.0)
(29.623274, 15.713668, 0.0)
(28.890633, 15.860222, 0.0)
(28.780813, 15.857812, 0.0)
(28.689709, 15.871816, 0.0)
(28.654787, 15.865177, 0.0)
(28.624949, 15.843542, 0.0)
(28.608864, 15.834378, 0.0)
(27.965366, 16.177086, 0.0)
(27.190752, 16.530300, 0.0)
(27.087086, 16.574539, 0.0)
(27.119020, 16.503571, 0.0)
(27.100088, 16.443293, 0.0)
(27.076054, 16.426201, 0.0)
(27.070946, 16.427671, 0.0)
(27.032320, 16.460735, 0.0)
(26.705460, 16.679802, 0.0)
(26.507019, 16.745604, 0.0)
(26.491837, 16.715250, 0.0)
(26.496603, 16.715300, 0.0)
(26.501350, 16.715889, 0.0)
(26.513590, 16.717196, 0.0)
(26.541193, 16.676792, 0.0)
(26.507318, 16.613787, 0.0)
(26.555382, 16.250353, 0.0)
(26.583214, 16.103479, 0.0)
(26.658768, 16.031532, 0.0)
(26.725626, 15.970257, 0.0)
(27.884302, 15.660395, 0.0)
(28.119019, 15.496091, 0.0)
(28.364138, 15.302057, 0.0)
(28.598883, 15.209080, 0.0)
(28.868816, 15.098826, 0.0)
(29.106195, 15.015385, 0.0)
(30.287159, 14.771313, 0.0)
(31.223198, 14.600863, 0.0)
(31.494543, 14.509604, 0.0)
(31.723942, 14.432165, 0.0)
(31.896336, 14.426238, 0.0)
(32.117054, 14.418342, 0.0)
(32.338291, 14.384684, 0.0)
(32.570431, 14.357887, 0.0)
(33.857277, 14.301538, 0.0)
(34.325233, 14.244287, 0.0)
(34.500549, 14.184758, 0.0)
(34.640114, 14.124996, 0.0)
(37.702396, 14.385934, 0.0)
(37.838654, 14.401408, 0.0)
(37.970116, 14.520174, 0.0)
(38.028240, 14.518465, 0.0)
(38.071838, 14.534660, 0.0)
(38.091541, 14.521930, 0.0)
(38.141979, 14.485076, 0.0)
(38.202507, 14.519788, 0.0)
(38.239281, 14.520889, 0.0)
(40.571938, 15.407125, 0.0)
(41.924080, 15.966891, 0.0)
(42.023190, 15.978657, 0.0)
(42.045959, 15.924953, 0.0)
(42.044159, 15.910559, 0.0)
(42.027317, 15.883979, 0.0)
(42.019066, 15.827373, 0.0)
(42.203106, 15.924260, 0.0)
(42.798885, 16.212421, 0.0)
(42.884014, 16.253757, 0.0)
(42.832932, 16.253529, 0.0)
(42.828518, 16.264801, 0.0)
(42.811314, 16.238667, 0.0)
(42.824024, 16.214790, 0.0)
(42.800297, 16.169531, 0.0)
(42.745464, 16.131155, 0.0)
(42.606083, 15.747425, 0.0)
(42.445381, 15.518123, 0.0)
(42.420563, 15.503503, 0.0)
(42.425785, 15.464929, 0.0)
(42.373272, 15.415906, 0.0)
(42.366966, 15.415255, 0.0)
(42.258278, 15.382202, 0.0)
(41.030575, 14.899503, 0.0)
(40.576733, 14.808674, 0.0)
(40.497726, 14.715339, 0.0)
(40.307121, 14.580996, 0.0)
(40.163029, 14.491401, 0.0)
(40.007160, 14.419705, 0.0)
(38.260235, 14.232424, 0.0)
(37.533756, 14.154147, 0.0)
(37.306557, 14.140969, 0.0)
(37.165623, 14.072296, 0.0)
(37.029366, 14.030769, 0.0)
(36.856544, 14.000234, 0.0)
(36.787128, 13.999452, 0.0)
(36.670166, 13.970962, 0.0)
(36.565468, 13.944300, 0.0)
(36.422985, 13.941258, 0.0)
(33.951290, 13.994761, 0.0)
(33.710869, 14.014520, 0.0)
(33.557064, 14.002824, 0.0)
(33.422680, 13.974245, 0.0)
(33.362061, 13.960008, 0.0)
(33.247261, 13.874809, 0.0)
(32.208488, 14.144518, 0.0)
(29.942595, 14.728709, 0.0)
(29.534321, 14.788489, 0.0)
(29.471022, 14.780500, 0.0)
(29.433073, 14.766214, 0.0)
(29.308603, 14.746853, 0.0)
(29.072042, 14.848480, 0.0)
(27.392496, 15.722473, 0.0)
(27.181278, 15.759250, 0.0)
(27.151115, 15.735051, 0.0)
(27.151667, 15.715139, 0.0)
(27.127569, 15.708149, 0.0)
(27.118231, 15.671998, 0.0)
(27.095253, 15.660073, 0.0)
(27.095976, 15.667936, 0.0)
(26.420191, 16.015232, 0.0)
(26.382528, 15.973323, 0.0)
(26.381273, 15.954303, 0.0)
(26.371330, 15.948923, 0.0)
(26.376421, 15.958671, 0.0)
(26.366413, 15.960909, 0.0)
(26.359306, 15.926154, 0.0)
(26.372789, 15.872594, 0.0)
(26.374296, 15.783311, 0.0)
(26.431919, 15.774259, 0.0)
(26.441910, 15.756230, 0.0)
(26.463669, 15.727409, 0.0)
(26.416185, 15.737278, 0.0)
(26.413513, 15.676586, 0.0)
(26.456661, 15.610899, 0.0)
(27.671246, 14.942683, 0.0)
(28.061308, 14.777455, 0.0)
(28.129835, 14.697042, 0.0)
(29.441963, 14.264674, 0.0)
(32.309563, 13.581187, 0.0)
(32.506535, 13.564970, 0.0)
(32.613102, 13.508244, 0.0)
(32.748577, 13.467765, 0.0)
(32.872498, 13.386732, 0.0)
(33.036339, 13.380790, 0.0)
(33.129879, 13.325662, 0.0)
(33.289051, 13.302043, 0.0)
(33.469139, 13.294430, 0.0)
(33.589752, 13.253869, 0.0)
(33.677326, 13.234775, 0.0)
(33.772179, 13.234086, 0.0)
(33.863724, 13.175944, 0.0)
(33.957798, 13.185542, 0.0)
(34.068363, 13.132764, 0.0)
(35.153019, 13.208494, 0.0)
(35.379768, 13.244616, 0.0)
(35.490723, 13.230769, 0.0)
(35.617146, 13.130126, 0.0)
(36.824936, 13.309704, 0.0)
(37.795540, 13.451428, 0.0)
(37.972206, 13.465139, 0.0)
(38.032257, 13.485100, 0.0)
(39.411869, 14.000433, 0.0)
(40.096298, 14.373973, 0.0)
(40.195900, 14.359273, 0.0)
(40.253899, 14.377242, 0.0)
(40.298256, 14.366600, 0.0)
(40.303684, 14.364179, 0.0)
(40.645790, 14.551589, 0.0)
(41.543327, 15.063716, 0.0)
(41.630985, 15.136904, 0.0)
(41.637306, 15.137419, 0.0)
(41.654572, 15.165528, 0.0)
(42.304123, 15.601778, 0.0)
(42.360775, 15.682758, 0.0)
(42.332645, 15.628629, 0.0)
(42.313927, 15.563684, 0.0)
(42.319191, 15.545241, 0.0)
(42.322960, 15.554828, 0.0)
(42.288139, 15.566894, 0.0)
(42.285347, 15.602774, 0.0)
(42.274872, 15.579357, 0.0)
(42.275818, 15.614394, 0.0)
(42.275463, 15.572413, 0.0)
(42.273132, 15.574047, 0.0)
(42.262623, 15.579578, 0.0)
(42.250145, 15.516292, 0.0)
(42.183277, 15.575521, 0.0)
(42.392529, 15.918580, 0.0)
(43.556644, 19.745312, 0.0)
(43.618462, 20.090052, 0.0)
(43.578629, 20.324848, 0.0)
(43.593807, 20.292498, 0.0)
(43.606075, 20.324511, 0.0)
(43.612328, 20.340916, 0.0)
(43.621307, 20.372450, 0.0)
(43.619549, 20.418835, 0.0)
(43.632248, 20.436039, 0.0)
(43.661987, 20.438583, 0.0)
(43.685822, 20.446053, 0.0)
(43.696812, 20.461845, 0.0)
(43.727043, 20.482016, 0.0)
(43.739628, 20.472218, 0.0)
(43.734306, 20.462727, 0.0)
(43.736610, 20.454868, 0.0)
(43.731892, 20.470922, 0.0)
(43.770889, 20.590097, 0.0)
(44.040619, 23.216633, 0.0)
(43.827126, 24.111666, 0.0)
(43.786560, 24.182522, 0.0)
(43.778961, 24.111589, 0.0)
(43.778961, 24.111589, 0.0)
(43.771389, 24.098625, 0.0)
(43.778961, 24.111589, 0.0)
(43.783710, 24.086031, 0.0)
(43.799274, 24.073847, 0.0)
(43.776085, 24.097725, 0.0)
(43.768864, 24.084383, 0.0)
(43.769169, 24.089769, 0.0)
(43.759140, 24.088844, 0.0)
(43.761383, 24.067572, 0.0)
(43.754517, 24.063772, 0.0)
(43.754517, 24.063772, 0.0)
(43.754574, 24.058472, 0.0)
(43.735786, 24.002789, 0.0)
(43.728493, 24.014833, 0.0)
(43.230236, 24.397444, 0.0)
(43.087646, 24.560352, 0.0)
(43.093296, 24.533089, 0.0)
(43.080959, 24.485830, 0.0)
(43.050701, 24.483868, 0.0)
(43.007870, 24.452673, 0.0)
(42.981552, 24.445503, 0.0)
(42.921982, 24.414110, 0.0)
(42.869682, 24.389244, 0.0)
(42.800339, 24.394175, 0.0)
(42.710938, 24.336452, 0.0)
(42.691624, 24.345787, 0.0)
(42.623623, 24.294256, 0.0)
(42.785553, 23.885763, 0.0)
(43.027462, 22.515408, 0.0)
(43.023716, 22.427599, 0.0)
(42.991867, 22.262037, 0.0)
(43.003265, 22.188799, 0.0)
(43.007713, 22.062733, 0.0)
(43.017128, 21.936384, 0.0)
(43.433781, 21.217375, 0.0)
(43.443584, 21.081318, 0.0)
(43.453194, 20.971828, 0.0)
(43.442986, 20.877523, 0.0)
(43.438587, 20.762192, 0.0)
(43.530991, 19.966311, 0.0)
(43.388741, 19.000341, 0.0)
(43.347908, 18.902950, 0.0)
(43.322926, 18.836899, 0.0)
(43.274357, 18.790400, 0.0)
(43.285492, 18.762726, 0.0)
(43.269478, 18.379148, 0.0)
(43.091511, 17.403864, 0.0)
(43.023121, 17.214285, 0.0)
(43.019592, 17.190672, 0.0)
(43.013233, 17.118774, 0.0)
(43.031170, 17.079939, 0.0)
(41.537289, 14.943339, 0.0)
(41.902950, 15.688687, 0.0)
(41.935387, 15.842576, 0.0)
(41.941833, 15.877892, 0.0)
(42.037766, 16.129351, 0.0)
(42.452374, 18.224205, 0.0)
(42.445679, 18.403858, 0.0)
(42.428875, 18.422251, 0.0)
(42.429985, 18.444069, 0.0)
(42.426559, 18.458384, 0.0)
(42.414543, 18.534653, 0.0)
(42.419632, 18.539785, 0.0)
(42.977951, 21.762545, 0.0)
(42.595581, 23.093575, 0.0)
(42.465588, 23.174683, 0.0)
(42.426910, 23.134012, 0.0)
(42.373199, 23.136271, 0.0)
(42.341858, 23.106539, 0.0)
(42.293694, 23.019421, 0.0)
(42.278889, 23.034033, 0.0)
(42.727821, 23.852242, 0.0)
(42.698769, 24.289892, 0.0)
(42.632839, 24.281414, 0.0)
(42.617241, 24.228762, 0.0)
(42.592243, 24.266611, 0.0)
(42.590473, 24.275171, 0.0)
(42.587322, 24.251534, 0.0)
(42.592003, 24.253910, 0.0)
(42.584076, 24.330055, 0.0)
(42.572948, 24.381046, 0.0)
(42.581322, 24.371822, 0.0)
(42.576851, 24.374399, 0.0)
(42.562469, 24.336155, 0.0)
(42.554401, 24.328312, 0.0)
(42.564384, 24.350149, 0.0)
(42.553391, 24.353329, 0.0)
(42.551979, 24.345636, 0.0)
(42.544785, 24.335608, 0.0)
(42.539509, 24.327032, 0.0)
(42.524712, 24.324070, 0.0)
(42.517555, 24.321295, 0.0)
(42.518406, 24.281542, 0.0)
(42.521755, 24.303631, 0.0)
(42.505035, 24.286760, 0.0)
(42.503082, 24.303797, 0.0)
(42.454788, 24.290045, 0.0)
(42.381096, 24.263119, 0.0)
(41.244152, 23.995897, 0.0)
(41.256332, 23.858519, 0.0)
(41.230583, 23.938169, 0.0)
(41.222805, 23.802677, 0.0)
(41.644981, 23.159496, 0.0)
(41.924267, 22.187336, 0.0)
(41.942825, 21.990671, 0.0)
(41.952557, 21.825830, 0.0)
(41.966705, 21.568861, 0.0)
(41.980537, 21.351681, 0.0)
(41.977245, 21.181538, 0.0)
(42.006176, 20.999958, 0.0)
(42.009460, 20.865734, 0.0)
(42.023972, 20.689440, 0.0)
(41.929291, 20.183899, 0.0)
(41.928661, 19.560225, 0.0)
(41.925053, 19.379438, 0.0)
(41.942944, 19.266916, 0.0)
(41.919304, 19.143505, 0.0)
(41.936298, 18.961281, 0.0)
(41.985966, 18.152817, 0.0)
(41.943127, 17.959318, 0.0)
(41.926571, 17.887745, 0.0)
(41.928711, 17.789743, 0.0)
(41.923309, 17.709209, 0.0)
(41.937279, 17.688162, 0.0)
(41.945652, 17.617958, 0.0)
(41.913586, 16.972164, 0.0)
(41.810955, 16.664715, 0.0)
(41.774712, 16.544022, 0.0)
(41.766006, 16.499578, 0.0)
(41.768539, 16.455332, 0.0)
(40.302803, 14.458191, 0.0)
(40.187447, 14.580816, 0.0)
(40.187447, 14.580816, 0.0)
(40.122238, 14.610852, 0.0)
(40.143845, 14.625236, 0.0)
(40.135838, 14.615385, 0.0)
(40.413982, 15.005616, 0.0)
(40.754028, 15.891726, 0.0)
(40.777660, 16.070206, 0.0)
(40.751286, 16.139093, 0.0)
(40.767372, 16.263367, 0.0)
(40.780426, 16.354900, 0.0)
(40.770203, 16.409985, 0.0)
(41.275875, 18.578936, 0.0)
(41.243168, 18.941101, 0.0)
(41.215591, 18.940035, 0.0)
(41.222832, 18.997046, 0.0)
(41.226723, 19.011148, 0.0)
(41.210720, 19.054546, 0.0)
(41.206570, 19.117409, 0.0)
(41.217121, 19.147713, 0.0)
(41.217121, 19.147713, 0.0)
(41.572403, 20.823500, 0.0)
(41.362522, 21.409826, 0.0)
(41.307121, 21.406124, 0.0)
(41.268723, 21.419218, 0.0)
(41.255909, 21.401834, 0.0)
(41.230656, 21.450756, 0.0)
(41.223331, 21.417482, 0.0)
(41.746399, 23.440220, 0.0)
(41.478615, 23.926699, 0.0)
(41.421688, 23.876923, 0.0)
(41.386681, 23.839647, 0.0)
(41.377316, 23.839201, 0.0)
(41.377316, 23.839201, 0.0)
(41.377316, 23.839201, 0.0)
(41.370743, 23.827435, 0.0)
(41.352959, 23.858524, 0.0)
(41.341042, 23.882662, 0.0)
(41.286610, 24.073717, 0.0)
(41.151844, 24.464193, 0.0)
(41.137573, 24.492619, 0.0)
(41.139637, 24.470442, 0.0)
(41.133064, 24.495432, 0.0)
(41.120388, 24.506678, 0.0)
(41.103020, 24.475439, 0.0)
(41.091141, 24.491064, 0.0)
(41.084656, 24.491997, 0.0)
(41.053001, 24.496593, 0.0)
(41.044258, 24.490471, 0.0)
(40.927166, 24.349539, 0.0)
(40.062759, 24.431501, 0.0)
(40.031452, 23.850487, 0.0)
(39.987026, 23.720495, 0.0)
(40.016853, 23.643997, 0.0)
(40.115719, 22.927641, 0.0)
(40.452576, 21.177250, 0.0)
(40.434589, 20.897360, 0.0)
(40.418064, 20.782507, 0.0)
(40.421429, 20.562729, 0.0)
(40.390522, 20.013210, 0.0)
(40.316341, 17.958132, 0.0)
(40.266365, 17.742981, 0.0)
(40.255386, 17.679720, 0.0)
(40.300167, 17.591990, 0.0)
(40.300369, 17.558975, 0.0)
(40.320827, 17.483803, 0.0)
(40.328869, 17.443287, 0.0)
(40.312542, 17.310476, 0.0)
(40.299625, 17.289377, 0.0)
(40.289425, 17.278742, 0.0)
(40.294926, 17.217485, 0.0)
(40.295017, 17.180916, 0.0)
(40.278328, 17.100725, 0.0)
(40.265598, 17.035898, 0.0)
(40.265007, 17.020906, 0.0)
(40.267612, 16.998114, 0.0)
(40.302814, 16.488337, 0.0)
(40.214565, 15.702154, 0.0)
(40.181992, 15.614498, 0.0)
(40.060543, 15.518689, 0.0)
(40.061764, 15.481011, 0.0)
(40.053406, 15.406284, 0.0)
(40.051643, 15.251657, 0.0)
(39.968472, 14.581819, 0.0)
(39.935539, 14.415851, 0.0)
(39.935539, 14.415851, 0.0)
(39.923855, 14.415731, 0.0)
(39.909748, 14.428824, 0.0)
(39.738400, 14.269011, 0.0)
(39.590874, 13.861656, 0.0)
(39.568459, 13.825486, 0.0)
(39.539284, 13.831111, 0.0)
(39.540565, 13.859879, 0.0)
(39.476517, 13.866083, 0.0)
(39.450371, 13.876044, 0.0)
(39.445251, 13.869313, 0.0)
(39.416492, 13.852460, 0.0)
(39.387119, 13.834887, 0.0)
(39.357956, 13.832982, 0.0)
(38.629208, 13.695105, 0.0)
(38.542168, 13.664479, 0.0)
(38.527103, 13.661538, 0.0)
(38.508129, 13.666494, 0.0)
(38.505627, 13.706882, 0.0)
(38.926270, 14.628792, 0.0)
(38.939819, 15.017650, 0.0)
(38.910679, 15.080122, 0.0)
(38.913223, 15.047362, 0.0)
(38.907413, 15.099863, 0.0)
(38.913834, 15.157066, 0.0)
(38.937748, 15.216847, 0.0)
(39.259624, 15.999346, 0.0)
(39.329605, 16.852324, 0.0)
(39.305126, 16.975426, 0.0)
(39.312893, 17.013378, 0.0)
(39.324455, 17.066889, 0.0)
(39.325157, 17.126703, 0.0)
(39.356552, 17.197542, 0.0)
(39.340881, 17.195221, 0.0)
(39.380848, 17.496881, 0.0)
(39.792747, 20.514309, 0.0)
(39.704384, 21.393476, 0.0)
(39.612686, 21.511763, 0.0)
(39.531868, 21.515526, 0.0)
(39.511642, 21.501253, 0.0)
(39.506668, 21.438887, 0.0)
(39.475914, 21.414762, 0.0)
(39.478981, 21.484209, 0.0)
(39.472187, 21.455898, 0.0)
(39.735786, 22.681978, 0.0)
(39.698193, 23.748495, 0.0)
(39.578468, 23.859722, 0.0)
(39.568222, 23.821581, 0.0)
(39.576553, 23.799608, 0.0)
(39.578262, 23.828033, 0.0)
(39.554409, 23.843460, 0.0)
(39.560112, 23.838619, 0.0)
(39.561787, 23.827139, 0.0)
(39.573174, 23.799591, 0.0)
(39.560593, 23.805529, 0.0)
(39.544701, 23.824873, 0.0)
(39.533039, 23.818468, 0.0)
(39.542843, 23.827692, 0.0)
(39.534382, 23.836605, 0.0)
(39.532150, 23.813416, 0.0)
(39.526962, 23.797117, 0.0)
(39.295025, 24.081726, 0.0)
(39.219757, 24.121609, 0.0)
(39.222458, 24.109745, 0.0)
(39.202492, 24.097042, 0.0)
(39.179302, 24.084185, 0.0)
(39.149628, 24.093012, 0.0)
(39.111771, 24.073753, 0.0)
(38.517471, 23.961424, 0.0)
(38.400665, 23.883575, 0.0)
(38.342491, 23.871552, 0.0)
(38.324730, 23.815048, 0.0)
(38.431252, 23.341846, 0.0)
(38.592236, 21.927423, 0.0)
(38.520863, 21.686010, 0.0)
(38.499043, 21.500214, 0.0)
(38.494965, 21.176844, 0.0)
(38.710201, 18.607901, 0.0)
(38.649040, 17.746834, 0.0)
(38.598495, 17.534140, 0.0)
(38.635487, 17.615620, 0.0)
(38.581734, 17.487385, 0.0)
(38.563549, 17.411043, 0.0)
(38.578594, 17.382524, 0.0)
(38.526451, 17.345722, 0.0)
(38.538868, 17.279755, 0.0)
(38.552174, 17.224424, 0.0)
(38.544594, 17.112324, 0.0)
(38.556782, 17.092003, 0.0)
(38.134613, 16.394127, 0.0)
(38.149189, 15.508425, 0.0)
(38.122429, 15.399140, 0.0)
(38.101688, 15.419108, 0.0)
(38.085300, 15.381289, 0.0)
(38.092010, 15.375342, 0.0)
(38.231953, 14.767485, 0.0)
(38.137810, 14.150916, 0.0)
(38.100361, 14.114128, 0.0)
(38.060436, 14.040775, 0.0)
(38.008373, 13.418568, 0.0)
(37.998238, 13.362190, 0.0)
(37.985081, 13.377083, 0.0)
(37.946255, 13.392778, 0.0)
(37.947304, 13.361507, 0.0)
(37.927151, 13.348962, 0.0)
(37.919807, 13.347765, 0.0)
(37.916889, 13.339794, 0.0)
(37.891224, 13.334126, 0.0)
(37.889309, 13.348895, 0.0)
(37.047943, 13.346606, 0.0)
(36.922661, 13.348007, 0.0)
(36.895435, 13.334657, 0.0)
(36.877327, 13.401710, 0.0)
(36.861355, 13.482123, 0.0)
(36.838791, 13.504273, 0.0)
(36.768600, 13.507104, 0.0)
(36.677292, 13.676492, 0.0)
(36.653179, 14.441758, 0.0)
(37.115791, 16.293123, 0.0)
(37.118015, 15.780769, 0.0)
(37.131691, 15.777550, 0.0)
(37.143761, 15.859166, 0.0)
(37.161423, 15.948465, 0.0)
(37.178738, 16.008427, 0.0)
(37.179192, 16.045671, 0.0)
(37.216095, 16.461992, 0.0)
(38.052010, 19.914658, 0.0)
(38.357052, 22.282299, 0.0)
(38.233482, 22.825386, 0.0)
(38.146461, 22.789307, 0.0)
(38.143494, 22.733067, 0.0)
(38.118950, 22.680569, 0.0)
(38.122807, 22.567780, 0.0)
(38.122456, 22.553991, 0.0)
(38.101364, 22.605127, 0.0)
(38.104939, 22.600481, 0.0)
(37.984764, 23.541050, 0.0)
(37.954765, 23.675945, 0.0)
(37.930389, 23.606443, 0.0)
(37.907566, 23.609217, 0.0)
(37.869808, 23.652048, 0.0)
(37.865032, 23.671698, 0.0)
(37.898190, 23.661396, 0.0)
(37.903343, 23.627375, 0.0)
(37.868275, 23.638859, 0.0)
(37.854679, 23.585909, 0.0)
(37.858288, 23.593788, 0.0)
(37.852699, 23.610746, 0.0)
(37.851025, 23.704311, 0.0)
(37.853275, 23.717720, 0.0)
(37.856628, 23.800117, 0.0)
(37.827072, 23.810257, 0.0)
(37.826347, 23.864582, 0.0)
(37.793594, 23.939459, 0.0)
(37.793335, 23.939592, 0.0)
(37.786755, 23.876923, 0.0)
(37.769146, 23.787197, 0.0)
(37.740097, 23.723078, 0.0)
(37.692413, 23.616226, 0.0)
(37.667706, 23.568705, 0.0)
(36.624279, 23.646618, 0.0)
(36.390419, 23.571537, 0.0)
(36.315872, 23.419575, 0.0)
(36.252911, 23.313135, 0.0)
(36.272511, 23.033171, 0.0)
(36.850273, 21.923018, 0.0)
(36.826496, 21.672283, 0.0)
(36.842346, 21.455023, 0.0)
(36.791779, 21.228874, 0.0)
(36.839378, 21.013926, 0.0)
(36.811970, 20.794312, 0.0)
(36.825115, 20.525007, 0.0)
(36.636608, 19.698324, 0.0)
(36.643456, 19.188089, 0.0)
(36.616028, 19.026651, 0.0)
(36.603176, 18.901270, 0.0)
(36.562325, 18.769972, 0.0)
(36.558834, 18.595804, 0.0)
(36.538513, 18.564566, 0.0)
(36.536217, 18.527262, 0.0)
(36.524204, 18.375069, 0.0)
(36.543556, 18.270018, 0.0)
(36.533482, 17.384375, 0.0)
(36.503643, 17.234114, 0.0)
(36.480579, 17.223310, 0.0)
(36.468735, 17.093706, 0.0)
(36.465202, 17.026814, 0.0)
(36.347664, 15.898994, 0.0)
(36.318256, 15.683839, 0.0)
(36.273987, 15.649231, 0.0)
(36.236473, 15.607381, 0.0)
(36.244320, 15.394807, 0.0)
(36.202213, 14.339519, 0.0)
(36.158638, 14.211966, 0.0)
(36.140358, 14.178115, 0.0)
(36.131237, 14.171181, 0.0)
(36.087658, 14.039785, 0.0)
(36.077534, 13.348656, 0.0)
(36.044895, 13.184076, 0.0)
(36.024765, 13.213499, 0.0)
(35.983715, 13.233882, 0.0)
(35.948151, 13.072261, 0.0)
(35.833561, 12.894892, 0.0)
(35.820583, 12.867740, 0.0)
(35.815300, 12.861299, 0.0)
(35.779785, 12.834111, 0.0)
(35.753231, 12.855496, 0.0)
(35.737347, 12.846044, 0.0)
(35.744843, 12.864823, 0.0)
(35.686871, 12.867692, 0.0)
(35.094006, 12.903335, 0.0)
(35.005310, 12.879270, 0.0)
(34.971699, 12.840883, 0.0)
(34.888493, 12.863881, 0.0)
(34.861233, 12.877461, 0.0)
(34.848812, 12.918392, 0.0)
(34.904530, 13.311614, 0.0)
(35.002300, 15.043177, 0.0)
(34.984035, 15.211642, 0.0)
(34.957066, 15.241794, 0.0)
(34.935936, 15.322436, 0.0)
(34.905788, 15.371728, 0.0)
(34.913658, 15.427998, 0.0)
(34.943684, 15.488511, 0.0)
(34.961475, 15.525090, 0.0)
(34.962982, 15.554173, 0.0)
(34.999104, 15.663019, 0.0)
(35.376320, 16.970623, 0.0)
(35.328522, 17.141491, 0.0)
(35.263798, 17.190922, 0.0)
(35.246147, 17.212179, 0.0)
(35.244442, 17.218622, 0.0)
(35.248226, 17.206598, 0.0)
(35.249264, 17.287285, 0.0)
(35.260868, 17.341816, 0.0)
(35.334778, 18.224785, 0.0)
(35.312420, 18.484838, 0.0)
(35.288685, 18.596029, 0.0)
(35.268276, 18.637104, 0.0)
(35.251926, 18.755144, 0.0)
(35.702747, 20.562973, 0.0)
(35.657326, 20.923077, 0.0)
(35.595196, 20.953230, 0.0)
(35.571899, 21.026634, 0.0)
(35.540932, 21.084866, 0.0)
(35.518024, 21.157610, 0.0)
(35.516399, 21.185295, 0.0)
(35.503078, 21.260025, 0.0)
(35.760464, 22.089846, 0.0)
(35.728024, 22.472660, 0.0)
(35.692696, 22.569075, 0.0)
(35.666824, 22.557928, 0.0)
(35.643047, 22.615261, 0.0)
(35.630287, 22.635878, 0.0)
(35.838604, 23.447001, 0.0)
(35.807476, 23.690237, 0.0)
(35.783566, 23.708960, 0.0)
(35.735435, 23.724764, 0.0)
(35.696384, 23.684671, 0.0)
(35.676094, 23.695522, 0.0)
(35.568855, 24.109913, 0.0)
(35.469448, 24.149057, 0.0)
(35.450726, 24.114815, 0.0)
(35.415405, 24.136169, 0.0)
(35.389076, 24.124376, 0.0)
(34.830406, 24.218077, 0.0)
(34.118198, 24.058451, 0.0)
(34.022106, 23.926725, 0.0)
(33.988586, 23.739204, 0.0)
(34.042522, 23.320082, 0.0)
(34.394234, 21.424868, 0.0)
(34.355415, 21.131094, 0.0)
(34.342392, 21.029284, 0.0)
(34.301960, 20.840639, 0.0)
(34.346672, 20.670130, 0.0)
(34.330452, 20.430769, 0.0)
(34.325665, 20.223967, 0.0)
(34.355320, 20.091263, 0.0)
(34.336281, 19.989140, 0.0)
(34.356220, 19.800432, 0.0)
(34.361015, 19.667160, 0.0)
(34.368595, 19.523262, 0.0)
(34.422127, 18.175682, 0.0)
(34.426605, 17.762815, 0.0)
(34.373795, 17.743301, 0.0)
(34.415424, 17.644619, 0.0)
(34.177441, 16.966944, 0.0)
(34.244141, 15.389816, 0.0)
(34.204552, 15.133080, 0.0)
(34.129055, 15.103656, 0.0)
(34.137444, 15.110352, 0.0)
(34.132675, 15.091777, 0.0)
(34.128044, 15.092259, 0.0)
(33.855602, 14.519941, 0.0)
(33.802017, 13.900402, 0.0)
(33.770061, 13.815275, 0.0)
(33.775200, 13.844632, 0.0)
(33.783226, 13.832795, 0.0)
(33.766769, 13.784616, 0.0)
(33.774796, 13.796968, 0.0)
(33.740196, 13.784616, 0.0)
(33.781635, 13.528396, 0.0)
(33.792377, 13.513029, 0.0)
(33.800430, 13.521393, 0.0)
(33.805450, 13.503297, 0.0)
(33.797707, 13.492034, 0.0)
(33.726398, 13.005569, 0.0)
(33.699169, 12.929365, 0.0)
(33.701195, 12.922178, 0.0)
(33.677475, 12.904347, 0.0)
(33.645786, 12.895679, 0.0)
(33.613991, 12.895973, 0.0)
(33.568829, 12.880228, 0.0)
(33.555126, 12.882963, 0.0)
(33.536213, 12.891402, 0.0)
(33.289551, 12.995526, 0.0)
(32.843002, 13.125060, 0.0)
(32.760727, 13.125894, 0.0)
(32.757408, 13.132524, 0.0)
(32.725803, 13.130476, 0.0)
(32.706371, 13.123345, 0.0)
(32.694756, 13.136664, 0.0)
(32.607841, 14.608759, 0.0)
(32.568165, 15.128235, 0.0)
(32.511116, 15.218342, 0.0)
(32.516357, 15.302448, 0.0)
(32.508797, 15.386283, 0.0)
(32.577602, 15.463713, 0.0)
(32.561745, 15.540816, 0.0)
(32.571018, 15.608362, 0.0)
(32.611904, 15.709938, 0.0)
(32.616241, 15.766352, 0.0)
(32.605721, 15.773539, 0.0)
(32.884811, 16.370499, 0.0)
(32.921577, 16.823837, 0.0)
(32.904095, 16.926844, 0.0)
(32.898769, 16.942959, 0.0)
(32.866962, 16.969584, 0.0)
(32.915245, 17.056864, 0.0)
(32.908772, 17.167814, 0.0)
(33.171635, 19.154640, 0.0)
(33.131241, 19.357029, 0.0)
(33.091373, 19.356318, 0.0)
(33.076923, 19.407692, 0.0)
(33.081947, 19.493265, 0.0)
(33.062729, 19.510542, 0.0)
(33.125912, 19.938461, 0.0)
(33.389858, 21.882919, 0.0)
(33.329605, 22.065512, 0.0)
(33.277164, 22.050587, 0.0)
(33.251160, 22.098347, 0.0)
(33.247124, 22.091927, 0.0)
(33.252487, 22.091560, 0.0)
(33.229534, 22.102730, 0.0)
(33.219860, 22.142170, 0.0)
(33.227268, 22.144077, 0.0)
(33.226631, 22.164635, 0.0)
(33.219700, 22.185354, 0.0)
(33.442776, 22.798065, 0.0)
(33.674721, 24.178095, 0.0)
(33.636833, 24.328760, 0.0)
(33.603317, 24.291250, 0.0)
(33.581104, 24.286102, 0.0)
(33.563347, 24.294018, 0.0)
(33.560886, 24.287931, 0.0)
(33.574127, 24.297606, 0.0)
(33.554718, 24.288704, 0.0)
(33.548443, 24.282434, 0.0)
(33.536942, 24.245707, 0.0)
(33.189823, 24.225941, 0.0)
(32.262085, 24.960135, 0.0)
(0.000000, 0.000000, 1.0)
(31.151934, 27.378969, 0.0)
(31.479006, 23.110174, 0.0)
(31.417807, 22.041838, 0.0)
(31.477432, 21.646076, 0.0)
(31.502146, 21.411631, 0.0)
(31.523771, 21.230453, 0.0)
(31.534769, 21.010929, 0.0)
(31.567007, 20.924789, 0.0)
(31.585625, 20.759266, 0.0)
(31.598661, 20.651945, 0.0)
(31.591450, 20.575565, 0.0)
(31.611671, 20.463556, 0.0)
(31.572601, 20.230492, 0.0)
(31.511339, 18.839645, 0.0)
(31.568821, 18.244968, 0.0)
(31.610655, 18.287682, 0.0)
(31.610191, 18.315844, 0.0)
(31.620071, 18.251209, 0.0)
(31.401289, 17.930201, 0.0)
(31.341143, 16.308237, 0.0)
(31.644321, 15.267662, 0.0)
(31.709679, 15.294488, 0.0)
(31.717045, 15.312765, 0.0)
(31.724850, 15.292222, 0.0)
(31.702553, 15.267922, 0.0)
(31.654795, 14.584429, 0.0)
(31.633615, 14.026035, 0.0)
(31.601460, 13.881782, 0.0)
(31.588610, 13.843890, 0.0)
(31.580690, 13.804574, 0.0)
(31.573435, 13.792988, 0.0)
(31.468687, 13.646260, 0.0)
(31.364325, 13.566197, 0.0)
(31.367102, 13.551327, 0.0)
(31.380346, 13.487590, 0.0)
(31.387661, 13.495023, 0.0)
(31.388403, 13.502729, 0.0)
(31.378521, 13.500833, 0.0)
(31.401869, 13.514689, 0.0)
(31.405573, 13.512550, 0.0)
(31.383053, 13.509193, 0.0)
(31.380537, 13.555064, 0.0)
(31.359091, 13.534863, 0.0)
(30.766500, 13.695886, 0.0)
(30.384796, 13.884199, 0.0)
(30.320671, 13.933695, 0.0)
(30.268690, 13.964497, 0.0)
(30.264818, 13.959958, 0.0)
(30.238514, 13.952053, 0.0)
(30.215054, 13.996817, 0.0)
(30.250605, 14.140171, 0.0)
(30.808905, 15.295898, 0.0)
(30.797899, 15.471079, 0.0)
(30.794758, 15.513819, 0.0)
(30.727106, 15.642105, 0.0)
(30.714811, 15.754379, 0.0)
(30.710352, 15.789162, 0.0)
(30.702423, 15.847871, 0.0)
(30.735050, 15.943497, 0.0)
(30.753698, 15.953739, 0.0)
(30.779360, 16.668373, 0.0)
(30.949120, 17.863737, 0.0)
(30.878429, 18.069702, 0.0)
(30.851448, 18.155628, 0.0)
(30.837971, 18.184206, 0.0)
(30.815529, 18.246494, 0.0)
(30.793146, 18.302748, 0.0)
(30.770025, 18.376373, 0.0)
(30.754366, 18.443842, 0.0)
(30.762758, 18.471575, 0.0)
(30.715828, 18.545336, 0.0)
(30.768314, 19.049456, 0.0)
(30.771944, 20.171419, 0.0)
(30.752209, 20.363129, 0.0)
(30.712404, 20.368727, 0.0)
(30.658119, 20.400932, 0.0)
(30.625048, 20.399879, 0.0)
(30.828396, 20.843735, 0.0)
(31.128244, 22.008774, 0.0)
(31.119049, 22.260162, 0.0)
(31.114628, 22.292070, 0.0)
(31.111364, 22.337759, 0.0)
(31.100777, 22.335464, 0.0)
(31.102560, 22.340887, 0.0)
(31.079931, 22.339941, 0.0)
(31.033245, 22.460291, 0.0)
(31.030874, 22.495447, 0.0)
(31.430677, 23.944258, 0.0)
(31.406780, 24.460161, 0.0)
(31.366604, 24.501740, 0.0)
(31.334242, 24.501987, 0.0)
(31.292494, 24.523249, 0.0)
(31.276899, 24.502792, 0.0)
(31.239414, 24.477646, 0.0)
(31.249763, 24.500574, 0.0)
(31.195971, 24.450981, 0.0)
(31.182819, 24.437956, 0.0)
(31.169113, 24.406088, 0.0)
(31.159609, 24.367489, 0.0)
(30.769030, 24.087107, 0.0)
(30.080128, 23.262655, 0.0)
(30.006311, 23.137575, 0.0)
(29.975107, 23.098484, 0.0)
(29.978727, 23.027281, 0.0)
(29.957336, 22.943110, 0.0)
(29.964973, 22.752760, 0.0)
(29.984442, 22.578600, 0.0)
(29.963179, 22.482525, 0.0)
(30.000862, 22.242172, 0.0)
(30.172096, 20.747919, 0.0)
(30.156599, 20.518419, 0.0)
(30.134739, 20.407896, 0.0)
(30.102272, 20.334641, 0.0)
(30.087637, 20.240198, 0.0)
(30.084724, 20.129145, 0.0)
(30.104483, 20.049927, 0.0)
(30.069309, 19.937872, 0.0)
(29.759644, 19.511436, 0.0)
(29.759594, 18.802551, 0.0)
(29.720123, 18.824726, 0.0)
(29.679020, 18.795467, 0.0)
(29.657494, 18.637888, 0.0)
(29.653296, 18.545454, 0.0)
(29.658888, 18.402931, 0.0)
(29.720407, 17.289970, 0.0)
(29.772968, 16.343044, 0.0)
(29.738400, 16.283817, 0.0)
(29.710794, 16.320604, 0.0)
(29.706762, 16.334019, 0.0)
(29.736332, 15.451209, 0.0)
(29.639986, 15.094298, 0.0)
(29.583406, 15.077647, 0.0)
(29.581654, 15.086967, 0.0)
(29.558271, 15.052971, 0.0)
(29.568951, 15.057876, 0.0)
(29.582163, 15.079853, 0.0)
(29.563997, 14.863004, 0.0)
(29.555658, 14.287494, 0.0)
(29.520729, 14.247706, 0.0)
(29.498821, 14.310128, 0.0)
(29.473808, 14.292961, 0.0)
(29.480673, 14.261796, 0.0)
(29.477621, 14.239933, 0.0)
(29.471083, 14.241107, 0.0)
(29.476364, 14.285828, 0.0)
(29.466990, 14.280720, 0.0)
(29.435757, 14.313784, 0.0)
(29.440538, 14.331830, 0.0)
(29.419561, 14.321402, 0.0)
(29.395481, 14.331089, 0.0)
(29.354691, 14.377164, 0.0)
(28.838316, 14.685421, 0.0)
(28.736454, 14.762164, 0.0)
(28.708759, 14.744379, 0.0)
(28.654844, 14.751946, 0.0)
(28.628204, 14.822641, 0.0)
(28.609150, 14.893165, 0.0)
(28.589891, 14.923579, 0.0)
(28.721924, 15.518346, 0.0)
(28.886959, 16.809959, 0.0)
(28.853180, 16.986155, 0.0)
(28.823256, 17.054581, 0.0)
(28.809925, 17.159853, 0.0)
(28.779856, 17.244223, 0.0)
(28.756588, 17.319687, 0.0)
(28.772081, 17.344852, 0.0)
(28.780310, 17.425575, 0.0)
(28.778589, 17.496853, 0.0)
(28.771301, 17.563023, 0.0)
(28.763632, 17.609169, 0.0)
(28.907398, 18.622717, 0.0)
(28.912243, 18.826294, 0.0)
(28.844410, 18.979937, 0.0)
(28.821781, 19.141912, 0.0)
(28.808718, 19.188116, 0.0)
(28.815521, 19.193775, 0.0)
(28.813395, 19.214148, 0.0)
(28.796852, 19.284920, 0.0)
(28.969320, 20.352926, 0.0)
(29.047623, 20.825674, 0.0)
(29.012930, 20.950428, 0.0)
(29.002848, 20.967457, 0.0)
(28.988222, 21.026070, 0.0)
(28.984480, 21.077616, 0.0)
(28.988272, 21.171783, 0.0)
(28.980980, 21.191702, 0.0)
(28.985670, 21.225080, 0.0)
(28.984283, 21.217037, 0.0)
(29.066563, 21.559351, 0.0)
(29.350334, 22.588150, 0.0)
(29.336948, 22.801140, 0.0)
(29.328655, 22.811092, 0.0)
(29.278122, 22.846558, 0.0)
(29.253630, 22.884804, 0.0)
(29.228394, 23.414154, 0.0)
(29.221230, 23.822504, 0.0)
(29.186232, 23.834377, 0.0)
(29.152954, 23.852810, 0.0)
(29.110018, 23.864717, 0.0)
(29.045441, 23.842777, 0.0)
(29.025820, 23.796923, 0.0)
(29.029806, 23.783730, 0.0)
(28.831778, 23.823275, 0.0)
(28.160517, 25.690155, 0.0)
(28.101921, 24.500826, 0.0)
(28.017769, 24.105881, 0.0)
(28.013632, 24.058691, 0.0)
(28.005363, 23.945847, 0.0)
(28.017376, 23.785664, 0.0)
(28.010838, 23.600962, 0.0)
(27.993002, 23.358679, 0.0)
(27.930279, 23.132771, 0.0)
(27.951229, 22.958082, 0.0)
(27.942606, 22.684696, 0.0)
(28.099730, 20.538528, 0.0)
(28.021818, 20.435392, 0.0)
(28.025938, 20.351215, 0.0)
(27.987030, 20.272270, 0.0)
(27.946661, 20.205332, 0.0)
(27.953873, 20.006495, 0.0)
(27.961939, 19.915739, 0.0)
(27.948940, 19.836538, 0.0)
(27.779203, 19.027557, 0.0)
(27.820681, 17.234188, 0.0)
(27.810856, 17.065022, 0.0)
(27.769197, 17.104780, 0.0)
(27.781448, 17.060806, 0.0)
(27.757330, 17.077015, 0.0)
(27.767525, 17.065174, 0.0)
(27.751925, 16.984615, 0.0)
(27.726767, 16.937366, 0.0)
(27.722828, 16.917000, 0.0)
(27.728590, 16.917965, 0.0)
(27.707779, 16.676182, 0.0)
(27.685520, 15.652666, 0.0)
(27.824013, 15.252915, 0.0)
(27.805370, 15.212463, 0.0)
(27.805370, 15.212463, 0.0)
(27.784393, 15.225385, 0.0)
(27.784393, 15.225385, 0.0)
(27.786963, 15.211224, 0.0)
(27.785627, 15.170370, 0.0)
(27.785540, 15.114878, 0.0)
(27.782440, 15.102305, 0.0)
(27.560160, 15.146287, 0.0)
(27.552652, 14.954738, 0.0)
(27.542929, 14.901347, 0.0)
(27.545498, 14.884289, 0.0)
(27.570913, 14.825669, 0.0)
(27.582991, 14.777324, 0.0)
(27.610811, 14.734164, 0.0)
(27.623543, 14.731152, 0.0)
(27.591772, 14.738544, 0.0)
(27.578739, 14.773900, 0.0)
(27.578003, 14.812670, 0.0)
(27.536419, 14.846760, 0.0)
(27.166088, 15.231874, 0.0)
(27.047840, 15.370304, 0.0)
(27.032068, 15.337865, 0.0)
(27.024645, 15.346039, 0.0)
(27.000286, 15.366337, 0.0)
(26.991795, 15.361200, 0.0)
(26.955498, 15.442569, 0.0)
(26.928595, 15.481558, 0.0)
(26.899635, 15.543453, 0.0)
(26.912848, 15.527313, 0.0)
(26.926195, 15.504783, 0.0)
(26.945974, 15.533274, 0.0)
(27.228209, 16.952240, 0.0)
(27.332066, 17.821436, 0.0)
(27.294987, 18.004036, 0.0)
(27.229086, 18.139606, 0.0)
(27.209543, 18.177137, 0.0)
(27.214750, 18.200153, 0.0)
(27.138105, 18.346035, 0.0)
(27.163309, 19.099926, 0.0)
(27.289869, 19.968372, 0.0)
(27.273453, 20.105513, 0.0)
(27.232191, 20.212189, 0.0)
(27.231131, 20.262402, 0.0)
(27.185242, 20.412962, 0.0)
(27.152330, 20.440256, 0.0)
(27.110649, 20.473511, 0.0)
(27.145836, 20.550858, 0.0)
(27.145321, 20.588394, 0.0)
(27.320467, 21.487352, 0.0)
(27.296621, 21.698753, 0.0)
(27.252680, 21.775940, 0.0)
(27.240940, 21.803198, 0.0)
(27.214842, 21.839226, 0.0)
(27.223301, 21.891317, 0.0)
(27.217569, 21.946531, 0.0)
(27.312656, 22.420469, 0.0)
(27.563358, 23.426655, 0.0)
(27.567896, 23.631273, 0.0)
(27.523401, 23.647146, 0.0)
(27.514915, 23.683270, 0.0)
(27.494814, 23.727112, 0.0)
(27.489523, 23.754808, 0.0)
(27.877638, 24.739384, 0.0)
(27.881287, 24.888174, 0.0)
(27.846251, 24.870522, 0.0)
(27.848873, 24.920401, 0.0)
(27.840513, 24.946434, 0.0)
(27.817039, 24.942698, 0.0)
(27.804520, 24.942099, 0.0)
(27.771521, 24.886683, 0.0)
(27.746651, 24.845362, 0.0)
(27.691029, 24.833944, 0.0)
(27.098267, 24.766294, 0.0)
(26.982286, 24.755856, 0.0)
(26.964384, 24.626753, 0.0)
(26.948101, 24.559361, 0.0)
(26.907740, 24.347486, 0.0)
(26.904558, 24.235842, 0.0)
(26.885996, 24.068914, 0.0)
(26.746332, 22.095682, 0.0)
(26.735708, 21.779936, 0.0)
(26.706320, 21.698200, 0.0)
(26.627100, 21.613567, 0.0)
(26.591152, 21.549915, 0.0)
(26.584621, 21.503647, 0.0)
(26.568041, 21.361937, 0.0)
(26.578445, 21.279173, 0.0)
(26.559286, 21.135111, 0.0)
(26.523167, 21.064713, 0.0)
(26.498602, 21.005459, 0.0)
(26.492392, 20.910519, 0.0)
(26.460886, 20.760513, 0.0)
(26.436163, 20.635210, 0.0)
(26.441483, 20.466158, 0.0)
(26.436729, 20.365965, 0.0)
(26.443228, 20.225285, 0.0)
(26.297701, 19.642185, 0.0)
(26.284605, 19.402016, 0.0)
(26.228729, 19.341480, 0.0)
(26.203209, 19.266973, 0.0)
(26.200766, 19.167065, 0.0)
(26.403961, 17.825542, 0.0)
(26.375006, 16.750301, 0.0)
(26.354645, 16.696814, 0.0)
(26.311434, 16.707224, 0.0)
(26.276411, 16.771536, 0.0)
(26.247780, 16.815861, 0.0)
(26.216291, 16.760054, 0.0)
(26.206573, 16.691841, 0.0)
(26.098454, 16.043583, 0.0)
(26.092949, 15.876923, 0.0)
(26.102144, 15.823825, 0.0)
(26.075937, 15.849773, 0.0)
(26.053736, 15.860019, 0.0)
(26.037735, 15.839188, 0.0)
(26.034353, 15.884816, 0.0)
(26.038609, 15.913498, 0.0)
(26.022190, 15.914838, 0.0)
(26.022190, 15.914838, 0.0)
(25.982244, 15.901084, 0.0)
(25.985235, 15.851057, 0.0)
(25.990767, 15.881147, 0.0)
(25.942734, 15.936034, 0.0)
(25.932688, 15.951690, 0.0)
(25.937679, 15.938747, 0.0)
(25.775139, 16.281635, 0.0)
(25.742432, 16.384375, 0.0)
(25.705353, 16.453779, 0.0)
(25.682280, 16.494961, 0.0)
(25.665234, 16.504904, 0.0)
(25.647375, 16.544239, 0.0)
(25.615158, 16.668953, 0.0)
(25.820267, 17.982988, 0.0)
(25.734743, 18.547157, 0.0)
(25.658184, 18.704863, 0.0)
(25.592201, 18.774349, 0.0)
(25.564270, 19.278938, 0.0)
(25.798153, 20.248747, 0.0)
(25.759190, 20.465458, 0.0)
(25.678766, 20.566130, 0.0)
(25.660570, 20.641899, 0.0)
(25.611069, 20.710535, 0.0)
(25.598408, 20.741993, 0.0)
(25.593239, 20.795345, 0.0)
(25.589115, 20.808136, 0.0)
(25.576859, 20.845287, 0.0)
(25.552437, 20.880220, 0.0)
(25.527708, 20.905575, 0.0)
(25.498798, 20.904404, 0.0)
(25.513226, 20.933853, 0.0)
(25.625643, 21.109371, 0.0)
(26.100019, 22.637156, 0.0)
(26.044008, 22.822800, 0.0)
(25.998236, 22.871447, 0.0)
(25.947529, 22.924303, 0.0)
(25.916592, 22.976732, 0.0)
(25.893661, 23.024031, 0.0)
(25.956625, 23.279755, 0.0)
(26.241114, 24.254519, 0.0)
(26.242640, 24.443506, 0.0)
(26.167822, 24.501665, 0.0)
(26.073700, 24.490385, 0.0)
(26.036747, 24.496370, 0.0)
(26.023434, 24.511791, 0.0)
(26.148632, 24.936777, 0.0)
(26.291674, 25.355700, 0.0)
(26.273157, 25.377312, 0.0)
(26.240734, 25.387783, 0.0)
(26.213673, 25.396441, 0.0)
(26.217524, 25.363819, 0.0)
(26.208349, 25.353390, 0.0)
(26.210268, 25.327051, 0.0)
(26.202194, 25.361099, 0.0)
(26.186090, 25.381746, 0.0)
(26.208050, 25.354294, 0.0)
(26.208651, 25.350323, 0.0)
(26.217115, 25.333805, 0.0)
(26.204887, 25.324913, 0.0)
(26.205101, 25.316406, 0.0)
(26.205088, 25.311056, 0.0)
(26.209129, 25.284668, 0.0)
(26.201267, 25.240301, 0.0)
(26.201027, 25.264103, 0.0)
(26.219492, 25.280087, 0.0)
(26.205004, 25.315071, 0.0)
(26.209158, 25.316313, 0.0)
(26.193029, 25.281448, 0.0)
(26.198574, 25.243382, 0.0)
(26.198574, 25.243382, 0.0)
(26.195509, 25.247543, 0.0)
(26.190863, 25.237499, 0.0)
(26.195871, 25.203077, 0.0)
(26.200592, 25.184450, 0.0)
(26.200495, 25.185055, 0.0)
(26.185074, 25.173275, 0.0)
(26.174713, 25.189600, 0.0)
(26.178793, 25.191046, 0.0)
(26.186996, 25.190905, 0.0)
(26.189808, 25.186253, 0.0)
(26.191183, 25.192226, 0.0)
(26.215631, 25.158529, 0.0)
(26.192516, 25.136044, 0.0)
(26.165064, 25.153479, 0.0)
(26.564909, 25.883169, 0.0)
