(32.426868, 24.933050, 0.0)
(32.147125, 25.779907, 0.0)
(32.132847, 25.913013, 0.0)
(32.138313, 25.886168, 0.0)
(32.165657, 25.884560, 0.0)
(32.233025, 25.903355, 0.0)
(32.208931, 25.889351, 0.0)
(32.236202, 25.869478, 0.0)
(32.228413, 25.887552, 0.0)
(32.222958, 25.836432, 0.0)
(32.205856, 25.821142, 0.0)
(32.221420, 25.811394, 0.0)
(32.221420, 25.811394, 0.0)
(32.233971, 25.805807, 0.0)
(32.238483, 25.790585, 0.0)
(32.202919, 25.806883, 0.0)
(32.201649, 25.803783, 0.0)
(32.221310, 25.782732, 0.0)
(32.225552, 25.761232, 0.0)
(32.219902, 25.720409, 0.0)
(32.234760, 25.698462, 0.0)
(32.229286, 25.695971, 0.0)
(32.052490, 26.793625, 0.0)
(32.135220, 25.669262, 0.0)
(32.148380, 25.452576, 0.0)
(32.225502, 25.513372, 0.0)
(32.226208, 25.460112, 0.0)
(32.249310, 25.532423, 0.0)
(32.263088, 25.524122, 0.0)
(32.232552, 25.505589, 0.0)
(32.249882, 25.494707, 0.0)
(32.279385, 25.476639, 0.0)
(32.290512, 25.464806, 0.0)
(32.297729, 25.523001, 0.0)
(32.317162, 25.523542, 0.0)
(32.337753, 25.498661, 0.0)
(32.333046, 25.528011, 0.0)
(32.346756, 25.542404, 0.0)
(32.358269, 25.520250, 0.0)
(32.391842, 25.496412, 0.0)
(32.392761, 25.464241, 0.0)
(32.382866, 25.460621, 0.0)
(32.389988, 25.449533, 0.0)
(32.397453, 25.430552, 0.0)
(32.390148, 25.448654, 0.0)
(32.409378, 25.460163, 0.0)
(32.420662, 25.429611, 0.0)
(32.402252, 25.427364, 0.0)
(32.420803, 25.408440, 0.0)
(32.424263, 25.422396, 0.0)
(32.408173, 25.382788, 0.0)
(32.390968, 25.391052, 0.0)
(32.396557, 25.393101, 0.0)
(32.414574, 25.435110, 0.0)
(32.411831, 25.421032, 0.0)
(32.410404, 25.394083, 0.0)
(32.423965, 25.377811, 0.0)
(32.409451, 25.360418, 0.0)
(32.410923, 25.391991, 0.0)
(32.275642, 25.492609, 0.0)
(32.266651, 25.480406, 0.0)
(32.276043, 25.414602, 0.0)
(32.259686, 25.407904, 0.0)
(32.148647, 25.295012, 0.0)
(32.015118, 26.871000, 0.0)
(32.020111, 25.701435, 0.0)
(32.074970, 25.542812, 0.0)
(32.077110, 25.701986, 0.0)
(32.089962, 25.839741, 0.0)
(32.129013, 25.840836, 0.0)
(32.162758, 25.908688, 0.0)
(32.155083, 25.934324, 0.0)
(32.164970, 26.029739, 0.0)
(32.162418, 26.075512, 0.0)
(32.154781, 26.087498, 0.0)
(32.147095, 26.059780, 0.0)
(32.148430, 26.048180, 0.0)
(32.194767, 26.033020, 0.0)
(32.190929, 26.083426, 0.0)
(32.175301, 26.119658, 0.0)
(32.184727, 26.132954, 0.0)
(32.196533, 26.137152, 0.0)
(32.217247, 26.155746, 0.0)
(32.206573, 26.178545, 0.0)
(32.188953, 26.195341, 0.0)
(32.196129, 26.231882, 0.0)
(32.193863, 26.244469, 0.0)
(32.230602, 26.213112, 0.0)
(32.256866, 26.139194, 0.0)
(32.258011, 26.125444, 0.0)
(32.279694, 26.137463, 0.0)
(32.261066, 26.061771, 0.0)
(32.257923, 26.066628, 0.0)
(32.289726, 26.087284, 0.0)
(32.297268, 26.068909, 0.0)
(32.291435, 26.040224, 0.0)
(32.300694, 26.025564, 0.0)
(32.292000, 25.999773, 0.0)
(32.297523, 25.966993, 0.0)
(32.322491, 25.932396, 0.0)
(32.328522, 25.938025, 0.0)
(32.336094, 25.928398, 0.0)
(32.343861, 25.919334, 0.0)
(32.338135, 25.924726, 0.0)
(32.362389, 25.892971, 0.0)
(32.383232, 25.774847, 0.0)
(32.393276, 25.729914, 0.0)
(32.399845, 25.729046, 0.0)
(32.387993, 25.748936, 0.0)
(32.400379, 25.743048, 0.0)
(32.404678, 25.722227, 0.0)
(32.414604, 25.709059, 0.0)
(32.408234, 25.668777, 0.0)
(32.411392, 25.658489, 0.0)
(32.393475, 25.662355, 0.0)
(32.391644, 25.682051, 0.0)
(32.385921, 25.680811, 0.0)
(32.388519, 25.674419, 0.0)
(32.394352, 25.674215, 0.0)
(32.403427, 25.651272, 0.0)
(32.392063, 25.613903, 0.0)
(32.402950, 25.624588, 0.0)
(32.399345, 25.609158, 0.0)
(32.401886, 25.606112, 0.0)
(32.429790, 25.584459, 0.0)
(32.537334, 25.433813, 0.0)
(32.570038, 25.444693, 0.0)
(32.578827, 25.436804, 0.0)
(32.587879, 25.408546, 0.0)
(32.600594, 25.421995, 0.0)
(32.618824, 25.413273, 0.0)
(32.635292, 25.418837, 0.0)
(32.625523, 25.421003, 0.0)
(32.604511, 25.414709, 0.0)
(32.607674, 25.421873, 0.0)
(32.575649, 25.417040, 0.0)
(32.419994, 25.617863, 0.0)
(32.287849, 25.657104, 0.0)
(32.248844, 25.092525, 0.0)
(32.285145, 25.189850, 0.0)
(32.303761, 25.257385, 0.0)
(32.335056, 25.288101, 0.0)
(32.342106, 25.334864, 0.0)
(32.508949, 25.498854, 0.0)
(32.550987, 25.554136, 0.0)
(32.555122, 25.596395, 0.0)
(32.565315, 25.622526, 0.0)
(32.565369, 25.642809, 0.0)
(32.560352, 25.648802, 0.0)
(32.598579, 25.681686, 0.0)
(32.585846, 25.729422, 0.0)
(32.514740, 25.749514, 0.0)
(32.505287, 25.781914, 0.0)
(32.517918, 25.817230, 0.0)
(32.528221, 25.847401, 0.0)
(32.526527, 25.864096, 0.0)
(32.531109, 25.872131, 0.0)
(32.545616, 25.898176, 0.0)
(32.539558, 25.934591, 0.0)
(32.536415, 25.966391, 0.0)
(32.538605, 26.012632, 0.0)
(32.530479, 26.001444, 0.0)
(32.534035, 25.995659, 0.0)
(32.517738, 25.971615, 0.0)
(32.530235, 25.973154, 0.0)
(32.362164, 25.978146, 0.0)
(32.341370, 25.963655, 0.0)
(32.340645, 25.955145, 0.0)
(32.364056, 25.916924, 0.0)
(32.523281, 25.881001, 0.0)
(32.642475, 25.879606, 0.0)
(32.639751, 25.870964, 0.0)
(32.660549, 25.839434, 0.0)
(32.669155, 25.823906, 0.0)
(32.675831, 25.787008, 0.0)
(32.685780, 25.784689, 0.0)
(32.721008, 25.778189, 0.0)
(35.939392, 27.460493, 0.0)
(39.230713, 29.634113, 0.0)
(39.976387, 30.088894, 0.0)
(40.016861, 30.136507, 0.0)
(40.008919, 30.075218, 0.0)
(41.452164, 30.878798, 0.0)
(41.581394, 31.027998, 0.0)
(41.547333, 31.036757, 0.0)
(41.550552, 31.035683, 0.0)
(41.556839, 31.003771, 0.0)
(41.568718, 30.985273, 0.0)
(41.579540, 30.983311, 0.0)
(41.571976, 30.973377, 0.0)
(41.542767, 30.978045, 0.0)
(41.542767, 30.978045, 0.0)
(41.543594, 30.949291, 0.0)
(41.534565, 30.955980, 0.0)
(41.457077, 30.136063, 0.0)
(41.329224, 25.438133, 0.0)
(41.054760, 23.178591, 0.0)
(40.914448, 23.065342, 0.0)
(40.904171, 23.032839, 0.0)
(40.911572, 23.019413, 0.0)
(40.709278, 21.982807, 0.0)
(40.645180, 21.836800, 0.0)
(40.656872, 21.840469, 0.0)
(40.635654, 21.815384, 0.0)
(40.633713, 21.805292, 0.0)
(40.595524, 21.826931, 0.0)
(41.459522, 25.581707, 0.0)
(41.739594, 29.536337, 0.0)
(41.656326, 30.311642, 0.0)
(41.626606, 30.400337, 0.0)
(41.597500, 30.423618, 0.0)
(41.566139, 30.406187, 0.0)
(41.522888, 30.395205, 0.0)
(41.527454, 30.407673, 0.0)
(41.513760, 30.432287, 0.0)
(41.506363, 30.463133, 0.0)
(41.505314, 30.478813, 0.0)
(41.505219, 30.484596, 0.0)
(41.502647, 30.492308, 0.0)
(41.506378, 30.500401, 0.0)
(41.472748, 30.554394, 0.0)
(41.555733, 27.663195, 0.0)
(41.291439, 25.360661, 0.0)
(41.192783, 25.305193, 0.0)
(41.224495, 25.386278, 0.0)
(41.116623, 24.040144, 0.0)
(40.850456, 22.010303, 0.0)
(40.654461, 21.904684, 0.0)
(40.659073, 21.946352, 0.0)
(40.644318, 21.909140, 0.0)
(40.808868, 21.672636, 0.0)
(40.801140, 21.657593, 0.0)
(40.757462, 21.642824, 0.0)
(40.749985, 21.730858, 0.0)
(40.750885, 21.827229, 0.0)
(40.739174, 21.826746, 0.0)
(40.706375, 21.815914, 0.0)
(40.700687, 21.826578, 0.0)
(40.698582, 21.828773, 0.0)
(40.692585, 21.842520, 0.0)
(40.701096, 21.873674, 0.0)
(40.676891, 21.833382, 0.0)
(40.690529, 21.846039, 0.0)
(40.685390, 21.857821, 0.0)
(40.673847, 21.847744, 0.0)
(40.658459, 21.749388, 0.0)
(40.649746, 21.748049, 0.0)
(40.658691, 21.752365, 0.0)
(40.644165, 21.715761, 0.0)
(39.521072, 22.331348, 0.0)
(34.767139, 25.823317, 0.0)
(29.844227, 28.890533, 0.0)
(26.559282, 31.096270, 0.0)
(25.720270, 31.716976, 0.0)
(25.524599, 31.750298, 0.0)
(25.442732, 31.745754, 0.0)
(23.469398, 33.008572, 0.0)
(23.285328, 33.090839, 0.0)
(23.270954, 33.064423, 0.0)
(23.282583, 33.029812, 0.0)
(23.256924, 33.001602, 0.0)
(23.244513, 32.942150, 0.0)
(23.227415, 32.903332, 0.0)
(23.231314, 32.859394, 0.0)
(23.226833, 32.799999, 0.0)
(23.221193, 32.737270, 0.0)
(23.251553, 32.750748, 0.0)
(23.229212, 32.779289, 0.0)
(23.254217, 32.786530, 0.0)
(23.286736, 32.736927, 0.0)
(23.282244, 32.638412, 0.0)
(22.807098, 28.446154, 0.0)
(22.731668, 25.233866, 0.0)
(22.716928, 24.500357, 0.0)
(22.695780, 24.547480, 0.0)
(22.653385, 24.614624, 0.0)
(22.649000, 24.654770, 0.0)
(22.645464, 24.652819, 0.0)
(22.637856, 24.654589, 0.0)
(22.629820, 24.653975, 0.0)
(22.636873, 24.662779, 0.0)
(22.668343, 24.647848, 0.0)
(22.675358, 24.646460, 0.0)
(22.655422, 24.669525, 0.0)
(22.848684, 27.874622, 0.0)
(23.317417, 30.981621, 0.0)
(23.327311, 31.246330, 0.0)
(23.266487, 31.151043, 0.0)
(23.056973, 28.944180, 0.0)
(22.746590, 24.019386, 0.0)
(22.611956, 22.617451, 0.0)
(22.543673, 22.524469, 0.0)
(22.505133, 22.559164, 0.0)
(22.479174, 22.587423, 0.0)
(22.427431, 22.160526, 0.0)
(22.385050, 22.159916, 0.0)
(22.383799, 22.183384, 0.0)
(22.367016, 22.264702, 0.0)
(22.330441, 22.308819, 0.0)
(22.330564, 22.346251, 0.0)
(22.283054, 22.308832, 0.0)
(22.254538, 22.306906, 0.0)
(22.241102, 22.371990, 0.0)
(22.234306, 22.404541, 0.0)
(22.233963, 22.412615, 0.0)
(22.283171, 22.466064, 0.0)
(22.297747, 22.473783, 0.0)
(22.310089, 22.488491, 0.0)
(22.307053, 22.522461, 0.0)
(22.291542, 22.530102, 0.0)
(22.289583, 22.543715, 0.0)
(22.298243, 22.582369, 0.0)
(22.288795, 22.601479, 0.0)
(22.283691, 22.613758, 0.0)
(22.312273, 22.639309, 0.0)
(22.389423, 22.548717, 0.0)
(22.429018, 22.541143, 0.0)
(22.488819, 22.463047, 0.0)
(22.456694, 22.360306, 0.0)
(22.519623, 22.342779, 0.0)
(22.517977, 22.376265, 0.0)
(22.520231, 22.378689, 0.0)
(22.536011, 22.361580, 0.0)
(22.548510, 22.374517, 0.0)
(23.856998, 22.277279, 0.0)
(29.149626, 24.930716, 0.0)
(32.249939, 26.931820, 0.0)
(32.186180, 25.686144, 0.0)
(32.121449, 25.578817, 0.0)
(32.278240, 27.892569, 0.0)
(32.486881, 26.067751, 0.0)
(32.433102, 25.549110, 0.0)
(32.506901, 25.516672, 0.0)
(32.497181, 25.590780, 0.0)
(32.318512, 25.416458, 0.0)
(32.310303, 25.425461, 0.0)
(32.323582, 25.428938, 0.0)
(32.349335, 25.457727, 0.0)
(32.355026, 25.442844, 0.0)
(32.367882, 25.419670, 0.0)
(32.391640, 25.416286, 0.0)
(32.388969, 25.394810, 0.0)
(32.398090, 25.365313, 0.0)
(32.417076, 25.338068, 0.0)
(32.434135, 25.362349, 0.0)
(32.462429, 25.316637, 0.0)
(32.487278, 25.309471, 0.0)
(32.480038, 25.293047, 0.0)
(32.495811, 25.323236, 0.0)
(32.506340, 25.311893, 0.0)
(32.507633, 25.292627, 0.0)
(32.509628, 25.287640, 0.0)
(32.524399, 25.288122, 0.0)
(32.527168, 25.298872, 0.0)
(32.523537, 25.316465, 0.0)
(32.499420, 25.361538, 0.0)
(31.621637, 26.023678, 0.0)
(26.956722, 29.621067, 0.0)
(24.370667, 31.474779, 0.0)
(24.171471, 31.678507, 0.0)
(24.160736, 31.624844, 0.0)
(24.117861, 31.685160, 0.0)
(24.244062, 31.929993, 0.0)
(24.868235, 32.621830, 0.0)
(24.963257, 32.698868, 0.0)
(24.930975, 32.683861, 0.0)
(24.965023, 32.686657, 0.0)
(27.302570, 32.629707, 0.0)
(29.260479, 32.517696, 0.0)
(29.431465, 32.535141, 0.0)
(29.481384, 32.583687, 0.0)
(29.589725, 32.627415, 0.0)
(29.684782, 32.647800, 0.0)
(29.756300, 32.710155, 0.0)
(29.878689, 32.723370, 0.0)
(30.025167, 32.727760, 0.0)
(30.226784, 32.718800, 0.0)
(31.494972, 32.685005, 0.0)
(33.871372, 32.498940, 0.0)
(33.984394, 32.576088, 0.0)
(34.051056, 32.612400, 0.0)
(34.140629, 32.683304, 0.0)
(34.237823, 32.720455, 0.0)
(34.335552, 32.732750, 0.0)
(34.411835, 32.745983, 0.0)
(34.617786, 32.765182, 0.0)
(34.711250, 32.784534, 0.0)
(35.358837, 32.869198, 0.0)
(36.189518, 32.837608, 0.0)
(36.345860, 32.857956, 0.0)
(36.441425, 32.844872, 0.0)
(36.556946, 32.816479, 0.0)
(38.350742, 32.725887, 0.0)
(38.582310, 32.742756, 0.0)
(38.631954, 32.751160, 0.0)
(38.676151, 32.771263, 0.0)
(38.748917, 32.763973, 0.0)
(38.792763, 32.763535, 0.0)
(38.846100, 32.743950, 0.0)
(40.415817, 31.901474, 0.0)
(41.087524, 31.465773, 0.0)
(41.107998, 31.472095, 0.0)
(41.104179, 31.484394, 0.0)
(41.094753, 31.466213, 0.0)
(41.092373, 31.457851, 0.0)
(41.068169, 31.478533, 0.0)
(41.052525, 31.404013, 0.0)
(41.096474, 31.335911, 0.0)
(41.109272, 31.326591, 0.0)
(41.076881, 31.285994, 0.0)
(41.049301, 31.307158, 0.0)
(41.051094, 31.301989, 0.0)
(40.289948, 31.490192, 0.0)
(40.189255, 31.522894, 0.0)
(40.205318, 31.543892, 0.0)
(40.189434, 31.528543, 0.0)
(40.172653, 31.541338, 0.0)
(40.159546, 31.523275, 0.0)
(40.156303, 31.558853, 0.0)
(40.110729, 31.483929, 0.0)
(40.031425, 31.498432, 0.0)
(39.946789, 31.502907, 0.0)
(38.703156, 31.574404, 0.0)
(38.213074, 31.565008, 0.0)
(38.113388, 31.575930, 0.0)
(38.004654, 31.603481, 0.0)
(37.880951, 31.586306, 0.0)
(37.750484, 31.600399, 0.0)
(36.652100, 31.713930, 0.0)
(36.469307, 31.767059, 0.0)
(36.392300, 31.761120, 0.0)
(36.214401, 31.762606, 0.0)
(36.131958, 31.786877, 0.0)
(34.417290, 31.765173, 0.0)
(34.145172, 31.853233, 0.0)
(34.084763, 31.881222, 0.0)
(33.969303, 31.865782, 0.0)
(33.915928, 31.861753, 0.0)
(33.777596, 31.867456, 0.0)
(31.958647, 31.899357, 0.0)
(31.771175, 31.999500, 0.0)
(31.708750, 32.047554, 0.0)
(31.559671, 32.041630, 0.0)
(31.432110, 32.083672, 0.0)
(30.332575, 32.188965, 0.0)
(29.012978, 32.340317, 0.0)
(28.778419, 32.345505, 0.0)
(28.737429, 32.353691, 0.0)
(26.066828, 32.665707, 0.0)
(23.881939, 32.932632, 0.0)
(23.740353, 33.004833, 0.0)
(23.730654, 33.064796, 0.0)
(23.684996, 33.105812, 0.0)
(23.662378, 33.119308, 0.0)
(23.658379, 33.179398, 0.0)
(23.681927, 33.188965, 0.0)
(23.086399, 32.661774, 0.0)
(23.023010, 32.589134, 0.0)
(23.008162, 32.576675, 0.0)
(22.961220, 32.610645, 0.0)
(23.004972, 32.647919, 0.0)
(23.026602, 32.635784, 0.0)
(23.033295, 32.632584, 0.0)
(23.050648, 32.617714, 0.0)
(23.084835, 32.590248, 0.0)
(23.085972, 32.565231, 0.0)
(23.065422, 32.545326, 0.0)
(23.071320, 32.557701, 0.0)
(23.111099, 32.544033, 0.0)
(23.150217, 32.477882, 0.0)
(23.157877, 32.463600, 0.0)
(23.217508, 32.465698, 0.0)
(23.295906, 32.453297, 0.0)
(23.387989, 32.396614, 0.0)
(25.189024, 32.053757, 0.0)
(25.587740, 32.012463, 0.0)
(25.755638, 31.956064, 0.0)
(25.956400, 31.928371, 0.0)
(26.053986, 31.925758, 0.0)
(26.230553, 31.892414, 0.0)
(26.386936, 31.861042, 0.0)
(26.509130, 31.849253, 0.0)
(26.629406, 31.805202, 0.0)
(26.744593, 31.761854, 0.0)
(27.435743, 31.670113, 0.0)
(28.466021, 31.571640, 0.0)
(28.706997, 31.530670, 0.0)
(28.831097, 31.526323, 0.0)
(28.988989, 31.539158, 0.0)
(29.209005, 31.483400, 0.0)
(31.042362, 31.377344, 0.0)
(31.414871, 31.344793, 0.0)
(31.630253, 31.359585, 0.0)
(31.814451, 31.336767, 0.0)
(33.619774, 31.222080, 0.0)
(34.817345, 31.205421, 0.0)
(34.986164, 31.249458, 0.0)
(35.064381, 31.243446, 0.0)
(35.177162, 31.256212, 0.0)
(35.270924, 31.240440, 0.0)
(35.371151, 31.220512, 0.0)
(36.155376, 31.314604, 0.0)
(39.407551, 30.954002, 0.0)
(39.675484, 31.027521, 0.0)
(39.673843, 31.110922, 0.0)
(39.699074, 31.137533, 0.0)
(39.717854, 31.142313, 0.0)
(39.731934, 31.085537, 0.0)
(39.761662, 30.995794, 0.0)
(39.803139, 30.990768, 0.0)
(39.819477, 30.947927, 0.0)
(41.394691, 30.525757, 0.0)
(41.658550, 30.442383, 0.0)
(41.640717, 30.448788, 0.0)
(41.592033, 30.454844, 0.0)
(41.582367, 30.515900, 0.0)
(41.583698, 30.522720, 0.0)
(41.585297, 30.484856, 0.0)
(41.586193, 30.445070, 0.0)
(41.587582, 30.493937, 0.0)
(41.571999, 30.498257, 0.0)
(41.508408, 30.516478, 0.0)
(41.495262, 30.555941, 0.0)
(41.481339, 30.577385, 0.0)
(41.444080, 30.609278, 0.0)
(41.379009, 30.628889, 0.0)
(41.295025, 30.486824, 0.0)
(39.847942, 31.031866, 0.0)
(39.767273, 30.369627, 0.0)
(39.728943, 30.394230, 0.0)
(39.600266, 30.432037, 0.0)
(39.494236, 30.515610, 0.0)
(39.046974, 30.591141, 0.0)
(38.019344, 30.725574, 0.0)
(37.830753, 30.851845, 0.0)
(37.684608, 30.903847, 0.0)
(37.496494, 30.967955, 0.0)
(37.064308, 31.066105, 0.0)
(36.189877, 31.154621, 0.0)
(36.056400, 31.192286, 0.0)
(35.908340, 31.304949, 0.0)
(35.808502, 31.308685, 0.0)
(35.705624, 31.364353, 0.0)
(34.134449, 31.391642, 0.0)
(34.021664, 31.306293, 0.0)
(33.995895, 31.243765, 0.0)
(33.877666, 31.198732, 0.0)
(30.307901, 31.247913, 0.0)
(29.379923, 31.347738, 0.0)
(29.299896, 31.449814, 0.0)
(29.232704, 31.463142, 0.0)
(29.173279, 31.492071, 0.0)
(28.848536, 31.559700, 0.0)
(24.947754, 32.057861, 0.0)
(24.093801, 32.210381, 0.0)
(23.936031, 32.162563, 0.0)
(23.940744, 32.175560, 0.0)
(23.898066, 32.232243, 0.0)
(23.821016, 32.204670, 0.0)
(23.517876, 32.094673, 0.0)
(23.536797, 32.075558, 0.0)
(23.545927, 32.034138, 0.0)
(23.558441, 31.954872, 0.0)
(23.567886, 31.942101, 0.0)
(23.661417, 31.932095, 0.0)
(23.319502, 31.848936, 0.0)
(22.870249, 31.496891, 0.0)
(22.820627, 31.439856, 0.0)
(22.826866, 31.410818, 0.0)
(22.829910, 31.425537, 0.0)
(22.832674, 31.422758, 0.0)
(22.842558, 31.409595, 0.0)
(22.899021, 31.397797, 0.0)
(22.903322, 31.390448, 0.0)
(22.930527, 31.341364, 0.0)
(22.933380, 31.327333, 0.0)
(22.955086, 31.314081, 0.0)
(22.960497, 31.293301, 0.0)
(22.978205, 31.258715, 0.0)
(23.021482, 31.254585, 0.0)
(23.087624, 31.225536, 0.0)
(23.787903, 31.038763, 0.0)
(27.251011, 30.518763, 0.0)
(27.575235, 30.555845, 0.0)
(27.661623, 30.558722, 0.0)
(27.800192, 30.557949, 0.0)
(27.887011, 30.519722, 0.0)
(28.008602, 30.513813, 0.0)
(28.087690, 30.487530, 0.0)
(28.148029, 30.487398, 0.0)
(28.226376, 30.450512, 0.0)
(28.459309, 30.240572, 0.0)
(28.680998, 30.060080, 0.0)
(28.780525, 30.008444, 0.0)
(28.856539, 30.002335, 0.0)
(28.969732, 29.948992, 0.0)
(29.108126, 29.922344, 0.0)
(29.224646, 29.913977, 0.0)
(29.366262, 29.882349, 0.0)
(29.519489, 29.881058, 0.0)
(31.112139, 29.816013, 0.0)
(31.788982, 29.827818, 0.0)
(31.957041, 29.912935, 0.0)
(32.055882, 29.939547, 0.0)
(32.415997, 29.989660, 0.0)
(34.078091, 29.997284, 0.0)
(34.363152, 30.052275, 0.0)
(34.476799, 30.078005, 0.0)
(34.663940, 30.147285, 0.0)
(34.814091, 30.211439, 0.0)
(34.967468, 30.227324, 0.0)
(35.107830, 30.211493, 0.0)
(38.585796, 30.246298, 0.0)
(39.710854, 30.300764, 0.0)
(39.810349, 30.365356, 0.0)
(39.805126, 30.495796, 0.0)
(39.837044, 30.465103, 0.0)
(39.857147, 30.459421, 0.0)
(39.867596, 30.489092, 0.0)
(40.745216, 30.470612, 0.0)
(41.627930, 30.397907, 0.0)
(41.677223, 30.442284, 0.0)
(41.638206, 30.452265, 0.0)
(41.658234, 30.466845, 0.0)
(41.663979, 30.485434, 0.0)
(41.676006, 30.521973, 0.0)
(41.612751, 30.441511, 0.0)
(40.956779, 30.247742, 0.0)
(40.928421, 30.193377, 0.0)
(40.952087, 30.218121, 0.0)
(40.964161, 30.215385, 0.0)
(41.000137, 30.226534, 0.0)
(41.022251, 30.222939, 0.0)
(40.999279, 30.232262, 0.0)
(40.978527, 30.186235, 0.0)
(40.886612, 30.159855, 0.0)
(40.801060, 30.086880, 0.0)
(40.730881, 30.017641, 0.0)
(40.671215, 29.991295, 0.0)
(40.604240, 29.959131, 0.0)
(40.516670, 29.885143, 0.0)
(40.419289, 29.806631, 0.0)
(40.333977, 29.807711, 0.0)
(38.946671, 29.553371, 0.0)
(38.748379, 29.562937, 0.0)
(38.677795, 29.548319, 0.0)
(38.565716, 29.498350, 0.0)
(38.443455, 29.504011, 0.0)
(37.984631, 29.530237, 0.0)
(36.460396, 29.438187, 0.0)
(36.260742, 29.463469, 0.0)
(36.133240, 29.467627, 0.0)
(36.040462, 29.449408, 0.0)
(34.464180, 29.493628, 0.0)
(33.474255, 29.474665, 0.0)
(33.309380, 29.511574, 0.0)
(33.219532, 29.478090, 0.0)
(33.127491, 29.474964, 0.0)
(32.996445, 29.500408, 0.0)
(32.901810, 29.492456, 0.0)
(32.799194, 29.507204, 0.0)
(32.694324, 29.533279, 0.0)
(31.748312, 29.544697, 0.0)
(28.217381, 29.766592, 0.0)
(27.897446, 29.806570, 0.0)
(27.825605, 29.812311, 0.0)
(27.761063, 29.838049, 0.0)
(27.695040, 29.836519, 0.0)
(26.467852, 30.056404, 0.0)
(23.462341, 30.521240, 0.0)
(23.309391, 30.532389, 0.0)
(23.321970, 30.556128, 0.0)
(23.316622, 30.526888, 0.0)
(23.307556, 30.512554, 0.0)
(23.012726, 30.368614, 0.0)
(22.691860, 30.151777, 0.0)
(22.646391, 30.156136, 0.0)
(22.643435, 30.162146, 0.0)
(22.604284, 30.215746, 0.0)
(22.612373, 30.244005, 0.0)
(22.619909, 30.263065, 0.0)
(22.646212, 30.276922, 0.0)
(22.673281, 30.289747, 0.0)
(22.681681, 30.317474, 0.0)
(22.680487, 30.315474, 0.0)
(22.700151, 30.357595, 0.0)
(22.710878, 30.393040, 0.0)
(22.690372, 30.422817, 0.0)
(22.717678, 30.379349, 0.0)
(22.714354, 30.415588, 0.0)
(22.723282, 30.451931, 0.0)
(22.767395, 30.452431, 0.0)
(22.778479, 30.478264, 0.0)
(22.782274, 30.487415, 0.0)
(22.818384, 30.507967, 0.0)
(22.933863, 30.472734, 0.0)
(22.983797, 30.453657, 0.0)
(24.689400, 30.025688, 0.0)
(25.045467, 29.945053, 0.0)
(25.209959, 29.930813, 0.0)
(25.230469, 29.933128, 0.0)
(25.353996, 29.843502, 0.0)
(27.207239, 29.629509, 0.0)
(28.169161, 29.590776, 0.0)
(28.391020, 29.578993, 0.0)
(28.499834, 29.543152, 0.0)
(28.557985, 29.487066, 0.0)
(28.678267, 29.454283, 0.0)
(28.847282, 29.428493, 0.0)
(28.969070, 29.384914, 0.0)
(29.079529, 29.329786, 0.0)
(30.957266, 29.505791, 0.0)
(34.596058, 29.431509, 0.0)
(34.930672, 29.380369, 0.0)
(35.002499, 29.237635, 0.0)
(35.085831, 29.209265, 0.0)
(35.189232, 29.221279, 0.0)
(35.268497, 29.249157, 0.0)
(35.321064, 29.219631, 0.0)
(35.387482, 29.243076, 0.0)
(35.461365, 29.241846, 0.0)
(36.386066, 29.094515, 0.0)
(38.712063, 29.032494, 0.0)
(38.831455, 29.033239, 0.0)
(38.818771, 29.032812, 0.0)
(38.858372, 29.055632, 0.0)
(38.922226, 29.029743, 0.0)
(41.100925, 29.308540, 0.0)
(41.676922, 29.316753, 0.0)
(41.698818, 29.364031, 0.0)
(41.703522, 29.352959, 0.0)
(41.708027, 29.307335, 0.0)
(41.709099, 29.318068, 0.0)
(41.713264, 29.274088, 0.0)
(41.724232, 29.293028, 0.0)
(41.762787, 29.134943, 0.0)
(41.851025, 29.046154, 0.0)
(41.842865, 29.058052, 0.0)
(41.844234, 29.043940, 0.0)
(41.844513, 29.038404, 0.0)
(41.877075, 29.037479, 0.0)
(41.870388, 28.980251, 0.0)
(41.877132, 28.654037, 0.0)
(41.875717, 28.588184, 0.0)
(41.837933, 28.564238, 0.0)
(41.837917, 28.537271, 0.0)
(41.831398, 28.537716, 0.0)
(41.746674, 28.478960, 0.0)
(41.391365, 29.174208, 0.0)
(39.097031, 29.487728, 0.0)
(38.809994, 28.435705, 0.0)
(38.682106, 28.072151, 0.0)
(38.511387, 27.978106, 0.0)
(38.381054, 28.011541, 0.0)
(38.217548, 27.994749, 0.0)
(37.956451, 27.958149, 0.0)
(33.978504, 27.614565, 0.0)
(33.584709, 27.755919, 0.0)
(33.494728, 27.835293, 0.0)
(33.319729, 27.912134, 0.0)
(33.241573, 27.953545, 0.0)
(33.146473, 28.077330, 0.0)
(33.101475, 28.184261, 0.0)
(33.003128, 28.199110, 0.0)
(32.912415, 28.237503, 0.0)
(32.855328, 28.216164, 0.0)
(32.822052, 28.198345, 0.0)
(29.111647, 28.312477, 0.0)
(27.509228, 28.719633, 0.0)
(27.250372, 28.832279, 0.0)
(27.191118, 28.869736, 0.0)
(27.109558, 28.865831, 0.0)
(27.061413, 28.871441, 0.0)
(27.059366, 28.919878, 0.0)
(27.017216, 28.962572, 0.0)
(26.980993, 28.998400, 0.0)
(26.941319, 29.074409, 0.0)
(26.894217, 29.166008, 0.0)
(26.862616, 29.131966, 0.0)
(24.338314, 29.496510, 0.0)
(22.884468, 29.587923, 0.0)
(22.793444, 29.597828, 0.0)
(22.782925, 29.533838, 0.0)
(22.795444, 29.489573, 0.0)
(22.628628, 29.446686, 0.0)
(22.613941, 29.421192, 0.0)
(22.644321, 29.434286, 0.0)
(22.670218, 29.455627, 0.0)
(22.705315, 29.423729, 0.0)
(22.748087, 29.400782, 0.0)
(22.774397, 29.373161, 0.0)
(22.763342, 29.330843, 0.0)
(22.524837, 29.262030, 0.0)
(22.459572, 29.243313, 0.0)
(22.484753, 29.158121, 0.0)
(22.466606, 29.106247, 0.0)
(22.485294, 29.067646, 0.0)
(22.520603, 29.026653, 0.0)
(22.530449, 28.979149, 0.0)
(22.543352, 28.960499, 0.0)
(22.566887, 28.960070, 0.0)
(22.581099, 28.935961, 0.0)
(22.607786, 28.829285, 0.0)
(22.630989, 28.760876, 0.0)
(22.752056, 28.670017, 0.0)
(22.845148, 28.653172, 0.0)
(24.212311, 28.166006, 0.0)
(25.023415, 27.942373, 0.0)
(25.214081, 27.904020, 0.0)
(25.390173, 27.841795, 0.0)
(25.537117, 27.817423, 0.0)
(25.661873, 27.712143, 0.0)
(28.721178, 27.364855, 0.0)
(29.839159, 27.320360, 0.0)
(29.969379, 27.282297, 0.0)
(30.115782, 27.263575, 0.0)
(30.198486, 27.221544, 0.0)
(30.271847, 27.215900, 0.0)
(30.413517, 27.198505, 0.0)
(34.880680, 27.155117, 0.0)
(38.819431, 27.358070, 0.0)
(39.629879, 27.622868, 0.0)
(39.737682, 27.688042, 0.0)
(39.764500, 27.704504, 0.0)
(39.777260, 27.654726, 0.0)
(39.783482, 27.680046, 0.0)
(39.804401, 27.722733, 0.0)
(39.809322, 27.695408, 0.0)
(39.808010, 27.669298, 0.0)
(39.787212, 27.563713, 0.0)
(39.805824, 27.564058, 0.0)
(39.806747, 27.591274, 0.0)
(40.539577, 27.533520, 0.0)
(41.997734, 27.580402, 0.0)
(42.109417, 27.581675, 0.0)
(42.099876, 27.624228, 0.0)
(42.145435, 27.660778, 0.0)
(42.157661, 27.614956, 0.0)
(42.149014, 27.566587, 0.0)
(42.182125, 27.575964, 0.0)
(42.167812, 27.582638, 0.0)
(42.098579, 27.627785, 0.0)
(42.080231, 27.755600, 0.0)
(42.075996, 27.885820, 0.0)
(42.052425, 27.916151, 0.0)
(41.915352, 27.827356, 0.0)
(41.782070, 27.710104, 0.0)
(41.859375, 27.733950, 0.0)
(41.929249, 27.774178, 0.0)
(41.495266, 27.390120, 0.0)
(41.505016, 27.393265, 0.0)
(41.527985, 27.447794, 0.0)
(41.534222, 27.501747, 0.0)
(41.522682, 27.476845, 0.0)
(41.502949, 27.462126, 0.0)
(41.506710, 27.458603, 0.0)
(41.505669, 27.401140, 0.0)
(41.475739, 27.360001, 0.0)
(41.442051, 27.369093, 0.0)
(41.013828, 26.953693, 0.0)
(40.731415, 26.666260, 0.0)
(40.652149, 26.612377, 0.0)
(40.583721, 26.620264, 0.0)
(40.519295, 26.527763, 0.0)
(37.602848, 26.165047, 0.0)
(36.960621, 26.302103, 0.0)
(36.813648, 26.389692, 0.0)
(36.742336, 26.426775, 0.0)
(36.610836, 26.409540, 0.0)
(36.541237, 26.410316, 0.0)
(36.447483, 26.372501, 0.0)
(36.374096, 26.368242, 0.0)
(36.294956, 26.356791, 0.0)
(33.191666, 26.092941, 0.0)
(32.044506, 26.146250, 0.0)
(31.885597, 26.136059, 0.0)
(31.837629, 26.188549, 0.0)
(31.821413, 26.161930, 0.0)
(31.794598, 26.197906, 0.0)
(31.749180, 26.189047, 0.0)
(31.740742, 26.201847, 0.0)
(31.714697, 26.191017, 0.0)
(31.642576, 26.208672, 0.0)
(31.575546, 26.203949, 0.0)
(30.723499, 26.334122, 0.0)
(26.551620, 26.855333, 0.0)
(25.683044, 27.037949, 0.0)
(25.572254, 27.031017, 0.0)
(25.539768, 27.063068, 0.0)
(26.645159, 26.799522, 0.0)
(27.949041, 26.503788, 0.0)
(28.010910, 26.460657, 0.0)
(27.989130, 26.503090, 0.0)
(27.922998, 26.484341, 0.0)
(27.853300, 26.475214, 0.0)
(27.771439, 26.475086, 0.0)
(27.703953, 26.454128, 0.0)
(25.833792, 29.278185, 0.0)
(25.187710, 27.880625, 0.0)
(25.155584, 26.804995, 0.0)
(25.160339, 26.567268, 0.0)
(25.060972, 26.524960, 0.0)
(23.161135, 27.132772, 0.0)
(22.854059, 27.292864, 0.0)
(22.835602, 27.353594, 0.0)
(22.800585, 27.407602, 0.0)
(22.753742, 27.468935, 0.0)
(22.405602, 27.347923, 0.0)
(22.386604, 27.368235, 0.0)
(22.386465, 27.403828, 0.0)
(22.375975, 27.437723, 0.0)
(22.415264, 27.461340, 0.0)
(22.471209, 27.486858, 0.0)
(22.513868, 27.470833, 0.0)
(22.555264, 27.449234, 0.0)
(24.968409, 26.904764, 0.0)
(25.322870, 26.824879, 0.0)
(25.385813, 26.807297, 0.0)
(25.615635, 26.798534, 0.0)
(25.750311, 26.780733, 0.0)
(25.954456, 26.747190, 0.0)
(26.081776, 26.722281, 0.0)
(26.287594, 26.725275, 0.0)
(26.504560, 26.735107, 0.0)
(28.892355, 26.317562, 0.0)
(29.457424, 26.291533, 0.0)
(29.698332, 26.258926, 0.0)
(29.814196, 26.242268, 0.0)
(29.933014, 26.192713, 0.0)
(30.057140, 26.178873, 0.0)
(30.160999, 26.194450, 0.0)
(30.354334, 26.188526, 0.0)
(30.455759, 26.186983, 0.0)
(30.614149, 26.139544, 0.0)
(30.787214, 26.123152, 0.0)
(30.998762, 26.079855, 0.0)
(31.827713, 25.899323, 0.0)
(32.323017, 25.814375, 0.0)
(32.517216, 25.766216, 0.0)
(32.694263, 25.712038, 0.0)
(32.861946, 25.707918, 0.0)
(33.396618, 25.675117, 0.0)
(34.612831, 25.597244, 0.0)
(34.774101, 25.577990, 0.0)
(34.880367, 25.593355, 0.0)
(35.235798, 25.581825, 0.0)
(39.173687, 25.793407, 0.0)
(39.648556, 25.900606, 0.0)
(39.730728, 25.952660, 0.0)
(39.800648, 26.011633, 0.0)
(39.878315, 26.032814, 0.0)
(39.911945, 26.018978, 0.0)
(39.983459, 26.046310, 0.0)
(40.069466, 26.061583, 0.0)
(40.139526, 26.086657, 0.0)
(40.186588, 26.076126, 0.0)
(41.241222, 26.211950, 0.0)
(42.041836, 26.362803, 0.0)
(42.020359, 26.285742, 0.0)
(42.000229, 26.282059, 0.0)
(41.973785, 26.263033, 0.0)
(41.972687, 26.268700, 0.0)
(41.934021, 26.269699, 0.0)
(41.457138, 27.220949, 0.0)
(41.084782, 25.786257, 0.0)
(41.044197, 25.515440, 0.0)
(41.008339, 25.619751, 0.0)
(40.877296, 25.577909, 0.0)
(40.752975, 25.533741, 0.0)
(40.595581, 25.432413, 0.0)
(40.457275, 25.433144, 0.0)
(40.264549, 25.409014, 0.0)
(38.863708, 25.070904, 0.0)
(38.571644, 25.073751, 0.0)
(38.397614, 25.072437, 0.0)
(38.136452, 25.027411, 0.0)
(37.954628, 25.028841, 0.0)
(37.761620, 25.020687, 0.0)
(37.558327, 25.039110, 0.0)
(37.369553, 25.084286, 0.0)
(37.120564, 25.062441, 0.0)
(35.752514, 24.966389, 0.0)
(35.526978, 25.016983, 0.0)
(35.366821, 24.988276, 0.0)
(35.192520, 25.028515, 0.0)
(35.027714, 24.951502, 0.0)
(34.796158, 24.893764, 0.0)
(34.616306, 24.874916, 0.0)
(31.301933, 25.000832, 0.0)
(30.698128, 25.105600, 0.0)
(30.578899, 25.185083, 0.0)
(30.481159, 25.213657, 0.0)
(30.383362, 25.275314, 0.0)
(30.279940, 25.288984, 0.0)
(30.152960, 25.288269, 0.0)
(26.568958, 25.845842, 0.0)
(25.124222, 26.367281, 0.0)
(24.847864, 26.411921, 0.0)
(24.775480, 26.434683, 0.0)
(24.640289, 26.451027, 0.0)
(24.601639, 26.447542, 0.0)
(24.008518, 26.604372, 0.0)
(22.398157, 26.965767, 0.0)
(22.281248, 26.980864, 0.0)
(22.288139, 26.962029, 0.0)
(22.272579, 26.929632, 0.0)
(22.275269, 26.945198, 0.0)
(22.321579, 26.643600, 0.0)
(22.295589, 26.556114, 0.0)
(22.297976, 26.513411, 0.0)
(22.307707, 26.504383, 0.0)
(22.312469, 26.495628, 0.0)
(22.314241, 26.490629, 0.0)
(22.316332, 26.481627, 0.0)
(22.292688, 26.460436, 0.0)
(22.318995, 26.406803, 0.0)
(22.316843, 26.384251, 0.0)
(22.326307, 26.376402, 0.0)
(22.358154, 26.361689, 0.0)
(22.388756, 26.308296, 0.0)
(22.413845, 26.047499, 0.0)
(22.463100, 25.986938, 0.0)
(22.532682, 25.988358, 0.0)
(22.575041, 25.984140, 0.0)
(22.737972, 25.933802, 0.0)
(22.898026, 25.822351, 0.0)
(23.777344, 25.478432, 0.0)
(24.791378, 25.132416, 0.0)
(25.005842, 25.006025, 0.0)
(25.228176, 24.917862, 0.0)
(25.423704, 24.870081, 0.0)
(25.577166, 24.812359, 0.0)
(25.781691, 24.783819, 0.0)
(25.991014, 24.735035, 0.0)
(26.209013, 24.675886, 0.0)
(27.246599, 24.430700, 0.0)
(27.559408, 24.388889, 0.0)
(27.797106, 24.274265, 0.0)
(28.071939, 24.241087, 0.0)
(28.232912, 24.221228, 0.0)
(29.861944, 24.133266, 0.0)
(30.506041, 24.042732, 0.0)
(30.682470, 23.980415, 0.0)
(30.889935, 24.008268, 0.0)
(31.107386, 23.993736, 0.0)
(31.323641, 24.001554, 0.0)
(33.354397, 24.003950, 0.0)
(34.226776, 24.130976, 0.0)
(34.406067, 24.222178, 0.0)
(34.533150, 24.274607, 0.0)
(34.712669, 24.272699, 0.0)
(34.833103, 24.229073, 0.0)
(35.979252, 24.475201, 0.0)
(39.145756, 24.749651, 0.0)
(39.409641, 24.868723, 0.0)
(39.473507, 24.921303, 0.0)
(39.522160, 24.945463, 0.0)
(39.577641, 24.970608, 0.0)
(38.809517, 24.767443, 0.0)
(38.045029, 24.499762, 0.0)
(38.079884, 24.572870, 0.0)
(38.220062, 24.598270, 0.0)
(38.300510, 24.632135, 0.0)
(38.439274, 24.662640, 0.0)
(39.916298, 24.996401, 0.0)
(41.131714, 25.272924, 0.0)
(41.198444, 25.279341, 0.0)
(41.210922, 25.255810, 0.0)
(41.215389, 25.250292, 0.0)
(41.242702, 25.261269, 0.0)
(41.284302, 25.276159, 0.0)
(41.271015, 25.280001, 0.0)
(41.279491, 25.283768, 0.0)
(41.319298, 25.294250, 0.0)
(41.316753, 25.242970, 0.0)
(41.286118, 25.239590, 0.0)
(41.262543, 25.210705, 0.0)
(41.229069, 25.115671, 0.0)
(41.175098, 24.861145, 0.0)
(41.132278, 24.794657, 0.0)
(41.060112, 24.721319, 0.0)
(40.996925, 24.711004, 0.0)
(40.897598, 24.648689, 0.0)
(39.696720, 24.203352, 0.0)
(39.549931, 24.196627, 0.0)
(39.499554, 24.209480, 0.0)
(39.402668, 24.148123, 0.0)
(39.255581, 24.075617, 0.0)
(38.041149, 23.827084, 0.0)
(37.742336, 23.756390, 0.0)
(37.651993, 23.704931, 0.0)
(37.523590, 23.665154, 0.0)
(37.134644, 23.633125, 0.0)
(35.320271, 23.275053, 0.0)
(35.133080, 23.248453, 0.0)
(35.065273, 23.234385, 0.0)
(34.865746, 23.213907, 0.0)
(34.703262, 23.174177, 0.0)
(34.613789, 23.195585, 0.0)
(34.480438, 23.170357, 0.0)
(34.397091, 23.186863, 0.0)
(33.282890, 23.192751, 0.0)
(32.367435, 23.183489, 0.0)
(32.219292, 23.188162, 0.0)
(32.099174, 23.149208, 0.0)
(31.977671, 23.143864, 0.0)
(31.853638, 23.107567, 0.0)
(30.272545, 23.369825, 0.0)
(29.941744, 23.415987, 0.0)
(29.803246, 23.418474, 0.0)
(29.717421, 23.449783, 0.0)
(29.542562, 23.445570, 0.0)
(26.540037, 24.023373, 0.0)
(26.269958, 24.155834, 0.0)
(26.238798, 24.162586, 0.0)
(26.163481, 24.220201, 0.0)
(26.048536, 24.224604, 0.0)
(23.337666, 24.749744, 0.0)
(22.786577, 24.880665, 0.0)
(22.749071, 24.853111, 0.0)
(22.750916, 24.916201, 0.0)
(22.752234, 24.915812, 0.0)
(22.757732, 24.895359, 0.0)
(22.247999, 25.074663, 0.0)
(22.200682, 25.127026, 0.0)
(22.218218, 25.156584, 0.0)
(22.200619, 25.217510, 0.0)
(22.201044, 25.262455, 0.0)
(22.201326, 25.293736, 0.0)
(22.202978, 25.328440, 0.0)
(22.202442, 25.348602, 0.0)
(22.201677, 25.383188, 0.0)
(22.203165, 25.426744, 0.0)
(22.224594, 25.458088, 0.0)
(22.159832, 25.408873, 0.0)
(22.474710, 25.284935, 0.0)
(22.729572, 26.814318, 0.0)
(23.318277, 26.472406, 0.0)
(23.977146, 25.569485, 0.0)
(24.337458, 24.752951, 0.0)
(24.694773, 24.317171, 0.0)
(24.875446, 24.226828, 0.0)
(25.148066, 24.215088, 0.0)
(25.385355, 24.116623, 0.0)
(25.561346, 24.106647, 0.0)
(25.825172, 24.035997, 0.0)
(26.051287, 23.979580, 0.0)
(26.232059, 23.885111, 0.0)
(27.031996, 23.779459, 0.0)
(27.728985, 23.616541, 0.0)
(27.983391, 23.532309, 0.0)
(28.233171, 23.474922, 0.0)
(28.464384, 23.381554, 0.0)
(28.673183, 23.334677, 0.0)
(29.050474, 23.274696, 0.0)
(32.230900, 22.967123, 0.0)
(32.595055, 22.994610, 0.0)
(32.796078, 22.957741, 0.0)
(32.960316, 22.920832, 0.0)
(33.143963, 22.856388, 0.0)
(33.283695, 22.822750, 0.0)
(33.419464, 22.821772, 0.0)
(33.548347, 22.783230, 0.0)
(33.698250, 22.799955, 0.0)
(33.844193, 22.816433, 0.0)
(33.946930, 22.819790, 0.0)
(35.327698, 22.909237, 0.0)
(36.378601, 22.982069, 0.0)
(36.556828, 23.007565, 0.0)
(36.679794, 22.978104, 0.0)
(36.823154, 22.967726, 0.0)
(38.335327, 23.337936, 0.0)
(40.951366, 24.079691, 0.0)
(41.106869, 24.125776, 0.0)
(41.118328, 24.095928, 0.0)
(41.120235, 24.084929, 0.0)
(41.140682, 24.068176, 0.0)
(41.134083, 24.050259, 0.0)
(41.130028, 24.033768, 0.0)
(41.738869, 23.907892, 0.0)
(41.823757, 23.861042, 0.0)
(41.775162, 23.811386, 0.0)
(41.776550, 23.808348, 0.0)
(41.752815, 23.804525, 0.0)
(41.408363, 23.552036, 0.0)
(41.346539, 23.496826, 0.0)
(41.061691, 23.410238, 0.0)
(41.004417, 23.317068, 0.0)
(40.956348, 23.314695, 0.0)
(40.865467, 23.277609, 0.0)
(40.810890, 23.276228, 0.0)
(40.706348, 23.303612, 0.0)
(40.663677, 23.249653, 0.0)
(40.608181, 23.168612, 0.0)
(40.515224, 23.221523, 0.0)
(40.420120, 23.275005, 0.0)
(39.616203, 23.136105, 0.0)
(38.688114, 23.044239, 0.0)
(38.567940, 23.046234, 0.0)
(38.470604, 23.012972, 0.0)
(38.412411, 23.015703, 0.0)
(38.333138, 23.017159, 0.0)
(38.229103, 22.958117, 0.0)
(36.763779, 22.605324, 0.0)
(35.657196, 22.408857, 0.0)
(35.553589, 22.406200, 0.0)
(35.458748, 22.442225, 0.0)
(35.346317, 22.417604, 0.0)
(33.984318, 22.300381, 0.0)
(31.044167, 22.391399, 0.0)
(30.833410, 22.432373, 0.0)
(30.773132, 22.442898, 0.0)
(30.674089, 22.506912, 0.0)
(30.621912, 22.565416, 0.0)
(30.588301, 22.583420, 0.0)
(30.524681, 22.598501, 0.0)
(30.198643, 22.679312, 0.0)
(25.965919, 23.401491, 0.0)
(23.590929, 24.147060, 0.0)
(23.440756, 24.148005, 0.0)
(23.420731, 24.126522, 0.0)
(23.411816, 24.089830, 0.0)
(23.437582, 24.093113, 0.0)
(23.437824, 24.083769, 0.0)
(23.447792, 24.068020, 0.0)
(23.455154, 24.063383, 0.0)
(23.454666, 24.050993, 0.0)
(23.470699, 24.028687, 0.0)
(23.476805, 24.036697, 0.0)
(23.468935, 24.028311, 0.0)
(22.508049, 24.387976, 0.0)
(22.263712, 24.424200, 0.0)
(22.269270, 24.374279, 0.0)
(22.277346, 24.329084, 0.0)
(22.279877, 24.295385, 0.0)
(22.282219, 24.223606, 0.0)
(22.295183, 24.169477, 0.0)
(22.305698, 24.119705, 0.0)
(22.324068, 24.050018, 0.0)
(22.324572, 24.040556, 0.0)
(22.314913, 24.025459, 0.0)
(22.489904, 23.800787, 0.0)
(22.482197, 23.782249, 0.0)
(22.467567, 23.717419, 0.0)
(22.453991, 23.696390, 0.0)
(22.470989, 23.683867, 0.0)
(22.481318, 23.683096, 0.0)
(22.528172, 23.604662, 0.0)
(22.563902, 23.601206, 0.0)
(23.104807, 25.269726, 0.0)
(24.596552, 24.414171, 0.0)
(24.687920, 22.477530, 0.0)
(24.815619, 22.433907, 0.0)
(24.960253, 22.491060, 0.0)
(25.105392, 22.453173, 0.0)
(25.244278, 22.400759, 0.0)
(25.410927, 22.360828, 0.0)
(25.593534, 22.291559, 0.0)
(25.698874, 22.235464, 0.0)
(26.320936, 22.029135, 0.0)
(27.131207, 21.815805, 0.0)
(27.393118, 21.740074, 0.0)
(27.565500, 21.744097, 0.0)
(27.923521, 21.669428, 0.0)
(29.964590, 21.333118, 0.0)
(30.253803, 21.331331, 0.0)
(30.460775, 21.314962, 0.0)
(30.688387, 21.312239, 0.0)
(30.857407, 21.274021, 0.0)
(31.061838, 21.315153, 0.0)
(34.370842, 21.388117, 0.0)
(34.754478, 21.471075, 0.0)
(34.858490, 21.485607, 0.0)
(35.008846, 21.541056, 0.0)
(35.089073, 21.567314, 0.0)
(35.174797, 21.566172, 0.0)
(35.266300, 21.633631, 0.0)
(35.337730, 21.716791, 0.0)
(35.403202, 21.783913, 0.0)
(35.516998, 21.866327, 0.0)
(35.609180, 21.896746, 0.0)
(35.726616, 21.941925, 0.0)
(35.813904, 21.995350, 0.0)
(37.550922, 22.299223, 0.0)
(38.542191, 22.390112, 0.0)
(38.669281, 22.328161, 0.0)
(38.715916, 22.234953, 0.0)
(38.768692, 22.231199, 0.0)
(39.915916, 22.604256, 0.0)
(40.999229, 22.955015, 0.0)
(41.085781, 22.988894, 0.0)
(41.080692, 22.936890, 0.0)
(41.087940, 22.868820, 0.0)
(41.113659, 22.825216, 0.0)
(41.086578, 22.815136, 0.0)
(41.069740, 22.842731, 0.0)
(41.055931, 22.840956, 0.0)
(41.049065, 22.857023, 0.0)
(41.028072, 22.817516, 0.0)
(41.028336, 22.771235, 0.0)
(41.022614, 22.736757, 0.0)
(41.008091, 22.714838, 0.0)
(40.786575, 22.704212, 0.0)
(39.722965, 21.959255, 0.0)
(39.579327, 21.552004, 0.0)
(39.568047, 21.595762, 0.0)
(39.512650, 21.549650, 0.0)
(39.493679, 21.502516, 0.0)
(38.073986, 21.103277, 0.0)
(37.844650, 21.099468, 0.0)
(37.745953, 21.088970, 0.0)
(37.583221, 21.032791, 0.0)
(37.472301, 21.012365, 0.0)
(37.385098, 20.963633, 0.0)
(37.259319, 20.932474, 0.0)
(37.181122, 20.897726, 0.0)
(35.733150, 20.676924, 0.0)
(35.391598, 20.638912, 0.0)
(35.304104, 20.606003, 0.0)
(35.174526, 20.559362, 0.0)
(35.030434, 20.502596, 0.0)
(34.699997, 20.456354, 0.0)
(33.335491, 20.349350, 0.0)
(33.123516, 20.330374, 0.0)
(33.000195, 20.322283, 0.0)
(32.884300, 20.339966, 0.0)
(32.557064, 20.386047, 0.0)
(30.929609, 20.525236, 0.0)
(30.728228, 20.586700, 0.0)
(30.548357, 20.576439, 0.0)
(30.429409, 20.627897, 0.0)
(30.285608, 20.687878, 0.0)
(28.777027, 20.996342, 0.0)
(28.474339, 21.076330, 0.0)
(28.355347, 21.094627, 0.0)
(28.249340, 21.179800, 0.0)
(25.575426, 21.876043, 0.0)
(23.867746, 22.494041, 0.0)
(23.755888, 22.520155, 0.0)
(23.703043, 22.536423, 0.0)
(23.541321, 22.641350, 0.0)
(22.519869, 23.133839, 0.0)
(22.385784, 23.188984, 0.0)
(22.386919, 23.193836, 0.0)
(22.385500, 23.209497, 0.0)
(22.376234, 23.227402, 0.0)
(22.373796, 23.252747, 0.0)
(22.246237, 23.225935, 0.0)
(22.212860, 23.202227, 0.0)
(22.212431, 23.245316, 0.0)
(22.216911, 23.281279, 0.0)
(22.209799, 23.310261, 0.0)
(22.178160, 23.288498, 0.0)
(22.201256, 23.242350, 0.0)
(22.270714, 23.203306, 0.0)
(22.252577, 23.165989, 0.0)
(22.313459, 25.261538, 0.0)
(23.345129, 22.932087, 0.0)
(23.843460, 21.888548, 0.0)
(24.064610, 21.788689, 0.0)
(24.140818, 21.747589, 0.0)
(24.132418, 21.738859, 0.0)
(24.225199, 21.704136, 0.0)
(24.344311, 21.651411, 0.0)
(25.655815, 21.425100, 0.0)
(26.921593, 21.203434, 0.0)
(27.150558, 21.123726, 0.0)
(27.312813, 21.064188, 0.0)
(27.446028, 20.980003, 0.0)
(27.651556, 20.916328, 0.0)
(28.479555, 20.722303, 0.0)
(30.157688, 20.398546, 0.0)
(30.495443, 20.317495, 0.0)
(30.656757, 20.266666, 0.0)
(30.849096, 20.191406, 0.0)
(30.962427, 20.135315, 0.0)
(31.081076, 20.068714, 0.0)
(31.231535, 20.040367, 0.0)
(31.372244, 20.008532, 0.0)
(31.387472, 19.959738, 0.0)
(34.232864, 20.222206, 0.0)
(34.208687, 19.554445, 0.0)
(34.363644, 19.474895, 0.0)
(34.526302, 19.581211, 0.0)
(34.656761, 19.610374, 0.0)
(34.768402, 19.596924, 0.0)
(34.850536, 19.645309, 0.0)
(35.581394, 19.893585, 0.0)
(37.891018, 20.579405, 0.0)
(38.065624, 20.645515, 0.0)
(38.110443, 20.614367, 0.0)
(38.164581, 20.608299, 0.0)
(38.242344, 20.617493, 0.0)
(38.909405, 20.825397, 0.0)
(40.513897, 21.321281, 0.0)
(40.593349, 21.348881, 0.0)
(40.584549, 21.347914, 0.0)
(40.584793, 21.374130, 0.0)
(40.580528, 21.396626, 0.0)
(40.563335, 21.432314, 0.0)
(40.545872, 21.471766, 0.0)
(40.572243, 21.501335, 0.0)
(40.574131, 21.525730, 0.0)
(40.547523, 21.552824, 0.0)
(40.556980, 21.580074, 0.0)
(40.543823, 21.592459, 0.0)
(40.520573, 21.584909, 0.0)
(40.529079, 21.656021, 0.0)
(40.485237, 21.703951, 0.0)
(40.412621, 21.657003, 0.0)
(40.305573, 21.751085, 0.0)
(37.161793, 20.419371, 0.0)
(37.039333, 20.305023, 0.0)
(36.960838, 20.403715, 0.0)
(36.869331, 20.370304, 0.0)
(36.802845, 20.341616, 0.0)
(36.730217, 20.352448, 0.0)
(36.642185, 20.304428, 0.0)
(36.544319, 20.302135, 0.0)
(36.487572, 20.250927, 0.0)
(36.436623, 20.209623, 0.0)
(36.338791, 20.154768, 0.0)
(34.609962, 19.926374, 0.0)
(34.387115, 19.897499, 0.0)
(34.279697, 19.797207, 0.0)
(34.144749, 19.792368, 0.0)
(34.030663, 19.745819, 0.0)
(32.242393, 19.810608, 0.0)
(31.650114, 19.822058, 0.0)
(31.525400, 19.834190, 0.0)
(31.374926, 19.827009, 0.0)
(31.222557, 19.774233, 0.0)
(31.067934, 19.777557, 0.0)
(30.952204, 19.761841, 0.0)
(29.482338, 19.896677, 0.0)
(29.122293, 19.972115, 0.0)
(29.002634, 19.951788, 0.0)
(28.917894, 19.937344, 0.0)
(28.821934, 19.961697, 0.0)
(27.056276, 20.328356, 0.0)
(26.081755, 20.590696, 0.0)
(25.935726, 20.621819, 0.0)
(25.892675, 20.641291, 0.0)
(25.816719, 20.621908, 0.0)
(25.751831, 20.670086, 0.0)
(23.982893, 21.317564, 0.0)
(23.671604, 21.437605, 0.0)
(23.585724, 21.488520, 0.0)
(23.578375, 21.466721, 0.0)
(23.549194, 21.457270, 0.0)
(23.538879, 21.484041, 0.0)
(22.455988, 22.010118, 0.0)
(22.351606, 22.078156, 0.0)
(22.339735, 22.042681, 0.0)
(22.340345, 22.039268, 0.0)
(22.333443, 22.050581, 0.0)
(22.335377, 22.018679, 0.0)
(22.331820, 22.018198, 0.0)
(22.308861, 22.006525, 0.0)
(22.148102, 22.885654, 0.0)
(25.050816, 20.239283, 0.0)
(25.454031, 19.831871, 0.0)
(25.642490, 19.751947, 0.0)
(25.736626, 19.672728, 0.0)
(25.777014, 19.632601, 0.0)
(25.823339, 19.642191, 0.0)
(25.853848, 19.680878, 0.0)
(25.876226, 19.715456, 0.0)
(25.909014, 19.733618, 0.0)
(28.612652, 19.392666, 0.0)
(29.125032, 19.388151, 0.0)
(29.229185, 19.374775, 0.0)
(29.322845, 19.391916, 0.0)
(29.436480, 19.358072, 0.0)
(31.141428, 19.072306, 0.0)
(32.071125, 19.017057, 0.0)
(32.220482, 18.986485, 0.0)
(32.255562, 19.035427, 0.0)
(32.316902, 19.072086, 0.0)
(32.361622, 19.092239, 0.0)
(32.433289, 19.141552, 0.0)
(35.691742, 19.601124, 0.0)
(37.730000, 19.980776, 0.0)
(37.859791, 20.025473, 0.0)
(37.870911, 20.059090, 0.0)
(37.890980, 20.046181, 0.0)
(37.906239, 20.037010, 0.0)
(37.927513, 20.033037, 0.0)
(37.908176, 20.090334, 0.0)
(37.911144, 20.087082, 0.0)
(37.899723, 20.101860, 0.0)
(37.911591, 20.100349, 0.0)
(39.668373, 20.725216, 0.0)
(40.491543, 21.137829, 0.0)
(40.512707, 21.170208, 0.0)
(40.504681, 21.179850, 0.0)
(40.486446, 21.146332, 0.0)
(40.470253, 21.131834, 0.0)
(40.488274, 21.040403, 0.0)
(40.480583, 21.021538, 0.0)
(40.479950, 21.015442, 0.0)
(40.501808, 20.989754, 0.0)
(40.486351, 20.988777, 0.0)
(40.478230, 20.963148, 0.0)
(40.508671, 20.946373, 0.0)
(40.509987, 20.956802, 0.0)
(40.510944, 20.912262, 0.0)
(40.528362, 20.920929, 0.0)
(40.535919, 20.922649, 0.0)
(40.563522, 20.939629, 0.0)
(40.562065, 20.941263, 0.0)
(40.561340, 20.917654, 0.0)
(40.576420, 20.941948, 0.0)
(40.576420, 20.941948, 0.0)
(40.582844, 20.893341, 0.0)
(40.572159, 20.860929, 0.0)
(41.149086, 21.997961, 0.0)
(41.179577, 22.154221, 0.0)
(41.170166, 22.154596, 0.0)
(41.193771, 22.135431, 0.0)
(41.189041, 22.098814, 0.0)
(41.225159, 22.280952, 0.0)
(41.736160, 24.856634, 0.0)
(41.758530, 25.366072, 0.0)
(41.771923, 25.378361, 0.0)
(41.764923, 25.341452, 0.0)
(41.776154, 25.352116, 0.0)
(41.811241, 25.377748, 0.0)
(41.823833, 25.329342, 0.0)
(41.689247, 24.795313, 0.0)
(41.684204, 24.623672, 0.0)
(41.722054, 24.628819, 0.0)
(41.734486, 24.611784, 0.0)
(41.737408, 24.431232, 0.0)
(41.773769, 24.122576, 0.0)
(41.776009, 24.099222, 0.0)
(41.790806, 24.139420, 0.0)
(41.794903, 24.197701, 0.0)
(41.996101, 25.906357, 0.0)
(41.957432, 26.388735, 0.0)
(41.908916, 26.401398, 0.0)
(41.919765, 26.452354, 0.0)
(41.930317, 26.506811, 0.0)
(41.904026, 26.552839, 0.0)
(41.912315, 26.709913, 0.0)
(41.889809, 26.723824, 0.0)
(42.042862, 27.438156, 0.0)
(42.023006, 29.361715, 0.0)
(41.953941, 29.593075, 0.0)
(41.915535, 29.572138, 0.0)
(41.911243, 29.563843, 0.0)
(41.913036, 29.582287, 0.0)
(41.892426, 29.609083, 0.0)
(41.894424, 29.615080, 0.0)
(41.899006, 29.674942, 0.0)
(41.899006, 29.674942, 0.0)
(41.888210, 29.684780, 0.0)
(41.899437, 29.740299, 0.0)
(41.886509, 29.754295, 0.0)
(41.833900, 29.724665, 0.0)
(41.656227, 29.589430, 0.0)
(41.652584, 31.619095, 0.0)
(41.591305, 30.313906, 0.0)
(41.556381, 29.982641, 0.0)
(41.562119, 29.999353, 0.0)
(41.558132, 29.995394, 0.0)
(41.566780, 30.007101, 0.0)
(41.582977, 29.980349, 0.0)
(41.592815, 29.962067, 0.0)
(41.589943, 29.942442, 0.0)
(41.596977, 29.924398, 0.0)
(41.600697, 29.915760, 0.0)
(41.615631, 29.876143, 0.0)
(41.623226, 29.845455, 0.0)
(41.622471, 29.819881, 0.0)
(41.640736, 29.748884, 0.0)
(41.618496, 29.668093, 0.0)
(41.476608, 29.638605, 0.0)
(41.277386, 28.208035, 0.0)
(41.206837, 27.385534, 0.0)
(41.179688, 27.094723, 0.0)
(41.202312, 27.059557, 0.0)
(41.265800, 27.002892, 0.0)
(41.288658, 26.957113, 0.0)
(41.268574, 26.906073, 0.0)
(41.277790, 26.835720, 0.0)
(41.274151, 26.725075, 0.0)
(41.276909, 26.655407, 0.0)
(41.291454, 26.540501, 0.0)
(41.346565, 26.441799, 0.0)
(41.332283, 26.287098, 0.0)
(41.380814, 25.825991, 0.0)
(41.386391, 25.360767, 0.0)
(41.336731, 25.219740, 0.0)
(41.349728, 25.138065, 0.0)
(41.353455, 25.035103, 0.0)
(41.153481, 24.029047, 0.0)
(40.990280, 22.844795, 0.0)
(40.947788, 22.720701, 0.0)
(40.943409, 22.719851, 0.0)
(40.934067, 22.683796, 0.0)
(40.829498, 21.815977, 0.0)
(40.580494, 21.021324, 0.0)
(40.552284, 21.017393, 0.0)
(40.515385, 21.114639, 0.0)
(40.487999, 21.153303, 0.0)
(40.510521, 20.981661, 0.0)
(40.487061, 20.976694, 0.0)
(40.503326, 20.999910, 0.0)
(40.461178, 21.031898, 0.0)
(40.459904, 21.109430, 0.0)
(40.441284, 21.108379, 0.0)
(40.436394, 21.165129, 0.0)
(40.184113, 20.968372, 0.0)
(39.779568, 20.556761, 0.0)
(39.731792, 20.563955, 0.0)
(39.723442, 20.614841, 0.0)
(39.636845, 20.634409, 0.0)
(39.664444, 20.660513, 0.0)
(39.656372, 20.701788, 0.0)
(39.629208, 20.802671, 0.0)
(39.605488, 20.863367, 0.0)
(39.592896, 20.905350, 0.0)
(39.597218, 20.948446, 0.0)
(39.601192, 20.972464, 0.0)
(39.602020, 21.015287, 0.0)
(39.636913, 21.048096, 0.0)
(39.555782, 22.018566, 0.0)
(39.530403, 22.194813, 0.0)
(39.566040, 22.245039, 0.0)
(39.543449, 22.367361, 0.0)
(39.496990, 22.474348, 0.0)
(39.482121, 22.532648, 0.0)
(39.427063, 22.646837, 0.0)
(39.748302, 23.454226, 0.0)
(40.302204, 25.218794, 0.0)
(40.133064, 24.711885, 0.0)
(40.142673, 24.588774, 0.0)
(40.226658, 24.631794, 0.0)
(40.263878, 24.605957, 0.0)
(40.279598, 24.639206, 0.0)
(40.358673, 24.647102, 0.0)
(40.371876, 24.634583, 0.0)
(40.571625, 25.555363, 0.0)
(40.995285, 28.581860, 0.0)
(40.974907, 28.913242, 0.0)
(40.963512, 28.863873, 0.0)
(40.949013, 28.781630, 0.0)
(40.959145, 28.775291, 0.0)
(40.966293, 28.725748, 0.0)
(41.106560, 28.511036, 0.0)
(42.109528, 28.614128, 0.0)
(42.199795, 28.630306, 0.0)
(42.163548, 28.570547, 0.0)
(42.174648, 28.581425, 0.0)
(42.180038, 28.540403, 0.0)
(42.190952, 28.506313, 0.0)
(40.889175, 28.676542, 0.0)
(40.641117, 28.700787, 0.0)
(40.669601, 28.703270, 0.0)
(40.698627, 28.718195, 0.0)
(40.710854, 28.696739, 0.0)
(40.726471, 28.657919, 0.0)
(40.728848, 28.656643, 0.0)
(41.033802, 29.876055, 0.0)
(40.654076, 31.510277, 0.0)
(40.591640, 31.619404, 0.0)
(40.604591, 31.599754, 0.0)
(40.611900, 31.603657, 0.0)
(40.623249, 31.591072, 0.0)
(39.459728, 32.276039, 0.0)
(39.401676, 32.298275, 0.0)
(39.452599, 32.308628, 0.0)
(39.437847, 32.299923, 0.0)
(39.426136, 32.290852, 0.0)
(39.416538, 32.244930, 0.0)
(39.421177, 32.258762, 0.0)
(39.403103, 32.229744, 0.0)
(39.390839, 32.169525, 0.0)
(39.370571, 32.168575, 0.0)
(39.906498, 31.879631, 0.0)
(39.925678, 31.814346, 0.0)
(39.912926, 31.811451, 0.0)
(39.895512, 31.806831, 0.0)
(39.871956, 31.831820, 0.0)
(39.355000, 32.087952, 0.0)
(39.255226, 32.196156, 0.0)
(39.286018, 32.211758, 0.0)
(39.220848, 32.200336, 0.0)
(39.083427, 31.377399, 0.0)
(39.405960, 23.761736, 0.0)
(39.278500, 22.933086, 0.0)
(39.286037, 22.844810, 0.0)
(39.250183, 22.526403, 0.0)
(39.173462, 20.568493, 0.0)
(39.036713, 20.371725, 0.0)
(39.009495, 20.342396, 0.0)
(38.939274, 20.379938, 0.0)
(38.932156, 20.423481, 0.0)
(38.923115, 20.448263, 0.0)
(38.930164, 20.467457, 0.0)
(38.935932, 20.485086, 0.0)
(38.942410, 20.547165, 0.0)
(38.795773, 20.547905, 0.0)
(38.558350, 22.032097, 0.0)
(38.564373, 21.876225, 0.0)
(38.660244, 21.938847, 0.0)
(38.662037, 21.916910, 0.0)
(38.776012, 21.682079, 0.0)
(38.758148, 20.995140, 0.0)
(38.725060, 20.901087, 0.0)
(38.718636, 20.879236, 0.0)
(38.697666, 20.854639, 0.0)
(38.721485, 20.851042, 0.0)
(38.755905, 20.829681, 0.0)
(38.766403, 20.758162, 0.0)
(38.248016, 20.508718, 0.0)
(37.800743, 20.309765, 0.0)
(37.777645, 20.259817, 0.0)
(37.782635, 20.212236, 0.0)
(37.791870, 20.196564, 0.0)
(37.840263, 20.172874, 0.0)
(37.859722, 20.131704, 0.0)
(37.999786, 20.192642, 0.0)
(38.012127, 20.192543, 0.0)
(38.012402, 20.181259, 0.0)
(38.040379, 20.177677, 0.0)
(38.054321, 20.171162, 0.0)
(38.042931, 20.135313, 0.0)
(38.038795, 20.140121, 0.0)
(38.048286, 20.153578, 0.0)
(38.042927, 20.133600, 0.0)
(38.040436, 20.096424, 0.0)
(38.031437, 20.082346, 0.0)
(38.031437, 20.082346, 0.0)
(38.089558, 20.150532, 0.0)
(39.065456, 24.332281, 0.0)
(39.211559, 28.039207, 0.0)
(39.110462, 28.850384, 0.0)
(39.047787, 28.906199, 0.0)
(39.150513, 29.590948, 0.0)
(39.276413, 31.574274, 0.0)
(39.240154, 31.720741, 0.0)
(39.278603, 31.667124, 0.0)
(39.283466, 31.635386, 0.0)
(39.265686, 31.630602, 0.0)
(39.277409, 31.624973, 0.0)
(39.442020, 32.104633, 0.0)
(39.420856, 32.178631, 0.0)
(39.367302, 32.155445, 0.0)
(39.360199, 32.154289, 0.0)
(39.384937, 32.142803, 0.0)
(39.401432, 32.133232, 0.0)
(39.308277, 31.992849, 0.0)
(39.135742, 28.125097, 0.0)
(39.161751, 27.908943, 0.0)
(39.231758, 28.027403, 0.0)
(39.260288, 28.155430, 0.0)
(39.277039, 28.248037, 0.0)
(39.262020, 28.342560, 0.0)
(39.227501, 28.348421, 0.0)
(39.197689, 28.308889, 0.0)
(39.184296, 28.363100, 0.0)
(39.207134, 28.458601, 0.0)
(39.201134, 28.480690, 0.0)
(39.182880, 28.533552, 0.0)
(39.199066, 28.614300, 0.0)
(39.381054, 30.438431, 0.0)
(39.239174, 31.535805, 0.0)
(39.199398, 31.657539, 0.0)
(39.179482, 31.677025, 0.0)
(39.154175, 31.700773, 0.0)
(39.147881, 31.754499, 0.0)
(39.131012, 31.794062, 0.0)
(39.127041, 31.846033, 0.0)
(39.107727, 31.894781, 0.0)
(39.124973, 31.886782, 0.0)
(39.136761, 31.895494, 0.0)
(39.146889, 31.892717, 0.0)
(39.120686, 31.910574, 0.0)
(39.134300, 31.978945, 0.0)
(38.146568, 32.613686, 0.0)
(37.315289, 33.091942, 0.0)
(37.271568, 33.122986, 0.0)
(37.296059, 33.120415, 0.0)
(37.286530, 33.111588, 0.0)
(37.282578, 33.057571, 0.0)
(37.285316, 33.035217, 0.0)
(37.250828, 33.007950, 0.0)
(36.929260, 32.274727, 0.0)
(37.467281, 23.891972, 0.0)
(37.482246, 23.568460, 0.0)
(37.556198, 23.567636, 0.0)
(37.365147, 23.136820, 0.0)
(36.869106, 21.132992, 0.0)
(36.772205, 20.933138, 0.0)
(36.766388, 20.929081, 0.0)
(36.786064, 20.901821, 0.0)
(36.797771, 20.858076, 0.0)
(36.848866, 20.824690, 0.0)
(36.864941, 20.789824, 0.0)
(36.874950, 20.777748, 0.0)
(36.909756, 20.793755, 0.0)
(36.921490, 20.792433, 0.0)
(36.926769, 20.808622, 0.0)
(36.924854, 20.809347, 0.0)
(36.930267, 20.797901, 0.0)
(36.904835, 20.764353, 0.0)
(36.920120, 20.745361, 0.0)
(36.906189, 20.700640, 0.0)
(36.890625, 20.674786, 0.0)
(36.876125, 20.653261, 0.0)
(36.923458, 20.629839, 0.0)
(36.964420, 20.636240, 0.0)
(36.971642, 20.627419, 0.0)
(36.992176, 20.404591, 0.0)
(36.975773, 20.352015, 0.0)
(36.968086, 20.368038, 0.0)
(36.972984, 20.340887, 0.0)
(36.960079, 20.322950, 0.0)
(36.984043, 20.288223, 0.0)
(36.266666, 19.358974, 0.0)
(36.160309, 19.158291, 0.0)
(36.153812, 19.145336, 0.0)
(36.164024, 19.163231, 0.0)
(36.153812, 19.145336, 0.0)
(36.156887, 19.154968, 0.0)
(35.991787, 19.128374, 0.0)
(36.003445, 19.124287, 0.0)
(36.016834, 19.114666, 0.0)
(36.004982, 19.110041, 0.0)
(36.002865, 19.118385, 0.0)
(36.004139, 19.165020, 0.0)
(35.996155, 19.187336, 0.0)
(35.982880, 19.227060, 0.0)
(35.982204, 19.263149, 0.0)
(36.002167, 19.329166, 0.0)
(35.994427, 19.365995, 0.0)
(35.974026, 19.382559, 0.0)
(35.948639, 19.446466, 0.0)
(35.905205, 19.562851, 0.0)
(35.793060, 19.644733, 0.0)
(36.520008, 21.899139, 0.0)
(36.325863, 20.824549, 0.0)
(36.194057, 20.799421, 0.0)
(36.188461, 20.984905, 0.0)
(36.221565, 21.158987, 0.0)
(36.223255, 21.343004, 0.0)
(36.241917, 21.456409, 0.0)
(36.252422, 21.533798, 0.0)
(36.810242, 23.767843, 0.0)
(36.896790, 24.730787, 0.0)
(36.901630, 24.816099, 0.0)
(36.928082, 24.891550, 0.0)
(36.849873, 24.876640, 0.0)
(36.839188, 24.904778, 0.0)
(36.868126, 24.937279, 0.0)
(36.894306, 24.934839, 0.0)
(36.964844, 25.001991, 0.0)
(36.986488, 24.998333, 0.0)
(36.970104, 25.048990, 0.0)
(36.999660, 25.100050, 0.0)
(37.030849, 25.132471, 0.0)
(37.040920, 25.145468, 0.0)
(37.037994, 25.157333, 0.0)
(37.213890, 26.196310, 0.0)
(37.213928, 26.732632, 0.0)
(37.203915, 26.736532, 0.0)
(37.199032, 26.775526, 0.0)
(37.227352, 26.811174, 0.0)
(37.253860, 26.831182, 0.0)
(37.271072, 27.038036, 0.0)
(37.459229, 30.385361, 0.0)
(37.323269, 30.979959, 0.0)
(37.246574, 30.997164, 0.0)
(37.232079, 30.988073, 0.0)
(37.192478, 31.003250, 0.0)
(37.211758, 30.985588, 0.0)
(37.340668, 29.715508, 0.0)
(37.312580, 29.676704, 0.0)
(37.300621, 29.759874, 0.0)
(37.291462, 29.790127, 0.0)
(37.271561, 29.878506, 0.0)
(37.265175, 29.846533, 0.0)
(37.363934, 31.470266, 0.0)
(37.313820, 31.729898, 0.0)
(37.320328, 31.667112, 0.0)
(37.315220, 31.653856, 0.0)
(37.318554, 31.627857, 0.0)
(37.305981, 31.612261, 0.0)
(37.227070, 31.624554, 0.0)
(35.445396, 31.937044, 0.0)
(35.375614, 32.010818, 0.0)
(35.384102, 32.019112, 0.0)
(35.147045, 32.835571, 0.0)
(35.952164, 30.269125, 0.0)
(35.954041, 29.600344, 0.0)
(35.955612, 29.510162, 0.0)
(35.938957, 29.468470, 0.0)
(35.980339, 29.310730, 0.0)
(35.973511, 29.230577, 0.0)
(35.968384, 29.098738, 0.0)
(35.978172, 28.995281, 0.0)
(36.010578, 28.753899, 0.0)
(36.147438, 27.979387, 0.0)
(36.170933, 27.816656, 0.0)
(36.205025, 27.721453, 0.0)
(36.201485, 27.647835, 0.0)
(36.214218, 27.536983, 0.0)
(36.065868, 26.545464, 0.0)
(36.021084, 26.287865, 0.0)
(36.020752, 26.208265, 0.0)
(36.005856, 26.082872, 0.0)
(35.996201, 26.017281, 0.0)
(35.978001, 25.891802, 0.0)
(35.928745, 24.996511, 0.0)
(35.778835, 23.657631, 0.0)
(35.774338, 23.632534, 0.0)
(35.748924, 23.664154, 0.0)
(35.728664, 23.635294, 0.0)
(35.718128, 23.627542, 0.0)
(35.433395, 22.805185, 0.0)
(35.344250, 22.144955, 0.0)
(35.310139, 22.140274, 0.0)
(35.311264, 22.152447, 0.0)
(35.321758, 22.132828, 0.0)
(35.277237, 22.102173, 0.0)
(35.304161, 22.067739, 0.0)
(35.044380, 20.181055, 0.0)
(34.917446, 19.875254, 0.0)
(34.893284, 19.863035, 0.0)
(34.906311, 19.870644, 0.0)
(34.916824, 19.870251, 0.0)
(34.927303, 19.850237, 0.0)
(34.899940, 19.821430, 0.0)
(34.918552, 19.780525, 0.0)
(34.273052, 19.530218, 0.0)
(33.788055, 19.337057, 0.0)
(33.728291, 19.303268, 0.0)
(33.754265, 19.308622, 0.0)
(33.754463, 19.323294, 0.0)
(33.755157, 19.290667, 0.0)
(33.709194, 19.282742, 0.0)
(33.596035, 20.028885, 0.0)
(33.864071, 20.446823, 0.0)
(33.891479, 20.652740, 0.0)
(33.917664, 20.753387, 0.0)
(33.926044, 20.799654, 0.0)
(33.963638, 20.843052, 0.0)
(33.994514, 20.916807, 0.0)
(33.978157, 20.934830, 0.0)
(33.980808, 20.916014, 0.0)
(34.937160, 23.229446, 0.0)
(35.589958, 29.298254, 0.0)
(35.447323, 30.366253, 0.0)
(35.345200, 30.394606, 0.0)
(35.335911, 30.384533, 0.0)
(35.629623, 32.067345, 0.0)
(35.585152, 32.234890, 0.0)
(35.563812, 32.189270, 0.0)
(35.562454, 32.168037, 0.0)
(35.568424, 32.163174, 0.0)
(35.550388, 32.170551, 0.0)
(34.902397, 29.442617, 0.0)
(34.600975, 25.195377, 0.0)
(34.534130, 25.212317, 0.0)
(34.543484, 25.327898, 0.0)
(34.537331, 25.413851, 0.0)
(34.526661, 25.433855, 0.0)
(34.532207, 25.433966, 0.0)
(34.533379, 25.456238, 0.0)
(34.558590, 25.459137, 0.0)
(34.592323, 25.500158, 0.0)
(34.849377, 26.097778, 0.0)
(35.320919, 28.174431, 0.0)
(35.281796, 28.390326, 0.0)
(35.249249, 28.375324, 0.0)
(35.230881, 28.394152, 0.0)
(35.199627, 28.421682, 0.0)
(35.127346, 28.601110, 0.0)
(35.147999, 28.631252, 0.0)
(35.144054, 28.717443, 0.0)
(35.105110, 28.791113, 0.0)
(35.039398, 28.876976, 0.0)
(35.051708, 28.938339, 0.0)
(35.019474, 29.016176, 0.0)
(35.019516, 29.237667, 0.0)
(35.059170, 31.525389, 0.0)
(35.012104, 31.822485, 0.0)
(34.950367, 31.853035, 0.0)
(34.907597, 31.886816, 0.0)
(34.921738, 31.932575, 0.0)
(34.906223, 31.959923, 0.0)
(34.868580, 32.027893, 0.0)
(34.832100, 32.093029, 0.0)
(34.831886, 32.120102, 0.0)
(33.197891, 32.608974, 0.0)
(32.805283, 32.809784, 0.0)
(32.778221, 32.856052, 0.0)
(32.751026, 32.930428, 0.0)
(32.755650, 32.910412, 0.0)
(32.718540, 32.909386, 0.0)
(32.723598, 32.892757, 0.0)
(33.554890, 31.864292, 0.0)
(33.659569, 31.678942, 0.0)
(33.627705, 31.672844, 0.0)
(33.642490, 31.588028, 0.0)
(33.614033, 31.497978, 0.0)
(33.259155, 27.731602, 0.0)
(33.138557, 26.689575, 0.0)
(33.136173, 26.443403, 0.0)
(33.182705, 26.378494, 0.0)
(33.180943, 26.340822, 0.0)
(33.227455, 26.331676, 0.0)
(33.233662, 26.239491, 0.0)
(33.264362, 26.213095, 0.0)
(33.288353, 26.113998, 0.0)
(33.332790, 26.022320, 0.0)
(33.472515, 24.177677, 0.0)
(33.304470, 23.178682, 0.0)
(33.326221, 23.122143, 0.0)
(33.311615, 23.099033, 0.0)
(32.964249, 21.595442, 0.0)
(32.611576, 19.631203, 0.0)
(32.605572, 19.601385, 0.0)
(32.577354, 19.650679, 0.0)
(32.575199, 19.650215, 0.0)
(32.590195, 19.633049, 0.0)
(32.620438, 19.597843, 0.0)
(32.610336, 19.598732, 0.0)
(32.613487, 19.581995, 0.0)
(32.620438, 19.597843, 0.0)
(32.637531, 19.624203, 0.0)
(32.627136, 19.666214, 0.0)
(32.576786, 19.660292, 0.0)
(32.548557, 19.666525, 0.0)
(32.595921, 19.682886, 0.0)
(32.587860, 19.646154, 0.0)
(32.604050, 19.660740, 0.0)
(32.278145, 19.487850, 0.0)
(31.829653, 18.986282, 0.0)
(31.776201, 18.950258, 0.0)
(31.771313, 18.902943, 0.0)
(31.773314, 18.861082, 0.0)
(31.743544, 18.854275, 0.0)
(31.593008, 18.596754, 0.0)
(31.583179, 18.598331, 0.0)
(31.564552, 18.675819, 0.0)
(31.529619, 18.741009, 0.0)
(31.534124, 18.799452, 0.0)
(31.528973, 18.920919, 0.0)
(31.417654, 19.906128, 0.0)
(31.598389, 20.499022, 0.0)
(31.664549, 20.601042, 0.0)
(31.693359, 20.734177, 0.0)
(31.704519, 20.853048, 0.0)
(31.680529, 20.973970, 0.0)
(31.670935, 21.077433, 0.0)
(31.665134, 21.238073, 0.0)
(31.682615, 21.323034, 0.0)
(31.867708, 23.669123, 0.0)
(31.949850, 25.817907, 0.0)
(31.868290, 26.154564, 0.0)
(31.856106, 26.182554, 0.0)
(31.859856, 26.217188, 0.0)
(31.831800, 26.249517, 0.0)
(31.821537, 26.279839, 0.0)
(31.843071, 26.252531, 0.0)
(32.012238, 25.031195, 0.0)
(32.045116, 24.895309, 0.0)
(32.067921, 24.968077, 0.0)
(32.089886, 25.038076, 0.0)
(32.111160, 25.102921, 0.0)
(32.164352, 25.125467, 0.0)
(32.168369, 25.135216, 0.0)
(32.192848, 25.224169, 0.0)
(32.253799, 26.431843, 0.0)
(32.319233, 27.436714, 0.0)
(32.308201, 27.526945, 0.0)
(32.294296, 27.535789, 0.0)
(32.290520, 27.534115, 0.0)
(32.299255, 27.578844, 0.0)
(32.340881, 27.648256, 0.0)
(32.759483, 30.304310, 0.0)
(32.757408, 30.799353, 0.0)
(32.711121, 30.802528, 0.0)
(32.672123, 30.809139, 0.0)
(32.646832, 30.816534, 0.0)
(32.641190, 30.808485, 0.0)
(32.625069, 30.783148, 0.0)
(32.618233, 30.785391, 0.0)
(32.618080, 30.801649, 0.0)
(32.619167, 30.762503, 0.0)
(32.627987, 30.740499, 0.0)
(32.698235, 31.272406, 0.0)
(32.724117, 31.767029, 0.0)
(32.703850, 31.813253, 0.0)
(32.695930, 31.801489, 0.0)
(32.653538, 31.787580, 0.0)
(32.647598, 31.790480, 0.0)
(31.884886, 31.774796, 0.0)
(31.617142, 32.375229, 0.0)
(31.017429, 32.795784, 0.0)
(31.115246, 32.015366, 0.0)
(31.107809, 31.604565, 0.0)
(31.077810, 31.441248, 0.0)
(31.055073, 31.340519, 0.0)
(31.050482, 31.235100, 0.0)
(30.993353, 30.361858, 0.0)
(30.968296, 28.625408, 0.0)
(30.935036, 28.331343, 0.0)
(30.898300, 28.282301, 0.0)
(30.900774, 28.162724, 0.0)
(30.949650, 28.019787, 0.0)
(30.968304, 27.873512, 0.0)
(30.964418, 27.772514, 0.0)
(31.007942, 26.532373, 0.0)
(30.990900, 25.735262, 0.0)
(30.961533, 25.696836, 0.0)
(30.948265, 25.739412, 0.0)
(30.939581, 25.744129, 0.0)
(30.945616, 25.761927, 0.0)
(30.950039, 25.772341, 0.0)
(30.940620, 25.718922, 0.0)
(30.969110, 25.675571, 0.0)
(30.985006, 25.649981, 0.0)
(30.552237, 24.273989, 0.0)
(30.403845, 23.385653, 0.0)
(30.374489, 23.329645, 0.0)
(30.351816, 23.293383, 0.0)
(30.334473, 22.854599, 0.0)
(30.140509, 20.749277, 0.0)
(30.065302, 20.383417, 0.0)
(30.104046, 20.431173, 0.0)
(29.920368, 20.111889, 0.0)
(29.630831, 19.552984, 0.0)
(29.595375, 19.553139, 0.0)
(29.648874, 19.608551, 0.0)
(29.643904, 19.608072, 0.0)
(29.629135, 19.632406, 0.0)
(29.626898, 19.649899, 0.0)
(29.618412, 19.653418, 0.0)
(29.611126, 19.617838, 0.0)
(29.620956, 19.626406, 0.0)
(29.657669, 19.623791, 0.0)
(29.633495, 19.614138, 0.0)
(29.648355, 19.611614, 0.0)
(29.639746, 19.620098, 0.0)
(29.640156, 19.589483, 0.0)
(29.652929, 19.576851, 0.0)
(29.650026, 19.562517, 0.0)
(29.108406, 19.673117, 0.0)
(29.076607, 19.712820, 0.0)
(29.102119, 19.699291, 0.0)
(29.087597, 19.641449, 0.0)
(29.105555, 19.655518, 0.0)
(29.100313, 19.615282, 0.0)
(29.086885, 19.581173, 0.0)
(29.079914, 19.552412, 0.0)
(29.092216, 19.491554, 0.0)
(29.112703, 19.513815, 0.0)
(29.135805, 19.593117, 0.0)
(29.275112, 21.143631, 0.0)
(29.403856, 23.037441, 0.0)
(29.344315, 23.162058, 0.0)
(29.328466, 23.149529, 0.0)
(29.335373, 23.127516, 0.0)
(29.298655, 23.115644, 0.0)
(29.560551, 24.529911, 0.0)
(30.287413, 28.622955, 0.0)
(30.406727, 30.534266, 0.0)
(30.285789, 30.628239, 0.0)
(30.233051, 30.533007, 0.0)
(30.212563, 30.497198, 0.0)
(30.206152, 30.641527, 0.0)
(30.683025, 32.460598, 0.0)
(30.652786, 32.602055, 0.0)
(30.619722, 32.569077, 0.0)
(30.540356, 32.556404, 0.0)
(30.503435, 32.503189, 0.0)
(30.474689, 32.460999, 0.0)
(30.476572, 32.402771, 0.0)
(29.850466, 28.131315, 0.0)
(29.804983, 26.817928, 0.0)
(29.720318, 26.876804, 0.0)
(29.684679, 26.999636, 0.0)
(29.715235, 27.020720, 0.0)
(29.728432, 26.986086, 0.0)
(29.776838, 27.022972, 0.0)
(29.799631, 27.010408, 0.0)
(29.863028, 27.012896, 0.0)
(29.870361, 27.053623, 0.0)
(29.847095, 27.070797, 0.0)
(29.865255, 27.100130, 0.0)
(30.385990, 30.502045, 0.0)
(30.533680, 31.661507, 0.0)
(30.454237, 31.768148, 0.0)
(30.319632, 31.786634, 0.0)
(30.245211, 31.828533, 0.0)
(30.237228, 31.839787, 0.0)
(30.226143, 31.893435, 0.0)
(30.185530, 31.655018, 0.0)
(30.135836, 31.629740, 0.0)
(30.099827, 31.735924, 0.0)
(30.064800, 31.775164, 0.0)
(30.042778, 31.821383, 0.0)
(30.044231, 31.820959, 0.0)
(30.059803, 31.848759, 0.0)
(30.053776, 31.883848, 0.0)
(30.050806, 31.913385, 0.0)
(30.031380, 31.964613, 0.0)
(29.612373, 32.176079, 0.0)
(29.491268, 32.230034, 0.0)
(29.464674, 32.197792, 0.0)
(29.401228, 32.254295, 0.0)
(29.371614, 32.254261, 0.0)
(29.352922, 32.237392, 0.0)
(29.321457, 32.250648, 0.0)
(29.115948, 32.160423, 0.0)
(28.751373, 31.954327, 0.0)
(28.715517, 31.886204, 0.0)
(28.669176, 31.793642, 0.0)
(28.563196, 30.630539, 0.0)
(28.481098, 28.828903, 0.0)
(28.398754, 28.630058, 0.0)
(28.384623, 28.534727, 0.0)
(28.253311, 29.448290, 0.0)
(27.967018, 27.656889, 0.0)
(27.996832, 26.105410, 0.0)
(28.029169, 25.703342, 0.0)
(28.103119, 25.765141, 0.0)
(28.106224, 25.696575, 0.0)
(28.156902, 25.715227, 0.0)
(28.130104, 25.573870, 0.0)
(28.177202, 25.507938, 0.0)
(28.123180, 25.375765, 0.0)
(28.083376, 25.340185, 0.0)
(28.142595, 25.293404, 0.0)
(28.212683, 25.274136, 0.0)
(28.188135, 25.207125, 0.0)
(28.196051, 25.104282, 0.0)
(28.221531, 25.090511, 0.0)
(28.253494, 24.262938, 0.0)
(28.244181, 23.469000, 0.0)
(28.245087, 23.445959, 0.0)
(28.238821, 23.456028, 0.0)
(28.256294, 23.444349, 0.0)
(28.213148, 23.361662, 0.0)
(27.975971, 22.548416, 0.0)
(27.538044, 20.138985, 0.0)
(27.448130, 20.070164, 0.0)
(27.404228, 20.084009, 0.0)
(27.407946, 20.053497, 0.0)
(27.162104, 19.502512, 0.0)
(27.062212, 19.269257, 0.0)
(27.074474, 19.200838, 0.0)
(27.077188, 19.196232, 0.0)
(26.942226, 19.165075, 0.0)
(26.934927, 19.152437, 0.0)
(26.916946, 19.142916, 0.0)
(26.896816, 19.176689, 0.0)
(26.896082, 19.217083, 0.0)
(26.887651, 19.273233, 0.0)
(26.876045, 19.333067, 0.0)
(26.882931, 19.363485, 0.0)
(26.881641, 19.409889, 0.0)
(26.866241, 19.466307, 0.0)
(26.858070, 19.492197, 0.0)
(26.822905, 19.590847, 0.0)
(26.824961, 19.643629, 0.0)
(26.814884, 19.693680, 0.0)
(26.788961, 19.776394, 0.0)
(27.301735, 21.736275, 0.0)
(27.944233, 25.787344, 0.0)
(28.382681, 29.665722, 0.0)
(28.435669, 31.986172, 0.0)
(28.349491, 32.286804, 0.0)
(28.286074, 32.291023, 0.0)
(28.161150, 32.344242, 0.0)
(28.042591, 32.788029, 0.0)
(28.013044, 32.880611, 0.0)
(27.994719, 32.885593, 0.0)
(27.926792, 32.896065, 0.0)
(27.843792, 32.707775, 0.0)
(27.290806, 28.000086, 0.0)
(27.067610, 26.690893, 0.0)
(27.003994, 26.706165, 0.0)
(26.998550, 26.780676, 0.0)
(27.406069, 26.560898, 0.0)
(27.544798, 26.610897, 0.0)
(27.521486, 26.624628, 0.0)
(27.442766, 26.619917, 0.0)
(27.195395, 26.235708, 0.0)
(27.171917, 26.163647, 0.0)
(27.174402, 26.194277, 0.0)
(27.179115, 26.211351, 0.0)
(27.172474, 26.186359, 0.0)
(27.143032, 26.238953, 0.0)
(27.130573, 26.252800, 0.0)
(27.193163, 26.717159, 0.0)
(27.446974, 28.270958, 0.0)
(27.449478, 28.401510, 0.0)
(27.411831, 28.366285, 0.0)
(27.395361, 28.413446, 0.0)
(27.386086, 28.423124, 0.0)
(27.373466, 28.434372, 0.0)
(27.357748, 28.454233, 0.0)
(27.353323, 28.439528, 0.0)
(27.361979, 28.457741, 0.0)
(27.361979, 28.457741, 0.0)
(27.384609, 28.542643, 0.0)
(27.864929, 30.443420, 0.0)
(27.889879, 31.059191, 0.0)
(27.829342, 31.084541, 0.0)
(27.799261, 31.071922, 0.0)
(27.767742, 31.057314, 0.0)
(27.746521, 31.035328, 0.0)
(27.726662, 31.031120, 0.0)
(27.718340, 31.020699, 0.0)
(27.700050, 31.022625, 0.0)
(27.682966, 30.965212, 0.0)
(27.622555, 30.862114, 0.0)
(26.564243, 27.964460, 0.0)
(26.405682, 27.541979, 0.0)
(26.411409, 27.596548, 0.0)
(26.392076, 27.639118, 0.0)
(26.335289, 27.613705, 0.0)
(26.345169, 27.619467, 0.0)
(26.322809, 27.583673, 0.0)
(26.310219, 27.585377, 0.0)
(26.284918, 27.499281, 0.0)
(26.286079, 27.499533, 0.0)
(26.282291, 27.490475, 0.0)
(26.263075, 27.481489, 0.0)
(26.263075, 27.461687, 0.0)
(26.272785, 27.445305, 0.0)
(26.267918, 27.418579, 0.0)
(26.258667, 27.383123, 0.0)
(26.264416, 27.348677, 0.0)
(26.245560, 27.351751, 0.0)
(26.213970, 27.350780, 0.0)
(26.205343, 27.365887, 0.0)
(26.208910, 27.373737, 0.0)
(26.231558, 27.340443, 0.0)
(26.251371, 27.301331, 0.0)
(26.227160, 27.240721, 0.0)
(26.227407, 27.170021, 0.0)
(26.229445, 27.071501, 0.0)
(26.206678, 26.966473, 0.0)
(26.172358, 26.892696, 0.0)
(26.132414, 26.527786, 0.0)
(26.071177, 25.542986, 0.0)
(26.020956, 25.406694, 0.0)
(26.010670, 25.312943, 0.0)
(25.932722, 24.935686, 0.0)
(25.719776, 23.175587, 0.0)
(25.687063, 22.417826, 0.0)
(25.614294, 21.884024, 0.0)
(25.558825, 21.733458, 0.0)
(25.396275, 21.647863, 0.0)
(25.281120, 21.356880, 0.0)
(25.282187, 21.287575, 0.0)
(25.271000, 21.258202, 0.0)
(25.252178, 21.247648, 0.0)
(25.245733, 20.845058, 0.0)
(25.139168, 20.270769, 0.0)
(25.114616, 20.190048, 0.0)
(25.102428, 20.228924, 0.0)
(25.116240, 20.252077, 0.0)
(25.104900, 20.233141, 0.0)
(25.082541, 20.217869, 0.0)
(24.780151, 20.370556, 0.0)
(24.765825, 20.359100, 0.0)
(24.788340, 20.329584, 0.0)
(24.788568, 20.286037, 0.0)
(24.794157, 20.274385, 0.0)
(24.794319, 20.252132, 0.0)
(24.786915, 20.240131, 0.0)
(24.774057, 20.250956, 0.0)
(24.766504, 20.256338, 0.0)
(24.751863, 20.296036, 0.0)
(24.745737, 20.306152, 0.0)
(24.757729, 20.311949, 0.0)
(24.769196, 20.296255, 0.0)
(24.792419, 20.306854, 0.0)
(24.800625, 20.264782, 0.0)
(24.936960, 21.949263, 0.0)
(25.120867, 24.240618, 0.0)
(25.141857, 25.051773, 0.0)
(25.053911, 25.185184, 0.0)
(24.984369, 25.145729, 0.0)
(24.932774, 25.158426, 0.0)
(24.933977, 25.152012, 0.0)
(24.882874, 25.201187, 0.0)
(24.851097, 25.196411, 0.0)
(24.801104, 25.270630, 0.0)
(24.794485, 25.221439, 0.0)
(24.802893, 25.236073, 0.0)
(24.819473, 25.305677, 0.0)
(24.808460, 25.311550, 0.0)
(24.814939, 25.331224, 0.0)
(24.818939, 25.346504, 0.0)
(24.822304, 25.360058, 0.0)
(25.003723, 26.690950, 0.0)
(25.323839, 29.659250, 0.0)
(25.665277, 31.442219, 0.0)
(25.867296, 32.137291, 0.0)
(25.795635, 32.196049, 0.0)
(25.731451, 32.151478, 0.0)
(25.603987, 32.117535, 0.0)
(25.472019, 30.997421, 0.0)
(25.195065, 29.228806, 0.0)
(25.118086, 29.148285, 0.0)
(25.125240, 29.189396, 0.0)
(25.138258, 28.100193, 0.0)
(25.171970, 27.086798, 0.0)
(25.126528, 27.160864, 0.0)
(25.142666, 27.235674, 0.0)
(25.156607, 27.288422, 0.0)
(25.144030, 27.327082, 0.0)
(25.076757, 28.474060, 0.0)
(25.099890, 29.192507, 0.0)
(25.060032, 29.307364, 0.0)
(24.963915, 29.535730, 0.0)
(24.462765, 31.624857, 0.0)
(24.372131, 32.146915, 0.0)
(24.349491, 32.223618, 0.0)
(24.300226, 32.278587, 0.0)
(24.260185, 32.306458, 0.0)
(24.268806, 32.331299, 0.0)
(24.275803, 32.357658, 0.0)
(24.287794, 32.395454, 0.0)
(24.275061, 32.454681, 0.0)
(24.215956, 32.493244, 0.0)
(24.200270, 32.507671, 0.0)
(24.204321, 32.550499, 0.0)
(24.217749, 32.530975, 0.0)
(24.211311, 32.498539, 0.0)
(24.211620, 32.512794, 0.0)
(24.213865, 32.551273, 0.0)
(24.214230, 32.515530, 0.0)
(24.229332, 32.472893, 0.0)
(24.226477, 32.458900, 0.0)
(24.200111, 32.336464, 0.0)
(24.217579, 33.051746, 0.0)
(24.017218, 29.209166, 0.0)
(24.083698, 27.696234, 0.0)
(24.137896, 27.205227, 0.0)
(24.128061, 27.168646, 0.0)
(24.137558, 27.147964, 0.0)
(24.146196, 27.111782, 0.0)
(24.183559, 27.051676, 0.0)
(24.219030, 26.958416, 0.0)
(24.234327, 26.889053, 0.0)
(24.228735, 26.798988, 0.0)
(24.191824, 26.664009, 0.0)
(24.189507, 26.582108, 0.0)
(24.188063, 26.499767, 0.0)
(24.235401, 26.420731, 0.0)
(23.862267, 26.335154, 0.0)
(23.821417, 26.265364, 0.0)
(23.815477, 26.167891, 0.0)
(23.816587, 26.103716, 0.0)
(23.808083, 25.976803, 0.0)
(23.842258, 25.888445, 0.0)
(23.808462, 25.821501, 0.0)
(23.768089, 25.067966, 0.0)
(23.781206, 23.327063, 0.0)
(23.752861, 23.167238, 0.0)
(23.756914, 23.175522, 0.0)
(23.750582, 23.133774, 0.0)
(23.465260, 21.844915, 0.0)
(23.499708, 21.373671, 0.0)
(23.507677, 21.337227, 0.0)
(23.516512, 21.313652, 0.0)
(23.517838, 21.324450, 0.0)
(23.499657, 20.857384, 0.0)
(23.472628, 20.684700, 0.0)
(23.477934, 20.719023, 0.0)
(23.482574, 20.738932, 0.0)
(23.448687, 20.743988, 0.0)
(23.456409, 20.753891, 0.0)
(23.436050, 20.829000, 0.0)
(23.480995, 20.805500, 0.0)
(23.465561, 20.800508, 0.0)
(23.476732, 20.787777, 0.0)
(23.459396, 20.759302, 0.0)
(23.309397, 21.875799, 0.0)
(23.058146, 22.611128, 0.0)
(23.080336, 21.867672, 0.0)
(23.066057, 21.925869, 0.0)
(23.087629, 22.069231, 0.0)
(23.085594, 22.158764, 0.0)
(23.063383, 22.287560, 0.0)
(23.050703, 22.387478, 0.0)
(22.917542, 22.728600, 0.0)
(22.810801, 23.614397, 0.0)
(23.017199, 25.103006, 0.0)
(23.667244, 29.228975, 0.0)
(24.049753, 31.938389, 0.0)
(24.091276, 32.317005, 0.0)
(23.992975, 32.186710, 0.0)
(23.954075, 32.142628, 0.0)
(23.839895, 32.551235, 0.0)
(23.822573, 32.840233, 0.0)
(23.758932, 32.907200, 0.0)
(23.733982, 32.918221, 0.0)
(23.709635, 32.979946, 0.0)
(23.691038, 33.007946, 0.0)
(23.668079, 33.083759, 0.0)
(23.655748, 33.118599, 0.0)
(23.644911, 32.272045, 0.0)
(23.339445, 29.821018, 0.0)
(23.180923, 28.880922, 0.0)
(23.133011, 28.910971, 0.0)
(23.143238, 28.949451, 0.0)
(23.150177, 28.935961, 0.0)
(23.124424, 28.925602, 0.0)
(23.156851, 28.937845, 0.0)
(23.157516, 28.936790, 0.0)
(23.164268, 28.924597, 0.0)
(23.166359, 28.935926, 0.0)
(23.188490, 28.931438, 0.0)
(23.198885, 29.001722, 0.0)
(23.216509, 29.008530, 0.0)
(23.200424, 29.005966, 0.0)
(23.186859, 28.909977, 0.0)
(23.333645, 29.428631, 0.0)
(23.656261, 30.275751, 0.0)
(23.692904, 30.310631, 0.0)
(23.376078, 32.260921, 0.0)
(23.308422, 31.374702, 0.0)
(23.259485, 31.121677, 0.0)
(23.261747, 31.125441, 0.0)
(23.267286, 31.129612, 0.0)
(23.270990, 31.152527, 0.0)
(23.271423, 31.118038, 0.0)
(23.060959, 31.663889, 0.0)
(23.033356, 31.746956, 0.0)
(23.033913, 31.704393, 0.0)
(23.053150, 31.689594, 0.0)
(23.047617, 31.675077, 0.0)
(23.040001, 31.644670, 0.0)
(23.027695, 31.630039, 0.0)
(23.018625, 31.635822, 0.0)
(23.003450, 31.624117, 0.0)
(23.002661, 31.598642, 0.0)
(22.998627, 31.560463, 0.0)
(22.972443, 31.552418, 0.0)
(22.914467, 31.497847, 0.0)
(22.848667, 31.392908, 0.0)
(22.846308, 31.286520, 0.0)
(22.664814, 29.931061, 0.0)
(22.526724, 28.832796, 0.0)
(22.543419, 28.738283, 0.0)
(22.515682, 28.731684, 0.0)
(22.511843, 28.626917, 0.0)
(22.506491, 28.566097, 0.0)
(22.093481, 26.952112, 0.0)
(22.073217, 25.991852, 0.0)
(22.070751, 25.973019, 0.0)
(22.052666, 25.981033, 0.0)
(22.068325, 25.975126, 0.0)
(22.054564, 25.981153, 0.0)
(22.047558, 25.994658, 0.0)
(22.006861, 26.000690, 0.0)
(22.055326, 25.994139, 0.0)
(22.064949, 25.978201, 0.0)
(22.070223, 25.985758, 0.0)
(22.075380, 25.969749, 0.0)
(22.077328, 26.003418, 0.0)
(22.062262, 25.946854, 0.0)
(22.059980, 25.921160, 0.0)
(22.071573, 25.885912, 0.0)
(22.076208, 25.826841, 0.0)
(22.121956, 25.401867, 0.0)
(22.123865, 23.939226, 0.0)
(22.122248, 22.584320, 0.0)
(22.103451, 22.113480, 0.0)
(22.120314, 22.124180, 0.0)
(22.113144, 22.125599, 0.0)
(22.121096, 22.159870, 0.0)
(22.130810, 22.156221, 0.0)
(21.989340, 22.039560, 0.0)
(21.972324, 22.030180, 0.0)
(21.988003, 22.014900, 0.0)
(21.997944, 21.983200, 0.0)
(22.011835, 21.973993, 0.0)
(22.027401, 21.970570, 0.0)
(22.026909, 21.945021, 0.0)
(22.005939, 21.938972, 0.0)
(21.988470, 21.919382, 0.0)
(21.978512, 21.908020, 0.0)
(22.041834, 21.879778, 0.0)
(22.019131, 21.859217, 0.0)
(21.986273, 21.812658, 0.0)
(22.006493, 21.797644, 0.0)
(21.993933, 21.801065, 0.0)
(21.997036, 21.762718, 0.0)
(21.660093, 22.346581, 0.0)
(21.424334, 24.020018, 0.0)
(21.450821, 24.443207, 0.0)
(21.602041, 24.821068, 0.0)
(21.608320, 25.004745, 0.0)
(21.589811, 25.050327, 0.0)
(21.568434, 25.074783, 0.0)
(21.569326, 25.103125, 0.0)
(21.538952, 25.319689, 0.0)
(22.418943, 30.943621, 0.0)
(22.370451, 29.756748, 0.0)
(22.348751, 29.676645, 0.0)
(22.361567, 29.799847, 0.0)
(22.382244, 29.829506, 0.0)
(22.377661, 29.827953, 0.0)
(21.921530, 28.332056, 0.0)
(21.761709, 27.716976, 0.0)
(21.743256, 27.684427, 0.0)
(21.748516, 27.740480, 0.0)
(21.714664, 27.740440, 0.0)
(21.726099, 27.724592, 0.0)
(21.745586, 27.732773, 0.0)
(21.732563, 27.764103, 0.0)
(21.728937, 27.774817, 0.0)
(21.740719, 27.814348, 0.0)
(21.749285, 27.892456, 0.0)
(21.732231, 28.018354, 0.0)
(21.743866, 28.127460, 0.0)
(21.743639, 28.163998, 0.0)
(21.770285, 28.250721, 0.0)
(21.751417, 28.308601, 0.0)
(21.763956, 29.179276, 0.0)
(22.036253, 30.827782, 0.0)
(22.058737, 31.032028, 0.0)
(22.014837, 31.088621, 0.0)
(21.980768, 31.127506, 0.0)
(21.966970, 31.159613, 0.0)
(21.942488, 31.225729, 0.0)
(21.938002, 31.284723, 0.0)
(21.932781, 31.342537, 0.0)
(21.939133, 31.421986, 0.0)
(21.933712, 31.441608, 0.0)
(21.942225, 31.473528, 0.0)
(22.013119, 32.031101, 0.0)
(22.294916, 33.224251, 0.0)
(22.287479, 33.362907, 0.0)
(22.261349, 33.362503, 0.0)
(22.250948, 33.394287, 0.0)
(22.232660, 33.386524, 0.0)
(22.216534, 33.391628, 0.0)
(22.226076, 33.405415, 0.0)
(22.192732, 33.385597, 0.0)
(22.185078, 33.374172, 0.0)
(22.181297, 33.373264, 0.0)
(22.194565, 33.360828, 0.0)
(22.206469, 33.316425, 0.0)
(22.119785, 33.345131, 0.0)
(22.127516, 33.357246, 0.0)
(22.139563, 33.339027, 0.0)
(22.127254, 33.284470, 0.0)
(22.134176, 33.283714, 0.0)
(22.131861, 33.288452, 0.0)
(22.133791, 33.278393, 0.0)
(22.124922, 33.208729, 0.0)
(22.224545, 33.045307, 0.0)
(22.234215, 32.924072, 0.0)
(22.246393, 32.917953, 0.0)
(22.238018, 32.904091, 0.0)
(22.240715, 32.896877, 0.0)
