(34.393253, 32.154903, 0.0)
(34.328926, 31.781002, 0.0)
(34.427544, 31.789932, 0.0)
(34.466930, 31.760324, 0.0)
(34.482471, 31.708040, 0.0)
(34.534630, 31.706980, 0.0)
(34.567711, 31.711098, 0.0)
(34.520618, 31.656410, 0.0)
(34.539604, 31.661261, 0.0)
(34.569141, 31.685207, 0.0)
(34.536415, 31.684307, 0.0)
(34.555523, 31.681944, 0.0)
(34.587585, 31.664883, 0.0)
(34.565826, 31.657585, 0.0)
(34.587498, 31.668076, 0.0)
(34.596027, 31.663946, 0.0)
(34.602146, 31.642750, 0.0)
(34.618973, 31.695927, 0.0)
(34.633377, 31.736368, 0.0)
(34.647228, 31.743620, 0.0)
(34.647228, 31.743620, 0.0)
(34.638958, 31.736521, 0.0)
(34.648914, 31.743799, 0.0)
(34.638958, 31.736521, 0.0)
(34.633686, 31.730947, 0.0)
(34.614506, 31.739740, 0.0)
(34.624374, 31.746834, 0.0)
(34.619465, 31.768490, 0.0)
(34.626484, 31.781197, 0.0)
(34.603027, 31.795101, 0.0)
(34.512524, 31.851282, 0.0)
(34.337017, 32.168423, 0.0)
(34.266525, 31.676043, 0.0)
(34.299446, 31.692480, 0.0)
(34.341923, 31.703085, 0.0)
(34.391411, 31.729502, 0.0)
(34.357994, 31.708338, 0.0)
(34.352650, 31.730791, 0.0)
(34.413872, 31.762268, 0.0)
(34.401260, 31.789011, 0.0)
(34.401260, 31.789011, 0.0)
(34.407486, 31.790642, 0.0)
(34.388931, 31.799406, 0.0)
(34.383755, 31.798027, 0.0)
(34.393242, 31.817595, 0.0)
(34.325695, 31.867901, 0.0)
(34.342175, 31.905472, 0.0)
(34.296600, 31.910072, 0.0)
(34.289749, 31.926153, 0.0)
(34.336403, 31.941818, 0.0)
(34.340889, 31.945795, 0.0)
(34.360741, 31.967976, 0.0)
(34.388317, 31.943577, 0.0)
(34.416706, 31.922071, 0.0)
(34.373875, 31.946056, 0.0)
(34.399212, 31.906942, 0.0)
(34.415272, 31.845343, 0.0)
(34.406403, 31.857397, 0.0)
(34.395374, 31.856411, 0.0)
(34.349133, 31.836851, 0.0)
(34.536747, 32.924465, 0.0)
(34.632095, 32.144608, 0.0)
(34.531231, 31.770575, 0.0)
(34.544590, 31.740669, 0.0)
(34.502743, 31.791956, 0.0)
(34.523808, 31.779858, 0.0)
(34.547600, 31.789639, 0.0)
(34.528889, 31.796135, 0.0)
(34.511391, 31.818033, 0.0)
(34.528713, 31.830538, 0.0)
(34.560997, 31.815845, 0.0)
(34.551498, 31.820423, 0.0)
(34.508209, 31.846153, 0.0)
(34.508209, 31.846153, 0.0)
(34.510128, 31.780588, 0.0)
(34.541042, 31.764923, 0.0)
(34.551498, 31.809429, 0.0)
(34.510387, 31.867313, 0.0)
(34.510124, 31.860224, 0.0)
(34.510452, 31.887945, 0.0)
(34.510452, 31.887945, 0.0)
(34.510719, 31.895031, 0.0)
(34.508411, 31.853291, 0.0)
(34.511497, 31.817057, 0.0)
(34.518871, 31.803921, 0.0)
(34.507584, 31.854681, 0.0)
(34.471409, 31.879555, 0.0)
(34.428490, 31.925133, 0.0)
(34.463882, 31.954937, 0.0)
(34.459991, 31.960928, 0.0)
(34.445267, 31.965782, 0.0)
(34.436756, 31.940243, 0.0)
(34.532955, 33.476925, 0.0)
(34.289112, 33.431709, 0.0)
(34.211285, 32.043995, 0.0)
(34.214920, 31.764343, 0.0)
(34.185314, 31.822914, 0.0)
(34.298374, 31.920013, 0.0)
(34.344654, 31.777683, 0.0)
(34.416256, 31.846218, 0.0)
(34.380196, 31.856024, 0.0)
(34.372826, 31.867893, 0.0)
(34.406189, 31.882387, 0.0)
(34.390453, 31.917439, 0.0)
(34.390305, 31.928419, 0.0)
(34.358181, 31.971762, 0.0)
(34.361561, 31.948696, 0.0)
(34.383522, 31.950439, 0.0)
(34.453201, 33.091530, 0.0)
(34.474503, 32.040722, 0.0)
(34.399723, 31.737831, 0.0)
(34.510128, 31.766003, 0.0)
(34.506771, 31.785686, 0.0)
(34.503979, 31.755064, 0.0)
(34.554798, 31.743488, 0.0)
(34.548340, 31.729111, 0.0)
(34.544468, 31.790710, 0.0)
(34.539555, 31.801413, 0.0)
(34.536297, 31.818811, 0.0)
(34.527336, 31.815084, 0.0)
(34.525780, 31.872000, 0.0)
(34.515606, 31.890945, 0.0)
(34.535053, 31.892071, 0.0)
(34.516388, 31.868155, 0.0)
(34.518452, 31.854397, 0.0)
(34.520721, 31.865793, 0.0)
(34.533020, 31.857937, 0.0)
(34.528923, 31.852964, 0.0)
(34.523006, 31.872656, 0.0)
(34.507053, 31.872292, 0.0)
(34.493153, 31.876265, 0.0)
(34.539944, 31.850365, 0.0)
(34.540619, 31.862053, 0.0)
(34.475914, 31.903206, 0.0)
(34.473751, 31.891514, 0.0)
(34.498997, 31.887598, 0.0)
(34.470318, 31.864212, 0.0)
(34.480545, 31.878759, 0.0)
(34.469772, 31.904205, 0.0)
(34.405064, 31.952055, 0.0)
(34.334476, 31.998217, 0.0)
(34.302010, 32.017582, 0.0)
(34.369804, 31.950769, 0.0)
(34.389462, 31.976364, 0.0)
(34.337322, 32.030624, 0.0)
(34.327518, 32.032860, 0.0)
(34.353554, 32.037693, 0.0)
(34.358273, 32.047401, 0.0)
(34.359978, 32.062244, 0.0)
(34.330212, 32.072430, 0.0)
(34.358383, 32.020325, 0.0)
(34.359642, 31.997202, 0.0)
(34.342407, 32.052586, 0.0)
(34.339439, 32.069847, 0.0)
(34.350571, 32.075871, 0.0)
(34.318050, 32.092728, 0.0)
(34.300686, 32.079041, 0.0)
(34.330212, 32.099594, 0.0)
(34.316402, 32.096989, 0.0)
(34.311928, 32.093369, 0.0)
(34.217121, 32.082615, 0.0)
(34.289799, 32.067234, 0.0)
(34.311291, 32.111221, 0.0)
(34.290501, 32.176147, 0.0)
(34.211208, 32.207375, 0.0)
(34.246620, 32.216995, 0.0)
(34.253475, 32.228374, 0.0)
(34.286839, 32.227940, 0.0)
(34.246964, 32.283051, 0.0)
(35.079487, 32.485859, 0.0)
(39.186253, 34.325653, 0.0)
(40.788311, 35.959782, 0.0)
(40.984169, 36.069744, 0.0)
(40.814468, 35.983456, 0.0)
(40.815281, 35.987961, 0.0)
(40.860268, 36.148674, 0.0)
(41.474937, 36.614468, 0.0)
(41.539539, 36.647533, 0.0)
(41.522137, 36.609119, 0.0)
(41.519882, 36.626507, 0.0)
(41.526566, 36.640072, 0.0)
(41.520027, 36.658100, 0.0)
(41.503838, 36.664688, 0.0)
(41.483139, 36.684818, 0.0)
(41.492695, 36.691818, 0.0)
(41.488392, 36.660931, 0.0)
(41.484589, 36.655430, 0.0)
(41.448814, 36.646408, 0.0)
(41.424103, 36.618851, 0.0)
(41.406746, 36.610271, 0.0)
(41.398506, 36.618504, 0.0)
(41.398506, 36.618504, 0.0)
(41.406746, 36.610271, 0.0)
(41.375847, 36.649132, 0.0)
(41.357422, 36.682289, 0.0)
(41.346691, 36.685127, 0.0)
(41.338486, 36.676922, 0.0)
(41.335571, 36.726849, 0.0)
(41.346481, 36.715534, 0.0)
(41.332821, 36.702221, 0.0)
(41.321091, 36.756905, 0.0)
(41.303288, 36.743687, 0.0)
(41.295429, 36.733932, 0.0)
(41.283741, 36.729095, 0.0)
(41.268833, 36.735500, 0.0)
(41.237331, 36.752262, 0.0)
(41.229572, 36.770203, 0.0)
(41.116840, 35.774570, 0.0)
(41.100906, 30.618763, 0.0)
(40.758514, 28.729364, 0.0)
(40.735374, 28.732458, 0.0)
(40.713608, 28.751551, 0.0)
(40.716915, 28.810596, 0.0)
(40.730759, 28.439413, 0.0)
(40.723965, 28.113998, 0.0)
(40.688915, 28.132317, 0.0)
(40.655472, 28.162344, 0.0)
(40.639519, 28.152559, 0.0)
(40.570145, 28.096600, 0.0)
(40.591148, 28.188248, 0.0)
(40.478706, 27.938845, 0.0)
(40.462723, 28.107006, 0.0)
(40.432507, 28.162092, 0.0)
(40.396000, 28.180206, 0.0)
(40.392693, 28.190552, 0.0)
(40.409161, 28.207205, 0.0)
(40.382633, 28.259548, 0.0)
(40.363708, 28.242104, 0.0)
(40.366341, 28.251713, 0.0)
(40.389114, 28.271669, 0.0)
(40.330265, 28.261084, 0.0)
(40.321518, 28.264851, 0.0)
(40.290840, 28.249857, 0.0)
(40.283302, 28.262423, 0.0)
(40.290840, 28.286533, 0.0)
(40.271824, 28.283983, 0.0)
(40.237274, 28.293667, 0.0)
(40.217026, 28.290211, 0.0)
(40.217026, 28.290211, 0.0)
(40.191654, 28.313383, 0.0)
(40.184170, 28.302711, 0.0)
(40.122437, 28.351049, 0.0)
(40.089230, 28.379112, 0.0)
(37.422260, 28.696911, 0.0)
(33.352932, 31.030769, 0.0)
(30.781025, 33.923660, 0.0)
(28.961960, 36.424046, 0.0)
(28.184881, 36.828510, 0.0)
(28.224499, 36.658211, 0.0)
(28.235874, 36.602978, 0.0)
(28.166819, 36.588428, 0.0)
(28.080624, 36.582741, 0.0)
(28.055872, 36.594688, 0.0)
(28.000212, 36.585461, 0.0)
(27.991707, 36.603836, 0.0)
(27.991386, 36.644344, 0.0)
(27.929295, 36.574062, 0.0)
(27.905352, 36.585426, 0.0)
(27.903513, 36.578697, 0.0)
(27.903116, 36.616886, 0.0)
(27.890715, 36.697582, 0.0)
(27.847559, 36.726398, 0.0)
(27.793081, 36.696915, 0.0)
(27.786928, 36.684498, 0.0)
(27.782091, 36.683220, 0.0)
(27.782467, 36.684555, 0.0)
(27.771341, 36.694008, 0.0)
(27.717682, 36.670612, 0.0)
(27.706457, 36.645004, 0.0)
(27.732050, 36.690666, 0.0)
(27.718830, 36.703068, 0.0)
(27.711073, 36.708893, 0.0)
(27.705475, 36.722031, 0.0)
(27.724897, 36.759190, 0.0)
(27.727407, 36.781776, 0.0)
(27.730013, 36.824615, 0.0)
(27.710365, 36.807201, 0.0)
(27.693760, 36.767345, 0.0)
(27.706028, 36.761696, 0.0)
(27.716913, 36.730492, 0.0)
(27.122433, 34.425667, 0.0)
(26.266851, 30.621029, 0.0)
(25.989641, 30.166952, 0.0)
(25.960421, 30.408249, 0.0)
(25.971222, 30.426188, 0.0)
(25.981020, 30.400658, 0.0)
(25.763905, 30.232479, 0.0)
(25.692949, 29.654339, 0.0)
(25.596045, 29.682880, 0.0)
(25.648975, 29.666433, 0.0)
(25.634911, 29.680607, 0.0)
(25.586615, 29.709578, 0.0)
(25.561119, 29.740685, 0.0)
(25.537346, 29.710564, 0.0)
(25.628220, 29.683765, 0.0)
(25.817875, 29.500116, 0.0)
(25.757910, 29.731262, 0.0)
(25.705378, 29.826263, 0.0)
(25.722946, 29.826254, 0.0)
(25.706923, 29.888481, 0.0)
(25.739981, 29.884012, 0.0)
(25.744261, 29.861107, 0.0)
(25.758081, 29.870655, 0.0)
(25.758703, 29.877344, 0.0)
(25.776291, 29.851902, 0.0)
(25.784805, 29.876785, 0.0)
(25.784805, 29.876785, 0.0)
(25.787848, 29.876513, 0.0)
(25.791908, 29.867033, 0.0)
(25.797112, 29.883404, 0.0)
(25.771688, 29.866486, 0.0)
(25.785378, 29.889029, 0.0)
(25.800848, 29.900990, 0.0)
(25.802052, 29.907423, 0.0)
(25.844969, 29.930836, 0.0)
(25.899914, 30.011267, 0.0)
(25.835340, 29.961035, 0.0)
(25.806835, 29.970680, 0.0)
(31.263828, 30.779110, 0.0)
(34.371330, 33.208427, 0.0)
(34.213036, 33.221165, 0.0)
(34.035610, 33.180222, 0.0)
(33.954571, 33.193310, 0.0)
(33.963810, 33.180439, 0.0)
(34.270645, 32.845795, 0.0)
(34.357635, 32.201488, 0.0)
(34.273125, 32.223488, 0.0)
(34.271770, 32.195560, 0.0)
(34.300385, 32.163513, 0.0)
(34.311913, 32.153015, 0.0)
(34.260384, 32.142845, 0.0)
(34.255768, 32.154575, 0.0)
(34.254490, 32.170414, 0.0)
(34.254089, 32.238953, 0.0)
(34.242714, 32.252682, 0.0)
(34.236736, 32.289021, 0.0)
(34.212856, 32.304302, 0.0)
(34.207031, 32.339188, 0.0)
(34.219170, 32.348717, 0.0)
(34.221069, 32.344742, 0.0)
(34.223370, 32.337688, 0.0)
(34.225651, 32.360329, 0.0)
(34.177513, 32.345325, 0.0)
(34.143845, 32.377590, 0.0)
(34.174477, 32.385677, 0.0)
(34.198586, 32.393623, 0.0)
(34.151070, 32.361210, 0.0)
(34.154976, 32.367859, 0.0)
(34.198784, 32.380669, 0.0)
(34.231037, 32.372746, 0.0)
(34.238152, 32.348446, 0.0)
(34.219654, 32.304424, 0.0)
(34.246902, 32.248901, 0.0)
(34.314396, 32.257614, 0.0)
(34.312958, 32.251057, 0.0)
(34.327969, 32.267220, 0.0)
(33.111019, 32.742695, 0.0)
(29.517090, 34.920139, 0.0)
(27.827631, 36.954575, 0.0)
(27.156622, 37.920029, 0.0)
(27.172810, 37.950329, 0.0)
(27.241661, 37.869865, 0.0)
(27.200043, 37.782928, 0.0)
(27.175406, 37.726112, 0.0)
(28.754265, 37.391041, 0.0)
(29.265274, 37.453796, 0.0)
(29.199642, 37.473305, 0.0)
(29.139450, 37.534275, 0.0)
(30.186644, 37.486626, 0.0)
(31.100658, 37.748917, 0.0)
(31.130342, 37.749588, 0.0)
(31.145954, 37.741344, 0.0)
(31.221807, 37.755726, 0.0)
(31.322596, 37.759247, 0.0)
(32.660801, 37.999107, 0.0)
(32.736858, 38.105957, 0.0)
(32.761921, 38.144958, 0.0)
(32.867760, 38.168064, 0.0)
(34.074974, 38.219292, 0.0)
(35.427788, 38.171490, 0.0)
(35.538124, 38.200474, 0.0)
(35.548622, 38.239376, 0.0)
(35.609776, 38.248360, 0.0)
(35.710983, 38.255718, 0.0)
(37.485458, 38.177994, 0.0)
(38.753334, 37.920753, 0.0)
(38.744106, 37.895969, 0.0)
(38.722679, 37.831615, 0.0)
(38.769505, 37.786316, 0.0)
(38.793091, 37.718159, 0.0)
(38.820625, 37.692066, 0.0)
(38.847599, 37.641026, 0.0)
(38.906708, 37.621758, 0.0)
(40.674728, 37.417225, 0.0)
(41.816174, 37.067116, 0.0)
(41.810925, 36.880295, 0.0)
(41.781128, 36.794056, 0.0)
(41.821827, 36.780758, 0.0)
(41.865883, 36.790905, 0.0)
(41.126991, 36.802689, 0.0)
(41.150276, 36.915081, 0.0)
(41.179085, 36.891884, 0.0)
(41.181797, 36.886295, 0.0)
(41.180450, 36.901260, 0.0)
(41.169342, 36.906815, 0.0)
(41.184307, 36.860992, 0.0)
(41.184799, 36.931450, 0.0)
(41.477024, 36.905655, 0.0)
(41.574139, 36.862373, 0.0)
(41.556133, 36.889767, 0.0)
(41.522175, 36.907764, 0.0)
(41.518963, 36.902042, 0.0)
(41.575512, 36.925964, 0.0)
(41.575550, 36.841591, 0.0)
(41.356026, 36.425072, 0.0)
(41.109127, 34.927795, 0.0)
(41.111343, 35.001785, 0.0)
(41.099186, 35.093262, 0.0)
(40.901981, 35.052414, 0.0)
(39.642403, 37.025558, 0.0)
(39.576687, 37.160271, 0.0)
(39.593388, 37.054054, 0.0)
(39.552658, 37.151909, 0.0)
(39.487274, 37.144566, 0.0)
(39.456646, 37.263588, 0.0)
(39.438080, 37.212494, 0.0)
(38.907360, 37.344624, 0.0)
(36.972244, 37.462521, 0.0)
(36.852695, 37.503387, 0.0)
(36.828785, 37.487930, 0.0)
(36.743927, 37.497715, 0.0)
(36.625843, 37.494938, 0.0)
(36.446987, 37.573627, 0.0)
(34.656582, 37.457146, 0.0)
(34.588955, 37.510944, 0.0)
(34.574074, 37.528996, 0.0)
(34.431507, 37.558052, 0.0)
(34.310211, 37.580341, 0.0)
(33.592861, 37.783978, 0.0)
(31.984554, 37.862183, 0.0)
(31.884899, 37.985504, 0.0)
(31.872370, 37.972675, 0.0)
(31.735703, 37.973301, 0.0)
(31.681196, 38.006153, 0.0)
(31.567457, 37.992409, 0.0)
(29.284203, 38.458153, 0.0)
(27.503128, 38.853443, 0.0)
(27.417671, 38.731216, 0.0)
(27.344500, 38.627747, 0.0)
(27.266195, 38.491226, 0.0)
(28.184231, 38.415745, 0.0)
(28.418701, 38.428810, 0.0)
(28.316578, 38.417656, 0.0)
(28.297066, 38.403637, 0.0)
(28.265476, 38.470329, 0.0)
(28.229877, 38.509949, 0.0)
(28.218693, 38.542160, 0.0)
(28.209774, 38.550491, 0.0)
(28.147280, 38.578716, 0.0)
(27.308729, 38.728020, 0.0)
(27.147331, 38.777321, 0.0)
(27.181353, 38.701866, 0.0)
(27.134384, 38.695606, 0.0)
(27.116846, 38.691162, 0.0)
(27.130518, 38.724037, 0.0)
(27.153055, 38.751732, 0.0)
(27.171494, 38.795158, 0.0)
(27.069548, 38.759300, 0.0)
(27.088543, 38.732216, 0.0)
(27.134699, 38.678860, 0.0)
(27.205181, 38.653717, 0.0)
(27.148066, 38.580742, 0.0)
(27.203608, 38.512592, 0.0)
(29.990751, 37.417950, 0.0)
(30.149090, 37.513741, 0.0)
(30.135633, 37.517113, 0.0)
(30.180401, 37.472111, 0.0)
(30.230328, 37.436279, 0.0)
(30.321545, 37.430183, 0.0)
(30.394363, 37.426552, 0.0)
(30.564941, 37.394753, 0.0)
(30.664097, 37.438828, 0.0)
(30.771574, 37.409111, 0.0)
(30.937601, 37.348869, 0.0)
(31.114756, 37.328312, 0.0)
(31.277313, 37.317295, 0.0)
(32.642963, 37.310020, 0.0)
(35.003532, 37.051708, 0.0)
(35.128510, 37.143505, 0.0)
(35.105930, 37.156944, 0.0)
(35.225677, 37.114578, 0.0)
(35.318142, 37.112759, 0.0)
(35.367321, 37.132328, 0.0)
(35.424950, 37.146290, 0.0)
(35.529236, 37.127693, 0.0)
(35.602859, 37.118870, 0.0)
(35.712189, 37.105186, 0.0)
(35.874554, 37.080196, 0.0)
(35.931301, 37.070946, 0.0)
(36.331539, 37.149540, 0.0)
(38.945755, 36.916252, 0.0)
(39.381481, 36.841694, 0.0)
(39.385551, 36.893257, 0.0)
(39.388210, 36.885170, 0.0)
(39.386063, 36.880051, 0.0)
(39.389366, 36.907944, 0.0)
(39.431282, 36.888134, 0.0)
(39.467438, 36.755898, 0.0)
(39.501831, 36.903191, 0.0)
(40.407623, 36.911110, 0.0)
(40.751774, 36.794724, 0.0)
(40.726204, 36.815346, 0.0)
(40.741360, 36.800301, 0.0)
(40.728516, 36.723923, 0.0)
(41.252148, 36.598656, 0.0)
(41.274784, 36.494564, 0.0)
(41.255306, 36.503239, 0.0)
(41.267906, 36.503838, 0.0)
(41.278095, 36.528748, 0.0)
(41.274784, 36.513824, 0.0)
(41.266964, 36.495892, 0.0)
(41.281410, 36.484673, 0.0)
(41.271111, 36.516624, 0.0)
(41.255737, 36.509636, 0.0)
(41.265450, 36.485207, 0.0)
(41.266384, 36.493050, 0.0)
(41.263191, 36.478584, 0.0)
(39.542625, 35.859234, 0.0)
(39.155319, 35.725334, 0.0)
(39.207279, 35.716045, 0.0)
(39.133553, 35.735474, 0.0)
(39.056046, 35.677341, 0.0)
(38.980816, 35.701080, 0.0)
(37.289764, 36.256371, 0.0)
(37.225788, 36.470230, 0.0)
(37.213207, 36.507160, 0.0)
(37.092083, 36.530525, 0.0)
(36.918468, 36.482346, 0.0)
(34.894634, 36.409607, 0.0)
(34.823696, 36.523350, 0.0)
(34.778816, 36.512966, 0.0)
(34.724854, 36.507236, 0.0)
(34.684677, 36.517139, 0.0)
(34.654861, 36.532459, 0.0)
(34.470119, 36.552971, 0.0)
(34.367432, 36.569614, 0.0)
(34.310993, 36.574539, 0.0)
(34.252201, 36.597588, 0.0)
(34.192451, 36.577694, 0.0)
(34.021881, 36.602394, 0.0)
(33.843277, 36.601578, 0.0)
(31.443171, 36.769176, 0.0)
(30.958235, 36.868473, 0.0)
(30.876530, 36.871143, 0.0)
(30.782513, 36.858456, 0.0)
(30.714340, 36.864368, 0.0)
(30.637939, 36.897255, 0.0)
(30.578115, 36.914040, 0.0)
(30.543938, 36.945293, 0.0)
(28.873877, 37.304539, 0.0)
(26.914265, 37.414867, 0.0)
(26.768927, 37.326328, 0.0)
(26.752451, 37.246094, 0.0)
(26.670382, 37.328392, 0.0)
(26.473230, 37.399242, 0.0)
(27.147501, 37.412300, 0.0)
(27.215059, 37.362820, 0.0)
(27.231941, 37.251957, 0.0)
(27.239326, 37.278347, 0.0)
(27.221773, 37.322495, 0.0)
(27.101763, 37.325920, 0.0)
(27.129095, 37.238300, 0.0)
(27.234297, 37.246155, 0.0)
(26.597515, 36.811188, 0.0)
(26.557796, 36.834141, 0.0)
(26.714691, 37.782166, 0.0)
(26.868002, 37.276066, 0.0)
(26.587328, 36.342594, 0.0)
(26.574804, 36.165680, 0.0)
(26.555481, 36.192181, 0.0)
(26.609631, 36.154793, 0.0)
(26.677618, 36.067352, 0.0)
(26.667038, 36.110474, 0.0)
(26.757212, 36.671558, 0.0)
(33.419361, 36.488102, 0.0)
(33.145531, 36.040058, 0.0)
(33.139694, 35.730247, 0.0)
(33.138893, 35.624615, 0.0)
(33.165550, 35.630001, 0.0)
(33.317837, 35.625732, 0.0)
(33.356674, 35.592541, 0.0)
(33.402210, 35.589958, 0.0)
(33.464115, 35.610683, 0.0)
(33.523731, 35.683640, 0.0)
(33.599724, 35.738598, 0.0)
(33.650860, 35.773930, 0.0)
(33.793221, 35.764908, 0.0)
(33.878265, 35.692730, 0.0)
(33.948025, 35.742210, 0.0)
(34.035652, 35.769474, 0.0)
(34.084949, 35.899986, 0.0)
(34.138039, 35.954929, 0.0)
(37.334866, 35.674629, 0.0)
(38.661289, 35.337555, 0.0)
(38.745541, 35.369164, 0.0)
(38.688988, 35.414719, 0.0)
(38.744144, 35.426182, 0.0)
(38.776066, 35.426880, 0.0)
(38.809223, 35.405598, 0.0)
(38.869305, 35.365009, 0.0)
(38.955425, 35.320518, 0.0)
(38.999973, 35.393074, 0.0)
(39.012325, 35.406677, 0.0)
(39.048489, 35.416035, 0.0)
(39.094963, 35.323662, 0.0)
(39.109909, 35.276093, 0.0)
(40.541004, 35.881512, 0.0)
(40.628765, 35.762726, 0.0)
(40.597057, 35.795982, 0.0)
(40.565903, 35.810509, 0.0)
(40.562622, 35.803318, 0.0)
(40.567772, 35.793770, 0.0)
(40.567772, 35.793770, 0.0)
(40.696785, 35.822556, 0.0)
(41.078026, 35.624104, 0.0)
(41.121300, 35.618019, 0.0)
(41.112061, 35.617771, 0.0)
(41.106236, 35.498135, 0.0)
(41.143051, 35.471844, 0.0)
(41.199287, 35.410393, 0.0)
(41.265289, 35.396801, 0.0)
(41.213238, 35.381531, 0.0)
(41.201206, 35.376076, 0.0)
(41.469326, 35.263523, 0.0)
(41.473358, 35.266415, 0.0)
(41.429993, 35.158291, 0.0)
(41.425159, 35.202343, 0.0)
(40.758717, 35.078236, 0.0)
(37.788876, 34.069176, 0.0)
(37.862297, 34.149807, 0.0)
(37.923336, 34.124199, 0.0)
(37.920139, 34.149239, 0.0)
(37.848877, 34.174747, 0.0)
(37.711937, 34.240276, 0.0)
(37.603863, 34.273006, 0.0)
(35.267311, 34.567619, 0.0)
(35.132786, 34.658722, 0.0)
(35.116253, 34.651730, 0.0)
(35.012630, 34.730942, 0.0)
(34.886883, 34.764462, 0.0)
(34.837551, 34.737690, 0.0)
(34.768200, 34.802677, 0.0)
(34.650806, 34.820755, 0.0)
(34.555378, 34.847000, 0.0)
(34.441288, 34.871647, 0.0)
(34.335625, 34.875820, 0.0)
(34.214802, 34.946960, 0.0)
(34.134743, 34.970650, 0.0)
(33.999344, 34.968250, 0.0)
(33.854206, 35.024788, 0.0)
(33.774422, 35.051155, 0.0)
(33.686687, 35.097782, 0.0)
(33.581940, 35.151768, 0.0)
(31.413553, 35.553440, 0.0)
(29.273483, 35.855289, 0.0)
(29.127550, 35.892967, 0.0)
(29.097868, 35.907810, 0.0)
(29.066162, 35.872467, 0.0)
(29.026489, 35.911545, 0.0)
(29.006319, 35.937462, 0.0)
(28.955305, 35.903145, 0.0)
(28.945379, 35.918789, 0.0)
(27.927494, 36.264076, 0.0)
(27.549276, 36.336563, 0.0)
(27.505203, 36.228443, 0.0)
(27.459801, 36.270496, 0.0)
(27.450264, 36.295444, 0.0)
(27.408497, 36.302914, 0.0)
(27.418581, 36.299286, 0.0)
(27.358786, 36.296127, 0.0)
(27.333826, 36.273586, 0.0)
(27.205250, 36.330204, 0.0)
(27.080471, 36.212097, 0.0)
(27.057520, 36.206993, 0.0)
(27.045992, 36.161522, 0.0)
(27.027269, 36.117889, 0.0)
(27.026705, 36.094952, 0.0)
(27.015192, 36.065350, 0.0)
(26.982056, 36.001072, 0.0)
(26.956087, 36.007217, 0.0)
(27.015789, 35.943790, 0.0)
(27.030497, 35.920956, 0.0)
(27.024874, 35.880230, 0.0)
(27.107695, 35.843418, 0.0)
(27.158531, 35.783360, 0.0)
(27.213535, 35.720058, 0.0)
(27.370201, 35.669216, 0.0)
(30.251120, 34.812862, 0.0)
(30.271477, 34.812851, 0.0)
(30.348846, 34.821732, 0.0)
(30.412273, 34.812984, 0.0)
(30.460487, 34.752163, 0.0)
(30.562149, 34.715218, 0.0)
(30.654457, 34.708130, 0.0)
(30.775791, 34.714214, 0.0)
(30.890503, 34.683517, 0.0)
(31.007332, 34.698372, 0.0)
(32.143833, 34.749065, 0.0)
(33.444221, 34.757507, 0.0)
(33.581234, 34.764725, 0.0)
(33.635170, 34.744114, 0.0)
(33.754375, 34.736355, 0.0)
(33.870583, 34.713249, 0.0)
(33.957317, 34.656429, 0.0)
(35.724468, 34.669659, 0.0)
(38.731483, 34.421570, 0.0)
(39.938927, 34.619976, 0.0)
(39.981949, 34.536053, 0.0)
(39.869968, 34.539383, 0.0)
(39.883183, 34.502308, 0.0)
(39.947552, 34.513142, 0.0)
(38.230495, 34.364655, 0.0)
(37.396805, 34.494236, 0.0)
(37.484211, 34.431614, 0.0)
(37.579407, 34.412407, 0.0)
(37.636749, 34.437622, 0.0)
(37.659966, 34.469593, 0.0)
(37.727322, 34.470562, 0.0)
(38.265163, 34.685837, 0.0)
(40.083107, 34.550476, 0.0)
(40.108109, 34.601963, 0.0)
(40.085758, 34.598602, 0.0)
(40.086067, 34.626606, 0.0)
(40.110981, 34.567833, 0.0)
(40.122295, 34.597794, 0.0)
(40.105247, 34.631397, 0.0)
(40.124565, 34.642826, 0.0)
(40.217819, 34.676003, 0.0)
(40.711300, 34.386929, 0.0)
(40.736088, 34.393757, 0.0)
(40.702366, 34.400581, 0.0)
(40.742226, 34.446117, 0.0)
(40.744049, 34.437580, 0.0)
(40.695393, 34.406837, 0.0)
(40.695393, 34.427788, 0.0)
(40.661175, 34.406395, 0.0)
(40.647934, 34.390476, 0.0)
(40.643696, 34.382679, 0.0)
(40.475307, 34.203583, 0.0)
(40.495304, 33.477497, 0.0)
(40.506504, 33.464817, 0.0)
(40.472202, 33.506741, 0.0)
(40.095802, 33.412010, 0.0)
(36.904697, 33.374432, 0.0)
(37.005669, 33.472160, 0.0)
(37.017075, 33.461243, 0.0)
(36.901020, 33.502583, 0.0)
(36.735550, 33.486538, 0.0)
(36.512867, 33.518742, 0.0)
(34.951645, 34.047779, 0.0)
(34.904491, 34.101181, 0.0)
(34.859146, 34.084988, 0.0)
(34.733112, 34.099030, 0.0)
(34.642040, 34.117302, 0.0)
(34.592060, 34.150681, 0.0)
(35.495918, 33.846386, 0.0)
(35.467075, 33.803272, 0.0)
(35.310394, 33.808052, 0.0)
(35.205578, 33.818909, 0.0)
(35.069256, 33.867680, 0.0)
(34.944782, 33.878349, 0.0)
(34.790695, 33.906208, 0.0)
(33.286201, 33.906528, 0.0)
(33.141472, 33.955338, 0.0)
(33.099388, 33.958378, 0.0)
(32.980606, 33.986385, 0.0)
(32.860310, 33.985470, 0.0)
(32.295082, 34.094589, 0.0)
(31.047657, 34.142227, 0.0)
(30.828516, 34.172386, 0.0)
(30.781939, 34.140469, 0.0)
(30.669775, 34.194984, 0.0)
(30.595375, 34.228958, 0.0)
(29.853542, 34.491768, 0.0)
(28.428997, 34.800198, 0.0)
(28.270531, 34.797535, 0.0)
(28.237751, 34.773643, 0.0)
(28.206505, 34.786926, 0.0)
(28.183838, 34.790619, 0.0)
(28.080875, 34.723789, 0.0)
(28.024479, 34.795937, 0.0)
(26.853052, 35.005787, 0.0)
(26.776968, 34.953846, 0.0)
(26.717308, 35.000313, 0.0)
(26.682081, 35.012562, 0.0)
(26.658426, 35.069550, 0.0)
(26.010378, 35.015099, 0.0)
(25.972168, 34.904842, 0.0)
(25.943062, 34.882530, 0.0)
(25.939852, 34.839275, 0.0)
(25.938639, 34.799026, 0.0)
(25.940113, 34.768677, 0.0)
(25.929249, 34.744343, 0.0)
(25.924601, 34.721306, 0.0)
(25.936058, 34.700069, 0.0)
(25.929184, 34.669331, 0.0)
(25.975111, 34.570641, 0.0)
(28.627754, 33.841526, 0.0)
(30.000517, 33.601196, 0.0)
(30.126862, 33.603024, 0.0)
(30.197424, 33.608078, 0.0)
(30.248730, 33.557575, 0.0)
(30.401661, 33.543194, 0.0)
(30.556398, 33.522762, 0.0)
(30.642143, 33.544987, 0.0)
(30.777115, 33.570717, 0.0)
(30.900610, 33.556419, 0.0)
(30.997053, 33.525772, 0.0)
(31.189028, 33.554111, 0.0)
(31.331501, 33.563030, 0.0)
(31.637884, 33.544617, 0.0)
(34.538311, 33.276424, 0.0)
(35.252533, 33.305599, 0.0)
(35.356117, 33.281475, 0.0)
(35.477890, 33.285683, 0.0)
(35.638657, 33.331467, 0.0)
(35.739826, 33.320549, 0.0)
(35.810932, 33.342567, 0.0)
(35.883270, 33.339893, 0.0)
(35.970463, 33.366405, 0.0)
(36.070511, 33.347744, 0.0)
(36.118103, 33.382957, 0.0)
(36.235462, 33.401569, 0.0)
(36.393158, 33.402824, 0.0)
(36.473755, 33.395203, 0.0)
(36.538822, 33.400616, 0.0)
(36.670338, 33.417099, 0.0)
(39.543201, 33.805485, 0.0)
(40.560593, 33.977867, 0.0)
(40.608406, 33.956367, 0.0)
(40.548981, 33.954926, 0.0)
(40.563541, 33.909752, 0.0)
(40.532406, 33.886982, 0.0)
(40.538815, 33.879887, 0.0)
(40.597919, 33.849846, 0.0)
(40.653801, 33.853096, 0.0)
(40.647884, 33.857166, 0.0)
(40.651333, 33.868412, 0.0)
(40.658646, 33.903366, 0.0)
(40.731647, 33.890327, 0.0)
(40.743069, 33.906166, 0.0)
(40.746128, 33.951599, 0.0)
(40.743904, 33.879601, 0.0)
(40.739388, 33.891811, 0.0)
(40.696518, 33.835312, 0.0)
(40.605225, 33.217052, 0.0)
(40.634083, 32.932419, 0.0)
(40.654392, 32.954582, 0.0)
(40.647881, 32.933975, 0.0)
(40.646530, 32.896843, 0.0)
(40.659477, 32.855370, 0.0)
(40.624882, 32.751995, 0.0)
(40.477921, 32.746017, 0.0)
(38.560047, 32.405247, 0.0)
(38.596321, 32.423496, 0.0)
(38.607265, 32.376755, 0.0)
(38.503262, 32.378830, 0.0)
(38.238308, 32.356785, 0.0)
(35.802025, 32.169613, 0.0)
(35.781952, 32.230740, 0.0)
(35.756252, 32.209545, 0.0)
(35.695782, 32.292187, 0.0)
(35.563148, 32.271786, 0.0)
(35.492355, 32.258484, 0.0)
(35.394112, 32.260883, 0.0)
(35.270741, 32.254406, 0.0)
(35.236813, 32.244228, 0.0)
(35.141319, 32.259830, 0.0)
(33.281239, 32.375031, 0.0)
(33.085365, 32.449497, 0.0)
(33.046192, 32.413765, 0.0)
(32.970207, 32.412125, 0.0)
(32.858654, 32.441780, 0.0)
(32.776493, 32.443161, 0.0)
(32.727661, 32.426811, 0.0)
(32.644299, 32.450195, 0.0)
(31.656528, 32.609295, 0.0)
(30.684357, 32.755634, 0.0)
(30.562481, 32.766354, 0.0)
(30.497450, 32.836201, 0.0)
(30.396576, 32.928402, 0.0)
(30.315971, 32.928234, 0.0)
(30.217741, 32.936497, 0.0)
(28.692087, 33.420979, 0.0)
(28.243635, 33.527603, 0.0)
(28.273203, 33.509907, 0.0)
(28.258236, 33.536732, 0.0)
(28.198347, 33.574306, 0.0)
(27.651688, 33.645161, 0.0)
(26.792679, 33.827694, 0.0)
(26.657667, 33.842842, 0.0)
(26.643129, 33.862495, 0.0)
(26.601629, 33.848537, 0.0)
(26.019821, 33.995228, 0.0)
(25.792765, 33.965240, 0.0)
(25.792765, 33.965240, 0.0)
(25.778206, 33.964104, 0.0)
(25.784111, 33.959499, 0.0)
(25.797245, 33.962376, 0.0)
(25.757118, 33.980133, 0.0)
(25.770651, 33.972065, 0.0)
(25.778206, 33.950428, 0.0)
(25.798578, 33.949989, 0.0)
(25.807034, 33.915646, 0.0)
(25.814116, 33.900887, 0.0)
(29.521530, 32.093075, 0.0)
(34.014347, 31.372831, 0.0)
(36.744877, 31.730623, 0.0)
(38.223957, 32.032253, 0.0)
(38.298183, 32.110325, 0.0)
(38.227219, 32.157154, 0.0)
(38.053406, 32.141068, 0.0)
(35.189987, 31.662809, 0.0)
(35.304951, 31.657526, 0.0)
(35.453342, 31.680220, 0.0)
(35.534237, 31.682861, 0.0)
(32.752068, 31.719454, 0.0)
(31.402061, 31.868361, 0.0)
(31.510838, 31.837128, 0.0)
(31.720318, 31.823868, 0.0)
(31.891832, 31.770969, 0.0)
(32.054497, 31.760727, 0.0)
(32.284878, 31.714867, 0.0)
(34.967697, 31.729023, 0.0)
(37.955208, 31.950197, 0.0)
(38.287186, 32.070679, 0.0)
(38.284092, 32.101322, 0.0)
(38.366234, 32.170681, 0.0)
(38.393036, 32.155220, 0.0)
(38.400520, 32.151257, 0.0)
(38.416431, 32.178913, 0.0)
(37.260876, 31.791475, 0.0)
(37.097469, 31.683819, 0.0)
(37.185459, 31.666754, 0.0)
(37.247814, 31.753321, 0.0)
(37.298332, 31.788780, 0.0)
(37.414970, 31.854738, 0.0)
(37.459232, 31.823723, 0.0)
(37.584518, 31.835718, 0.0)
(40.380821, 32.441025, 0.0)
(40.625992, 32.429352, 0.0)
(40.599747, 32.432331, 0.0)
(40.580029, 32.447327, 0.0)
(40.576618, 32.472843, 0.0)
(40.595406, 32.510799, 0.0)
(40.607677, 32.558506, 0.0)
(40.584923, 32.589851, 0.0)
(40.615944, 32.625725, 0.0)
(40.635151, 32.618046, 0.0)
(40.655647, 32.639999, 0.0)
(40.644447, 32.654663, 0.0)
(40.645794, 32.626873, 0.0)
(40.705513, 32.643028, 0.0)
(41.207722, 32.720131, 0.0)
(41.280548, 32.580124, 0.0)
(41.274479, 32.562637, 0.0)
(41.284744, 32.567894, 0.0)
(41.273186, 32.553844, 0.0)
(41.261154, 32.538586, 0.0)
(41.272503, 32.517399, 0.0)
(41.195705, 32.456467, 0.0)
(39.760399, 31.061796, 0.0)
(39.836761, 31.120615, 0.0)
(39.848785, 31.196308, 0.0)
(39.492664, 31.155621, 0.0)
(37.806339, 30.931480, 0.0)
(37.650845, 30.903444, 0.0)
(37.617348, 30.951897, 0.0)
(37.475304, 30.885099, 0.0)
(37.373371, 30.890709, 0.0)
(35.699799, 31.200377, 0.0)
(35.220043, 31.399817, 0.0)
(35.138168, 31.399008, 0.0)
(35.031162, 31.381422, 0.0)
(34.970615, 31.400091, 0.0)
(34.874500, 31.398397, 0.0)
(34.764580, 31.380676, 0.0)
(34.667091, 31.432289, 0.0)
(36.076641, 31.364994, 0.0)
(35.876717, 31.398403, 0.0)
(35.734055, 31.430199, 0.0)
(35.570400, 31.436785, 0.0)
(35.380482, 31.469198, 0.0)
(35.251938, 31.795231, 0.0)
(32.799416, 33.032715, 0.0)
(32.827244, 32.072956, 0.0)
(32.766514, 31.475126, 0.0)
(32.675179, 31.337351, 0.0)
(32.607258, 31.361788, 0.0)
(32.489502, 31.377119, 0.0)
(32.408749, 31.432880, 0.0)
(31.585152, 31.663258, 0.0)
(29.598312, 31.978998, 0.0)
(29.530783, 31.998047, 0.0)
(29.469376, 31.991226, 0.0)
(29.424604, 31.980618, 0.0)
(29.349716, 32.014023, 0.0)
(29.209040, 32.048851, 0.0)
(28.084114, 32.444138, 0.0)
(27.227077, 32.763126, 0.0)
(27.128969, 32.845745, 0.0)
(27.075666, 32.835003, 0.0)
(27.039724, 32.864838, 0.0)
(26.945309, 32.904140, 0.0)
(26.902006, 32.871819, 0.0)
(26.892202, 32.865318, 0.0)
(26.089098, 32.945690, 0.0)
(25.907305, 32.918041, 0.0)
(25.888437, 32.929607, 0.0)
(25.882206, 32.920860, 0.0)
(25.876047, 32.930527, 0.0)
(25.867117, 32.896351, 0.0)
(25.878834, 32.847923, 0.0)
(25.855211, 32.892445, 0.0)
(25.839569, 32.875572, 0.0)
(25.856144, 32.807491, 0.0)
(25.901215, 32.741154, 0.0)
(25.908556, 32.733051, 0.0)
(25.938980, 32.722408, 0.0)
(27.652994, 31.854076, 0.0)
(28.750183, 31.406334, 0.0)
(28.729801, 31.400343, 0.0)
(28.754189, 31.406334, 0.0)
(28.896513, 31.326056, 0.0)
(28.970085, 31.300766, 0.0)
(29.113251, 31.276518, 0.0)
(29.210546, 31.275406, 0.0)
(29.393456, 31.229666, 0.0)
(29.759974, 32.234737, 0.0)
(31.043814, 32.385666, 0.0)
(30.780590, 31.317905, 0.0)
(30.921883, 30.910358, 0.0)
(31.035255, 30.929419, 0.0)
(31.126329, 30.956196, 0.0)
(31.247738, 30.938196, 0.0)
(31.408665, 30.951233, 0.0)
(32.279591, 30.953846, 0.0)
(33.079643, 30.911224, 0.0)
(33.160755, 30.889248, 0.0)
(33.302181, 30.878269, 0.0)
(33.410362, 30.912235, 0.0)
(34.105583, 30.911224, 0.0)
(36.568001, 30.781801, 0.0)
(36.638691, 30.827307, 0.0)
(36.666962, 30.844429, 0.0)
(36.753269, 30.822132, 0.0)
(36.812965, 30.829121, 0.0)
(36.878613, 30.882797, 0.0)
(36.984154, 30.880306, 0.0)
(37.114388, 30.911440, 0.0)
(39.758270, 31.519777, 0.0)
(40.249413, 31.625793, 0.0)
(40.286411, 31.621954, 0.0)
(40.252892, 31.616667, 0.0)
(40.217449, 31.649086, 0.0)
(40.443005, 31.659121, 0.0)
(41.275978, 31.605009, 0.0)
(41.328743, 31.590929, 0.0)
(41.291115, 31.612253, 0.0)
(41.282238, 31.592194, 0.0)
(41.300682, 31.591236, 0.0)
(41.295216, 31.573481, 0.0)
(41.295216, 31.573481, 0.0)
(41.291496, 31.583883, 0.0)
(41.497486, 31.702469, 0.0)
(41.517136, 31.698977, 0.0)
(41.482555, 31.663391, 0.0)
(41.422615, 31.687044, 0.0)
(41.436760, 31.669163, 0.0)
(41.442722, 31.650202, 0.0)
(41.425022, 31.667551, 0.0)
(40.614971, 30.659552, 0.0)
(40.769489, 30.328367, 0.0)
(40.797127, 30.364740, 0.0)
(40.754475, 30.378281, 0.0)
(40.691624, 30.365458, 0.0)
(39.337738, 30.063736, 0.0)
(38.223579, 30.050508, 0.0)
(38.185364, 30.042067, 0.0)
(38.070221, 29.970371, 0.0)
(37.965103, 30.039276, 0.0)
(37.878113, 29.980190, 0.0)
(37.677128, 30.006741, 0.0)
(37.477444, 30.033932, 0.0)
(35.947632, 30.844971, 0.0)
(35.821323, 30.154127, 0.0)
(35.701923, 30.031878, 0.0)
(35.646694, 30.128786, 0.0)
(35.620701, 30.183041, 0.0)
(35.498657, 30.182886, 0.0)
(33.151581, 30.097548, 0.0)
(32.913719, 30.190107, 0.0)
(32.855682, 30.235220, 0.0)
(32.730309, 30.226469, 0.0)
(32.593449, 30.223078, 0.0)
(32.451756, 30.262196, 0.0)
(32.328838, 30.276386, 0.0)
(32.222862, 30.344154, 0.0)
(32.065453, 30.379171, 0.0)
(31.939287, 30.348022, 0.0)
(31.034084, 30.511717, 0.0)
(30.237564, 30.620729, 0.0)
(30.057367, 30.626995, 0.0)
(29.963978, 30.632479, 0.0)
(29.861467, 30.697460, 0.0)
(29.813456, 30.671122, 0.0)
(27.965910, 31.120716, 0.0)
(26.527826, 31.493319, 0.0)
(26.361143, 31.532185, 0.0)
(26.309010, 31.545324, 0.0)
(26.279007, 31.586836, 0.0)
(26.278605, 31.572206, 0.0)
(26.281698, 31.546656, 0.0)
(26.264481, 31.567347, 0.0)
(26.219166, 31.575060, 0.0)
(26.198153, 31.524956, 0.0)
(26.205343, 31.522802, 0.0)
(26.180712, 31.532309, 0.0)
(26.169788, 31.526974, 0.0)
(26.109562, 31.537056, 0.0)
(26.008127, 31.398628, 0.0)
(26.039129, 31.368639, 0.0)
(26.047691, 31.387234, 0.0)
(26.047691, 31.387234, 0.0)
(26.047691, 31.387234, 0.0)
(26.083096, 31.321054, 0.0)
(26.124084, 31.265055, 0.0)
(26.162891, 31.248123, 0.0)
(28.129490, 30.424725, 0.0)
(28.264177, 30.389015, 0.0)
(28.298073, 30.349157, 0.0)
(28.546368, 30.301483, 0.0)
(28.706682, 30.212204, 0.0)
(28.879797, 30.172213, 0.0)
(28.966805, 30.182756, 0.0)
(29.101564, 30.159101, 0.0)
(29.287924, 30.121691, 0.0)
(29.531363, 30.056215, 0.0)
(30.162844, 29.948904, 0.0)
(32.413300, 29.753912, 0.0)
(32.602634, 29.728456, 0.0)
(32.752815, 29.714733, 0.0)
(32.923241, 29.690561, 0.0)
(33.008713, 29.671951, 0.0)
(33.143711, 29.656763, 0.0)
(33.265026, 29.627203, 0.0)
(33.411854, 29.643196, 0.0)
(33.505447, 29.657534, 0.0)
(33.621193, 29.638910, 0.0)
(33.772331, 29.646395, 0.0)
(34.236507, 29.676397, 0.0)
(35.773235, 29.514193, 0.0)
(35.921814, 29.554873, 0.0)
(35.980190, 29.612484, 0.0)
(36.072872, 29.640539, 0.0)
(36.115829, 29.632999, 0.0)
(36.188892, 29.653374, 0.0)
(36.896320, 29.724577, 0.0)
(37.741673, 29.629745, 0.0)
(37.789837, 29.619020, 0.0)
(37.872833, 29.717482, 0.0)
(37.929062, 29.759937, 0.0)
(37.968239, 29.760647, 0.0)
(38.068340, 29.712023, 0.0)
(39.033768, 29.840324, 0.0)
(39.092209, 29.881365, 0.0)
(39.105389, 29.866446, 0.0)
(39.111389, 29.868441, 0.0)
(39.916866, 30.167675, 0.0)
(40.791870, 30.149260, 0.0)
(40.803379, 30.170031, 0.0)
(40.742493, 30.231636, 0.0)
(40.713200, 30.216686, 0.0)
(40.759163, 30.216736, 0.0)
(40.880939, 30.280794, 0.0)
(41.116684, 30.308760, 0.0)
(41.110283, 30.236570, 0.0)
(41.122681, 30.214008, 0.0)
(41.076153, 30.222754, 0.0)
(41.058163, 30.231220, 0.0)
(41.102768, 30.265421, 0.0)
(41.088013, 30.276922, 0.0)
(41.024673, 30.244654, 0.0)
(40.591393, 30.073847, 0.0)
(37.729118, 29.006334, 0.0)
(35.970028, 28.794790, 0.0)
(35.907295, 28.734360, 0.0)
(35.929974, 28.822378, 0.0)
(35.878696, 28.870579, 0.0)
(35.858280, 28.901937, 0.0)
(35.768089, 28.937069, 0.0)
(35.685024, 28.955587, 0.0)
(35.629215, 28.925173, 0.0)
(35.444633, 28.897738, 0.0)
(35.351082, 28.874266, 0.0)
(35.246910, 28.878572, 0.0)
(35.103813, 28.900309, 0.0)
(34.361481, 29.676250, 0.0)
(34.403008, 28.760529, 0.0)
(34.356373, 28.622074, 0.0)
(34.255943, 28.693356, 0.0)
(34.221668, 28.747013, 0.0)
(34.143398, 28.802057, 0.0)
(33.990547, 28.838936, 0.0)
(33.909443, 28.895514, 0.0)
(33.817604, 28.937744, 0.0)
(33.685081, 28.992641, 0.0)
(33.347851, 29.054422, 0.0)
(30.479467, 29.418884, 0.0)
(30.274076, 29.478500, 0.0)
(30.191765, 29.486439, 0.0)
(30.061974, 29.560661, 0.0)
(30.010324, 29.554258, 0.0)
(29.897562, 29.570711, 0.0)
(28.251253, 30.033924, 0.0)
(27.304321, 30.297968, 0.0)
(27.191715, 30.317949, 0.0)
(27.122372, 30.327988, 0.0)
(27.103500, 30.360523, 0.0)
(27.099506, 30.374592, 0.0)
(26.246323, 30.823280, 0.0)
(26.075844, 30.911243, 0.0)
(26.058296, 30.874632, 0.0)
(25.993536, 30.860327, 0.0)
(26.000738, 30.807856, 0.0)
(25.574022, 30.986465, 0.0)
(25.477758, 31.031439, 0.0)
(25.473661, 31.020693, 0.0)
(25.481363, 31.027790, 0.0)
(25.486376, 31.028408, 0.0)
(25.495102, 31.010885, 0.0)
(25.479172, 31.011568, 0.0)
(25.469242, 30.982649, 0.0)
(26.522726, 30.361336, 0.0)
(29.417240, 28.845478, 0.0)
(29.447487, 28.845236, 0.0)
(29.364813, 28.875694, 0.0)
(29.373411, 28.931475, 0.0)
(29.411736, 28.906843, 0.0)
(29.465719, 28.882444, 0.0)
(29.486776, 28.883423, 0.0)
(29.544441, 28.887997, 0.0)
(29.595831, 28.850199, 0.0)
(30.135782, 28.739065, 0.0)
(35.386181, 28.555082, 0.0)
(38.642189, 28.872698, 0.0)
(39.287758, 29.100403, 0.0)
(39.256756, 29.114223, 0.0)
(39.175316, 29.110640, 0.0)
(38.670895, 29.038214, 0.0)
(33.479771, 28.203432, 0.0)
(32.827190, 28.282749, 0.0)
(32.908577, 28.178379, 0.0)
(33.009720, 28.164328, 0.0)
(33.184429, 28.145857, 0.0)
(33.246475, 28.145895, 0.0)
(33.416336, 28.170782, 0.0)
(33.493134, 28.152601, 0.0)
(33.643009, 28.180737, 0.0)
(33.746361, 28.151114, 0.0)
(35.387215, 28.292753, 0.0)
(38.232540, 28.541435, 0.0)
(38.190514, 28.582249, 0.0)
(38.135601, 28.569775, 0.0)
(38.152580, 28.604799, 0.0)
(38.202160, 28.624481, 0.0)
(38.202160, 28.624481, 0.0)
(38.813858, 28.841530, 0.0)
(40.716026, 29.258598, 0.0)
(40.806610, 29.271658, 0.0)
(40.683777, 29.170872, 0.0)
(40.679985, 29.184099, 0.0)
(40.697365, 29.198141, 0.0)
(40.676205, 29.197824, 0.0)
(40.627846, 29.260094, 0.0)
(40.643082, 29.258667, 0.0)
(40.619404, 29.272549, 0.0)
(40.617802, 29.263590, 0.0)
(40.631382, 29.242434, 0.0)
(40.602364, 29.237606, 0.0)
(40.598190, 29.267851, 0.0)
(40.608936, 29.303043, 0.0)
(40.652912, 29.337473, 0.0)
(40.632542, 29.340355, 0.0)
(40.788094, 29.435959, 0.0)
(41.288891, 29.618212, 0.0)
(41.317211, 29.638885, 0.0)
(41.272606, 29.607050, 0.0)
(41.291977, 29.632271, 0.0)
(41.246311, 29.639906, 0.0)
(41.228573, 29.647104, 0.0)
(40.967056, 29.518286, 0.0)
(40.304092, 28.930470, 0.0)
(40.210075, 28.101625, 0.0)
(40.167988, 28.081009, 0.0)
(40.162262, 28.188257, 0.0)
(40.166233, 28.185692, 0.0)
(40.095798, 28.176504, 0.0)
(39.138336, 27.996456, 0.0)
(36.090504, 27.681217, 0.0)
(36.063019, 27.743589, 0.0)
(36.080353, 27.762985, 0.0)
(36.023121, 27.763313, 0.0)
(35.935436, 27.788099, 0.0)
(35.791039, 27.782448, 0.0)
(35.726711, 27.828644, 0.0)
(35.630337, 27.862244, 0.0)
(37.128029, 28.134861, 0.0)
(36.912727, 28.109735, 0.0)
(36.694592, 28.128887, 0.0)
(36.557507, 28.080751, 0.0)
(36.419621, 28.063366, 0.0)
(36.277023, 28.058912, 0.0)
(34.663490, 27.927677, 0.0)
(34.551395, 27.904348, 0.0)
(34.489239, 27.862520, 0.0)
(34.360867, 27.851778, 0.0)
(34.207321, 27.905642, 0.0)
(34.146931, 27.926189, 0.0)
(33.919395, 27.923119, 0.0)
(31.432627, 28.041769, 0.0)
(31.247446, 28.089190, 0.0)
(31.072113, 28.099201, 0.0)
(30.985596, 28.112984, 0.0)
(30.832277, 28.116385, 0.0)
(28.941389, 28.602558, 0.0)
(28.265678, 28.796019, 0.0)
(28.241247, 28.799337, 0.0)
(28.193619, 28.813059, 0.0)
(28.151711, 28.848045, 0.0)
(28.101685, 28.848305, 0.0)
(26.966002, 29.418032, 0.0)
(26.580740, 29.603928, 0.0)
(26.490887, 29.594967, 0.0)
(26.446857, 29.583157, 0.0)
(26.474480, 29.571196, 0.0)
(26.472946, 29.564579, 0.0)
(26.452339, 29.575026, 0.0)
(26.413479, 29.591490, 0.0)
(26.423893, 29.626923, 0.0)
(26.408182, 29.653965, 0.0)
(25.995874, 30.038191, 0.0)
(25.956240, 30.064198, 0.0)
(25.939236, 30.016218, 0.0)
(25.945341, 30.025808, 0.0)
(25.966179, 29.986792, 0.0)
(25.995901, 30.024752, 0.0)
(26.023178, 30.018763, 0.0)
(27.023804, 29.075819, 0.0)
(27.686642, 28.164206, 0.0)
(27.654099, 28.179716, 0.0)
(27.661421, 28.188881, 0.0)
(27.724167, 28.186106, 0.0)
(27.691715, 28.184011, 0.0)
(27.706347, 28.181047, 0.0)
(27.823074, 28.113045, 0.0)
(30.326656, 27.589266, 0.0)
(34.521564, 27.256805, 0.0)
(34.532112, 27.321842, 0.0)
(34.526707, 27.318769, 0.0)
(34.526085, 27.356392, 0.0)
(34.546513, 27.358599, 0.0)
(34.592449, 27.383192, 0.0)
(34.585201, 27.404911, 0.0)
(35.397388, 27.403330, 0.0)
(38.263866, 27.754021, 0.0)
(39.758148, 28.239273, 0.0)
(39.717113, 28.200634, 0.0)
(39.644676, 28.219553, 0.0)
(39.649097, 28.252188, 0.0)
(39.674137, 28.236893, 0.0)
(37.752766, 27.670759, 0.0)
(33.300861, 27.349979, 0.0)
(33.495640, 27.315794, 0.0)
(33.754520, 27.241026, 0.0)
(33.970486, 27.169592, 0.0)
(34.091022, 27.147657, 0.0)
(35.248589, 27.336105, 0.0)
(39.388744, 27.912291, 0.0)
(40.362053, 28.301105, 0.0)
(40.324940, 28.310171, 0.0)
(40.262043, 28.332556, 0.0)
(40.168324, 28.341333, 0.0)
(40.153526, 28.351179, 0.0)
(40.133762, 28.356428, 0.0)
(40.110176, 28.336603, 0.0)
(40.098110, 28.333471, 0.0)
(40.080845, 28.357090, 0.0)
(39.980270, 28.359779, 0.0)
(39.907360, 28.501158, 0.0)
(39.857845, 28.528152, 0.0)
(39.893932, 28.503477, 0.0)
(39.952511, 28.468479, 0.0)
(40.590385, 28.494837, 0.0)
(40.770763, 28.417835, 0.0)
(40.693027, 28.449516, 0.0)
(40.685009, 28.454565, 0.0)
(40.722816, 28.432421, 0.0)
(40.702797, 28.433613, 0.0)
(40.693027, 28.449516, 0.0)
(40.697330, 28.433632, 0.0)
(40.983845, 28.493830, 0.0)
(40.990585, 28.408129, 0.0)
(40.999031, 28.348167, 0.0)
(40.996376, 28.362667, 0.0)
(41.002129, 28.375708, 0.0)
(40.963390, 28.334517, 0.0)
(40.951660, 28.357080, 0.0)
(40.937363, 28.350266, 0.0)
(38.368092, 27.311384, 0.0)
(35.802872, 26.742109, 0.0)
(35.080429, 26.527199, 0.0)
(34.680103, 26.698629, 0.0)
(34.618408, 26.765829, 0.0)
(34.692307, 26.776337, 0.0)
(34.681156, 26.808615, 0.0)
(34.653538, 26.806458, 0.0)
(34.593266, 26.830158, 0.0)
(34.562191, 26.855082, 0.0)
(34.526402, 26.855938, 0.0)
(34.513294, 26.860308, 0.0)
(34.475872, 26.876961, 0.0)
(35.390034, 26.917017, 0.0)
(35.338245, 26.932055, 0.0)
(35.245403, 26.942053, 0.0)
(35.155277, 26.942318, 0.0)
(35.080315, 26.959858, 0.0)
(34.938118, 26.984291, 0.0)
(32.014889, 27.198799, 0.0)
(31.308561, 27.268375, 0.0)
(31.157024, 27.229210, 0.0)
(31.114321, 27.214848, 0.0)
(31.024340, 27.221991, 0.0)
(30.909670, 27.229273, 0.0)
(30.887222, 27.241243, 0.0)
(30.859264, 27.266520, 0.0)
(30.771055, 27.317923, 0.0)
(30.693129, 27.326290, 0.0)
(30.680889, 27.345917, 0.0)
(30.355545, 27.477325, 0.0)
(28.308380, 28.015118, 0.0)
(28.233704, 28.000315, 0.0)
(28.248526, 27.939079, 0.0)
(28.286207, 27.884480, 0.0)
(28.430342, 27.782732, 0.0)
(28.558979, 27.718285, 0.0)
(28.392826, 27.743246, 0.0)
(28.306728, 27.781389, 0.0)
(28.288183, 27.801428, 0.0)
(28.261074, 27.814148, 0.0)
(26.582664, 28.685087, 0.0)
(26.407627, 28.776344, 0.0)
(26.353256, 28.777267, 0.0)
(26.387312, 28.740671, 0.0)
(26.427570, 28.699554, 0.0)
(25.858309, 28.882257, 0.0)
(25.814104, 28.899693, 0.0)
(25.840649, 28.885969, 0.0)
(25.850531, 28.874157, 0.0)
(25.845634, 28.887424, 0.0)
(25.867140, 28.889679, 0.0)
(25.843960, 28.901033, 0.0)
(25.841469, 28.904799, 0.0)
(25.845259, 28.899069, 0.0)
(25.851416, 28.908258, 0.0)
(25.879581, 28.862421, 0.0)
(25.966101, 28.834486, 0.0)
(26.800741, 28.361683, 0.0)
(26.828516, 28.345299, 0.0)
(26.846741, 28.341049, 0.0)
(26.889187, 28.339191, 0.0)
(28.024841, 27.872629, 0.0)
(28.526415, 27.601288, 0.0)
(28.584862, 27.538393, 0.0)
(28.676447, 27.481359, 0.0)
(28.774700, 27.476994, 0.0)
(29.599211, 27.289047, 0.0)
(31.734776, 26.894735, 0.0)
(31.816299, 26.882591, 0.0)
(31.854790, 26.827318, 0.0)
(31.914261, 26.844669, 0.0)
(32.048424, 26.803484, 0.0)
(32.135441, 26.805687, 0.0)
(32.247231, 26.811558, 0.0)
(32.392159, 26.790346, 0.0)
(32.490314, 26.793661, 0.0)
(32.641140, 26.775246, 0.0)
(33.529533, 26.785788, 0.0)
(35.605919, 26.681995, 0.0)
(35.668167, 26.682804, 0.0)
(35.678120, 26.665514, 0.0)
(35.758133, 26.669662, 0.0)
(35.798981, 26.687819, 0.0)
(37.685631, 26.954588, 0.0)
(40.461544, 27.526899, 0.0)
(40.529564, 27.686993, 0.0)
(40.441875, 27.685471, 0.0)
(40.404343, 27.679106, 0.0)
(40.383450, 27.669891, 0.0)
(40.364445, 27.665627, 0.0)
(40.318489, 27.668905, 0.0)
(40.299122, 27.644970, 0.0)
(40.303993, 27.631826, 0.0)
(40.293926, 27.613909, 0.0)
(39.868786, 27.556154, 0.0)
(39.052731, 27.247570, 0.0)
(39.047344, 27.257635, 0.0)
(39.084953, 27.244755, 0.0)
(39.741871, 27.519695, 0.0)
(40.508671, 27.839836, 0.0)
(40.513474, 27.800999, 0.0)
(40.477943, 27.780907, 0.0)
(40.441677, 27.782249, 0.0)
(40.720932, 27.905775, 0.0)
(40.792999, 27.920998, 0.0)
(40.775005, 27.888977, 0.0)
(40.737091, 27.899639, 0.0)
(40.763084, 27.907797, 0.0)
(41.278728, 28.181997, 0.0)
(41.249866, 28.141844, 0.0)
(41.218594, 28.112677, 0.0)
(41.229931, 28.094017, 0.0)
(41.188805, 28.116522, 0.0)
(41.185410, 28.138781, 0.0)
(41.155148, 28.123690, 0.0)
(41.117382, 28.139568, 0.0)
(41.322330, 29.501467, 0.0)
(41.314465, 30.085234, 0.0)
(41.359959, 30.037064, 0.0)
(41.358807, 30.020338, 0.0)
(41.352406, 30.043833, 0.0)
(41.363453, 30.043112, 0.0)
(41.429359, 30.015514, 0.0)
(41.640530, 31.269039, 0.0)
(41.593071, 32.047771, 0.0)
(41.556019, 32.041245, 0.0)
(41.608250, 32.042274, 0.0)
(41.599487, 32.069061, 0.0)
(41.570221, 32.088589, 0.0)
(41.598862, 32.090073, 0.0)
(41.598808, 32.081364, 0.0)
(41.605473, 32.151157, 0.0)
(41.874458, 33.446987, 0.0)
(41.834709, 33.614189, 0.0)
(41.803467, 33.602676, 0.0)
(41.808041, 33.637871, 0.0)
(41.802967, 33.686958, 0.0)
(41.815308, 33.757866, 0.0)
(41.845463, 33.764324, 0.0)
(41.304214, 34.371876, 0.0)
(41.385254, 35.933060, 0.0)
(41.474129, 36.047131, 0.0)
(41.445145, 36.039272, 0.0)
(41.403156, 36.053577, 0.0)
(41.379841, 36.011108, 0.0)
(41.371422, 36.060349, 0.0)
(41.368294, 36.070457, 0.0)
(41.371422, 36.060349, 0.0)
(41.379971, 36.058842, 0.0)
(41.374996, 36.037754, 0.0)
(41.370823, 36.033825, 0.0)
(41.585228, 36.143295, 0.0)
(41.568008, 36.147751, 0.0)
(41.570660, 36.239182, 0.0)
(41.551815, 36.269707, 0.0)
(41.551815, 36.269707, 0.0)
(41.575165, 36.304283, 0.0)
(41.553322, 36.281734, 0.0)
(41.530807, 36.265450, 0.0)
(41.480824, 36.293671, 0.0)
(41.487320, 36.288227, 0.0)
(41.536236, 36.249329, 0.0)
(41.350685, 36.466934, 0.0)
(41.344810, 36.551781, 0.0)
(41.325294, 36.555912, 0.0)
(41.323082, 36.623749, 0.0)
(41.265568, 36.648476, 0.0)
(38.890919, 36.555828, 0.0)
(38.748089, 36.805458, 0.0)
(38.821041, 36.894089, 0.0)
(38.833675, 36.913330, 0.0)
(38.821217, 36.875095, 0.0)
(39.138565, 36.530525, 0.0)
(40.111706, 35.222286, 0.0)
(40.135345, 35.139462, 0.0)
(40.113468, 35.212410, 0.0)
(40.152580, 35.224941, 0.0)
(41.410580, 34.641636, 0.0)
(41.474735, 34.321949, 0.0)
(41.476795, 34.304607, 0.0)
(41.565647, 34.134567, 0.0)
(41.573315, 33.815777, 0.0)
(41.296356, 30.723595, 0.0)
(41.082775, 29.167458, 0.0)
(41.077686, 29.336342, 0.0)
(41.068539, 29.412455, 0.0)
(41.074692, 29.404667, 0.0)
(41.082024, 29.397909, 0.0)
(41.067543, 29.457163, 0.0)
(41.091072, 29.421101, 0.0)
(41.104752, 29.377111, 0.0)
(41.086281, 29.381407, 0.0)
(41.086281, 29.381407, 0.0)
(41.056755, 29.443787, 0.0)
(41.038109, 29.500875, 0.0)
(41.119854, 29.164053, 0.0)
(40.799583, 28.284067, 0.0)
(40.728714, 28.283604, 0.0)
(40.716835, 28.337786, 0.0)
(40.736195, 28.292591, 0.0)
(40.762714, 28.230574, 0.0)
(40.750965, 28.218039, 0.0)
(40.741920, 28.258926, 0.0)
(40.759617, 28.318666, 0.0)
(40.741947, 28.353945, 0.0)
(40.735069, 28.383791, 0.0)
(40.764160, 28.337692, 0.0)
(40.741158, 28.329523, 0.0)
(40.726913, 28.327955, 0.0)
(40.726151, 28.283823, 0.0)
(40.290901, 28.033632, 0.0)
(40.259361, 27.910992, 0.0)
(40.306591, 27.912849, 0.0)
(40.282303, 27.874657, 0.0)
(40.289177, 27.886694, 0.0)
(40.333683, 27.860140, 0.0)
(40.333683, 27.860140, 0.0)
(40.355846, 27.861670, 0.0)
(40.305149, 27.823612, 0.0)
(40.361950, 27.795860, 0.0)
(40.436768, 27.790422, 0.0)
(40.511284, 27.809126, 0.0)
(40.666439, 27.821901, 0.0)
(40.643444, 27.837168, 0.0)
(40.619335, 27.846943, 0.0)
(40.032307, 28.397049, 0.0)
(40.431290, 31.155807, 0.0)
(40.655205, 33.022976, 0.0)
(40.600536, 33.418812, 0.0)
(40.595207, 33.270065, 0.0)
(40.561161, 33.229660, 0.0)
(40.535812, 33.269665, 0.0)
(40.536835, 33.290630, 0.0)
(40.534489, 33.309067, 0.0)
(40.586693, 33.318264, 0.0)
(40.607380, 33.336094, 0.0)
(40.617992, 33.428429, 0.0)
(40.967812, 34.238499, 0.0)
(41.015881, 34.457653, 0.0)
(40.972565, 34.452423, 0.0)
(40.996593, 34.437588, 0.0)
(41.040398, 34.435379, 0.0)
(41.030910, 34.410034, 0.0)
(41.365246, 35.257641, 0.0)
(41.304298, 35.451550, 0.0)
(41.305233, 35.405014, 0.0)
(41.308872, 35.435452, 0.0)
(41.280266, 35.327232, 0.0)
(41.278206, 35.294579, 0.0)
(41.247627, 35.306995, 0.0)
(41.260918, 35.307846, 0.0)
(41.263626, 35.302109, 0.0)
(41.263626, 35.302109, 0.0)
(41.280148, 35.329781, 0.0)
(41.244545, 35.344727, 0.0)
(41.234528, 35.391323, 0.0)
(41.248119, 35.403973, 0.0)
(41.289467, 35.407928, 0.0)
(41.309185, 35.396454, 0.0)
(41.095734, 35.611427, 0.0)
(40.913048, 35.848576, 0.0)
(40.878174, 35.725052, 0.0)
(40.891117, 35.690014, 0.0)
(40.899601, 35.686489, 0.0)
(40.904472, 35.711555, 0.0)
(40.936390, 35.819260, 0.0)
(40.940861, 35.824261, 0.0)
(40.926750, 35.816868, 0.0)
(40.933174, 35.816269, 0.0)
(40.646416, 35.793564, 0.0)
(40.030327, 36.072987, 0.0)
(40.031078, 36.070351, 0.0)
(40.039650, 36.090115, 0.0)
(40.039879, 36.082993, 0.0)
(40.446156, 35.852993, 0.0)
(40.457554, 35.929237, 0.0)
(40.432278, 35.948170, 0.0)
(40.433929, 35.884007, 0.0)
(40.475712, 35.807434, 0.0)
(40.474277, 35.812313, 0.0)
(40.450478, 35.768642, 0.0)
(40.516983, 35.748177, 0.0)
(40.644035, 35.571468, 0.0)
(40.770138, 33.468845, 0.0)
(40.801865, 32.579521, 0.0)
(40.896061, 32.683891, 0.0)
(40.877281, 32.766205, 0.0)
(40.818508, 32.725441, 0.0)
(40.849335, 32.679089, 0.0)
(40.919003, 32.645008, 0.0)
(40.892368, 32.580040, 0.0)
(39.738586, 30.588383, 0.0)
(39.753414, 28.221096, 0.0)
(39.832588, 27.936678, 0.0)
(39.792248, 28.060085, 0.0)
(39.761673, 28.073191, 0.0)
(39.766579, 28.091665, 0.0)
(39.827461, 28.130699, 0.0)
(39.832550, 28.100525, 0.0)
(39.837505, 28.107264, 0.0)
(40.680180, 29.150536, 0.0)
(40.643620, 29.125883, 0.0)
(40.643795, 29.044556, 0.0)
(40.649345, 29.049341, 0.0)
(40.615452, 29.037613, 0.0)
(40.589092, 29.047682, 0.0)
(40.600868, 29.041553, 0.0)
(40.581253, 29.039923, 0.0)
(40.583469, 29.048470, 0.0)
(40.606564, 29.100687, 0.0)
(40.585835, 29.108070, 0.0)
(40.580383, 29.106745, 0.0)
(40.561199, 29.104160, 0.0)
(40.549652, 29.127222, 0.0)
(40.533409, 29.139677, 0.0)
(40.533409, 29.139677, 0.0)
(40.528290, 29.140886, 0.0)
(40.502998, 29.118641, 0.0)
(40.182449, 28.356176, 0.0)
(40.174278, 28.275908, 0.0)
(40.169743, 28.373283, 0.0)
(40.137104, 28.386864, 0.0)
(40.110847, 28.400446, 0.0)
(40.137665, 28.232008, 0.0)
(40.167648, 27.924303, 0.0)
(40.115608, 27.887913, 0.0)
(40.095875, 27.906340, 0.0)
(40.091396, 27.890678, 0.0)
(40.096764, 27.858738, 0.0)
(39.714905, 27.251375, 0.0)
(39.722542, 27.198534, 0.0)
(39.711784, 27.210039, 0.0)
(39.684708, 27.211935, 0.0)
(39.695801, 27.221502, 0.0)
(39.701576, 27.224024, 0.0)
(39.680786, 27.238789, 0.0)
(39.602036, 27.203306, 0.0)
(38.775295, 26.876114, 0.0)
(39.085003, 30.361931, 0.0)
(39.497555, 30.998224, 0.0)
(39.550583, 31.419823, 0.0)
(39.531918, 31.487621, 0.0)
(39.514130, 31.515135, 0.0)
(39.499737, 31.538103, 0.0)
(39.647556, 32.339294, 0.0)
(39.948879, 33.829655, 0.0)
(40.045631, 34.689297, 0.0)
(40.066074, 34.696579, 0.0)
(40.028004, 34.637444, 0.0)
(40.008450, 34.667454, 0.0)
(40.304153, 35.482948, 0.0)
(40.243378, 36.527275, 0.0)
(40.075104, 36.603741, 0.0)
(40.023647, 36.489674, 0.0)
(39.988327, 36.494698, 0.0)
(39.983994, 36.474556, 0.0)
(39.996101, 36.491863, 0.0)
(40.006290, 36.498329, 0.0)
(40.002087, 36.492744, 0.0)
(40.051941, 36.489681, 0.0)
(40.436005, 35.270329, 0.0)
(40.370586, 34.720860, 0.0)
(40.319553, 34.771164, 0.0)
(40.320396, 34.843956, 0.0)
(40.327408, 34.887512, 0.0)
(40.325756, 34.894222, 0.0)
(39.726936, 35.363174, 0.0)
(39.748756, 35.514782, 0.0)
(39.773518, 35.505116, 0.0)
(39.769646, 35.525539, 0.0)
(39.758057, 35.537533, 0.0)
(39.762779, 35.535248, 0.0)
(39.764076, 35.542450, 0.0)
(39.759663, 35.536118, 0.0)
(39.759663, 35.536118, 0.0)
(39.775822, 35.563999, 0.0)
(39.935219, 35.753708, 0.0)
(40.079182, 35.935089, 0.0)
(40.073246, 35.971848, 0.0)
(40.052326, 35.972511, 0.0)
(40.057087, 35.974678, 0.0)
(40.072578, 35.946873, 0.0)
(40.071045, 35.991051, 0.0)
(40.036106, 36.018265, 0.0)
(40.025715, 36.021263, 0.0)
(40.030651, 36.048748, 0.0)
(40.014996, 36.024422, 0.0)
(40.041599, 36.047489, 0.0)
(40.029873, 36.047108, 0.0)
(40.019817, 36.078571, 0.0)
(39.982281, 36.081352, 0.0)
(39.986179, 36.054623, 0.0)
(39.926918, 35.966484, 0.0)
(38.874004, 35.564022, 0.0)
(38.847748, 35.537048, 0.0)
(38.880001, 35.511459, 0.0)
(38.866062, 35.493385, 0.0)
(39.201332, 34.436504, 0.0)
(39.071690, 28.623926, 0.0)
(38.932533, 27.852459, 0.0)
(38.990501, 28.001091, 0.0)
(38.978191, 28.160515, 0.0)
(38.965954, 28.269030, 0.0)
(38.981792, 28.332109, 0.0)
(38.981781, 28.387075, 0.0)
(38.999050, 28.380627, 0.0)
(39.006763, 28.356792, 0.0)
(39.018021, 28.342575, 0.0)
(39.017372, 28.372400, 0.0)
(39.012314, 28.373243, 0.0)
(39.047646, 28.311630, 0.0)
(39.056175, 28.297132, 0.0)
(39.057243, 28.290487, 0.0)
(39.062305, 28.295086, 0.0)
(39.121387, 28.243193, 0.0)
(39.170647, 28.305685, 0.0)
(39.157154, 28.311092, 0.0)
(39.079166, 28.321070, 0.0)
(39.114315, 28.277708, 0.0)
(39.195728, 28.237938, 0.0)
(39.153069, 28.243093, 0.0)
(39.097160, 28.218939, 0.0)
(39.141224, 28.302893, 0.0)
(39.157154, 28.311092, 0.0)
(39.091064, 28.315090, 0.0)
(39.127388, 28.362246, 0.0)
(39.089886, 28.341900, 0.0)
(39.095936, 28.320436, 0.0)
(39.133450, 28.334448, 0.0)
(39.091064, 28.315090, 0.0)
(39.137093, 28.345510, 0.0)
(38.825180, 28.133699, 0.0)
(38.259502, 27.370213, 0.0)
(38.234013, 27.311417, 0.0)
(38.272610, 27.415054, 0.0)
(38.256847, 27.395317, 0.0)
(38.539368, 27.360565, 0.0)
(38.659485, 27.185007, 0.0)
(38.655281, 27.178322, 0.0)
(38.603996, 27.177494, 0.0)
(38.601025, 27.177364, 0.0)
(38.601883, 27.216175, 0.0)
(38.579990, 27.222923, 0.0)
(38.555248, 27.219919, 0.0)
(38.601883, 27.216175, 0.0)
(38.285309, 26.979589, 0.0)
(38.294830, 26.971428, 0.0)
(38.278385, 26.994871, 0.0)
(38.294380, 27.016991, 0.0)
(38.292171, 27.051748, 0.0)
(37.925179, 27.561110, 0.0)
(37.822681, 29.628025, 0.0)
(38.456017, 32.195992, 0.0)
(38.516026, 33.057049, 0.0)
(38.468235, 33.085903, 0.0)
(38.437172, 33.031250, 0.0)
(38.358704, 33.035564, 0.0)
(38.338455, 33.010139, 0.0)
(38.388988, 33.007473, 0.0)
(38.481766, 33.223293, 0.0)
(38.600208, 35.097996, 0.0)
(38.561825, 35.553150, 0.0)
(38.520115, 35.501900, 0.0)
(38.516525, 35.513577, 0.0)
(38.511360, 35.507851, 0.0)
(38.500481, 35.500580, 0.0)
(38.493286, 35.560150, 0.0)
(38.508076, 35.470345, 0.0)
(38.895123, 35.523922, 0.0)
(38.806034, 35.031895, 0.0)
(38.780792, 35.020119, 0.0)
(38.786266, 35.072495, 0.0)
(38.792976, 35.069515, 0.0)
(38.792599, 35.091602, 0.0)
(38.402172, 35.209446, 0.0)
(38.402103, 35.464054, 0.0)
(38.383644, 35.503704, 0.0)
(38.314636, 35.591766, 0.0)
(38.285976, 35.640881, 0.0)
(38.381714, 35.695656, 0.0)
(38.629993, 36.392223, 0.0)
(38.626175, 36.479244, 0.0)
(38.634350, 36.390381, 0.0)
(38.644451, 36.376068, 0.0)
(38.670853, 36.382195, 0.0)
(38.648571, 36.355808, 0.0)
(38.631351, 36.354668, 0.0)
(38.656990, 36.373684, 0.0)
(38.657787, 36.363777, 0.0)
(38.671623, 36.315865, 0.0)
(38.681461, 36.328754, 0.0)
(38.657421, 36.396992, 0.0)
(38.646320, 36.428730, 0.0)
(38.655830, 36.442219, 0.0)
(38.666904, 36.443855, 0.0)
(38.641632, 36.462856, 0.0)
(38.626610, 36.454575, 0.0)
(38.654675, 36.488293, 0.0)
(38.658958, 36.482563, 0.0)
(38.625999, 36.500435, 0.0)
(38.622971, 36.504925, 0.0)
(38.599754, 36.505440, 0.0)
(38.572720, 36.582409, 0.0)
(38.482449, 36.607323, 0.0)
(38.077034, 36.464722, 0.0)
(37.182449, 35.391392, 0.0)
(37.298141, 33.261265, 0.0)
(37.748028, 28.867935, 0.0)
(37.417137, 27.880594, 0.0)
(37.393970, 27.868637, 0.0)
(37.436523, 28.052992, 0.0)
(37.437550, 28.105515, 0.0)
(37.447571, 28.121927, 0.0)
(37.458809, 28.158159, 0.0)
(37.470959, 28.191153, 0.0)
(37.478546, 28.184898, 0.0)
(37.441380, 28.166618, 0.0)
(37.467659, 28.116631, 0.0)
(37.502441, 28.111725, 0.0)
(37.490406, 28.123692, 0.0)
(37.514542, 28.129311, 0.0)
(36.980865, 28.215549, 0.0)
(36.763256, 28.342953, 0.0)
(36.750141, 28.372791, 0.0)
(36.762878, 28.357059, 0.0)
(36.762100, 28.357336, 0.0)
(36.789558, 28.338720, 0.0)
(36.790699, 28.338020, 0.0)
(36.779930, 28.335358, 0.0)
(36.766968, 28.342857, 0.0)
(36.769085, 28.384352, 0.0)
(36.759674, 28.383596, 0.0)
(36.750248, 28.373474, 0.0)
(36.791294, 28.423529, 0.0)
(36.791294, 28.423529, 0.0)
(36.737194, 28.387835, 0.0)
(36.744156, 28.408031, 0.0)
(36.744156, 28.408031, 0.0)
(36.761395, 28.452951, 0.0)
(36.749199, 28.461805, 0.0)
(37.205990, 28.513287, 0.0)
(37.228447, 28.513401, 0.0)
(37.183960, 28.513643, 0.0)
(37.198578, 28.518980, 0.0)
(37.237740, 28.512476, 0.0)
(37.273254, 28.465734, 0.0)
(37.438255, 28.360140, 0.0)
(37.107967, 27.726259, 0.0)
(37.002823, 27.096958, 0.0)
(36.980816, 26.989164, 0.0)
(36.962585, 27.074783, 0.0)
(36.962402, 27.114241, 0.0)
(36.976265, 27.161629, 0.0)
(36.942230, 27.194902, 0.0)
(36.771378, 26.899429, 0.0)
(36.714027, 26.831497, 0.0)
(36.736134, 26.841661, 0.0)
(36.755322, 26.802780, 0.0)
(36.765537, 26.804522, 0.0)
(36.781158, 26.821600, 0.0)
(36.810810, 26.840477, 0.0)
(36.779282, 26.846584, 0.0)
(36.775616, 26.866032, 0.0)
(36.793209, 26.878132, 0.0)
(36.784584, 26.896410, 0.0)
(36.767387, 26.935061, 0.0)
(36.709759, 27.007511, 0.0)
(36.703152, 29.088778, 0.0)
(36.704609, 29.599863, 0.0)
(36.685936, 29.621042, 0.0)
(36.664368, 29.566458, 0.0)
(36.678131, 29.599741, 0.0)
(36.616718, 29.618925, 0.0)
(36.589294, 29.661003, 0.0)
(36.613472, 29.721556, 0.0)
(36.600574, 29.757578, 0.0)
(36.609684, 29.785757, 0.0)
(36.626877, 29.794415, 0.0)
(36.622520, 29.837822, 0.0)
(36.630867, 29.872318, 0.0)
(36.563496, 30.052883, 0.0)
(36.555264, 32.451729, 0.0)
(36.507710, 32.529472, 0.0)
(36.479755, 32.486557, 0.0)
(36.449734, 32.516460, 0.0)
(36.437778, 32.595551, 0.0)
(36.440060, 32.630676, 0.0)
(36.394100, 32.607613, 0.0)
(37.135811, 34.769577, 0.0)
(37.008396, 35.946281, 0.0)
(36.918701, 35.912342, 0.0)
(36.910564, 35.858627, 0.0)
(36.899261, 35.883175, 0.0)
(36.892666, 35.866501, 0.0)
(36.852264, 35.911160, 0.0)
(36.857132, 35.934097, 0.0)
(36.857361, 35.944950, 0.0)
(36.872833, 35.944016, 0.0)
(36.858467, 35.982128, 0.0)
(36.847069, 35.971451, 0.0)
(36.848427, 35.994019, 0.0)
(36.840508, 36.023800, 0.0)
(36.445663, 36.117790, 0.0)
(36.400692, 36.219841, 0.0)
(36.421837, 36.233181, 0.0)
(36.406464, 36.232857, 0.0)
(36.410229, 36.230717, 0.0)
(36.408066, 36.238537, 0.0)
(36.407856, 36.279099, 0.0)
(36.393768, 36.353455, 0.0)
(36.422348, 36.316261, 0.0)
(36.392437, 36.358837, 0.0)
(36.389507, 36.403603, 0.0)
(36.379284, 36.384308, 0.0)
(36.379906, 36.402508, 0.0)
(36.378571, 36.412399, 0.0)
(36.223354, 36.461487, 0.0)
(35.431805, 36.337303, 0.0)
(35.375137, 36.325607, 0.0)
(35.400623, 36.293491, 0.0)
(35.395668, 36.264046, 0.0)
(35.379040, 36.197178, 0.0)
(35.754162, 35.563828, 0.0)
(35.848530, 33.432549, 0.0)
(35.810093, 33.348423, 0.0)
(35.795181, 33.372318, 0.0)
(35.820339, 33.351353, 0.0)
(35.792370, 33.296932, 0.0)
(35.759212, 33.305775, 0.0)
(35.782352, 33.292847, 0.0)
(35.805691, 33.266567, 0.0)
(35.785351, 33.220207, 0.0)
(35.817886, 33.198502, 0.0)
(35.772907, 33.218842, 0.0)
(35.758018, 33.145744, 0.0)
(35.753613, 33.088943, 0.0)
(35.772190, 32.985092, 0.0)
(35.792442, 32.976078, 0.0)
(35.779156, 32.902405, 0.0)
(35.752937, 32.841225, 0.0)
(35.397289, 32.266468, 0.0)
(35.436531, 31.245064, 0.0)
(35.404278, 31.184553, 0.0)
(35.381401, 31.213076, 0.0)
(35.438011, 31.172289, 0.0)
(35.402225, 31.131165, 0.0)
(35.376755, 30.860104, 0.0)
(35.265087, 28.479080, 0.0)
(35.210598, 27.544891, 0.0)
(35.193626, 27.644608, 0.0)
(35.137184, 27.723381, 0.0)
(35.138947, 27.758627, 0.0)
(35.179363, 27.817240, 0.0)
(35.170021, 27.862675, 0.0)
(35.185204, 27.888000, 0.0)
(35.185204, 27.888000, 0.0)
(35.172966, 27.883184, 0.0)
(35.167805, 27.862507, 0.0)
(35.160816, 27.855686, 0.0)
(35.166008, 27.824921, 0.0)
(35.160553, 27.845634, 0.0)
(35.166634, 27.835995, 0.0)
(35.177460, 27.809538, 0.0)
(35.182213, 27.815975, 0.0)
(35.180523, 27.857988, 0.0)
(34.764946, 27.706564, 0.0)
(34.757870, 27.696108, 0.0)
(34.776321, 27.677141, 0.0)
(34.738613, 27.689714, 0.0)
(34.758068, 27.676128, 0.0)
(34.759804, 27.663994, 0.0)
(34.773251, 27.674809, 0.0)
(34.756290, 27.677776, 0.0)
(34.726776, 27.685829, 0.0)
(33.884205, 27.736776, 0.0)
(33.825603, 27.735472, 0.0)
(33.873913, 27.767649, 0.0)
(33.863739, 27.835217, 0.0)
(33.900436, 27.923622, 0.0)
(34.511986, 28.830984, 0.0)
(34.520668, 28.911467, 0.0)
(34.489086, 28.954548, 0.0)
(34.511581, 29.037781, 0.0)
(34.463593, 29.094707, 0.0)
(34.497749, 29.205729, 0.0)
(34.493748, 29.274965, 0.0)
(34.500675, 29.352591, 0.0)
(34.515186, 29.396923, 0.0)
(34.499657, 29.581369, 0.0)
(34.421513, 31.389580, 0.0)
(34.374557, 31.513264, 0.0)
(34.388824, 31.466154, 0.0)
(34.395050, 31.516356, 0.0)
(34.377815, 31.521452, 0.0)
(34.390514, 31.540682, 0.0)
(34.402325, 31.590254, 0.0)
(34.435066, 31.612309, 0.0)
(34.452023, 31.662563, 0.0)
(34.465641, 31.722183, 0.0)
(34.449394, 31.816038, 0.0)
(34.802402, 33.031410, 0.0)
(34.798790, 33.147739, 0.0)
(34.799709, 33.142345, 0.0)
(34.728867, 33.197468, 0.0)
(34.717323, 33.266003, 0.0)
(34.746464, 33.301777, 0.0)
(34.587162, 33.681435, 0.0)
(34.522270, 34.528500, 0.0)
(34.524906, 34.637428, 0.0)
(34.562180, 34.613480, 0.0)
(34.578293, 34.633389, 0.0)
(34.657192, 34.837482, 0.0)
(35.130867, 37.032429, 0.0)
(35.062786, 37.385399, 0.0)
(35.059162, 37.300041, 0.0)
(35.023468, 37.281078, 0.0)
(35.000038, 37.260902, 0.0)
(35.006096, 37.269970, 0.0)
(34.983650, 37.309406, 0.0)
(34.988728, 37.319962, 0.0)
(34.967484, 37.366322, 0.0)
(34.967537, 37.354912, 0.0)
(34.957947, 37.403965, 0.0)
(34.945576, 37.413273, 0.0)
(34.946190, 37.418770, 0.0)
(34.953815, 37.459793, 0.0)
(34.954739, 37.458824, 0.0)
(34.947552, 37.467117, 0.0)
(34.951099, 37.471092, 0.0)
(34.957241, 37.469940, 0.0)
(34.112034, 37.353176, 0.0)
(33.182079, 37.333172, 0.0)
(33.092075, 37.304356, 0.0)
(33.139580, 37.261299, 0.0)
(33.093712, 37.252682, 0.0)
(33.073811, 37.216228, 0.0)
(33.675095, 36.545769, 0.0)
(33.720303, 36.339653, 0.0)
(33.707050, 36.262325, 0.0)
(33.674805, 36.142590, 0.0)
(33.625027, 36.137333, 0.0)
(33.642979, 35.959274, 0.0)
(33.918945, 35.175705, 0.0)
(33.888500, 34.557953, 0.0)
(33.789207, 34.296318, 0.0)
(33.770302, 34.192741, 0.0)
(33.762447, 34.000717, 0.0)
(33.747574, 34.019787, 0.0)
(33.770844, 33.905586, 0.0)
(33.481365, 32.771622, 0.0)
(33.500690, 32.310677, 0.0)
(33.522038, 32.289806, 0.0)
(33.517330, 32.214558, 0.0)
(33.500160, 32.185101, 0.0)
(33.523560, 32.100975, 0.0)
(33.509766, 32.078297, 0.0)
(33.497147, 31.988180, 0.0)
(33.484089, 31.885546, 0.0)
(33.469166, 31.852621, 0.0)
(33.354584, 31.507158, 0.0)
(33.358540, 30.262508, 0.0)
(33.309391, 30.273497, 0.0)
(33.303791, 30.299715, 0.0)
(33.306492, 30.258476, 0.0)
(33.336720, 30.200432, 0.0)
(33.332741, 30.167330, 0.0)
(33.310394, 30.150099, 0.0)
(33.304283, 30.107656, 0.0)
(33.260750, 29.104937, 0.0)
(33.211380, 28.488085, 0.0)
(33.208328, 28.466061, 0.0)
(33.207462, 28.478748, 0.0)
(33.212036, 28.474403, 0.0)
(33.217274, 28.473001, 0.0)
(33.209637, 28.484997, 0.0)
(33.209637, 28.484997, 0.0)
(33.208900, 28.447401, 0.0)
(33.191730, 28.433218, 0.0)
(32.938366, 27.796783, 0.0)
(32.889759, 27.490967, 0.0)
(32.847023, 27.509130, 0.0)
(32.808601, 27.549189, 0.0)
(32.821888, 27.532028, 0.0)
(32.816216, 27.572969, 0.0)
(32.804924, 27.594398, 0.0)
(32.802006, 27.606247, 0.0)
(32.791084, 27.602379, 0.0)
(32.531151, 27.771362, 0.0)
(31.850283, 27.866566, 0.0)
(31.779648, 27.918495, 0.0)
(31.770565, 27.963314, 0.0)
(31.762180, 28.032715, 0.0)
(31.776846, 28.197601, 0.0)
(32.038551, 29.085997, 0.0)
(32.092682, 29.247171, 0.0)
(32.104549, 29.334097, 0.0)
(32.049477, 29.455904, 0.0)
(32.044022, 29.607878, 0.0)
(32.021915, 29.749521, 0.0)
(32.009617, 29.869785, 0.0)
(32.003323, 29.991463, 0.0)
(31.938725, 30.104717, 0.0)
(31.933828, 30.211523, 0.0)
(32.010017, 31.604820, 0.0)
(32.008076, 31.679609, 0.0)
(32.042088, 31.638876, 0.0)
(32.054512, 31.667282, 0.0)
(32.071671, 31.686407, 0.0)
(32.109039, 31.746183, 0.0)
(32.111843, 31.810614, 0.0)
(32.118526, 31.878119, 0.0)
(32.327477, 32.276802, 0.0)
(32.430305, 33.006695, 0.0)
(32.400478, 33.094849, 0.0)
(32.354069, 33.110447, 0.0)
(32.341564, 33.161156, 0.0)
(32.367222, 33.201359, 0.0)
(32.406391, 33.237114, 0.0)
(32.368587, 33.297493, 0.0)
(32.333080, 34.258194, 0.0)
(32.416946, 34.763042, 0.0)
(32.465755, 34.743996, 0.0)
(32.467350, 34.782669, 0.0)
(32.423134, 34.883518, 0.0)
(32.414543, 34.973171, 0.0)
(32.410038, 35.027828, 0.0)
(32.735474, 36.442513, 0.0)
(32.795612, 37.061565, 0.0)
(32.716473, 37.030140, 0.0)
(32.695385, 37.046375, 0.0)
(32.716885, 37.034130, 0.0)
(32.738911, 37.067924, 0.0)
(32.707203, 37.103127, 0.0)
(32.703152, 37.150196, 0.0)
(32.666286, 37.171398, 0.0)
(32.642994, 37.199184, 0.0)
(32.648216, 37.212360, 0.0)
(32.635391, 37.215008, 0.0)
(32.632576, 37.248138, 0.0)
(32.613461, 37.260414, 0.0)
(32.600918, 37.270412, 0.0)
(32.595947, 37.313000, 0.0)
(32.592037, 37.309769, 0.0)
(32.602741, 37.302845, 0.0)
(31.353489, 37.044498, 0.0)
(31.198917, 37.058964, 0.0)
(31.172001, 37.032894, 0.0)
(31.141279, 36.984043, 0.0)
(31.120966, 36.935184, 0.0)
(31.096285, 36.845276, 0.0)
(31.046232, 36.721081, 0.0)
(31.073872, 36.475254, 0.0)
(31.360401, 34.428917, 0.0)
(31.313564, 34.182617, 0.0)
(31.296099, 34.115261, 0.0)
(31.266064, 34.105762, 0.0)
(31.276134, 34.040825, 0.0)
(31.282784, 34.015484, 0.0)
(31.305067, 33.997929, 0.0)
(31.270147, 33.991344, 0.0)
(31.323986, 33.888863, 0.0)
(31.327034, 33.874718, 0.0)
(31.363087, 33.793884, 0.0)
(31.400341, 33.726433, 0.0)
(31.414364, 33.648052, 0.0)
(31.379482, 33.581688, 0.0)
(31.350391, 33.462643, 0.0)
(31.361818, 33.401638, 0.0)
(31.365906, 32.862179, 0.0)
(31.313807, 32.182545, 0.0)
(31.302443, 32.067413, 0.0)
(31.306103, 32.038986, 0.0)
(31.327410, 31.991274, 0.0)
(31.340645, 31.910149, 0.0)
(31.326357, 31.868975, 0.0)
(31.353510, 31.771740, 0.0)
(31.094555, 31.207344, 0.0)
(31.142441, 30.629522, 0.0)
(31.089098, 30.561274, 0.0)
(31.110044, 30.529270, 0.0)
(31.107159, 30.469427, 0.0)
(31.082199, 30.464146, 0.0)
(31.025194, 30.043753, 0.0)
(31.051291, 29.130804, 0.0)
(31.042187, 29.072468, 0.0)
(31.025793, 29.071783, 0.0)
(31.016163, 29.058969, 0.0)
(31.016163, 29.058969, 0.0)
(31.010824, 29.048813, 0.0)
(31.020294, 29.010988, 0.0)
(31.026594, 28.983147, 0.0)
(31.052074, 28.603399, 0.0)
(31.037170, 28.534285, 0.0)
(31.037170, 28.534285, 0.0)
(31.045549, 28.550016, 0.0)
(31.046244, 28.551649, 0.0)
(30.686052, 28.257883, 0.0)
(30.654039, 28.144754, 0.0)
(30.624529, 28.167711, 0.0)
(30.616451, 28.180231, 0.0)
(30.594481, 28.208883, 0.0)
(30.431463, 28.343189, 0.0)
(29.872833, 28.294086, 0.0)
(29.757002, 28.379387, 0.0)
(29.777653, 28.442719, 0.0)
(30.148300, 29.500877, 0.0)
(30.301207, 30.818668, 0.0)
(30.293308, 30.884949, 0.0)
(30.280399, 30.874796, 0.0)
(30.235067, 30.974360, 0.0)
(30.256456, 31.017813, 0.0)
(30.215679, 31.070673, 0.0)
(30.226431, 31.135496, 0.0)
(30.230696, 31.214317, 0.0)
(30.221014, 31.271364, 0.0)
(30.224989, 31.356213, 0.0)
(30.234882, 31.440903, 0.0)
(30.229216, 31.561016, 0.0)
(30.218933, 31.634050, 0.0)
(30.238192, 31.731670, 0.0)
(30.216795, 31.780397, 0.0)
(30.180645, 31.879347, 0.0)
(30.197344, 32.031307, 0.0)
(30.191837, 32.095165, 0.0)
(30.177114, 32.187012, 0.0)
(30.206202, 33.501385, 0.0)
(30.220259, 33.670578, 0.0)
(30.216164, 33.679493, 0.0)
(30.226904, 33.680836, 0.0)
(30.246401, 33.743347, 0.0)
(30.214207, 33.846630, 0.0)
(30.204254, 33.906391, 0.0)
(30.182518, 33.950115, 0.0)
(30.194498, 34.058186, 0.0)
(30.662981, 34.775475, 0.0)
(30.625641, 35.073574, 0.0)
(30.610714, 35.093807, 0.0)
(30.615767, 35.144096, 0.0)
(30.613909, 35.156483, 0.0)
(30.594357, 35.177624, 0.0)
(30.610582, 36.558105, 0.0)
(30.630442, 36.993141, 0.0)
(30.622797, 36.953197, 0.0)
(30.587301, 36.922138, 0.0)
(30.571054, 36.935040, 0.0)
(30.501699, 36.940430, 0.0)
(30.485064, 36.932076, 0.0)
(30.490299, 36.929790, 0.0)
(30.495901, 36.936382, 0.0)
(30.487862, 36.950768, 0.0)
(30.510496, 36.937759, 0.0)
(30.498165, 36.949421, 0.0)
(30.460648, 36.955753, 0.0)
(30.440342, 36.903667, 0.0)
(30.449781, 36.916855, 0.0)
(30.433537, 36.896217, 0.0)
(29.841299, 36.266197, 0.0)
(29.731876, 35.551445, 0.0)
(29.685923, 35.481319, 0.0)
(29.653091, 35.481319, 0.0)
(29.644747, 35.472527, 0.0)
(29.646235, 35.485092, 0.0)
(28.861013, 35.282204, 0.0)
(28.799965, 35.269657, 0.0)
(28.807314, 35.237907, 0.0)
(28.779964, 35.232105, 0.0)
(28.783247, 35.280811, 0.0)
(28.782698, 35.279556, 0.0)
(29.101675, 35.190262, 0.0)
(29.633507, 35.244511, 0.0)
(29.634212, 35.161896, 0.0)
(29.589741, 35.114418, 0.0)
(29.614864, 35.024616, 0.0)
(29.531122, 34.951256, 0.0)
(29.604527, 34.847729, 0.0)
(29.598667, 34.770763, 0.0)
(29.567997, 34.722355, 0.0)
(29.551739, 34.608883, 0.0)
(29.489677, 34.521702, 0.0)
(29.491434, 33.928574, 0.0)
(29.483637, 32.707348, 0.0)
(29.436531, 32.627670, 0.0)
(29.388979, 32.612534, 0.0)
(29.408255, 32.598690, 0.0)
(29.361301, 32.517365, 0.0)
(29.141424, 31.931318, 0.0)
(29.193863, 30.314089, 0.0)
(29.076803, 30.148140, 0.0)
(29.027596, 30.176857, 0.0)
(29.041679, 30.163023, 0.0)
(29.085487, 30.115520, 0.0)
(29.085487, 30.115520, 0.0)
(29.022905, 30.144880, 0.0)
(28.980286, 30.119987, 0.0)
(29.018702, 30.044176, 0.0)
(29.038040, 30.056566, 0.0)
(29.012497, 30.055758, 0.0)
(29.004814, 30.060814, 0.0)
(29.030645, 30.038609, 0.0)
(29.022902, 30.021421, 0.0)
(29.010159, 29.986776, 0.0)
(29.010029, 29.949770, 0.0)
(28.993422, 29.914059, 0.0)
(28.892887, 29.652977, 0.0)
(28.801859, 28.537548, 0.0)
(28.768097, 28.484968, 0.0)
(28.728270, 28.552691, 0.0)
(28.710751, 28.580614, 0.0)
(28.738504, 28.568533, 0.0)
(28.734684, 28.573278, 0.0)
(28.725967, 28.588083, 0.0)
(28.712072, 28.600224, 0.0)
(28.694359, 28.583220, 0.0)
(28.616608, 28.616842, 0.0)
(28.126591, 29.028028, 0.0)
(27.956148, 29.253263, 0.0)
(27.865669, 29.344072, 0.0)
(27.822531, 29.405539, 0.0)
(27.807455, 29.511765, 0.0)
(27.803324, 29.598713, 0.0)
(28.443573, 31.882374, 0.0)
(28.755735, 32.556210, 0.0)
(28.702240, 32.536739, 0.0)
(28.635651, 32.546665, 0.0)
(28.628260, 32.600891, 0.0)
(28.684698, 32.683613, 0.0)
(28.622019, 32.725998, 0.0)
(27.996178, 32.301876, 0.0)
(28.029081, 32.201118, 0.0)
(28.080505, 32.254028, 0.0)
(28.061708, 32.322773, 0.0)
(28.093966, 32.384716, 0.0)
(28.112305, 32.439011, 0.0)
(28.086535, 32.547817, 0.0)
(28.065432, 32.611141, 0.0)
(28.060909, 32.646778, 0.0)
(28.074226, 32.669628, 0.0)
(28.079020, 32.686527, 0.0)
(28.095098, 32.716942, 0.0)
(28.318954, 32.923477, 0.0)
(28.482868, 33.343399, 0.0)
(28.486296, 33.420349, 0.0)
(28.460443, 33.476433, 0.0)
(28.483749, 33.558334, 0.0)
(28.467865, 33.987587, 0.0)
(28.796816, 35.291416, 0.0)
(28.772636, 35.556416, 0.0)
(28.758060, 35.535843, 0.0)
(28.710079, 35.598721, 0.0)
(28.699707, 35.608315, 0.0)
(28.695995, 35.639736, 0.0)
(28.682852, 35.693798, 0.0)
(28.284136, 36.161243, 0.0)
(28.257431, 36.522640, 0.0)
(28.242086, 36.607677, 0.0)
(28.202253, 36.649853, 0.0)
(28.198656, 36.694004, 0.0)
(28.250998, 36.651546, 0.0)
(28.205847, 36.698349, 0.0)
(28.192493, 36.681370, 0.0)
(28.199785, 36.659725, 0.0)
(28.019276, 36.634029, 0.0)
(27.475758, 36.828632, 0.0)
(27.411150, 36.821339, 0.0)
(27.430542, 36.827793, 0.0)
(27.407574, 36.882732, 0.0)
(27.387211, 36.886894, 0.0)
(27.975431, 36.602409, 0.0)
(28.099709, 36.544300, 0.0)
(28.099388, 36.501686, 0.0)
(28.087358, 36.508015, 0.0)
(28.065924, 36.550797, 0.0)
(28.057255, 36.519588, 0.0)
(28.051535, 36.479492, 0.0)
(27.965179, 36.476738, 0.0)
(27.494686, 36.558807, 0.0)
(27.507208, 36.539513, 0.0)
(27.526426, 36.485199, 0.0)
(27.510115, 36.417309, 0.0)
(27.462450, 36.369949, 0.0)
(27.966402, 35.942787, 0.0)
(28.066740, 35.672077, 0.0)
(28.078314, 35.590073, 0.0)
(28.039333, 35.543243, 0.0)
(28.002731, 35.374924, 0.0)
(27.993023, 35.264088, 0.0)
(27.690914, 35.129601, 0.0)
(27.617920, 34.982834, 0.0)
(27.621593, 34.857197, 0.0)
(27.543478, 34.782269, 0.0)
(27.537573, 34.693798, 0.0)
(27.547779, 34.633896, 0.0)
(27.591457, 34.570030, 0.0)
(27.181385, 33.059395, 0.0)
(27.154156, 32.047642, 0.0)
(27.122229, 31.989458, 0.0)
(27.084997, 31.991974, 0.0)
(27.114611, 31.935278, 0.0)
(27.099903, 31.901430, 0.0)
(27.084696, 31.859421, 0.0)
(27.070286, 31.836277, 0.0)
(27.080111, 31.823771, 0.0)
(27.077452, 31.773836, 0.0)
(27.061703, 31.714920, 0.0)
(27.054569, 31.678759, 0.0)
(27.061188, 31.635759, 0.0)
(27.075558, 31.574726, 0.0)
(27.135870, 31.503365, 0.0)
(27.164442, 31.473759, 0.0)
(27.120773, 31.152077, 0.0)
(27.128813, 30.171509, 0.0)
(27.100397, 30.037575, 0.0)
(27.117363, 30.021631, 0.0)
(27.088133, 29.984867, 0.0)
(27.129656, 29.913580, 0.0)
(27.141827, 29.890272, 0.0)
(26.915710, 29.901552, 0.0)
(26.867275, 29.756670, 0.0)
(26.879362, 29.709057, 0.0)
(26.884993, 29.697424, 0.0)
(26.881281, 29.702368, 0.0)
(26.843006, 29.731909, 0.0)
(26.832853, 29.718784, 0.0)
(26.846628, 29.676466, 0.0)
(26.837093, 29.663483, 0.0)
(26.837921, 29.672382, 0.0)
(26.828112, 29.673954, 0.0)
(26.817987, 29.682186, 0.0)
(26.741423, 29.785671, 0.0)
(26.009459, 30.470694, 0.0)
(25.939455, 30.501432, 0.0)
(25.933100, 30.492811, 0.0)
(25.919123, 30.554415, 0.0)
(26.532169, 31.531315, 0.0)
(26.773886, 32.793213, 0.0)
(26.734823, 32.932281, 0.0)
(26.699286, 32.964958, 0.0)
(26.640572, 33.017017, 0.0)
(26.640530, 32.993088, 0.0)
(26.669193, 33.034386, 0.0)
(26.647749, 33.098370, 0.0)
(26.604401, 33.118881, 0.0)
(26.647711, 33.183372, 0.0)
(26.671183, 33.207775, 0.0)
(26.674406, 33.235481, 0.0)
(26.680361, 33.266857, 0.0)
(26.678930, 33.304344, 0.0)
(26.675766, 33.336494, 0.0)
(26.688456, 33.363274, 0.0)
(26.711765, 33.419415, 0.0)
(26.712378, 33.449337, 0.0)
(26.650188, 33.625996, 0.0)
(26.908909, 35.030239, 0.0)
(26.975286, 35.581245, 0.0)
(26.944904, 35.620644, 0.0)
(26.970816, 35.636772, 0.0)
(26.978071, 35.629025, 0.0)
(26.942501, 35.637993, 0.0)
(26.889374, 35.593544, 0.0)
(27.009415, 35.591236, 0.0)
(26.997204, 35.597023, 0.0)
(26.939692, 35.642269, 0.0)
(26.930647, 35.641048, 0.0)
(26.981987, 35.666775, 0.0)
(26.950945, 35.682545, 0.0)
(26.960018, 35.684631, 0.0)
(26.931252, 35.695904, 0.0)
(27.287241, 36.778938, 0.0)
(27.326572, 37.531223, 0.0)
(27.299118, 37.567551, 0.0)
(27.281549, 37.574162, 0.0)
(27.259699, 37.585571, 0.0)
(27.272213, 37.609325, 0.0)
(27.277491, 37.602837, 0.0)
(27.277491, 37.602837, 0.0)
(27.271654, 37.615047, 0.0)
(27.279568, 37.563370, 0.0)
(27.274368, 37.631672, 0.0)
(27.250374, 37.630947, 0.0)
(27.246170, 37.613647, 0.0)
(27.233627, 37.613911, 0.0)
(27.256914, 37.653965, 0.0)
(27.214798, 37.738338, 0.0)
(27.219709, 37.699593, 0.0)
(27.225502, 37.680325, 0.0)
(27.207241, 37.683483, 0.0)
(26.519909, 37.783878, 0.0)
(26.434557, 37.800156, 0.0)
(26.420902, 37.798893, 0.0)
(26.355280, 37.796997, 0.0)
(26.336813, 37.770996, 0.0)
(26.354860, 37.711361, 0.0)
(26.303331, 37.604397, 0.0)
(26.590952, 36.527592, 0.0)
(26.490795, 33.769707, 0.0)
(26.201370, 32.610439, 0.0)
(26.073078, 32.542034, 0.0)
(26.094978, 32.592892, 0.0)
(26.102798, 32.611298, 0.0)
(26.084066, 32.608330, 0.0)
(26.064581, 32.638725, 0.0)
(26.058615, 32.605667, 0.0)
(26.033243, 32.542084, 0.0)
(25.820684, 32.874325, 0.0)
(25.813118, 32.837460, 0.0)
(25.778172, 32.828953, 0.0)
(25.831175, 32.809090, 0.0)
(25.887999, 32.724697, 0.0)
(25.847359, 32.713428, 0.0)
(25.825106, 32.742027, 0.0)
(25.833412, 32.699623, 0.0)
(25.829201, 32.656574, 0.0)
(25.839935, 32.628391, 0.0)
(25.832428, 32.631050, 0.0)
(25.816364, 32.601654, 0.0)
(25.815676, 32.576492, 0.0)
(25.819658, 32.518559, 0.0)
(25.824951, 32.438038, 0.0)
(25.847971, 32.383121, 0.0)
(25.937696, 32.280807, 0.0)
(25.921143, 32.165604, 0.0)
(25.875864, 31.674654, 0.0)
(25.895573, 31.012346, 0.0)
(25.862803, 30.881027, 0.0)
(25.875107, 30.841362, 0.0)
(25.904345, 30.793592, 0.0)
(25.828480, 30.565393, 0.0)
(25.910671, 29.766617, 0.0)
(25.903463, 29.712557, 0.0)
(25.874262, 29.731606, 0.0)
(25.882151, 29.733181, 0.0)
(25.907776, 29.669405, 0.0)
(25.865843, 29.689381, 0.0)
(25.870766, 29.725433, 0.0)
(25.858728, 29.758570, 0.0)
(25.842552, 29.768137, 0.0)
(25.847036, 29.776987, 0.0)
(25.826878, 29.802490, 0.0)
(25.804255, 29.863699, 0.0)
(25.826878, 29.802490, 0.0)
(25.816185, 29.835384, 0.0)
(25.801542, 29.853846, 0.0)
(25.122402, 30.523077, 0.0)
(24.973364, 30.607975, 0.0)
(25.011408, 30.563183, 0.0)
(25.156069, 30.734407, 0.0)
(25.684227, 32.046154, 0.0)
(25.876171, 33.401016, 0.0)
(25.857323, 34.322559, 0.0)
(25.854279, 34.439781, 0.0)
(25.730238, 34.469101, 0.0)
(25.695490, 34.519184, 0.0)
(25.673040, 34.541065, 0.0)
(25.670231, 34.560253, 0.0)
(25.522667, 34.615551, 0.0)
(25.323038, 34.146801, 0.0)
(25.393728, 32.915493, 0.0)
(25.359537, 32.800514, 0.0)
(25.328270, 32.932087, 0.0)
(25.318464, 33.041016, 0.0)
(25.316692, 33.076595, 0.0)
(25.264336, 33.605049, 0.0)
(25.631310, 35.603863, 0.0)
(25.672686, 35.824600, 0.0)
(25.636124, 35.822502, 0.0)
(25.565260, 35.854687, 0.0)
(25.534561, 35.932255, 0.0)
(25.478907, 35.964455, 0.0)
(25.440817, 35.971657, 0.0)
(25.443041, 36.009369, 0.0)
(25.441025, 36.017273, 0.0)
(25.445423, 36.044174, 0.0)
(25.456074, 36.078323, 0.0)
(25.442142, 36.143845, 0.0)
(25.437748, 36.192787, 0.0)
(25.427649, 36.234158, 0.0)
(25.445675, 36.240417, 0.0)
(25.415188, 36.308224, 0.0)
(25.395802, 36.400002, 0.0)
(25.393076, 36.382622, 0.0)
(25.423111, 36.340958, 0.0)
(25.422573, 36.394062, 0.0)
(25.407679, 36.422707, 0.0)
(25.397829, 36.422672, 0.0)
(25.426256, 36.425934, 0.0)
(25.449871, 36.470558, 0.0)
(25.866095, 37.364811, 0.0)
(25.915102, 37.800159, 0.0)
(25.898218, 37.813751, 0.0)
(25.892584, 37.790096, 0.0)
(25.896706, 37.815136, 0.0)
(25.918982, 37.815262, 0.0)
(25.900511, 37.844006, 0.0)
(25.918743, 37.872818, 0.0)
(26.027538, 38.332458, 0.0)
(26.082048, 38.515602, 0.0)
(26.056635, 38.502937, 0.0)
(26.056635, 38.502937, 0.0)
(26.074280, 38.502686, 0.0)
(26.060453, 38.490971, 0.0)
(26.077269, 38.476864, 0.0)
(26.067739, 38.500412, 0.0)
(26.082748, 38.478168, 0.0)
(26.096460, 38.477406, 0.0)
(26.111692, 38.461658, 0.0)
(26.772732, 37.762638, 0.0)
(29.611460, 34.953846, 0.0)
(33.704376, 30.483517, 0.0)
(33.694489, 29.864298, 0.0)
(33.736652, 29.848585, 0.0)
(33.804462, 29.940443, 0.0)
(33.803169, 29.983656, 0.0)
(33.801872, 29.963396, 0.0)
(33.837948, 31.568579, 0.0)
(34.100361, 33.540245, 0.0)
(33.537273, 32.299286, 0.0)
(33.491680, 31.986946, 0.0)
(33.487595, 32.012779, 0.0)
