(34.661694, 23.750868, 0.0)
(34.799778, 25.098785, 0.0)
(34.916786, 24.369894, 0.0)
(34.896637, 23.446486, 0.0)
(34.963730, 23.497190, 0.0)
(35.031311, 23.496475, 0.0)
(35.078403, 23.488434, 0.0)
(35.133648, 23.552855, 0.0)
(35.124599, 23.564135, 0.0)
(35.143810, 23.555435, 0.0)
(35.160233, 23.573416, 0.0)
(35.152370, 23.595078, 0.0)
(35.164944, 23.623856, 0.0)
(35.176102, 23.626488, 0.0)
(35.183838, 23.626150, 0.0)
(35.183315, 23.639118, 0.0)
(35.230213, 23.679626, 0.0)
(35.198956, 23.736286, 0.0)
(35.180954, 23.744415, 0.0)
(34.968342, 23.735088, 0.0)
(34.960011, 23.764103, 0.0)
(34.964931, 23.724735, 0.0)
(34.976131, 23.703075, 0.0)
(34.980732, 23.695814, 0.0)
(34.951340, 23.719120, 0.0)
(34.961506, 23.741438, 0.0)
(34.969154, 23.762508, 0.0)
(34.977634, 23.770372, 0.0)
(34.994923, 23.784496, 0.0)
(34.990063, 23.781063, 0.0)
(34.982933, 23.801594, 0.0)
(34.961723, 23.810289, 0.0)
(34.974094, 23.799606, 0.0)
(34.937283, 23.821356, 0.0)
(34.910099, 23.844664, 0.0)
(34.910221, 23.834743, 0.0)
(34.930538, 23.852762, 0.0)
(34.956406, 23.893137, 0.0)
(34.952591, 23.869375, 0.0)
(34.951542, 23.814890, 0.0)
(34.923409, 23.854546, 0.0)
(34.910980, 23.933577, 0.0)
(34.901714, 23.993626, 0.0)
(34.859028, 24.012901, 0.0)
(34.842159, 23.979683, 0.0)
(34.834103, 23.984898, 0.0)
(34.849335, 23.998631, 0.0)
(34.823349, 24.006905, 0.0)
(34.818592, 24.003626, 0.0)
(34.792130, 24.060244, 0.0)
(34.774357, 24.063101, 0.0)
(34.769402, 24.043455, 0.0)
(34.778065, 24.047327, 0.0)
(34.784279, 24.049599, 0.0)
(34.667347, 24.057087, 0.0)
(34.635082, 24.085176, 0.0)
(34.631165, 24.082518, 0.0)
(34.634663, 24.123077, 0.0)
(34.623764, 24.159348, 0.0)
(34.587383, 24.177124, 0.0)
(34.565094, 24.150023, 0.0)
(34.601959, 24.137493, 0.0)
(34.677013, 24.177294, 0.0)
(34.684040, 24.164103, 0.0)
(34.660713, 24.163895, 0.0)
(34.723423, 24.190449, 0.0)
(34.877304, 24.190311, 0.0)
(34.885380, 24.202450, 0.0)
(34.907650, 24.213907, 0.0)
(34.915047, 24.191605, 0.0)
(34.909557, 24.221973, 0.0)
(34.922607, 24.233210, 0.0)
(34.880779, 24.250647, 0.0)
(34.875202, 24.276714, 0.0)
(34.881626, 24.291964, 0.0)
(34.874840, 24.282316, 0.0)
(34.868214, 24.294550, 0.0)
(34.870464, 24.279636, 0.0)
(34.872478, 24.273811, 0.0)
(34.856762, 24.289968, 0.0)
(34.853470, 24.311029, 0.0)
(34.843071, 24.307470, 0.0)
(34.848118, 24.306494, 0.0)
(34.834175, 24.348288, 0.0)
(34.812233, 24.382532, 0.0)
(34.774052, 24.389389, 0.0)
(34.768276, 24.433098, 0.0)
(34.746258, 24.471794, 0.0)
(34.675079, 24.499773, 0.0)
(34.647896, 24.510727, 0.0)
(34.671612, 24.527889, 0.0)
(34.685394, 24.516949, 0.0)
(34.694332, 24.504972, 0.0)
(34.726192, 24.451065, 0.0)
(34.760353, 24.466562, 0.0)
(34.778229, 24.458706, 0.0)
(34.785706, 24.445591, 0.0)
(34.780846, 24.425200, 0.0)
(34.779343, 24.432655, 0.0)
(34.774067, 24.448277, 0.0)
(34.739689, 24.472559, 0.0)
(34.710102, 24.482368, 0.0)
(34.723537, 24.483835, 0.0)
(34.733227, 24.470463, 0.0)
(34.720879, 24.465466, 0.0)
(34.714371, 24.496286, 0.0)
(34.706650, 24.496584, 0.0)
(34.672676, 24.514471, 0.0)
(34.656563, 24.540445, 0.0)
(34.646187, 24.540462, 0.0)
(34.640823, 24.581558, 0.0)
(34.609802, 24.582806, 0.0)
(34.611156, 24.592794, 0.0)
(34.605629, 24.609791, 0.0)
(34.578888, 24.625711, 0.0)
(34.560677, 24.599209, 0.0)
(34.557182, 24.603266, 0.0)
(34.543377, 24.612778, 0.0)
(34.509460, 24.621597, 0.0)
(34.506332, 24.641350, 0.0)
(34.499882, 24.681871, 0.0)
(34.523643, 24.685369, 0.0)
(34.491947, 24.739532, 0.0)
(34.509567, 24.751020, 0.0)
(34.525311, 24.743519, 0.0)
(34.524521, 24.756577, 0.0)
(34.534653, 24.750874, 0.0)
(34.536629, 24.739016, 0.0)
(34.549519, 24.722301, 0.0)
(34.577229, 24.770576, 0.0)
(34.542774, 24.797260, 0.0)
(34.498222, 24.785154, 0.0)
(34.525116, 24.832935, 0.0)
(34.462723, 24.816029, 0.0)
(34.527393, 24.685715, 0.0)
(34.562950, 24.661327, 0.0)
(34.583332, 24.641720, 0.0)
(34.601868, 24.603914, 0.0)
(34.634483, 24.600281, 0.0)
(34.635242, 24.607826, 0.0)
(34.626175, 24.609438, 0.0)
(34.634579, 24.707064, 0.0)
(34.681923, 25.209295, 0.0)
(34.656658, 25.320503, 0.0)
(34.616291, 25.315804, 0.0)
(34.563507, 25.309168, 0.0)
(34.578083, 25.295393, 0.0)
(34.608601, 25.284159, 0.0)
(34.597404, 25.274088, 0.0)
(34.601406, 25.263172, 0.0)
(34.668884, 24.950949, 0.0)
(34.644630, 24.943220, 0.0)
(34.663605, 24.962921, 0.0)
(34.664867, 24.913273, 0.0)
(34.662754, 24.869835, 0.0)
(34.676704, 24.890448, 0.0)
(34.674210, 24.931950, 0.0)
(34.657135, 24.942575, 0.0)
(34.651699, 24.932442, 0.0)
(34.640518, 24.894815, 0.0)
(34.648762, 24.874119, 0.0)
(34.495922, 24.823887, 0.0)
(34.265743, 24.415638, 0.0)
(34.370804, 25.593462, 0.0)
(34.361824, 24.724447, 0.0)
(34.380661, 24.398840, 0.0)
(34.438587, 24.473665, 0.0)
(34.442997, 24.472654, 0.0)
(34.391880, 24.469246, 0.0)
(34.567841, 25.527157, 0.0)
(34.520157, 24.754772, 0.0)
(34.547173, 24.681713, 0.0)
(34.599213, 24.764578, 0.0)
(34.616844, 24.759687, 0.0)
(34.657841, 24.818626, 0.0)
(34.654163, 24.871691, 0.0)
(34.637093, 24.880529, 0.0)
(34.622929, 24.879080, 0.0)
(34.634865, 24.864132, 0.0)
(34.631916, 24.853184, 0.0)
(34.594551, 24.838827, 0.0)
(34.644821, 24.818005, 0.0)
(34.636524, 24.817366, 0.0)
(34.658264, 24.798918, 0.0)
(34.680901, 24.807781, 0.0)
(34.678905, 24.841917, 0.0)
(34.674900, 24.855919, 0.0)
(34.672688, 24.844070, 0.0)
(34.626877, 24.836256, 0.0)
(34.605545, 24.854410, 0.0)
(34.633602, 24.836016, 0.0)
(34.617954, 24.820255, 0.0)
(34.610538, 24.773561, 0.0)
(34.616779, 24.749315, 0.0)
(34.578304, 24.769665, 0.0)
(34.552879, 24.775320, 0.0)
(35.310074, 25.196808, 0.0)
(37.435204, 25.471188, 0.0)
(37.432262, 25.416027, 0.0)
(37.405102, 25.453211, 0.0)
(37.363007, 25.528334, 0.0)
(37.321033, 25.523153, 0.0)
(37.326252, 25.505190, 0.0)
(37.317120, 25.464668, 0.0)
(38.382969, 25.961823, 0.0)
(40.357864, 26.292856, 0.0)
(40.319046, 26.352190, 0.0)
(40.226494, 26.369148, 0.0)
(35.888344, 26.300344, 0.0)
(35.031166, 26.207235, 0.0)
(34.925529, 26.217899, 0.0)
(34.938534, 26.199734, 0.0)
(34.820419, 26.199928, 0.0)
(31.424444, 26.947466, 0.0)
(30.827856, 27.160732, 0.0)
(30.705122, 27.193012, 0.0)
(29.778753, 27.740437, 0.0)
(26.759529, 28.836161, 0.0)
(26.630945, 28.904823, 0.0)
(26.560453, 28.962519, 0.0)
(26.467167, 29.001198, 0.0)
(26.433681, 28.991373, 0.0)
(26.489676, 28.934046, 0.0)
(30.975834, 23.437525, 0.0)
(36.375462, 20.287729, 0.0)
(40.403912, 20.219065, 0.0)
(41.627014, 20.579170, 0.0)
(41.794846, 20.567911, 0.0)
(41.800922, 20.535484, 0.0)
(43.054356, 20.045435, 0.0)
(43.408127, 19.955944, 0.0)
(43.412643, 19.921288, 0.0)
(43.351921, 19.903885, 0.0)
(43.220711, 19.786448, 0.0)
(43.514202, 19.759321, 0.0)
(43.522083, 19.752054, 0.0)
(43.490124, 19.741003, 0.0)
(43.412182, 19.651855, 0.0)
(43.391880, 19.620546, 0.0)
(43.331367, 19.553350, 0.0)
(43.298935, 19.510437, 0.0)
(43.295353, 19.497211, 0.0)
(43.289894, 19.493935, 0.0)
(43.279396, 19.501034, 0.0)
(43.255592, 19.523247, 0.0)
(43.250847, 19.527210, 0.0)
(43.233696, 19.522892, 0.0)
(42.763432, 19.500660, 0.0)
(42.722851, 19.496389, 0.0)
(42.764980, 19.469168, 0.0)
(42.784828, 19.429499, 0.0)
(42.789673, 19.427576, 0.0)
(42.768131, 19.406788, 0.0)
(42.758911, 19.408844, 0.0)
(42.762218, 19.409777, 0.0)
(42.754436, 19.390408, 0.0)
(42.747643, 19.383827, 0.0)
(42.749569, 19.376451, 0.0)
(42.701061, 19.375059, 0.0)
(40.446678, 20.073721, 0.0)
(37.517910, 21.987970, 0.0)
(34.146214, 24.038095, 0.0)
(31.309561, 26.262516, 0.0)
(29.385721, 28.337465, 0.0)
(28.867128, 29.209034, 0.0)
(28.716303, 29.345055, 0.0)
(28.652651, 29.374916, 0.0)
(28.521248, 29.385340, 0.0)
(27.579918, 31.268766, 0.0)
(26.046270, 32.535633, 0.0)
(25.967596, 32.648426, 0.0)
(25.909286, 32.609146, 0.0)
(25.416260, 33.056854, 0.0)
(24.403847, 33.859230, 0.0)
(24.307600, 33.946655, 0.0)
(24.290590, 33.961246, 0.0)
(24.284576, 34.031624, 0.0)
(24.289917, 34.097599, 0.0)
(24.236816, 34.194717, 0.0)
(24.203226, 34.200176, 0.0)
(24.216597, 34.198219, 0.0)
(24.220478, 34.204006, 0.0)
(24.219034, 34.200443, 0.0)
(24.216667, 34.174488, 0.0)
(24.225418, 34.180679, 0.0)
(24.233454, 34.193619, 0.0)
(24.235346, 34.202682, 0.0)
(24.646784, 33.156017, 0.0)
(24.676390, 32.992905, 0.0)
(24.647818, 33.067585, 0.0)
(24.600565, 33.109070, 0.0)
(24.588232, 33.137955, 0.0)
(24.591059, 33.134762, 0.0)
(24.580301, 33.145836, 0.0)
(24.569189, 33.174389, 0.0)
(24.561106, 33.205635, 0.0)
(24.562656, 33.227512, 0.0)
(24.378578, 31.287878, 0.0)
(23.313663, 25.459536, 0.0)
(22.770933, 23.330442, 0.0)
(22.639902, 23.383423, 0.0)
(22.573334, 23.451054, 0.0)
(22.481266, 23.540144, 0.0)
(22.125380, 23.035028, 0.0)
(21.966244, 22.525862, 0.0)
(21.936356, 22.473846, 0.0)
(21.900875, 22.480629, 0.0)
(21.850012, 22.458801, 0.0)
(21.801426, 22.445572, 0.0)
(21.554035, 22.666533, 0.0)
(21.383238, 22.788567, 0.0)
(21.331339, 22.808929, 0.0)
(21.280436, 22.827223, 0.0)
(21.217575, 22.793163, 0.0)
(21.176504, 22.812639, 0.0)
(21.147371, 22.833838, 0.0)
(21.135109, 22.832077, 0.0)
(21.126717, 22.852163, 0.0)
(21.114988, 22.900862, 0.0)
(21.782459, 22.438734, 0.0)
(21.805674, 22.404154, 0.0)
(21.802792, 22.391775, 0.0)
(21.807880, 22.390081, 0.0)
(21.813765, 22.390564, 0.0)
(21.836620, 22.397251, 0.0)
(21.822870, 22.431030, 0.0)
(21.835817, 22.447073, 0.0)
(21.834044, 22.472927, 0.0)
(21.847141, 22.513929, 0.0)
(21.817564, 22.555437, 0.0)
(21.815054, 22.549585, 0.0)
(25.569284, 22.057474, 0.0)
(31.472677, 22.536863, 0.0)
(33.424580, 23.419395, 0.0)
(34.195457, 25.422115, 0.0)
(34.270897, 24.772631, 0.0)
(34.324509, 24.541166, 0.0)
(34.390228, 24.650549, 0.0)
(34.483212, 24.633312, 0.0)
(34.581203, 24.597015, 0.0)
(34.670868, 24.633846, 0.0)
(34.705322, 24.671085, 0.0)
(34.706337, 24.647188, 0.0)
(34.708878, 24.681068, 0.0)
(34.739841, 24.655245, 0.0)
(34.766373, 24.647457, 0.0)
(34.781952, 24.659531, 0.0)
(34.784603, 24.664305, 0.0)
(34.797287, 24.664860, 0.0)
(34.766163, 24.707108, 0.0)
(34.779282, 24.722778, 0.0)
(34.764561, 24.719675, 0.0)
(34.759888, 24.739344, 0.0)
(34.770546, 24.751976, 0.0)
(34.756771, 24.778730, 0.0)
(34.747097, 24.794212, 0.0)
(34.745411, 24.776011, 0.0)
(34.708500, 24.797098, 0.0)
(34.697083, 24.842449, 0.0)
(34.670097, 24.836418, 0.0)
(34.697395, 24.836658, 0.0)
(34.694675, 24.852634, 0.0)
(34.668659, 24.836245, 0.0)
(34.689606, 24.825357, 0.0)
(34.669174, 24.839243, 0.0)
(34.636978, 24.856768, 0.0)
(34.637993, 24.862955, 0.0)
(34.603249, 24.857544, 0.0)
(34.582394, 24.850273, 0.0)
(34.580788, 24.852909, 0.0)
(34.486664, 24.860897, 0.0)
(32.735138, 26.352169, 0.0)
(28.391426, 28.982903, 0.0)
(25.385349, 31.477955, 0.0)
(24.133684, 32.860325, 0.0)
(24.034416, 33.073887, 0.0)
(23.986261, 33.083027, 0.0)
(23.912054, 33.155640, 0.0)
(25.769281, 33.419506, 0.0)
(26.690615, 33.213188, 0.0)
(26.760443, 33.232655, 0.0)
(26.688147, 33.307484, 0.0)
(26.639513, 33.344856, 0.0)
(27.978104, 32.904480, 0.0)
(28.030603, 32.900837, 0.0)
(28.010426, 32.927319, 0.0)
(28.008917, 32.955254, 0.0)
(29.068897, 32.892403, 0.0)
(32.060081, 32.255909, 0.0)
(32.243473, 32.318100, 0.0)
(32.391979, 32.290646, 0.0)
(35.292259, 31.553354, 0.0)
(35.440350, 31.614313, 0.0)
(35.469841, 31.679638, 0.0)
(35.528316, 31.709845, 0.0)
(37.161114, 31.681219, 0.0)
(38.893375, 31.547693, 0.0)
(39.025524, 31.635853, 0.0)
(39.013187, 31.702036, 0.0)
(39.032337, 31.728123, 0.0)
(39.094402, 31.754406, 0.0)
(39.170517, 31.765009, 0.0)
(40.387550, 31.644070, 0.0)
(41.060841, 31.295828, 0.0)
(41.101162, 31.292322, 0.0)
(41.161617, 31.279213, 0.0)
(41.183495, 31.314615, 0.0)
(41.211372, 31.361755, 0.0)
(42.618916, 31.505964, 0.0)
(42.894798, 31.545778, 0.0)
(42.916737, 31.555710, 0.0)
(42.951202, 31.600279, 0.0)
(42.971481, 31.591742, 0.0)
(43.014111, 31.534225, 0.0)
(43.057484, 31.506823, 0.0)
(43.065937, 31.480509, 0.0)
(43.071533, 31.495541, 0.0)
(43.077408, 31.502115, 0.0)
(43.065437, 31.498878, 0.0)
(43.130276, 31.483685, 0.0)
(43.094666, 31.446445, 0.0)
(43.921642, 30.467165, 0.0)
(44.078541, 30.422461, 0.0)
(44.057812, 30.431032, 0.0)
(44.078888, 30.379017, 0.0)
(44.097023, 30.352097, 0.0)
(44.121483, 30.317080, 0.0)
(44.134167, 30.275517, 0.0)
(44.139843, 30.253580, 0.0)
(43.195145, 30.711931, 0.0)
(43.111935, 30.739283, 0.0)
(41.978104, 30.949673, 0.0)
(41.036587, 30.987871, 0.0)
(40.758259, 30.924717, 0.0)
(40.457207, 31.005375, 0.0)
(40.238716, 30.967010, 0.0)
(38.201023, 30.891472, 0.0)
(38.062145, 30.969284, 0.0)
(37.938122, 30.995888, 0.0)
(37.711365, 30.985725, 0.0)
(36.320385, 31.284992, 0.0)
(36.232758, 31.382490, 0.0)
(36.093925, 31.418037, 0.0)
(35.963383, 31.437063, 0.0)
(35.841381, 31.498661, 0.0)
(35.717388, 31.565800, 0.0)
(34.669003, 31.888168, 0.0)
(34.499138, 31.934767, 0.0)
(34.415615, 31.950668, 0.0)
(32.523556, 32.043304, 0.0)
(32.032398, 32.038315, 0.0)
(31.829411, 32.120686, 0.0)
(30.980320, 32.424427, 0.0)
(29.608047, 32.543472, 0.0)
(29.392555, 32.607533, 0.0)
(29.279078, 32.642014, 0.0)
(29.123186, 32.665070, 0.0)
(29.021284, 32.668697, 0.0)
(28.891897, 32.697262, 0.0)
(28.776073, 32.729527, 0.0)
(26.891701, 32.975624, 0.0)
(26.066998, 32.820171, 0.0)
(25.954042, 32.848026, 0.0)
(25.855482, 32.890228, 0.0)
(25.762957, 32.860180, 0.0)
(25.742788, 32.830811, 0.0)
(24.661243, 33.334988, 0.0)
(24.114807, 33.309544, 0.0)
(24.111250, 33.263657, 0.0)
(24.086433, 33.251785, 0.0)
(24.059973, 33.317623, 0.0)
(24.324335, 33.326546, 0.0)
(24.344015, 33.355228, 0.0)
(24.314226, 33.323360, 0.0)
(24.346758, 33.312332, 0.0)
(24.348484, 33.338024, 0.0)
(24.367699, 33.300526, 0.0)
(24.410656, 33.234116, 0.0)
(24.495661, 33.195065, 0.0)
(26.156666, 32.380505, 0.0)
(27.187126, 31.964407, 0.0)
(27.400789, 31.890343, 0.0)
(27.612644, 31.821564, 0.0)
(27.842659, 31.760414, 0.0)
(28.053318, 31.721926, 0.0)
(27.623114, 31.840090, 0.0)
(27.785942, 31.835814, 0.0)
(28.052759, 31.767097, 0.0)
(28.304367, 31.761839, 0.0)
(29.260351, 31.486128, 0.0)
(30.399570, 31.185835, 0.0)
(30.699444, 31.150957, 0.0)
(30.991484, 31.124722, 0.0)
(31.284761, 31.086151, 0.0)
(32.290298, 31.007929, 0.0)
(33.619503, 30.786581, 0.0)
(33.913628, 30.778488, 0.0)
(34.096020, 30.824688, 0.0)
(34.217148, 30.799685, 0.0)
(34.303669, 30.741079, 0.0)
(37.145111, 30.352003, 0.0)
(37.679283, 30.276806, 0.0)
(37.793262, 30.322491, 0.0)
(38.445808, 30.510044, 0.0)
(39.618637, 30.402227, 0.0)
(39.834312, 30.407841, 0.0)
(39.910652, 30.427080, 0.0)
(40.014290, 30.451366, 0.0)
(40.337296, 30.441065, 0.0)
(42.570267, 29.677158, 0.0)
(42.657257, 29.733467, 0.0)
(42.653709, 29.808735, 0.0)
(42.672161, 29.811625, 0.0)
(42.692154, 29.853527, 0.0)
(42.712849, 29.854925, 0.0)
(44.183582, 29.838079, 0.0)
(44.491547, 29.902424, 0.0)
(44.562157, 29.987509, 0.0)
(44.535252, 29.919434, 0.0)
(44.564941, 29.862680, 0.0)
(44.618450, 29.867701, 0.0)
(44.661575, 29.846767, 0.0)
(44.678844, 29.797552, 0.0)
(44.719387, 29.797514, 0.0)
(44.744194, 29.819988, 0.0)
(44.787823, 29.836254, 0.0)
(44.786678, 29.810989, 0.0)
(44.780483, 29.759871, 0.0)
(44.816055, 29.751175, 0.0)
(44.894802, 29.479998, 0.0)
(44.806889, 29.339865, 0.0)
(44.660938, 29.282862, 0.0)
(44.136314, 29.336622, 0.0)
(43.358273, 29.472012, 0.0)
(43.163006, 29.442461, 0.0)
(43.036079, 29.412485, 0.0)
(42.863388, 29.380333, 0.0)
(41.885933, 29.542175, 0.0)
(41.407688, 29.715349, 0.0)
(41.133343, 29.838995, 0.0)
(40.852291, 29.924414, 0.0)
(39.386375, 30.006241, 0.0)
(38.922424, 30.115103, 0.0)
(38.719425, 30.131075, 0.0)
(38.534889, 30.095661, 0.0)
(38.400688, 30.063913, 0.0)
(37.792183, 30.126373, 0.0)
(36.622505, 30.075909, 0.0)
(36.393749, 30.134527, 0.0)
(36.206966, 30.202742, 0.0)
(35.816444, 30.316877, 0.0)
(34.285881, 30.235495, 0.0)
(34.100849, 30.276033, 0.0)
(33.396778, 30.510818, 0.0)
(32.445160, 30.565218, 0.0)
(32.211834, 30.589333, 0.0)
(32.009418, 30.633204, 0.0)
(31.845383, 30.665787, 0.0)
(31.706282, 30.687590, 0.0)
(29.833326, 31.114334, 0.0)
(29.591059, 31.198135, 0.0)
(29.451534, 31.192095, 0.0)
(29.284525, 31.227240, 0.0)
(29.207647, 31.260841, 0.0)
(26.789188, 31.647093, 0.0)
(25.495026, 31.664974, 0.0)
(25.346436, 31.804749, 0.0)
(25.245733, 31.815140, 0.0)
(25.206600, 31.802589, 0.0)
(25.126225, 31.810728, 0.0)
(24.920933, 31.926361, 0.0)
(23.771666, 32.536720, 0.0)
(23.687628, 32.634193, 0.0)
(23.657314, 32.655006, 0.0)
(23.662504, 32.678398, 0.0)
(23.592260, 32.674400, 0.0)
(23.563835, 32.694740, 0.0)
(23.573540, 32.740810, 0.0)
(23.548227, 32.766682, 0.0)
(23.560959, 32.727570, 0.0)
(23.475571, 32.249191, 0.0)
(23.405663, 31.820433, 0.0)
(23.439016, 31.769709, 0.0)
(23.510426, 31.728580, 0.0)
(23.635183, 31.659002, 0.0)
(24.422413, 31.348921, 0.0)
(26.809185, 30.339899, 0.0)
(27.052511, 30.335148, 0.0)
(27.331589, 30.268982, 0.0)
(27.537798, 30.207167, 0.0)
(27.815329, 30.188595, 0.0)
(28.012581, 30.132444, 0.0)
(28.277128, 30.102505, 0.0)
(28.538273, 30.001741, 0.0)
(28.820631, 29.964312, 0.0)
(29.089943, 29.970324, 0.0)
(29.320311, 29.974131, 0.0)
(29.633812, 29.941856, 0.0)
(31.269693, 29.602444, 0.0)
(31.586889, 29.606611, 0.0)
(31.826618, 29.542196, 0.0)
(32.056679, 29.531397, 0.0)
(32.465321, 29.510374, 0.0)
(33.869045, 29.097853, 0.0)
(34.161171, 29.106878, 0.0)
(34.312008, 29.095734, 0.0)
(36.780846, 28.539795, 0.0)
(37.064655, 28.549118, 0.0)
(37.137363, 28.579397, 0.0)
(37.195843, 28.610567, 0.0)
(38.817955, 28.604149, 0.0)
(41.899899, 28.458548, 0.0)
(42.038315, 28.459909, 0.0)
(42.053425, 28.443926, 0.0)
(42.097652, 28.437412, 0.0)
(42.136375, 28.453915, 0.0)
(42.183590, 28.484619, 0.0)
(44.347103, 28.634676, 0.0)
(44.563160, 28.728117, 0.0)
(44.559814, 28.734114, 0.0)
(44.585335, 28.725677, 0.0)
(44.589985, 28.673811, 0.0)
(44.597229, 28.656191, 0.0)
(44.631817, 28.700722, 0.0)
(44.685730, 28.737288, 0.0)
(44.683361, 28.764000, 0.0)
(44.715115, 28.748415, 0.0)
(44.832726, 28.823858, 0.0)
(44.872444, 28.829317, 0.0)
(44.892227, 28.841410, 0.0)
(44.933395, 28.838236, 0.0)
(45.168423, 28.742279, 0.0)
(45.184139, 28.717222, 0.0)
(45.183083, 28.712971, 0.0)
(45.124985, 28.637630, 0.0)
(44.824318, 28.557796, 0.0)
(43.699020, 28.149679, 0.0)
(43.606300, 28.203955, 0.0)
(43.454185, 28.167393, 0.0)
(43.302475, 28.135296, 0.0)
(41.870651, 28.161169, 0.0)
(41.059013, 28.113714, 0.0)
(40.838230, 28.138758, 0.0)
(40.619030, 28.109877, 0.0)
(40.399311, 28.137653, 0.0)
(40.160130, 28.119081, 0.0)
(38.045498, 28.114492, 0.0)
(37.838306, 28.172840, 0.0)
(37.597477, 28.215561, 0.0)
(37.352982, 28.264187, 0.0)
(37.158875, 28.304853, 0.0)
(36.312450, 28.483166, 0.0)
(34.920803, 28.515471, 0.0)
(34.728115, 28.517090, 0.0)
(34.584137, 28.514563, 0.0)
(34.438099, 28.525881, 0.0)
(34.286331, 28.502439, 0.0)
(33.021133, 28.799278, 0.0)
(32.345703, 28.732182, 0.0)
(32.113125, 28.785551, 0.0)
(31.933025, 28.825743, 0.0)
(31.732767, 28.821604, 0.0)
(31.186159, 28.992912, 0.0)
(28.809650, 29.083399, 0.0)
(28.566298, 29.180555, 0.0)
(28.374826, 29.207954, 0.0)
(28.231590, 29.265318, 0.0)
(28.116096, 29.278650, 0.0)
(28.013103, 29.302818, 0.0)
(27.875719, 29.353304, 0.0)
(27.757391, 29.360945, 0.0)
(25.825840, 30.011461, 0.0)
(25.045643, 30.126652, 0.0)
(24.846924, 30.176613, 0.0)
(24.738176, 30.236816, 0.0)
(24.692419, 30.287668, 0.0)
(24.392006, 30.609663, 0.0)
(23.189346, 30.977808, 0.0)
(23.162640, 30.982382, 0.0)
(23.161312, 30.965342, 0.0)
(23.167723, 30.961966, 0.0)
(23.216101, 30.953381, 0.0)
(23.195351, 30.939461, 0.0)
(23.204737, 30.923712, 0.0)
(23.247040, 30.875305, 0.0)
(23.275084, 30.885015, 0.0)
(23.314606, 30.856501, 0.0)
(23.600782, 29.980789, 0.0)
(23.716946, 29.909111, 0.0)
(23.815529, 29.889502, 0.0)
(24.019331, 29.815712, 0.0)
(24.168005, 29.726303, 0.0)
(24.365467, 29.622526, 0.0)
(24.595436, 29.668560, 0.0)
(25.403923, 29.381832, 0.0)
(26.083044, 29.243109, 0.0)
(26.284544, 29.254236, 0.0)
(26.505699, 29.207684, 0.0)
(26.687010, 29.154491, 0.0)
(28.402281, 28.692612, 0.0)
(28.755733, 28.688034, 0.0)
(28.915617, 28.647646, 0.0)
(29.108345, 28.630690, 0.0)
(29.310301, 28.650509, 0.0)
(31.588625, 28.069275, 0.0)
(32.135395, 27.977270, 0.0)
(32.331417, 27.976088, 0.0)
(32.485577, 28.017105, 0.0)
(32.691139, 28.005013, 0.0)
(35.382359, 27.585426, 0.0)
(35.793003, 27.505228, 0.0)
(36.009727, 27.530508, 0.0)
(36.228874, 27.517523, 0.0)
(36.491104, 27.531340, 0.0)
(36.733131, 27.553194, 0.0)
(36.908680, 27.561571, 0.0)
(37.150536, 27.588034, 0.0)
(39.477955, 27.354399, 0.0)
(39.648857, 27.362356, 0.0)
(39.780521, 27.343670, 0.0)
(39.871220, 27.425070, 0.0)
(40.231422, 27.578955, 0.0)
(43.248997, 27.578146, 0.0)
(43.809097, 27.753054, 0.0)
(43.835636, 27.804674, 0.0)
(43.893845, 27.801132, 0.0)
(43.921120, 27.756969, 0.0)
(43.923382, 27.743469, 0.0)
(44.007816, 27.754637, 0.0)
(44.080151, 27.749092, 0.0)
(44.098812, 27.752131, 0.0)
(44.155937, 27.783146, 0.0)
(44.223579, 27.751804, 0.0)
(44.611015, 27.837435, 0.0)
(44.644600, 27.810061, 0.0)
(44.648476, 27.804344, 0.0)
(44.695595, 27.772718, 0.0)
(44.696766, 27.727898, 0.0)
(44.681767, 27.722687, 0.0)
(44.685356, 27.714531, 0.0)
(44.586334, 27.215553, 0.0)
(44.516605, 27.108715, 0.0)
(44.462364, 27.087246, 0.0)
(44.344868, 27.011433, 0.0)
(42.795601, 26.762295, 0.0)
(42.695347, 26.823217, 0.0)
(42.530106, 26.790392, 0.0)
(42.270916, 26.813967, 0.0)
(42.099571, 26.815821, 0.0)
(41.864677, 26.848253, 0.0)
(40.676125, 26.696587, 0.0)
(40.439732, 26.743361, 0.0)
(40.298801, 26.733353, 0.0)
(40.130764, 26.723934, 0.0)
(39.978027, 26.718912, 0.0)
(39.053566, 26.860693, 0.0)
(38.531647, 26.783167, 0.0)
(38.406643, 26.785185, 0.0)
(38.196136, 26.761383, 0.0)
(35.947155, 26.806925, 0.0)
(35.791496, 26.816088, 0.0)
(35.613892, 26.837984, 0.0)
(35.457451, 26.913263, 0.0)
(33.951927, 26.953093, 0.0)
(33.543159, 26.880930, 0.0)
(33.469326, 26.836403, 0.0)
(33.376713, 26.816639, 0.0)
(32.863136, 26.962610, 0.0)
(31.389990, 27.036272, 0.0)
(31.154417, 27.138620, 0.0)
(31.022406, 27.212385, 0.0)
(29.910246, 27.584091, 0.0)
(28.019691, 27.803261, 0.0)
(27.821459, 27.937180, 0.0)
(27.651569, 28.001554, 0.0)
(27.471596, 28.050583, 0.0)
(25.001410, 29.133770, 0.0)
(24.173273, 29.207638, 0.0)
(24.125879, 29.271671, 0.0)
(24.084015, 29.381874, 0.0)
(24.028152, 29.378731, 0.0)
(23.943703, 29.365593, 0.0)
(23.913010, 29.380716, 0.0)
(23.253183, 29.520603, 0.0)
(23.115728, 29.456810, 0.0)
(23.129892, 29.487709, 0.0)
(23.137388, 29.516264, 0.0)
(23.134628, 29.552963, 0.0)
(23.145016, 29.577534, 0.0)
(23.142035, 29.581558, 0.0)
(23.145296, 29.624386, 0.0)
(23.159334, 29.599712, 0.0)
(23.232862, 29.510490, 0.0)
(23.293104, 29.430309, 0.0)
(23.378738, 29.357300, 0.0)
(24.339161, 28.444361, 0.0)
(24.636007, 28.162472, 0.0)
(24.859041, 28.096140, 0.0)
(25.102417, 27.997618, 0.0)
(25.374374, 27.969231, 0.0)
(25.600250, 27.863022, 0.0)
(25.810593, 27.772535, 0.0)
(26.961958, 27.533274, 0.0)
(27.413713, 27.453056, 0.0)
(27.649778, 27.404182, 0.0)
(27.907398, 27.369198, 0.0)
(28.155558, 27.303938, 0.0)
(29.574127, 26.798233, 0.0)
(30.264009, 26.667177, 0.0)
(30.547720, 26.627350, 0.0)
(30.734747, 26.602594, 0.0)
(30.938934, 26.611763, 0.0)
(32.631725, 26.267159, 0.0)
(33.208149, 26.202381, 0.0)
(33.390545, 26.202038, 0.0)
(33.600311, 26.182051, 0.0)
(34.194653, 26.136461, 0.0)
(36.950897, 25.808285, 0.0)
(37.221836, 25.767069, 0.0)
(37.416416, 25.766684, 0.0)
(37.570698, 25.763882, 0.0)
(37.749847, 25.764320, 0.0)
(38.530941, 25.931011, 0.0)
(39.999287, 25.771332, 0.0)
(40.168926, 25.766949, 0.0)
(40.298481, 25.773834, 0.0)
(40.431496, 25.801594, 0.0)
(40.530727, 25.866499, 0.0)
(40.641312, 25.905104, 0.0)
(42.223095, 26.065895, 0.0)
(44.371845, 26.414980, 0.0)
(44.440174, 26.447653, 0.0)
(44.432621, 26.410732, 0.0)
(44.447098, 26.349489, 0.0)
(44.478046, 26.351027, 0.0)
(44.507854, 26.372484, 0.0)
(44.552731, 26.359129, 0.0)
(44.608406, 26.345522, 0.0)
(44.646046, 26.354374, 0.0)
(44.693016, 26.343578, 0.0)
(44.707825, 26.320879, 0.0)
(44.701153, 26.313456, 0.0)
(44.673473, 26.326677, 0.0)
(44.644535, 26.284939, 0.0)
(44.632946, 26.244320, 0.0)
(44.589787, 26.172920, 0.0)
(44.562519, 26.142986, 0.0)
(44.487835, 26.158672, 0.0)
(44.392071, 26.176825, 0.0)
(44.303909, 26.160364, 0.0)
(43.538181, 25.796587, 0.0)
(43.204731, 25.621944, 0.0)
(43.125599, 25.560577, 0.0)
(43.078197, 25.564238, 0.0)
(41.976425, 25.267166, 0.0)
(41.832935, 25.295238, 0.0)
(41.708313, 25.310383, 0.0)
(41.363377, 25.348536, 0.0)
(40.206509, 25.238443, 0.0)
(39.966755, 25.321533, 0.0)
(39.796295, 25.286512, 0.0)
(38.700321, 25.310843, 0.0)
(38.130283, 25.367569, 0.0)
(37.896065, 25.360518, 0.0)
(37.659531, 25.414749, 0.0)
(36.175419, 25.323296, 0.0)
(35.833786, 25.354002, 0.0)
(35.655651, 25.426189, 0.0)
(35.459042, 25.439058, 0.0)
(35.219135, 25.476015, 0.0)
(33.331707, 25.452934, 0.0)
(33.209690, 25.488033, 0.0)
(33.109070, 25.517757, 0.0)
(32.526714, 25.665421, 0.0)
(29.668747, 25.901424, 0.0)
(29.387922, 26.036470, 0.0)
(29.226658, 26.068624, 0.0)
(29.079597, 26.124653, 0.0)
(28.895803, 26.137062, 0.0)
(28.279579, 26.369528, 0.0)
(24.966139, 27.232534, 0.0)
(24.589293, 27.330894, 0.0)
(24.521986, 27.383854, 0.0)
(24.452444, 27.387863, 0.0)
(24.419283, 27.414118, 0.0)
(24.398327, 27.448992, 0.0)
(24.377512, 27.447069, 0.0)
(24.350742, 27.404499, 0.0)
(24.202801, 27.537014, 0.0)
(23.740284, 27.809853, 0.0)
(23.721170, 27.818838, 0.0)
(23.711489, 27.829268, 0.0)
(23.707338, 27.817272, 0.0)
(23.701416, 27.804243, 0.0)
(23.703568, 27.820053, 0.0)
(23.724533, 27.793777, 0.0)
(23.803867, 27.660690, 0.0)
(23.889317, 27.583254, 0.0)
(24.001818, 27.540638, 0.0)
(24.156145, 27.431463, 0.0)
(25.160303, 26.769014, 0.0)
(25.524885, 26.405088, 0.0)
(25.880903, 26.255980, 0.0)
(26.171909, 26.144650, 0.0)
(26.516939, 26.053696, 0.0)
(26.868601, 25.943981, 0.0)
(27.201948, 25.866718, 0.0)
(27.478432, 25.770382, 0.0)
(27.785234, 25.679504, 0.0)
(28.076071, 25.604126, 0.0)
(28.334040, 25.507023, 0.0)
(28.601938, 25.459137, 0.0)
(28.806074, 25.448317, 0.0)
(29.068321, 25.422012, 0.0)
(29.258984, 25.389605, 0.0)
(29.497959, 25.341717, 0.0)
(30.971006, 24.768299, 0.0)
(31.300531, 24.754753, 0.0)
(31.440243, 24.697826, 0.0)
(31.635334, 24.625917, 0.0)
(31.839046, 24.576990, 0.0)
(33.136456, 24.367889, 0.0)
(34.595310, 24.137705, 0.0)
(34.868206, 24.103683, 0.0)
(35.047966, 24.135809, 0.0)
(35.244877, 24.143669, 0.0)
(35.549961, 24.195122, 0.0)
(37.114140, 24.125301, 0.0)
(37.382961, 24.091858, 0.0)
(37.522331, 24.095640, 0.0)
(37.627419, 24.140898, 0.0)
(39.082142, 24.235594, 0.0)
(39.802837, 24.174919, 0.0)
(40.013988, 24.235327, 0.0)
(41.172153, 24.366060, 0.0)
(41.711430, 24.405220, 0.0)
(41.816681, 24.428772, 0.0)
(41.921978, 24.507149, 0.0)
(43.125137, 24.571945, 0.0)
(43.281738, 24.639112, 0.0)
(43.355358, 24.636387, 0.0)
(43.422054, 24.641113, 0.0)
(44.227188, 24.679041, 0.0)
(44.732212, 24.694361, 0.0)
(44.760113, 24.692118, 0.0)
(44.791172, 24.704336, 0.0)
(44.796387, 24.739311, 0.0)
(44.781075, 24.774527, 0.0)
(44.720093, 24.693310, 0.0)
(44.743050, 24.665358, 0.0)
(44.747395, 24.669636, 0.0)
(44.731926, 24.597130, 0.0)
(44.682453, 24.550444, 0.0)
(44.582470, 24.543169, 0.0)
(44.477253, 24.508865, 0.0)
(42.917202, 24.022783, 0.0)
(42.718746, 24.059351, 0.0)
(42.579258, 24.007505, 0.0)
(42.386753, 23.980253, 0.0)
(42.201710, 24.018953, 0.0)
(41.500885, 23.938580, 0.0)
(40.747730, 23.807066, 0.0)
(40.540134, 23.770411, 0.0)
(40.329231, 23.760288, 0.0)
(40.061924, 23.727562, 0.0)
(38.963791, 23.596497, 0.0)
(38.443882, 23.502470, 0.0)
(38.217205, 23.501392, 0.0)
(37.970695, 23.487869, 0.0)
(37.777664, 23.494251, 0.0)
(36.652214, 23.577454, 0.0)
(36.007862, 23.716135, 0.0)
(35.734486, 23.707083, 0.0)
(35.545025, 23.653351, 0.0)
(35.318626, 23.649078, 0.0)
(33.760406, 23.666731, 0.0)
(33.512524, 23.703739, 0.0)
(33.351902, 23.711208, 0.0)
(33.140411, 23.749388, 0.0)
(31.299753, 24.121548, 0.0)
(30.962029, 24.250698, 0.0)
(30.769764, 24.282555, 0.0)
(30.556368, 24.347752, 0.0)
(29.223486, 24.832830, 0.0)
(28.118252, 25.123724, 0.0)
(27.951641, 25.177191, 0.0)
(27.825212, 25.195646, 0.0)
(27.692518, 25.238276, 0.0)
(27.540409, 25.283258, 0.0)
(26.932426, 25.543242, 0.0)
(26.484814, 25.585142, 0.0)
(26.385799, 25.599390, 0.0)
(26.068260, 25.797256, 0.0)
(24.646784, 26.199549, 0.0)
(24.532532, 26.281523, 0.0)
(24.472328, 26.283094, 0.0)
(24.436192, 26.273933, 0.0)
(24.394770, 26.292494, 0.0)
(24.368681, 26.263897, 0.0)
(24.371784, 26.249481, 0.0)
(24.380743, 26.197433, 0.0)
(24.428280, 26.183668, 0.0)
(24.504353, 26.117210, 0.0)
(24.569010, 26.015867, 0.0)
(24.652817, 25.979496, 0.0)
(24.399782, 25.873323, 0.0)
(24.318464, 25.479710, 0.0)
(24.527405, 25.342566, 0.0)
(24.725142, 25.265982, 0.0)
(24.996843, 25.186033, 0.0)
(25.205309, 25.126627, 0.0)
(25.407429, 25.024591, 0.0)
(25.655115, 24.992737, 0.0)
(25.908054, 24.910059, 0.0)
(27.423925, 24.260288, 0.0)
(27.759653, 24.141911, 0.0)
(27.986811, 24.028170, 0.0)
(28.235525, 23.927641, 0.0)
(28.482592, 23.829048, 0.0)
(30.344509, 23.446377, 0.0)
(30.773788, 23.331245, 0.0)
(31.020456, 23.305605, 0.0)
(31.276402, 23.230907, 0.0)
(31.531351, 23.194536, 0.0)
(33.170765, 22.909937, 0.0)
(33.589321, 22.916016, 0.0)
(33.812019, 22.898495, 0.0)
(34.101826, 22.895811, 0.0)
(35.326797, 22.822073, 0.0)
(36.142117, 22.755074, 0.0)
(36.403206, 22.689619, 0.0)
(36.634411, 22.706491, 0.0)
(36.864346, 22.675528, 0.0)
(37.108456, 22.637037, 0.0)
(38.967010, 22.601377, 0.0)
(39.350529, 22.621124, 0.0)
(39.550625, 22.623148, 0.0)
(41.628353, 22.821573, 0.0)
(41.925903, 22.875763, 0.0)
(42.031982, 22.889032, 0.0)
(42.122673, 22.958319, 0.0)
(42.184830, 23.026274, 0.0)
(42.257488, 23.060266, 0.0)
(42.363159, 23.047171, 0.0)
(44.042973, 23.286503, 0.0)
(44.309330, 23.321463, 0.0)
(44.341248, 23.310289, 0.0)
(44.347717, 23.283571, 0.0)
(44.332039, 23.305094, 0.0)
(44.323883, 23.372656, 0.0)
(44.880775, 23.642136, 0.0)
(44.966045, 23.753845, 0.0)
(44.917255, 23.750824, 0.0)
(44.887463, 23.701303, 0.0)
(44.891533, 23.669029, 0.0)
(44.858231, 23.664412, 0.0)
(44.811649, 23.653198, 0.0)
(44.778980, 23.591888, 0.0)
(44.766155, 23.580477, 0.0)
(44.127533, 23.273508, 0.0)
(43.534081, 22.883265, 0.0)
(43.412624, 22.880062, 0.0)
(43.188248, 22.837250, 0.0)
(42.854103, 22.751015, 0.0)
(42.009151, 22.578913, 0.0)
(41.127281, 22.445412, 0.0)
(40.810680, 22.455334, 0.0)
(40.549511, 22.440989, 0.0)
(40.238941, 22.408625, 0.0)
(39.883213, 22.377302, 0.0)
(38.558582, 22.138552, 0.0)
(38.250790, 22.169611, 0.0)
(37.984741, 22.139738, 0.0)
(37.720860, 22.116518, 0.0)
(37.485538, 22.104115, 0.0)
(37.288174, 22.121124, 0.0)
(35.999359, 22.055666, 0.0)
(35.178566, 21.881104, 0.0)
(34.937611, 21.861835, 0.0)
(34.692993, 21.893272, 0.0)
(33.611740, 22.175798, 0.0)
(32.785526, 22.207592, 0.0)
(32.506935, 22.262066, 0.0)
(32.253899, 22.290129, 0.0)
(31.307241, 22.558353, 0.0)
(28.011620, 23.279150, 0.0)
(27.382917, 23.421846, 0.0)
(27.270117, 23.509085, 0.0)
(27.053135, 23.563309, 0.0)
(26.806482, 23.679829, 0.0)
(24.496593, 24.386490, 0.0)
(24.314734, 24.481451, 0.0)
(24.271326, 24.540825, 0.0)
(24.177311, 24.609062, 0.0)
(24.141912, 24.612995, 0.0)
(24.148363, 24.629414, 0.0)
(24.116661, 24.635622, 0.0)
(24.056732, 24.648176, 0.0)
(24.051088, 24.654520, 0.0)
(24.010704, 24.686438, 0.0)
(22.869091, 25.081598, 0.0)
(22.732517, 25.107006, 0.0)
(22.708920, 25.127016, 0.0)
(22.705246, 25.132792, 0.0)
(22.704857, 25.121521, 0.0)
(22.705246, 25.114626, 0.0)
(22.702225, 25.090675, 0.0)
(22.705072, 25.097715, 0.0)
(22.745506, 25.073524, 0.0)
(22.801325, 25.047075, 0.0)
(22.845224, 25.036806, 0.0)
(22.910673, 25.003105, 0.0)
(24.236576, 24.232618, 0.0)
(26.478107, 23.196852, 0.0)
(27.374594, 22.805897, 0.0)
(28.336315, 22.335911, 0.0)
(28.704439, 22.263783, 0.0)
(29.003906, 22.133610, 0.0)
(29.271822, 22.082632, 0.0)
(28.124762, 22.505524, 0.0)
(28.303816, 22.396923, 0.0)
(28.746296, 22.313917, 0.0)
(29.073069, 22.245697, 0.0)
(29.366177, 22.235559, 0.0)
(29.637686, 22.152220, 0.0)
(29.870438, 22.130814, 0.0)
(30.130877, 22.087477, 0.0)
(30.414396, 22.041088, 0.0)
(30.636652, 21.996920, 0.0)
(31.446665, 21.882959, 0.0)
(32.513733, 21.476460, 0.0)
(32.805996, 21.505289, 0.0)
(34.275639, 21.172396, 0.0)
(34.680588, 21.145658, 0.0)
(34.936462, 21.133781, 0.0)
(35.171070, 21.118118, 0.0)
(35.353130, 21.100399, 0.0)
(36.184605, 21.090471, 0.0)
(37.511433, 20.983444, 0.0)
(37.739223, 20.947611, 0.0)
(37.943104, 20.963118, 0.0)
(38.166508, 20.962225, 0.0)
(39.220085, 21.029753, 0.0)
(39.926174, 21.121458, 0.0)
(40.024776, 21.152678, 0.0)
(40.136562, 21.197018, 0.0)
(41.256573, 21.520193, 0.0)
(42.764164, 21.825926, 0.0)
(42.892952, 21.871691, 0.0)
(42.915836, 21.893892, 0.0)
(42.928673, 21.912809, 0.0)
(42.972023, 21.915678, 0.0)
(43.958794, 22.178617, 0.0)
(44.305630, 22.333693, 0.0)
(44.302345, 22.331642, 0.0)
(44.302811, 22.322432, 0.0)
(44.301636, 22.311798, 0.0)
(44.294930, 22.295713, 0.0)
(44.298485, 22.260534, 0.0)
(44.284161, 22.250769, 0.0)
(44.252907, 22.267035, 0.0)
(44.231609, 22.249840, 0.0)
(44.215679, 22.231642, 0.0)
(44.144333, 22.231167, 0.0)
(44.061211, 22.181009, 0.0)
(43.979900, 22.154936, 0.0)
(43.661579, 22.080931, 0.0)
(41.651180, 21.292755, 0.0)
(41.529243, 21.270109, 0.0)
(41.426044, 21.210913, 0.0)
(41.205013, 21.111969, 0.0)
(40.976768, 21.062256, 0.0)
(39.112442, 20.694679, 0.0)
(38.861042, 20.754145, 0.0)
(38.688652, 20.775173, 0.0)
(38.392941, 20.734547, 0.0)
(38.183750, 20.722507, 0.0)
(37.990887, 20.697304, 0.0)
(37.753330, 20.716105, 0.0)
(37.501347, 20.710949, 0.0)
(37.333664, 20.710785, 0.0)
(37.181366, 20.701515, 0.0)
(37.058010, 20.689814, 0.0)
(36.921070, 20.635412, 0.0)
(35.941048, 20.612097, 0.0)
(35.498459, 20.585541, 0.0)
(35.363350, 20.588877, 0.0)
(35.236736, 20.605541, 0.0)
(35.105217, 20.633766, 0.0)
(32.722385, 20.852556, 0.0)
(32.407982, 20.915907, 0.0)
(32.273491, 20.972393, 0.0)
(32.113743, 20.982821, 0.0)
(30.788666, 21.354548, 0.0)
(29.821074, 21.535604, 0.0)
(29.601068, 21.617437, 0.0)
(29.073053, 21.860023, 0.0)
(26.911783, 22.535345, 0.0)
(26.726492, 22.637827, 0.0)
(26.532637, 22.674673, 0.0)
(26.394875, 22.721676, 0.0)
(26.253759, 22.793560, 0.0)
(25.828146, 23.040655, 0.0)
(23.568151, 23.836563, 0.0)
(23.363062, 23.931528, 0.0)
(23.290211, 23.980898, 0.0)
(23.253019, 24.050360, 0.0)
(23.198881, 24.090591, 0.0)
(23.163769, 24.116301, 0.0)
(22.565306, 24.538961, 0.0)
(22.253744, 24.742729, 0.0)
(22.248524, 24.753098, 0.0)
(22.271345, 24.720440, 0.0)
(22.278267, 24.723282, 0.0)
(22.292105, 24.692822, 0.0)
(22.306263, 24.674734, 0.0)
(22.323107, 24.683643, 0.0)
(22.438440, 24.566320, 0.0)
(23.871614, 23.330956, 0.0)
(24.057533, 23.230398, 0.0)
(24.165121, 23.156937, 0.0)
(24.362581, 23.012722, 0.0)
(24.658846, 22.873301, 0.0)
(25.866741, 22.239660, 0.0)
(26.483751, 21.960752, 0.0)
(26.812140, 21.825642, 0.0)
(27.113750, 21.733002, 0.0)
(27.379059, 21.689339, 0.0)
(27.633324, 21.602015, 0.0)
(29.138857, 20.968100, 0.0)
(29.959976, 20.682203, 0.0)
(30.231613, 20.645142, 0.0)
(30.455662, 20.590780, 0.0)
(30.686357, 20.534597, 0.0)
(30.965055, 20.461624, 0.0)
(33.740074, 19.842213, 0.0)
(34.130909, 19.783607, 0.0)
(34.330563, 19.767059, 0.0)
(34.501659, 19.715809, 0.0)
(34.661846, 19.663782, 0.0)
(34.825844, 19.645658, 0.0)
(35.223270, 19.409632, 0.0)
(35.483082, 19.380987, 0.0)
(36.549423, 19.386124, 0.0)
(36.827908, 19.435741, 0.0)
(37.004238, 19.466156, 0.0)
(37.168457, 19.506868, 0.0)
(38.127167, 19.742781, 0.0)
(39.407894, 20.046556, 0.0)
(39.502003, 20.026175, 0.0)
(39.586311, 20.062231, 0.0)
(39.668438, 20.092928, 0.0)
(39.688755, 20.030294, 0.0)
(41.178112, 20.348526, 0.0)
(41.689247, 20.512230, 0.0)
(41.698921, 20.532145, 0.0)
(41.710316, 20.514402, 0.0)
(42.711674, 20.867533, 0.0)
(43.824886, 21.316008, 0.0)
(43.856670, 21.337824, 0.0)
(43.829639, 21.308130, 0.0)
(43.841682, 21.271318, 0.0)
(43.876453, 21.301027, 0.0)
(44.623722, 21.561676, 0.0)
(44.711639, 21.590637, 0.0)
(44.659012, 21.568916, 0.0)
(44.584488, 21.548122, 0.0)
(44.541874, 21.460737, 0.0)
(44.427612, 21.004774, 0.0)
(44.310913, 20.871853, 0.0)
(44.231438, 20.860609, 0.0)
(44.095425, 20.772486, 0.0)
(42.045055, 20.051067, 0.0)
(41.874237, 20.085928, 0.0)
(41.742527, 20.033268, 0.0)
(41.499279, 19.923544, 0.0)
(41.286877, 19.855270, 0.0)
(41.020897, 19.755896, 0.0)
(39.209618, 19.316896, 0.0)
(38.720356, 19.099419, 0.0)
(37.981846, 19.095253, 0.0)
(37.621021, 20.432838, 0.0)
(37.304970, 20.366278, 0.0)
(36.923397, 18.980734, 0.0)
(36.883881, 18.895329, 0.0)
(36.756222, 19.040400, 0.0)
(36.474350, 19.005449, 0.0)
(36.332886, 20.921053, 0.0)
(34.019485, 19.310968, 0.0)
(33.467354, 19.157963, 0.0)
(33.367775, 19.329817, 0.0)
(33.211937, 19.303988, 0.0)
(33.090446, 19.326958, 0.0)
(31.462175, 19.546114, 0.0)
(31.189016, 19.587341, 0.0)
(31.050882, 19.620695, 0.0)
(30.875122, 19.692308, 0.0)
(30.657049, 19.728012, 0.0)
(28.948969, 20.302528, 0.0)
(28.787466, 20.369230, 0.0)
(28.692438, 20.385712, 0.0)
(28.582645, 20.401173, 0.0)
(25.796297, 21.286482, 0.0)
(25.188610, 21.458689, 0.0)
(25.028158, 21.525764, 0.0)
(24.916321, 21.607635, 0.0)
(24.803207, 21.669287, 0.0)
(24.206795, 22.081432, 0.0)
(23.188246, 22.565897, 0.0)
(23.064518, 22.632904, 0.0)
(22.976801, 22.694826, 0.0)
(22.944918, 22.691412, 0.0)
(22.931559, 22.704832, 0.0)
(22.902115, 22.755365, 0.0)
(22.561954, 23.092503, 0.0)
(22.141438, 23.319231, 0.0)
(22.139963, 23.344227, 0.0)
(22.129707, 23.352602, 0.0)
(22.141321, 23.350687, 0.0)
(22.244272, 23.327688, 0.0)
(22.316029, 23.253120, 0.0)
(22.404455, 23.196833, 0.0)
(23.064930, 22.410604, 0.0)
(23.470568, 22.059540, 0.0)
(23.701933, 21.922213, 0.0)
(23.985050, 21.743898, 0.0)
(25.278809, 21.024704, 0.0)
(25.621733, 20.853266, 0.0)
(27.166647, 20.112558, 0.0)
(28.172400, 19.683182, 0.0)
(28.496265, 19.577997, 0.0)
(28.820328, 19.467642, 0.0)
(29.109011, 19.384375, 0.0)
(29.459003, 19.308445, 0.0)
(29.709450, 19.231617, 0.0)
(30.046314, 19.135530, 0.0)
(31.970097, 18.936716, 0.0)
(32.580193, 18.906324, 0.0)
(32.762268, 18.852839, 0.0)
(32.966820, 18.834835, 0.0)
(33.160385, 18.819283, 0.0)
(33.413170, 18.756868, 0.0)
(33.679512, 18.732058, 0.0)
(33.939869, 18.696709, 0.0)
(34.178288, 18.674948, 0.0)
(35.601101, 18.482748, 0.0)
(36.020569, 18.508656, 0.0)
(36.187340, 18.517673, 0.0)
(36.269352, 18.505743, 0.0)
(36.410316, 18.505625, 0.0)
(36.468670, 18.527077, 0.0)
(38.400051, 18.668133, 0.0)
(38.824829, 18.650837, 0.0)
(38.906937, 18.642702, 0.0)
(38.995293, 18.570448, 0.0)
(41.398987, 19.180626, 0.0)
(41.859425, 19.267519, 0.0)
(41.928543, 19.271502, 0.0)
(41.944130, 19.247885, 0.0)
(41.975445, 19.240221, 0.0)
(41.986332, 19.220446, 0.0)
(42.002876, 19.212408, 0.0)
(42.008556, 19.219980, 0.0)
(43.314064, 19.813601, 0.0)
(43.721378, 20.081873, 0.0)
(43.706757, 20.081060, 0.0)
(43.648197, 20.057394, 0.0)
(43.631824, 20.046928, 0.0)
(43.605244, 20.060560, 0.0)
(44.141552, 20.208580, 0.0)
(44.187805, 20.254889, 0.0)
(44.095512, 20.234947, 0.0)
(44.018841, 20.229820, 0.0)
(43.933990, 20.206182, 0.0)
(43.878277, 20.169619, 0.0)
(42.768196, 19.488466, 0.0)
(42.662746, 19.397522, 0.0)
(42.650898, 19.357035, 0.0)
(42.561947, 19.323076, 0.0)
(41.763668, 19.064064, 0.0)
(40.502247, 18.632479, 0.0)
(40.376823, 18.659607, 0.0)
(40.199108, 18.620548, 0.0)
(40.057777, 18.572163, 0.0)
(39.890579, 18.537811, 0.0)
(38.189804, 18.139021, 0.0)
(37.853882, 18.091154, 0.0)
(37.659985, 18.091425, 0.0)
(37.433384, 18.055668, 0.0)
(37.260670, 18.026314, 0.0)
(37.127346, 18.012918, 0.0)
(35.937996, 17.944090, 0.0)
(35.152927, 17.834215, 0.0)
(34.947823, 17.841806, 0.0)
(34.806576, 17.824398, 0.0)
(34.687103, 17.827009, 0.0)
(32.688129, 17.978806, 0.0)
(32.237221, 18.028830, 0.0)
(32.085640, 18.020500, 0.0)
(31.924406, 18.049397, 0.0)
(31.712158, 18.087593, 0.0)
(31.035234, 18.378851, 0.0)
(28.904753, 18.990480, 0.0)
(28.658463, 19.103722, 0.0)
(28.473793, 19.144768, 0.0)
(28.315174, 19.187899, 0.0)
(26.308979, 19.998198, 0.0)
(26.059799, 20.045769, 0.0)
(25.881804, 20.099537, 0.0)
(25.711754, 20.166838, 0.0)
(25.529617, 20.259010, 0.0)
(25.269064, 20.420469, 0.0)
(23.423258, 21.299829, 0.0)
(23.267187, 21.352318, 0.0)
(23.198717, 21.454134, 0.0)
(23.103579, 21.523453, 0.0)
(22.994583, 21.621906, 0.0)
(22.976467, 21.652605, 0.0)
(22.936644, 21.677301, 0.0)
(22.936869, 21.663044, 0.0)
(22.919235, 21.677870, 0.0)
(22.529749, 21.623692, 0.0)
(22.544260, 21.605927, 0.0)
(22.591522, 21.611397, 0.0)
(22.628553, 21.606745, 0.0)
(22.686234, 21.591131, 0.0)
(22.745970, 21.559244, 0.0)
(22.872234, 21.473740, 0.0)
(22.985886, 21.423712, 0.0)
(23.116398, 21.376827, 0.0)
(25.043657, 20.212633, 0.0)
(25.666208, 19.801710, 0.0)
(25.931490, 19.638470, 0.0)
(26.164207, 19.490534, 0.0)
(26.386354, 19.400076, 0.0)
(26.642418, 19.280300, 0.0)
(26.852682, 19.217421, 0.0)
(28.285780, 18.750963, 0.0)
(28.611504, 18.628365, 0.0)
(28.837378, 18.490198, 0.0)
(29.094782, 18.397194, 0.0)
(29.327847, 18.354733, 0.0)
(29.566706, 18.297060, 0.0)
(29.751659, 18.211681, 0.0)
(29.935383, 18.160980, 0.0)
(31.535339, 17.653328, 0.0)
(31.835766, 17.531799, 0.0)
(32.004036, 17.515158, 0.0)
(32.128925, 17.455797, 0.0)
(32.932686, 17.372406, 0.0)
(34.934139, 17.186386, 0.0)
(35.079704, 17.176651, 0.0)
(35.131580, 17.159136, 0.0)
(36.078209, 17.267513, 0.0)
(39.469078, 17.955936, 0.0)
(40.254452, 18.174427, 0.0)
(40.309963, 18.147551, 0.0)
(40.317322, 18.163649, 0.0)
(41.937614, 18.630856, 0.0)
(42.306202, 18.849241, 0.0)
(42.329037, 18.830988, 0.0)
(42.325283, 18.800972, 0.0)
(42.332001, 18.783823, 0.0)
(42.351566, 18.756758, 0.0)
(42.351688, 18.776922, 0.0)
(42.366474, 18.741604, 0.0)
(42.365383, 18.722834, 0.0)
(42.393951, 18.714130, 0.0)
(43.327969, 19.241831, 0.0)
(43.369675, 19.361355, 0.0)
(43.277466, 19.351686, 0.0)
(43.285816, 19.332426, 0.0)
(43.308781, 19.326593, 0.0)
(43.528389, 19.450472, 0.0)
(43.860806, 19.656790, 0.0)
(43.842487, 19.629635, 0.0)
(43.791367, 19.622213, 0.0)
(43.749981, 19.596308, 0.0)
(43.691780, 19.624502, 0.0)
(43.674686, 19.634245, 0.0)
(43.661182, 19.637424, 0.0)
(43.662994, 19.652302, 0.0)
(43.988152, 20.247480, 0.0)
(44.654652, 21.991079, 0.0)
(44.677185, 22.246246, 0.0)
(44.674637, 22.269253, 0.0)
(45.140152, 23.809822, 0.0)
(45.072205, 24.052179, 0.0)
(45.017971, 24.020966, 0.0)
(45.131023, 24.108032, 0.0)
(45.192013, 24.147013, 0.0)
(45.227039, 24.168100, 0.0)
(45.231251, 24.163279, 0.0)
(45.232510, 24.177595, 0.0)
(45.459881, 25.391378, 0.0)
(45.550682, 26.650358, 0.0)
(45.496479, 26.727495, 0.0)
(45.452137, 26.591820, 0.0)
(45.446507, 26.558517, 0.0)
(45.434570, 26.534040, 0.0)
(45.377914, 26.568762, 0.0)
(45.301926, 26.544569, 0.0)
(45.298264, 26.542488, 0.0)
(45.300129, 26.516823, 0.0)
(45.295994, 26.498940, 0.0)
(45.292866, 26.509336, 0.0)
(45.568089, 28.583807, 0.0)
(45.378304, 29.078020, 0.0)
(45.308773, 29.081770, 0.0)
(45.273235, 29.028427, 0.0)
(45.241425, 28.996353, 0.0)
(45.217869, 29.012814, 0.0)
(45.183422, 29.014822, 0.0)
(45.172050, 29.026827, 0.0)
(45.193916, 29.006752, 0.0)
(45.204441, 29.023260, 0.0)
(45.211910, 28.987268, 0.0)
(45.195118, 28.996677, 0.0)
(45.194450, 29.006254, 0.0)
(44.485340, 29.703861, 0.0)
(44.465164, 29.844963, 0.0)
(44.482410, 29.863438, 0.0)
(44.468338, 29.835367, 0.0)
(44.468445, 29.862448, 0.0)
(44.442764, 29.870111, 0.0)
(44.428959, 29.854115, 0.0)
(44.432812, 29.854517, 0.0)
(44.416607, 29.840933, 0.0)
(44.412792, 29.845688, 0.0)
(44.410221, 29.853672, 0.0)
(44.409039, 29.828812, 0.0)
(44.404350, 29.830805, 0.0)
(43.222332, 30.539921, 0.0)
(43.156101, 30.727188, 0.0)
(43.142143, 30.737907, 0.0)
(43.101456, 30.758698, 0.0)
(43.028095, 30.774279, 0.0)
(42.982754, 30.772915, 0.0)
(42.947392, 30.775215, 0.0)
(42.932430, 30.771229, 0.0)
(43.815849, 28.588936, 0.0)
(44.446663, 27.461384, 0.0)
(44.503960, 27.402239, 0.0)
(44.456314, 27.299002, 0.0)
(44.468864, 27.260487, 0.0)
(44.531757, 27.258080, 0.0)
(44.558170, 27.217911, 0.0)
(44.555668, 27.195789, 0.0)
(44.792606, 25.870123, 0.0)
(44.775944, 23.573536, 0.0)
(44.777332, 23.560125, 0.0)
(44.731258, 23.621662, 0.0)
(44.693249, 23.575489, 0.0)
(44.709839, 23.548986, 0.0)
(44.722694, 23.492744, 0.0)
(44.755573, 23.430006, 0.0)
(44.809017, 23.361652, 0.0)
(44.831230, 23.285194, 0.0)
(44.851147, 23.256416, 0.0)
(44.860687, 23.240795, 0.0)
(44.872028, 23.240232, 0.0)
(44.880245, 23.224977, 0.0)
(44.651299, 22.729935, 0.0)
(44.646969, 22.367893, 0.0)
(44.641647, 22.319639, 0.0)
(44.607880, 22.271811, 0.0)
(44.616409, 22.251989, 0.0)
(44.589329, 22.217213, 0.0)
(44.573128, 22.200382, 0.0)
(44.545391, 22.182392, 0.0)
(44.548351, 22.140541, 0.0)
(44.540600, 21.885506, 0.0)
(44.405243, 21.086887, 0.0)
(44.303551, 20.962637, 0.0)
(44.295448, 20.955223, 0.0)
(44.281345, 20.928419, 0.0)
(43.849010, 19.379881, 0.0)
(43.751545, 19.200949, 0.0)
(43.710648, 19.137386, 0.0)
(43.661602, 19.151257, 0.0)
(43.622108, 19.151354, 0.0)
(43.550541, 19.138584, 0.0)
(43.444950, 19.166590, 0.0)
(43.436214, 19.157425, 0.0)
(42.889030, 18.968821, 0.0)
(42.760071, 18.887257, 0.0)
(42.747124, 18.887281, 0.0)
(42.742653, 18.913486, 0.0)
(42.718880, 18.946913, 0.0)
(43.000431, 19.603205, 0.0)
(43.411110, 21.251995, 0.0)
(43.382271, 21.527571, 0.0)
(43.330276, 21.556145, 0.0)
(43.327526, 21.640738, 0.0)
(43.363579, 21.701418, 0.0)
(43.446194, 21.762222, 0.0)
(44.146187, 23.085409, 0.0)
(44.183083, 23.490723, 0.0)
(44.161972, 23.532965, 0.0)
(44.167477, 23.588442, 0.0)
(44.200008, 23.641211, 0.0)
(44.188316, 23.682478, 0.0)
(44.200943, 23.689085, 0.0)
(44.204700, 23.756554, 0.0)
(44.213512, 23.824114, 0.0)
(44.201054, 23.843138, 0.0)
(44.190048, 24.297731, 0.0)
(44.233620, 24.893679, 0.0)
(44.214657, 24.996178, 0.0)
(44.183136, 25.022261, 0.0)
(44.182953, 25.057762, 0.0)
(44.323837, 25.402880, 0.0)
(44.460705, 26.514149, 0.0)
(44.444202, 26.675596, 0.0)
(44.447670, 26.652229, 0.0)
(44.436218, 26.653719, 0.0)
(44.411041, 26.655184, 0.0)
(44.372650, 26.678400, 0.0)
(44.360474, 26.746414, 0.0)
(44.367203, 26.759790, 0.0)
(44.408978, 26.967260, 0.0)
(44.493893, 28.440042, 0.0)
(44.437775, 28.627150, 0.0)
(44.416908, 28.589886, 0.0)
(44.408905, 28.617538, 0.0)
(44.426647, 28.643682, 0.0)
(44.420284, 28.907551, 0.0)
(44.285419, 30.058168, 0.0)
(44.238785, 30.211746, 0.0)
(44.225231, 30.177299, 0.0)
(44.127899, 30.179188, 0.0)
(44.096161, 30.226641, 0.0)
(44.080170, 30.303146, 0.0)
(44.061375, 30.318403, 0.0)
(44.041775, 30.304020, 0.0)
(44.028049, 30.333490, 0.0)
(43.935440, 30.464228, 0.0)
(43.572594, 30.685690, 0.0)
(43.525143, 30.812115, 0.0)
(43.513077, 30.827398, 0.0)
(43.177956, 29.046522, 0.0)
(43.237736, 27.939495, 0.0)
(43.202816, 27.899641, 0.0)
(43.165279, 27.788420, 0.0)
(43.172138, 27.729851, 0.0)
(43.206890, 27.677303, 0.0)
(43.236279, 27.626713, 0.0)
(43.263245, 27.524549, 0.0)
(43.311550, 27.418106, 0.0)
(43.367962, 27.368477, 0.0)
(43.372677, 27.202082, 0.0)
(43.382759, 27.110090, 0.0)
(43.380890, 27.038418, 0.0)
(43.431820, 26.505571, 0.0)
(43.541019, 25.734577, 0.0)
(43.540016, 25.624516, 0.0)
(43.518845, 25.531610, 0.0)
(43.506466, 25.386429, 0.0)
(43.128956, 22.623775, 0.0)
(43.057751, 22.263655, 0.0)
(43.048012, 22.283611, 0.0)
(43.038681, 22.300169, 0.0)
(43.032730, 22.307621, 0.0)
(43.023361, 22.316301, 0.0)
(42.310478, 20.119951, 0.0)
(42.013168, 18.982882, 0.0)
(42.003651, 18.986492, 0.0)
(42.014038, 19.028996, 0.0)
(41.987919, 19.060675, 0.0)
(41.968899, 19.098831, 0.0)
(42.044014, 18.993067, 0.0)
(42.035397, 18.941271, 0.0)
(42.096512, 18.907618, 0.0)
(42.162693, 18.831177, 0.0)
(42.175907, 18.777843, 0.0)
(42.204132, 18.793678, 0.0)
(42.207188, 18.763773, 0.0)
(42.199181, 18.754145, 0.0)
(42.196369, 18.765303, 0.0)
(42.164539, 18.759285, 0.0)
(41.773464, 18.256630, 0.0)
(41.780472, 18.167234, 0.0)
(41.774048, 18.181635, 0.0)
(41.740448, 18.166880, 0.0)
(41.736145, 18.166967, 0.0)
(41.725109, 18.177343, 0.0)
(41.702240, 18.194349, 0.0)
(41.685452, 18.208635, 0.0)
(41.677338, 18.188835, 0.0)
(41.677444, 18.183826, 0.0)
(41.660351, 18.214037, 0.0)
(41.634754, 19.109785, 0.0)
(41.696346, 19.647966, 0.0)
(41.683929, 19.701517, 0.0)
(41.686661, 19.744673, 0.0)
(41.696281, 19.804380, 0.0)
(41.718239, 19.919558, 0.0)
(41.705795, 20.005484, 0.0)
(41.740887, 20.093128, 0.0)
(41.789333, 20.265575, 0.0)
(42.068287, 20.994871, 0.0)
(42.141254, 21.148853, 0.0)
(42.206474, 21.242958, 0.0)
(42.233978, 21.302778, 0.0)
(42.272430, 21.361671, 0.0)
(42.270557, 21.415009, 0.0)
(42.297001, 21.487087, 0.0)
(42.467438, 22.537306, 0.0)
(42.457211, 23.058287, 0.0)
(42.436058, 23.107000, 0.0)
(42.421211, 23.127760, 0.0)
(42.630207, 24.375957, 0.0)
(42.893280, 26.558592, 0.0)
(42.860889, 27.351444, 0.0)
(42.799328, 27.462593, 0.0)
(42.726322, 27.451929, 0.0)
(42.677975, 27.482714, 0.0)
(42.667534, 27.507620, 0.0)
(42.693901, 27.520662, 0.0)
(42.681236, 27.583508, 0.0)
(42.654686, 27.577028, 0.0)
(42.499405, 27.121632, 0.0)
(42.513763, 27.150591, 0.0)
(42.562782, 27.225611, 0.0)
(42.579201, 27.459557, 0.0)
(42.576885, 27.452631, 0.0)
(42.811863, 28.539286, 0.0)
(42.893707, 30.193285, 0.0)
(42.793465, 30.385166, 0.0)
(42.785156, 30.390604, 0.0)
(42.758205, 30.426746, 0.0)
(42.736069, 30.478975, 0.0)
(42.745754, 30.436686, 0.0)
(42.792393, 30.505013, 0.0)
(42.791416, 30.525461, 0.0)
(42.880405, 31.184891, 0.0)
(42.845345, 31.315657, 0.0)
(42.805466, 31.333963, 0.0)
(42.793392, 31.351698, 0.0)
(42.799427, 31.378660, 0.0)
(42.627106, 31.388704, 0.0)
(41.823799, 31.152905, 0.0)
(41.394920, 31.043947, 0.0)
(41.316734, 31.048996, 0.0)
(41.214806, 30.979647, 0.0)
(41.156925, 30.926064, 0.0)
(41.085560, 29.357187, 0.0)
(41.160488, 28.901970, 0.0)
(41.184509, 28.827826, 0.0)
(41.184166, 28.746447, 0.0)
(41.181427, 28.672632, 0.0)
(41.203297, 28.533447, 0.0)
(41.406273, 28.305117, 0.0)
(41.612846, 27.913765, 0.0)
(41.632439, 27.790234, 0.0)
(41.658802, 27.690853, 0.0)
(41.654732, 27.640402, 0.0)
(41.648392, 27.560295, 0.0)
(41.571968, 27.020653, 0.0)
(41.599915, 25.610889, 0.0)
(41.618671, 25.495327, 0.0)
(41.630466, 25.429495, 0.0)
(41.639488, 25.299410, 0.0)
(41.003597, 22.169760, 0.0)
(40.985394, 21.400890, 0.0)
(40.998333, 21.444851, 0.0)
(41.007713, 21.508324, 0.0)
(41.033329, 21.480232, 0.0)
(41.045475, 21.445713, 0.0)
(41.039894, 21.405516, 0.0)
(41.037189, 21.372110, 0.0)
(41.036694, 21.369501, 0.0)
(41.037159, 21.341944, 0.0)
(41.050545, 21.325407, 0.0)
(41.071686, 20.199709, 0.0)
(40.867050, 19.350626, 0.0)
(40.838737, 19.340397, 0.0)
(40.855946, 19.335924, 0.0)
(40.859039, 19.341198, 0.0)
(40.863270, 19.342928, 0.0)
(40.835396, 19.344933, 0.0)
(40.177620, 17.962919, 0.0)
(40.089104, 17.636452, 0.0)
(40.076309, 17.665236, 0.0)
(40.082275, 17.638668, 0.0)
(40.084694, 17.613234, 0.0)
(40.082275, 17.638668, 0.0)
(40.059361, 17.640728, 0.0)
(40.041515, 17.615721, 0.0)
(40.090775, 17.596809, 0.0)
(40.076038, 17.595186, 0.0)
(40.056404, 17.599771, 0.0)
(40.026093, 17.572725, 0.0)
(40.006508, 17.578064, 0.0)
(39.768787, 17.635717, 0.0)
(39.147579, 17.948574, 0.0)
(39.025398, 17.974739, 0.0)
(38.961525, 18.012794, 0.0)
(38.941185, 18.089348, 0.0)
(38.910793, 18.161331, 0.0)
(38.901390, 18.351955, 0.0)
(39.408581, 19.238485, 0.0)
(39.431690, 19.428133, 0.0)
(39.430588, 19.479948, 0.0)
(39.413528, 19.573177, 0.0)
(39.795578, 20.109138, 0.0)
(40.007942, 20.662199, 0.0)
(40.014759, 20.804115, 0.0)
(39.992714, 20.901445, 0.0)
(39.990261, 21.013708, 0.0)
(39.986511, 21.199635, 0.0)
(39.990101, 21.302414, 0.0)
(40.465263, 23.001272, 0.0)
(40.371609, 23.214706, 0.0)
(40.360165, 23.220833, 0.0)
(40.429035, 23.272474, 0.0)
(40.459106, 23.295868, 0.0)
(40.425255, 23.329849, 0.0)
(40.414818, 23.560480, 0.0)
(40.814945, 26.475790, 0.0)
(40.854290, 27.668596, 0.0)
(40.817017, 27.855619, 0.0)
(40.729290, 27.840799, 0.0)
(40.688534, 27.863678, 0.0)
(40.679348, 27.912104, 0.0)
(40.651764, 27.955046, 0.0)
(40.614510, 27.957767, 0.0)
(40.618111, 28.013634, 0.0)
(40.626968, 28.044678, 0.0)
(40.419258, 27.834398, 0.0)
(40.445347, 27.853487, 0.0)
(40.454590, 27.903368, 0.0)
(40.453297, 27.950512, 0.0)
(40.852890, 29.397543, 0.0)
(40.823944, 30.654806, 0.0)
(40.718491, 30.849136, 0.0)
(40.680210, 30.867550, 0.0)
(40.660606, 30.906992, 0.0)
(40.670586, 30.905281, 0.0)
(40.669636, 30.892832, 0.0)
(40.659630, 30.899445, 0.0)
(40.655743, 30.930178, 0.0)
(40.665283, 30.946877, 0.0)
(40.669308, 30.981825, 0.0)
(40.665989, 31.011572, 0.0)
(40.661617, 31.004032, 0.0)
(40.643810, 30.992744, 0.0)
(40.482586, 31.109535, 0.0)
(39.539013, 31.114357, 0.0)
(39.411854, 31.113094, 0.0)
(39.373142, 31.095295, 0.0)
(39.315887, 31.080727, 0.0)
(39.311218, 31.053164, 0.0)
(39.236664, 30.482149, 0.0)
(39.300644, 29.137238, 0.0)
(39.304817, 29.008751, 0.0)
(39.290195, 28.991453, 0.0)
(39.277775, 28.924932, 0.0)
(39.274826, 28.848421, 0.0)
(39.315224, 28.746752, 0.0)
(39.326115, 28.688860, 0.0)
(39.400162, 27.042234, 0.0)
(39.401997, 26.667761, 0.0)
(39.381329, 26.599396, 0.0)
(39.394341, 26.541109, 0.0)
(39.417252, 26.474682, 0.0)
(38.655788, 23.820345, 0.0)
(38.386715, 21.151552, 0.0)
(38.401340, 21.245567, 0.0)
(38.407490, 21.285904, 0.0)
(38.430195, 21.314934, 0.0)
(38.400909, 21.290005, 0.0)
(38.426430, 21.239025, 0.0)
(38.430386, 21.173134, 0.0)
(38.414371, 21.188520, 0.0)
(38.410473, 21.128967, 0.0)
(38.409416, 21.105379, 0.0)
(38.421841, 21.075251, 0.0)
(38.421001, 20.982918, 0.0)
(37.995731, 18.231647, 0.0)
(37.728916, 17.611502, 0.0)
(37.706734, 17.628756, 0.0)
(37.696587, 17.664635, 0.0)
(37.672836, 17.659792, 0.0)
(37.670811, 17.656923, 0.0)
(37.650795, 17.656015, 0.0)
(37.726036, 17.711575, 0.0)
(38.108585, 18.643133, 0.0)
(38.104622, 18.620522, 0.0)
(38.084560, 18.493275, 0.0)
(38.099117, 18.419483, 0.0)
(38.088463, 18.388960, 0.0)
(38.078823, 18.351194, 0.0)
(38.042389, 18.341587, 0.0)
(38.036224, 18.330256, 0.0)
(38.031754, 18.336124, 0.0)
(37.981213, 18.302307, 0.0)
(37.952759, 18.282236, 0.0)
(37.963295, 18.298077, 0.0)
(37.888344, 18.315699, 0.0)
(37.727806, 18.342272, 0.0)
(36.736809, 18.885550, 0.0)
(36.636433, 18.999208, 0.0)
(36.599331, 18.998697, 0.0)
(36.593407, 19.006071, 0.0)
(36.564110, 19.045454, 0.0)
(36.578167, 19.097843, 0.0)
(36.594261, 19.175760, 0.0)
(36.594856, 19.253113, 0.0)
(36.634819, 19.351633, 0.0)
(37.139908, 19.858065, 0.0)
(37.166435, 19.941401, 0.0)
(37.144989, 19.977243, 0.0)
(37.138813, 20.036280, 0.0)
(37.641617, 21.276846, 0.0)
(38.104706, 22.960634, 0.0)
(38.067184, 23.065170, 0.0)
(38.013065, 23.073488, 0.0)
(37.966549, 23.121956, 0.0)
(37.955730, 23.205187, 0.0)
(37.965939, 23.312637, 0.0)
(37.985180, 23.385960, 0.0)
(37.959381, 23.411434, 0.0)
(37.942368, 23.400372, 0.0)
(37.979912, 23.460297, 0.0)
(37.963062, 23.574680, 0.0)
(37.944298, 24.254725, 0.0)
(37.912254, 24.793705, 0.0)
(37.900612, 24.917381, 0.0)
(37.915627, 24.980024, 0.0)
(37.927898, 25.033611, 0.0)
(38.529724, 27.593636, 0.0)
(38.469143, 28.506435, 0.0)
(38.407124, 28.627092, 0.0)
(38.343925, 28.625811, 0.0)
(38.308964, 28.702169, 0.0)
(38.294956, 28.747974, 0.0)
(38.749413, 30.159431, 0.0)
(38.721512, 30.399910, 0.0)
(38.641312, 30.433197, 0.0)
(38.609074, 30.460184, 0.0)
(38.579388, 30.488531, 0.0)
(38.579903, 30.562042, 0.0)
(38.577526, 30.579205, 0.0)
(38.532036, 30.636351, 0.0)
(38.217342, 30.947208, 0.0)
(38.199463, 31.057657, 0.0)
(38.213100, 31.058681, 0.0)
(38.208176, 31.063375, 0.0)
(38.219624, 31.065184, 0.0)
(38.198719, 31.094814, 0.0)
(38.215286, 31.133158, 0.0)
(38.193604, 31.178501, 0.0)
(37.670616, 31.294369, 0.0)
(37.118732, 31.245972, 0.0)
(37.022774, 31.286821, 0.0)
(36.967316, 31.323269, 0.0)
(36.927952, 31.329479, 0.0)
(36.920048, 31.299805, 0.0)
(36.890965, 31.282469, 0.0)
(36.950035, 29.558413, 0.0)
(37.006580, 29.148176, 0.0)
(36.993195, 29.081276, 0.0)
(37.004372, 29.014484, 0.0)
(36.975170, 28.978653, 0.0)
(36.954487, 28.942047, 0.0)
(36.965366, 28.890186, 0.0)
(36.888813, 28.617676, 0.0)
(36.809132, 27.141552, 0.0)
(36.770302, 27.007242, 0.0)
(36.711983, 26.962564, 0.0)
(36.689625, 26.866493, 0.0)
(36.688164, 26.762278, 0.0)
(36.731033, 26.698078, 0.0)
(36.562176, 25.737524, 0.0)
(36.453388, 24.351841, 0.0)
(36.432163, 24.273146, 0.0)
(36.383930, 24.245375, 0.0)
(36.361095, 24.185179, 0.0)
(36.363453, 24.142847, 0.0)
(36.340405, 24.081459, 0.0)
(36.365589, 23.990892, 0.0)
(36.303204, 23.559587, 0.0)
(36.185528, 21.942574, 0.0)
(36.174843, 21.893858, 0.0)
(36.165382, 21.951496, 0.0)
(35.827633, 20.267481, 0.0)
(35.481731, 18.760387, 0.0)
(35.419643, 18.721052, 0.0)
(35.401646, 18.709461, 0.0)
(35.411358, 18.707165, 0.0)
(35.381634, 18.686708, 0.0)
(35.381935, 18.703453, 0.0)
(35.399776, 18.703892, 0.0)
(35.410435, 18.698364, 0.0)
(35.388332, 18.674126, 0.0)
(35.409237, 18.637363, 0.0)
(35.424404, 18.623909, 0.0)
(35.436234, 18.567266, 0.0)
(35.438301, 18.514715, 0.0)
(35.431110, 18.515301, 0.0)
(35.417477, 18.528795, 0.0)
(35.079834, 17.995087, 0.0)
(34.999760, 17.898800, 0.0)
(34.974072, 17.894682, 0.0)
(34.952995, 17.894724, 0.0)
(34.914539, 17.949385, 0.0)
(34.181259, 18.076599, 0.0)
(34.113098, 18.129057, 0.0)
(34.089195, 18.138968, 0.0)
(34.059063, 18.155787, 0.0)
(34.041306, 18.228434, 0.0)
(34.045910, 18.334549, 0.0)
(34.053604, 18.377123, 0.0)
(34.391937, 19.497141, 0.0)
(34.421711, 20.338503, 0.0)
(34.395229, 20.488140, 0.0)
(34.413097, 20.575455, 0.0)
(34.445705, 20.713469, 0.0)
(34.459064, 20.836370, 0.0)
(34.456039, 20.922508, 0.0)
(34.551079, 21.117971, 0.0)
(34.838810, 21.848139, 0.0)
(34.864567, 22.034075, 0.0)
(34.845119, 22.093985, 0.0)
(34.828266, 22.181999, 0.0)
(34.834652, 22.430450, 0.0)
(34.912189, 23.312229, 0.0)
(34.939507, 23.497696, 0.0)
(34.934841, 23.508858, 0.0)
(34.890720, 23.538982, 0.0)
(34.815941, 23.459717, 0.0)
(35.163773, 24.675205, 0.0)
(35.375343, 26.094330, 0.0)
(35.348656, 26.332851, 0.0)
(35.270214, 26.355083, 0.0)
(35.246513, 26.375847, 0.0)
(35.254662, 26.435959, 0.0)
(35.232449, 26.474400, 0.0)
(35.156906, 26.527706, 0.0)
(35.738705, 28.826687, 0.0)
(35.746262, 30.062172, 0.0)
(35.655254, 30.222498, 0.0)
(35.615013, 30.254177, 0.0)
(35.607224, 30.254196, 0.0)
(35.561604, 30.249640, 0.0)
(35.556267, 30.261408, 0.0)
(35.570690, 30.273958, 0.0)
(35.973213, 31.985006, 0.0)
(35.907032, 32.197750, 0.0)
(35.852623, 32.198483, 0.0)
(35.823685, 32.232269, 0.0)
(35.774300, 32.244087, 0.0)
(35.743790, 32.262466, 0.0)
(35.777405, 32.214500, 0.0)
(35.799980, 32.233498, 0.0)
(35.774529, 32.247589, 0.0)
(35.749870, 32.271233, 0.0)
(35.728203, 32.307915, 0.0)
(34.289257, 32.064789, 0.0)
(34.111702, 32.046753, 0.0)
(34.043404, 32.053371, 0.0)
(33.971653, 31.992029, 0.0)
(33.946293, 31.972399, 0.0)
(33.917980, 31.949205, 0.0)
(33.966640, 29.051979, 0.0)
(33.993847, 28.854343, 0.0)
(33.983093, 28.893078, 0.0)
(33.970215, 28.907656, 0.0)
(33.979473, 28.900280, 0.0)
(33.971325, 27.842299, 0.0)
(33.707214, 23.863098, 0.0)
(33.348740, 21.549200, 0.0)
(33.321457, 21.315544, 0.0)
(33.259762, 21.426580, 0.0)
(33.228634, 21.456884, 0.0)
(33.168953, 21.479656, 0.0)
(33.187908, 21.489977, 0.0)
(33.174915, 21.473684, 0.0)
(33.181709, 21.457594, 0.0)
(33.317005, 22.582996, 0.0)
(33.317997, 22.672165, 0.0)
(33.279469, 22.599524, 0.0)
(33.267426, 22.535954, 0.0)
(33.257366, 22.487532, 0.0)
(33.252964, 22.495615, 0.0)
(33.254780, 22.436184, 0.0)
(33.238827, 22.362247, 0.0)
(33.253670, 22.292854, 0.0)
(33.173489, 22.078682, 0.0)
(32.275253, 18.958317, 0.0)
(32.100777, 18.308754, 0.0)
(32.085598, 18.332117, 0.0)
(32.062355, 18.361233, 0.0)
(32.058510, 18.360510, 0.0)
(32.042213, 18.268454, 0.0)
(31.920111, 17.812477, 0.0)
(31.928465, 17.750803, 0.0)
(31.946648, 17.720888, 0.0)
(31.975145, 17.706858, 0.0)
(31.975063, 17.684736, 0.0)
(31.982443, 17.626328, 0.0)
(31.985537, 17.615364, 0.0)
(31.955618, 17.626801, 0.0)
(31.958895, 17.624754, 0.0)
(31.961649, 17.610243, 0.0)
(31.915970, 17.622505, 0.0)
(31.912493, 17.641142, 0.0)
(31.913139, 17.636732, 0.0)
(31.740469, 17.582714, 0.0)
(31.725777, 17.559893, 0.0)
(31.726284, 17.573736, 0.0)
(31.711363, 17.589180, 0.0)
(31.102339, 18.003138, 0.0)
(31.040630, 18.175922, 0.0)
(31.033531, 18.210903, 0.0)
(30.997538, 18.236294, 0.0)
(30.946133, 18.243427, 0.0)
(30.946268, 18.340620, 0.0)
(30.927168, 18.438745, 0.0)
(31.054970, 18.943289, 0.0)
(31.292475, 19.954174, 0.0)
(31.292732, 20.208502, 0.0)
(31.243439, 20.305098, 0.0)
(31.248795, 20.380175, 0.0)
(31.262644, 20.489925, 0.0)
(31.655930, 21.769705, 0.0)
(31.655691, 22.241720, 0.0)
(31.602057, 22.388577, 0.0)
(31.559256, 22.485899, 0.0)
(31.537474, 22.552895, 0.0)
(31.504583, 22.708607, 0.0)
(31.852919, 23.763161, 0.0)
(31.853912, 24.255394, 0.0)
(31.790440, 24.362148, 0.0)
(31.727636, 24.454849, 0.0)
(31.711502, 24.526045, 0.0)
(31.699593, 24.628149, 0.0)
(31.849588, 24.979578, 0.0)
(32.163971, 25.979893, 0.0)
(32.147976, 26.213444, 0.0)
(32.059162, 26.317932, 0.0)
(32.072872, 26.649330, 0.0)
(32.415695, 28.337013, 0.0)
(32.380527, 28.590733, 0.0)
(32.314423, 28.607979, 0.0)
(32.332134, 28.642570, 0.0)
(32.260521, 28.702982, 0.0)
(32.545319, 29.630726, 0.0)
(32.763378, 30.586920, 0.0)
(32.724663, 30.813660, 0.0)
(32.667805, 30.831411, 0.0)
(32.636616, 30.838421, 0.0)
(32.615078, 30.886589, 0.0)
(32.586834, 30.912224, 0.0)
(32.542728, 30.936750, 0.0)
(32.509094, 30.960583, 0.0)
(32.469189, 31.002445, 0.0)
(32.441521, 31.017004, 0.0)
(32.351280, 31.612398, 0.0)
(32.319752, 31.719442, 0.0)
(32.309750, 31.696548, 0.0)
(32.290138, 31.664169, 0.0)
(32.270065, 31.657885, 0.0)
(31.828936, 32.288315, 0.0)
(31.701023, 32.432377, 0.0)
(31.666096, 32.449184, 0.0)
(31.606949, 32.412544, 0.0)
(30.556026, 31.359241, 0.0)
(30.390104, 30.856623, 0.0)
(30.374729, 30.865774, 0.0)
(30.359800, 30.878408, 0.0)
(30.370031, 30.847382, 0.0)
(30.365717, 30.658583, 0.0)
(30.681688, 28.690273, 0.0)
(30.740585, 28.482243, 0.0)
(30.783747, 28.385509, 0.0)
(30.801889, 28.306202, 0.0)
(30.836861, 28.204203, 0.0)
(30.840286, 28.104996, 0.0)
(30.340614, 25.430079, 0.0)
(29.871523, 22.516621, 0.0)
(29.712561, 20.744942, 0.0)
(29.655401, 19.760033, 0.0)
(29.617086, 19.463217, 0.0)
(29.633032, 19.520626, 0.0)
(29.607327, 19.588102, 0.0)
(29.610403, 19.627621, 0.0)
(29.621609, 19.638287, 0.0)
(29.623152, 19.653469, 0.0)
(29.629965, 19.605017, 0.0)
(29.672667, 19.568058, 0.0)
(29.744926, 19.546896, 0.0)
(29.875448, 20.633627, 0.0)
(29.969818, 21.048832, 0.0)
(29.919617, 20.993498, 0.0)
(29.881128, 20.936258, 0.0)
(29.871332, 20.931393, 0.0)
(29.829824, 20.923077, 0.0)
(29.722336, 20.628166, 0.0)
(29.339136, 18.295385, 0.0)
(29.252516, 18.137539, 0.0)
(29.218523, 18.150309, 0.0)
(29.221537, 18.187382, 0.0)
(29.210852, 18.207554, 0.0)
(29.215414, 18.214701, 0.0)
(29.214752, 18.235840, 0.0)
(29.236563, 18.243950, 0.0)
(29.236204, 18.228283, 0.0)
(29.244503, 18.227711, 0.0)
(29.245682, 18.213564, 0.0)
(29.237711, 18.151123, 0.0)
(29.242075, 18.125710, 0.0)
(29.238058, 18.143803, 0.0)
(29.238726, 18.172272, 0.0)
(29.224041, 18.203522, 0.0)
(29.184145, 18.242491, 0.0)
(29.079691, 18.318705, 0.0)
(28.288952, 19.084143, 0.0)
(28.198471, 19.208876, 0.0)
(28.171576, 19.178959, 0.0)
(28.158560, 19.181498, 0.0)
(28.226589, 19.198713, 0.0)
(28.185793, 19.289652, 0.0)
(28.096113, 19.379488, 0.0)
(28.173239, 20.408775, 0.0)
(28.139681, 20.728947, 0.0)
(28.095797, 20.813047, 0.0)
(28.115805, 20.893129, 0.0)
(28.062565, 20.967995, 0.0)
(28.048086, 21.017462, 0.0)
(28.165379, 21.395119, 0.0)
(28.327995, 22.019279, 0.0)
(28.313932, 22.155046, 0.0)
(28.309916, 22.157669, 0.0)
(28.284912, 22.222788, 0.0)
(28.257275, 22.315815, 0.0)
(28.527168, 22.921709, 0.0)
(28.775768, 23.837221, 0.0)
(28.820337, 24.137943, 0.0)
(28.759235, 24.279566, 0.0)
(28.718529, 24.396790, 0.0)
(28.660639, 24.449776, 0.0)
(28.647532, 24.519379, 0.0)
(28.634960, 24.580589, 0.0)
(28.953518, 25.159872, 0.0)
(28.958408, 25.357388, 0.0)
(28.926212, 25.454355, 0.0)
(28.860338, 25.530130, 0.0)
(28.841354, 25.636026, 0.0)
(28.799452, 25.651281, 0.0)
(28.787912, 25.636314, 0.0)
(28.805750, 25.653158, 0.0)
(28.765144, 25.735804, 0.0)
(28.827549, 26.835060, 0.0)
(28.816065, 27.069696, 0.0)
(28.744223, 27.123749, 0.0)
(28.725418, 27.181538, 0.0)
(29.726875, 29.516476, 0.0)
(30.077335, 31.155739, 0.0)
(30.001015, 31.393869, 0.0)
(29.906507, 31.420591, 0.0)
(29.819727, 31.530720, 0.0)
(29.695539, 31.611279, 0.0)
(29.647598, 31.608391, 0.0)
(29.598232, 31.641699, 0.0)
(29.525599, 31.659256, 0.0)
(29.741028, 32.152283, 0.0)
(29.706146, 32.298889, 0.0)
(29.654646, 32.313648, 0.0)
(29.610146, 32.320240, 0.0)
(28.981781, 32.473156, 0.0)
(28.379883, 32.394684, 0.0)
(28.292963, 32.419167, 0.0)
(28.234774, 32.460648, 0.0)
(28.223896, 32.469181, 0.0)
(28.173027, 32.459335, 0.0)
(27.797321, 29.558125, 0.0)
(27.773975, 29.315985, 0.0)
(27.750973, 29.319357, 0.0)
(27.705256, 29.266253, 0.0)
(27.695532, 29.185411, 0.0)
(27.689211, 29.131433, 0.0)
(27.697432, 29.021227, 0.0)
(27.719608, 28.962749, 0.0)
(27.723061, 28.918430, 0.0)
(27.692171, 27.582365, 0.0)
(27.658194, 26.441519, 0.0)
(27.670801, 26.365507, 0.0)
(27.659662, 26.333179, 0.0)
(27.656971, 26.305305, 0.0)
(27.665766, 26.307692, 0.0)
(27.664310, 25.729319, 0.0)
(27.566074, 23.075502, 0.0)
(27.524075, 22.764025, 0.0)
(27.536297, 22.847958, 0.0)
(27.531021, 22.863121, 0.0)
(27.496996, 22.969149, 0.0)
(27.487617, 22.967096, 0.0)
(27.487675, 22.901979, 0.0)
(27.515900, 22.886230, 0.0)
(27.485470, 22.866919, 0.0)
(27.527197, 22.793356, 0.0)
(27.541262, 22.757793, 0.0)
(27.045065, 21.733519, 0.0)
(26.541025, 19.649218, 0.0)
(26.528976, 19.545815, 0.0)
(26.472668, 19.641026, 0.0)
(26.457115, 19.643908, 0.0)
(26.451540, 19.673489, 0.0)
(26.402624, 19.748598, 0.0)
(26.379406, 19.761108, 0.0)
(26.398659, 19.770586, 0.0)
(26.387524, 19.792307, 0.0)
(26.378286, 19.777266, 0.0)
(26.395449, 19.732740, 0.0)
(26.381844, 19.711142, 0.0)
(26.381844, 19.711142, 0.0)
(26.414480, 19.711811, 0.0)
(26.366947, 19.482830, 0.0)
(26.317801, 19.226749, 0.0)
(26.320778, 19.186476, 0.0)
(26.328318, 19.220005, 0.0)
(26.297413, 19.236786, 0.0)
(26.280104, 19.285604, 0.0)
(26.118320, 20.733034, 0.0)
(26.534227, 22.512903, 0.0)
(26.812212, 23.736219, 0.0)
(26.781057, 24.128580, 0.0)
(26.646414, 24.266518, 0.0)
(26.565172, 24.392519, 0.0)
(26.518597, 24.485889, 0.0)
(26.211918, 23.443600, 0.0)
(26.014524, 22.724476, 0.0)
(25.988861, 22.892590, 0.0)
(25.979212, 23.095617, 0.0)
(26.018461, 23.240355, 0.0)
(25.969980, 23.363634, 0.0)
(25.967211, 23.461273, 0.0)
(25.976742, 23.519854, 0.0)
(25.991716, 23.580618, 0.0)
(25.980598, 23.630531, 0.0)
(26.724821, 24.636829, 0.0)
(26.711508, 24.876225, 0.0)
(26.640743, 24.926340, 0.0)
(26.603411, 24.962460, 0.0)
(26.713694, 25.865622, 0.0)
(26.780109, 26.333178, 0.0)
(26.769987, 26.390722, 0.0)
(26.716967, 26.463051, 0.0)
(26.697279, 26.539644, 0.0)
(26.673639, 26.579456, 0.0)
(26.825090, 27.322874, 0.0)
(27.129826, 28.434658, 0.0)
(27.048067, 28.638832, 0.0)
(26.907234, 28.678076, 0.0)
(26.860132, 28.750883, 0.0)
(27.518007, 30.433136, 0.0)
(27.473551, 30.741333, 0.0)
(27.363958, 30.819794, 0.0)
(27.275457, 30.917788, 0.0)
(27.201220, 30.982059, 0.0)
(27.126247, 31.048601, 0.0)
(27.091410, 31.039484, 0.0)
(27.066114, 31.103004, 0.0)
(27.022781, 31.175098, 0.0)
(26.994173, 31.184637, 0.0)
(26.957806, 31.245285, 0.0)
(26.941954, 31.265036, 0.0)
(26.912113, 31.272629, 0.0)
(26.896931, 31.277706, 0.0)
(26.885313, 31.238142, 0.0)
(26.863817, 31.248091, 0.0)
(26.855246, 31.289034, 0.0)
(26.858694, 31.328266, 0.0)
(26.844946, 31.322952, 0.0)
(26.828543, 31.315483, 0.0)
(26.631384, 30.876749, 0.0)
(25.452953, 26.565317, 0.0)
(25.360853, 26.133057, 0.0)
(25.308748, 26.190128, 0.0)
(25.280293, 26.199713, 0.0)
(25.262037, 26.239691, 0.0)
(25.239723, 26.239183, 0.0)
(25.226633, 26.248487, 0.0)
(25.212915, 26.229742, 0.0)
(25.229998, 26.213392, 0.0)
(25.228182, 26.166788, 0.0)
(25.228476, 26.144922, 0.0)
(25.262850, 26.092098, 0.0)
(25.261269, 26.107746, 0.0)
(25.273865, 26.779776, 0.0)
(25.297979, 26.825750, 0.0)
(25.256611, 26.752016, 0.0)
(25.265615, 26.664675, 0.0)
(25.298512, 26.614464, 0.0)
(25.280968, 26.582123, 0.0)
(25.280807, 26.551264, 0.0)
(25.276888, 26.529142, 0.0)
(25.273947, 26.511751, 0.0)
(25.284414, 26.483055, 0.0)
(25.287315, 26.429384, 0.0)
(25.294016, 26.407772, 0.0)
(25.312019, 26.334396, 0.0)
(25.260860, 26.107552, 0.0)
(25.235016, 25.397043, 0.0)
(25.218000, 25.299194, 0.0)
(25.203396, 25.285101, 0.0)
(25.175621, 25.249096, 0.0)
(24.862774, 23.674622, 0.0)
(24.779488, 22.311638, 0.0)
(24.723570, 22.307499, 0.0)
(24.689535, 22.327402, 0.0)
(24.691090, 22.269867, 0.0)
(24.634806, 22.028936, 0.0)
(24.415344, 20.816345, 0.0)
(24.341139, 20.773134, 0.0)
(24.322205, 20.785503, 0.0)
(24.299673, 20.810074, 0.0)
(24.305738, 20.760954, 0.0)
(24.292871, 20.785610, 0.0)
(24.269234, 20.735901, 0.0)
(24.285532, 20.718958, 0.0)
(24.269609, 20.696526, 0.0)
(24.251112, 20.708632, 0.0)
(24.234198, 20.682217, 0.0)
(23.980360, 20.788090, 0.0)
(23.834883, 20.744455, 0.0)
(23.827084, 20.755692, 0.0)
(23.802206, 20.804482, 0.0)
(23.775841, 20.831638, 0.0)
(23.754669, 20.845123, 0.0)
(23.570679, 21.346853, 0.0)
(23.405998, 21.963058, 0.0)
(23.364937, 22.125051, 0.0)
(23.329220, 22.191875, 0.0)
(23.308180, 22.304447, 0.0)
(23.302786, 22.406111, 0.0)
(23.307112, 22.512556, 0.0)
(23.329725, 22.777086, 0.0)
(23.776859, 23.915903, 0.0)
(23.737349, 24.247219, 0.0)
(23.605972, 24.437004, 0.0)
(23.592989, 24.516005, 0.0)
(23.589193, 24.633629, 0.0)
(23.595924, 24.719013, 0.0)
(23.582155, 24.785374, 0.0)
(23.605062, 24.834492, 0.0)
(23.795238, 25.133759, 0.0)
(23.988018, 25.480349, 0.0)
(24.020130, 25.646072, 0.0)
(23.978537, 25.690100, 0.0)
(23.988791, 25.742062, 0.0)
(24.037554, 26.548643, 0.0)
(24.047960, 26.855410, 0.0)
(23.982330, 26.952095, 0.0)
(23.966305, 27.036598, 0.0)
(23.947617, 27.180437, 0.0)
(23.938650, 27.238493, 0.0)
(24.052658, 27.462866, 0.0)
(24.404678, 28.431349, 0.0)
(24.417049, 28.624998, 0.0)
(24.389614, 28.679190, 0.0)
(24.393274, 28.810986, 0.0)
(24.594946, 29.577820, 0.0)
(25.229511, 31.117764, 0.0)
(25.684750, 32.011307, 0.0)
(25.611755, 32.168327, 0.0)
(25.494989, 32.192909, 0.0)
(25.466827, 32.211422, 0.0)
(25.450947, 32.222595, 0.0)
(25.444241, 32.234520, 0.0)
(25.439180, 32.217358, 0.0)
(25.107864, 32.748718, 0.0)
(25.098587, 32.904232, 0.0)
(25.099390, 32.950397, 0.0)
(25.041395, 32.959152, 0.0)
(25.034012, 32.940334, 0.0)
(25.035400, 32.955971, 0.0)
(25.009745, 33.019020, 0.0)
(25.005514, 33.020691, 0.0)
(24.999434, 33.023556, 0.0)
(24.684597, 33.477100, 0.0)
(24.627020, 33.508213, 0.0)
(24.628448, 33.481056, 0.0)
(24.598698, 33.467285, 0.0)
(24.583836, 33.442863, 0.0)
(24.588884, 33.441685, 0.0)
(24.157019, 32.308250, 0.0)
(24.053579, 31.878380, 0.0)
(24.077072, 31.815985, 0.0)
(24.073982, 31.737114, 0.0)
(24.089636, 31.650076, 0.0)
(24.095438, 31.474180, 0.0)
(24.028696, 30.081747, 0.0)
(24.008396, 29.905386, 0.0)
(23.959835, 29.821363, 0.0)
(23.903141, 29.709677, 0.0)
(23.906652, 29.599382, 0.0)
(23.902613, 29.461439, 0.0)
(23.638250, 28.961639, 0.0)
(23.506618, 28.298246, 0.0)
(23.470198, 28.218397, 0.0)
(23.402290, 28.146149, 0.0)
(23.400467, 28.057220, 0.0)
(23.368109, 28.003696, 0.0)
(23.361721, 27.901529, 0.0)
(23.104771, 27.012718, 0.0)
(22.951571, 26.174162, 0.0)
(22.925552, 26.153301, 0.0)
(22.911644, 26.130669, 0.0)
(22.910078, 26.070755, 0.0)
(22.903475, 26.029535, 0.0)
(22.896679, 26.012676, 0.0)
(22.431555, 24.534521, 0.0)
(22.345451, 24.059633, 0.0)
(22.333414, 24.075081, 0.0)
(22.296761, 24.058933, 0.0)
(22.295630, 24.018187, 0.0)
(22.327278, 24.011274, 0.0)
(22.286646, 24.012623, 0.0)
(22.253878, 23.953737, 0.0)
(22.291914, 22.195972, 0.0)
(22.264561, 22.055384, 0.0)
(22.243759, 22.082453, 0.0)
(22.243820, 22.083675, 0.0)
(22.227360, 22.100176, 0.0)
(22.207724, 22.110010, 0.0)
(22.196106, 22.112255, 0.0)
(22.197168, 22.112680, 0.0)
(22.184851, 22.105238, 0.0)
(22.168467, 22.103767, 0.0)
(22.184851, 22.105238, 0.0)
(22.163591, 22.111416, 0.0)
(22.148270, 22.111971, 0.0)
(21.975512, 22.410851, 0.0)
(21.656109, 23.166536, 0.0)
(21.632689, 23.245693, 0.0)
(21.634169, 23.296804, 0.0)
(21.579193, 23.407753, 0.0)
(21.547258, 23.396257, 0.0)
(21.720583, 24.135855, 0.0)
(21.979458, 24.751177, 0.0)
(21.969336, 24.937124, 0.0)
(21.940948, 25.077738, 0.0)
(21.952999, 25.187763, 0.0)
(21.951532, 25.288128, 0.0)
(21.957590, 25.355209, 0.0)
(21.976828, 25.457792, 0.0)
(21.952065, 25.516079, 0.0)
(21.939531, 25.586126, 0.0)
(21.939877, 26.467911, 0.0)
(22.136402, 27.080544, 0.0)
(22.191896, 27.394287, 0.0)
(22.585037, 27.968231, 0.0)
(22.614567, 28.129230, 0.0)
(22.586676, 28.240654, 0.0)
(22.569475, 28.302658, 0.0)
(22.553205, 28.354431, 0.0)
(22.525154, 28.603319, 0.0)
(22.657423, 29.456808, 0.0)
(22.644384, 29.634932, 0.0)
(22.571390, 29.663431, 0.0)
(22.572041, 29.667654, 0.0)
(22.569815, 29.728889, 0.0)
(22.551615, 29.831835, 0.0)
(22.714399, 30.059401, 0.0)
(23.209295, 31.034576, 0.0)
(23.219284, 31.132915, 0.0)
(23.179485, 31.167702, 0.0)
(23.169218, 31.183134, 0.0)
(23.172615, 31.181257, 0.0)
(23.612988, 31.873949, 0.0)
(23.857557, 32.421131, 0.0)
(23.831102, 32.507774, 0.0)
(23.809469, 32.509171, 0.0)
(23.783604, 32.523365, 0.0)
(23.743210, 32.563442, 0.0)
(23.715576, 32.617783, 0.0)
(23.721682, 32.625740, 0.0)
(23.907843, 33.094456, 0.0)
(23.938168, 33.221722, 0.0)
(23.859198, 33.242271, 0.0)
(23.867760, 33.248341, 0.0)
(23.861837, 33.247189, 0.0)
(23.833952, 33.281578, 0.0)
(23.801474, 33.318512, 0.0)
(23.839092, 33.293930, 0.0)
(23.858501, 33.272213, 0.0)
(23.857075, 33.264130, 0.0)
(23.847256, 33.262787, 0.0)
(23.843983, 33.287846, 0.0)
(23.834831, 33.331783, 0.0)
(23.838688, 33.350986, 0.0)
(23.820955, 33.363426, 0.0)
(23.822348, 33.344547, 0.0)
(23.819399, 33.313908, 0.0)
(23.850601, 33.342602, 0.0)
(23.826736, 33.347824, 0.0)
(23.816380, 33.345013, 0.0)
(23.833324, 33.350410, 0.0)
(23.793680, 33.870377, 0.0)
(23.803219, 33.942268, 0.0)
(23.813391, 33.891087, 0.0)
(23.794849, 33.896118, 0.0)
(23.776056, 33.896778, 0.0)
(23.803288, 33.900955, 0.0)
(23.800686, 33.899364, 0.0)
(23.801201, 33.921677, 0.0)
(23.800125, 33.929131, 0.0)
(23.799906, 33.943657, 0.0)
(23.805332, 33.943932, 0.0)
(23.793503, 33.949772, 0.0)
(23.791811, 33.949432, 0.0)
(23.787174, 33.962509, 0.0)
(23.779722, 34.000969, 0.0)
(23.765970, 33.998180, 0.0)
(23.762863, 33.971294, 0.0)
(23.773201, 33.971436, 0.0)
(23.768398, 33.964958, 0.0)
(23.769119, 33.936764, 0.0)
(23.768953, 33.924824, 0.0)
(23.759338, 33.939793, 0.0)
(23.772154, 33.965115, 0.0)
(23.772247, 33.988976, 0.0)
(23.767374, 33.932350, 0.0)
(23.787609, 33.908882, 0.0)
(23.804956, 33.944012, 0.0)
(23.770178, 33.952850, 0.0)
(23.771759, 33.942665, 0.0)
(23.774944, 33.939556, 0.0)
(23.782845, 33.927032, 0.0)
(23.804585, 33.932907, 0.0)
(23.821808, 33.918800, 0.0)
(23.839800, 33.875702, 0.0)
(23.838699, 33.888016, 0.0)
(23.836941, 33.884964, 0.0)
(23.816603, 33.882465, 0.0)
(23.835466, 33.888599, 0.0)
(23.821693, 33.867847, 0.0)
(23.827278, 33.869793, 0.0)
(23.812761, 33.887043, 0.0)
(23.991751, 33.824867, 0.0)
(24.034529, 33.401016, 0.0)
(24.000914, 33.323345, 0.0)
(24.125780, 33.325989, 0.0)
(24.181084, 33.322124, 0.0)
(24.116932, 33.303150, 0.0)
(24.246527, 34.703007, 0.0)
(24.283632, 35.600971, 0.0)
(24.166447, 34.871918, 0.0)
(23.847084, 33.932899, 0.0)
(23.836601, 33.793232, 0.0)
(23.785574, 33.811085, 0.0)
(23.785000, 33.811821, 0.0)
(24.229023, 36.440811, 0.0)
(24.360884, 37.225060, 0.0)
(24.346497, 35.378757, 0.0)
(24.158180, 34.499992, 0.0)
(23.956734, 34.030373, 0.0)
(23.903564, 33.910000, 0.0)
(24.350760, 35.465412, 0.0)
(0.000000, 0.000000, 1.0)
(25.049187, 35.315956, 0.0)
(24.640863, 34.094158, 0.0)
(24.446156, 33.617508, 0.0)
(24.408228, 33.514763, 0.0)
(24.457235, 33.566696, 0.0)
(24.444460, 33.565899, 0.0)
(24.413363, 33.628891, 0.0)
(24.413752, 33.633812, 0.0)
(24.419970, 33.643650, 0.0)
