(32.908203, 24.769827, 0.0)
(33.079494, 24.679569, 0.0)
(34.305721, 24.864218, 0.0)
(34.888435, 24.864967, 0.0)
(34.981392, 24.802338, 0.0)
(35.033634, 24.779608, 0.0)
(35.036179, 24.743063, 0.0)
(35.033840, 24.697992, 0.0)
(35.042759, 24.672775, 0.0)
(35.097191, 24.649733, 0.0)
(35.118614, 24.654278, 0.0)
(35.121574, 24.632896, 0.0)
(35.127796, 24.642679, 0.0)
(35.119587, 24.665651, 0.0)
(35.076923, 24.667456, 0.0)
(34.957573, 24.752312, 0.0)
(34.969524, 24.752018, 0.0)
(34.930737, 24.745480, 0.0)
(34.926968, 24.734716, 0.0)
(34.910374, 24.748919, 0.0)
(35.122391, 24.740602, 0.0)
(35.149303, 24.737133, 0.0)
(35.133072, 24.754993, 0.0)
(35.141418, 24.761843, 0.0)
(35.129696, 24.754383, 0.0)
(35.109097, 24.736206, 0.0)
(35.104153, 24.740202, 0.0)
(35.104198, 24.752750, 0.0)
(35.094566, 24.750277, 0.0)
(35.079510, 24.821995, 0.0)
(35.072208, 24.870329, 0.0)
(35.042305, 24.867764, 0.0)
(35.040550, 24.858677, 0.0)
(35.029259, 24.858225, 0.0)
(35.023197, 24.854950, 0.0)
(35.041748, 24.854586, 0.0)
(34.996532, 24.864325, 0.0)
(35.001530, 24.879549, 0.0)
(35.021648, 24.893784, 0.0)
(35.015095, 24.913383, 0.0)
(34.974869, 24.902786, 0.0)
(34.951912, 24.936531, 0.0)
(34.843605, 24.892307, 0.0)
(34.864029, 24.688990, 0.0)
(34.894199, 24.795816, 0.0)
(34.896442, 24.840240, 0.0)
(34.935612, 24.866846, 0.0)
(34.937366, 24.900341, 0.0)
(34.885971, 24.907093, 0.0)
(34.880180, 24.928238, 0.0)
(34.879372, 24.950834, 0.0)
(34.882515, 24.947811, 0.0)
(34.890545, 24.952560, 0.0)
(34.901566, 24.934311, 0.0)
(34.907082, 24.912973, 0.0)
(34.892418, 24.872442, 0.0)
(34.895966, 24.887047, 0.0)
(34.932972, 24.878996, 0.0)
(34.940971, 24.869623, 0.0)
(34.925335, 24.839245, 0.0)
(34.938751, 24.858257, 0.0)
(34.938004, 24.871403, 0.0)
(34.966694, 24.849159, 0.0)
(34.969486, 24.833590, 0.0)
(34.996983, 24.843599, 0.0)
(35.015522, 24.833349, 0.0)
(35.046219, 24.806437, 0.0)
(35.036739, 24.774446, 0.0)
(35.045334, 24.768839, 0.0)
(35.053200, 24.767145, 0.0)
(34.920231, 24.759487, 0.0)
(34.873524, 24.824059, 0.0)
(34.878658, 24.784801, 0.0)
(34.875126, 24.793163, 0.0)
(34.863453, 24.794014, 0.0)
(34.839748, 24.801523, 0.0)
(34.981037, 24.721203, 0.0)
(34.988514, 24.759310, 0.0)
(34.977501, 24.757498, 0.0)
(34.986340, 24.771267, 0.0)
(34.973190, 24.811356, 0.0)
(34.944920, 24.822205, 0.0)
(34.951714, 24.859455, 0.0)
(34.944927, 24.856161, 0.0)
(34.943226, 24.887342, 0.0)
(34.934814, 24.913126, 0.0)
(34.927341, 24.956120, 0.0)
(34.939457, 24.939272, 0.0)
(34.936226, 24.950529, 0.0)
(34.941628, 24.938385, 0.0)
(34.970699, 24.949814, 0.0)
(34.979229, 24.943590, 0.0)
(34.993828, 24.947977, 0.0)
(35.005863, 24.949799, 0.0)
(34.852394, 24.992014, 0.0)
(34.861771, 24.994362, 0.0)
(34.861771, 24.994362, 0.0)
(34.855003, 24.999294, 0.0)
(34.842873, 25.014542, 0.0)
(34.835327, 25.014771, 0.0)
(34.836445, 24.990372, 0.0)
(35.024033, 24.982220, 0.0)
(35.023792, 24.965614, 0.0)
(35.056004, 25.005587, 0.0)
(35.076767, 25.068998, 0.0)
(35.091183, 25.067141, 0.0)
(35.078815, 25.069420, 0.0)
(35.048904, 25.076084, 0.0)
(35.057259, 25.038799, 0.0)
(35.054913, 25.024231, 0.0)
(35.067673, 24.991053, 0.0)
(35.071934, 24.970898, 0.0)
(35.067814, 24.969231, 0.0)
(35.071934, 24.970898, 0.0)
(35.064384, 24.987452, 0.0)
(35.075146, 24.996771, 0.0)
(35.076439, 25.012136, 0.0)
(35.075073, 25.028877, 0.0)
(35.061642, 25.011988, 0.0)
(35.061508, 25.017357, 0.0)
(35.075146, 25.027372, 0.0)
(35.077190, 25.053215, 0.0)
(35.062233, 25.034565, 0.0)
(35.084160, 25.038223, 0.0)
(35.078640, 25.032446, 0.0)
(35.060783, 25.029066, 0.0)
(35.047924, 25.040701, 0.0)
(34.778656, 24.964977, 0.0)
(34.750401, 24.957626, 0.0)
(34.768894, 24.976309, 0.0)
(34.760708, 24.978216, 0.0)
(34.742043, 24.996283, 0.0)
(34.749062, 24.993193, 0.0)
(35.027184, 24.990404, 0.0)
(35.043514, 24.949160, 0.0)
(35.025341, 24.935127, 0.0)
(35.029144, 24.947157, 0.0)
(35.022854, 24.946165, 0.0)
(35.007095, 24.950949, 0.0)
(34.999390, 24.967974, 0.0)
(34.993317, 24.942743, 0.0)
(34.980061, 24.959078, 0.0)
(34.958755, 24.985310, 0.0)
(34.948761, 24.992296, 0.0)
(34.963852, 25.011797, 0.0)
(34.935726, 25.021639, 0.0)
(34.927757, 25.028065, 0.0)
(34.935219, 25.066504, 0.0)
(34.933357, 25.055922, 0.0)
(34.924339, 25.037270, 0.0)
(34.920597, 25.026720, 0.0)
(34.735035, 25.060280, 0.0)
(34.658615, 25.074961, 0.0)
(34.671917, 25.071955, 0.0)
(34.703114, 25.110052, 0.0)
(34.657402, 25.073465, 0.0)
(34.673885, 25.043644, 0.0)
(34.944656, 25.067728, 0.0)
(34.970009, 25.044456, 0.0)
(34.937634, 25.008007, 0.0)
(34.930561, 24.997770, 0.0)
(34.935001, 25.020498, 0.0)
(34.927544, 25.019320, 0.0)
(34.736122, 25.066189, 0.0)
(34.736389, 25.058319, 0.0)
(34.741707, 25.032578, 0.0)
(34.717392, 25.026100, 0.0)
(34.723637, 25.019684, 0.0)
(34.738224, 25.022306, 0.0)
(34.852718, 25.018686, 0.0)
(34.980118, 25.021294, 0.0)
(34.987370, 24.979862, 0.0)
(34.988071, 24.995090, 0.0)
(34.988926, 25.020601, 0.0)
(34.739685, 25.020411, 0.0)
(34.730431, 24.997814, 0.0)
(34.739712, 25.003666, 0.0)
(34.751011, 25.008373, 0.0)
(34.755070, 25.006569, 0.0)
(34.760357, 25.012814, 0.0)
(34.772297, 25.019037, 0.0)
(34.778091, 25.026310, 0.0)
(34.778091, 25.026310, 0.0)
(34.783665, 25.022951, 0.0)
(34.778362, 25.024855, 0.0)
(35.010712, 25.308668, 0.0)
(37.093723, 28.092676, 0.0)
(37.164509, 28.243876, 0.0)
(37.132828, 28.219687, 0.0)
(37.088795, 28.243948, 0.0)
(37.077221, 28.228701, 0.0)
(37.072544, 28.225750, 0.0)
(37.071884, 28.243137, 0.0)
(37.061371, 28.251719, 0.0)
(37.023285, 28.228045, 0.0)
(34.053757, 28.977413, 0.0)
(30.863018, 30.252337, 0.0)
(28.436350, 31.152626, 0.0)
(28.044178, 31.318201, 0.0)
(27.958090, 31.282593, 0.0)
(27.962358, 31.310583, 0.0)
(27.958427, 31.292929, 0.0)
(28.140831, 31.090288, 0.0)
(32.040470, 27.738113, 0.0)
(36.474758, 27.304462, 0.0)
(39.613167, 27.826071, 0.0)
(40.896584, 27.978662, 0.0)
(41.095551, 27.974394, 0.0)
(41.058025, 27.979761, 0.0)
(41.063274, 27.971842, 0.0)
(41.065754, 27.935781, 0.0)
(41.361065, 28.250731, 0.0)
(43.017830, 30.454876, 0.0)
(43.054398, 30.550089, 0.0)
(43.001701, 30.543482, 0.0)
(42.988876, 30.523926, 0.0)
(42.976860, 30.526461, 0.0)
(42.970501, 30.529844, 0.0)
(42.415195, 28.232515, 0.0)
(41.565746, 24.673277, 0.0)
(41.431496, 24.312531, 0.0)
(41.443089, 24.352558, 0.0)
(41.460178, 24.319231, 0.0)
(41.473072, 24.326790, 0.0)
(41.526653, 24.428427, 0.0)
(41.280891, 23.623453, 0.0)
(41.040512, 21.843212, 0.0)
(40.968552, 21.102047, 0.0)
(40.968060, 21.127626, 0.0)
(40.968716, 21.162889, 0.0)
(40.981422, 21.148767, 0.0)
(40.981472, 21.149843, 0.0)
(41.005054, 21.162096, 0.0)
(41.013260, 21.182505, 0.0)
(41.035378, 21.203077, 0.0)
(41.077850, 21.204035, 0.0)
(41.686447, 21.401749, 0.0)
(42.202644, 21.608418, 0.0)
(42.304287, 21.783842, 0.0)
(42.337440, 21.819448, 0.0)
(42.332451, 21.832542, 0.0)
(42.309952, 21.816065, 0.0)
(42.303909, 21.757132, 0.0)
(42.306664, 21.728745, 0.0)
(42.304302, 21.710606, 0.0)
(42.292187, 21.696115, 0.0)
(42.296726, 21.690546, 0.0)
(42.296932, 21.704491, 0.0)
(42.298538, 21.749220, 0.0)
(42.277191, 21.745214, 0.0)
(42.277191, 21.772024, 0.0)
(42.279194, 21.754047, 0.0)
(42.266491, 21.740942, 0.0)
(42.249645, 21.735464, 0.0)
(42.272781, 21.743589, 0.0)
(40.889351, 21.192612, 0.0)
(36.741238, 20.103559, 0.0)
(33.408497, 20.430769, 0.0)
(31.088379, 22.837835, 0.0)
(29.176252, 25.721430, 0.0)
(27.690790, 28.213743, 0.0)
(26.767744, 30.345119, 0.0)
(26.533493, 30.630119, 0.0)
(26.468807, 30.595936, 0.0)
(26.424622, 30.614969, 0.0)
(26.398552, 30.612587, 0.0)
(26.424665, 30.582022, 0.0)
(26.434109, 30.570986, 0.0)
(26.433046, 30.565193, 0.0)
(26.449648, 30.576607, 0.0)
(26.111118, 31.769060, 0.0)
(26.324413, 32.513962, 0.0)
(26.318546, 32.534939, 0.0)
(26.298162, 32.540798, 0.0)
(26.280190, 32.515057, 0.0)
(26.259975, 32.523453, 0.0)
(26.456900, 32.548111, 0.0)
(26.610786, 32.604336, 0.0)
(26.588282, 32.584324, 0.0)
(26.560221, 32.572037, 0.0)
(26.561445, 32.530060, 0.0)
(26.569214, 32.510197, 0.0)
(26.579706, 32.423801, 0.0)
(26.567581, 32.408157, 0.0)
(26.554335, 32.391537, 0.0)
(26.545235, 32.381752, 0.0)
(26.529560, 32.339668, 0.0)
(26.523928, 32.315987, 0.0)
(26.528811, 32.298790, 0.0)
(26.543205, 32.235161, 0.0)
(26.542164, 32.181252, 0.0)
(26.549578, 32.181461, 0.0)
(26.444639, 31.314167, 0.0)
(25.678442, 21.727179, 0.0)
(25.757048, 21.590258, 0.0)
(25.672945, 21.753845, 0.0)
(25.679838, 21.805086, 0.0)
(25.674608, 21.833023, 0.0)
(25.653082, 21.848223, 0.0)
(25.642147, 21.841677, 0.0)
(25.651514, 21.834206, 0.0)
(25.365963, 22.256971, 0.0)
(25.323139, 22.334888, 0.0)
(25.326658, 22.344177, 0.0)
(25.340233, 22.374203, 0.0)
(25.910704, 22.111937, 0.0)
(27.112993, 21.677217, 0.0)
(27.163712, 21.591135, 0.0)
(27.129890, 21.560959, 0.0)
(27.188354, 21.530220, 0.0)
(27.175938, 21.526739, 0.0)
(27.160461, 21.489553, 0.0)
(27.173309, 21.512550, 0.0)
(27.171518, 21.510143, 0.0)
(27.177778, 21.466063, 0.0)
(27.170994, 21.488111, 0.0)
(27.202824, 21.478500, 0.0)
(27.220558, 21.432301, 0.0)
(27.196547, 21.446228, 0.0)
(27.210506, 21.447050, 0.0)
(27.219793, 21.451654, 0.0)
(27.206581, 21.479179, 0.0)
(27.220148, 21.458717, 0.0)
(27.210342, 21.447517, 0.0)
(27.218679, 21.400763, 0.0)
(26.780561, 22.035898, 0.0)
(26.754202, 22.217644, 0.0)
(26.757877, 22.207603, 0.0)
(28.514223, 22.362379, 0.0)
(34.307076, 24.186487, 0.0)
(34.312138, 24.010918, 0.0)
(34.364548, 24.193333, 0.0)
(34.472343, 24.221951, 0.0)
(35.103363, 24.610268, 0.0)
(35.170353, 24.820759, 0.0)
(35.158680, 24.808933, 0.0)
(35.166748, 24.842300, 0.0)
(35.165638, 24.824049, 0.0)
(35.154537, 24.811121, 0.0)
(35.093025, 24.866922, 0.0)
(35.035789, 24.934851, 0.0)
(35.016228, 24.947136, 0.0)
(35.032372, 24.960384, 0.0)
(35.020470, 24.950346, 0.0)
(35.025574, 24.951359, 0.0)
(35.252804, 24.873144, 0.0)
(35.296604, 24.896635, 0.0)
(35.276840, 24.894133, 0.0)
(35.256302, 24.885517, 0.0)
(35.204792, 24.903893, 0.0)
(35.043648, 24.948212, 0.0)
(35.003170, 24.955336, 0.0)
(35.003170, 24.955336, 0.0)
(35.019096, 24.958523, 0.0)
(35.040073, 24.967731, 0.0)
(35.019360, 24.974848, 0.0)
(35.025185, 25.003439, 0.0)
(35.029305, 25.003899, 0.0)
(35.216579, 24.902170, 0.0)
(35.220856, 24.925270, 0.0)
(35.225048, 24.936474, 0.0)
(35.219379, 24.944040, 0.0)
(35.224903, 24.942230, 0.0)
(35.214470, 24.949646, 0.0)
(34.324291, 25.328691, 0.0)
(31.041595, 28.307291, 0.0)
(28.644880, 31.227013, 0.0)
(27.598127, 32.462585, 0.0)
(27.402102, 32.540684, 0.0)
(27.378967, 32.554493, 0.0)
(27.353041, 32.542473, 0.0)
(27.339678, 32.532703, 0.0)
(27.338917, 32.517006, 0.0)
(27.334583, 32.470081, 0.0)
(29.325361, 31.867424, 0.0)
(29.472483, 31.865391, 0.0)
(29.529089, 31.851299, 0.0)
(29.643307, 31.811638, 0.0)
(30.104353, 31.722057, 0.0)
(32.176041, 31.113155, 0.0)
(32.608932, 31.133945, 0.0)
(32.775486, 31.123100, 0.0)
(32.952065, 31.044645, 0.0)
(33.133148, 31.066755, 0.0)
(33.281776, 31.105925, 0.0)
(33.412239, 31.081097, 0.0)
(35.213482, 31.375229, 0.0)
(35.647171, 31.298740, 0.0)
(35.730637, 31.317154, 0.0)
(35.822399, 31.338314, 0.0)
(35.911850, 31.348906, 0.0)
(37.270252, 31.314213, 0.0)
(38.101261, 31.074314, 0.0)
(38.189610, 30.995310, 0.0)
(38.276524, 30.961916, 0.0)
(38.409332, 30.941313, 0.0)
(38.479294, 30.909798, 0.0)
(38.710537, 30.870001, 0.0)
(40.511280, 30.664381, 0.0)
(40.732708, 30.630592, 0.0)
(40.791222, 30.574804, 0.0)
(40.873322, 30.544579, 0.0)
(40.910126, 30.535477, 0.0)
(41.550617, 30.483181, 0.0)
(42.635517, 30.430449, 0.0)
(42.696182, 30.356598, 0.0)
(42.692024, 30.385717, 0.0)
(42.680458, 30.373905, 0.0)
(42.668194, 30.378471, 0.0)
(42.666260, 30.361958, 0.0)
(42.667782, 30.342915, 0.0)
(42.659302, 30.326880, 0.0)
(42.667076, 30.305044, 0.0)
(42.680637, 30.299154, 0.0)
(42.652248, 30.301416, 0.0)
(42.661572, 30.324244, 0.0)
(42.657158, 30.318644, 0.0)
(42.689602, 30.316528, 0.0)
(42.716885, 30.312586, 0.0)
(42.707516, 30.270769, 0.0)
(42.714508, 30.261679, 0.0)
(43.025513, 29.759499, 0.0)
(43.083523, 29.601051, 0.0)
(43.056149, 29.614130, 0.0)
(43.059643, 29.611553, 0.0)
(43.076355, 29.641703, 0.0)
(41.031441, 30.220148, 0.0)
(40.841618, 30.281551, 0.0)
(40.798977, 30.258345, 0.0)
(40.742268, 30.233782, 0.0)
(40.643684, 30.224325, 0.0)
(40.546165, 30.264032, 0.0)
(40.461323, 30.275244, 0.0)
(39.897610, 30.309715, 0.0)
(38.341419, 30.469114, 0.0)
(38.114391, 30.478018, 0.0)
(37.956131, 30.483627, 0.0)
(37.856297, 30.506775, 0.0)
(37.671432, 30.511742, 0.0)
(37.585815, 30.516459, 0.0)
(36.258682, 30.586351, 0.0)
(35.787117, 30.709335, 0.0)
(35.646370, 30.697483, 0.0)
(35.532696, 30.697140, 0.0)
(35.433544, 30.730618, 0.0)
(35.348034, 30.775127, 0.0)
(35.202850, 30.767799, 0.0)
(35.071899, 30.750893, 0.0)
(33.530655, 30.729818, 0.0)
(33.275982, 30.787922, 0.0)
(33.159065, 30.788645, 0.0)
(33.034958, 30.774057, 0.0)
(32.953354, 30.779919, 0.0)
(31.432367, 30.871149, 0.0)
(31.088924, 30.914173, 0.0)
(30.994583, 30.989288, 0.0)
(30.915705, 30.986467, 0.0)
(30.831444, 30.955124, 0.0)
(30.657709, 31.023516, 0.0)
(28.389330, 31.605160, 0.0)
(27.084816, 31.892239, 0.0)
(27.000193, 31.960587, 0.0)
(26.990297, 31.934137, 0.0)
(26.965534, 31.907555, 0.0)
(26.939507, 31.907467, 0.0)
(26.939157, 31.885393, 0.0)
(26.933142, 31.877821, 0.0)
(26.950125, 31.868210, 0.0)
(26.945505, 31.908751, 0.0)
(26.930023, 31.902863, 0.0)
(26.924314, 31.891216, 0.0)
(26.805653, 31.860674, 0.0)
(26.271284, 31.465471, 0.0)
(26.117439, 31.434803, 0.0)
(26.130251, 31.456461, 0.0)
(26.135965, 31.468067, 0.0)
(26.139353, 31.446859, 0.0)
(26.172945, 31.414097, 0.0)
(26.038116, 31.279819, 0.0)
(25.935474, 30.909336, 0.0)
(25.957287, 30.860783, 0.0)
(25.977983, 30.839010, 0.0)
(28.311491, 30.546165, 0.0)
(28.574957, 30.568329, 0.0)
(28.724495, 30.499781, 0.0)
(28.953722, 30.354515, 0.0)
(29.152737, 30.359098, 0.0)
(29.366034, 30.282827, 0.0)
(29.609690, 30.203297, 0.0)
(29.885445, 30.125502, 0.0)
(30.701061, 30.108656, 0.0)
(31.044720, 30.100996, 0.0)
(31.263565, 30.020527, 0.0)
(31.535872, 30.003263, 0.0)
(31.811243, 29.979053, 0.0)
(32.068321, 29.951300, 0.0)
(33.445263, 29.929810, 0.0)
(35.281094, 29.855042, 0.0)
(35.600456, 29.816463, 0.0)
(35.819168, 29.811174, 0.0)
(36.039661, 29.787186, 0.0)
(36.266975, 29.761003, 0.0)
(36.490276, 29.768375, 0.0)
(36.688885, 29.756592, 0.0)
(36.851860, 29.781130, 0.0)
(37.012501, 29.769571, 0.0)
(37.189625, 29.731598, 0.0)
(37.390182, 29.780247, 0.0)
(37.582787, 29.775534, 0.0)
(39.086342, 29.714911, 0.0)
(39.308266, 29.700645, 0.0)
(39.463291, 29.747473, 0.0)
(39.581451, 29.747202, 0.0)
(39.689438, 29.753578, 0.0)
(39.786068, 29.788208, 0.0)
(41.192028, 29.745331, 0.0)
(41.526012, 29.709496, 0.0)
(41.569214, 29.682405, 0.0)
(41.625034, 29.702854, 0.0)
(41.629646, 29.703873, 0.0)
(41.667294, 29.738544, 0.0)
(41.671535, 29.743149, 0.0)
(41.695374, 29.726093, 0.0)
(41.918774, 29.797403, 0.0)
(42.781277, 29.753296, 0.0)
(42.851273, 29.740435, 0.0)
(42.858097, 29.748131, 0.0)
(42.867142, 29.730452, 0.0)
(42.874237, 29.710083, 0.0)
(42.897694, 29.709978, 0.0)
(42.909847, 29.685745, 0.0)
(42.935352, 29.643000, 0.0)
(43.141788, 29.413507, 0.0)
(43.190147, 29.144293, 0.0)
(43.192780, 29.133064, 0.0)
(43.180199, 29.107279, 0.0)
(43.173256, 29.084408, 0.0)
(43.172337, 29.073442, 0.0)
(42.263165, 28.924116, 0.0)
(41.774796, 28.975748, 0.0)
(41.689388, 28.940969, 0.0)
(41.605312, 28.895164, 0.0)
(41.512798, 28.933836, 0.0)
(40.792473, 28.951479, 0.0)
(39.585281, 29.114531, 0.0)
(39.340488, 29.111111, 0.0)
(39.208652, 29.080893, 0.0)
(39.078205, 29.095959, 0.0)
(38.900146, 29.096350, 0.0)
(38.804630, 29.082621, 0.0)
(37.178177, 29.080355, 0.0)
(36.631416, 29.165611, 0.0)
(36.448605, 29.181383, 0.0)
(36.320885, 29.210257, 0.0)
(36.186893, 29.230442, 0.0)
(36.135124, 29.273771, 0.0)
(35.328228, 29.303553, 0.0)
(34.564827, 29.378670, 0.0)
(34.424698, 29.395454, 0.0)
(34.306862, 29.412907, 0.0)
(34.227921, 29.397860, 0.0)
(34.125343, 29.456276, 0.0)
(34.055538, 29.484968, 0.0)
(33.799072, 29.554604, 0.0)
(32.090862, 29.852140, 0.0)
(31.843761, 29.916853, 0.0)
(31.777147, 29.938610, 0.0)
(31.635628, 29.909449, 0.0)
(31.510683, 29.934038, 0.0)
(31.427471, 29.931526, 0.0)
(31.178452, 30.024240, 0.0)
(30.113708, 30.184273, 0.0)
(29.913221, 30.214994, 0.0)
(29.843977, 30.226511, 0.0)
(28.491604, 30.450157, 0.0)
(27.163221, 30.634216, 0.0)
(27.000221, 30.620880, 0.0)
(26.958834, 30.593884, 0.0)
(26.946854, 30.609041, 0.0)
(26.911556, 30.620275, 0.0)
(26.913931, 30.620777, 0.0)
(26.889376, 30.602865, 0.0)
(26.871080, 30.608845, 0.0)
(26.852072, 30.600216, 0.0)
(26.285589, 30.511845, 0.0)
(26.121090, 30.506197, 0.0)
(26.127167, 30.511333, 0.0)
(26.130344, 30.531063, 0.0)
(26.171234, 30.539005, 0.0)
(26.174683, 30.543388, 0.0)
(26.187994, 30.502934, 0.0)
(26.189192, 30.449818, 0.0)
(25.929382, 29.855299, 0.0)
(25.913588, 29.769770, 0.0)
(25.943642, 29.757692, 0.0)
(27.113436, 29.324867, 0.0)
(27.803247, 29.184427, 0.0)
(28.045479, 29.117218, 0.0)
(28.296516, 29.001663, 0.0)
(28.531637, 28.941189, 0.0)
(28.793215, 28.860611, 0.0)
(29.133411, 28.765070, 0.0)
(29.395729, 28.746294, 0.0)
(29.710350, 28.628872, 0.0)
(29.967821, 28.570923, 0.0)
(30.398262, 28.522457, 0.0)
(32.798519, 28.360785, 0.0)
(33.263763, 28.315540, 0.0)
(33.531956, 28.302351, 0.0)
(33.843575, 28.244011, 0.0)
(34.156128, 28.266666, 0.0)
(34.400867, 28.250631, 0.0)
(34.666801, 28.195959, 0.0)
(34.864811, 28.163748, 0.0)
(35.103294, 28.125883, 0.0)
(35.312752, 28.115479, 0.0)
(35.521774, 28.104753, 0.0)
(35.822208, 28.143450, 0.0)
(36.977314, 28.303366, 0.0)
(37.280666, 28.278206, 0.0)
(37.481106, 28.270187, 0.0)
(37.637012, 28.246811, 0.0)
(37.871597, 28.272152, 0.0)
(38.081383, 28.290838, 0.0)
(38.464870, 28.317659, 0.0)
(39.585510, 28.379826, 0.0)
(39.853077, 28.368229, 0.0)
(40.048706, 28.435450, 0.0)
(40.241135, 28.499617, 0.0)
(40.414574, 28.493855, 0.0)
(41.433907, 28.592766, 0.0)
(41.636845, 28.536406, 0.0)
(41.754608, 28.566231, 0.0)
(41.845791, 28.565842, 0.0)
(41.959702, 28.595320, 0.0)
(42.007973, 28.555437, 0.0)
(42.141605, 28.547720, 0.0)
(43.166840, 28.668518, 0.0)
(43.249218, 28.703236, 0.0)
(43.246159, 28.689402, 0.0)
(43.245480, 28.705153, 0.0)
(43.266499, 28.722589, 0.0)
(43.252266, 28.715315, 0.0)
(43.295254, 28.765162, 0.0)
(43.307182, 28.742857, 0.0)
(43.302021, 28.750551, 0.0)
(43.284466, 28.743908, 0.0)
(43.222591, 28.082869, 0.0)
(43.224064, 27.994459, 0.0)
(43.226425, 28.009964, 0.0)
(43.203899, 27.994513, 0.0)
(43.210506, 27.964153, 0.0)
(42.153732, 27.999214, 0.0)
(41.987209, 27.987856, 0.0)
(41.922146, 28.025595, 0.0)
(41.737549, 27.953613, 0.0)
(41.566784, 28.027658, 0.0)
(39.830086, 28.051579, 0.0)
(39.415760, 28.094326, 0.0)
(39.227219, 28.090149, 0.0)
(39.035805, 28.052834, 0.0)
(38.829044, 28.031822, 0.0)
(38.723682, 28.043921, 0.0)
(38.531494, 28.073236, 0.0)
(38.414009, 28.074921, 0.0)
(38.256092, 28.087631, 0.0)
(38.139210, 28.114182, 0.0)
(36.781883, 28.054518, 0.0)
(36.122311, 28.158751, 0.0)
(35.913055, 28.158669, 0.0)
(35.740311, 28.165613, 0.0)
(35.598175, 28.181160, 0.0)
(34.993553, 28.263290, 0.0)
(32.531555, 28.399265, 0.0)
(31.970455, 28.483334, 0.0)
(31.816641, 28.488234, 0.0)
(31.717829, 28.485062, 0.0)
(31.562677, 28.521515, 0.0)
(31.500000, 28.514530, 0.0)
(31.361624, 28.527258, 0.0)
(31.280094, 28.510534, 0.0)
(31.209402, 28.502798, 0.0)
(31.112463, 28.515411, 0.0)
(29.733936, 28.780451, 0.0)
(29.074183, 28.966427, 0.0)
(28.906059, 29.004538, 0.0)
(28.847813, 28.986170, 0.0)
(28.372770, 29.157721, 0.0)
(27.273191, 29.391415, 0.0)
(27.064859, 29.421000, 0.0)
(27.034782, 29.420797, 0.0)
(26.987391, 29.413225, 0.0)
(26.964594, 29.419544, 0.0)
(26.923613, 29.399618, 0.0)
(26.919125, 29.377634, 0.0)
(26.902054, 29.375235, 0.0)
(26.560450, 29.429913, 0.0)
(26.305197, 29.460579, 0.0)
(26.305223, 29.429188, 0.0)
(26.295284, 29.449318, 0.0)
(26.286161, 29.450098, 0.0)
(26.294353, 29.442640, 0.0)
(26.306126, 29.401127, 0.0)
(26.285574, 29.244007, 0.0)
(26.214338, 28.629076, 0.0)
(26.249454, 28.551414, 0.0)
(26.270895, 28.553846, 0.0)
(26.400064, 28.531311, 0.0)
(26.518789, 28.479374, 0.0)
(26.653873, 28.445560, 0.0)
(26.789228, 28.406481, 0.0)
(28.063536, 28.364059, 0.0)
(28.361967, 28.312498, 0.0)
(28.601496, 28.193130, 0.0)
(28.835838, 28.146154, 0.0)
(28.998646, 28.118189, 0.0)
(29.229900, 28.101160, 0.0)
(30.141375, 27.937473, 0.0)
(30.667034, 27.838339, 0.0)
(30.873863, 27.819330, 0.0)
(31.126385, 27.774761, 0.0)
(31.397224, 27.709549, 0.0)
(31.651018, 27.694510, 0.0)
(33.416035, 27.473206, 0.0)
(33.802807, 27.341198, 0.0)
(34.030106, 27.321554, 0.0)
(34.325790, 27.288790, 0.0)
(34.547890, 27.268091, 0.0)
(34.808964, 27.243738, 0.0)
(35.044640, 27.223787, 0.0)
(35.233265, 27.230574, 0.0)
(36.468220, 27.081141, 0.0)
(36.900532, 27.020979, 0.0)
(37.146404, 26.971889, 0.0)
(37.315399, 26.968594, 0.0)
(37.461727, 26.954117, 0.0)
(37.618343, 26.929451, 0.0)
(37.836536, 26.942299, 0.0)
(38.720463, 26.961727, 0.0)
(39.344467, 26.989100, 0.0)
(39.575626, 27.052565, 0.0)
(39.707939, 27.062025, 0.0)
(39.902378, 27.080179, 0.0)
(40.052708, 27.172209, 0.0)
(40.672516, 27.270966, 0.0)
(41.233444, 27.257898, 0.0)
(41.386124, 27.331305, 0.0)
(41.511127, 27.328735, 0.0)
(41.634605, 27.369404, 0.0)
(42.135277, 27.412449, 0.0)
(42.526745, 27.438913, 0.0)
(42.570103, 27.455622, 0.0)
(42.593132, 27.394590, 0.0)
(42.639286, 27.470615, 0.0)
(42.665882, 27.526899, 0.0)
(42.665882, 27.526899, 0.0)
(42.822269, 27.338608, 0.0)
(43.081837, 27.219433, 0.0)
(43.132519, 27.259260, 0.0)
(43.116089, 27.242117, 0.0)
(43.077038, 27.210896, 0.0)
(42.981441, 27.077732, 0.0)
(42.735531, 26.769230, 0.0)
(42.606174, 26.666666, 0.0)
(42.554840, 26.654181, 0.0)
(42.506927, 26.646723, 0.0)
(42.361134, 26.604395, 0.0)
(42.244762, 26.613832, 0.0)
(41.355927, 26.762573, 0.0)
(41.139954, 26.832088, 0.0)
(41.014908, 26.811337, 0.0)
(40.837616, 26.830769, 0.0)
(40.715515, 26.807989, 0.0)
(40.575577, 26.852373, 0.0)
(39.592098, 26.733410, 0.0)
(39.343021, 26.726894, 0.0)
(39.183281, 26.722412, 0.0)
(39.024158, 26.719053, 0.0)
(38.933098, 26.683708, 0.0)
(37.677258, 26.643972, 0.0)
(37.458561, 26.640636, 0.0)
(37.330608, 26.638758, 0.0)
(37.148708, 26.616842, 0.0)
(36.648636, 26.632967, 0.0)
(35.307861, 26.668264, 0.0)
(35.056911, 26.694138, 0.0)
(34.907410, 26.708252, 0.0)
(34.678131, 26.694693, 0.0)
(34.539337, 26.780333, 0.0)
(33.581268, 26.929335, 0.0)
(32.782265, 26.974667, 0.0)
(32.554913, 26.999771, 0.0)
(32.458118, 27.036766, 0.0)
(32.308926, 27.068752, 0.0)
(32.235970, 27.072365, 0.0)
(31.130381, 27.312922, 0.0)
(30.584360, 27.497210, 0.0)
(30.464886, 27.453907, 0.0)
(30.345034, 27.476742, 0.0)
(30.262371, 27.515614, 0.0)
(28.820276, 27.812426, 0.0)
(28.466721, 27.865009, 0.0)
(28.357067, 27.914141, 0.0)
(28.284788, 27.939463, 0.0)
(28.214806, 27.926552, 0.0)
(27.720341, 28.136753, 0.0)
(26.857727, 28.390596, 0.0)
(26.717161, 28.409019, 0.0)
(26.680964, 28.449434, 0.0)
(26.619097, 28.474512, 0.0)
(26.571537, 28.473276, 0.0)
(26.299208, 28.524681, 0.0)
(25.984949, 28.579971, 0.0)
(25.968147, 28.531675, 0.0)
(25.979256, 28.536791, 0.0)
(26.012869, 28.522497, 0.0)
(26.044189, 28.520489, 0.0)
(26.068565, 28.520382, 0.0)
(26.140215, 28.450495, 0.0)
(26.160082, 28.106840, 0.0)
(26.277685, 27.933863, 0.0)
(26.415054, 27.921701, 0.0)
(26.543159, 27.858732, 0.0)
(26.707554, 27.847719, 0.0)
(26.851206, 27.720673, 0.0)
(28.054195, 27.203671, 0.0)
(28.370310, 27.103296, 0.0)
(28.615177, 27.013161, 0.0)
(28.851357, 26.903315, 0.0)
(29.079306, 26.814524, 0.0)
(29.361767, 26.766043, 0.0)
(29.589336, 26.701664, 0.0)
(30.022976, 26.652077, 0.0)
(31.236052, 26.340374, 0.0)
(31.612682, 26.287882, 0.0)
(31.859627, 26.205170, 0.0)
(32.115883, 26.171602, 0.0)
(32.405415, 26.125546, 0.0)
(32.660763, 26.093731, 0.0)
(32.922699, 26.063629, 0.0)
(34.166374, 26.147730, 0.0)
(34.942825, 26.106461, 0.0)
(35.198868, 26.082764, 0.0)
(35.429718, 26.074690, 0.0)
(35.682945, 26.104765, 0.0)
(35.898476, 26.079645, 0.0)
(36.035313, 26.086643, 0.0)
(36.238602, 26.081072, 0.0)
(36.377518, 26.067169, 0.0)
(37.384895, 25.978157, 0.0)
(37.984749, 25.992741, 0.0)
(38.085968, 26.021818, 0.0)
(38.178646, 26.042961, 0.0)
(38.310207, 26.066458, 0.0)
(39.283466, 26.144707, 0.0)
(39.959755, 26.221216, 0.0)
(40.062782, 26.213835, 0.0)
(40.202560, 26.158031, 0.0)
(40.294418, 26.173946, 0.0)
(40.440250, 26.198431, 0.0)
(41.399124, 26.282728, 0.0)
(41.653118, 26.391115, 0.0)
(41.727066, 26.452843, 0.0)
(41.860500, 26.521709, 0.0)
(41.863941, 26.472359, 0.0)
(42.580002, 26.585377, 0.0)
(42.883236, 26.736155, 0.0)
(42.940128, 26.721367, 0.0)
(43.043549, 26.762701, 0.0)
(43.301311, 26.765823, 0.0)
(43.626663, 26.693830, 0.0)
(43.666393, 26.690947, 0.0)
(43.648891, 26.765562, 0.0)
(43.642902, 26.843639, 0.0)
(43.599983, 26.748718, 0.0)
(43.327030, 25.961946, 0.0)
(43.286057, 25.863415, 0.0)
(43.277649, 25.878132, 0.0)
(43.216534, 25.839441, 0.0)
(42.050587, 25.583719, 0.0)
(41.457130, 25.664103, 0.0)
(41.272099, 25.616623, 0.0)
(41.142788, 25.582005, 0.0)
(40.956074, 25.576260, 0.0)
(40.452271, 25.526854, 0.0)
(39.241173, 25.673283, 0.0)
(38.973026, 25.643589, 0.0)
(38.749783, 25.603796, 0.0)
(38.596519, 25.567513, 0.0)
(38.409870, 25.566853, 0.0)
(38.274071, 25.574514, 0.0)
(38.115749, 25.557478, 0.0)
(38.019680, 25.547167, 0.0)
(37.887947, 25.561577, 0.0)
(37.141312, 26.609819, 0.0)
(35.330009, 25.837666, 0.0)
(35.069180, 25.264740, 0.0)
(34.948967, 25.234827, 0.0)
(34.753605, 25.312820, 0.0)
(34.585400, 25.328171, 0.0)
(33.080372, 25.525787, 0.0)
(32.532700, 25.678469, 0.0)
(32.342419, 25.731426, 0.0)
(32.207893, 25.755161, 0.0)
(31.633863, 25.911491, 0.0)
(30.275301, 26.249804, 0.0)
(30.011757, 26.322226, 0.0)
(29.846409, 26.367937, 0.0)
(29.715685, 26.383833, 0.0)
(29.601673, 26.390310, 0.0)
(29.533855, 26.408403, 0.0)
(28.402014, 26.761007, 0.0)
(28.110796, 26.844154, 0.0)
(28.016985, 26.859350, 0.0)
(27.957760, 26.883432, 0.0)
(27.931980, 26.908251, 0.0)
(27.041170, 27.261538, 0.0)
(26.632111, 27.350979, 0.0)
(26.577744, 27.338539, 0.0)
(26.573240, 27.361284, 0.0)
(26.548597, 27.373196, 0.0)
(26.534294, 27.369389, 0.0)
(26.532063, 27.352488, 0.0)
(26.523518, 27.355516, 0.0)
(26.535564, 27.342510, 0.0)
(26.542620, 27.325026, 0.0)
(26.566534, 27.312685, 0.0)
(26.603029, 27.119320, 0.0)
(26.354992, 26.393234, 0.0)
(26.210945, 26.224199, 0.0)
(26.220995, 26.222204, 0.0)
(26.322809, 26.224852, 0.0)
(26.546993, 26.202141, 0.0)
(26.773840, 26.178656, 0.0)
(26.990326, 26.068527, 0.0)
(27.936199, 25.853558, 0.0)
(28.894335, 25.529230, 0.0)
(29.219786, 25.444040, 0.0)
(29.598103, 25.332678, 0.0)
(29.888285, 25.253788, 0.0)
(30.169100, 25.191730, 0.0)
(30.471579, 25.145607, 0.0)
(30.798960, 25.055752, 0.0)
(31.007729, 25.010128, 0.0)
(31.302738, 24.979935, 0.0)
(31.572824, 24.936600, 0.0)
(31.795122, 24.948189, 0.0)
(32.070290, 24.873026, 0.0)
(32.312710, 24.851051, 0.0)
(33.389114, 24.852882, 0.0)
(33.757015, 24.829866, 0.0)
(33.923866, 24.823971, 0.0)
(34.099487, 24.859255, 0.0)
(34.297333, 24.833553, 0.0)
(35.483906, 24.894283, 0.0)
(35.858925, 24.960238, 0.0)
(35.973518, 24.992065, 0.0)
(36.110317, 24.932211, 0.0)
(36.226501, 24.893801, 0.0)
(36.491650, 24.960709, 0.0)
(38.086765, 24.938618, 0.0)
(38.278954, 25.006935, 0.0)
(38.360268, 25.022921, 0.0)
(38.563446, 25.056229, 0.0)
(38.643429, 25.091408, 0.0)
(39.260818, 25.146427, 0.0)
(40.147156, 25.161909, 0.0)
(40.267506, 25.177488, 0.0)
(40.669010, 25.276537, 0.0)
(42.601849, 25.987816, 0.0)
(42.928322, 26.093687, 0.0)
(43.031784, 26.142252, 0.0)
(43.036430, 26.148121, 0.0)
(43.284309, 26.206467, 0.0)
(43.713058, 26.270611, 0.0)
(43.737522, 26.264925, 0.0)
(43.741871, 26.269352, 0.0)
(43.756336, 26.308481, 0.0)
(43.710766, 26.283503, 0.0)
(43.708900, 26.279598, 0.0)
(43.725925, 26.284428, 0.0)
(43.703922, 26.253506, 0.0)
(43.687210, 26.233280, 0.0)
(43.688770, 26.232250, 0.0)
(43.334064, 24.970320, 0.0)
(43.330273, 24.808792, 0.0)
(43.313622, 24.828197, 0.0)
(43.317211, 24.844315, 0.0)
(43.318913, 24.879068, 0.0)
(43.314159, 24.861538, 0.0)
(42.683483, 24.881203, 0.0)
(42.065208, 25.100149, 0.0)
(41.922855, 25.042233, 0.0)
(41.832275, 25.071375, 0.0)
(41.651112, 25.061701, 0.0)
(40.314808, 24.762722, 0.0)
(39.745132, 24.756403, 0.0)
(39.510849, 24.781136, 0.0)
(39.308949, 24.721863, 0.0)
(39.192299, 24.746096, 0.0)
(39.039230, 24.728466, 0.0)
(38.818188, 24.704203, 0.0)
(38.710052, 24.677080, 0.0)
(38.512058, 24.634220, 0.0)
(37.332657, 24.484821, 0.0)
(37.125355, 24.456793, 0.0)
(36.940979, 24.460241, 0.0)
(36.843674, 24.470625, 0.0)
(36.694229, 24.449200, 0.0)
(35.060722, 24.453314, 0.0)
(34.694813, 24.486874, 0.0)
(34.586308, 24.450449, 0.0)
(34.410839, 24.477360, 0.0)
(34.286568, 24.461458, 0.0)
(32.991371, 24.619629, 0.0)
(31.913496, 24.838270, 0.0)
(31.739317, 24.864555, 0.0)
(31.638218, 24.828356, 0.0)
(31.520412, 24.873402, 0.0)
(31.436638, 24.882841, 0.0)
(30.595655, 25.098730, 0.0)
(29.478167, 25.302057, 0.0)
(29.306984, 25.408413, 0.0)
(29.168978, 25.436304, 0.0)
(29.105112, 25.424944, 0.0)
(28.903414, 25.474836, 0.0)
(27.978792, 25.920420, 0.0)
(27.793503, 25.992876, 0.0)
(27.719631, 26.002356, 0.0)
(27.686872, 26.054993, 0.0)
(27.150988, 26.314678, 0.0)
(25.695761, 26.825859, 0.0)
(25.263014, 27.000572, 0.0)
(25.259598, 27.006506, 0.0)
(25.269968, 26.980522, 0.0)
(25.270142, 26.973503, 0.0)
(25.264797, 26.964052, 0.0)
(25.281183, 26.954145, 0.0)
(25.303682, 26.905949, 0.0)
(25.288450, 26.884464, 0.0)
(25.311716, 26.868593, 0.0)
(25.273129, 26.406837, 0.0)
(25.233652, 25.864820, 0.0)
(25.245926, 25.837988, 0.0)
(25.279675, 25.837465, 0.0)
(25.365761, 25.816660, 0.0)
(25.556219, 25.726105, 0.0)
(26.989937, 25.415516, 0.0)
(27.242575, 25.255703, 0.0)
(27.422068, 25.125158, 0.0)
(27.708508, 25.008253, 0.0)
(27.964653, 24.927179, 0.0)
(28.205536, 24.842821, 0.0)
(28.500500, 24.759211, 0.0)
(28.782928, 24.641060, 0.0)
(30.122810, 24.406345, 0.0)
(30.503380, 24.274187, 0.0)
(30.728374, 24.209736, 0.0)
(30.971399, 24.176054, 0.0)
(31.212797, 24.099659, 0.0)
(31.440374, 24.099037, 0.0)
(31.653477, 24.067614, 0.0)
(31.875608, 24.062881, 0.0)
(33.326576, 23.782040, 0.0)
(33.798729, 23.713755, 0.0)
(33.982975, 23.678322, 0.0)
(34.231930, 23.682028, 0.0)
(34.494083, 23.678505, 0.0)
(35.478928, 23.674006, 0.0)
(36.164680, 23.618607, 0.0)
(36.424843, 23.637186, 0.0)
(36.565979, 23.662268, 0.0)
(36.695965, 23.677879, 0.0)
(36.792473, 23.712429, 0.0)
(36.944336, 23.701855, 0.0)
(37.065567, 23.729231, 0.0)
(38.327099, 23.803209, 0.0)
(38.585365, 23.782902, 0.0)
(38.686897, 23.794872, 0.0)
(38.840164, 23.786730, 0.0)
(39.846138, 23.915924, 0.0)
(40.826839, 24.121824, 0.0)
(41.042660, 24.167372, 0.0)
(41.152931, 24.220768, 0.0)
(41.252460, 24.201015, 0.0)
(41.332153, 24.238161, 0.0)
(42.577396, 24.750544, 0.0)
(43.000881, 24.861538, 0.0)
(43.064739, 24.858461, 0.0)
(43.085014, 24.843901, 0.0)
(43.099422, 24.853846, 0.0)
(43.099422, 24.853846, 0.0)
(43.089649, 24.842426, 0.0)
(43.102325, 24.856909, 0.0)
(43.074417, 24.858442, 0.0)
(43.286118, 24.886845, 0.0)
(43.433754, 24.884062, 0.0)
(43.433754, 24.884062, 0.0)
(43.414158, 24.882318, 0.0)
(43.060921, 24.484930, 0.0)
(42.806385, 24.226206, 0.0)
(42.783703, 24.223307, 0.0)
(42.749496, 24.246895, 0.0)
(42.334393, 24.097540, 0.0)
(41.732048, 24.076582, 0.0)
(41.609497, 24.021290, 0.0)
(41.493641, 24.000000, 0.0)
(41.380825, 23.971121, 0.0)
(41.308189, 23.891047, 0.0)
(40.171761, 23.659027, 0.0)
(39.946301, 23.678411, 0.0)
(39.852592, 23.652548, 0.0)
(39.725082, 23.601690, 0.0)
(39.593315, 23.574886, 0.0)
(38.528831, 23.500063, 0.0)
(37.600094, 23.453062, 0.0)
(37.408405, 23.415306, 0.0)
(37.290554, 23.368078, 0.0)
(37.178261, 23.414303, 0.0)
(37.063004, 23.362968, 0.0)
(36.946590, 23.389538, 0.0)
(36.852409, 23.397238, 0.0)
(35.319481, 23.302362, 0.0)
(35.126980, 23.329983, 0.0)
(35.035435, 23.308411, 0.0)
(34.911102, 23.324457, 0.0)
(34.801121, 23.294779, 0.0)
(33.771736, 23.397875, 0.0)
(32.519276, 23.674242, 0.0)
(32.309963, 23.663143, 0.0)
(32.193718, 23.713375, 0.0)
(32.060406, 23.738323, 0.0)
(31.982851, 23.737272, 0.0)
(31.077532, 23.927212, 0.0)
(30.199865, 24.154123, 0.0)
(30.050009, 24.195971, 0.0)
(29.985405, 24.158720, 0.0)
(29.879053, 24.202002, 0.0)
(29.055210, 24.447731, 0.0)
(28.199335, 24.696110, 0.0)
(28.106400, 24.761295, 0.0)
(28.064480, 24.723249, 0.0)
(28.027704, 24.739016, 0.0)
(27.595402, 24.928919, 0.0)
(26.678524, 25.240236, 0.0)
(26.577278, 25.281828, 0.0)
(26.562654, 25.284281, 0.0)
(26.558868, 25.313089, 0.0)
(26.564726, 25.266125, 0.0)
(26.558472, 25.283293, 0.0)
(26.565090, 25.252335, 0.0)
(26.577055, 25.264668, 0.0)
(26.614466, 25.229734, 0.0)
(26.656815, 25.220873, 0.0)
(26.695982, 25.191757, 0.0)
(26.732975, 25.148800, 0.0)
(26.732264, 24.656326, 0.0)
(26.754671, 24.568476, 0.0)
(26.895954, 24.549519, 0.0)
(26.964190, 24.479443, 0.0)
(27.064325, 24.432323, 0.0)
(27.190752, 24.379288, 0.0)
(27.369804, 24.297354, 0.0)
(27.486706, 24.245899, 0.0)
(27.652222, 24.223475, 0.0)
(27.868584, 24.152006, 0.0)
(28.626143, 23.884239, 0.0)
(30.082855, 23.410685, 0.0)
(30.405308, 23.313730, 0.0)
(30.615051, 23.236444, 0.0)
(30.837324, 23.187790, 0.0)
(31.141050, 23.127802, 0.0)
(31.411657, 23.089527, 0.0)
(31.681866, 23.049601, 0.0)
(31.918474, 22.948090, 0.0)
(32.184971, 22.911562, 0.0)
(32.431332, 22.867905, 0.0)
(32.677956, 22.874533, 0.0)
(32.872005, 22.835831, 0.0)
(34.197971, 22.700920, 0.0)
(34.428505, 22.638063, 0.0)
(34.594807, 22.604551, 0.0)
(34.779034, 22.632479, 0.0)
(34.966618, 22.623188, 0.0)
(36.500530, 22.580860, 0.0)
(36.733215, 22.585207, 0.0)
(36.893127, 22.586819, 0.0)
(37.047905, 22.595121, 0.0)
(37.174644, 22.617123, 0.0)
(38.565510, 22.855127, 0.0)
(39.123783, 22.950338, 0.0)
(39.328892, 23.049746, 0.0)
(39.402611, 23.052652, 0.0)
(39.531235, 23.105974, 0.0)
(39.594170, 23.112782, 0.0)
(40.022228, 23.141626, 0.0)
(40.814781, 23.274870, 0.0)
(40.993141, 23.345078, 0.0)
(41.027550, 23.351368, 0.0)
(41.071171, 23.286785, 0.0)
(41.389576, 23.428318, 0.0)
(42.327991, 23.803705, 0.0)
(42.399021, 23.816599, 0.0)
(42.408360, 23.800129, 0.0)
(42.454445, 23.822525, 0.0)
(42.443096, 23.778862, 0.0)
(42.788910, 23.832687, 0.0)
(42.924522, 23.863405, 0.0)
(42.949860, 23.867620, 0.0)
(42.929241, 23.854996, 0.0)
(42.916973, 23.831469, 0.0)
(42.866924, 23.767216, 0.0)
(42.857090, 23.770845, 0.0)
(42.047894, 23.240816, 0.0)
(41.995552, 23.254595, 0.0)
(41.947746, 23.205538, 0.0)
(41.851044, 23.162722, 0.0)
(41.753548, 23.119480, 0.0)
(41.689003, 23.136145, 0.0)
(41.544945, 23.065485, 0.0)
(41.474678, 23.033051, 0.0)
(41.159443, 22.885719, 0.0)
(40.301861, 22.620056, 0.0)
(40.077824, 22.553696, 0.0)
(39.946907, 22.498461, 0.0)
(39.817490, 22.492962, 0.0)
(39.604366, 22.416538, 0.0)
(38.837116, 22.306721, 0.0)
(37.737057, 22.354828, 0.0)
(37.459755, 22.354204, 0.0)
(37.306660, 22.355360, 0.0)
(37.134895, 22.359838, 0.0)
(36.986031, 22.369871, 0.0)
(36.823929, 22.389582, 0.0)
(36.686428, 22.373743, 0.0)
(36.194809, 22.416367, 0.0)
(35.086124, 22.394777, 0.0)
(34.875813, 22.331984, 0.0)
(34.739883, 22.327564, 0.0)
(34.615337, 22.291515, 0.0)
(34.495243, 22.293085, 0.0)
(33.409527, 22.436144, 0.0)
(32.864830, 22.433136, 0.0)
(32.756939, 22.445391, 0.0)
(32.675121, 22.424202, 0.0)
(32.538017, 22.441420, 0.0)
(30.640202, 23.074020, 0.0)
(30.041779, 23.207920, 0.0)
(29.875145, 23.219692, 0.0)
(29.767101, 23.273998, 0.0)
(29.674904, 23.299591, 0.0)
(29.550589, 23.346470, 0.0)
(28.978058, 23.513666, 0.0)
(28.397245, 23.658600, 0.0)
(28.247856, 23.697361, 0.0)
(28.194624, 23.723972, 0.0)
(28.130140, 23.722784, 0.0)
(28.119122, 23.750046, 0.0)
(27.276794, 24.140778, 0.0)
(26.837057, 24.419127, 0.0)
(26.825798, 24.423439, 0.0)
(26.818735, 24.415039, 0.0)
(26.815809, 24.403605, 0.0)
(26.808311, 24.355925, 0.0)
(26.830740, 24.367027, 0.0)
(26.854774, 24.428047, 0.0)
(26.878862, 24.413454, 0.0)
(26.917662, 24.403566, 0.0)
(26.963125, 24.391512, 0.0)
(26.768076, 23.711201, 0.0)
(26.761570, 23.538528, 0.0)
(26.790180, 23.531778, 0.0)
(26.848692, 23.510044, 0.0)
(26.917978, 23.501980, 0.0)
(27.080780, 23.475630, 0.0)
(27.277071, 23.394144, 0.0)
(27.501520, 23.327345, 0.0)
(27.783079, 23.170910, 0.0)
(28.041445, 23.050219, 0.0)
(28.291685, 22.950296, 0.0)
(28.549091, 22.864508, 0.0)
(28.768497, 22.732687, 0.0)
(30.079016, 22.218773, 0.0)
(30.442879, 22.129230, 0.0)
(30.666718, 22.042608, 0.0)
(30.907951, 21.982046, 0.0)
(31.128656, 21.894236, 0.0)
(31.360699, 21.881035, 0.0)
(31.585770, 21.853376, 0.0)
(31.759016, 21.799061, 0.0)
(33.119144, 21.692541, 0.0)
(33.336838, 21.693861, 0.0)
(33.573448, 21.686344, 0.0)
(33.757950, 21.664110, 0.0)
(33.947609, 21.681179, 0.0)
(35.098511, 21.571022, 0.0)
(35.559483, 21.515907, 0.0)
(35.767262, 21.480333, 0.0)
(35.875629, 21.463320, 0.0)
(35.964985, 21.484514, 0.0)
(36.383617, 21.537138, 0.0)
(37.869614, 21.593658, 0.0)
(38.072014, 21.580404, 0.0)
(38.224098, 21.596399, 0.0)
(38.334999, 21.595480, 0.0)
(38.434391, 21.560478, 0.0)
(38.516842, 21.580690, 0.0)
(38.583881, 21.580452, 0.0)
(38.729553, 21.617842, 0.0)
(40.461407, 21.889833, 0.0)
(40.597733, 21.942640, 0.0)
(40.672386, 21.935978, 0.0)
(40.725533, 21.938559, 0.0)
(40.731449, 21.929367, 0.0)
(41.325134, 22.146791, 0.0)
(42.591309, 22.652231, 0.0)
(42.709610, 22.714157, 0.0)
(42.734241, 22.663877, 0.0)
(42.743801, 22.699112, 0.0)
(42.746971, 22.675930, 0.0)
(42.740021, 22.685072, 0.0)
(42.760139, 22.682585, 0.0)
(42.734241, 22.663877, 0.0)
(42.729061, 22.650076, 0.0)
(42.333302, 22.002607, 0.0)
(42.173409, 21.869530, 0.0)
(42.132305, 21.836016, 0.0)
(42.088776, 21.847744, 0.0)
(42.024902, 21.807995, 0.0)
(42.009708, 21.857946, 0.0)
(41.975273, 21.854258, 0.0)
(41.358051, 21.645073, 0.0)
(40.334042, 21.530365, 0.0)
(40.149502, 21.538860, 0.0)
(39.926399, 21.424091, 0.0)
(39.819496, 21.424587, 0.0)
(39.719540, 21.357841, 0.0)
(38.788277, 21.226595, 0.0)
(38.206928, 21.223850, 0.0)
(38.000919, 21.236759, 0.0)
(37.829136, 21.194824, 0.0)
(37.725540, 21.167711, 0.0)
(37.566101, 21.167725, 0.0)
(37.487103, 21.160307, 0.0)
(37.371014, 21.141121, 0.0)
(37.254086, 21.152618, 0.0)
(37.079769, 21.085384, 0.0)
(35.937557, 21.063105, 0.0)
(35.747337, 21.081743, 0.0)
(35.604134, 21.008858, 0.0)
(35.486423, 20.976784, 0.0)
(35.355442, 21.001530, 0.0)
(33.839188, 21.197237, 0.0)
(33.586769, 21.191952, 0.0)
(33.414780, 21.153708, 0.0)
(33.289356, 21.156199, 0.0)
(33.187428, 21.148010, 0.0)
(31.973787, 21.372604, 0.0)
(31.165117, 21.531773, 0.0)
(31.043575, 21.600492, 0.0)
(30.947977, 21.647491, 0.0)
(30.869513, 21.699509, 0.0)
(29.877647, 22.039200, 0.0)
(29.330553, 22.257420, 0.0)
(29.146160, 22.275265, 0.0)
(29.074753, 22.321590, 0.0)
(29.008999, 22.365107, 0.0)
(28.940863, 22.378540, 0.0)
(28.410656, 22.579264, 0.0)
(27.891415, 22.771809, 0.0)
(27.813761, 22.797831, 0.0)
(27.792994, 22.771481, 0.0)
(27.778336, 22.770828, 0.0)
(27.734528, 22.758276, 0.0)
(27.735067, 22.750641, 0.0)
(27.739418, 22.733107, 0.0)
(27.743757, 22.738144, 0.0)
(27.750895, 22.732212, 0.0)
(27.765333, 22.742123, 0.0)
(27.772493, 22.730083, 0.0)
(27.738285, 22.728409, 0.0)
(27.154114, 22.737719, 0.0)
(26.819059, 22.675249, 0.0)
(26.838259, 22.657185, 0.0)
(26.871256, 22.629076, 0.0)
(26.910183, 22.628994, 0.0)
(27.039736, 22.550426, 0.0)
(27.161522, 22.505148, 0.0)
(27.318878, 22.470243, 0.0)
(27.471964, 22.331276, 0.0)
(27.698832, 22.204840, 0.0)
(27.926355, 22.148785, 0.0)
(28.129187, 22.030458, 0.0)
(28.612453, 21.652815, 0.0)
(28.863314, 21.420282, 0.0)
(29.042719, 21.348143, 0.0)
(29.277084, 21.261465, 0.0)
(29.458124, 21.171045, 0.0)
(30.275246, 20.910561, 0.0)
(31.087296, 20.669737, 0.0)
(31.328358, 20.566990, 0.0)
(31.551516, 20.543331, 0.0)
(31.739914, 20.540102, 0.0)
(32.475159, 20.431408, 0.0)
(33.654728, 20.328381, 0.0)
(33.975826, 20.310490, 0.0)
(34.216908, 20.300753, 0.0)
(34.457096, 20.277716, 0.0)
(34.697540, 20.292894, 0.0)
(34.829899, 20.282095, 0.0)
(34.993362, 20.256351, 0.0)
(36.226974, 20.253801, 0.0)
(36.567566, 20.279127, 0.0)
(36.705433, 20.287706, 0.0)
(36.829922, 20.285250, 0.0)
(36.959988, 20.255156, 0.0)
(37.950947, 20.401989, 0.0)
(38.866104, 20.558893, 0.0)
(39.036510, 20.573320, 0.0)
(39.129955, 20.626591, 0.0)
(39.239204, 20.672220, 0.0)
(39.370659, 20.695677, 0.0)
(39.707333, 20.770851, 0.0)
(40.520195, 21.055435, 0.0)
(40.629456, 21.082262, 0.0)
(40.651737, 21.093552, 0.0)
(40.778397, 21.179138, 0.0)
(40.840481, 21.214674, 0.0)
(41.834969, 21.489408, 0.0)
(42.167747, 21.761171, 0.0)
(42.200462, 21.747776, 0.0)
(42.206757, 21.757824, 0.0)
(42.242237, 21.771940, 0.0)
(42.608253, 21.932739, 0.0)
(42.831882, 22.087107, 0.0)
(42.866402, 22.104443, 0.0)
(42.840858, 22.088434, 0.0)
(42.790199, 21.979631, 0.0)
(42.784336, 21.951897, 0.0)
(41.991684, 20.997355, 0.0)
(41.687252, 20.697166, 0.0)
(41.614250, 20.627693, 0.0)
(41.587967, 20.632313, 0.0)
(41.572548, 20.616560, 0.0)
(41.540737, 20.596178, 0.0)
(41.498470, 20.610561, 0.0)
(41.499420, 20.643847, 0.0)
(40.149170, 20.350702, 0.0)
(39.737789, 20.273203, 0.0)
(39.576946, 20.248602, 0.0)
(39.492538, 20.261097, 0.0)
(39.311829, 20.174028, 0.0)
(39.162743, 20.149927, 0.0)
(38.979408, 20.095469, 0.0)
(38.830860, 20.086956, 0.0)
(38.089638, 20.063395, 0.0)
(37.558643, 20.067551, 0.0)
(37.407494, 20.076729, 0.0)
(37.256420, 20.069786, 0.0)
(37.072422, 20.014488, 0.0)
(36.540668, 20.026108, 0.0)
(35.542767, 20.037531, 0.0)
(35.305252, 20.036427, 0.0)
(35.168823, 20.011419, 0.0)
(35.044689, 20.017784, 0.0)
(34.131779, 20.190430, 0.0)
(33.050205, 20.501991, 0.0)
(32.814709, 20.516737, 0.0)
(32.700775, 20.522617, 0.0)
(32.565037, 20.532415, 0.0)
(32.047382, 20.562941, 0.0)
(31.328857, 20.569193, 0.0)
(31.169645, 20.592289, 0.0)
(31.060743, 20.615234, 0.0)
(31.023964, 20.602240, 0.0)
(30.028084, 20.814238, 0.0)
(29.428181, 21.013866, 0.0)
(29.347303, 21.023718, 0.0)
(29.267927, 21.045488, 0.0)
(29.154102, 21.055319, 0.0)
(28.507828, 21.416763, 0.0)
(27.453886, 22.053059, 0.0)
(27.213812, 22.144257, 0.0)
(27.170950, 22.133923, 0.0)
(27.140348, 22.189281, 0.0)
(27.108175, 22.184616, 0.0)
(27.077173, 22.200733, 0.0)
(26.791269, 22.318352, 0.0)
(26.066221, 22.683392, 0.0)
(25.995079, 22.733885, 0.0)
(26.000031, 22.716663, 0.0)
(25.981361, 22.716484, 0.0)
(25.988440, 22.697908, 0.0)
(26.024118, 22.681765, 0.0)
(26.033295, 22.664616, 0.0)
(26.067480, 22.594950, 0.0)
(26.100203, 22.560030, 0.0)
(26.141212, 22.538576, 0.0)
(26.503716, 21.807133, 0.0)
(26.573725, 21.661539, 0.0)
(26.665613, 21.615910, 0.0)
(26.779070, 21.567404, 0.0)
(26.865396, 21.544043, 0.0)
(27.609840, 21.025343, 0.0)
(27.922966, 20.880451, 0.0)
(28.147854, 20.815794, 0.0)
(28.380823, 20.687782, 0.0)
(28.676342, 20.592886, 0.0)
(28.953152, 20.449934, 0.0)
(30.894588, 19.839766, 0.0)
(31.449177, 19.769722, 0.0)
(31.694033, 19.685522, 0.0)
(31.928785, 19.688616, 0.0)
(32.164791, 19.677603, 0.0)
(32.335258, 19.624359, 0.0)
(32.497078, 19.593449, 0.0)
(32.667183, 19.612011, 0.0)
(32.883804, 19.604773, 0.0)
(33.050514, 19.563879, 0.0)
(33.195507, 19.571579, 0.0)
(33.342808, 19.558470, 0.0)
(33.561176, 19.505121, 0.0)
(34.779850, 19.611429, 0.0)
(35.315647, 19.579800, 0.0)
(35.516949, 19.581871, 0.0)
(35.685272, 19.608912, 0.0)
(35.848095, 19.588421, 0.0)
(35.996075, 19.598757, 0.0)
(37.392578, 19.748001, 0.0)
(37.599625, 19.729334, 0.0)
(37.787094, 19.762827, 0.0)
(37.989254, 19.799707, 0.0)
(38.077904, 19.807837, 0.0)
(38.674068, 19.958570, 0.0)
(39.695351, 20.083950, 0.0)
(39.969658, 20.190258, 0.0)
(40.019596, 20.182529, 0.0)
(40.127815, 20.226793, 0.0)
(40.163906, 20.222906, 0.0)
(40.203419, 20.259941, 0.0)
(40.276192, 20.301640, 0.0)
(40.645725, 20.491108, 0.0)
(41.668568, 20.903479, 0.0)
(41.827446, 20.957266, 0.0)
(41.900002, 20.977692, 0.0)
(41.900913, 20.909100, 0.0)
(41.975826, 20.898302, 0.0)
(42.273380, 20.985212, 0.0)
(42.773262, 21.373781, 0.0)
(42.852711, 21.490860, 0.0)
(42.861191, 21.503792, 0.0)
(42.864788, 21.522108, 0.0)
(42.853374, 21.524593, 0.0)
(42.837242, 21.508015, 0.0)
(42.831932, 21.513508, 0.0)
(42.893658, 21.691887, 0.0)
(43.615547, 23.819088, 0.0)
(43.626217, 23.959454, 0.0)
(43.654240, 23.985540, 0.0)
(43.639439, 24.053450, 0.0)
(43.634941, 24.071074, 0.0)
(43.647316, 24.127333, 0.0)
(43.647316, 24.127333, 0.0)
(43.647316, 24.127333, 0.0)
(43.686562, 24.163860, 0.0)
(44.038536, 24.846886, 0.0)
(44.078781, 24.922890, 0.0)
(44.084965, 24.945335, 0.0)
(44.089462, 24.975264, 0.0)
(44.065212, 24.958820, 0.0)
(44.064655, 24.985352, 0.0)
(44.064655, 24.985352, 0.0)
(44.061108, 24.990477, 0.0)
(44.068680, 25.017849, 0.0)
(44.143963, 25.451180, 0.0)
(44.416698, 27.409231, 0.0)
(44.357513, 27.910006, 0.0)
(44.354950, 27.956720, 0.0)
(44.346821, 27.989857, 0.0)
(44.327038, 28.039404, 0.0)
(44.327808, 28.000000, 0.0)
(44.338142, 28.111872, 0.0)
(44.330883, 28.089352, 0.0)
(44.335457, 28.067165, 0.0)
(44.307732, 28.067181, 0.0)
(44.307732, 28.067181, 0.0)
(44.307732, 28.067181, 0.0)
(44.294552, 28.077578, 0.0)
(44.297710, 28.095514, 0.0)
(44.285076, 28.133734, 0.0)
(44.282703, 28.164274, 0.0)
(44.294064, 28.194670, 0.0)
(44.268353, 28.236567, 0.0)
(44.313858, 29.513397, 0.0)
(44.224651, 30.093723, 0.0)
(44.129089, 30.160456, 0.0)
(44.114418, 30.149733, 0.0)
(44.135342, 30.176310, 0.0)
(44.131588, 30.217640, 0.0)
(44.107555, 30.203531, 0.0)
(44.083809, 30.138664, 0.0)
(44.073086, 30.133066, 0.0)
(44.085419, 30.143005, 0.0)
(44.063435, 30.179724, 0.0)
(44.063190, 30.996784, 0.0)
(44.030128, 31.170784, 0.0)
(44.017559, 31.167149, 0.0)
(43.983288, 31.104950, 0.0)
(43.978489, 31.030081, 0.0)
(43.953182, 30.968847, 0.0)
(43.949226, 30.967131, 0.0)
(43.933605, 30.936373, 0.0)
(43.942600, 30.919863, 0.0)
(43.794041, 29.945562, 0.0)
(43.726105, 29.193975, 0.0)
(43.681782, 29.056938, 0.0)
(43.698826, 29.017046, 0.0)
(43.723873, 28.987514, 0.0)
(43.731827, 28.882698, 0.0)
(43.747860, 28.870794, 0.0)
(43.752934, 28.671921, 0.0)
(43.762199, 28.534594, 0.0)
(43.539711, 27.534065, 0.0)
(43.522736, 27.254068, 0.0)
(43.548794, 27.118668, 0.0)
(43.534927, 26.982359, 0.0)
(43.547642, 26.872164, 0.0)
(43.629105, 26.644005, 0.0)
(43.711784, 26.448133, 0.0)
(43.736012, 26.308624, 0.0)
(43.723167, 26.204575, 0.0)
(43.706028, 26.113239, 0.0)
(43.614536, 25.505585, 0.0)
(43.308792, 24.219433, 0.0)
(43.279621, 24.066950, 0.0)
(43.275379, 24.059528, 0.0)
(43.257160, 23.974577, 0.0)
(43.266743, 23.924744, 0.0)
(43.252605, 23.863596, 0.0)
(43.255463, 23.858049, 0.0)
(43.242199, 23.804106, 0.0)
(43.356979, 23.837669, 0.0)
(43.439461, 23.855301, 0.0)
(43.453159, 23.798487, 0.0)
(43.425716, 23.735552, 0.0)
(43.411057, 23.678202, 0.0)
(43.403500, 23.626707, 0.0)
(43.408363, 23.561588, 0.0)
(43.360741, 22.933044, 0.0)
(43.291981, 22.621092, 0.0)
(43.313049, 22.602875, 0.0)
(43.318047, 22.592564, 0.0)
(43.303555, 22.540792, 0.0)
(43.232658, 22.292307, 0.0)
(42.960976, 21.546667, 0.0)
(42.920532, 21.443211, 0.0)
(42.946293, 21.428097, 0.0)
(42.906349, 21.362225, 0.0)
(42.903221, 21.308149, 0.0)
(42.900661, 21.261688, 0.0)
(0.000000, 0.000000, 1.0)
(42.778770, 20.721678, 0.0)
(42.720203, 20.757374, 0.0)
(42.681404, 20.740562, 0.0)
(42.670006, 20.743614, 0.0)
(0.000000, 0.000000, 1.0)
(42.351402, 20.599129, 0.0)
(42.304432, 20.610826, 0.0)
(42.218250, 20.654545, 0.0)
(42.220860, 20.664080, 0.0)
(42.212646, 20.696104, 0.0)
(42.184574, 20.705570, 0.0)
(42.658642, 22.559326, 0.0)
(43.160908, 24.782894, 0.0)
(43.103584, 24.922094, 0.0)
(43.076538, 24.897484, 0.0)
(43.051289, 24.933432, 0.0)
(43.032948, 24.990768, 0.0)
(43.034698, 25.016241, 0.0)
(42.988991, 24.355598, 0.0)
(42.911549, 24.144751, 0.0)
(42.933464, 24.173689, 0.0)
(42.963005, 24.249231, 0.0)
(42.965157, 24.284113, 0.0)
(42.978985, 24.316319, 0.0)
(42.983952, 24.320305, 0.0)
(42.962059, 24.339394, 0.0)
(42.976074, 24.365501, 0.0)
(42.971062, 24.440193, 0.0)
(42.949745, 24.439457, 0.0)
(42.952034, 24.447651, 0.0)
(43.292297, 25.694347, 0.0)
(43.250687, 25.930727, 0.0)
(43.232601, 25.951353, 0.0)
(43.236343, 25.985525, 0.0)
(43.241268, 26.050247, 0.0)
(43.243748, 26.073639, 0.0)
(43.228374, 26.058235, 0.0)
(43.225075, 26.083242, 0.0)
(43.129009, 26.324142, 0.0)
(43.249969, 28.651245, 0.0)
(43.167751, 28.087587, 0.0)
(43.213448, 28.187538, 0.0)
(43.188393, 28.155729, 0.0)
(43.199158, 28.211149, 0.0)
(43.210606, 28.261942, 0.0)
(43.235172, 28.290249, 0.0)
(43.236633, 28.382498, 0.0)
(43.185390, 29.027128, 0.0)
(43.192284, 29.211420, 0.0)
(43.201988, 29.208340, 0.0)
(43.194191, 29.204151, 0.0)
(43.176193, 29.157835, 0.0)
(43.182499, 29.157684, 0.0)
(43.180008, 29.142597, 0.0)
(43.162811, 29.153954, 0.0)
(43.136387, 29.081896, 0.0)
(43.143414, 29.117317, 0.0)
(43.121109, 29.149263, 0.0)
(43.121109, 29.149263, 0.0)
(43.115246, 29.128799, 0.0)
(43.111671, 29.114531, 0.0)
(43.103291, 29.056486, 0.0)
(43.091293, 29.025743, 0.0)
(42.873352, 28.829107, 0.0)
(42.639858, 28.516073, 0.0)
(42.611271, 28.433332, 0.0)
(42.632004, 28.386129, 0.0)
(42.637756, 28.352331, 0.0)
(42.629936, 28.242880, 0.0)
(42.628090, 28.139509, 0.0)
(42.644470, 28.067446, 0.0)
(42.647747, 27.988705, 0.0)
(42.631386, 27.850267, 0.0)
(42.624374, 27.786903, 0.0)
(42.647240, 27.750643, 0.0)
(42.641369, 27.684950, 0.0)
(42.622108, 27.579573, 0.0)
(42.579510, 27.098539, 0.0)
(42.485817, 25.959213, 0.0)
(42.459801, 25.832867, 0.0)
(42.474648, 25.814505, 0.0)
(42.457306, 25.711079, 0.0)
(42.470993, 25.694258, 0.0)
(42.473404, 25.616549, 0.0)
(42.539566, 24.747818, 0.0)
(42.432369, 23.934841, 0.0)
(42.456997, 23.879051, 0.0)
(42.435898, 23.892574, 0.0)
(42.408878, 23.862068, 0.0)
(42.386261, 23.795586, 0.0)
(42.361553, 23.789011, 0.0)
(42.351246, 23.711117, 0.0)
(42.298988, 23.593130, 0.0)
(42.298603, 23.584991, 0.0)
(42.270973, 23.489681, 0.0)
(42.280380, 23.464689, 0.0)
(42.269550, 23.441477, 0.0)
(42.280704, 23.423286, 0.0)
(42.080643, 22.817783, 0.0)
(41.911320, 22.015722, 0.0)
(41.861454, 21.923124, 0.0)
(41.859608, 21.887245, 0.0)
(41.839039, 21.858778, 0.0)
(41.813202, 21.819433, 0.0)
(41.826283, 21.741129, 0.0)
(41.812042, 21.679470, 0.0)
(41.364716, 20.365784, 0.0)
(41.283329, 20.191507, 0.0)
(41.265778, 20.190596, 0.0)
(41.265778, 20.190596, 0.0)
(41.267586, 20.174486, 0.0)
(41.291359, 20.242594, 0.0)
(41.044590, 19.982418, 0.0)
(40.981186, 19.878042, 0.0)
(40.974865, 19.910616, 0.0)
(40.983459, 19.938461, 0.0)
(40.971512, 19.947292, 0.0)
(40.945202, 19.943932, 0.0)
(40.957062, 19.985714, 0.0)
(40.987988, 20.029432, 0.0)
(40.982197, 20.038017, 0.0)
(41.080593, 20.611849, 0.0)
(41.476120, 22.425625, 0.0)
(41.439552, 22.514658, 0.0)
(41.416874, 22.521889, 0.0)
(41.430561, 22.561735, 0.0)
(41.432354, 22.592405, 0.0)
(41.449432, 22.621069, 0.0)
(41.421154, 22.645370, 0.0)
(41.450451, 22.692005, 0.0)
(41.465355, 22.731668, 0.0)
(41.485435, 22.765261, 0.0)
(41.479324, 22.798120, 0.0)
(41.488243, 22.873312, 0.0)
(41.505856, 22.940434, 0.0)
(41.836945, 23.890514, 0.0)
(41.832016, 24.420677, 0.0)
(41.835075, 24.536709, 0.0)
(41.833622, 24.582205, 0.0)
(41.837574, 24.602308, 0.0)
(41.839874, 24.640390, 0.0)
(41.844505, 24.757853, 0.0)
(41.843605, 24.735365, 0.0)
(42.082104, 25.681528, 0.0)
(42.034534, 25.988255, 0.0)
(42.037727, 26.018230, 0.0)
(42.036964, 26.001139, 0.0)
(42.014946, 26.015760, 0.0)
(42.012325, 26.065697, 0.0)
(41.997940, 26.061817, 0.0)
(41.992352, 26.087103, 0.0)
(41.992897, 26.079704, 0.0)
(41.987347, 26.117798, 0.0)
(42.101894, 26.943113, 0.0)
(42.125286, 28.197624, 0.0)
(42.098392, 28.380171, 0.0)
(42.090073, 28.394928, 0.0)
(42.059620, 28.431103, 0.0)
(42.036190, 28.424749, 0.0)
(42.026848, 28.429424, 0.0)
(42.024921, 28.447180, 0.0)
(42.027935, 28.458712, 0.0)
(42.020672, 28.491814, 0.0)
(42.087212, 30.441225, 0.0)
(42.077564, 30.640491, 0.0)
(42.048321, 30.589781, 0.0)
(41.989742, 30.572769, 0.0)
(41.991051, 30.579838, 0.0)
(41.971352, 30.586748, 0.0)
(41.962440, 30.591139, 0.0)
(41.955471, 30.596012, 0.0)
(41.955723, 30.571638, 0.0)
(41.943909, 30.618233, 0.0)
(41.932487, 30.537523, 0.0)
(40.956230, 30.533869, 0.0)
(40.809830, 30.567551, 0.0)
(40.795101, 30.564621, 0.0)
(40.778355, 30.594440, 0.0)
(40.761848, 30.574360, 0.0)
(40.777439, 30.351952, 0.0)
(41.021084, 28.971823, 0.0)
(41.030746, 28.790043, 0.0)
(41.017242, 28.667171, 0.0)
(41.007568, 28.587631, 0.0)
(41.031780, 28.523773, 0.0)
(41.044334, 28.431326, 0.0)
(40.833786, 27.136580, 0.0)
(40.810265, 26.343578, 0.0)
(40.791771, 26.367931, 0.0)
(40.751472, 26.265614, 0.0)
(40.756035, 26.230696, 0.0)
(40.738335, 26.178286, 0.0)
(40.740669, 26.098864, 0.0)
(40.721432, 25.999546, 0.0)
(40.724548, 25.995319, 0.0)
(40.723774, 25.960903, 0.0)
(40.729881, 25.907536, 0.0)
(40.740475, 25.844894, 0.0)
(40.924732, 24.957520, 0.0)
(40.913204, 24.701059, 0.0)
(40.895042, 24.692854, 0.0)
(40.893791, 24.658936, 0.0)
(40.879086, 24.593981, 0.0)
(40.888123, 24.556536, 0.0)
(40.900234, 24.540579, 0.0)
(40.612972, 23.173334, 0.0)
(40.594002, 22.892307, 0.0)
(40.591221, 22.897732, 0.0)
(40.569469, 22.847740, 0.0)
(40.563648, 22.797264, 0.0)
(40.551952, 22.772316, 0.0)
(40.583687, 22.737095, 0.0)
(40.438282, 21.671703, 0.0)
(40.342472, 21.280918, 0.0)
(40.313732, 21.237770, 0.0)
(40.315315, 21.254009, 0.0)
(40.299038, 21.254265, 0.0)
(39.992908, 20.568947, 0.0)
(39.775330, 20.159288, 0.0)
(39.727276, 20.122061, 0.0)
(39.727200, 20.101187, 0.0)
(39.729877, 20.087851, 0.0)
(39.736145, 20.091776, 0.0)
(39.728043, 20.082195, 0.0)
(39.913486, 19.639626, 0.0)
(39.890282, 19.580585, 0.0)
(39.875874, 19.621979, 0.0)
(39.875874, 19.621979, 0.0)
(39.875874, 19.621979, 0.0)
(39.854370, 19.613317, 0.0)
(39.870934, 19.644547, 0.0)
(39.192261, 19.831879, 0.0)
(39.130604, 19.873327, 0.0)
(39.100384, 19.865868, 0.0)
(39.080791, 19.907591, 0.0)
(39.068005, 19.953329, 0.0)
(39.077156, 19.980448, 0.0)
(39.077156, 19.980448, 0.0)
(39.558239, 21.161316, 0.0)
(39.609806, 21.730719, 0.0)
(39.608635, 21.773212, 0.0)
(39.567261, 21.789934, 0.0)
(39.545815, 21.848200, 0.0)
(39.542290, 21.889751, 0.0)
(39.530426, 21.901951, 0.0)
(39.568489, 21.916836, 0.0)
(39.591698, 21.950350, 0.0)
(39.795444, 22.634571, 0.0)
(40.091061, 23.684551, 0.0)
(40.091843, 23.839212, 0.0)
(40.072521, 23.824465, 0.0)
(40.086243, 23.886417, 0.0)
(40.076401, 23.919733, 0.0)
(40.067856, 23.995317, 0.0)
(40.061359, 24.085575, 0.0)
(40.079990, 24.186844, 0.0)
(40.123020, 25.091507, 0.0)
(40.092232, 25.189743, 0.0)
(40.076408, 25.204561, 0.0)
(40.041790, 25.234060, 0.0)
(40.041119, 25.268114, 0.0)
(40.053318, 25.331114, 0.0)
(40.308788, 26.380625, 0.0)
(40.308167, 27.091330, 0.0)
(40.275814, 27.162514, 0.0)
(40.277691, 27.186880, 0.0)
(40.262829, 27.218838, 0.0)
(40.267284, 27.211693, 0.0)
(40.256649, 27.235693, 0.0)
(40.246666, 27.194782, 0.0)
(40.237537, 27.205919, 0.0)
(40.290154, 27.685797, 0.0)
(40.449249, 29.164474, 0.0)
(40.378490, 29.343056, 0.0)
(40.336456, 29.256092, 0.0)
(40.299461, 29.230627, 0.0)
(40.265266, 29.207832, 0.0)
(40.280300, 29.196426, 0.0)
(40.263855, 29.253881, 0.0)
(40.267239, 29.202032, 0.0)
(40.323700, 30.522532, 0.0)
(40.303822, 30.739002, 0.0)
(40.273216, 30.688612, 0.0)
(40.261646, 30.671299, 0.0)
(40.259567, 30.632362, 0.0)
(40.222771, 30.676285, 0.0)
(40.209782, 30.717842, 0.0)
(40.175339, 30.661539, 0.0)
(40.196842, 30.676733, 0.0)
(39.329571, 30.615753, 0.0)
(39.218662, 30.608397, 0.0)
(39.247871, 30.603830, 0.0)
(39.280262, 30.617569, 0.0)
(39.272823, 30.602467, 0.0)
(39.280785, 30.564102, 0.0)
(39.281437, 28.514050, 0.0)
(39.271744, 27.912384, 0.0)
(39.257740, 27.826086, 0.0)
(39.241821, 27.779661, 0.0)
(39.249229, 27.684631, 0.0)
(39.238289, 27.596308, 0.0)
(39.244324, 27.619263, 0.0)
(39.234173, 27.609255, 0.0)
(39.252235, 27.594503, 0.0)
(39.232174, 27.525183, 0.0)
(39.241188, 27.466927, 0.0)
(39.200405, 26.273102, 0.0)
(39.192825, 25.849924, 0.0)
(39.201004, 25.783010, 0.0)
(39.220798, 25.701389, 0.0)
(39.207237, 25.671749, 0.0)
(39.170399, 25.625523, 0.0)
(39.211765, 25.569721, 0.0)
(39.194813, 25.582129, 0.0)
(39.105179, 24.585567, 0.0)
(39.029858, 24.034664, 0.0)
(39.002956, 23.936384, 0.0)
(39.038376, 23.910761, 0.0)
(39.005653, 23.841278, 0.0)
(38.986652, 23.822069, 0.0)
(39.002182, 23.815384, 0.0)
(38.829369, 23.166451, 0.0)
(38.693272, 21.902699, 0.0)
(38.632145, 21.855986, 0.0)
(38.636456, 21.861675, 0.0)
(38.605877, 21.845062, 0.0)
(38.588913, 21.809376, 0.0)
(38.580872, 21.781668, 0.0)
(38.584972, 21.766714, 0.0)
(38.565086, 21.293417, 0.0)
(38.427021, 20.440800, 0.0)
(38.366432, 20.382010, 0.0)
(38.343212, 20.395493, 0.0)
(38.300102, 20.375637, 0.0)
(38.291962, 20.410387, 0.0)
(38.278000, 20.401447, 0.0)
(38.277161, 20.440237, 0.0)
(38.268795, 20.472719, 0.0)
(38.042389, 19.952942, 0.0)
(37.881958, 19.664316, 0.0)
(37.838036, 19.690660, 0.0)
(37.816036, 19.712132, 0.0)
(37.802681, 19.710728, 0.0)
(37.810085, 19.743692, 0.0)
(37.803623, 19.743521, 0.0)
(37.042580, 19.759880, 0.0)
(36.979618, 19.815384, 0.0)
(36.966595, 19.841759, 0.0)
(36.945328, 19.889074, 0.0)
(36.928734, 19.936169, 0.0)
(36.905117, 19.967730, 0.0)
(37.041485, 20.299540, 0.0)
(37.756622, 22.095341, 0.0)
(37.743671, 22.219629, 0.0)
(37.678509, 22.221607, 0.0)
(37.688507, 22.249687, 0.0)
(37.648537, 22.299084, 0.0)
(37.641106, 22.315681, 0.0)
(37.629932, 22.309383, 0.0)
(37.627758, 22.345001, 0.0)
(37.641117, 22.371237, 0.0)
(37.654472, 22.403353, 0.0)
(37.860687, 22.994818, 0.0)
(38.108147, 24.602652, 0.0)
(38.067688, 24.762957, 0.0)
(38.016407, 24.736116, 0.0)
(38.013775, 24.750238, 0.0)
(38.012436, 24.779293, 0.0)
(38.006145, 24.801008, 0.0)
(38.009399, 24.855211, 0.0)
(38.018181, 24.876320, 0.0)
(38.020939, 24.951719, 0.0)
(37.993885, 24.947418, 0.0)
(37.981140, 24.980539, 0.0)
(37.979221, 25.028748, 0.0)
(38.285542, 26.567657, 0.0)
(38.262051, 26.829758, 0.0)
(38.218819, 26.898981, 0.0)
(38.218868, 26.929035, 0.0)
(38.180965, 26.963839, 0.0)
(38.162651, 26.962864, 0.0)
(38.177380, 26.967197, 0.0)
(38.159832, 26.975824, 0.0)
(38.264404, 27.441095, 0.0)
(38.336445, 28.321772, 0.0)
(38.327999, 28.448631, 0.0)
(38.309772, 28.475348, 0.0)
(38.288296, 28.526976, 0.0)
(38.281403, 28.553846, 0.0)
(38.265896, 28.584127, 0.0)
(38.275982, 29.235106, 0.0)
(38.236809, 30.472466, 0.0)
(38.203354, 30.988651, 0.0)
(38.125694, 31.223124, 0.0)
(38.148052, 31.182980, 0.0)
(38.145947, 31.311272, 0.0)
(37.885075, 31.183710, 0.0)
(37.856129, 30.565195, 0.0)
(37.852581, 30.497473, 0.0)
(36.972477, 30.317085, 0.0)
(36.854012, 30.355324, 0.0)
(36.868427, 30.341475, 0.0)
(36.888523, 30.293022, 0.0)
(36.873409, 30.260263, 0.0)
(36.893745, 30.043036, 0.0)
(37.182392, 28.357519, 0.0)
(37.171394, 28.224672, 0.0)
(37.161442, 28.197876, 0.0)
(37.141758, 28.100557, 0.0)
(37.139820, 28.028690, 0.0)
(37.147572, 28.003050, 0.0)
(37.142197, 27.886208, 0.0)
(37.155571, 27.591810, 0.0)
(37.123917, 26.037020, 0.0)
(37.089783, 25.921301, 0.0)
(37.094582, 25.931456, 0.0)
(37.094612, 25.860834, 0.0)
(37.073280, 25.902729, 0.0)
(37.022099, 25.794016, 0.0)
(37.033421, 25.736752, 0.0)
(37.035069, 25.727692, 0.0)
(37.039307, 25.662563, 0.0)
(36.769730, 24.647917, 0.0)
(36.695099, 23.795980, 0.0)
(36.682602, 23.729452, 0.0)
(36.644276, 23.700624, 0.0)
(36.622189, 23.640772, 0.0)
(36.623856, 23.626284, 0.0)
(36.621246, 23.584652, 0.0)
(36.563824, 22.783640, 0.0)
(36.422054, 21.472139, 0.0)
(36.395756, 21.462923, 0.0)
(36.395962, 21.520018, 0.0)
(36.382629, 21.527834, 0.0)
(36.371571, 21.479870, 0.0)
(36.372143, 21.421768, 0.0)
(35.910583, 20.061176, 0.0)
(35.805119, 19.708019, 0.0)
(35.793633, 19.761873, 0.0)
(35.787613, 19.804335, 0.0)
(35.780945, 19.838953, 0.0)
(35.766010, 19.843029, 0.0)
(35.768642, 19.837282, 0.0)
(35.781113, 19.642611, 0.0)
(35.705486, 19.078941, 0.0)
(35.663506, 19.000847, 0.0)
(35.667797, 19.041191, 0.0)
(35.662186, 19.104095, 0.0)
(35.643021, 19.134628, 0.0)
(35.644592, 19.151892, 0.0)
(35.644592, 19.151892, 0.0)
(35.652725, 19.148348, 0.0)
(35.652725, 19.148348, 0.0)
(35.543976, 19.230469, 0.0)
(35.126247, 19.599020, 0.0)
(35.082851, 19.699408, 0.0)
(35.042210, 19.701805, 0.0)
(35.060974, 19.786798, 0.0)
(35.028378, 19.814987, 0.0)
(35.197124, 21.118700, 0.0)
(35.394859, 22.301680, 0.0)
(35.359699, 22.433283, 0.0)
(35.328964, 22.445381, 0.0)
(35.329998, 22.466192, 0.0)
(35.332554, 22.522736, 0.0)
(35.329990, 22.542797, 0.0)
(35.324425, 22.593695, 0.0)
(35.350765, 22.638735, 0.0)
(35.354244, 22.658932, 0.0)
(35.359974, 22.669439, 0.0)
(35.365280, 22.681887, 0.0)
(35.354977, 22.702703, 0.0)
(35.376221, 22.872458, 0.0)
(36.069363, 24.779289, 0.0)
(36.027203, 24.990046, 0.0)
(35.993042, 24.978642, 0.0)
(35.977100, 24.994995, 0.0)
(35.958652, 25.015459, 0.0)
(35.955673, 25.020638, 0.0)
(35.931660, 25.029068, 0.0)
(35.923191, 25.045254, 0.0)
(35.930748, 25.084192, 0.0)
(35.915150, 25.091322, 0.0)
(35.934444, 25.250172, 0.0)
(36.087017, 27.312353, 0.0)
(36.015903, 27.410841, 0.0)
(35.960114, 27.395269, 0.0)
(35.932022, 27.450821, 0.0)
(35.906837, 27.474335, 0.0)
(35.897633, 27.492575, 0.0)
(35.898621, 27.508638, 0.0)
(35.891506, 27.567810, 0.0)
(35.894035, 27.591089, 0.0)
(36.137474, 28.003565, 0.0)
(36.342384, 29.069771, 0.0)
(36.315212, 29.205509, 0.0)
(36.305771, 29.219910, 0.0)
(36.295692, 29.302275, 0.0)
(36.281452, 29.398417, 0.0)
(36.247955, 29.386950, 0.0)
(36.236343, 29.417065, 0.0)
(36.236404, 29.435898, 0.0)
(36.466389, 30.865070, 0.0)
(36.435562, 31.219198, 0.0)
(36.394913, 31.235693, 0.0)
(36.400349, 31.274193, 0.0)
(36.371990, 31.275661, 0.0)
(36.354816, 31.257122, 0.0)
(36.332314, 31.266365, 0.0)
(36.330090, 31.244129, 0.0)
(36.283218, 31.228418, 0.0)
(36.257973, 31.195360, 0.0)
(35.247337, 31.388109, 0.0)
(35.033222, 31.421337, 0.0)
(35.023602, 31.399624, 0.0)
(35.012901, 31.343325, 0.0)
(35.022469, 30.114124, 0.0)
(35.023876, 29.251877, 0.0)
(34.971226, 29.076874, 0.0)
(34.965336, 28.900700, 0.0)
(34.974686, 28.724409, 0.0)
(34.986721, 28.514524, 0.0)
(34.994389, 28.378645, 0.0)
(34.999283, 28.213844, 0.0)
(35.011307, 27.232029, 0.0)
(34.959538, 26.712812, 0.0)
(34.908295, 26.587111, 0.0)
(34.902500, 26.525864, 0.0)
(34.896027, 26.404684, 0.0)
(34.898979, 26.318314, 0.0)
(34.891567, 26.211559, 0.0)
(34.659481, 25.643494, 0.0)
(34.428207, 25.065033, 0.0)
(34.395977, 24.946091, 0.0)
(34.401615, 24.920074, 0.0)
(34.371582, 24.781172, 0.0)
(34.357628, 24.756474, 0.0)
(34.353691, 24.685715, 0.0)
(34.548080, 23.920137, 0.0)
(34.530140, 22.781538, 0.0)
(34.503540, 22.711678, 0.0)
(34.492989, 22.775932, 0.0)
(34.500519, 22.741713, 0.0)
(34.470951, 22.686558, 0.0)
(34.496639, 22.643030, 0.0)
(34.500446, 22.662014, 0.0)
(34.509975, 22.628063, 0.0)
(34.160587, 22.104202, 0.0)
(33.925030, 21.374474, 0.0)
(33.922157, 21.385983, 0.0)
(33.912048, 21.379345, 0.0)
(33.914139, 21.338634, 0.0)
(33.834656, 20.436493, 0.0)
(33.711945, 19.665281, 0.0)
(33.684498, 19.667473, 0.0)
(33.676888, 19.707003, 0.0)
(33.674156, 19.712944, 0.0)
(33.675884, 19.726414, 0.0)
(33.677032, 19.742134, 0.0)
(33.687721, 19.729603, 0.0)
(33.681503, 19.730234, 0.0)
(33.689137, 19.773100, 0.0)
(33.693241, 19.773367, 0.0)
(33.380257, 19.626467, 0.0)
(33.327572, 19.493464, 0.0)
(33.315781, 19.487303, 0.0)
(33.297558, 19.528450, 0.0)
(33.304184, 19.540207, 0.0)
(33.311005, 19.584476, 0.0)
(33.287533, 19.594143, 0.0)
(33.292583, 19.606817, 0.0)
(32.989571, 20.729816, 0.0)
(32.911751, 20.852652, 0.0)
(32.884796, 20.869108, 0.0)
(32.857197, 20.926315, 0.0)
(32.857811, 20.995848, 0.0)
(32.819885, 21.051077, 0.0)
(32.826324, 21.364723, 0.0)
(33.067368, 23.156364, 0.0)
(32.954235, 23.251902, 0.0)
(32.905109, 23.197989, 0.0)
(32.885532, 23.221758, 0.0)
(32.887295, 23.295935, 0.0)
(32.886318, 23.298246, 0.0)
(32.874851, 23.310499, 0.0)
(32.872066, 23.315998, 0.0)
(32.886967, 23.320095, 0.0)
(32.890327, 23.349060, 0.0)
(32.903622, 23.382442, 0.0)
(33.794849, 25.346939, 0.0)
(33.849335, 25.885099, 0.0)
(33.837479, 25.889071, 0.0)
(33.809597, 25.891628, 0.0)
(33.759266, 25.875257, 0.0)
(33.806736, 25.873007, 0.0)
(33.788433, 25.886425, 0.0)
(33.793430, 25.875612, 0.0)
(33.797722, 25.886763, 0.0)
(33.815704, 25.905827, 0.0)
(33.820103, 25.948799, 0.0)
(33.827908, 25.998489, 0.0)
(33.800362, 26.028053, 0.0)
(33.811188, 26.783924, 0.0)
(33.872875, 27.605780, 0.0)
(33.867840, 27.709061, 0.0)
(33.809795, 27.739380, 0.0)
(33.787411, 27.739744, 0.0)
(33.772800, 27.743906, 0.0)
(33.765198, 27.744934, 0.0)
(34.197357, 28.735222, 0.0)
(34.209534, 29.212782, 0.0)
(34.207466, 29.271933, 0.0)
(34.198311, 29.340879, 0.0)
(34.177460, 29.343573, 0.0)
(34.524826, 30.719534, 0.0)
(34.541889, 31.199221, 0.0)
(34.504696, 31.238243, 0.0)
(34.494938, 31.248442, 0.0)
(34.471294, 31.237000, 0.0)
(34.446136, 31.223206, 0.0)
(34.416718, 31.203382, 0.0)
(34.395634, 31.170908, 0.0)
(34.397064, 31.179607, 0.0)
(34.230034, 31.466970, 0.0)
(34.178242, 31.538185, 0.0)
(34.188461, 31.544834, 0.0)
(33.079659, 31.373522, 0.0)
(32.872730, 31.350111, 0.0)
(32.878277, 31.349680, 0.0)
(32.859081, 31.299765, 0.0)
(32.859524, 31.246870, 0.0)
(32.881348, 30.696404, 0.0)
(32.916904, 28.651178, 0.0)
(32.826153, 28.310158, 0.0)
(32.825974, 28.217602, 0.0)
(32.802689, 28.066828, 0.0)
(32.788055, 27.957764, 0.0)
(32.784149, 27.880955, 0.0)
(32.799946, 27.803713, 0.0)
(32.803730, 27.679022, 0.0)
(32.774433, 27.442263, 0.0)
(32.460728, 26.786203, 0.0)
(32.389988, 26.668207, 0.0)
(32.381569, 26.551867, 0.0)
(32.382816, 26.453905, 0.0)
(32.378559, 26.395796, 0.0)
(32.381069, 26.310043, 0.0)
(32.388847, 26.310785, 0.0)
(32.403515, 26.240788, 0.0)
(32.394791, 26.234673, 0.0)
(32.178581, 25.282976, 0.0)
(32.117138, 24.835888, 0.0)
(32.077347, 24.723654, 0.0)
(32.075413, 24.664316, 0.0)
(32.035126, 24.562176, 0.0)
(32.026966, 24.531986, 0.0)
(32.021622, 23.708025, 0.0)
(31.865288, 22.450985, 0.0)
(31.820063, 22.343624, 0.0)
(31.809551, 22.346731, 0.0)
(31.752069, 22.346262, 0.0)
(31.512348, 21.094236, 0.0)
(31.345665, 20.511999, 0.0)
(31.318777, 20.488688, 0.0)
(31.334778, 20.480770, 0.0)
(31.329355, 20.455122, 0.0)
(31.311245, 20.424765, 0.0)
(31.363222, 20.407326, 0.0)
(31.156702, 19.916471, 0.0)
(31.113453, 19.836504, 0.0)
(31.117996, 19.841011, 0.0)
(31.121794, 19.852560, 0.0)
(31.117208, 19.854496, 0.0)
(31.127302, 19.846869, 0.0)
(31.128675, 19.798105, 0.0)
(31.122438, 19.788811, 0.0)
(31.122438, 19.788811, 0.0)
(31.122438, 19.788811, 0.0)
(31.121649, 19.802174, 0.0)
(31.115736, 19.840683, 0.0)
(31.100906, 19.860981, 0.0)
(30.643887, 20.362091, 0.0)
(30.436295, 20.667271, 0.0)
(30.402477, 20.712568, 0.0)
(30.390347, 20.759647, 0.0)
(30.373255, 20.792683, 0.0)
(30.400749, 20.832600, 0.0)
(30.405895, 20.868301, 0.0)
(30.425272, 21.637844, 0.0)
(30.582378, 22.615547, 0.0)
(30.538338, 22.799187, 0.0)
(30.515793, 22.843733, 0.0)
(30.516327, 22.870226, 0.0)
(30.493460, 22.889069, 0.0)
(30.497110, 22.947300, 0.0)
(30.515299, 22.980267, 0.0)
(30.522730, 22.992100, 0.0)
(30.550390, 23.056856, 0.0)
(30.582891, 23.101772, 0.0)
(30.856325, 23.649168, 0.0)
(31.042097, 24.759535, 0.0)
(31.017370, 24.915482, 0.0)
(30.990772, 24.953461, 0.0)
(30.985657, 24.965279, 0.0)
(30.977863, 24.987959, 0.0)
(30.969847, 25.068010, 0.0)
(30.982889, 25.078842, 0.0)
(30.996334, 25.185425, 0.0)
(31.357304, 26.030918, 0.0)
(31.401129, 26.142696, 0.0)
(31.393049, 26.153992, 0.0)
(31.362064, 26.170160, 0.0)
(31.325325, 26.218220, 0.0)
(31.314367, 26.275360, 0.0)
(31.312904, 26.294064, 0.0)
(31.622137, 28.110031, 0.0)
(31.602045, 28.526983, 0.0)
(31.576008, 28.608192, 0.0)
(31.540339, 28.626431, 0.0)
(31.518049, 28.629950, 0.0)
(31.504402, 28.667576, 0.0)
(31.490841, 28.670418, 0.0)
(31.475391, 28.686874, 0.0)
(31.893869, 29.798738, 0.0)
(32.173050, 31.315273, 0.0)
(32.127880, 31.429693, 0.0)
(32.075191, 31.427643, 0.0)
(32.059162, 31.403551, 0.0)
(32.052689, 31.424646, 0.0)
(32.049500, 31.422009, 0.0)
(32.059910, 31.419994, 0.0)
(32.071995, 31.406479, 0.0)
(32.069134, 31.395138, 0.0)
(32.062511, 31.394831, 0.0)
(32.048790, 31.400122, 0.0)
(32.033337, 31.362194, 0.0)
(31.269094, 31.443644, 0.0)
(30.928591, 31.424852, 0.0)
(30.906473, 31.384615, 0.0)
(30.871887, 31.414566, 0.0)
(30.833893, 31.404482, 0.0)
(30.831457, 31.400650, 0.0)
(30.832371, 31.394117, 0.0)
(30.846264, 31.397728, 0.0)
(30.607054, 30.118910, 0.0)
(30.428068, 29.374645, 0.0)
(30.399557, 29.254374, 0.0)
(30.394260, 29.136551, 0.0)
(30.384901, 29.020906, 0.0)
(30.374420, 28.901258, 0.0)
(30.370083, 28.813604, 0.0)
(30.380270, 28.584888, 0.0)
(30.104132, 27.318071, 0.0)
(30.041563, 27.125153, 0.0)
(30.024874, 27.018183, 0.0)
(30.012177, 26.945171, 0.0)
(29.989429, 26.862856, 0.0)
(30.012388, 26.761278, 0.0)
(30.008577, 26.723574, 0.0)
(30.010796, 26.644119, 0.0)
(30.012903, 26.583593, 0.0)
(30.026316, 26.200890, 0.0)
(30.042625, 25.194412, 0.0)
(30.041193, 25.092409, 0.0)
(30.042458, 25.070162, 0.0)
(30.048046, 25.047283, 0.0)
(30.038366, 24.992859, 0.0)
(30.012213, 24.946480, 0.0)
(29.735048, 23.975510, 0.0)
(29.468176, 22.445858, 0.0)
(29.396254, 22.336781, 0.0)
(29.391304, 22.369900, 0.0)
(29.391253, 22.383904, 0.0)
(29.387600, 22.352793, 0.0)
(29.387671, 22.328491, 0.0)
(29.380013, 22.305862, 0.0)
(29.384964, 22.318890, 0.0)
(29.165474, 21.870808, 0.0)
(29.065895, 21.573076, 0.0)
(29.087000, 21.544733, 0.0)
(29.087000, 21.544733, 0.0)
(29.082964, 21.508589, 0.0)
(29.091713, 21.514944, 0.0)
(29.112198, 21.572386, 0.0)
(29.117878, 21.575031, 0.0)
(29.092466, 21.547506, 0.0)
(29.092302, 21.518080, 0.0)
(29.088507, 21.210789, 0.0)
(29.138319, 20.461737, 0.0)
(29.092880, 20.421148, 0.0)
(29.086096, 20.484211, 0.0)
(29.090118, 20.523283, 0.0)
(29.075066, 20.552172, 0.0)
(29.074553, 20.569387, 0.0)
(29.078211, 20.575615, 0.0)
(29.074152, 20.602486, 0.0)
(29.038036, 20.675308, 0.0)
(28.839285, 22.339020, 0.0)
(28.781391, 22.821873, 0.0)
(28.758312, 22.810747, 0.0)
(28.729103, 22.901691, 0.0)
(28.740019, 22.925745, 0.0)
(28.745451, 22.971802, 0.0)
(28.755892, 23.016737, 0.0)
(28.740522, 23.067062, 0.0)
(28.754963, 23.131104, 0.0)
(28.717987, 23.710217, 0.0)
(28.947525, 25.443903, 0.0)
(28.882044, 25.607187, 0.0)
(28.874702, 25.616053, 0.0)
(28.856806, 25.668829, 0.0)
(28.840364, 25.664989, 0.0)
(28.845457, 25.720175, 0.0)
(28.848963, 25.751167, 0.0)
(28.850681, 25.764103, 0.0)
(28.856367, 25.790741, 0.0)
(28.862471, 25.798548, 0.0)
(28.886827, 25.822987, 0.0)
(28.902708, 25.883049, 0.0)
(28.909767, 25.959986, 0.0)
(28.941294, 26.102636, 0.0)
(29.052315, 26.714170, 0.0)
(29.021545, 26.858742, 0.0)
(29.032074, 26.887144, 0.0)
(29.014399, 26.925314, 0.0)
(29.014761, 26.941231, 0.0)
(29.489971, 28.136858, 0.0)
(29.474417, 28.293863, 0.0)
(29.460442, 28.322430, 0.0)
(29.450687, 28.349812, 0.0)
(29.446337, 28.365292, 0.0)
(29.446587, 28.404531, 0.0)
(29.446587, 28.404531, 0.0)
(29.457853, 28.427023, 0.0)
(29.601606, 28.796373, 0.0)
(30.168787, 30.571806, 0.0)
(30.211946, 30.826225, 0.0)
(30.151402, 30.827932, 0.0)
(30.150663, 30.855757, 0.0)
(30.126421, 30.868486, 0.0)
(30.165266, 30.966055, 0.0)
(30.464741, 31.650953, 0.0)
(30.492182, 31.818411, 0.0)
(30.452408, 31.796923, 0.0)
(30.430098, 31.792439, 0.0)
(30.449211, 31.765593, 0.0)
(30.445145, 31.594942, 0.0)
(28.966890, 30.908073, 0.0)
(28.871155, 30.553680, 0.0)
(28.923782, 30.515314, 0.0)
(28.498688, 30.662947, 0.0)
(28.143579, 30.874393, 0.0)
(28.075472, 30.912743, 0.0)
(28.059629, 30.896471, 0.0)
(28.066257, 30.930883, 0.0)
(28.081480, 30.925007, 0.0)
(28.152805, 30.321884, 0.0)
(28.287617, 28.944056, 0.0)
(28.279985, 28.839687, 0.0)
(28.269869, 28.852747, 0.0)
(28.269869, 28.852747, 0.0)
(28.251595, 28.881241, 0.0)
(28.236782, 28.807034, 0.0)
(28.235384, 28.756620, 0.0)
(28.226667, 28.420984, 0.0)
(28.140106, 27.301342, 0.0)
(28.105309, 27.210690, 0.0)
(28.086576, 27.162470, 0.0)
(28.071329, 27.115471, 0.0)
(28.037302, 27.000879, 0.0)
(28.002810, 26.872179, 0.0)
(27.979124, 26.134727, 0.0)
(27.956116, 25.923391, 0.0)
(27.933468, 25.824804, 0.0)
(27.907995, 25.733334, 0.0)
(27.872171, 25.463844, 0.0)
(27.586767, 24.501472, 0.0)
(27.530525, 24.329741, 0.0)
(27.513201, 24.238836, 0.0)
(27.517584, 24.166437, 0.0)
(27.496134, 24.116940, 0.0)
(27.516628, 24.073982, 0.0)
(27.530294, 24.050396, 0.0)
(27.513279, 23.971918, 0.0)
(27.542355, 23.563826, 0.0)
(27.657583, 22.316484, 0.0)
(27.594885, 21.948717, 0.0)
(27.569635, 21.932978, 0.0)
(27.600567, 21.950438, 0.0)
(27.602407, 21.969778, 0.0)
(27.626240, 21.964611, 0.0)
(27.614668, 21.922657, 0.0)
(27.611448, 21.916698, 0.0)
(27.611448, 21.916698, 0.0)
(27.608337, 21.931562, 0.0)
(27.611448, 21.916698, 0.0)
(27.611448, 21.916698, 0.0)
(27.491058, 21.979366, 0.0)
(27.433258, 22.083006, 0.0)
(27.457216, 22.109610, 0.0)
(27.437027, 22.117977, 0.0)
(27.444231, 22.132107, 0.0)
(27.445669, 22.186943, 0.0)
(27.334728, 22.616217, 0.0)
(27.253710, 23.827562, 0.0)
(27.207479, 24.418207, 0.0)
(27.131313, 24.511608, 0.0)
(27.117044, 24.559156, 0.0)
(27.117130, 24.604975, 0.0)
(27.133286, 24.610008, 0.0)
(26.955004, 25.163198, 0.0)
(26.903912, 25.796804, 0.0)
(26.884956, 25.844984, 0.0)
(26.884352, 25.867584, 0.0)
(26.881611, 25.925356, 0.0)
(26.889067, 25.962782, 0.0)
(26.911192, 25.951328, 0.0)
(26.928745, 25.995987, 0.0)
(26.938557, 26.025629, 0.0)
(26.939985, 26.055964, 0.0)
(26.937654, 26.062088, 0.0)
(26.932281, 26.093395, 0.0)
(26.936111, 26.097187, 0.0)
(26.951830, 26.095547, 0.0)
(27.020256, 26.083746, 0.0)
(27.187527, 26.896196, 0.0)
(27.249184, 27.349356, 0.0)
(27.258236, 27.382046, 0.0)
(27.259645, 27.475325, 0.0)
(27.277771, 27.527832, 0.0)
(27.279688, 27.555895, 0.0)
(27.302996, 27.609510, 0.0)
(27.306097, 27.614443, 0.0)
(27.547365, 28.131407, 0.0)
(27.663952, 28.676653, 0.0)
(27.661299, 28.798946, 0.0)
(27.688662, 28.827351, 0.0)
(27.655638, 28.897655, 0.0)
(27.638237, 28.963598, 0.0)
(27.635563, 29.051527, 0.0)
(27.668440, 29.136198, 0.0)
(27.694553, 30.394447, 0.0)
(27.650049, 30.692886, 0.0)
(27.614975, 30.719080, 0.0)
(27.595419, 30.752302, 0.0)
(27.610361, 30.764217, 0.0)
(27.620974, 30.843489, 0.0)
(27.629717, 30.876019, 0.0)
(28.134916, 31.696590, 0.0)
(28.170563, 31.869789, 0.0)
(28.164799, 31.895531, 0.0)
(28.143219, 31.901274, 0.0)
(28.124165, 31.893566, 0.0)
(28.120134, 31.873051, 0.0)
(28.115929, 31.858120, 0.0)
(27.745970, 32.409985, 0.0)
(27.684305, 32.447121, 0.0)
(27.669741, 32.450176, 0.0)
(27.643772, 32.424896, 0.0)
(27.653755, 32.393387, 0.0)
(27.645351, 32.402027, 0.0)
(27.270773, 31.640394, 0.0)
(27.185638, 31.458061, 0.0)
(27.184914, 31.432865, 0.0)
(27.148230, 31.390476, 0.0)
(27.133192, 31.328163, 0.0)
(27.160683, 31.265177, 0.0)
(26.903271, 29.936954, 0.0)
(26.722805, 29.112923, 0.0)
(26.712994, 29.065434, 0.0)
(26.701529, 28.955515, 0.0)
(26.677607, 28.888746, 0.0)
(26.641806, 28.794863, 0.0)
(26.652752, 28.639090, 0.0)
(26.643106, 28.564001, 0.0)
(26.624805, 28.513227, 0.0)
(26.647654, 28.407923, 0.0)
(26.632914, 28.322287, 0.0)
(26.610451, 28.184134, 0.0)
(26.611774, 28.090216, 0.0)
(26.588879, 28.014788, 0.0)
(26.519918, 27.687309, 0.0)
(26.280825, 26.860811, 0.0)
(26.236286, 26.747583, 0.0)
(26.244860, 26.699488, 0.0)
(26.253178, 26.663443, 0.0)
(26.230892, 26.615507, 0.0)
(26.241835, 26.546091, 0.0)
(26.232986, 26.474878, 0.0)
(26.022871, 25.262205, 0.0)
(25.979172, 24.735575, 0.0)
(25.961285, 24.681898, 0.0)
(25.968300, 24.700211, 0.0)
(25.961029, 24.662621, 0.0)
(25.953112, 24.633873, 0.0)
(25.959076, 24.616447, 0.0)
(25.951527, 24.581917, 0.0)
(25.945417, 24.526327, 0.0)
(25.947662, 24.520840, 0.0)
(25.892521, 23.892344, 0.0)
(25.830462, 23.014206, 0.0)
(25.797422, 22.979921, 0.0)
(25.783699, 23.032017, 0.0)
(25.748161, 23.054171, 0.0)
(25.739582, 23.035948, 0.0)
(25.723436, 23.043314, 0.0)
(25.724260, 22.999542, 0.0)
(25.721487, 22.989553, 0.0)
(25.716450, 22.992952, 0.0)
(25.703747, 23.003649, 0.0)
(25.718149, 23.027006, 0.0)
(25.700781, 23.095961, 0.0)
(25.716255, 23.126183, 0.0)
(25.717573, 23.120920, 0.0)
(25.704845, 23.116297, 0.0)
(25.702236, 23.122749, 0.0)
(25.315989, 24.484806, 0.0)
(25.286953, 25.428022, 0.0)
(25.252806, 25.560680, 0.0)
(25.223112, 25.592476, 0.0)
(25.231649, 25.637585, 0.0)
(25.206768, 25.630045, 0.0)
(25.195259, 25.664146, 0.0)
(25.204542, 25.681536, 0.0)
(25.207537, 25.685999, 0.0)
(25.235016, 25.674608, 0.0)
(25.241117, 25.690849, 0.0)
(25.257898, 25.672070, 0.0)
(25.273947, 25.739603, 0.0)
(25.285585, 25.764929, 0.0)
(25.312414, 25.775824, 0.0)
(25.317738, 25.810297, 0.0)
(25.364655, 25.809017, 0.0)
(25.507801, 26.382656, 0.0)
(25.671421, 27.204849, 0.0)
(25.692520, 27.286919, 0.0)
(25.700264, 27.356205, 0.0)
(25.703640, 27.424517, 0.0)
(25.709200, 27.462517, 0.0)
(25.709562, 27.492691, 0.0)
(25.737972, 27.553427, 0.0)
(25.743279, 27.554579, 0.0)
(25.749001, 27.571663, 0.0)
(25.772640, 27.587902, 0.0)
(25.999607, 28.840870, 0.0)
(26.258276, 30.035839, 0.0)
(26.260777, 30.168833, 0.0)
(26.241873, 30.180563, 0.0)
(26.185638, 30.228792, 0.0)
(26.225182, 30.240023, 0.0)
(26.229254, 30.264263, 0.0)
(26.248598, 30.269407, 0.0)
(26.257408, 30.293867, 0.0)
(26.230118, 30.341675, 0.0)
(26.217901, 30.366434, 0.0)
(26.217108, 30.372675, 0.0)
(26.212799, 30.419628, 0.0)
(26.236107, 30.400461, 0.0)
(26.268005, 30.389236, 0.0)
(26.290958, 30.384027, 0.0)
(26.761848, 31.249432, 0.0)
(26.975883, 32.001747, 0.0)
(26.946407, 32.072067, 0.0)
(26.932245, 32.067249, 0.0)
(26.917231, 32.116966, 0.0)
(26.983862, 32.124622, 0.0)
(26.959869, 32.075264, 0.0)
(26.941513, 32.061646, 0.0)
(26.913946, 32.078873, 0.0)
(26.923389, 32.054604, 0.0)
(26.912653, 32.071796, 0.0)
(26.915520, 32.046947, 0.0)
(26.930166, 32.022038, 0.0)
(26.928423, 32.027397, 0.0)
(26.902084, 31.986740, 0.0)
(26.924356, 31.968107, 0.0)
(26.927511, 31.983318, 0.0)
(26.937489, 31.966990, 0.0)
(26.943718, 31.959919, 0.0)
(26.941811, 31.968277, 0.0)
(26.948774, 31.958513, 0.0)
(26.921837, 31.976873, 0.0)
(26.942478, 31.932375, 0.0)
(26.853315, 32.150833, 0.0)
(26.824514, 32.326561, 0.0)
