(38.495960, 26.734541, 0.0)
(38.384731, 25.303045, 0.0)
(38.415798, 25.396788, 0.0)
(38.455181, 25.552010, 0.0)
(37.950962, 25.678934, 0.0)
(37.893017, 25.722050, 0.0)
(37.931931, 25.754902, 0.0)
(37.930302, 25.808449, 0.0)
(37.939774, 25.805956, 0.0)
(37.971924, 25.781336, 0.0)
(38.040928, 25.700687, 0.0)
(38.124771, 25.629927, 0.0)
(38.148254, 25.562845, 0.0)
(38.132542, 25.571560, 0.0)
(38.175964, 25.612394, 0.0)
(38.197483, 25.622410, 0.0)
(38.280479, 25.533728, 0.0)
(38.325123, 25.545256, 0.0)
(38.374340, 25.547688, 0.0)
(38.387421, 25.529966, 0.0)
(38.374462, 25.501198, 0.0)
(38.386440, 25.479113, 0.0)
(38.450497, 25.467016, 0.0)
(38.442547, 25.449549, 0.0)
(38.430485, 25.461424, 0.0)
(38.425312, 25.490805, 0.0)
(38.394066, 25.565632, 0.0)
(38.351616, 25.580233, 0.0)
(38.330864, 25.607956, 0.0)
(38.346203, 25.601879, 0.0)
(38.342777, 25.605648, 0.0)
(38.357712, 25.630947, 0.0)
(38.362072, 25.643579, 0.0)
(38.382210, 25.666706, 0.0)
(38.346260, 25.637613, 0.0)
(38.335434, 25.620899, 0.0)
(38.336563, 25.638794, 0.0)
(38.332539, 25.673304, 0.0)
(38.299274, 25.686449, 0.0)
(38.275154, 25.688652, 0.0)
(38.294674, 25.688988, 0.0)
(38.283401, 25.692747, 0.0)
(38.287060, 25.665119, 0.0)
(38.300678, 25.681046, 0.0)
(38.303223, 25.691072, 0.0)
(38.306938, 25.605963, 0.0)
(38.314709, 25.532478, 0.0)
(38.335735, 25.508221, 0.0)
(38.335735, 25.508221, 0.0)
(38.348888, 25.522003, 0.0)
(38.348888, 25.522003, 0.0)
(38.342453, 25.504063, 0.0)
(38.333195, 25.459160, 0.0)
(38.356831, 25.465696, 0.0)
(38.384045, 25.446894, 0.0)
(38.356831, 25.465696, 0.0)
(38.360184, 25.484388, 0.0)
(38.383610, 25.467224, 0.0)
(38.381828, 25.472174, 0.0)
(38.385109, 25.448990, 0.0)
(38.398422, 25.451345, 0.0)
(38.394054, 25.450989, 0.0)
(38.392372, 25.451773, 0.0)
(38.402020, 25.465286, 0.0)
(38.417694, 25.467558, 0.0)
(38.434399, 25.464970, 0.0)
(38.281231, 26.425262, 0.0)
(38.256374, 26.706083, 0.0)
(38.253902, 25.822245, 0.0)
(38.220074, 25.269707, 0.0)
(38.245262, 25.148277, 0.0)
(38.267635, 25.224672, 0.0)
(38.272575, 25.249458, 0.0)
(38.275539, 25.243547, 0.0)
(38.281322, 25.272388, 0.0)
(38.289345, 25.274569, 0.0)
(38.302601, 25.315546, 0.0)
(38.307102, 25.338646, 0.0)
(38.327438, 25.287050, 0.0)
(38.317665, 25.285471, 0.0)
(38.332375, 25.281204, 0.0)
(38.357082, 25.279203, 0.0)
(38.342278, 25.250715, 0.0)
(38.362617, 25.263632, 0.0)
(38.384792, 25.293840, 0.0)
(38.397335, 25.255384, 0.0)
(38.387199, 25.265553, 0.0)
(38.388195, 25.328272, 0.0)
(38.370239, 25.386545, 0.0)
(38.340702, 25.438913, 0.0)
(38.333450, 25.480820, 0.0)
(38.356747, 25.473263, 0.0)
(38.331337, 25.464207, 0.0)
(38.327019, 25.427244, 0.0)
(38.337765, 25.401833, 0.0)
(38.354534, 25.414614, 0.0)
(38.361935, 25.426847, 0.0)
(38.414364, 25.336264, 0.0)
(38.438393, 25.248478, 0.0)
(38.456356, 25.248035, 0.0)
(38.474323, 25.195700, 0.0)
(38.492855, 25.160151, 0.0)
(38.507439, 25.161108, 0.0)
(38.472286, 25.177958, 0.0)
(38.469585, 25.182079, 0.0)
(38.492996, 25.226027, 0.0)
(38.478062, 25.270741, 0.0)
(38.466110, 25.288204, 0.0)
(38.463711, 25.294130, 0.0)
(38.472942, 25.346415, 0.0)
(38.482536, 25.296516, 0.0)
(38.458290, 25.303434, 0.0)
(38.484989, 25.311752, 0.0)
(38.461540, 25.353386, 0.0)
(38.447021, 25.358448, 0.0)
(38.445240, 25.363527, 0.0)
(38.466381, 25.371790, 0.0)
(38.459866, 25.374016, 0.0)
(38.460236, 25.379925, 0.0)
(38.458488, 25.385017, 0.0)
(38.471935, 25.384787, 0.0)
(38.449696, 25.366316, 0.0)
(38.455944, 25.360312, 0.0)
(38.527084, 25.312283, 0.0)
(38.524906, 25.306828, 0.0)
(38.502956, 25.344093, 0.0)
(38.521801, 25.325516, 0.0)
(38.539703, 25.299711, 0.0)
(38.508717, 25.339699, 0.0)
(38.499599, 25.337751, 0.0)
(38.524979, 25.282246, 0.0)
(38.527954, 25.277779, 0.0)
(38.511700, 25.293144, 0.0)
(38.516506, 25.305969, 0.0)
(38.515053, 25.314674, 0.0)
(38.489853, 25.337051, 0.0)
(38.466488, 25.353371, 0.0)
(38.489853, 25.337051, 0.0)
(38.507263, 25.344799, 0.0)
(38.496929, 25.325224, 0.0)
(38.505299, 25.287279, 0.0)
(38.518700, 25.300585, 0.0)
(38.530548, 25.284733, 0.0)
(38.492306, 25.325645, 0.0)
(38.500465, 25.332420, 0.0)
(38.522087, 25.322311, 0.0)
(38.499699, 25.338165, 0.0)
(38.509628, 25.330606, 0.0)
(38.516621, 25.303679, 0.0)
(38.538872, 25.308050, 0.0)
(38.538639, 25.313696, 0.0)
(38.538372, 25.297989, 0.0)
(38.531792, 25.311888, 0.0)
(38.525990, 25.325979, 0.0)
(38.507587, 25.365831, 0.0)
(38.515278, 25.411476, 0.0)
(38.523067, 25.414274, 0.0)
(38.511116, 25.402370, 0.0)
(38.498173, 25.383854, 0.0)
(38.497761, 25.372480, 0.0)
(38.500553, 25.356863, 0.0)
(38.483997, 25.382629, 0.0)
(38.485348, 25.399622, 0.0)
(38.488617, 25.404028, 0.0)
(38.498497, 25.412558, 0.0)
(38.474957, 25.414742, 0.0)
(38.478184, 25.419144, 0.0)
(38.483349, 25.417425, 0.0)
(38.474957, 25.414742, 0.0)
(38.476894, 25.398952, 0.0)
(38.477200, 25.382479, 0.0)
(38.490833, 25.364193, 0.0)
(38.477848, 25.376963, 0.0)
(38.484623, 25.377432, 0.0)
(38.483997, 25.382629, 0.0)
(38.493492, 25.373747, 0.0)
(38.502094, 25.363415, 0.0)
(38.473324, 25.318491, 0.0)
(38.458019, 25.260874, 0.0)
(38.469975, 25.282181, 0.0)
(38.485229, 25.317581, 0.0)
(38.469910, 25.307240, 0.0)
(38.605038, 25.406075, 0.0)
(41.999817, 27.153114, 0.0)
(44.600677, 30.058857, 0.0)
(45.322502, 30.948301, 0.0)
(45.344345, 31.066177, 0.0)
(45.330055, 31.063278, 0.0)
(45.325836, 31.082468, 0.0)
(45.396839, 31.288342, 0.0)
(45.403446, 31.364466, 0.0)
(45.395695, 31.372549, 0.0)
(45.393444, 31.379240, 0.0)
(45.391102, 31.381939, 0.0)
(45.391102, 31.381939, 0.0)
(45.391102, 31.381939, 0.0)
(45.388939, 31.388620, 0.0)
(45.394485, 31.399899, 0.0)
(45.381302, 31.379311, 0.0)
(45.381302, 31.379311, 0.0)
(45.388386, 31.403797, 0.0)
(45.383465, 31.407625, 0.0)
(45.383060, 31.416187, 0.0)
(45.389000, 31.419012, 0.0)
(45.417797, 31.434324, 0.0)
(45.402763, 31.430635, 0.0)
(45.403786, 31.423326, 0.0)
(45.413593, 31.418037, 0.0)
(45.403786, 31.423326, 0.0)
(45.387135, 31.390703, 0.0)
(45.394390, 31.408592, 0.0)
(45.387039, 31.414665, 0.0)
(45.387135, 31.390703, 0.0)
(45.387039, 31.414665, 0.0)
(45.381012, 31.425293, 0.0)
(45.378792, 31.431913, 0.0)
(45.381798, 31.466494, 0.0)
(45.386555, 31.469505, 0.0)
(45.488808, 30.214119, 0.0)
(45.899502, 26.139248, 0.0)
(45.608723, 23.997196, 0.0)
(45.505093, 23.906227, 0.0)
(45.487244, 23.862049, 0.0)
(45.528996, 23.842920, 0.0)
(45.467319, 23.362524, 0.0)
(45.457386, 23.134529, 0.0)
(45.450733, 23.114250, 0.0)
(45.474865, 23.126858, 0.0)
(45.504219, 23.059656, 0.0)
(45.504902, 23.047491, 0.0)
(45.518707, 23.022247, 0.0)
(45.506420, 22.970287, 0.0)
(45.515797, 22.962910, 0.0)
(45.536186, 22.954338, 0.0)
(45.545235, 22.937782, 0.0)
(45.552116, 22.944914, 0.0)
(45.566803, 22.935335, 0.0)
(45.574909, 22.950819, 0.0)
(45.574909, 22.950819, 0.0)
(45.574909, 22.950819, 0.0)
(45.567818, 22.944553, 0.0)
(45.536186, 22.954338, 0.0)
(45.524433, 22.947668, 0.0)
(45.513813, 22.935917, 0.0)
(45.510086, 22.933493, 0.0)
(45.513729, 22.929808, 0.0)
(44.155647, 22.400000, 0.0)
(41.561478, 21.870060, 0.0)
(41.130096, 21.814657, 0.0)
(41.174377, 21.800234, 0.0)
(41.201267, 21.813919, 0.0)
(41.206184, 21.779764, 0.0)
(41.227352, 21.788218, 0.0)
(41.238701, 21.781933, 0.0)
(41.255306, 21.785513, 0.0)
(41.254826, 21.772993, 0.0)
(41.269566, 21.806192, 0.0)
(38.291645, 22.845873, 0.0)
(34.310974, 23.835123, 0.0)
(31.974432, 27.246626, 0.0)
(30.945532, 29.831818, 0.0)
(31.081299, 30.546738, 0.0)
(31.078465, 30.644608, 0.0)
(30.982491, 30.626274, 0.0)
(30.916693, 30.616158, 0.0)
(30.643106, 30.857550, 0.0)
(30.508772, 30.916487, 0.0)
(30.508772, 30.916487, 0.0)
(30.516438, 30.933332, 0.0)
(30.479057, 30.930334, 0.0)
(30.463923, 30.907415, 0.0)
(30.477978, 30.913935, 0.0)
(30.478706, 30.927666, 0.0)
(30.470789, 30.923658, 0.0)
(30.451746, 30.939045, 0.0)
(30.445425, 30.949665, 0.0)
(30.440077, 30.954432, 0.0)
(30.437857, 30.967499, 0.0)
(30.437292, 30.979256, 0.0)
(30.439848, 30.994308, 0.0)
(30.432121, 30.969606, 0.0)
(30.425482, 30.952742, 0.0)
(30.435854, 30.961039, 0.0)
(30.438324, 30.947008, 0.0)
(30.421215, 30.942629, 0.0)
(30.432106, 30.914522, 0.0)
(30.449295, 30.918198, 0.0)
(30.425352, 30.882748, 0.0)
(30.425222, 30.892900, 0.0)
(30.446423, 30.878986, 0.0)
(30.418854, 30.845758, 0.0)
(30.427303, 30.857563, 0.0)
(30.433931, 30.850367, 0.0)
(30.430700, 30.866356, 0.0)
(29.690170, 27.065865, 0.0)
(29.409355, 23.921595, 0.0)
(29.374819, 22.940651, 0.0)
(29.359125, 22.880610, 0.0)
(29.313549, 22.895214, 0.0)
(29.283808, 22.874830, 0.0)
(29.209621, 22.850222, 0.0)
(29.442719, 22.781588, 0.0)
(29.447174, 22.759995, 0.0)
(29.441233, 22.745426, 0.0)
(29.429752, 22.736788, 0.0)
(29.431345, 22.718916, 0.0)
(29.459368, 22.702520, 0.0)
(29.449284, 22.679602, 0.0)
(29.430824, 22.649351, 0.0)
(29.447802, 22.652040, 0.0)
(29.484638, 22.619410, 0.0)
(29.475082, 22.622580, 0.0)
(29.479872, 22.623726, 0.0)
(29.484638, 22.619410, 0.0)
(29.430824, 22.649351, 0.0)
(29.435574, 22.645090, 0.0)
(29.453695, 22.675484, 0.0)
(29.466549, 22.634895, 0.0)
(29.468397, 22.656242, 0.0)
(29.477839, 22.644148, 0.0)
(29.468464, 22.643183, 0.0)
(29.461519, 22.624132, 0.0)
(29.461418, 22.630037, 0.0)
(29.477339, 22.646633, 0.0)
(29.464577, 22.656115, 0.0)
(29.464577, 22.656115, 0.0)
(29.473358, 22.633446, 0.0)
(29.479109, 22.632088, 0.0)
(29.472414, 22.632088, 0.0)
(29.463701, 22.622049, 0.0)
(29.500975, 22.643835, 0.0)
(34.247482, 23.037457, 0.0)
(38.909992, 25.295971, 0.0)
(39.164742, 25.476923, 0.0)
(39.154346, 25.447361, 0.0)
(39.132767, 25.424509, 0.0)
(39.096268, 25.426495, 0.0)
(39.095631, 25.426680, 0.0)
(39.112843, 25.444408, 0.0)
(38.776421, 25.427168, 0.0)
(38.752068, 25.416420, 0.0)
(38.505196, 25.341301, 0.0)
(38.483459, 26.320667, 0.0)
(38.352600, 26.176224, 0.0)
(38.320518, 25.421566, 0.0)
(38.307335, 24.999193, 0.0)
(38.393425, 24.947596, 0.0)
(38.403595, 25.033945, 0.0)
(38.420818, 25.037931, 0.0)
(38.426159, 25.073877, 0.0)
(38.448032, 25.101854, 0.0)
(38.446331, 25.151665, 0.0)
(38.501995, 25.199253, 0.0)
(38.498810, 25.219004, 0.0)
(38.587101, 25.195795, 0.0)
(38.664303, 25.227215, 0.0)
(38.654182, 25.268011, 0.0)
(38.622799, 25.263159, 0.0)
(38.661079, 25.258955, 0.0)
(38.688221, 25.288942, 0.0)
(38.673580, 25.255093, 0.0)
(38.675842, 25.204884, 0.0)
(38.705109, 25.203058, 0.0)
(38.708210, 25.208256, 0.0)
(38.689598, 25.200817, 0.0)
(38.692181, 25.227755, 0.0)
(38.715786, 25.234575, 0.0)
(37.505207, 25.501812, 0.0)
(33.358063, 26.890102, 0.0)
(31.242422, 29.032883, 0.0)
(30.617712, 30.379143, 0.0)
(30.512405, 30.592663, 0.0)
(30.415182, 30.557446, 0.0)
(30.408428, 30.585411, 0.0)
(30.417728, 30.597723, 0.0)
(30.389278, 30.626331, 0.0)
(30.391205, 30.642281, 0.0)
(30.401093, 30.642735, 0.0)
(31.727762, 30.791994, 0.0)
(34.027557, 30.894394, 0.0)
(34.129673, 30.845968, 0.0)
(34.109325, 30.814184, 0.0)
(34.111595, 30.833742, 0.0)
(34.125290, 30.799198, 0.0)
(34.121353, 30.792440, 0.0)
(34.544300, 30.752394, 0.0)
(36.517082, 30.453281, 0.0)
(36.745239, 30.438902, 0.0)
(36.783501, 30.424948, 0.0)
(37.173660, 30.501337, 0.0)
(38.302280, 30.597610, 0.0)
(38.526104, 30.624664, 0.0)
(38.653881, 30.616390, 0.0)
(38.798515, 30.657486, 0.0)
(39.699604, 30.793459, 0.0)
(40.009247, 30.792900, 0.0)
(40.140873, 30.826963, 0.0)
(40.297173, 30.869728, 0.0)
(40.462730, 30.859154, 0.0)
(42.086239, 31.071938, 0.0)
(42.374969, 30.930758, 0.0)
(42.417561, 30.906593, 0.0)
(42.502701, 30.916996, 0.0)
(42.623524, 30.914520, 0.0)
(42.658173, 30.917288, 0.0)
(42.728325, 30.943409, 0.0)
(42.841885, 30.930714, 0.0)
(43.594452, 31.112034, 0.0)
(44.557659, 31.023010, 0.0)
(44.671818, 31.021862, 0.0)
(44.732231, 31.004929, 0.0)
(44.750008, 31.025143, 0.0)
(44.756729, 31.002638, 0.0)
(44.816738, 31.003683, 0.0)
(45.179192, 30.862202, 0.0)
(45.215412, 30.829130, 0.0)
(45.223305, 30.827610, 0.0)
(45.244530, 30.841707, 0.0)
(45.258251, 30.875986, 0.0)
(45.270325, 30.880629, 0.0)
(45.525101, 31.005686, 0.0)
(45.677025, 30.836538, 0.0)
(45.676979, 30.691694, 0.0)
(45.689980, 30.673399, 0.0)
(45.759167, 30.636290, 0.0)
(46.110546, 28.919819, 0.0)
(45.980358, 28.545341, 0.0)
(45.965897, 28.511370, 0.0)
(45.955383, 28.507565, 0.0)
(45.778179, 28.535477, 0.0)
(44.535995, 30.432737, 0.0)
(44.240379, 30.896336, 0.0)
(44.163319, 30.804024, 0.0)
(44.068623, 30.825832, 0.0)
(43.912666, 30.756067, 0.0)
(43.819424, 30.861485, 0.0)
(42.620014, 30.737543, 0.0)
(42.254856, 30.714045, 0.0)
(42.122093, 30.671669, 0.0)
(41.988716, 30.610302, 0.0)
(41.859787, 30.564960, 0.0)
(41.762913, 30.577778, 0.0)
(40.222038, 30.455915, 0.0)
(39.548016, 30.436367, 0.0)
(39.371250, 30.381172, 0.0)
(39.280453, 30.390484, 0.0)
(39.149445, 30.398310, 0.0)
(39.029133, 30.408825, 0.0)
(38.942444, 30.398638, 0.0)
(38.821743, 30.397440, 0.0)
(38.192852, 30.378263, 0.0)
(37.417210, 30.162361, 0.0)
(37.225376, 30.149345, 0.0)
(37.131008, 30.131170, 0.0)
(37.041046, 30.125179, 0.0)
(36.121193, 30.411707, 0.0)
(35.195560, 30.500431, 0.0)
(34.954750, 30.468306, 0.0)
(34.867645, 30.432074, 0.0)
(34.746620, 30.429785, 0.0)
(34.688293, 30.415266, 0.0)
(34.663586, 30.423662, 0.0)
(32.609509, 30.894630, 0.0)
(31.279406, 30.931341, 0.0)
(31.108938, 30.786814, 0.0)
(31.075899, 30.693542, 0.0)
(31.064367, 30.660496, 0.0)
(31.065933, 30.615177, 0.0)
(31.063475, 30.595436, 0.0)
(31.082413, 30.577778, 0.0)
(31.053532, 30.556522, 0.0)
(31.080742, 30.532557, 0.0)
(31.169458, 30.400347, 0.0)
(31.347984, 29.592539, 0.0)
(31.365290, 29.474051, 0.0)
(31.363081, 29.483374, 0.0)
(31.374424, 29.476923, 0.0)
(31.374424, 29.476923, 0.0)
(31.380737, 29.471203, 0.0)
(31.386292, 29.459181, 0.0)
(31.395727, 29.463095, 0.0)
(30.419096, 29.732197, 0.0)
(30.366308, 29.626348, 0.0)
(30.446560, 29.571611, 0.0)
(30.510509, 29.550699, 0.0)
(32.533394, 29.402353, 0.0)
(33.036747, 29.484894, 0.0)
(33.220333, 29.395187, 0.0)
(33.365376, 29.388437, 0.0)
(33.599068, 29.378132, 0.0)
(33.808163, 29.344475, 0.0)
(33.960052, 29.328560, 0.0)
(34.188675, 29.342495, 0.0)
(34.434746, 29.341301, 0.0)
(34.667408, 29.325739, 0.0)
(35.108921, 29.387320, 0.0)
(36.124302, 29.493652, 0.0)
(36.489811, 29.516348, 0.0)
(36.721382, 29.510159, 0.0)
(36.988888, 29.560890, 0.0)
(37.298130, 29.561073, 0.0)
(37.583557, 29.563686, 0.0)
(37.912773, 29.620319, 0.0)
(38.172504, 29.657888, 0.0)
(38.984447, 29.781441, 0.0)
(39.379025, 29.821766, 0.0)
(39.642532, 29.849016, 0.0)
(39.909081, 29.861017, 0.0)
(40.126583, 29.874361, 0.0)
(40.333828, 29.872528, 0.0)
(40.572899, 29.933516, 0.0)
(40.788410, 29.969078, 0.0)
(41.916298, 30.017815, 0.0)
(42.162041, 30.058344, 0.0)
(42.243599, 30.058083, 0.0)
(42.401611, 30.062149, 0.0)
(42.564079, 30.103045, 0.0)
(42.652004, 30.127045, 0.0)
(42.772160, 30.128946, 0.0)
(42.865078, 30.146776, 0.0)
(42.994381, 30.196280, 0.0)
(43.456829, 30.288960, 0.0)
(43.757389, 30.868782, 0.0)
(44.371956, 30.906096, 0.0)
(44.564606, 30.492252, 0.0)
(44.656616, 30.287251, 0.0)
(44.786205, 30.246471, 0.0)
(44.890583, 30.239565, 0.0)
(45.201797, 30.262568, 0.0)
(45.278397, 30.262196, 0.0)
(45.298698, 30.248407, 0.0)
(45.305882, 30.254583, 0.0)
(45.324650, 30.278629, 0.0)
(45.360756, 30.261808, 0.0)
(45.802925, 29.986258, 0.0)
(45.838566, 29.963919, 0.0)
(45.813854, 29.988405, 0.0)
(45.797623, 30.005974, 0.0)
(45.765419, 29.956329, 0.0)
(45.688538, 29.953817, 0.0)
(45.193653, 29.889505, 0.0)
(44.974632, 29.888441, 0.0)
(44.870441, 29.906599, 0.0)
(44.743446, 29.890047, 0.0)
(43.812786, 29.897402, 0.0)
(43.585033, 29.804453, 0.0)
(43.476742, 29.727032, 0.0)
(43.279228, 29.665232, 0.0)
(43.163246, 29.622122, 0.0)
(43.012688, 29.610390, 0.0)
(42.819611, 29.618122, 0.0)
(42.054562, 29.473225, 0.0)
(41.795990, 29.409121, 0.0)
(41.628464, 29.427914, 0.0)
(41.443489, 29.347845, 0.0)
(40.687370, 29.243286, 0.0)
(40.476177, 29.183020, 0.0)
(40.346340, 29.164267, 0.0)
(40.129517, 29.142504, 0.0)
(39.944702, 29.144272, 0.0)
(39.249092, 29.206997, 0.0)
(38.642910, 29.150583, 0.0)
(38.425392, 29.154840, 0.0)
(38.238754, 29.151840, 0.0)
(38.045609, 29.130684, 0.0)
(37.868263, 29.106777, 0.0)
(36.368488, 29.181917, 0.0)
(36.037304, 29.165293, 0.0)
(35.940678, 29.175171, 0.0)
(35.787952, 29.099464, 0.0)
(35.603077, 29.152832, 0.0)
(35.518654, 29.137968, 0.0)
(34.017548, 29.674953, 0.0)
(32.514664, 31.050894, 0.0)
(31.801704, 30.926727, 0.0)
(31.640047, 30.460037, 0.0)
(31.553082, 30.118299, 0.0)
(31.499378, 29.924393, 0.0)
(31.421461, 29.832489, 0.0)
(31.419352, 29.803522, 0.0)
(31.403952, 29.781084, 0.0)
(31.370049, 29.775537, 0.0)
(31.330778, 29.772861, 0.0)
(31.344599, 29.423939, 0.0)
(31.296379, 29.336401, 0.0)
(31.251587, 29.406162, 0.0)
(31.217720, 29.370646, 0.0)
(30.922319, 29.541725, 0.0)
(30.359100, 29.681797, 0.0)
(30.324261, 29.693319, 0.0)
(30.298441, 29.660566, 0.0)
(30.318338, 29.671246, 0.0)
(30.339966, 29.667213, 0.0)
(30.388573, 29.644684, 0.0)
(30.435429, 29.619858, 0.0)
(30.535229, 29.545115, 0.0)
(31.207930, 29.060429, 0.0)
(31.441923, 28.982605, 0.0)
(31.793098, 28.887556, 0.0)
(32.088528, 28.757092, 0.0)
(32.437077, 28.675604, 0.0)
(32.815350, 28.565550, 0.0)
(33.133125, 28.437679, 0.0)
(33.514877, 28.372271, 0.0)
(33.827900, 28.335587, 0.0)
(34.135422, 28.284592, 0.0)
(34.415756, 28.267807, 0.0)
(34.760941, 28.260237, 0.0)
(34.993595, 28.232674, 0.0)
(35.416492, 28.182699, 0.0)
(36.130348, 28.187103, 0.0)
(36.416721, 28.140673, 0.0)
(36.805550, 28.180071, 0.0)
(37.082584, 28.173082, 0.0)
(37.580196, 28.225014, 0.0)
(38.368046, 28.234152, 0.0)
(38.756836, 28.283152, 0.0)
(39.060505, 28.315023, 0.0)
(39.306503, 28.307308, 0.0)
(39.635036, 28.340639, 0.0)
(39.906670, 28.437899, 0.0)
(40.131283, 28.502024, 0.0)
(40.428947, 28.572927, 0.0)
(40.667217, 28.628336, 0.0)
(40.906979, 28.658049, 0.0)
(41.618496, 28.806622, 0.0)
(42.333576, 28.912888, 0.0)
(42.513981, 28.974220, 0.0)
(42.756302, 29.001060, 0.0)
(42.949738, 29.041672, 0.0)
(43.053425, 29.146439, 0.0)
(43.194016, 29.182262, 0.0)
(43.323601, 29.235210, 0.0)
(43.493721, 29.324987, 0.0)
(44.272003, 29.444860, 0.0)
(44.434875, 29.501072, 0.0)
(44.524128, 29.552361, 0.0)
(44.605194, 29.603432, 0.0)
(44.669659, 29.620972, 0.0)
(44.732586, 29.629198, 0.0)
(44.763004, 29.653919, 0.0)
(45.300133, 29.575384, 0.0)
(45.400482, 29.603537, 0.0)
(45.414551, 29.587404, 0.0)
(45.417961, 29.584915, 0.0)
(45.417961, 29.584915, 0.0)
(45.390141, 29.573277, 0.0)
(45.382160, 29.574820, 0.0)
(45.376488, 29.565100, 0.0)
(45.365833, 29.560209, 0.0)
(45.511280, 29.287741, 0.0)
(45.546062, 28.969198, 0.0)
(45.452583, 28.888060, 0.0)
(45.384430, 28.844517, 0.0)
(45.257812, 28.824255, 0.0)
(44.722763, 28.774450, 0.0)
(44.517139, 28.749352, 0.0)
(44.392685, 28.642944, 0.0)
(43.629322, 28.718925, 0.0)
(43.381447, 28.685030, 0.0)
(43.166546, 28.593750, 0.0)
(43.039478, 28.570543, 0.0)
(42.873985, 28.534229, 0.0)
(42.648808, 28.493443, 0.0)
(42.473526, 28.486835, 0.0)
(41.269623, 28.292849, 0.0)
(41.011215, 28.279980, 0.0)
(40.819397, 28.250420, 0.0)
(40.658466, 28.267340, 0.0)
(40.514996, 28.239138, 0.0)
(40.378193, 28.194889, 0.0)
(39.272636, 28.084652, 0.0)
(38.845627, 28.053646, 0.0)
(38.638409, 28.025072, 0.0)
(37.358509, 28.156488, 0.0)
(36.560059, 28.262405, 0.0)
(36.365875, 28.245136, 0.0)
(36.292377, 28.264404, 0.0)
(36.227753, 28.263842, 0.0)
(36.175495, 28.250832, 0.0)
(34.741940, 28.450903, 0.0)
(32.605251, 29.758564, 0.0)
(31.746136, 30.072214, 0.0)
(31.123165, 29.721184, 0.0)
(31.052652, 29.122953, 0.0)
(31.019625, 28.913088, 0.0)
(31.007236, 28.911167, 0.0)
(31.003086, 28.924965, 0.0)
(31.017790, 28.901514, 0.0)
(31.018408, 28.905165, 0.0)
(32.281292, 28.231314, 0.0)
(32.383949, 28.150185, 0.0)
(32.222900, 28.178404, 0.0)
(32.147572, 28.164553, 0.0)
(32.046242, 28.182669, 0.0)
(31.491329, 28.300547, 0.0)
(31.393282, 28.259029, 0.0)
(31.353996, 28.278006, 0.0)
(31.309893, 28.276617, 0.0)
(31.326780, 28.248964, 0.0)
(30.590239, 28.500000, 0.0)
(30.386568, 28.516880, 0.0)
(30.413742, 28.505743, 0.0)
(30.456709, 28.471502, 0.0)
(30.474070, 28.449720, 0.0)
(30.522856, 28.425531, 0.0)
(30.597410, 28.402166, 0.0)
(30.658318, 28.319231, 0.0)
(30.891785, 28.167461, 0.0)
(31.081808, 28.020161, 0.0)
(31.269011, 28.021534, 0.0)
(31.469627, 27.914989, 0.0)
(31.740423, 27.856001, 0.0)
(31.994854, 27.710638, 0.0)
(32.874409, 27.462053, 0.0)
(33.225986, 27.400953, 0.0)
(33.520515, 27.282896, 0.0)
(33.838367, 27.233286, 0.0)
(34.149891, 27.239485, 0.0)
(34.490482, 27.197315, 0.0)
(34.826626, 27.199614, 0.0)
(35.164356, 27.186792, 0.0)
(35.511810, 27.164835, 0.0)
(35.829597, 27.155245, 0.0)
(36.486191, 27.160624, 0.0)
(37.077930, 27.214355, 0.0)
(37.429798, 27.212667, 0.0)
(37.788250, 27.271666, 0.0)
(38.121334, 27.227606, 0.0)
(38.453022, 27.251600, 0.0)
(38.808998, 27.283068, 0.0)
(39.120224, 27.292889, 0.0)
(39.437233, 27.295984, 0.0)
(39.732449, 27.403147, 0.0)
(39.970490, 27.477371, 0.0)
(40.247589, 27.480051, 0.0)
(40.959129, 27.540686, 0.0)
(41.169865, 27.504980, 0.0)
(41.712238, 27.557549, 0.0)
(42.041195, 27.691212, 0.0)
(42.342079, 27.770227, 0.0)
(42.540562, 27.850218, 0.0)
(42.814739, 27.927532, 0.0)
(43.059807, 27.950403, 0.0)
(43.235031, 27.947966, 0.0)
(43.373322, 27.979979, 0.0)
(43.635132, 28.143089, 0.0)
(44.209248, 28.206877, 0.0)
(44.329987, 28.319021, 0.0)
(44.476376, 28.326509, 0.0)
(44.619728, 28.428751, 0.0)
(44.943409, 28.498638, 0.0)
(45.490303, 28.513750, 0.0)
(45.502037, 28.929615, 0.0)
(45.939011, 28.698256, 0.0)
(46.052063, 28.576223, 0.0)
(46.093216, 28.560499, 0.0)
(46.106930, 28.565216, 0.0)
(46.093357, 28.554974, 0.0)
(46.092934, 28.526808, 0.0)
(46.105759, 28.532194, 0.0)
(46.096832, 28.531263, 0.0)
(46.097439, 28.509039, 0.0)
(46.121693, 28.398663, 0.0)
(46.181702, 28.192509, 0.0)
(46.111607, 28.166273, 0.0)
(45.606506, 27.914530, 0.0)
(45.446800, 27.819374, 0.0)
(45.349812, 27.768417, 0.0)
(45.167217, 27.688461, 0.0)
(44.254047, 27.505526, 0.0)
(43.975964, 27.467524, 0.0)
(43.810089, 27.471926, 0.0)
(43.662895, 27.368584, 0.0)
(43.470211, 27.343323, 0.0)
(43.241016, 27.358395, 0.0)
(42.363560, 27.205908, 0.0)
(42.173771, 27.158974, 0.0)
(42.009991, 27.161524, 0.0)
(41.813705, 27.120140, 0.0)
(41.702988, 27.119028, 0.0)
(41.118675, 27.060484, 0.0)
(40.640324, 26.961292, 0.0)
(40.470367, 26.923567, 0.0)
(40.358765, 26.918100, 0.0)
(39.715233, 26.859440, 0.0)
(39.064850, 26.805418, 0.0)
(38.852528, 26.782249, 0.0)
(38.709217, 26.765471, 0.0)
(38.536240, 26.761799, 0.0)
(37.815769, 26.701740, 0.0)
(37.349102, 26.705612, 0.0)
(37.143456, 26.692665, 0.0)
(36.984959, 26.685095, 0.0)
(36.586178, 26.798071, 0.0)
(34.923473, 26.966026, 0.0)
(34.631058, 26.975523, 0.0)
(34.457935, 27.040735, 0.0)
(34.316277, 27.046375, 0.0)
(34.138798, 27.075483, 0.0)
(33.351013, 27.326996, 0.0)
(32.436829, 27.552382, 0.0)
(32.219566, 27.576656, 0.0)
(32.185524, 27.558159, 0.0)
(32.107735, 27.589340, 0.0)
(32.041603, 27.567734, 0.0)
(31.992422, 27.551676, 0.0)
(31.977057, 27.584686, 0.0)
(31.480173, 27.651407, 0.0)
(30.799417, 27.535107, 0.0)
(30.221603, 27.823858, 0.0)
(29.856512, 27.640423, 0.0)
(29.853979, 27.611902, 0.0)
(29.927090, 27.614769, 0.0)
(29.946075, 27.579969, 0.0)
(29.998383, 27.529381, 0.0)
(29.890411, 27.488672, 0.0)
(30.275076, 29.407669, 0.0)
(30.377201, 27.197615, 0.0)
(30.427900, 26.486811, 0.0)
(30.587246, 26.427641, 0.0)
(30.745386, 26.409491, 0.0)
(31.003532, 26.387125, 0.0)
(31.227829, 26.362154, 0.0)
(31.389420, 26.331015, 0.0)
(32.651028, 26.311411, 0.0)
(33.028866, 26.325426, 0.0)
(33.367043, 26.244190, 0.0)
(33.588657, 26.186403, 0.0)
(33.870544, 26.155251, 0.0)
(34.200871, 26.112000, 0.0)
(34.547478, 26.049894, 0.0)
(34.862968, 26.028246, 0.0)
(35.656849, 26.133333, 0.0)
(36.053318, 26.152739, 0.0)
(36.306442, 26.140160, 0.0)
(36.635120, 26.112099, 0.0)
(36.955971, 26.117758, 0.0)
(37.624516, 26.158484, 0.0)
(38.232525, 26.118942, 0.0)
(38.601219, 26.154404, 0.0)
(38.987309, 26.188160, 0.0)
(39.367554, 26.156160, 0.0)
(39.713642, 26.249754, 0.0)
(40.044243, 26.307510, 0.0)
(40.283363, 26.372797, 0.0)
(40.572163, 26.431257, 0.0)
(40.841766, 26.449404, 0.0)
(41.049553, 26.520252, 0.0)
(41.266575, 26.593424, 0.0)
(41.496403, 26.621101, 0.0)
(41.666492, 26.652910, 0.0)
(42.125652, 26.728878, 0.0)
(42.474564, 26.660902, 0.0)
(43.010376, 26.690414, 0.0)
(43.494968, 26.801964, 0.0)
(43.741108, 26.943041, 0.0)
(43.999279, 26.999794, 0.0)
(44.233932, 27.052908, 0.0)
(44.373886, 27.155760, 0.0)
(44.559998, 27.200838, 0.0)
(45.002453, 27.151669, 0.0)
(45.145252, 27.188145, 0.0)
(45.222630, 27.232418, 0.0)
(45.360977, 27.273378, 0.0)
(45.402477, 27.333040, 0.0)
(45.609585, 27.354078, 0.0)
(45.736561, 27.299397, 0.0)
(45.774086, 27.305128, 0.0)
(45.788136, 27.347044, 0.0)
(45.762424, 27.290003, 0.0)
(45.747070, 27.281401, 0.0)
(45.853390, 27.335020, 0.0)
(45.834232, 27.369772, 0.0)
(45.797363, 27.355898, 0.0)
(45.754097, 27.281942, 0.0)
(45.699997, 27.233273, 0.0)
(45.629116, 27.169312, 0.0)
(45.564388, 27.151089, 0.0)
(45.540077, 27.132837, 0.0)
(45.037998, 26.766399, 0.0)
(44.860455, 26.628443, 0.0)
(44.772118, 26.607048, 0.0)
(44.655334, 26.598087, 0.0)
(43.369026, 26.116255, 0.0)
(42.792778, 26.034735, 0.0)
(42.686245, 25.981480, 0.0)
(42.486038, 25.905670, 0.0)
(42.315365, 25.849016, 0.0)
(42.173832, 25.861259, 0.0)
(41.988007, 25.845577, 0.0)
(41.819122, 25.842316, 0.0)
(40.268738, 25.738714, 0.0)
(40.059669, 25.772156, 0.0)
(39.928600, 25.741785, 0.0)
(39.804985, 25.746922, 0.0)
(39.667156, 25.714653, 0.0)
(39.544872, 25.660151, 0.0)
(39.416965, 25.707834, 0.0)
(39.239479, 25.706263, 0.0)
(37.116383, 25.675644, 0.0)
(36.830326, 25.627630, 0.0)
(36.664490, 25.600822, 0.0)
(36.508942, 25.607033, 0.0)
(36.371014, 25.611412, 0.0)
(36.243488, 25.614031, 0.0)
(36.147217, 25.602007, 0.0)
(35.993427, 25.615335, 0.0)
(35.905895, 25.618814, 0.0)
(34.210228, 25.881823, 0.0)
(33.509056, 25.973333, 0.0)
(32.711750, 26.005079, 0.0)
(32.430996, 26.008648, 0.0)
(32.349358, 26.010525, 0.0)
(32.308182, 26.045050, 0.0)
(32.268394, 26.047817, 0.0)
(32.236473, 26.048843, 0.0)
(32.128948, 26.104803, 0.0)
(32.085251, 26.119101, 0.0)
(32.046089, 26.168459, 0.0)
(32.025494, 26.178358, 0.0)
(31.872087, 26.253351, 0.0)
(30.976645, 26.306881, 0.0)
(30.809109, 26.330755, 0.0)
(30.803612, 26.287655, 0.0)
(30.798515, 26.250393, 0.0)
(30.849297, 26.243263, 0.0)
(30.854908, 26.210093, 0.0)
(30.874960, 26.196751, 0.0)
(30.910217, 26.208364, 0.0)
(30.966980, 26.166857, 0.0)
(31.075832, 26.114727, 0.0)
(31.194712, 26.055136, 0.0)
(31.395443, 25.976471, 0.0)
(31.586636, 25.875275, 0.0)
(31.852165, 25.798147, 0.0)
(32.119087, 25.680645, 0.0)
(32.403606, 25.640945, 0.0)
(32.708340, 25.553249, 0.0)
(32.989162, 25.508654, 0.0)
(33.360104, 25.374046, 0.0)
(33.753250, 25.322100, 0.0)
(34.159389, 25.263914, 0.0)
(34.655254, 25.230299, 0.0)
(35.067120, 25.136326, 0.0)
(35.508251, 25.129236, 0.0)
(35.909809, 25.088902, 0.0)
(36.378002, 25.110975, 0.0)
(36.727760, 25.114889, 0.0)
(37.092541, 25.099691, 0.0)
(37.523926, 25.119976, 0.0)
(37.853558, 25.098539, 0.0)
(38.210983, 25.107693, 0.0)
(38.596684, 25.130877, 0.0)
(38.953735, 25.125835, 0.0)
(39.349693, 25.130161, 0.0)
(39.652847, 25.211737, 0.0)
(40.001682, 25.249481, 0.0)
(40.277962, 25.297829, 0.0)
(40.579941, 25.315470, 0.0)
(40.846119, 25.331671, 0.0)
(41.101341, 25.384897, 0.0)
(41.410023, 25.416977, 0.0)
(41.646046, 25.444044, 0.0)
(42.360558, 25.335312, 0.0)
(42.648155, 25.423580, 0.0)
(42.842396, 25.478436, 0.0)
(43.070793, 25.542727, 0.0)
(43.287769, 25.616894, 0.0)
(43.417084, 25.704523, 0.0)
(44.133038, 25.947966, 0.0)
(45.250294, 26.202812, 0.0)
(45.350266, 26.271206, 0.0)
(45.406906, 26.292557, 0.0)
(45.464882, 26.308788, 0.0)
(45.511650, 26.375488, 0.0)
(46.022022, 26.540659, 0.0)
(46.120358, 26.518591, 0.0)
(46.118919, 26.533514, 0.0)
(46.135098, 26.531412, 0.0)
(46.178062, 26.592510, 0.0)
(46.149242, 26.519947, 0.0)
(46.149242, 26.519947, 0.0)
(46.182190, 26.575340, 0.0)
(46.218395, 26.566277, 0.0)
(46.361534, 26.659441, 0.0)
(46.357128, 26.611265, 0.0)
(46.336563, 26.576294, 0.0)
(46.324577, 26.563814, 0.0)
(46.285217, 26.514883, 0.0)
(45.816982, 26.110037, 0.0)
(45.686363, 25.977215, 0.0)
(45.606453, 25.892307, 0.0)
(45.536167, 25.807734, 0.0)
(44.795490, 25.487129, 0.0)
(44.268963, 25.280376, 0.0)
(44.090385, 25.274565, 0.0)
(43.943569, 25.179136, 0.0)
(43.799732, 25.127258, 0.0)
(43.586842, 25.027145, 0.0)
(42.464989, 24.861538, 0.0)
(42.125034, 24.832504, 0.0)
(42.004608, 24.832430, 0.0)
(41.838093, 24.752407, 0.0)
(41.725899, 24.747929, 0.0)
(41.614029, 24.771757, 0.0)
(41.482132, 24.742355, 0.0)
(41.349327, 24.760813, 0.0)
(39.848804, 24.566689, 0.0)
(39.564667, 24.493393, 0.0)
(39.459690, 24.463697, 0.0)
(39.294472, 24.434120, 0.0)
(39.061283, 24.427942, 0.0)
(38.880112, 24.361656, 0.0)
(38.733604, 24.380146, 0.0)
(38.515095, 24.398190, 0.0)
(37.341385, 24.415222, 0.0)
(36.582111, 24.406816, 0.0)
(36.376610, 24.432972, 0.0)
(36.173023, 24.422050, 0.0)
(36.008987, 24.449064, 0.0)
(35.871704, 24.462370, 0.0)
(33.974316, 24.783264, 0.0)
(33.399723, 24.600031, 0.0)
(32.385139, 24.855125, 0.0)
(32.039856, 25.019117, 0.0)
(31.966690, 25.068579, 0.0)
(31.894527, 25.097218, 0.0)
(31.848913, 25.113527, 0.0)
(31.804686, 25.178627, 0.0)
(31.753372, 25.216919, 0.0)
(31.683683, 25.201292, 0.0)
(31.633121, 25.235102, 0.0)
(31.575678, 25.277401, 0.0)
(31.497770, 25.286806, 0.0)
(30.685934, 25.481539, 0.0)
(30.529825, 25.485605, 0.0)
(30.519449, 25.452204, 0.0)
(30.509560, 25.429060, 0.0)
(30.520231, 25.432762, 0.0)
(30.542364, 25.434320, 0.0)
(30.562918, 25.435898, 0.0)
(30.649670, 25.420683, 0.0)
(31.092587, 24.855061, 0.0)
(31.301897, 24.638596, 0.0)
(31.530396, 24.567354, 0.0)
(31.725384, 24.487450, 0.0)
(31.983406, 24.391853, 0.0)
(32.251865, 24.326864, 0.0)
(32.480686, 24.269396, 0.0)
(32.714184, 24.256260, 0.0)
(33.021858, 24.234917, 0.0)
(33.344555, 24.124594, 0.0)
(33.692730, 24.112505, 0.0)
(34.049812, 24.089350, 0.0)
(34.446095, 24.000488, 0.0)
(34.857727, 23.964268, 0.0)
(35.285118, 23.941963, 0.0)
(35.581173, 23.940065, 0.0)
(35.927345, 23.927904, 0.0)
(36.231686, 23.960314, 0.0)
(36.506462, 23.974653, 0.0)
(36.782658, 23.965393, 0.0)
(37.047409, 23.969891, 0.0)
(37.353592, 23.970516, 0.0)
(37.652382, 23.970821, 0.0)
(37.972816, 23.971170, 0.0)
(38.276218, 23.974726, 0.0)
(38.624950, 23.953087, 0.0)
(39.019611, 24.034843, 0.0)
(39.992767, 24.058914, 0.0)
(40.282745, 24.145237, 0.0)
(40.583759, 24.217518, 0.0)
(40.846943, 24.237907, 0.0)
(41.078495, 24.274986, 0.0)
(41.388943, 24.357870, 0.0)
(41.659973, 24.399683, 0.0)
(42.333111, 24.501051, 0.0)
(42.788620, 24.556906, 0.0)
(43.059731, 24.592136, 0.0)
(43.280197, 24.607965, 0.0)
(43.475460, 24.653997, 0.0)
(43.660557, 24.731098, 0.0)
(44.491463, 24.965296, 0.0)
(44.707306, 25.037064, 0.0)
(44.814861, 25.045797, 0.0)
(44.985077, 25.114132, 0.0)
(45.094067, 25.230400, 0.0)
(45.245445, 25.311380, 0.0)
(45.481548, 25.394629, 0.0)
(45.670891, 25.400518, 0.0)
(45.823235, 25.430721, 0.0)
(45.866474, 25.481539, 0.0)
(45.896397, 25.500441, 0.0)
(45.923386, 25.444077, 0.0)
(46.230919, 25.363314, 0.0)
(46.262997, 25.299232, 0.0)
(46.244576, 25.309092, 0.0)
(46.217220, 25.300406, 0.0)
(46.181118, 25.217625, 0.0)
(46.352657, 25.013454, 0.0)
(46.300461, 24.692152, 0.0)
(46.129566, 24.621147, 0.0)
(46.027489, 24.559402, 0.0)
(45.901943, 24.468500, 0.0)
(45.338879, 24.422924, 0.0)
(45.092827, 24.465612, 0.0)
(44.962837, 24.394461, 0.0)
(44.784130, 24.354147, 0.0)
(44.642593, 24.312635, 0.0)
(43.352257, 23.962648, 0.0)
(42.986614, 24.010841, 0.0)
(42.780136, 23.979380, 0.0)
(42.550060, 23.894779, 0.0)
(42.395744, 23.915596, 0.0)
(42.185593, 23.810883, 0.0)
(41.954056, 23.745447, 0.0)
(41.779808, 23.754419, 0.0)
(41.604267, 23.738642, 0.0)
(41.414509, 23.680229, 0.0)
(40.862171, 23.669060, 0.0)
(39.984913, 23.542070, 0.0)
(39.696491, 23.524836, 0.0)
(39.430519, 23.498585, 0.0)
(39.175724, 23.524103, 0.0)
(38.731724, 23.545151, 0.0)
(37.191471, 23.510246, 0.0)
(36.865578, 23.543146, 0.0)
(36.651581, 23.552982, 0.0)
(36.431877, 23.549707, 0.0)
(36.278061, 23.575520, 0.0)
(36.065327, 23.584860, 0.0)
(35.857700, 23.606754, 0.0)
(34.179077, 23.946487, 0.0)
(33.720715, 24.015045, 0.0)
(33.550056, 24.032492, 0.0)
(33.422577, 24.050821, 0.0)
(33.303696, 24.083120, 0.0)
(33.196293, 24.095404, 0.0)
(33.087032, 24.159876, 0.0)
(32.992619, 24.161585, 0.0)
(32.869766, 24.208042, 0.0)
(32.005337, 24.478107, 0.0)
(31.307243, 24.670557, 0.0)
(31.169233, 24.659967, 0.0)
(31.105677, 24.653654, 0.0)
(31.044256, 24.674915, 0.0)
(31.010729, 24.663754, 0.0)
(30.945007, 24.680084, 0.0)
(30.946548, 24.672264, 0.0)
(30.586924, 24.835550, 0.0)
(30.370760, 24.890879, 0.0)
(30.375488, 24.903564, 0.0)
(30.417677, 24.893797, 0.0)
(30.450304, 24.853033, 0.0)
(30.518755, 24.822233, 0.0)
(30.278997, 24.682564, 0.0)
(30.054720, 24.478975, 0.0)
(30.163151, 24.377285, 0.0)
(30.353455, 24.340479, 0.0)
(30.527403, 24.245150, 0.0)
(31.497040, 23.775421, 0.0)
(31.931276, 23.583096, 0.0)
(32.272472, 23.448978, 0.0)
(32.618290, 23.305180, 0.0)
(33.030186, 23.167765, 0.0)
(33.391243, 23.060881, 0.0)
(33.716629, 23.009277, 0.0)
(34.050781, 22.926113, 0.0)
(34.434132, 22.853996, 0.0)
(34.873672, 22.802797, 0.0)
(35.400539, 22.756401, 0.0)
(35.747417, 22.753754, 0.0)
(36.146404, 22.721777, 0.0)
(36.433933, 22.695181, 0.0)
(36.878761, 22.779066, 0.0)
(37.444965, 22.568689, 0.0)
(38.187305, 22.404913, 0.0)
(38.696693, 22.455126, 0.0)
(39.104275, 22.507353, 0.0)
(39.487812, 22.564102, 0.0)
(39.793114, 22.594244, 0.0)
(40.100323, 22.663778, 0.0)
(40.415962, 22.696918, 0.0)
(40.734798, 22.750875, 0.0)
(41.018013, 22.839985, 0.0)
(41.346893, 22.962727, 0.0)
(41.625877, 23.010166, 0.0)
(41.899467, 23.064304, 0.0)
(42.150169, 23.144905, 0.0)
(42.416027, 23.303230, 0.0)
(42.702885, 23.334538, 0.0)
(42.900082, 23.387428, 0.0)
(43.493942, 23.510189, 0.0)
(43.735096, 23.550594, 0.0)
(43.929573, 23.638550, 0.0)
(44.145344, 23.708464, 0.0)
(44.248642, 23.723169, 0.0)
(44.390823, 23.780699, 0.0)
(44.790390, 23.974344, 0.0)
(45.018761, 23.982122, 0.0)
(45.442364, 24.208893, 0.0)
(45.582668, 24.266994, 0.0)
(45.646095, 24.286650, 0.0)
(45.683559, 24.287453, 0.0)
(45.716839, 24.347897, 0.0)
(45.738930, 24.373375, 0.0)
(45.786263, 24.418959, 0.0)
(46.289349, 24.584394, 0.0)
(46.330357, 24.582333, 0.0)
(46.307713, 24.562140, 0.0)
(46.268734, 24.521242, 0.0)
(46.198795, 24.418289, 0.0)
(46.202106, 23.931915, 0.0)
(46.134007, 23.810184, 0.0)
(45.980621, 23.702490, 0.0)
(45.898876, 23.700083, 0.0)
(45.780346, 23.625605, 0.0)
(45.651115, 23.561979, 0.0)
(45.072861, 23.550808, 0.0)
(44.905991, 23.525814, 0.0)
(44.775566, 23.494017, 0.0)
(44.462151, 23.389065, 0.0)
(43.685299, 23.243114, 0.0)
(43.494320, 23.155113, 0.0)
(43.324039, 23.152218, 0.0)
(43.171066, 23.039427, 0.0)
(43.029896, 23.046066, 0.0)
(42.596352, 22.949438, 0.0)
(41.783470, 22.657463, 0.0)
(41.549381, 22.607775, 0.0)
(41.266602, 22.505400, 0.0)
(41.059181, 22.468376, 0.0)
(39.640663, 22.343554, 0.0)
(38.179058, 22.200348, 0.0)
(37.750603, 21.980499, 0.0)
(37.762024, 21.919304, 0.0)
(37.655411, 22.018431, 0.0)
(37.494701, 22.089392, 0.0)
(37.359550, 22.115788, 0.0)
(37.225548, 22.174822, 0.0)
(37.021473, 22.169306, 0.0)
(36.842121, 22.159679, 0.0)
(36.648060, 22.196630, 0.0)
(36.151852, 22.325710, 0.0)
(34.026745, 22.580654, 0.0)
(33.749149, 22.668726, 0.0)
(32.757938, 23.100018, 0.0)
(32.184158, 23.228069, 0.0)
(32.013294, 23.286259, 0.0)
(31.934465, 23.312368, 0.0)
(31.886854, 23.340935, 0.0)
(31.854637, 23.356468, 0.0)
(31.786779, 23.377405, 0.0)
(31.700300, 23.384615, 0.0)
(31.674574, 23.411682, 0.0)
(32.060390, 23.262802, 0.0)
(32.055340, 23.263052, 0.0)
(31.945419, 23.323582, 0.0)
(31.907328, 23.331690, 0.0)
(31.136555, 23.686892, 0.0)
(30.880716, 23.791851, 0.0)
(30.864346, 23.796556, 0.0)
(30.842882, 23.783537, 0.0)
(30.816570, 23.774359, 0.0)
(30.432331, 23.970503, 0.0)
(30.388493, 23.991590, 0.0)
(30.411983, 23.962849, 0.0)
(30.465038, 23.899256, 0.0)
(30.381691, 23.820660, 0.0)
(30.074512, 23.522171, 0.0)
(30.136745, 23.461346, 0.0)
(30.323132, 23.325094, 0.0)
(30.470430, 23.265524, 0.0)
(31.477987, 22.824688, 0.0)
(31.867826, 22.686857, 0.0)
(32.237717, 22.527220, 0.0)
(32.586529, 22.446426, 0.0)
(32.956226, 22.262289, 0.0)
(33.731415, 22.187239, 0.0)
(34.415813, 22.129185, 0.0)
(34.803291, 22.069929, 0.0)
(35.231819, 22.005053, 0.0)
(35.586132, 21.966787, 0.0)
(35.943069, 21.936260, 0.0)
(36.327744, 21.892700, 0.0)
(36.738678, 21.892864, 0.0)
(37.036964, 21.887556, 0.0)
(37.433575, 21.862280, 0.0)
(37.749619, 21.844698, 0.0)
(38.116405, 21.884119, 0.0)
(38.467766, 21.881752, 0.0)
(38.889034, 21.894476, 0.0)
(39.196621, 21.867645, 0.0)
(39.557869, 21.925514, 0.0)
(39.871918, 21.958813, 0.0)
(40.428444, 21.958109, 0.0)
(40.841618, 21.984880, 0.0)
(41.093555, 22.011139, 0.0)
(41.399673, 22.104223, 0.0)
(41.700230, 22.156391, 0.0)
(42.009743, 22.205704, 0.0)
(42.269226, 22.262262, 0.0)
(42.475998, 22.304159, 0.0)
(42.816456, 22.436199, 0.0)
(43.214409, 22.550983, 0.0)
(43.489262, 22.413342, 0.0)
(43.961109, 22.581264, 0.0)
(44.263039, 22.743891, 0.0)
(44.482494, 22.756294, 0.0)
(44.708076, 22.818462, 0.0)
(44.863796, 22.918982, 0.0)
(44.982082, 22.957693, 0.0)
(45.115589, 22.985512, 0.0)
(45.512016, 23.223482, 0.0)
(45.560768, 23.427494, 0.0)
(45.586460, 23.299351, 0.0)
(45.943928, 23.601465, 0.0)
(46.089973, 23.657114, 0.0)
(46.132168, 23.631601, 0.0)
(46.165493, 23.635828, 0.0)
(46.225250, 23.661861, 0.0)
(46.574913, 23.823919, 0.0)
(46.616695, 23.856630, 0.0)
(46.573666, 23.817663, 0.0)
(46.568710, 23.819273, 0.0)
(46.548557, 23.790632, 0.0)
(46.479092, 23.755159, 0.0)
(46.124882, 23.411665, 0.0)
(45.961891, 23.216866, 0.0)
(45.891735, 23.207636, 0.0)
(45.726315, 23.104053, 0.0)
(44.999695, 22.816195, 0.0)
(44.800598, 22.692209, 0.0)
(44.641636, 22.654696, 0.0)
(44.142490, 22.568872, 0.0)
(43.397224, 23.194777, 0.0)
(42.005161, 21.890833, 0.0)
(41.857250, 21.432775, 0.0)
(41.759914, 21.426294, 0.0)
(41.619534, 21.420900, 0.0)
(41.506248, 21.387333, 0.0)
(41.335857, 21.371092, 0.0)
(40.870380, 21.249134, 0.0)
(40.334702, 22.042208, 0.0)
(39.447330, 21.218222, 0.0)
(39.378193, 21.110178, 0.0)
(39.301468, 21.227810, 0.0)
(39.195747, 21.247158, 0.0)
(39.058647, 21.258909, 0.0)
(38.238789, 21.297129, 0.0)
(38.050156, 21.319120, 0.0)
(37.954029, 21.326227, 0.0)
(37.768517, 21.338421, 0.0)
(37.541946, 21.340136, 0.0)
(36.777180, 21.515577, 0.0)
(35.975975, 21.609905, 0.0)
(35.794140, 21.647268, 0.0)
(35.636154, 21.677910, 0.0)
(35.499790, 21.701130, 0.0)
(34.678040, 21.955225, 0.0)
(34.111324, 22.042166, 0.0)
(33.993336, 22.108091, 0.0)
(33.913227, 22.149277, 0.0)
(33.807888, 22.141796, 0.0)
(33.671921, 22.205549, 0.0)
(32.474205, 22.566038, 0.0)
(32.279362, 22.630383, 0.0)
(32.217613, 22.652279, 0.0)
(32.165905, 22.684481, 0.0)
(32.140930, 22.682917, 0.0)
(31.542336, 22.944075, 0.0)
(30.938290, 23.124290, 0.0)
(30.897242, 23.144733, 0.0)
(30.904432, 23.102564, 0.0)
(30.879581, 23.073021, 0.0)
(30.600637, 23.201757, 0.0)
(30.497391, 23.178823, 0.0)
(30.533756, 23.146246, 0.0)
(30.521338, 23.159546, 0.0)
(30.581522, 23.098902, 0.0)
(30.634563, 23.050272, 0.0)
(30.720015, 22.975000, 0.0)
(31.255058, 22.489424, 0.0)
(31.423536, 22.303928, 0.0)
(31.603373, 22.236546, 0.0)
(31.879398, 22.110546, 0.0)
(32.139256, 22.010178, 0.0)
(32.996830, 21.739120, 0.0)
(33.385693, 21.604118, 0.0)
(33.667206, 21.534945, 0.0)
(34.007900, 21.451975, 0.0)
(34.246128, 21.366999, 0.0)
(34.553986, 21.333946, 0.0)
(34.826027, 21.269800, 0.0)
(35.090061, 21.189384, 0.0)
(35.374989, 21.143833, 0.0)
(35.655254, 21.101414, 0.0)
(35.976093, 21.065533, 0.0)
(36.213898, 21.009924, 0.0)
(37.123077, 20.906483, 0.0)
(37.699131, 20.872612, 0.0)
(38.029011, 20.844702, 0.0)
(38.372040, 20.866404, 0.0)
(38.742710, 20.861687, 0.0)
(39.066433, 20.848755, 0.0)
(40.074081, 20.940031, 0.0)
(40.891109, 20.982286, 0.0)
(41.139809, 21.025866, 0.0)
(41.406509, 21.082800, 0.0)
(41.654449, 21.112373, 0.0)
(41.857189, 21.141962, 0.0)
(42.138416, 21.240194, 0.0)
(42.289158, 21.251534, 0.0)
(42.559708, 21.348593, 0.0)
(42.760967, 21.443583, 0.0)
(43.026112, 21.525887, 0.0)
(43.246822, 21.623077, 0.0)
(43.785721, 21.763449, 0.0)
(43.998302, 21.882526, 0.0)
(44.133392, 21.931360, 0.0)
(44.329678, 21.990511, 0.0)
(44.455109, 22.084398, 0.0)
(45.196079, 22.334471, 0.0)
(45.325058, 22.371498, 0.0)
(45.353592, 22.423737, 0.0)
(45.395729, 22.449049, 0.0)
(45.438702, 22.460621, 0.0)
(45.714806, 22.469776, 0.0)
(45.888687, 22.467316, 0.0)
(45.891785, 22.463556, 0.0)
(45.888817, 22.452675, 0.0)
(45.891785, 22.448423, 0.0)
(45.896797, 22.315290, 0.0)
(45.868980, 22.204103, 0.0)
(45.832062, 22.178965, 0.0)
(45.764996, 22.157833, 0.0)
(45.699280, 22.100159, 0.0)
(45.667965, 22.094025, 0.0)
(45.589977, 22.078180, 0.0)
(45.502171, 22.056150, 0.0)
(45.431408, 22.094025, 0.0)
(45.348377, 22.008526, 0.0)
(45.241711, 21.972677, 0.0)
(44.446194, 21.684233, 0.0)
(44.229488, 21.645924, 0.0)
(44.102104, 21.613924, 0.0)
(43.923775, 21.503235, 0.0)
(43.724220, 21.430546, 0.0)
(42.568802, 21.014765, 0.0)
(41.715305, 20.819553, 0.0)
(41.527683, 20.692493, 0.0)
(41.469009, 20.577843, 0.0)
(41.312584, 20.615385, 0.0)
(41.161240, 20.574486, 0.0)
(41.004990, 20.563784, 0.0)
(40.884201, 20.537857, 0.0)
(40.706894, 20.543493, 0.0)
(40.534428, 20.507109, 0.0)
(40.345558, 20.492682, 0.0)
(38.410225, 20.392199, 0.0)
(38.047050, 20.401121, 0.0)
(37.856075, 20.371075, 0.0)
(37.677074, 20.346298, 0.0)
(37.478367, 20.343088, 0.0)
(37.330486, 20.333347, 0.0)
(35.590801, 20.774296, 0.0)
(34.789402, 20.989088, 0.0)
(34.578289, 21.000715, 0.0)
(34.510586, 21.020178, 0.0)
(34.402832, 21.013075, 0.0)
(34.318516, 21.002501, 0.0)
(34.276638, 20.997103, 0.0)
(34.214306, 21.034588, 0.0)
(34.156685, 21.022003, 0.0)
(34.113338, 21.035227, 0.0)
(33.088245, 21.395458, 0.0)
(32.227489, 21.698286, 0.0)
(32.089062, 21.749857, 0.0)
(32.040676, 21.757265, 0.0)
(32.010254, 21.759317, 0.0)
(31.965292, 21.790529, 0.0)
(31.956158, 21.795450, 0.0)
(31.948458, 21.803146, 0.0)
(31.178089, 22.187140, 0.0)
(30.919834, 22.265684, 0.0)
(30.902094, 22.258326, 0.0)
(30.897898, 22.283144, 0.0)
(30.851946, 22.340923, 0.0)
(30.305990, 22.628302, 0.0)
(30.250044, 22.666576, 0.0)
(30.270800, 22.652548, 0.0)
(30.278965, 22.657927, 0.0)
(30.333271, 22.639273, 0.0)
(30.377617, 22.585133, 0.0)
(30.403610, 22.583460, 0.0)
(30.751150, 22.163776, 0.0)
(30.936220, 21.972607, 0.0)
(31.057732, 21.915417, 0.0)
(31.275375, 21.834391, 0.0)
(31.531406, 21.676456, 0.0)
(33.363510, 21.035774, 0.0)
(33.729912, 20.907536, 0.0)
(34.141712, 20.775682, 0.0)
(34.538277, 20.687733, 0.0)
(34.914513, 20.562084, 0.0)
(35.306797, 20.452106, 0.0)
(35.679005, 20.400932, 0.0)
(36.099293, 20.324564, 0.0)
(36.450920, 20.268192, 0.0)
(36.784229, 20.217911, 0.0)
(37.119965, 20.156727, 0.0)
(37.412235, 20.120031, 0.0)
(37.759113, 20.100471, 0.0)
(38.087593, 20.114286, 0.0)
(38.460777, 20.116991, 0.0)
(38.760132, 20.097578, 0.0)
(39.390011, 20.100260, 0.0)
(39.948860, 20.123800, 0.0)
(40.240074, 20.153662, 0.0)
(40.600578, 20.243847, 0.0)
(40.867229, 20.250509, 0.0)
(41.145855, 20.315998, 0.0)
(41.483974, 20.360550, 0.0)
(41.720467, 20.409468, 0.0)
(42.016430, 20.492308, 0.0)
(42.235481, 20.562107, 0.0)
(42.447487, 20.607410, 0.0)
(42.732727, 20.724648, 0.0)
(42.930618, 20.833342, 0.0)
(43.129616, 20.930586, 0.0)
(43.620762, 21.040655, 0.0)
(43.883778, 21.181538, 0.0)
(44.017555, 21.263083, 0.0)
(44.063526, 21.242321, 0.0)
(44.170719, 21.304110, 0.0)
(44.662537, 21.502159, 0.0)
(44.973232, 21.651546, 0.0)
(45.042519, 21.668833, 0.0)
(45.107971, 21.703762, 0.0)
(45.143185, 21.724213, 0.0)
(45.547226, 22.073639, 0.0)
(45.692677, 22.188620, 0.0)
(45.698822, 22.192137, 0.0)
(45.713608, 22.217865, 0.0)
(45.704678, 22.229931, 0.0)
(45.699093, 22.226812, 0.0)
(45.685226, 22.217794, 0.0)
(45.658005, 22.196167, 0.0)
(45.631145, 22.179577, 0.0)
(45.605652, 22.190598, 0.0)
(45.583897, 22.157242, 0.0)
(45.606575, 22.216022, 0.0)
(46.372189, 23.214134, 0.0)
(46.336163, 23.470407, 0.0)
(46.424229, 23.821405, 0.0)
(46.507294, 23.980869, 0.0)
(46.490288, 24.160458, 0.0)
(46.484535, 24.200090, 0.0)
(46.492130, 24.266123, 0.0)
(46.505402, 24.299620, 0.0)
(46.515881, 24.334480, 0.0)
(46.665791, 25.500700, 0.0)
(46.635578, 25.880035, 0.0)
(46.646114, 25.902906, 0.0)
(46.638847, 25.973663, 0.0)
(46.636223, 26.016830, 0.0)
(46.623837, 26.012947, 0.0)
(46.637482, 26.047247, 0.0)
(46.641094, 26.055216, 0.0)
(46.831944, 26.699226, 0.0)
(46.806175, 27.235081, 0.0)
(46.656570, 27.890503, 0.0)
(46.753605, 28.509562, 0.0)
(46.692562, 28.775208, 0.0)
(46.674526, 28.849594, 0.0)
(46.653008, 28.881035, 0.0)
(46.643394, 28.851633, 0.0)
(46.660553, 28.857597, 0.0)
(46.636627, 28.885254, 0.0)
(46.624390, 28.896790, 0.0)
(46.626736, 28.915554, 0.0)
(46.615410, 28.943390, 0.0)
(46.585552, 29.370342, 0.0)
(46.504780, 29.578455, 0.0)
(46.494621, 29.622391, 0.0)
(46.469032, 29.613186, 0.0)
(46.449409, 29.649897, 0.0)
(46.441879, 29.666241, 0.0)
(46.419357, 29.710938, 0.0)
(46.542931, 30.112448, 0.0)
(46.431812, 30.413795, 0.0)
(46.400616, 30.503931, 0.0)
(46.361801, 30.519766, 0.0)
(46.351704, 30.537846, 0.0)
(46.348293, 30.815664, 0.0)
(46.297802, 31.160711, 0.0)
(46.277611, 31.193653, 0.0)
(46.293674, 31.187197, 0.0)
(46.292686, 31.218000, 0.0)
(46.267494, 31.190817, 0.0)
(46.267494, 31.190817, 0.0)
(46.262871, 31.191677, 0.0)
(46.249279, 31.189045, 0.0)
(46.241962, 31.436281, 0.0)
(46.236664, 31.465401, 0.0)
(46.230553, 31.476788, 0.0)
(46.172958, 31.460171, 0.0)
(45.368336, 31.100521, 0.0)
(44.920891, 30.853180, 0.0)
(45.327080, 30.525421, 0.0)
(45.436554, 30.337645, 0.0)
(45.445110, 30.326622, 0.0)
(45.440533, 30.248951, 0.0)
(45.879284, 29.710674, 0.0)
(45.956402, 29.653135, 0.0)
(45.955631, 29.592039, 0.0)
(45.953304, 29.425789, 0.0)
(46.330875, 28.296024, 0.0)
(46.461773, 27.575617, 0.0)
(46.413212, 27.446739, 0.0)
(46.390575, 27.333677, 0.0)
(46.377014, 27.256161, 0.0)
(46.351528, 27.190805, 0.0)
(46.335258, 27.129156, 0.0)
(46.356888, 27.098354, 0.0)
(46.350868, 27.089323, 0.0)
(46.350239, 27.040854, 0.0)
(46.352707, 27.033035, 0.0)
(46.367218, 27.027306, 0.0)
(46.367859, 26.974733, 0.0)
(46.388882, 26.941408, 0.0)
(46.414291, 26.857622, 0.0)
(46.402027, 25.839573, 0.0)
(46.396748, 25.658833, 0.0)
(46.400589, 25.651821, 0.0)
(46.397003, 25.633284, 0.0)
(46.378456, 25.587305, 0.0)
(46.389030, 25.555635, 0.0)
(46.410286, 25.570229, 0.0)
(46.432758, 25.419092, 0.0)
(46.384121, 24.513208, 0.0)
(46.371426, 24.383432, 0.0)
(46.390991, 24.365221, 0.0)
(46.324276, 24.237692, 0.0)
(46.315502, 24.171850, 0.0)
(46.314804, 24.146849, 0.0)
(46.310314, 23.626720, 0.0)
(46.292885, 23.541857, 0.0)
(46.290108, 23.498161, 0.0)
(46.293625, 23.443829, 0.0)
(46.282959, 23.428753, 0.0)
(46.188019, 23.103804, 0.0)
(46.159901, 22.887896, 0.0)
(46.123863, 22.828455, 0.0)
(46.124882, 22.803043, 0.0)
(46.111042, 22.780584, 0.0)
(46.089096, 22.736841, 0.0)
(46.086208, 22.727283, 0.0)
(46.058479, 22.684784, 0.0)
(46.055115, 22.687328, 0.0)
(46.046925, 22.672398, 0.0)
(46.012249, 22.658094, 0.0)
(45.541397, 22.141035, 0.0)
(45.431850, 22.081606, 0.0)
(45.428631, 22.075687, 0.0)
(45.430367, 22.096292, 0.0)
(45.526516, 23.111622, 0.0)
(45.502892, 23.868502, 0.0)
(45.612923, 24.708797, 0.0)
(45.616405, 25.060484, 0.0)
(45.649158, 25.167892, 0.0)
(45.647415, 25.236349, 0.0)
(45.656124, 25.355825, 0.0)
(45.683372, 25.420195, 0.0)
(45.678539, 25.471373, 0.0)
(45.707539, 25.514894, 0.0)
(45.729294, 25.569149, 0.0)
(45.708572, 25.650640, 0.0)
(45.711590, 25.708256, 0.0)
(45.726280, 25.769783, 0.0)
(45.762577, 25.846760, 0.0)
(45.751057, 25.905083, 0.0)
(45.764893, 25.896490, 0.0)
(46.020714, 26.658651, 0.0)
(46.017963, 26.780907, 0.0)
(46.019287, 26.840895, 0.0)
(46.021095, 26.865662, 0.0)
(46.026661, 26.903610, 0.0)
(46.039963, 26.920109, 0.0)
(46.039402, 26.965776, 0.0)
(45.875519, 27.367779, 0.0)
(45.744972, 27.978165, 0.0)
(45.790432, 28.879957, 0.0)
(45.866386, 29.221518, 0.0)
(45.780548, 29.281046, 0.0)
(45.790306, 29.314489, 0.0)
(45.775944, 29.312021, 0.0)
(45.766212, 29.430971, 0.0)
(45.747375, 29.435719, 0.0)
(45.729321, 29.480106, 0.0)
(45.726528, 29.496021, 0.0)
(45.702847, 29.564178, 0.0)
(45.695213, 29.558546, 0.0)
(45.676418, 29.545059, 0.0)
(45.661709, 29.573771, 0.0)
(45.653648, 29.595997, 0.0)
(45.651455, 29.646124, 0.0)
(45.489109, 30.010015, 0.0)
(45.449471, 30.112497, 0.0)
(45.434368, 30.121483, 0.0)
(45.417629, 30.175962, 0.0)
(45.418453, 30.165035, 0.0)
(45.408611, 30.196302, 0.0)
(45.410583, 30.189793, 0.0)
(45.408451, 30.178650, 0.0)
(45.404514, 30.128492, 0.0)
(45.408009, 30.129230, 0.0)
(45.405392, 30.148094, 0.0)
(45.394615, 30.158234, 0.0)
(45.394615, 30.158234, 0.0)
(45.407265, 30.142235, 0.0)
(45.331547, 30.091969, 0.0)
(44.950317, 30.034775, 0.0)
(44.863300, 29.986897, 0.0)
(44.896404, 29.872461, 0.0)
(44.910427, 29.808212, 0.0)
(44.909874, 29.734371, 0.0)
(45.048275, 29.336315, 0.0)
(45.061832, 29.099112, 0.0)
(45.058670, 28.953119, 0.0)
(45.078323, 28.819551, 0.0)
(45.132172, 28.469555, 0.0)
(45.434246, 26.858667, 0.0)
(45.427788, 26.562912, 0.0)
(45.424484, 26.500450, 0.0)
(45.421825, 26.397467, 0.0)
(45.427925, 26.311308, 0.0)
(45.426228, 26.262539, 0.0)
(45.449978, 26.082077, 0.0)
(45.218185, 24.760387, 0.0)
(45.221516, 24.889601, 0.0)
(45.004852, 23.759769, 0.0)
(44.954704, 23.431288, 0.0)
(44.984554, 23.443026, 0.0)
(44.991016, 23.403708, 0.0)
(45.015335, 23.398405, 0.0)
(45.015335, 23.398405, 0.0)
(45.045933, 23.419979, 0.0)
(45.055092, 23.406866, 0.0)
(45.050972, 23.402798, 0.0)
(45.055092, 23.417992, 0.0)
(45.065403, 23.417805, 0.0)
(45.065403, 23.417805, 0.0)
(45.065544, 23.397131, 0.0)
(45.085896, 23.370939, 0.0)
(45.106133, 23.385344, 0.0)
(45.083294, 23.349035, 0.0)
(45.094414, 23.295238, 0.0)
(45.132950, 23.279121, 0.0)
(45.208221, 23.087988, 0.0)
(45.132359, 22.764526, 0.0)
(45.124111, 22.714355, 0.0)
(45.170410, 22.650827, 0.0)
(45.150196, 22.600246, 0.0)
(45.069878, 22.212761, 0.0)
(45.070457, 22.074013, 0.0)
(45.065685, 22.075939, 0.0)
(45.052525, 22.065758, 0.0)
(45.038635, 22.029150, 0.0)
(44.954945, 21.791359, 0.0)
(44.888683, 21.670973, 0.0)
(44.886963, 21.649572, 0.0)
(44.891403, 21.634470, 0.0)
(44.882507, 21.626011, 0.0)
(44.831085, 21.602564, 0.0)
(44.350048, 21.364681, 0.0)
(44.270565, 21.337952, 0.0)
(44.270969, 21.372328, 0.0)
(44.276920, 21.475901, 0.0)
(44.067558, 21.879602, 0.0)
(44.145420, 23.374899, 0.0)
(44.613453, 25.469067, 0.0)
(44.772377, 26.138256, 0.0)
(44.785168, 26.587626, 0.0)
(44.739540, 26.775047, 0.0)
(44.757538, 26.802273, 0.0)
(44.739372, 26.809601, 0.0)
(44.721107, 26.867544, 0.0)
(44.710094, 26.877514, 0.0)
(44.723904, 26.905025, 0.0)
(44.734615, 26.957281, 0.0)
(44.716022, 27.006514, 0.0)
(44.716972, 27.013979, 0.0)
(44.783283, 27.640268, 0.0)
(44.818497, 29.311398, 0.0)
(44.754066, 29.583969, 0.0)
(44.729198, 29.534842, 0.0)
(44.688156, 29.582790, 0.0)
(44.675472, 29.594860, 0.0)
(44.674698, 29.599867, 0.0)
(44.670128, 29.625032, 0.0)
(44.671497, 29.638380, 0.0)
(44.676918, 29.648895, 0.0)
(44.677155, 29.668289, 0.0)
(44.718834, 28.658291, 0.0)
(44.703636, 28.403896, 0.0)
(44.693897, 28.495419, 0.0)
(44.690266, 28.554953, 0.0)
(44.696854, 28.595900, 0.0)
(44.707260, 28.606674, 0.0)
(44.704208, 28.644083, 0.0)
(44.699207, 28.735043, 0.0)
(44.703285, 28.806623, 0.0)
(44.714806, 28.810417, 0.0)
(44.692677, 28.813524, 0.0)
(44.680115, 28.844557, 0.0)
(44.677357, 28.828362, 0.0)
(44.658756, 29.120647, 0.0)
(44.510010, 29.768341, 0.0)
(44.458187, 29.915897, 0.0)
(44.452599, 29.933603, 0.0)
(44.444153, 29.943920, 0.0)
(44.438648, 29.992167, 0.0)
(44.415260, 30.037661, 0.0)
(44.302731, 30.308409, 0.0)
(44.252571, 30.347387, 0.0)
(44.232449, 30.376041, 0.0)
(44.214363, 30.395132, 0.0)
(44.187504, 30.351936, 0.0)
(44.161095, 30.399330, 0.0)
(44.145432, 30.415607, 0.0)
(44.136364, 30.433807, 0.0)
(43.497982, 30.255426, 0.0)
(43.401318, 30.189997, 0.0)
(43.372135, 30.164431, 0.0)
(43.305584, 30.124523, 0.0)
(43.279884, 30.035635, 0.0)
(43.501869, 29.655678, 0.0)
(43.556767, 29.425623, 0.0)
(43.553951, 29.294018, 0.0)
(43.554863, 29.128765, 0.0)
(43.560852, 28.973110, 0.0)
(43.587597, 28.827539, 0.0)
(43.748154, 28.371330, 0.0)
(43.815983, 28.092422, 0.0)
(43.841583, 27.951477, 0.0)
(43.852188, 27.801373, 0.0)
(43.871204, 27.631472, 0.0)
(43.901932, 27.542353, 0.0)
(43.999592, 26.754660, 0.0)
(44.001091, 26.169641, 0.0)
(43.999905, 26.054716, 0.0)
(44.057152, 25.958042, 0.0)
(44.058949, 25.862232, 0.0)
(44.063652, 25.765823, 0.0)
(44.072124, 25.663448, 0.0)
(44.085102, 24.941425, 0.0)
(44.103863, 24.799675, 0.0)
(44.116356, 24.719553, 0.0)
(44.107521, 24.654392, 0.0)
(44.102322, 24.597357, 0.0)
(44.119717, 24.531965, 0.0)
(44.129650, 24.477848, 0.0)
(44.040142, 23.417839, 0.0)
(43.940403, 22.828857, 0.0)
(43.945087, 22.736923, 0.0)
(43.938717, 22.705103, 0.0)
(43.936962, 22.670208, 0.0)
(43.945591, 22.656715, 0.0)
(43.924721, 22.637865, 0.0)
(43.958923, 22.592016, 0.0)
(43.932281, 22.554174, 0.0)
(43.848240, 21.633791, 0.0)
(43.787579, 21.337021, 0.0)
(43.794586, 21.310841, 0.0)
(43.793198, 21.312412, 0.0)
(43.775024, 21.262028, 0.0)
(43.768879, 21.256512, 0.0)
(43.757088, 21.247686, 0.0)
(43.757088, 21.247686, 0.0)
(43.757088, 21.247686, 0.0)
(43.747505, 21.257494, 0.0)
(43.637260, 20.949306, 0.0)
(43.495583, 20.717293, 0.0)
(43.485157, 20.698498, 0.0)
(43.483746, 20.719261, 0.0)
(43.439194, 20.664373, 0.0)
(42.917545, 20.486414, 0.0)
(42.739975, 20.491823, 0.0)
(42.684719, 20.479439, 0.0)
(42.667141, 20.482840, 0.0)
(42.662415, 20.485470, 0.0)
(42.573166, 20.662497, 0.0)
(42.382305, 20.951031, 0.0)
(42.637039, 21.096504, 0.0)
(42.807076, 21.329271, 0.0)
(42.816349, 21.481079, 0.0)
(42.900845, 21.611046, 0.0)
(43.109718, 22.063919, 0.0)
(43.182037, 22.633434, 0.0)
(43.206165, 22.774359, 0.0)
(43.212009, 22.882021, 0.0)
(43.219944, 22.999773, 0.0)
(43.212467, 23.068539, 0.0)
(43.238300, 23.165581, 0.0)
(43.287216, 23.818693, 0.0)
(43.278290, 24.000000, 0.0)
(43.283726, 24.039293, 0.0)
(43.304653, 24.148989, 0.0)
(43.304668, 24.855339, 0.0)
(43.297146, 25.095354, 0.0)
(43.282776, 25.140226, 0.0)
(43.298016, 25.252523, 0.0)
(43.288597, 25.275957, 0.0)
(43.376141, 26.306860, 0.0)
(43.378399, 26.749632, 0.0)
(43.363213, 26.833498, 0.0)
(43.358944, 26.895031, 0.0)
(43.354443, 26.968006, 0.0)
(43.361355, 27.013903, 0.0)
(43.350899, 27.056145, 0.0)
(43.356747, 27.071606, 0.0)
(43.342075, 27.889589, 0.0)
(43.384846, 30.265495, 0.0)
(43.212120, 30.682240, 0.0)
(43.137829, 30.657007, 0.0)
(43.121918, 30.637228, 0.0)
(43.091698, 30.604975, 0.0)
(43.088314, 30.582903, 0.0)
(43.085545, 30.587589, 0.0)
(43.089359, 30.576410, 0.0)
(43.069939, 30.588476, 0.0)
(43.068455, 30.601973, 0.0)
(43.065464, 30.593727, 0.0)
(43.033958, 30.592777, 0.0)
(43.017178, 30.574215, 0.0)
(43.017097, 30.596235, 0.0)
(43.001591, 30.607986, 0.0)
(42.980118, 30.623171, 0.0)
(42.979012, 30.635275, 0.0)
(42.958195, 30.596712, 0.0)
(42.796093, 30.221901, 0.0)
(42.752693, 30.130978, 0.0)
(42.722408, 30.104946, 0.0)
(42.666771, 30.028275, 0.0)
(42.014015, 29.835672, 0.0)
(41.875740, 29.784615, 0.0)
(41.844780, 29.707146, 0.0)
(41.797176, 29.612978, 0.0)
(41.789848, 29.563751, 0.0)
(41.825871, 29.198616, 0.0)
(41.978531, 28.388132, 0.0)
(41.971775, 28.231407, 0.0)
(41.966640, 28.143297, 0.0)
(41.955833, 28.066694, 0.0)
(42.067619, 27.945803, 0.0)
(42.319260, 27.882517, 0.0)
(42.368469, 27.775553, 0.0)
(42.370667, 27.700483, 0.0)
(42.383228, 27.655109, 0.0)
(42.399799, 27.548212, 0.0)
(42.446831, 26.858120, 0.0)
(42.424263, 26.759958, 0.0)
(42.428722, 26.649992, 0.0)
(42.414276, 26.560146, 0.0)
(42.419163, 26.346951, 0.0)
(42.346447, 25.503126, 0.0)
(42.331383, 25.384951, 0.0)
(42.329700, 25.293552, 0.0)
(42.315536, 25.221724, 0.0)
(42.327129, 25.195925, 0.0)
(42.350010, 24.801949, 0.0)
(42.152176, 23.632942, 0.0)
(42.082668, 23.202322, 0.0)
(42.040520, 22.561314, 0.0)
(42.049656, 22.406446, 0.0)
(42.082287, 22.425339, 0.0)
(42.092808, 22.413641, 0.0)
(42.100082, 22.391186, 0.0)
(42.077011, 22.360277, 0.0)
(42.072830, 22.353642, 0.0)
(42.082165, 22.378222, 0.0)
(42.093056, 22.371080, 0.0)
(41.950710, 21.460711, 0.0)
(41.430912, 20.551065, 0.0)
(41.442749, 20.241892, 0.0)
(41.554367, 20.309456, 0.0)
(41.613987, 20.351971, 0.0)
(41.642624, 20.322216, 0.0)
(41.684433, 20.308081, 0.0)
(41.712147, 20.318529, 0.0)
(41.711571, 20.334347, 0.0)
(41.728512, 20.322172, 0.0)
(41.755753, 20.352377, 0.0)
(41.738846, 20.377909, 0.0)
(41.720734, 20.377293, 0.0)
(41.720734, 20.377293, 0.0)
(41.746185, 20.401390, 0.0)
(41.740017, 20.400497, 0.0)
(41.734180, 20.411526, 0.0)
(41.736206, 20.405195, 0.0)
(41.336945, 20.359882, 0.0)
(40.717197, 21.002363, 0.0)
(41.191441, 25.717150, 0.0)
(41.079609, 25.155827, 0.0)
(41.084187, 25.129745, 0.0)
(41.096199, 25.248013, 0.0)
(41.107391, 25.290836, 0.0)
(41.080559, 25.363113, 0.0)
(41.094196, 25.413519, 0.0)
(41.105682, 25.446083, 0.0)
(41.085396, 25.467712, 0.0)
(41.086342, 25.501980, 0.0)
(41.095558, 25.547215, 0.0)
(41.116657, 25.560995, 0.0)
(41.131096, 25.592730, 0.0)
(41.146091, 25.634727, 0.0)
(41.160385, 25.662912, 0.0)
(41.169605, 25.715572, 0.0)
(41.169548, 25.703146, 0.0)
(41.184887, 25.743382, 0.0)
(41.202122, 25.757011, 0.0)
(41.187405, 25.781961, 0.0)
(41.204807, 25.843601, 0.0)
(41.202972, 25.913332, 0.0)
(41.190163, 25.962965, 0.0)
(41.311596, 26.304804, 0.0)
(41.363575, 26.891228, 0.0)
(41.519169, 29.044073, 0.0)
(41.538342, 29.710770, 0.0)
(41.513142, 29.706522, 0.0)
(41.509571, 29.621880, 0.0)
(41.440178, 29.576536, 0.0)
(41.423809, 29.608473, 0.0)
(41.425087, 29.613171, 0.0)
(41.418221, 29.628168, 0.0)
(41.398609, 29.685400, 0.0)
(41.397282, 29.680250, 0.0)
(41.379486, 29.694620, 0.0)
(41.363701, 29.418646, 0.0)
(41.317375, 28.835224, 0.0)
(41.251663, 28.792553, 0.0)
(41.242481, 28.828293, 0.0)
(41.266056, 28.826904, 0.0)
(41.289062, 28.840034, 0.0)
(41.251511, 28.844040, 0.0)
(41.253296, 28.872189, 0.0)
(41.248852, 28.911026, 0.0)
(41.250366, 28.962229, 0.0)
(40.949825, 29.305677, 0.0)
(40.915485, 29.362123, 0.0)
(40.991554, 29.312630, 0.0)
(40.979660, 29.283192, 0.0)
(40.906551, 29.250435, 0.0)
(40.483955, 29.761627, 0.0)
(40.166706, 30.084988, 0.0)
(40.094749, 30.053114, 0.0)
(40.090008, 30.032907, 0.0)
(40.097420, 29.993303, 0.0)
(40.508110, 28.821665, 0.0)
(40.492260, 28.502394, 0.0)
(40.482563, 28.411921, 0.0)
(40.496040, 28.221781, 0.0)
(40.494762, 28.108919, 0.0)
(40.512905, 27.972847, 0.0)
(40.510384, 27.827160, 0.0)
(40.489017, 27.733847, 0.0)
(40.522091, 27.542053, 0.0)
(40.521774, 26.960537, 0.0)
(40.535450, 26.855633, 0.0)
(40.546993, 26.777239, 0.0)
(40.560818, 26.709875, 0.0)
(40.604279, 26.219538, 0.0)
(40.422596, 25.362133, 0.0)
(40.473957, 25.058334, 0.0)
(40.429714, 23.446770, 0.0)
(40.387745, 23.219454, 0.0)
(40.402798, 23.243721, 0.0)
(40.419346, 23.188927, 0.0)
(40.414455, 23.125809, 0.0)
(40.434425, 23.096769, 0.0)
(40.507401, 23.129450, 0.0)
(40.540783, 23.106552, 0.0)
(40.561958, 23.113846, 0.0)
(40.577145, 23.130178, 0.0)
(40.598434, 23.143288, 0.0)
(40.542343, 23.050730, 0.0)
(40.551575, 23.054085, 0.0)
(40.469933, 22.561096, 0.0)
(40.094589, 20.480419, 0.0)
(40.084778, 20.367033, 0.0)
(40.100742, 20.353846, 0.0)
(40.076511, 20.351702, 0.0)
(40.060429, 20.354507, 0.0)
(40.052483, 20.363567, 0.0)
(40.059208, 20.380157, 0.0)
(40.066475, 20.348461, 0.0)
(40.069073, 20.314703, 0.0)
(40.068626, 20.314747, 0.0)
(40.068405, 20.321455, 0.0)
(40.056984, 20.336277, 0.0)
(40.056984, 20.336277, 0.0)
(40.056984, 20.336277, 0.0)
(40.058254, 20.350050, 0.0)
(40.081955, 20.378777, 0.0)
(39.811615, 20.021889, 0.0)
(39.759888, 19.952841, 0.0)
(39.740818, 19.969759, 0.0)
(39.742813, 19.977240, 0.0)
(39.706295, 20.011642, 0.0)
(39.036324, 19.934345, 0.0)
(38.957298, 19.937668, 0.0)
(38.921444, 19.968157, 0.0)
(38.697071, 20.025698, 0.0)
(39.497494, 26.967522, 0.0)
(39.876686, 27.875164, 0.0)
(39.813278, 28.009457, 0.0)
(39.776379, 27.955740, 0.0)
(39.712269, 27.960552, 0.0)
(39.729664, 27.992292, 0.0)
(39.722824, 27.990349, 0.0)
(39.724499, 28.043213, 0.0)
(39.793163, 28.751341, 0.0)
(39.813770, 30.087505, 0.0)
(39.719719, 30.215063, 0.0)
(39.722542, 30.182508, 0.0)
(39.692104, 30.201118, 0.0)
(39.696434, 30.216492, 0.0)
(39.626499, 30.271984, 0.0)
(39.609119, 30.247658, 0.0)
(39.634422, 30.230450, 0.0)
(39.628872, 30.248520, 0.0)
(39.619625, 30.245810, 0.0)
(39.616577, 30.255703, 0.0)
(39.641689, 30.257185, 0.0)
(39.614838, 30.290041, 0.0)
(39.604336, 30.304232, 0.0)
(39.632626, 30.300095, 0.0)
(39.633255, 30.295073, 0.0)
(39.633595, 30.311926, 0.0)
(39.624260, 30.333757, 0.0)
(39.613476, 30.346933, 0.0)
(39.595127, 30.369890, 0.0)
(39.601471, 30.376877, 0.0)
(39.616241, 30.354221, 0.0)
(39.590687, 30.312740, 0.0)
(39.588123, 30.311323, 0.0)
(39.628483, 30.290260, 0.0)
(39.619255, 30.310280, 0.0)
(39.628708, 30.318138, 0.0)
(39.645939, 30.317326, 0.0)
(39.644444, 30.320251, 0.0)
(39.656055, 28.989946, 0.0)
(39.646816, 28.865080, 0.0)
(39.622410, 28.885983, 0.0)
(39.621326, 28.880400, 0.0)
(39.621708, 28.876574, 0.0)
(39.614643, 28.881298, 0.0)
(39.613216, 28.913960, 0.0)
(39.592247, 28.923077, 0.0)
(39.422771, 29.242218, 0.0)
(39.306221, 29.383015, 0.0)
(39.329311, 29.345539, 0.0)
(39.348953, 29.333275, 0.0)
(39.273430, 29.315002, 0.0)
(39.270012, 29.289553, 0.0)
(39.266869, 29.286430, 0.0)
(38.456070, 28.839622, 0.0)
(38.162254, 28.647833, 0.0)
(38.160564, 28.577778, 0.0)
(38.161293, 28.521004, 0.0)
(38.141491, 28.458862, 0.0)
(38.153576, 28.351072, 0.0)
(38.433987, 27.656029, 0.0)
(38.533096, 27.147446, 0.0)
(38.524849, 26.978596, 0.0)
(38.519222, 26.937704, 0.0)
(38.532440, 26.876228, 0.0)
(38.559223, 26.749508, 0.0)
(38.549061, 26.722969, 0.0)
(38.604710, 26.659906, 0.0)
(38.569450, 26.431309, 0.0)
(38.466148, 25.148268, 0.0)
(38.426292, 24.970295, 0.0)
(38.410053, 24.931982, 0.0)
(38.411106, 24.858681, 0.0)
(38.388210, 24.805084, 0.0)
(38.407860, 24.756105, 0.0)
(38.405117, 24.712275, 0.0)
(38.434975, 24.663273, 0.0)
(38.149803, 22.726141, 0.0)
(38.011177, 21.834457, 0.0)
(37.977360, 21.316277, 0.0)
(38.045269, 21.203739, 0.0)
(38.053322, 21.222185, 0.0)
(38.071877, 21.217392, 0.0)
(38.054264, 21.228186, 0.0)
(38.061859, 21.219818, 0.0)
(38.064079, 21.226131, 0.0)
(38.078289, 21.234665, 0.0)
(38.113628, 21.210043, 0.0)
(38.114670, 21.197510, 0.0)
(38.133461, 21.238234, 0.0)
(38.141743, 21.250168, 0.0)
(38.142349, 21.257095, 0.0)
(38.093376, 20.877092, 0.0)
(38.013920, 20.181826, 0.0)
(38.007629, 20.115582, 0.0)
(38.001755, 20.133127, 0.0)
(38.003830, 20.147018, 0.0)
(38.019535, 20.158443, 0.0)
(38.064762, 20.168640, 0.0)
(38.029625, 20.161650, 0.0)
(38.074955, 20.178772, 0.0)
(38.074955, 20.178772, 0.0)
(38.074955, 20.178772, 0.0)
(37.723984, 19.999813, 0.0)
(37.497601, 19.911032, 0.0)
(37.489986, 19.932737, 0.0)
(37.470997, 19.929974, 0.0)
(37.443810, 19.931488, 0.0)
(36.811367, 19.962442, 0.0)
(36.788521, 19.977365, 0.0)
(36.746037, 19.969490, 0.0)
(36.732868, 19.982714, 0.0)
(36.925232, 20.508608, 0.0)
(36.962429, 20.644230, 0.0)
(36.957794, 20.697069, 0.0)
(36.974552, 20.771646, 0.0)
(37.216896, 21.359306, 0.0)
(37.207176, 21.585888, 0.0)
(37.209732, 21.712486, 0.0)
(37.187088, 21.809784, 0.0)
(37.190624, 21.838682, 0.0)
(37.408127, 22.712040, 0.0)
(37.474373, 23.052820, 0.0)
(37.470993, 23.135950, 0.0)
(37.454754, 23.187389, 0.0)
(37.453419, 23.286053, 0.0)
(37.457569, 23.344326, 0.0)
(37.456833, 23.409573, 0.0)
(37.449619, 23.458954, 0.0)
(37.465950, 23.820604, 0.0)
(37.479591, 24.342924, 0.0)
(37.479240, 24.457546, 0.0)
(37.479458, 24.463362, 0.0)
(37.446724, 24.494665, 0.0)
(37.441204, 24.565777, 0.0)
(37.432697, 24.606079, 0.0)
(37.563072, 25.140724, 0.0)
(37.567730, 25.334496, 0.0)
(37.573185, 25.389462, 0.0)
(37.566349, 25.430656, 0.0)
(37.597187, 26.074350, 0.0)
(37.718143, 27.145229, 0.0)
(37.667076, 27.355240, 0.0)
(37.598907, 27.422649, 0.0)
(37.581959, 27.430613, 0.0)
(37.568817, 27.466112, 0.0)
(37.755524, 28.900927, 0.0)
(37.781593, 29.632477, 0.0)
(37.724537, 29.681988, 0.0)
(37.712341, 29.671446, 0.0)
(37.685043, 29.661163, 0.0)
(37.686676, 29.649101, 0.0)
(37.662064, 29.649508, 0.0)
(37.651863, 29.663382, 0.0)
(37.650303, 29.682264, 0.0)
(37.669815, 29.710661, 0.0)
(37.658714, 29.685724, 0.0)
(37.662140, 29.711905, 0.0)
(37.653889, 29.703501, 0.0)
(37.656181, 29.714436, 0.0)
(37.638737, 29.702332, 0.0)
(37.641228, 29.706627, 0.0)
(37.653229, 29.708235, 0.0)
(37.643963, 29.712156, 0.0)
(37.641617, 29.692919, 0.0)
(37.220699, 29.579889, 0.0)
(36.763786, 29.472082, 0.0)
(36.683613, 29.449202, 0.0)
(36.676609, 29.397802, 0.0)
(36.678787, 29.328749, 0.0)
(36.714134, 28.734266, 0.0)
(36.678776, 28.043318, 0.0)
(36.641666, 27.911812, 0.0)
(36.609863, 27.796558, 0.0)
(36.603230, 27.697735, 0.0)
(36.602863, 27.582767, 0.0)
(36.598309, 27.502579, 0.0)
(36.618149, 27.411394, 0.0)
(36.616737, 27.341351, 0.0)
(36.374554, 26.824224, 0.0)
(36.379440, 27.073584, 0.0)
(36.323658, 26.192640, 0.0)
(36.304600, 25.580507, 0.0)
(36.255791, 25.461828, 0.0)
(36.294331, 25.330757, 0.0)
(36.335072, 25.256025, 0.0)
(36.331738, 25.167709, 0.0)
(36.347290, 25.120975, 0.0)
(36.133537, 23.401970, 0.0)
(36.059570, 21.323641, 0.0)
(36.056725, 21.202356, 0.0)
(36.051899, 21.190359, 0.0)
(36.059994, 21.175196, 0.0)
(36.013493, 21.130928, 0.0)
(36.023232, 21.073927, 0.0)
(36.030865, 21.088554, 0.0)
(36.041843, 21.071369, 0.0)
(36.022087, 21.098988, 0.0)
(36.048759, 21.117508, 0.0)
(36.076992, 21.089930, 0.0)
(36.077641, 21.051336, 0.0)
(36.099213, 21.053968, 0.0)
(36.109978, 21.050713, 0.0)
(36.112507, 21.043184, 0.0)
(36.111179, 21.041571, 0.0)
(36.113758, 21.035980, 0.0)
(36.118992, 21.025808, 0.0)
(35.958076, 20.628910, 0.0)
(35.868465, 20.162735, 0.0)
(35.846157, 20.115858, 0.0)
(35.861008, 20.071442, 0.0)
(35.859871, 20.032808, 0.0)
(35.870373, 20.028168, 0.0)
(35.846012, 20.012238, 0.0)
(35.828846, 20.043957, 0.0)
(35.835175, 20.044985, 0.0)
(35.820942, 20.060823, 0.0)
(35.811897, 20.075371, 0.0)
(35.806789, 20.094076, 0.0)
(35.563847, 20.014685, 0.0)
(35.450562, 19.976173, 0.0)
(35.452278, 19.969915, 0.0)
(35.449047, 19.995581, 0.0)
(35.189766, 20.335188, 0.0)
(35.041428, 20.595512, 0.0)
(34.997875, 20.699244, 0.0)
(35.007648, 20.744057, 0.0)
(35.015732, 20.765413, 0.0)
(35.045288, 21.192532, 0.0)
(35.206993, 22.440750, 0.0)
(35.175819, 22.666439, 0.0)
(35.166706, 22.729300, 0.0)
(35.161877, 22.793953, 0.0)
(35.144108, 22.867851, 0.0)
(35.131805, 22.930340, 0.0)
(35.154034, 22.984219, 0.0)
(35.164570, 23.008711, 0.0)
(35.158985, 23.067825, 0.0)
(35.169601, 23.105066, 0.0)
(35.177845, 23.111952, 0.0)
(35.181503, 23.727114, 0.0)
(35.134083, 24.064493, 0.0)
(35.218769, 25.042820, 0.0)
(35.541473, 25.386768, 0.0)
(35.578022, 25.365795, 0.0)
(35.593674, 25.392010, 0.0)
(35.603748, 25.469851, 0.0)
(35.624367, 25.535149, 0.0)
(35.614483, 25.721441, 0.0)
(35.600906, 27.072464, 0.0)
(36.103813, 29.160759, 0.0)
(36.241455, 29.795090, 0.0)
(36.205715, 29.842285, 0.0)
(36.169701, 29.782799, 0.0)
(36.149742, 29.772083, 0.0)
(36.133125, 29.785500, 0.0)
(36.130257, 29.797251, 0.0)
(36.128132, 29.815811, 0.0)
(36.151154, 29.797592, 0.0)
(36.154274, 29.834183, 0.0)
(36.163410, 29.850727, 0.0)
(36.183899, 29.889353, 0.0)
(36.192478, 29.848061, 0.0)
(36.197723, 29.872845, 0.0)
(36.198185, 29.890110, 0.0)
(36.184227, 29.884268, 0.0)
(35.987457, 29.906487, 0.0)
(35.932880, 29.969828, 0.0)
(35.912895, 29.948332, 0.0)
(35.926674, 29.964737, 0.0)
(35.918819, 29.959719, 0.0)
(35.895649, 29.972399, 0.0)
(35.895630, 29.955620, 0.0)
(35.929993, 29.946569, 0.0)
(35.930355, 29.951220, 0.0)
(35.881851, 29.910511, 0.0)
(35.886353, 29.903038, 0.0)
(35.892410, 29.914131, 0.0)
(35.877472, 29.900690, 0.0)
(35.355072, 29.365845, 0.0)
(34.875984, 28.547712, 0.0)
(34.724575, 28.264818, 0.0)
(34.697495, 28.172527, 0.0)
(34.665424, 28.013605, 0.0)
(34.662445, 27.965311, 0.0)
(34.626804, 27.874950, 0.0)
(34.623940, 27.836258, 0.0)
(34.612919, 27.784348, 0.0)
(34.625568, 27.702133, 0.0)
(34.616486, 27.627787, 0.0)
(34.608524, 27.616375, 0.0)
(34.619644, 27.561161, 0.0)
(34.606762, 27.494059, 0.0)
(34.606079, 27.420870, 0.0)
(34.621136, 27.134775, 0.0)
(34.534767, 26.077875, 0.0)
(34.508877, 25.896097, 0.0)
(34.496346, 25.850222, 0.0)
(34.481464, 25.786367, 0.0)
(34.491280, 25.733770, 0.0)
(34.495197, 25.695915, 0.0)
(34.515545, 25.635950, 0.0)
(34.418205, 24.502205, 0.0)
(34.283627, 24.417351, 0.0)
(34.204842, 24.209003, 0.0)
(34.236622, 23.537275, 0.0)
(34.268291, 23.447453, 0.0)
(34.301544, 23.444839, 0.0)
(34.332771, 23.418940, 0.0)
(34.334141, 23.393053, 0.0)
(34.332458, 23.372990, 0.0)
(34.233940, 23.066004, 0.0)
(34.039192, 21.754324, 0.0)
(33.929478, 21.068819, 0.0)
(33.908726, 20.988718, 0.0)
(33.916607, 21.002539, 0.0)
(33.893448, 20.988556, 0.0)
(33.866016, 21.008642, 0.0)
(33.881256, 20.999403, 0.0)
(33.876137, 20.981686, 0.0)
(33.866119, 20.970720, 0.0)
(33.871647, 20.967531, 0.0)
(33.881882, 20.964548, 0.0)
(33.881882, 20.964548, 0.0)
(33.884487, 20.958626, 0.0)
(33.876423, 20.968016, 0.0)
(33.898308, 20.985111, 0.0)
(33.909237, 20.971521, 0.0)
(33.914967, 20.972046, 0.0)
(33.914967, 20.972046, 0.0)
(33.931274, 20.982515, 0.0)
(33.886314, 20.849686, 0.0)
(33.715595, 20.319304, 0.0)
(33.684364, 20.281248, 0.0)
(33.676392, 20.302847, 0.0)
(33.628613, 20.310257, 0.0)
(33.604370, 20.344648, 0.0)
(33.248791, 20.830612, 0.0)
(33.192970, 20.942968, 0.0)
(33.177429, 20.960562, 0.0)
(33.169907, 21.002399, 0.0)
(33.185390, 21.161211, 0.0)
(33.043945, 21.654795, 0.0)
(33.201664, 23.685852, 0.0)
(33.526012, 24.210403, 0.0)
(33.702995, 24.260489, 0.0)
(33.748783, 24.340904, 0.0)
(33.765797, 24.376835, 0.0)
(33.710075, 24.488930, 0.0)
(33.708817, 24.552885, 0.0)
(33.721161, 24.577368, 0.0)
(33.726978, 24.616316, 0.0)
(33.738308, 24.638229, 0.0)
(33.757050, 24.734985, 0.0)
(33.762726, 24.771862, 0.0)
(33.761894, 24.821510, 0.0)
(33.659321, 25.174866, 0.0)
(33.920326, 27.383783, 0.0)
(34.294273, 28.644314, 0.0)
(34.244129, 28.847830, 0.0)
(34.224911, 28.851866, 0.0)
(34.199345, 28.844490, 0.0)
(34.188774, 28.882599, 0.0)
(34.190350, 28.874334, 0.0)
(34.203476, 28.883677, 0.0)
(34.174774, 28.860529, 0.0)
(34.167583, 28.881380, 0.0)
(34.169910, 28.847170, 0.0)
(34.179070, 28.803522, 0.0)
(34.157024, 28.810080, 0.0)
(34.153053, 28.809288, 0.0)
(34.173409, 28.827902, 0.0)
(34.174412, 28.849916, 0.0)
(34.175396, 28.894007, 0.0)
(34.192429, 28.897118, 0.0)
(34.194469, 28.900547, 0.0)
(34.197613, 28.893190, 0.0)
(34.195175, 28.904015, 0.0)
(34.158997, 28.911261, 0.0)
(34.160824, 28.915794, 0.0)
(34.161919, 28.919800, 0.0)
(34.168468, 28.972271, 0.0)
(34.172867, 28.999096, 0.0)
(34.166767, 28.992014, 0.0)
(34.199730, 29.023939, 0.0)
(34.082806, 29.238640, 0.0)
(34.057770, 29.376621, 0.0)
(34.057770, 29.376621, 0.0)
(34.041943, 29.379965, 0.0)
(34.028027, 29.396790, 0.0)
(34.008942, 29.396137, 0.0)
(34.026699, 29.399979, 0.0)
(34.041866, 29.407770, 0.0)
(33.478920, 29.228323, 0.0)
(33.171349, 29.593754, 0.0)
(32.922321, 28.991240, 0.0)
(32.873051, 28.393663, 0.0)
(32.849380, 28.186327, 0.0)
(32.827885, 28.134266, 0.0)
(32.757130, 28.140753, 0.0)
(32.744328, 28.169832, 0.0)
(32.748707, 28.149582, 0.0)
(32.760284, 28.122068, 0.0)
(32.793049, 28.038322, 0.0)
(32.775051, 27.897558, 0.0)
(32.713383, 27.205879, 0.0)
(32.697628, 27.035587, 0.0)
(32.700493, 26.947388, 0.0)
(32.709541, 26.858723, 0.0)
(32.727493, 26.758371, 0.0)
(32.731194, 26.691586, 0.0)
(32.744995, 26.612675, 0.0)
(32.735382, 26.542234, 0.0)
(32.632988, 25.733334, 0.0)
(32.627628, 25.585730, 0.0)
(32.610786, 25.520565, 0.0)
(32.617531, 25.449625, 0.0)
(32.604897, 25.378607, 0.0)
(32.461834, 24.356581, 0.0)
(32.343456, 22.826294, 0.0)
(32.312138, 22.690029, 0.0)
(32.296391, 22.699438, 0.0)
(32.306652, 22.652678, 0.0)
(32.299736, 22.588657, 0.0)
(32.297325, 22.548300, 0.0)
(32.302765, 22.546957, 0.0)
(32.256115, 21.459131, 0.0)
(32.143089, 21.142027, 0.0)
(32.139854, 21.160559, 0.0)
(32.149715, 21.175350, 0.0)
(32.130508, 21.202736, 0.0)
(32.138988, 21.193296, 0.0)
(32.149715, 21.175350, 0.0)
(32.136131, 21.207260, 0.0)
(32.135471, 21.214302, 0.0)
(32.150032, 21.189060, 0.0)
(32.169430, 21.328663, 0.0)
(32.150570, 21.550072, 0.0)
(32.154224, 21.552650, 0.0)
(32.145645, 21.578196, 0.0)
(32.109558, 21.551716, 0.0)
(32.097179, 21.507849, 0.0)
(32.110889, 21.518867, 0.0)
(32.010147, 21.388988, 0.0)
(31.878395, 21.174810, 0.0)
(31.924999, 21.163719, 0.0)
(31.950430, 21.153961, 0.0)
(31.893585, 21.183210, 0.0)
(31.886171, 21.194273, 0.0)
(31.865021, 21.217010, 0.0)
(31.562206, 21.663839, 0.0)
(31.529243, 21.754868, 0.0)
(31.519161, 21.782598, 0.0)
(31.516632, 21.821190, 0.0)
(31.470924, 22.402729, 0.0)
(31.736938, 23.534721, 0.0)
(31.725513, 23.831593, 0.0)
(31.717676, 23.912163, 0.0)
(31.709993, 23.991520, 0.0)
(31.700377, 24.032042, 0.0)
(31.685251, 24.088833, 0.0)
(31.674099, 24.169476, 0.0)
(31.680140, 24.196533, 0.0)
(31.678469, 24.305288, 0.0)
(31.689796, 24.363483, 0.0)
(31.636187, 24.639376, 0.0)
(31.707941, 25.502834, 0.0)
(31.759571, 25.864031, 0.0)
(31.733908, 25.940147, 0.0)
(31.723242, 25.963657, 0.0)
(31.729658, 26.026266, 0.0)
(31.705084, 26.115772, 0.0)
(31.734455, 26.203264, 0.0)
(31.857157, 27.356802, 0.0)
(31.954655, 27.869652, 0.0)
(31.947836, 27.956348, 0.0)
(31.944895, 28.012651, 0.0)
(31.938450, 28.000643, 0.0)
(31.941757, 28.024061, 0.0)
(31.963070, 28.073503, 0.0)
(31.939739, 28.063253, 0.0)
(31.938450, 28.087563, 0.0)
(31.938236, 28.111109, 0.0)
(31.934864, 28.127600, 0.0)
(31.960117, 28.136765, 0.0)
(31.979961, 28.141129, 0.0)
(31.993515, 28.170027, 0.0)
(31.984894, 28.181744, 0.0)
(32.003738, 28.189175, 0.0)
(32.005634, 28.198568, 0.0)
(31.996180, 28.240328, 0.0)
(31.996166, 28.250725, 0.0)
(32.012524, 28.268803, 0.0)
(32.037186, 28.281242, 0.0)
(32.041996, 28.282949, 0.0)
(32.045925, 28.280106, 0.0)
(32.057236, 28.293921, 0.0)
(32.057236, 28.293921, 0.0)
(32.057236, 28.293921, 0.0)
(32.044861, 28.318508, 0.0)
(31.999352, 28.322374, 0.0)
(31.997408, 28.318901, 0.0)
(32.004536, 28.321487, 0.0)
(31.998066, 28.311981, 0.0)
(31.979908, 28.288593, 0.0)
(31.093548, 29.050304, 0.0)
(30.974604, 29.139641, 0.0)
(30.975691, 29.119072, 0.0)
(30.984386, 29.047407, 0.0)
(30.982033, 29.042398, 0.0)
(30.968382, 29.021374, 0.0)
(30.944452, 28.956570, 0.0)
(31.000490, 28.931925, 0.0)
(31.121466, 27.659389, 0.0)
(30.821207, 25.778906, 0.0)
(30.647232, 25.167759, 0.0)
(30.442530, 23.842150, 0.0)
(30.523071, 23.540056, 0.0)
(30.565205, 23.599880, 0.0)
(30.625048, 23.587330, 0.0)
(30.603174, 23.571672, 0.0)
(30.581272, 23.516062, 0.0)
(30.591833, 23.500248, 0.0)
(30.593098, 23.489542, 0.0)
(30.583364, 23.500076, 0.0)
(30.581272, 23.516062, 0.0)
(30.595467, 23.528694, 0.0)
(30.569216, 23.694010, 0.0)
(30.813366, 24.462534, 0.0)
(30.823103, 24.494186, 0.0)
(30.781754, 24.462807, 0.0)
(30.772528, 24.455132, 0.0)
(30.759239, 24.426390, 0.0)
(30.754642, 24.413401, 0.0)
(30.751272, 24.399193, 0.0)
(30.754854, 24.373884, 0.0)
(30.748293, 24.354778, 0.0)
(30.779470, 24.321678, 0.0)
(30.811808, 24.263065, 0.0)
(30.823103, 24.248034, 0.0)
(30.660238, 23.123867, 0.0)
(30.563034, 22.304895, 0.0)
(30.597626, 22.232121, 0.0)
(30.594297, 22.199739, 0.0)
(30.594297, 22.199739, 0.0)
(30.603271, 22.180033, 0.0)
(30.603271, 22.180033, 0.0)
(30.603271, 22.180033, 0.0)
(30.626209, 22.151764, 0.0)
(30.632942, 22.153324, 0.0)
(30.656588, 22.137541, 0.0)
(30.658663, 22.142824, 0.0)
(30.662518, 22.138067, 0.0)
(30.668602, 22.146513, 0.0)
(30.662518, 22.138067, 0.0)
(30.642351, 22.052208, 0.0)
(30.528309, 21.747532, 0.0)
(30.520231, 21.732023, 0.0)
(30.508442, 21.729162, 0.0)
(30.514946, 21.734032, 0.0)
(30.477917, 21.718922, 0.0)
(30.155167, 22.193880, 0.0)
(30.109955, 22.699289, 0.0)
(30.085754, 22.761026, 0.0)
(30.073183, 22.763500, 0.0)
(29.900124, 23.324085, 0.0)
(29.710770, 24.239380, 0.0)
(29.956404, 25.044424, 0.0)
(30.453426, 25.964094, 0.0)
(30.962900, 27.218782, 0.0)
(31.335800, 28.134674, 0.0)
(31.338160, 28.288065, 0.0)
(31.320339, 28.351034, 0.0)
(31.306204, 28.407053, 0.0)
(31.298944, 28.428938, 0.0)
(31.294270, 28.454500, 0.0)
(31.273306, 28.473257, 0.0)
(31.290047, 28.529947, 0.0)
(31.293125, 28.551075, 0.0)
(31.285433, 28.557016, 0.0)
(31.295744, 28.608767, 0.0)
(31.262827, 28.603558, 0.0)
(31.246347, 28.670153, 0.0)
(31.244776, 28.687929, 0.0)
(31.159847, 28.757381, 0.0)
(30.891689, 29.076418, 0.0)
(30.886211, 29.119959, 0.0)
(30.881710, 29.127401, 0.0)
(30.870495, 29.123102, 0.0)
(30.868145, 29.117229, 0.0)
(30.869421, 29.122202, 0.0)
(30.852940, 29.118881, 0.0)
(30.859747, 29.125532, 0.0)
(30.870924, 29.100187, 0.0)
(30.876247, 29.084829, 0.0)
(30.883512, 29.087246, 0.0)
(30.883177, 29.095547, 0.0)
(30.889256, 29.127934, 0.0)
(30.903143, 29.141081, 0.0)
(30.916950, 29.161243, 0.0)
(30.911137, 29.134359, 0.0)
(30.914610, 29.123129, 0.0)
(30.910448, 29.149513, 0.0)
(30.928219, 29.167995, 0.0)
(30.920591, 29.163097, 0.0)
(30.919622, 29.169027, 0.0)
(30.951933, 29.218664, 0.0)
(30.891722, 29.583817, 0.0)
(30.962395, 29.777721, 0.0)
(30.990931, 29.783415, 0.0)
(31.005035, 29.780645, 0.0)
(30.999907, 29.787781, 0.0)
(31.010742, 29.818663, 0.0)
(31.012323, 29.842670, 0.0)
(30.994129, 29.927206, 0.0)
(30.987188, 29.959606, 0.0)
(30.995377, 29.937307, 0.0)
(31.004885, 29.930017, 0.0)
(31.021849, 29.909399, 0.0)
(31.088095, 30.187754, 0.0)
(31.096228, 30.208464, 0.0)
(31.095074, 30.199976, 0.0)
(31.077080, 30.208118, 0.0)
(31.083389, 30.235958, 0.0)
(31.082016, 30.252052, 0.0)
(31.086824, 30.248007, 0.0)
(31.084652, 30.227041, 0.0)
(31.093910, 30.259800, 0.0)
(31.100039, 30.247000, 0.0)
(31.101532, 30.230572, 0.0)
(31.101719, 30.230003, 0.0)
(31.117666, 30.242971, 0.0)
(31.120331, 30.249846, 0.0)
(31.109184, 30.241457, 0.0)
(31.108990, 30.230137, 0.0)
(31.061472, 30.265150, 0.0)
(31.032047, 30.235245, 0.0)
(31.051622, 30.250244, 0.0)
(31.051390, 30.258097, 0.0)
(31.053524, 30.253836, 0.0)
(31.064499, 30.268778, 0.0)
(31.028370, 30.263483, 0.0)
