(35.906349, 34.117142, 0.0)
(35.705860, 32.998898, 0.0)
(35.726849, 32.371731, 0.0)
(35.760979, 32.062393, 0.0)
(35.804432, 31.892040, 0.0)
(35.920830, 31.768150, 0.0)
(35.989651, 31.689039, 0.0)
(36.387444, 31.636904, 0.0)
(36.534142, 31.544420, 0.0)
(36.571903, 31.470438, 0.0)
(36.583633, 31.408701, 0.0)
(36.576550, 31.420437, 0.0)
(36.578693, 31.392281, 0.0)
(36.584763, 31.387749, 0.0)
(36.621941, 31.980499, 0.0)
(36.915337, 34.081448, 0.0)
(36.562450, 32.220890, 0.0)
(36.489525, 31.409397, 0.0)
(36.471714, 31.239449, 0.0)
(36.506897, 31.282028, 0.0)
(36.545719, 31.295408, 0.0)
(36.553547, 31.326052, 0.0)
(36.527500, 31.395781, 0.0)
(36.433941, 31.550800, 0.0)
(36.442329, 31.595192, 0.0)
(36.434174, 31.587130, 0.0)
(36.437191, 31.563532, 0.0)
(36.462551, 31.564617, 0.0)
(36.474739, 31.588943, 0.0)
(36.478020, 31.589472, 0.0)
(36.495491, 31.581343, 0.0)
(36.505932, 31.573975, 0.0)
(36.519634, 31.528206, 0.0)
(36.506668, 31.496597, 0.0)
(36.489914, 31.488577, 0.0)
(36.490219, 31.509468, 0.0)
(36.498028, 31.558485, 0.0)
(36.504124, 31.562092, 0.0)
(36.493896, 31.550919, 0.0)
(36.501266, 31.534473, 0.0)
(36.486786, 31.493618, 0.0)
(36.473736, 31.471159, 0.0)
(36.442245, 31.462254, 0.0)
(36.429855, 31.454390, 0.0)
(36.433971, 31.465088, 0.0)
(36.379616, 31.500710, 0.0)
(36.364285, 31.540112, 0.0)
(36.320858, 31.549099, 0.0)
(36.337982, 31.530069, 0.0)
(36.338356, 31.497995, 0.0)
(36.332027, 31.460670, 0.0)
(36.336285, 31.430079, 0.0)
(36.344696, 31.431866, 0.0)
(36.350971, 31.446508, 0.0)
(36.360916, 31.448570, 0.0)
(36.360916, 31.448570, 0.0)
(36.361446, 31.428122, 0.0)
(36.379162, 31.426504, 0.0)
(36.390343, 31.416759, 0.0)
(36.473812, 31.393478, 0.0)
(36.490208, 31.374527, 0.0)
(36.498367, 31.394548, 0.0)
(36.608635, 31.361406, 0.0)
(36.661896, 31.361107, 0.0)
(36.633045, 31.352726, 0.0)
(36.658733, 31.346539, 0.0)
(36.647324, 31.343237, 0.0)
(36.635849, 31.318966, 0.0)
(36.626614, 31.309473, 0.0)
(36.590679, 31.313614, 0.0)
(36.572479, 31.338493, 0.0)
(36.583046, 31.349379, 0.0)
(36.594952, 31.341589, 0.0)
(36.601788, 31.326382, 0.0)
(36.605110, 31.326916, 0.0)
(36.595325, 31.321421, 0.0)
(36.589676, 31.315912, 0.0)
(36.589676, 31.315912, 0.0)
(36.595325, 31.321421, 0.0)
(36.589840, 31.335213, 0.0)
(36.587433, 31.340784, 0.0)
(36.601463, 31.315989, 0.0)
(36.604042, 31.329365, 0.0)
(36.620441, 31.329971, 0.0)
(36.636005, 31.329090, 0.0)
(36.637020, 31.319094, 0.0)
(36.621014, 31.279430, 0.0)
(36.603642, 31.261284, 0.0)
(36.598370, 31.312492, 0.0)
(36.595745, 31.352509, 0.0)
(36.614491, 31.354740, 0.0)
(36.633923, 31.341879, 0.0)
(36.636066, 31.350792, 0.0)
(36.626205, 31.346666, 0.0)
(36.598606, 31.352966, 0.0)
(36.580566, 31.343922, 0.0)
(36.581535, 31.355927, 0.0)
(36.577477, 31.368303, 0.0)
(36.576218, 31.399612, 0.0)
(36.576260, 31.382626, 0.0)
(36.569458, 31.374193, 0.0)
(36.581753, 31.348431, 0.0)
(36.583405, 31.299891, 0.0)
(36.592701, 31.274717, 0.0)
(36.618126, 31.254095, 0.0)
(36.621693, 31.254414, 0.0)
(36.615093, 31.273027, 0.0)
(36.599052, 31.311159, 0.0)
(36.628029, 31.332411, 0.0)
(36.645306, 31.332443, 0.0)
(36.658310, 31.315041, 0.0)
(36.641251, 31.294374, 0.0)
(36.631271, 31.294809, 0.0)
(36.620090, 31.309841, 0.0)
(36.608543, 31.333662, 0.0)
(36.590836, 31.345907, 0.0)
(36.571705, 31.371483, 0.0)
(36.582092, 31.372637, 0.0)
(36.585926, 31.363846, 0.0)
(36.588783, 31.348179, 0.0)
(36.592201, 31.338610, 0.0)
(36.613167, 31.345310, 0.0)
(36.614109, 31.318935, 0.0)
(36.619572, 31.316059, 0.0)
(36.597630, 31.341671, 0.0)
(36.591778, 31.365982, 0.0)
(36.601307, 31.393627, 0.0)
(36.596954, 31.391842, 0.0)
(36.598694, 31.371513, 0.0)
(36.588379, 31.354649, 0.0)
(36.581047, 31.335978, 0.0)
(36.562077, 31.319700, 0.0)
(36.580051, 31.319532, 0.0)
(36.572807, 31.316977, 0.0)
(36.577713, 31.326057, 0.0)
(36.569790, 31.342955, 0.0)
(36.582748, 31.327223, 0.0)
(36.589405, 31.325697, 0.0)
(36.587509, 31.340645, 0.0)
(36.593834, 31.347166, 0.0)
(36.593197, 31.340477, 0.0)
(36.609493, 31.319891, 0.0)
(36.605526, 31.358412, 0.0)
(36.608963, 31.345779, 0.0)
(36.616444, 31.371469, 0.0)
(36.621037, 31.384956, 0.0)
(36.626827, 31.390724, 0.0)
(36.635406, 31.381138, 0.0)
(36.615097, 31.348404, 0.0)
(36.624111, 31.348469, 0.0)
(36.614647, 31.362518, 0.0)
(36.620949, 31.354372, 0.0)
(36.632626, 31.359289, 0.0)
(36.631542, 31.376635, 0.0)
(36.642879, 31.416245, 0.0)
(36.641239, 31.368040, 0.0)
(36.612350, 31.332357, 0.0)
(36.614315, 31.319574, 0.0)
(36.640831, 31.328648, 0.0)
(36.653172, 31.324059, 0.0)
(36.676357, 31.296856, 0.0)
(36.672226, 31.309595, 0.0)
(36.650528, 31.323280, 0.0)
(36.662052, 31.343225, 0.0)
(36.668079, 31.320660, 0.0)
(36.689499, 31.341078, 0.0)
(36.696960, 31.338356, 0.0)
(36.663746, 31.317471, 0.0)
(36.672661, 31.296011, 0.0)
(36.650581, 31.314184, 0.0)
(36.659519, 31.312702, 0.0)
(36.666588, 31.311335, 0.0)
(36.659199, 31.340117, 0.0)
(36.655624, 31.354918, 0.0)
(36.656437, 31.347406, 0.0)
(36.646790, 31.360865, 0.0)
(36.650158, 31.381145, 0.0)
(36.645184, 31.382362, 0.0)
(36.666344, 31.384224, 0.0)
(36.660248, 31.348385, 0.0)
(36.655853, 31.366070, 0.0)
(37.518536, 31.783270, 0.0)
(40.909912, 34.218880, 0.0)
(43.359818, 36.678551, 0.0)
(44.556816, 38.336288, 0.0)
(44.722683, 38.480667, 0.0)
(44.652073, 38.436481, 0.0)
(44.664272, 38.436256, 0.0)
(44.671394, 38.397675, 0.0)
(44.669014, 38.391304, 0.0)
(44.940163, 38.789341, 0.0)
(45.130569, 39.061802, 0.0)
(45.136139, 39.064190, 0.0)
(45.152092, 39.015026, 0.0)
(45.165306, 39.010719, 0.0)
(45.150005, 39.023544, 0.0)
(45.138241, 38.987740, 0.0)
(45.112923, 39.003815, 0.0)
(45.111584, 38.966152, 0.0)
(45.103569, 38.958267, 0.0)
(45.094326, 38.971428, 0.0)
(45.110271, 38.906887, 0.0)
(45.184803, 37.839031, 0.0)
(45.170456, 37.727180, 0.0)
(45.163521, 37.726154, 0.0)
(45.150906, 37.706604, 0.0)
(45.175022, 37.701824, 0.0)
(45.170559, 37.653309, 0.0)
(45.173622, 37.666019, 0.0)
(45.169373, 37.666351, 0.0)
(45.163864, 37.680901, 0.0)
(45.153069, 37.686943, 0.0)
(45.165905, 37.684998, 0.0)
(45.164577, 37.692516, 0.0)
(45.172909, 37.690971, 0.0)
(45.175808, 37.689556, 0.0)
(45.167770, 37.666798, 0.0)
(45.155125, 37.718941, 0.0)
(45.158504, 37.712067, 0.0)
(44.672367, 33.979053, 0.0)
(44.519787, 31.720676, 0.0)
(44.631760, 31.698690, 0.0)
(44.660847, 31.766548, 0.0)
(44.655319, 31.729847, 0.0)
(44.653774, 31.693165, 0.0)
(44.645763, 31.643913, 0.0)
(44.640209, 31.612402, 0.0)
(44.635368, 31.584335, 0.0)
(44.225662, 31.842176, 0.0)
(43.905979, 31.897570, 0.0)
(43.902363, 31.872778, 0.0)
(43.910374, 31.840126, 0.0)
(43.894993, 31.820978, 0.0)
(43.893524, 31.804958, 0.0)
(43.886051, 31.769310, 0.0)
(43.871265, 31.774622, 0.0)
(43.882668, 31.765251, 0.0)
(43.877548, 31.819700, 0.0)
(43.858166, 31.828302, 0.0)
(43.784676, 31.758375, 0.0)
(41.950336, 30.720510, 0.0)
(41.811668, 30.606947, 0.0)
(41.814625, 30.555346, 0.0)
(41.808392, 30.547579, 0.0)
(41.799397, 30.545324, 0.0)
(41.790333, 30.553740, 0.0)
(41.789822, 30.583607, 0.0)
(41.784752, 30.565937, 0.0)
(41.767654, 30.574226, 0.0)
(41.764053, 30.549744, 0.0)
(41.759209, 30.524250, 0.0)
(41.732479, 30.501659, 0.0)
(41.734901, 30.470854, 0.0)
(41.716228, 30.498926, 0.0)
(39.815475, 30.273750, 0.0)
(35.474499, 31.063559, 0.0)
(32.449192, 32.400848, 0.0)
(30.220257, 35.149269, 0.0)
(28.627796, 37.596748, 0.0)
(28.296206, 37.903599, 0.0)
(28.176458, 37.890766, 0.0)
(28.116741, 37.858547, 0.0)
(28.114468, 37.841228, 0.0)
(28.097404, 37.828480, 0.0)
(28.095203, 37.784615, 0.0)
(28.086954, 37.769386, 0.0)
(28.061415, 37.737751, 0.0)
(28.062027, 37.704227, 0.0)
(27.624769, 37.718079, 0.0)
(27.067438, 37.539509, 0.0)
(27.021984, 37.445667, 0.0)
(27.001478, 37.435764, 0.0)
(26.995829, 37.440960, 0.0)
(26.982206, 37.422482, 0.0)
(26.981428, 37.421822, 0.0)
(26.986465, 37.385975, 0.0)
(26.990250, 37.383106, 0.0)
(26.987230, 37.377659, 0.0)
(26.981247, 37.358543, 0.0)
(26.995523, 37.342903, 0.0)
(26.988239, 37.298439, 0.0)
(26.996956, 37.295830, 0.0)
(26.985779, 37.298550, 0.0)
(26.988804, 37.298191, 0.0)
(26.974804, 37.294781, 0.0)
(26.987053, 37.294540, 0.0)
(26.977974, 37.238323, 0.0)
(26.996174, 37.202934, 0.0)
(26.977217, 37.172012, 0.0)
(26.956478, 37.149921, 0.0)
(26.945875, 37.179722, 0.0)
(26.941618, 37.210876, 0.0)
(26.674913, 34.714981, 0.0)
(26.963911, 31.223085, 0.0)
(27.100208, 29.658955, 0.0)
(27.045403, 29.643917, 0.0)
(27.024176, 29.690996, 0.0)
(26.995928, 29.697124, 0.0)
(26.957968, 29.692139, 0.0)
(26.951618, 29.660587, 0.0)
(26.948397, 29.615105, 0.0)
(26.928371, 29.630093, 0.0)
(26.922478, 29.630697, 0.0)
(26.921947, 29.600374, 0.0)
(26.701818, 30.386829, 0.0)
(26.619673, 30.638010, 0.0)
(26.602699, 30.585007, 0.0)
(26.585348, 30.559380, 0.0)
(26.583605, 30.564209, 0.0)
(26.584524, 30.593588, 0.0)
(26.586184, 30.615463, 0.0)
(27.796782, 31.190344, 0.0)
(27.820992, 31.359196, 0.0)
(27.754692, 31.316023, 0.0)
(27.742002, 31.354422, 0.0)
(27.746670, 31.341806, 0.0)
(27.754698, 31.356394, 0.0)
(27.760160, 31.361080, 0.0)
(27.755621, 31.350725, 0.0)
(27.757391, 31.354664, 0.0)
(27.750332, 31.362137, 0.0)
(27.745111, 31.374298, 0.0)
(27.744934, 31.377806, 0.0)
(27.736170, 31.378904, 0.0)
(27.744022, 31.363253, 0.0)
(27.726385, 31.379169, 0.0)
(27.719938, 31.391245, 0.0)
(27.724350, 31.398317, 0.0)
(27.738302, 31.394653, 0.0)
(27.819036, 31.350019, 0.0)
(32.981880, 31.335922, 0.0)
(36.826981, 32.170166, 0.0)
(37.043533, 32.185978, 0.0)
(37.049809, 32.169121, 0.0)
(37.064285, 32.154449, 0.0)
(37.078312, 32.157467, 0.0)
(36.946949, 31.786211, 0.0)
(36.930595, 31.680595, 0.0)
(36.928307, 31.623648, 0.0)
(36.936539, 31.637794, 0.0)
(36.933655, 31.585024, 0.0)
(36.932350, 31.573790, 0.0)
(36.893768, 31.534193, 0.0)
(36.880234, 31.528887, 0.0)
(36.874466, 31.554638, 0.0)
(36.882103, 31.570648, 0.0)
(36.874783, 31.570257, 0.0)
(36.868038, 31.552216, 0.0)
(36.877357, 31.543947, 0.0)
(36.875084, 31.514111, 0.0)
(36.872108, 31.510897, 0.0)
(36.875702, 31.500668, 0.0)
(36.864716, 31.481714, 0.0)
(36.863178, 31.483454, 0.0)
(36.846714, 31.478216, 0.0)
(36.845917, 31.477545, 0.0)
(36.836361, 31.485064, 0.0)
(36.821110, 31.491909, 0.0)
(36.809250, 31.504694, 0.0)
(36.821968, 31.530853, 0.0)
(36.820507, 31.493006, 0.0)
(36.817848, 31.503878, 0.0)
(36.823292, 31.514116, 0.0)
(36.819317, 31.519636, 0.0)
(36.805336, 31.518972, 0.0)
(36.827225, 31.497604, 0.0)
(35.956429, 32.117413, 0.0)
(32.012775, 34.892895, 0.0)
(29.324085, 37.113209, 0.0)
(28.205341, 38.013306, 0.0)
(28.038639, 38.057751, 0.0)
(28.000355, 38.028606, 0.0)
(27.924898, 38.018002, 0.0)
(27.928265, 38.009995, 0.0)
(27.920338, 37.995716, 0.0)
(27.940382, 37.976509, 0.0)
(27.950966, 37.976925, 0.0)
(27.938747, 37.957188, 0.0)
(27.946962, 37.911667, 0.0)
(27.929665, 37.892193, 0.0)
(28.636889, 37.772655, 0.0)
(32.679379, 37.652107, 0.0)
(32.815102, 37.673672, 0.0)
(34.601574, 37.520588, 0.0)
(35.058956, 37.485428, 0.0)
(35.208290, 37.498089, 0.0)
(37.234833, 37.839378, 0.0)
(37.883018, 37.931347, 0.0)
(38.017330, 37.896065, 0.0)
(38.053299, 37.930569, 0.0)
(38.128819, 37.938705, 0.0)
(38.147942, 37.946274, 0.0)
(38.417583, 38.012115, 0.0)
(40.412682, 38.022278, 0.0)
(40.569603, 38.053936, 0.0)
(40.593140, 38.056057, 0.0)
(40.614471, 38.047283, 0.0)
(40.632530, 38.069611, 0.0)
(40.656315, 38.068939, 0.0)
(40.716785, 38.104515, 0.0)
(43.113853, 38.169327, 0.0)
(43.504105, 38.221394, 0.0)
(43.535847, 38.204670, 0.0)
(43.578960, 38.203384, 0.0)
(43.609749, 38.142467, 0.0)
(43.624306, 38.151443, 0.0)
(44.870110, 38.559860, 0.0)
(45.052940, 38.601990, 0.0)
(45.043106, 38.563164, 0.0)
(45.029072, 38.594902, 0.0)
(45.037743, 38.596561, 0.0)
(45.033222, 38.597431, 0.0)
(45.032204, 38.567032, 0.0)
(45.044933, 38.539436, 0.0)
(45.055244, 38.491791, 0.0)
(45.058514, 38.453999, 0.0)
(45.041584, 38.427227, 0.0)
(45.018177, 38.423725, 0.0)
(45.017654, 38.397022, 0.0)
(45.012047, 38.421131, 0.0)
(45.017513, 38.361134, 0.0)
(45.017513, 38.305981, 0.0)
(43.194416, 37.470757, 0.0)
(42.957752, 37.385651, 0.0)
(42.946453, 37.332531, 0.0)
(42.897861, 37.324902, 0.0)
(41.724728, 37.404659, 0.0)
(40.120190, 37.248009, 0.0)
(39.997383, 37.224449, 0.0)
(40.004364, 37.273384, 0.0)
(39.998024, 37.317818, 0.0)
(39.980972, 37.294407, 0.0)
(39.900608, 37.242241, 0.0)
(39.249016, 37.361969, 0.0)
(36.660225, 37.406033, 0.0)
(36.476597, 37.418880, 0.0)
(36.497505, 37.426170, 0.0)
(36.472221, 37.477779, 0.0)
(36.465820, 37.510189, 0.0)
(36.421982, 37.573154, 0.0)
(34.469135, 37.955360, 0.0)
(32.441120, 37.829109, 0.0)
(32.263142, 37.771427, 0.0)
(32.259438, 37.767818, 0.0)
(32.248230, 37.766605, 0.0)
(32.229225, 37.726784, 0.0)
(32.216175, 37.796173, 0.0)
(32.182384, 37.788807, 0.0)
(32.165520, 37.744469, 0.0)
(32.150730, 37.773670, 0.0)
(31.644405, 38.035141, 0.0)
(28.580814, 38.369167, 0.0)
(27.928877, 38.186604, 0.0)
(27.799967, 38.039600, 0.0)
(27.783857, 38.028946, 0.0)
(27.774057, 38.049320, 0.0)
(27.784733, 38.058834, 0.0)
(27.765642, 38.041805, 0.0)
(27.582861, 37.947590, 0.0)
(27.401608, 37.442791, 0.0)
(27.367393, 37.378784, 0.0)
(27.337942, 37.374008, 0.0)
(27.324738, 37.333069, 0.0)
(27.324440, 37.316402, 0.0)
(27.320562, 37.318893, 0.0)
(27.302546, 37.308754, 0.0)
(27.303400, 37.292183, 0.0)
(27.316360, 37.219997, 0.0)
(27.316517, 37.180733, 0.0)
(27.349041, 37.153637, 0.0)
(27.355730, 37.129204, 0.0)
(27.543520, 37.017826, 0.0)
(31.236765, 36.207478, 0.0)
(31.425177, 36.218811, 0.0)
(31.502584, 36.206383, 0.0)
(31.571890, 36.162056, 0.0)
(31.611959, 36.120758, 0.0)
(31.647148, 36.115944, 0.0)
(31.655762, 36.111061, 0.0)
(31.693752, 36.113640, 0.0)
(31.765276, 36.111946, 0.0)
(31.857836, 36.088978, 0.0)
(31.948174, 36.122845, 0.0)
(32.329220, 36.238117, 0.0)
(34.572243, 36.287292, 0.0)
(34.907539, 36.288849, 0.0)
(35.070488, 36.352180, 0.0)
(35.206703, 36.361332, 0.0)
(36.802792, 36.589436, 0.0)
(38.077507, 36.583748, 0.0)
(38.213760, 36.633877, 0.0)
(38.238361, 36.674530, 0.0)
(38.267731, 36.772663, 0.0)
(38.313000, 36.839836, 0.0)
(38.380997, 36.828697, 0.0)
(38.658791, 36.806137, 0.0)
(40.731277, 36.941856, 0.0)
(40.883961, 36.921360, 0.0)
(40.887192, 36.884617, 0.0)
(40.922333, 36.912636, 0.0)
(40.946548, 36.915226, 0.0)
(40.991329, 36.913334, 0.0)
(41.038685, 36.906246, 0.0)
(41.724995, 37.041042, 0.0)
(43.262211, 37.085609, 0.0)
(43.417591, 37.126106, 0.0)
(43.428806, 37.086342, 0.0)
(43.427998, 37.106277, 0.0)
(43.429329, 37.112473, 0.0)
(43.442360, 37.174278, 0.0)
(43.449001, 37.189426, 0.0)
(43.460934, 37.179234, 0.0)
(43.481682, 37.160427, 0.0)
(43.626789, 37.201984, 0.0)
(44.882748, 37.287418, 0.0)
(45.011242, 37.366474, 0.0)
(45.003315, 37.355576, 0.0)
(45.012394, 37.351704, 0.0)
(44.990070, 37.354870, 0.0)
(44.990101, 37.347958, 0.0)
(44.980785, 37.322247, 0.0)
(44.971058, 37.297215, 0.0)
(44.961281, 37.273308, 0.0)
(44.972076, 37.266304, 0.0)
(44.666553, 36.432457, 0.0)
(44.671764, 35.931831, 0.0)
(44.654903, 35.872440, 0.0)
(44.631958, 35.849861, 0.0)
(43.475285, 35.694660, 0.0)
(40.406582, 35.583122, 0.0)
(40.261757, 35.617031, 0.0)
(40.264931, 35.578938, 0.0)
(40.231213, 35.547413, 0.0)
(40.207096, 35.528484, 0.0)
(40.201202, 35.460552, 0.0)
(39.731464, 35.636402, 0.0)
(36.978451, 35.531742, 0.0)
(36.776218, 35.586815, 0.0)
(36.761726, 35.578518, 0.0)
(36.744820, 35.585838, 0.0)
(36.753979, 35.475758, 0.0)
(36.720127, 35.420418, 0.0)
(36.701664, 35.364250, 0.0)
(36.688885, 35.374794, 0.0)
(36.677937, 35.421776, 0.0)
(36.649075, 35.582161, 0.0)
(36.669861, 35.608131, 0.0)
(36.701405, 35.626595, 0.0)
(36.652657, 35.607441, 0.0)
(36.658123, 35.578594, 0.0)
(36.346821, 35.617432, 0.0)
(32.625240, 36.073116, 0.0)
(29.862293, 36.248211, 0.0)
(28.307396, 36.585243, 0.0)
(28.050198, 36.517338, 0.0)
(28.018785, 36.477886, 0.0)
(27.998755, 36.478745, 0.0)
(27.991379, 36.430527, 0.0)
(28.002661, 36.347240, 0.0)
(27.988182, 36.343498, 0.0)
(27.989439, 36.273506, 0.0)
(27.980385, 36.305775, 0.0)
(27.962614, 36.309731, 0.0)
(27.948641, 36.336445, 0.0)
(27.960957, 36.330025, 0.0)
(27.949434, 36.306942, 0.0)
(27.943636, 36.306210, 0.0)
(27.931555, 36.279213, 0.0)
(27.909481, 36.275330, 0.0)
(27.894072, 36.256409, 0.0)
(27.899279, 36.188602, 0.0)
(27.607954, 36.253632, 0.0)
(27.417572, 36.017780, 0.0)
(27.428675, 35.978489, 0.0)
(27.414587, 35.964077, 0.0)
(28.890923, 34.905243, 0.0)
(32.121223, 33.451660, 0.0)
(33.595982, 33.293915, 0.0)
(33.729980, 33.307812, 0.0)
(33.672596, 33.310127, 0.0)
(33.256779, 33.521400, 0.0)
(29.887369, 34.845520, 0.0)
(29.796408, 34.943527, 0.0)
(29.859856, 34.847309, 0.0)
(30.068684, 34.793606, 0.0)
(34.436821, 35.030327, 0.0)
(35.023327, 35.289719, 0.0)
(35.238220, 35.166485, 0.0)
(38.533882, 35.602520, 0.0)
(39.166016, 35.700417, 0.0)
(39.219398, 35.731911, 0.0)
(39.211201, 35.733768, 0.0)
(39.224682, 35.729561, 0.0)
(39.234962, 35.773407, 0.0)
(39.694798, 35.852905, 0.0)
(41.492443, 35.462444, 0.0)
(41.624207, 35.502880, 0.0)
(41.615635, 35.495689, 0.0)
(41.607674, 35.483051, 0.0)
(41.606972, 35.488396, 0.0)
(41.601906, 35.523045, 0.0)
(41.581692, 35.520630, 0.0)
(41.589394, 35.512917, 0.0)
(41.825966, 35.599937, 0.0)
(43.818729, 36.110641, 0.0)
(43.978104, 36.157299, 0.0)
(43.990715, 36.129528, 0.0)
(44.022148, 36.133507, 0.0)
(44.018913, 36.204056, 0.0)
(44.003258, 36.222610, 0.0)
(44.014633, 36.224812, 0.0)
(44.017815, 36.208492, 0.0)
(44.030521, 36.177147, 0.0)
(44.691547, 36.348980, 0.0)
(45.162029, 36.349384, 0.0)
(45.219471, 36.318882, 0.0)
(45.193478, 36.315460, 0.0)
(45.190193, 36.324688, 0.0)
(45.184677, 36.361511, 0.0)
(45.193245, 36.364738, 0.0)
(45.209705, 36.321087, 0.0)
(45.222565, 36.306843, 0.0)
(45.227879, 36.256248, 0.0)
(45.227879, 36.256248, 0.0)
(45.228977, 36.209915, 0.0)
(45.234745, 36.202137, 0.0)
(45.220516, 36.177437, 0.0)
(42.578686, 34.805416, 0.0)
(40.847527, 34.011784, 0.0)
(40.764835, 33.940601, 0.0)
(40.801872, 33.895149, 0.0)
(40.813511, 33.869717, 0.0)
(40.815201, 33.861485, 0.0)
(40.817394, 33.848774, 0.0)
(40.816441, 33.872707, 0.0)
(40.812866, 33.869488, 0.0)
(39.436798, 33.980053, 0.0)
(36.153637, 34.060799, 0.0)
(35.858719, 34.107708, 0.0)
(35.828770, 34.065334, 0.0)
(35.830769, 34.044071, 0.0)
(35.805466, 34.048069, 0.0)
(35.804859, 34.016163, 0.0)
(35.775181, 33.979576, 0.0)
(35.766327, 33.938522, 0.0)
(35.760902, 33.904156, 0.0)
(35.747601, 33.904884, 0.0)
(35.754932, 33.893276, 0.0)
(35.710281, 33.903160, 0.0)
(35.701149, 33.914021, 0.0)
(35.722248, 33.890705, 0.0)
(35.668026, 33.869640, 0.0)
(34.788662, 33.980610, 0.0)
(32.864647, 34.099697, 0.0)
(32.726536, 34.105366, 0.0)
(32.691181, 34.173923, 0.0)
(32.590622, 34.431839, 0.0)
(32.584164, 37.269981, 0.0)
(29.736855, 37.346859, 0.0)
(28.999325, 36.478523, 0.0)
(28.793688, 35.695213, 0.0)
(28.669767, 35.168449, 0.0)
(28.679804, 34.967388, 0.0)
(28.623133, 34.935326, 0.0)
(28.618296, 34.946873, 0.0)
(28.625267, 34.957508, 0.0)
(28.636446, 34.953613, 0.0)
(28.624056, 34.960663, 0.0)
(28.004093, 35.183510, 0.0)
(27.407915, 35.143539, 0.0)
(27.368761, 35.136646, 0.0)
(27.358334, 35.124985, 0.0)
(27.341076, 35.142879, 0.0)
(27.353916, 35.141182, 0.0)
(27.336929, 35.135868, 0.0)
(27.334976, 35.129135, 0.0)
(27.324013, 35.086037, 0.0)
(27.328606, 35.049679, 0.0)
(28.488182, 34.281708, 0.0)
(30.063677, 33.272102, 0.0)
(30.169979, 33.230503, 0.0)
(30.193316, 33.221405, 0.0)
(30.218031, 33.220242, 0.0)
(30.552967, 33.171970, 0.0)
(34.266956, 32.973309, 0.0)
(37.397411, 33.539932, 0.0)
(40.138729, 34.492924, 0.0)
(40.540028, 34.561028, 0.0)
(40.539459, 34.538631, 0.0)
(40.549400, 34.540894, 0.0)
(40.582214, 34.531528, 0.0)
(40.571453, 34.523228, 0.0)
(40.581306, 34.601727, 0.0)
(40.638126, 34.646229, 0.0)
(40.680977, 34.632462, 0.0)
(40.669716, 34.525215, 0.0)
(40.695396, 34.467079, 0.0)
(40.700603, 34.423023, 0.0)
(40.716545, 34.406040, 0.0)
(40.721302, 34.404312, 0.0)
(40.240280, 34.344566, 0.0)
(37.144135, 33.740345, 0.0)
(37.200455, 33.799698, 0.0)
(37.298031, 33.814499, 0.0)
(37.430454, 33.816925, 0.0)
(37.632572, 33.803612, 0.0)
(37.739746, 33.786625, 0.0)
(39.225460, 33.884563, 0.0)
(39.585064, 33.914406, 0.0)
(39.642250, 33.901817, 0.0)
(39.702755, 33.911125, 0.0)
(39.769676, 33.944702, 0.0)
(41.264580, 34.315102, 0.0)
(41.598488, 34.377754, 0.0)
(41.652824, 34.355057, 0.0)
(41.697552, 34.317894, 0.0)
(43.271210, 34.630341, 0.0)
(44.342903, 34.973873, 0.0)
(44.420109, 35.025829, 0.0)
(44.407825, 35.052475, 0.0)
(44.408665, 35.052563, 0.0)
(44.415222, 35.111538, 0.0)
(44.455463, 35.094929, 0.0)
(44.473389, 35.059036, 0.0)
(45.103947, 35.164700, 0.0)
(45.220219, 35.182880, 0.0)
(45.216995, 35.183956, 0.0)
(45.196636, 35.145000, 0.0)
(45.206264, 35.165092, 0.0)
(45.206867, 35.173050, 0.0)
(45.221146, 35.200912, 0.0)
(45.210594, 35.211479, 0.0)
(45.201168, 35.129993, 0.0)
(44.420467, 34.289978, 0.0)
(44.147484, 33.906124, 0.0)
(44.084171, 33.777641, 0.0)
(44.037258, 33.736687, 0.0)
(43.988922, 33.692207, 0.0)
(41.562275, 33.091503, 0.0)
(40.708035, 33.113342, 0.0)
(40.583645, 33.078762, 0.0)
(40.561317, 33.060932, 0.0)
(40.537544, 33.065834, 0.0)
(40.527733, 33.052887, 0.0)
(40.445427, 33.085228, 0.0)
(37.250034, 33.224751, 0.0)
(36.636002, 33.240883, 0.0)
(36.521587, 33.191563, 0.0)
(36.491383, 33.185307, 0.0)
(36.488049, 33.214485, 0.0)
(36.465675, 33.169895, 0.0)
(37.339485, 33.117329, 0.0)
(38.020882, 33.122547, 0.0)
(38.009937, 33.154118, 0.0)
(37.961040, 33.134800, 0.0)
(37.911251, 33.130653, 0.0)
(37.834545, 33.025642, 0.0)
(35.751945, 33.142014, 0.0)
(35.243050, 33.059830, 0.0)
(35.180439, 32.997059, 0.0)
(35.092979, 32.965527, 0.0)
(35.089268, 32.994606, 0.0)
(35.025852, 32.965759, 0.0)
(31.808929, 33.496826, 0.0)
(30.314096, 33.782223, 0.0)
(30.098455, 33.783432, 0.0)
(30.065924, 33.755074, 0.0)
(30.011086, 33.800262, 0.0)
(29.256443, 34.091297, 0.0)
(28.071907, 34.159245, 0.0)
(27.940781, 34.247555, 0.0)
(27.912395, 34.225952, 0.0)
(27.877119, 34.145298, 0.0)
(27.859428, 34.133522, 0.0)
(27.844681, 34.046608, 0.0)
(27.824278, 34.034126, 0.0)
(27.830175, 34.051373, 0.0)
(27.812983, 34.090515, 0.0)
(27.808966, 34.063042, 0.0)
(27.806505, 34.034435, 0.0)
(27.805418, 33.974388, 0.0)
(27.648737, 33.992878, 0.0)
(27.668358, 33.723885, 0.0)
(27.600693, 33.707947, 0.0)
(27.595083, 33.709808, 0.0)
(27.595898, 33.710350, 0.0)
(27.646973, 33.686249, 0.0)
(29.326235, 32.673122, 0.0)
(30.657078, 32.204514, 0.0)
(30.782860, 32.168259, 0.0)
(30.840149, 32.125656, 0.0)
(30.900276, 32.129025, 0.0)
(30.935246, 32.093475, 0.0)
(31.054462, 32.063274, 0.0)
(32.273357, 32.327946, 0.0)
(32.529045, 32.366772, 0.0)
(32.668484, 32.292877, 0.0)
(32.866280, 32.295071, 0.0)
(32.990776, 32.257153, 0.0)
(35.214420, 32.098354, 0.0)
(36.092838, 32.169533, 0.0)
(36.213493, 32.175602, 0.0)
(36.281265, 32.238045, 0.0)
(36.345131, 32.249325, 0.0)
(36.364334, 32.235416, 0.0)
(36.380371, 32.184551, 0.0)
(36.425926, 32.154041, 0.0)
(36.535160, 32.151802, 0.0)
(36.646732, 32.171444, 0.0)
(36.810230, 32.201683, 0.0)
(37.730671, 32.403629, 0.0)
(38.574791, 32.549259, 0.0)
(38.764713, 32.586220, 0.0)
(38.914532, 32.578743, 0.0)
(39.501335, 32.662659, 0.0)
(41.534103, 32.994770, 0.0)
(41.786980, 33.158260, 0.0)
(41.844112, 33.210690, 0.0)
(41.876137, 33.247047, 0.0)
(41.894344, 33.266357, 0.0)
(41.925716, 33.288708, 0.0)
(41.949944, 33.255051, 0.0)
(43.370956, 33.563450, 0.0)
(44.824226, 34.180965, 0.0)
(44.990952, 34.323544, 0.0)
(44.989082, 34.360012, 0.0)
(44.986343, 34.391800, 0.0)
(44.992420, 34.363659, 0.0)
(45.017460, 34.343739, 0.0)
(45.000874, 34.297436, 0.0)
(45.029861, 34.276165, 0.0)
(45.039639, 34.285587, 0.0)
(45.018585, 34.238766, 0.0)
(45.018585, 34.238766, 0.0)
(45.032440, 34.226276, 0.0)
(44.995682, 34.210201, 0.0)
(44.559631, 33.979786, 0.0)
(41.037434, 31.957218, 0.0)
(40.893883, 31.768835, 0.0)
(40.904640, 31.691635, 0.0)
(40.928345, 31.693068, 0.0)
(41.075657, 31.687521, 0.0)
(42.860611, 32.379440, 0.0)
(43.155903, 32.574490, 0.0)
(43.122673, 32.586231, 0.0)
(43.035923, 32.569401, 0.0)
(41.240921, 32.224483, 0.0)
(37.104012, 31.779959, 0.0)
(36.170277, 31.720200, 0.0)
(36.005463, 31.669096, 0.0)
(36.004387, 31.654694, 0.0)
(35.979980, 31.626642, 0.0)
(37.947998, 31.908102, 0.0)
(39.395832, 32.126778, 0.0)
(39.404659, 32.124779, 0.0)
(39.219936, 32.095295, 0.0)
(39.049202, 32.032173, 0.0)
(38.836868, 32.032135, 0.0)
(38.596172, 32.026749, 0.0)
(38.331516, 32.002052, 0.0)
(36.684814, 32.022655, 0.0)
(35.949173, 31.916563, 0.0)
(35.829670, 31.838850, 0.0)
(35.699211, 31.845201, 0.0)
(35.637051, 31.818024, 0.0)
(35.564461, 31.773027, 0.0)
(35.503868, 31.785826, 0.0)
(32.664055, 32.126286, 0.0)
(30.977001, 32.618919, 0.0)
(30.781233, 32.634262, 0.0)
(30.745777, 32.638008, 0.0)
(30.718334, 32.617344, 0.0)
(30.663818, 32.620708, 0.0)
(30.635496, 32.607201, 0.0)
(30.585800, 32.593952, 0.0)
(30.524317, 32.546974, 0.0)
(30.490120, 32.548950, 0.0)
(30.471056, 32.543041, 0.0)
(30.458050, 32.546974, 0.0)
(29.269024, 32.888241, 0.0)
(28.271872, 32.968594, 0.0)
(28.165415, 32.982506, 0.0)
(28.114023, 32.978294, 0.0)
(28.109735, 32.969288, 0.0)
(28.085339, 32.954777, 0.0)
(28.078257, 32.945858, 0.0)
(28.060972, 32.945488, 0.0)
(28.063101, 32.939095, 0.0)
(28.067270, 32.891987, 0.0)
(28.096745, 32.851982, 0.0)
(29.495529, 32.011639, 0.0)
(29.676004, 31.888861, 0.0)
(29.689190, 31.859379, 0.0)
(29.711544, 31.832365, 0.0)
(29.698521, 31.824099, 0.0)
(29.710474, 31.830566, 0.0)
(29.763088, 31.803293, 0.0)
(32.999626, 31.438925, 0.0)
(34.486229, 31.570265, 0.0)
(34.722775, 31.573765, 0.0)
(34.769585, 31.571974, 0.0)
(34.803963, 31.553164, 0.0)
(34.836224, 31.542747, 0.0)
(34.887741, 31.522276, 0.0)
(34.948734, 31.511728, 0.0)
(35.002937, 31.526608, 0.0)
(35.079380, 31.513990, 0.0)
(35.453636, 31.526051, 0.0)
(38.773342, 31.782139, 0.0)
(39.330246, 31.821508, 0.0)
(39.395752, 31.839325, 0.0)
(39.401722, 31.821568, 0.0)
(39.415394, 31.791647, 0.0)
(39.416515, 31.753548, 0.0)
(39.730976, 31.814104, 0.0)
(41.864952, 32.294285, 0.0)
(42.196865, 32.483086, 0.0)
(42.230099, 32.477432, 0.0)
(42.228386, 32.482216, 0.0)
(43.711880, 33.082668, 0.0)
(44.625504, 33.661648, 0.0)
(44.720921, 33.730022, 0.0)
(44.675152, 33.684391, 0.0)
(44.667061, 33.621769, 0.0)
(45.198692, 33.795609, 0.0)
(45.493229, 33.864010, 0.0)
(45.496414, 33.872494, 0.0)
(45.483891, 33.855217, 0.0)
(45.481701, 33.834923, 0.0)
(45.464119, 33.826744, 0.0)
(45.460560, 33.812073, 0.0)
(44.675640, 33.375992, 0.0)
(44.568996, 33.105331, 0.0)
(44.619854, 33.058247, 0.0)
(44.647720, 33.083332, 0.0)
(44.644775, 33.103462, 0.0)
(44.654762, 33.117226, 0.0)
(44.668621, 33.106007, 0.0)
(44.679268, 33.059460, 0.0)
(44.999588, 33.085720, 0.0)
(45.116455, 33.001827, 0.0)
(45.107086, 32.975029, 0.0)
(45.084064, 32.952087, 0.0)
(45.053627, 32.926361, 0.0)
(44.258373, 32.282246, 0.0)
(43.890606, 32.006123, 0.0)
(44.232628, 32.241966, 0.0)
(44.253265, 32.171413, 0.0)
(44.211731, 32.144062, 0.0)
(44.086540, 32.071503, 0.0)
(42.408524, 31.756720, 0.0)
(40.372433, 31.434584, 0.0)
(40.144051, 31.385796, 0.0)
(40.096699, 31.371361, 0.0)
(40.060017, 31.364248, 0.0)
(40.031582, 31.342442, 0.0)
(39.993534, 31.334719, 0.0)
(39.935921, 31.258314, 0.0)
(39.905735, 31.216568, 0.0)
(37.975388, 31.064222, 0.0)
(36.925735, 30.856392, 0.0)
(36.829353, 30.842457, 0.0)
(36.820862, 30.845381, 0.0)
(36.799904, 30.852318, 0.0)
(36.774498, 30.844196, 0.0)
(36.776451, 30.813166, 0.0)
(36.617344, 30.832630, 0.0)
(33.391304, 30.983566, 0.0)
(32.973091, 30.985941, 0.0)
(32.901623, 30.961796, 0.0)
(32.844692, 30.976969, 0.0)
(32.808834, 31.019207, 0.0)
(32.775181, 31.029881, 0.0)
(32.732937, 31.015673, 0.0)
(32.709965, 30.949413, 0.0)
(32.688957, 30.907124, 0.0)
(32.286007, 31.092344, 0.0)
(29.450224, 31.701164, 0.0)
(29.119703, 31.797758, 0.0)
(29.068670, 31.803078, 0.0)
(29.027721, 31.825907, 0.0)
(29.002003, 31.848591, 0.0)
(28.990904, 31.870266, 0.0)
(28.987341, 31.841417, 0.0)
(28.974575, 31.793789, 0.0)
(28.972263, 31.777351, 0.0)
(28.972509, 31.783554, 0.0)
(28.156523, 32.058640, 0.0)
(26.958921, 32.330173, 0.0)
(26.814772, 32.401688, 0.0)
(26.806377, 32.435970, 0.0)
(26.806377, 32.435970, 0.0)
(26.803387, 32.413540, 0.0)
(26.819386, 32.391323, 0.0)
(26.809504, 32.332260, 0.0)
(26.833458, 32.308723, 0.0)
(26.858807, 32.286861, 0.0)
(26.787510, 31.996443, 0.0)
(26.847809, 31.901033, 0.0)
(26.898445, 31.878635, 0.0)
(26.965811, 31.828373, 0.0)
(27.482559, 31.780523, 0.0)
(29.522568, 31.789053, 0.0)
(29.782240, 31.692518, 0.0)
(29.913786, 31.553131, 0.0)
(30.047319, 31.508245, 0.0)
(30.173487, 31.443216, 0.0)
(31.973545, 30.775377, 0.0)
(32.232857, 30.711147, 0.0)
(32.340424, 30.673708, 0.0)
(32.442818, 30.620056, 0.0)
(32.625023, 30.584616, 0.0)
(32.794300, 30.534239, 0.0)
(32.930355, 30.486198, 0.0)
(33.081059, 30.466549, 0.0)
(33.230240, 30.449963, 0.0)
(34.267151, 30.315214, 0.0)
(35.361221, 30.220705, 0.0)
(35.555450, 30.191593, 0.0)
(35.698185, 30.162403, 0.0)
(35.876633, 30.170002, 0.0)
(36.011398, 30.122992, 0.0)
(37.731045, 30.139965, 0.0)
(37.919075, 30.147608, 0.0)
(38.012554, 30.132860, 0.0)
(38.151424, 30.099482, 0.0)
(39.170723, 30.336260, 0.0)
(40.446911, 30.552631, 0.0)
(40.546753, 30.591856, 0.0)
(40.581631, 30.582298, 0.0)
(40.633816, 30.525921, 0.0)
(40.665607, 30.514154, 0.0)
(42.291183, 31.044886, 0.0)
(42.456367, 31.095661, 0.0)
(42.465645, 31.046320, 0.0)
(42.526447, 31.035677, 0.0)
(42.496944, 31.041155, 0.0)
(42.522762, 31.106863, 0.0)
(44.712120, 32.024723, 0.0)
(45.282589, 32.356232, 0.0)
(45.321217, 32.356895, 0.0)
(45.318333, 32.349449, 0.0)
(44.997959, 32.249298, 0.0)
(44.812057, 31.668638, 0.0)
(45.123817, 31.761242, 0.0)
(45.307941, 31.879965, 0.0)
(45.354580, 32.002216, 0.0)
(45.360165, 32.084599, 0.0)
(45.353268, 32.098461, 0.0)
(45.371632, 32.084919, 0.0)
(45.355549, 32.031097, 0.0)
(45.045040, 31.923960, 0.0)
(42.131123, 30.908321, 0.0)
(41.847107, 30.310642, 0.0)
(42.793476, 30.836706, 0.0)
(42.888596, 30.982141, 0.0)
(42.913845, 31.034460, 0.0)
(42.906147, 31.065128, 0.0)
(42.906158, 31.062862, 0.0)
(42.908863, 31.044127, 0.0)
(40.789375, 30.295809, 0.0)
(39.893063, 30.015385, 0.0)
(39.782185, 29.928551, 0.0)
(39.760269, 29.898624, 0.0)
(39.702496, 29.877131, 0.0)
(39.677307, 29.874247, 0.0)
(39.623722, 29.884146, 0.0)
(39.528961, 29.859989, 0.0)
(37.294559, 29.698652, 0.0)
(37.009144, 29.702564, 0.0)
(36.916767, 29.681225, 0.0)
(36.842880, 29.611267, 0.0)
(36.733475, 29.611881, 0.0)
(36.632729, 29.567028, 0.0)
(36.548576, 29.583441, 0.0)
(33.694859, 29.841145, 0.0)
(32.861118, 29.907539, 0.0)
(32.630604, 29.883200, 0.0)
(32.619263, 29.848763, 0.0)
(32.564968, 29.826004, 0.0)
(32.534386, 29.797653, 0.0)
(30.460234, 30.503826, 0.0)
(27.927965, 31.376862, 0.0)
(27.566793, 31.474243, 0.0)
(27.500843, 31.466721, 0.0)
(27.500843, 31.466721, 0.0)
(27.466375, 31.463469, 0.0)
(29.640802, 30.068844, 0.0)
(28.639776, 30.354998, 0.0)
(28.614151, 30.363628, 0.0)
(27.978006, 30.747551, 0.0)
(27.898588, 30.856543, 0.0)
(27.832560, 30.932207, 0.0)
(27.826185, 30.968609, 0.0)
(27.810034, 30.986502, 0.0)
(27.766567, 31.014738, 0.0)
(27.747341, 31.009008, 0.0)
(27.739538, 31.000959, 0.0)
(27.628769, 31.093166, 0.0)
(26.919491, 31.286581, 0.0)
(26.830231, 31.281719, 0.0)
(26.863977, 31.201931, 0.0)
(26.869827, 31.126461, 0.0)
(26.968369, 30.705219, 0.0)
(27.017973, 30.599924, 0.0)
(28.578150, 30.022207, 0.0)
(28.944576, 29.987028, 0.0)
(29.150475, 29.878794, 0.0)
(29.361752, 29.770617, 0.0)
(29.654917, 29.652363, 0.0)
(31.400652, 29.568171, 0.0)
(32.850784, 29.535955, 0.0)
(33.122215, 29.438692, 0.0)
(33.334404, 29.387068, 0.0)
(33.483109, 29.370932, 0.0)
(33.562347, 29.340317, 0.0)
(33.695465, 29.316505, 0.0)
(33.906330, 29.297689, 0.0)
(34.011127, 29.238245, 0.0)
(34.157207, 29.227545, 0.0)
(34.290596, 29.204271, 0.0)
(34.397366, 29.143620, 0.0)
(34.568012, 29.163343, 0.0)
(36.388191, 29.046764, 0.0)
(36.628391, 29.099096, 0.0)
(36.731144, 29.107147, 0.0)
(36.820240, 29.090677, 0.0)
(36.985203, 29.070801, 0.0)
(37.057030, 29.057014, 0.0)
(37.148106, 29.010893, 0.0)
(38.721958, 29.100380, 0.0)
(39.238499, 29.147747, 0.0)
(39.285038, 29.162905, 0.0)
(39.523186, 29.216108, 0.0)
(41.692547, 30.088566, 0.0)
(42.302986, 30.421339, 0.0)
(42.370628, 30.384562, 0.0)
(42.402115, 30.414442, 0.0)
(42.462368, 30.437721, 0.0)
(42.516068, 30.433567, 0.0)
(42.556950, 30.442287, 0.0)
(44.035336, 31.260145, 0.0)
(44.916897, 31.792181, 0.0)
(45.017017, 31.922861, 0.0)
(44.981937, 31.875481, 0.0)
(44.978867, 31.853264, 0.0)
(44.963657, 31.846806, 0.0)
(45.155605, 31.897188, 0.0)
(45.496883, 32.074059, 0.0)
(45.513435, 32.048584, 0.0)
(45.506550, 32.025967, 0.0)
(45.515194, 32.057854, 0.0)
(45.460144, 32.044128, 0.0)
(44.569611, 31.655291, 0.0)
(41.761543, 30.777763, 0.0)
(38.611027, 28.509325, 0.0)
(38.779572, 28.353651, 0.0)
(39.011097, 28.581818, 0.0)
(39.151134, 28.649979, 0.0)
(39.194153, 28.611980, 0.0)
(39.228642, 28.617134, 0.0)
(39.236809, 28.624840, 0.0)
(39.237804, 28.677917, 0.0)
(39.260609, 28.732208, 0.0)
(39.241856, 28.697847, 0.0)
(39.244331, 28.683624, 0.0)
(39.197906, 28.658453, 0.0)
(39.127567, 28.662245, 0.0)
(39.058235, 28.670956, 0.0)
(38.980965, 28.651470, 0.0)
(38.871246, 28.657473, 0.0)
(38.749249, 28.649645, 0.0)
(38.606594, 28.604818, 0.0)
(38.491524, 28.543936, 0.0)
(38.388470, 28.503977, 0.0)
(38.281734, 28.436260, 0.0)
(38.192841, 28.409164, 0.0)
(35.719231, 28.441652, 0.0)
(35.501122, 28.451153, 0.0)
(35.423748, 28.366467, 0.0)
(35.307499, 28.335299, 0.0)
(35.252098, 28.374130, 0.0)
(35.165691, 28.371935, 0.0)
(35.110832, 28.355473, 0.0)
(35.057243, 28.314310, 0.0)
(35.025387, 28.288328, 0.0)
(31.827908, 28.911549, 0.0)
(30.000364, 29.297489, 0.0)
(29.809286, 29.304182, 0.0)
(29.766546, 29.283287, 0.0)
(29.730282, 29.310030, 0.0)
(29.668968, 29.317614, 0.0)
(29.639828, 29.290665, 0.0)
(29.454939, 29.283216, 0.0)
(28.456373, 29.492647, 0.0)
(28.226313, 29.636923, 0.0)
(27.980635, 29.655916, 0.0)
(27.677418, 30.022001, 0.0)
(27.660185, 30.129293, 0.0)
(27.635235, 30.152315, 0.0)
(27.474936, 30.108774, 0.0)
(27.274996, 30.966154, 0.0)
(27.005068, 29.830433, 0.0)
(27.558044, 29.452690, 0.0)
(27.681232, 29.556252, 0.0)
(27.683496, 29.587984, 0.0)
(27.712112, 29.561367, 0.0)
(27.723415, 29.544558, 0.0)
(27.739782, 29.512947, 0.0)
(28.151344, 29.465250, 0.0)
(30.550522, 29.289621, 0.0)
(30.753254, 29.291237, 0.0)
(30.790852, 29.243612, 0.0)
(30.844082, 29.200567, 0.0)
(31.262327, 29.066221, 0.0)
(34.843628, 28.463823, 0.0)
(35.028435, 28.444536, 0.0)
(35.066307, 28.397606, 0.0)
(35.129539, 28.349524, 0.0)
(35.144508, 28.331053, 0.0)
(35.149677, 28.354052, 0.0)
(35.178806, 28.371590, 0.0)
(35.221794, 28.339504, 0.0)
(35.300064, 28.298923, 0.0)
(35.391373, 28.249533, 0.0)
(35.443546, 28.221539, 0.0)
(35.505360, 28.191143, 0.0)
(35.591366, 28.159498, 0.0)
(35.706802, 28.134087, 0.0)
(36.680542, 28.155693, 0.0)
(38.254604, 28.215427, 0.0)
(38.463936, 28.189966, 0.0)
(38.542534, 28.228548, 0.0)
(38.692616, 28.239658, 0.0)
(38.748512, 28.165771, 0.0)
(38.813492, 28.144629, 0.0)
(38.787098, 28.141806, 0.0)
(39.084064, 27.815020, 0.0)
(39.190853, 27.762873, 0.0)
(40.986488, 28.330807, 0.0)
(41.380325, 28.613533, 0.0)
(41.434147, 28.640844, 0.0)
(41.150627, 28.679611, 0.0)
(42.862373, 29.594269, 0.0)
(43.221474, 29.530836, 0.0)
(43.411045, 29.833334, 0.0)
(43.522346, 29.986170, 0.0)
(43.608318, 30.029472, 0.0)
(43.637207, 30.094540, 0.0)
(43.672237, 30.138046, 0.0)
(43.732971, 30.179588, 0.0)
(43.757820, 30.151085, 0.0)
(43.780346, 30.167692, 0.0)
(43.798065, 30.146225, 0.0)
(43.770168, 30.121994, 0.0)
(43.763424, 30.120005, 0.0)
(43.763874, 30.123507, 0.0)
(43.739895, 30.154831, 0.0)
(43.760044, 30.133099, 0.0)
(43.755905, 30.064945, 0.0)
(43.739376, 30.037300, 0.0)
(41.248829, 28.602930, 0.0)
(40.173462, 27.978861, 0.0)
(40.126118, 27.939581, 0.0)
(40.131104, 27.867998, 0.0)
(40.141815, 27.854605, 0.0)
(40.144119, 27.824446, 0.0)
(40.150642, 27.820669, 0.0)
(40.136456, 27.797235, 0.0)
(40.144142, 27.805523, 0.0)
(40.120346, 27.807480, 0.0)
(40.096931, 27.804485, 0.0)
(37.410648, 27.730078, 0.0)
(35.328777, 27.737062, 0.0)
(35.143108, 27.750198, 0.0)
(35.101379, 27.766277, 0.0)
(35.077290, 27.775221, 0.0)
(35.029583, 27.764103, 0.0)
(35.007023, 27.753696, 0.0)
(34.981632, 27.749298, 0.0)
(34.961143, 27.747585, 0.0)
(34.950741, 27.726042, 0.0)
(34.931953, 27.718836, 0.0)
(34.909996, 27.722652, 0.0)
(34.883221, 27.736740, 0.0)
(34.875988, 27.723656, 0.0)
(34.855843, 27.721834, 0.0)
(34.839317, 27.717171, 0.0)
(34.825157, 27.680731, 0.0)
(34.810040, 27.693995, 0.0)
(34.574661, 27.701023, 0.0)
(31.397272, 28.403585, 0.0)
(30.412743, 28.628347, 0.0)
(30.269562, 28.649784, 0.0)
(30.242104, 28.687328, 0.0)
(30.157724, 28.670477, 0.0)
(30.119761, 28.670351, 0.0)
(29.771828, 28.855497, 0.0)
(28.506252, 29.385864, 0.0)
(28.254164, 29.413702, 0.0)
(28.198605, 29.367767, 0.0)
(28.144825, 29.371298, 0.0)
(28.133026, 29.394796, 0.0)
(28.134607, 29.390099, 0.0)
(28.107473, 29.383224, 0.0)
(28.096666, 29.365438, 0.0)
(28.086647, 29.341413, 0.0)
(27.266378, 29.829796, 0.0)
(26.975224, 29.704531, 0.0)
(26.449713, 29.757734, 0.0)
(26.892977, 29.675991, 0.0)
(27.514450, 28.502043, 0.0)
(27.705927, 28.407162, 0.0)
(27.846952, 28.601665, 0.0)
(27.946342, 28.718573, 0.0)
(27.975655, 28.726744, 0.0)
(28.027723, 28.687332, 0.0)
(28.077848, 28.635798, 0.0)
(28.130341, 28.547209, 0.0)
(29.978014, 28.051926, 0.0)
(31.939428, 27.798916, 0.0)
(32.135098, 27.713518, 0.0)
(32.241364, 27.653618, 0.0)
(32.390961, 27.608980, 0.0)
(32.491379, 27.548243, 0.0)
(32.624081, 27.506268, 0.0)
(35.864960, 27.467066, 0.0)
(37.184063, 27.536474, 0.0)
(37.394951, 27.529572, 0.0)
(37.408752, 27.514458, 0.0)
(37.846478, 27.607279, 0.0)
(39.817364, 28.045555, 0.0)
(40.390289, 28.126450, 0.0)
(40.601154, 28.171183, 0.0)
(40.615036, 28.170534, 0.0)
(40.646564, 28.167933, 0.0)
(40.673435, 28.180071, 0.0)
(40.668560, 28.160530, 0.0)
(40.691360, 28.163565, 0.0)
(40.695641, 28.146629, 0.0)
(40.708565, 28.170191, 0.0)
(40.742779, 28.180670, 0.0)
(40.764935, 28.198996, 0.0)
(41.704067, 28.601391, 0.0)
(44.282436, 30.058226, 0.0)
(44.848347, 30.400501, 0.0)
(44.926216, 30.424715, 0.0)
(44.879028, 30.411592, 0.0)
(44.864368, 30.382769, 0.0)
(43.327095, 29.390854, 0.0)
(42.916908, 29.060581, 0.0)
(43.021168, 28.982782, 0.0)
(43.287563, 28.990814, 0.0)
(43.721363, 29.338375, 0.0)
(43.877205, 29.444441, 0.0)
(43.953575, 29.441067, 0.0)
(43.986420, 29.445177, 0.0)
(44.043674, 29.489134, 0.0)
(44.053455, 29.477907, 0.0)
(44.047932, 29.483114, 0.0)
(44.019176, 29.432081, 0.0)
(44.012138, 29.428589, 0.0)
(43.989841, 29.391609, 0.0)
(43.875076, 29.334099, 0.0)
(42.685829, 28.695219, 0.0)
(41.209957, 27.670380, 0.0)
(41.331703, 27.700727, 0.0)
(41.454857, 27.953926, 0.0)
(41.323238, 28.000734, 0.0)
(41.325573, 27.975426, 0.0)
(41.330196, 27.942282, 0.0)
(41.334072, 27.919073, 0.0)
(41.316471, 27.893688, 0.0)
(41.314972, 27.866184, 0.0)
(41.293724, 27.835012, 0.0)
(41.239124, 27.798786, 0.0)
(39.957127, 27.654394, 0.0)
(37.035049, 27.048763, 0.0)
(36.933590, 27.055727, 0.0)
(36.897476, 26.985947, 0.0)
(36.886040, 26.978876, 0.0)
(36.850353, 26.955248, 0.0)
(36.806583, 26.920151, 0.0)
(36.764553, 26.889530, 0.0)
(36.642273, 26.901552, 0.0)
(33.396606, 27.087044, 0.0)
(33.178173, 27.091124, 0.0)
(33.127033, 27.114975, 0.0)
(33.088242, 27.144724, 0.0)
(33.049347, 27.171494, 0.0)
(33.041477, 27.138462, 0.0)
(33.028214, 27.110970, 0.0)
(33.023575, 27.084711, 0.0)
(32.985497, 27.051600, 0.0)
(32.988640, 27.045008, 0.0)
(32.994122, 27.013422, 0.0)
(32.796700, 27.077263, 0.0)
(32.186020, 26.947920, 0.0)
(32.102154, 26.944111, 0.0)
(32.056755, 26.991781, 0.0)
(32.029758, 26.986109, 0.0)
(32.026829, 26.980110, 0.0)
(30.710056, 27.402975, 0.0)
(29.061224, 27.881767, 0.0)
(28.987238, 27.916721, 0.0)
(29.000008, 27.906763, 0.0)
(28.977119, 27.919514, 0.0)
(28.940493, 27.907158, 0.0)
(28.770142, 28.055447, 0.0)
(27.751831, 28.372620, 0.0)
(27.964268, 28.297947, 0.0)
(27.990871, 28.256262, 0.0)
(27.988739, 28.247749, 0.0)
(27.999437, 28.250996, 0.0)
(28.007059, 28.249084, 0.0)
(27.996990, 28.238823, 0.0)
(27.970846, 28.297325, 0.0)
(27.963118, 28.343328, 0.0)
(27.966589, 28.359167, 0.0)
(27.977436, 28.362392, 0.0)
(27.979897, 28.353580, 0.0)
(28.007563, 28.346455, 0.0)
(28.024374, 28.342714, 0.0)
(28.041517, 28.338209, 0.0)
(28.057976, 28.325777, 0.0)
(28.101534, 28.273912, 0.0)
(29.299911, 27.884502, 0.0)
(32.906116, 26.844696, 0.0)
(35.142357, 26.148479, 0.0)
(36.164814, 26.041714, 0.0)
(36.266113, 25.985439, 0.0)
(36.315639, 25.983534, 0.0)
(36.384727, 25.958139, 0.0)
(36.411724, 25.954475, 0.0)
(36.477318, 25.948034, 0.0)
(36.472839, 25.926765, 0.0)
(36.405903, 25.961515, 0.0)
(35.684380, 26.266914, 0.0)
(35.541935, 26.143879, 0.0)
(36.082111, 26.306044, 0.0)
(36.770187, 26.356808, 0.0)
(36.979748, 26.328060, 0.0)
(37.044640, 26.306255, 0.0)
(37.126923, 26.309479, 0.0)
(37.195900, 26.356865, 0.0)
(37.255878, 26.385094, 0.0)
(37.274090, 26.389507, 0.0)
(37.303520, 26.359467, 0.0)
(39.587521, 26.987791, 0.0)
(42.383953, 28.166718, 0.0)
(43.104176, 28.537651, 0.0)
(43.245144, 28.613672, 0.0)
(43.233818, 28.561153, 0.0)
(42.991627, 28.697947, 0.0)
(42.387932, 28.490322, 0.0)
(42.428051, 28.900305, 0.0)
(42.961399, 28.560158, 0.0)
(43.707813, 28.932106, 0.0)
(43.904263, 29.046154, 0.0)
(43.957497, 29.002489, 0.0)
(43.977333, 29.016171, 0.0)
(44.004986, 29.016230, 0.0)
(44.022388, 29.009182, 0.0)
(44.064713, 29.023335, 0.0)
(44.082745, 29.015085, 0.0)
(44.065918, 28.965069, 0.0)
(44.068916, 28.928076, 0.0)
(44.038780, 28.850393, 0.0)
(44.061226, 28.828554, 0.0)
(44.050190, 28.820513, 0.0)
(44.027309, 28.803040, 0.0)
(44.001972, 28.816889, 0.0)
(43.977169, 28.807194, 0.0)
(43.959538, 28.771282, 0.0)
(43.946911, 28.732218, 0.0)
(42.045177, 28.899292, 0.0)
(41.121086, 29.631573, 0.0)
(41.036575, 29.607967, 0.0)
(41.064354, 29.573236, 0.0)
(41.059006, 29.605164, 0.0)
(41.039188, 30.001945, 0.0)
(43.457275, 30.885639, 0.0)
(42.067936, 30.265514, 0.0)
(42.229885, 30.281281, 0.0)
(42.365887, 30.267290, 0.0)
(42.368820, 30.265524, 0.0)
(42.382336, 30.269131, 0.0)
(42.364967, 30.282534, 0.0)
(42.823662, 30.511511, 0.0)
(44.571068, 31.376608, 0.0)
(44.716686, 31.468390, 0.0)
(44.692833, 31.476564, 0.0)
(44.668999, 31.461538, 0.0)
(44.682873, 31.467602, 0.0)
(44.685234, 31.466133, 0.0)
(44.690704, 31.444750, 0.0)
(45.626740, 34.175571, 0.0)
(45.565598, 34.916523, 0.0)
(45.560284, 34.997849, 0.0)
(45.514065, 35.021992, 0.0)
(45.469257, 35.021793, 0.0)
(45.467484, 35.026962, 0.0)
(45.657291, 36.285069, 0.0)
(45.578533, 37.843990, 0.0)
(45.510265, 38.028610, 0.0)
(45.486103, 38.068871, 0.0)
(45.465538, 38.054432, 0.0)
(45.438736, 37.977909, 0.0)
(45.423183, 37.931175, 0.0)
(45.411617, 37.932713, 0.0)
(45.389366, 37.983833, 0.0)
(45.360054, 37.992794, 0.0)
(45.341633, 37.988167, 0.0)
(45.329227, 37.922741, 0.0)
(45.314777, 37.949856, 0.0)
(45.266663, 37.894348, 0.0)
(44.575321, 38.723610, 0.0)
(44.542042, 38.938877, 0.0)
(44.534397, 38.888680, 0.0)
(44.507042, 38.845562, 0.0)
(44.476349, 38.844002, 0.0)
(44.332813, 38.815754, 0.0)
(42.300102, 40.634773, 0.0)
(42.061127, 40.480396, 0.0)
(42.300030, 39.467312, 0.0)
(42.425358, 38.826668, 0.0)
(42.474133, 38.622433, 0.0)
(42.501492, 38.360626, 0.0)
(40.291962, 38.376865, 0.0)
(39.640495, 38.427650, 0.0)
(39.568775, 38.386745, 0.0)
(39.602642, 38.405167, 0.0)
(39.766800, 38.444420, 0.0)
(43.285126, 36.854317, 0.0)
(44.486084, 36.780491, 0.0)
(44.564861, 36.745651, 0.0)
(44.557770, 36.627483, 0.0)
(44.569153, 36.491264, 0.0)
(44.586559, 36.407391, 0.0)
(44.637508, 35.631290, 0.0)
(44.865494, 34.894768, 0.0)
(44.905636, 34.835960, 0.0)
(44.915268, 34.755459, 0.0)
(44.958908, 34.660114, 0.0)
(44.969791, 34.581345, 0.0)
(44.864929, 34.397907, 0.0)
(44.294655, 33.212177, 0.0)
(44.448135, 32.352634, 0.0)
(44.518738, 31.848900, 0.0)
(44.593880, 31.851940, 0.0)
(44.632584, 31.829227, 0.0)
(44.649773, 31.817959, 0.0)
(44.583248, 31.745054, 0.0)
(43.817871, 31.272579, 0.0)
(44.294178, 31.211287, 0.0)
(44.363327, 30.956022, 0.0)
(44.405174, 31.165253, 0.0)
(44.501976, 31.248178, 0.0)
(44.529900, 31.248243, 0.0)
(44.543335, 31.231823, 0.0)
(44.537132, 31.219112, 0.0)
(44.561741, 31.234634, 0.0)
(44.561741, 31.234634, 0.0)
(44.556774, 31.239307, 0.0)
(44.559196, 31.228252, 0.0)
(44.561161, 31.215801, 0.0)
(44.564938, 31.219025, 0.0)
(44.553307, 31.193163, 0.0)
(44.496468, 31.141880, 0.0)
(43.610260, 30.802027, 0.0)
(43.008934, 32.809792, 0.0)
(43.242233, 31.738487, 0.0)
(43.644707, 31.476875, 0.0)
(43.763988, 31.648573, 0.0)
(43.798267, 31.710770, 0.0)
(43.859741, 31.789566, 0.0)
(43.894165, 31.833439, 0.0)
(43.883438, 31.836420, 0.0)
(43.858009, 31.811045, 0.0)
(43.876205, 31.828831, 0.0)
(43.467361, 31.894560, 0.0)
(43.407310, 31.963266, 0.0)
(43.462727, 31.940861, 0.0)
(43.502419, 32.033180, 0.0)
(43.520023, 32.099384, 0.0)
(43.563225, 32.264111, 0.0)
(44.030037, 33.179008, 0.0)
(44.112106, 33.288620, 0.0)
(44.159138, 33.382519, 0.0)
(44.169865, 33.399437, 0.0)
(44.170036, 33.412537, 0.0)
(44.151863, 33.372162, 0.0)
(44.492687, 34.715210, 0.0)
(44.467884, 34.986641, 0.0)
(44.477978, 35.013111, 0.0)
(44.474342, 35.069965, 0.0)
(44.479263, 35.075729, 0.0)
(44.489426, 35.088833, 0.0)
(44.516773, 35.084209, 0.0)
(44.511303, 35.111198, 0.0)
(44.503582, 35.155491, 0.0)
(44.505142, 35.125233, 0.0)
(44.425774, 35.497772, 0.0)
(44.052761, 36.269711, 0.0)
(43.991707, 36.428608, 0.0)
(44.002060, 36.453049, 0.0)
(44.004463, 36.457760, 0.0)
(44.008129, 36.452854, 0.0)
(43.982784, 36.407814, 0.0)
(43.999435, 36.402081, 0.0)
(43.993397, 36.404987, 0.0)
(44.226986, 36.722328, 0.0)
(44.261021, 36.796665, 0.0)
(44.237755, 36.845989, 0.0)
(44.232086, 36.844368, 0.0)
(44.336151, 37.565727, 0.0)
(44.335609, 37.702564, 0.0)
(44.339520, 37.717171, 0.0)
(44.325279, 37.718872, 0.0)
(44.318787, 37.746540, 0.0)
(44.313789, 37.747326, 0.0)
(44.325020, 37.781761, 0.0)
(44.317017, 37.794697, 0.0)
(44.291317, 37.762806, 0.0)
(44.316437, 37.727280, 0.0)
(44.317902, 37.585686, 0.0)
(43.982315, 36.537590, 0.0)
(44.014034, 35.829258, 0.0)
(44.008728, 35.632011, 0.0)
(44.005581, 35.519009, 0.0)
(44.021000, 35.405247, 0.0)
(43.997299, 35.292572, 0.0)
(43.951736, 35.196880, 0.0)
(43.916348, 35.086605, 0.0)
(43.885109, 34.968777, 0.0)
(43.800724, 34.747822, 0.0)
(43.362141, 33.859753, 0.0)
(43.321888, 33.743450, 0.0)
(43.340229, 33.702084, 0.0)
(43.331356, 33.617729, 0.0)
(43.330391, 33.527885, 0.0)
(43.329414, 33.466682, 0.0)
(43.348522, 33.382805, 0.0)
(43.465904, 32.146465, 0.0)
(43.505085, 31.332773, 0.0)
(43.502872, 31.319201, 0.0)
(43.495567, 31.321297, 0.0)
(43.488529, 31.299316, 0.0)
(43.458519, 31.261942, 0.0)
(43.481289, 31.218624, 0.0)
(43.431213, 31.151684, 0.0)
(42.786751, 30.865189, 0.0)
(42.713497, 32.157841, 0.0)
(42.892990, 29.882149, 0.0)
(43.108925, 29.686989, 0.0)
(43.272282, 29.863750, 0.0)
(43.334599, 29.885677, 0.0)
(43.373848, 29.900623, 0.0)
(43.383221, 29.885654, 0.0)
(43.419743, 29.890751, 0.0)
(43.443989, 29.899031, 0.0)
(43.474194, 29.953896, 0.0)
(43.478863, 29.939398, 0.0)
(43.472897, 29.920761, 0.0)
(43.471127, 29.866537, 0.0)
(43.461174, 29.786177, 0.0)
(43.477589, 29.744825, 0.0)
(43.473518, 29.737505, 0.0)
(43.268532, 29.581900, 0.0)
(42.942654, 29.303247, 0.0)
(42.911816, 29.282461, 0.0)
(42.883713, 29.262484, 0.0)
(42.558151, 29.303335, 0.0)
(41.602608, 29.980888, 0.0)
(41.262589, 31.746206, 0.0)
(41.838913, 32.078613, 0.0)
(42.664558, 31.755310, 0.0)
(42.796890, 31.764811, 0.0)
(42.835068, 31.880358, 0.0)
(42.856716, 31.946424, 0.0)
(42.907650, 31.958855, 0.0)
(42.953388, 32.001423, 0.0)
(42.974510, 32.043892, 0.0)
(42.997204, 32.083221, 0.0)
(43.008049, 32.134621, 0.0)
(42.980320, 32.166290, 0.0)
(43.010048, 32.187626, 0.0)
(43.028389, 32.203075, 0.0)
(43.039585, 32.210842, 0.0)
(42.815487, 32.030346, 0.0)
(42.723763, 31.928177, 0.0)
(42.740791, 31.925510, 0.0)
(42.760082, 31.956043, 0.0)
(42.763992, 31.965755, 0.0)
(42.784641, 32.005501, 0.0)
(42.845749, 32.171478, 0.0)
(43.287060, 33.988556, 0.0)
(43.231857, 34.104614, 0.0)
(43.222183, 34.073544, 0.0)
(43.207256, 34.142864, 0.0)
(43.187435, 34.139454, 0.0)
(43.195927, 34.130272, 0.0)
(43.215202, 34.137222, 0.0)
(43.120045, 34.090878, 0.0)
(43.088066, 33.663055, 0.0)
(43.038792, 33.685772, 0.0)
(43.021629, 33.728264, 0.0)
(42.997860, 33.835274, 0.0)
(42.990662, 33.895786, 0.0)
(42.983498, 33.930801, 0.0)
(42.928867, 35.205101, 0.0)
(42.756947, 35.784817, 0.0)
(42.715458, 35.888390, 0.0)
(42.705017, 35.910713, 0.0)
(42.705605, 35.951607, 0.0)
(42.693520, 35.955952, 0.0)
(42.681778, 35.973949, 0.0)
(42.737110, 36.224884, 0.0)
(42.854725, 36.900093, 0.0)
(42.848679, 37.001518, 0.0)
(42.844521, 37.015591, 0.0)
(42.843868, 37.021408, 0.0)
(42.843868, 37.021408, 0.0)
(42.848026, 37.007313, 0.0)
(42.820930, 36.994476, 0.0)
(42.791191, 36.953323, 0.0)
(42.147640, 38.142124, 0.0)
(41.671864, 39.252811, 0.0)
(41.972603, 38.562645, 0.0)
(42.079800, 37.983639, 0.0)
(42.085297, 37.724609, 0.0)
(42.109280, 37.662735, 0.0)
(42.146423, 37.543571, 0.0)
(42.149593, 37.424236, 0.0)
(42.130875, 37.333046, 0.0)
(42.133133, 37.218460, 0.0)
(41.384117, 34.806885, 0.0)
(41.396202, 34.142521, 0.0)
(41.399181, 34.074135, 0.0)
(41.381569, 34.004078, 0.0)
(41.368042, 33.896801, 0.0)
(41.373432, 33.792049, 0.0)
(41.456158, 33.660385, 0.0)
(41.976814, 32.612980, 0.0)
(42.034813, 32.439011, 0.0)
(42.073277, 32.441967, 0.0)
(42.097778, 32.422947, 0.0)
(42.091106, 32.381634, 0.0)
(42.071945, 32.323147, 0.0)
(42.082066, 32.282242, 0.0)
(42.088795, 32.237549, 0.0)
(42.092487, 32.195122, 0.0)
(42.097214, 32.148521, 0.0)
(42.100388, 32.081295, 0.0)
(42.062038, 31.936060, 0.0)
(42.054638, 31.850086, 0.0)
(42.055271, 31.774143, 0.0)
(42.055725, 31.649563, 0.0)
(42.064537, 31.648510, 0.0)
(42.038910, 31.590727, 0.0)
(42.043255, 31.562685, 0.0)
(41.753784, 30.544188, 0.0)
(41.606209, 29.099085, 0.0)
(41.570530, 28.911053, 0.0)
(41.545986, 28.859863, 0.0)
(41.536324, 28.840050, 0.0)
(41.522549, 28.772343, 0.0)
(41.519566, 28.775431, 0.0)
(41.519543, 28.790228, 0.0)
(41.512550, 28.793020, 0.0)
(41.501171, 28.763897, 0.0)
(41.484100, 28.728550, 0.0)
(40.550652, 28.713049, 0.0)
(40.131725, 27.939945, 0.0)
(40.619587, 28.104462, 0.0)
(41.016598, 28.234594, 0.0)
(41.129459, 28.246370, 0.0)
(41.173267, 28.286964, 0.0)
(41.180119, 28.334757, 0.0)
(41.186897, 28.383400, 0.0)
(41.177776, 28.393511, 0.0)
(41.244514, 28.931717, 0.0)
(41.244347, 31.212439, 0.0)
(40.956444, 31.914646, 0.0)
(40.932003, 31.963219, 0.0)
(40.932201, 31.925247, 0.0)
(40.946278, 31.917118, 0.0)
(40.942524, 31.925812, 0.0)
(40.942734, 31.935925, 0.0)
(40.929886, 31.967157, 0.0)
(40.901463, 31.952774, 0.0)
(40.894299, 34.276768, 0.0)
(40.811058, 34.905228, 0.0)
(40.759800, 34.918507, 0.0)
(40.773506, 34.897346, 0.0)
(40.751156, 34.916496, 0.0)
(40.756458, 34.946133, 0.0)
(41.127632, 34.293301, 0.0)
(41.233486, 33.374386, 0.0)
(41.189987, 33.310329, 0.0)
(41.169834, 33.357059, 0.0)
(41.165894, 33.327702, 0.0)
(41.161480, 33.242294, 0.0)
(41.170074, 33.235588, 0.0)
(41.154251, 33.222057, 0.0)
(41.150730, 33.221077, 0.0)
(41.139565, 33.232384, 0.0)
(41.214817, 33.613186, 0.0)
(41.162064, 34.617928, 0.0)
(41.060623, 34.694962, 0.0)
(41.066784, 34.709824, 0.0)
(41.026680, 34.704418, 0.0)
(41.027531, 34.721699, 0.0)
(41.209496, 36.786556, 0.0)
(40.934780, 37.318726, 0.0)
(40.882027, 37.340904, 0.0)
(40.851868, 37.350483, 0.0)
(40.832653, 37.405441, 0.0)
(40.801167, 37.400745, 0.0)
(40.762043, 37.412750, 0.0)
(40.746147, 37.469311, 0.0)
(40.747219, 37.473671, 0.0)
(40.755650, 37.476925, 0.0)
(40.982475, 36.569546, 0.0)
(41.051971, 36.063934, 0.0)
(41.052399, 36.100082, 0.0)
(41.044888, 36.101768, 0.0)
(41.035461, 36.147720, 0.0)
(40.205288, 36.817692, 0.0)
(39.276787, 37.461075, 0.0)
(39.173954, 37.533894, 0.0)
(39.118931, 38.011436, 0.0)
(40.298187, 39.072983, 0.0)
(40.617802, 38.245914, 0.0)
(40.707256, 37.708084, 0.0)
(40.684448, 37.359039, 0.0)
(40.691280, 37.079933, 0.0)
(40.682426, 37.001755, 0.0)
(39.851078, 35.022652, 0.0)
(39.681858, 31.391481, 0.0)
(39.739292, 31.126894, 0.0)
(39.723907, 31.139500, 0.0)
(39.701134, 31.117125, 0.0)
(39.698631, 31.121893, 0.0)
(39.700375, 31.104555, 0.0)
(39.700771, 31.050983, 0.0)
(39.711773, 31.055603, 0.0)
(39.662991, 30.989868, 0.0)
(39.666023, 30.964680, 0.0)
(39.685432, 30.949951, 0.0)
(39.694511, 30.933332, 0.0)
(39.710400, 30.917446, 0.0)
(39.743607, 30.919178, 0.0)
(40.035568, 30.629892, 0.0)
(40.063175, 30.506088, 0.0)
(40.073025, 30.484802, 0.0)
(40.071083, 30.479473, 0.0)
(40.070984, 30.474129, 0.0)
(40.071083, 30.479473, 0.0)
(40.066738, 30.451399, 0.0)
(40.099091, 30.428484, 0.0)
(40.083054, 30.348206, 0.0)
(40.002975, 30.169165, 0.0)
(39.807743, 29.661720, 0.0)
(39.805561, 29.555992, 0.0)
(39.797775, 29.543238, 0.0)
(39.795250, 29.538095, 0.0)
(39.763454, 29.485046, 0.0)
(39.763435, 29.472147, 0.0)
(39.752098, 29.421030, 0.0)
(39.626343, 28.997698, 0.0)
(39.453850, 28.399799, 0.0)
(39.445240, 28.295183, 0.0)
(39.431252, 28.294672, 0.0)
(39.440464, 28.272409, 0.0)
(39.423737, 28.227179, 0.0)
(39.426590, 28.193104, 0.0)
(39.423786, 28.218456, 0.0)
(39.411457, 28.220333, 0.0)
(39.151886, 28.295471, 0.0)
(37.521584, 28.363874, 0.0)
(36.923733, 28.979073, 0.0)
(38.328953, 28.768431, 0.0)
(38.684196, 28.943113, 0.0)
(38.764698, 29.079220, 0.0)
(38.784752, 29.141758, 0.0)
(38.791080, 29.165062, 0.0)
(38.810959, 29.199911, 0.0)
(38.844975, 29.203899, 0.0)
(38.836491, 29.197397, 0.0)
(38.696953, 30.121773, 0.0)
(38.576950, 31.424042, 0.0)
(38.452057, 32.001472, 0.0)
(38.409992, 32.048412, 0.0)
(38.390545, 32.055088, 0.0)
(38.384541, 32.075985, 0.0)
(38.382919, 32.097996, 0.0)
(38.549126, 31.879717, 0.0)
(38.812649, 30.052246, 0.0)
(38.852123, 29.941229, 0.0)
(38.843182, 29.979542, 0.0)
(38.861629, 29.971388, 0.0)
(38.866959, 29.936838, 0.0)
(38.879082, 29.915653, 0.0)
(38.864704, 29.900124, 0.0)
(38.403606, 29.920542, 0.0)
(38.789768, 32.079243, 0.0)
(38.849575, 31.461262, 0.0)
(38.892109, 31.455870, 0.0)
(38.932331, 31.585131, 0.0)
(38.954369, 31.907404, 0.0)
(39.054050, 33.850689, 0.0)
(38.960732, 34.357815, 0.0)
(38.877583, 34.394218, 0.0)
(38.878170, 34.432594, 0.0)
(38.864651, 34.535442, 0.0)
(38.852596, 34.593758, 0.0)
(38.861031, 34.609730, 0.0)
(38.854229, 34.638615, 0.0)
(38.860542, 34.635376, 0.0)
(38.860600, 34.636009, 0.0)
(38.841110, 34.663986, 0.0)
(38.798080, 35.915680, 0.0)
(38.440662, 37.040424, 0.0)
(38.319504, 37.206566, 0.0)
(38.281551, 37.237289, 0.0)
(38.253181, 37.221146, 0.0)
(38.245449, 37.209465, 0.0)
(38.366791, 37.166489, 0.0)
(38.934948, 36.865772, 0.0)
(38.965145, 36.864159, 0.0)
(38.957230, 36.863499, 0.0)
(38.938980, 36.881351, 0.0)
(38.928905, 36.869690, 0.0)
(38.913147, 36.883904, 0.0)
(38.361645, 37.815575, 0.0)
(36.595356, 35.758545, 0.0)
(36.420216, 34.142464, 0.0)
(36.341331, 33.398209, 0.0)
(36.307213, 33.250008, 0.0)
(36.327225, 33.240940, 0.0)
(36.388718, 33.324390, 0.0)
(36.409657, 33.288258, 0.0)
(36.449528, 33.289104, 0.0)
(37.270657, 32.445847, 0.0)
(37.400711, 32.360363, 0.0)
(37.396305, 32.302917, 0.0)
(37.423271, 32.251656, 0.0)
(37.447296, 32.214348, 0.0)
(37.447327, 32.179249, 0.0)
(37.445679, 32.085297, 0.0)
(37.451157, 32.005444, 0.0)
(37.471989, 31.927670, 0.0)
(37.440548, 31.851362, 0.0)
(37.473503, 31.783657, 0.0)
(37.447422, 31.720306, 0.0)
(37.462288, 31.598349, 0.0)
(37.462090, 31.533937, 0.0)
(37.473656, 31.504694, 0.0)
(37.491104, 31.483559, 0.0)
(37.928909, 30.804752, 0.0)
(38.015072, 30.733088, 0.0)
(38.015755, 30.653904, 0.0)
(37.992828, 30.586329, 0.0)
(37.994347, 30.518654, 0.0)
(37.481625, 29.641794, 0.0)
(37.485115, 29.365717, 0.0)
(37.515999, 29.310362, 0.0)
(37.543236, 29.264839, 0.0)
(37.498856, 29.188910, 0.0)
(37.491451, 28.907761, 0.0)
(37.507309, 27.971386, 0.0)
(37.467484, 27.829214, 0.0)
(37.441681, 27.825342, 0.0)
(37.441681, 27.825342, 0.0)
(37.430309, 27.780731, 0.0)
(37.437790, 27.758825, 0.0)
(37.186798, 27.505669, 0.0)
(36.994839, 27.355238, 0.0)
(36.945461, 27.328754, 0.0)
(36.929077, 27.346539, 0.0)
(36.896622, 27.316854, 0.0)
(36.668846, 27.295942, 0.0)
(35.731976, 27.881128, 0.0)
(35.493610, 27.783192, 0.0)
(36.141251, 27.492096, 0.0)
(36.304134, 27.567045, 0.0)
(36.340816, 27.644533, 0.0)
(36.359356, 27.662987, 0.0)
(36.337261, 27.746283, 0.0)
(36.389339, 28.857954, 0.0)
(36.290737, 30.466185, 0.0)
(36.209026, 30.612688, 0.0)
(36.169540, 30.622368, 0.0)
(36.181946, 30.634691, 0.0)
(36.185532, 30.637732, 0.0)
(36.183723, 30.652246, 0.0)
(36.173397, 30.674351, 0.0)
(36.064846, 30.054264, 0.0)
(36.287014, 29.370363, 0.0)
(36.305008, 29.364674, 0.0)
(36.292023, 29.433277, 0.0)
(36.292675, 29.474142, 0.0)
(36.278576, 29.516502, 0.0)
(36.265869, 29.589632, 0.0)
(36.446877, 31.714069, 0.0)
(36.580147, 32.640663, 0.0)
(36.529640, 32.742104, 0.0)
(36.472435, 32.766541, 0.0)
(36.456661, 32.842907, 0.0)
(36.505775, 32.860996, 0.0)
(36.510036, 32.897350, 0.0)
(36.526878, 32.966816, 0.0)
(36.576473, 32.161617, 0.0)
(36.591709, 32.162590, 0.0)
(36.580791, 32.257446, 0.0)
(36.569923, 32.277782, 0.0)
(36.565887, 32.289082, 0.0)
(36.507580, 32.348892, 0.0)
(36.678864, 34.510376, 0.0)
(36.659073, 36.278934, 0.0)
(36.477592, 36.384239, 0.0)
(36.392883, 36.562160, 0.0)
(36.367752, 36.606220, 0.0)
(36.411808, 36.893559, 0.0)
(36.745949, 38.203529, 0.0)
(36.674240, 38.341125, 0.0)
(36.711422, 38.291264, 0.0)
(36.720276, 38.300308, 0.0)
(36.733227, 38.301785, 0.0)
(36.693180, 38.321053, 0.0)
(36.649391, 38.341694, 0.0)
(36.623917, 38.393063, 0.0)
(36.615444, 38.487808, 0.0)
(36.657307, 38.538460, 0.0)
(36.489899, 40.102493, 0.0)
(36.531113, 39.797169, 0.0)
(36.455002, 38.896008, 0.0)
(36.414776, 38.477684, 0.0)
(36.402176, 38.259888, 0.0)
(35.297318, 37.354015, 0.0)
(33.136799, 33.181919, 0.0)
(33.075806, 32.909889, 0.0)
(33.064575, 32.944397, 0.0)
(33.037094, 32.888268, 0.0)
(33.054001, 32.839142, 0.0)
(34.233265, 32.376591, 0.0)
(34.494453, 32.279461, 0.0)
(34.526947, 32.287140, 0.0)
(34.539589, 32.244724, 0.0)
(34.552490, 32.180237, 0.0)
(34.557907, 32.174809, 0.0)
(34.558517, 32.084461, 0.0)
(35.027653, 31.607788, 0.0)
(35.432198, 30.829834, 0.0)
(35.448460, 30.745813, 0.0)
(35.454788, 30.750113, 0.0)
(35.456661, 30.742886, 0.0)
(35.478989, 30.715334, 0.0)
(35.472404, 30.690678, 0.0)
(35.509594, 30.645885, 0.0)
(34.988407, 30.250578, 0.0)
(34.973316, 30.170515, 0.0)
(34.949154, 30.121561, 0.0)
(34.920506, 30.068878, 0.0)
(34.896324, 30.051941, 0.0)
(34.878922, 30.054958, 0.0)
(34.889091, 29.993673, 0.0)
(34.856850, 29.908560, 0.0)
(34.864529, 29.793959, 0.0)
(34.864262, 29.710680, 0.0)
(34.903763, 28.934977, 0.0)
(34.906216, 28.768917, 0.0)
(34.900047, 28.719231, 0.0)
(34.883778, 28.674959, 0.0)
(34.879299, 28.642328, 0.0)
(34.643524, 28.575687, 0.0)
(33.834568, 27.441475, 0.0)
(33.989868, 27.252422, 0.0)
(34.460766, 27.139444, 0.0)
(34.528034, 27.105906, 0.0)
(34.529293, 27.097372, 0.0)
(34.523495, 27.104317, 0.0)
(34.521599, 27.101845, 0.0)
(34.527653, 27.152168, 0.0)
(34.530945, 27.159100, 0.0)
(34.536827, 27.149364, 0.0)
(34.543423, 27.347075, 0.0)
(34.221962, 28.026373, 0.0)
(34.135960, 28.115910, 0.0)
(34.138100, 28.123322, 0.0)
(34.094646, 28.149059, 0.0)
(34.072868, 28.172386, 0.0)
(33.533867, 28.894997, 0.0)
(32.856174, 31.406319, 0.0)
(32.745564, 32.580238, 0.0)
(32.737816, 32.822514, 0.0)
(32.713619, 32.823841, 0.0)
(32.711742, 32.819283, 0.0)
(32.842793, 32.286388, 0.0)
(33.471378, 29.948809, 0.0)
(33.509705, 29.692583, 0.0)
(33.505245, 29.794538, 0.0)
(33.508320, 29.862261, 0.0)
(33.509281, 29.885567, 0.0)
(33.858952, 31.319611, 0.0)
(33.902615, 31.640417, 0.0)
(33.858276, 31.639580, 0.0)
(33.820381, 31.636494, 0.0)
(33.809345, 31.638853, 0.0)
(33.793983, 31.681770, 0.0)
(33.783497, 31.713556, 0.0)
(33.771858, 31.750990, 0.0)
(33.766880, 31.786993, 0.0)
(33.760666, 31.779530, 0.0)
(33.759315, 31.785185, 0.0)
(33.777431, 31.790958, 0.0)
(33.791977, 31.788218, 0.0)
(33.785339, 32.050640, 0.0)
(33.621696, 32.987579, 0.0)
(33.569981, 33.120884, 0.0)
(33.553101, 33.218876, 0.0)
(33.544289, 33.313713, 0.0)
(33.543114, 33.411583, 0.0)
(33.553379, 33.403202, 0.0)
(33.911499, 34.066807, 0.0)
(34.140987, 34.631042, 0.0)
(34.112812, 34.699635, 0.0)
(34.157673, 34.753716, 0.0)
(34.131332, 34.796101, 0.0)
(34.133579, 34.828182, 0.0)
(34.111885, 34.912907, 0.0)
(34.116913, 35.004532, 0.0)
(34.323189, 37.260571, 0.0)
(34.236256, 37.560165, 0.0)
(34.180805, 37.541161, 0.0)
(34.163986, 37.573315, 0.0)
(34.137486, 37.618565, 0.0)
(34.126785, 37.624565, 0.0)
(34.104977, 37.688915, 0.0)
(34.114334, 37.701225, 0.0)
(34.105129, 37.712173, 0.0)
(34.047379, 37.793442, 0.0)
(33.271675, 38.844444, 0.0)
(32.618320, 37.154182, 0.0)
(33.602997, 36.045620, 0.0)
(33.671684, 35.196407, 0.0)
(33.573315, 34.859188, 0.0)
(33.573036, 34.718094, 0.0)
(33.602051, 34.540154, 0.0)
(32.355671, 33.650276, 0.0)
(31.596525, 32.466396, 0.0)
(31.586407, 32.376369, 0.0)
(31.545996, 32.400738, 0.0)
(31.506924, 32.358734, 0.0)
(31.522661, 32.298363, 0.0)
(31.519253, 32.214676, 0.0)
(31.499651, 32.129734, 0.0)
(32.236904, 31.507952, 0.0)
(32.463749, 31.173992, 0.0)
(32.432163, 31.094255, 0.0)
(32.442856, 31.087513, 0.0)
(32.463512, 31.094257, 0.0)
(32.477089, 31.083450, 0.0)
(32.485046, 31.043695, 0.0)
(32.493710, 30.993887, 0.0)
(32.508900, 30.958132, 0.0)
(32.517502, 30.876175, 0.0)
(32.528255, 30.809639, 0.0)
(32.517132, 30.769230, 0.0)
(32.528889, 30.735523, 0.0)
(32.518013, 30.718271, 0.0)
(32.528591, 30.627857, 0.0)
(32.542221, 30.524954, 0.0)
(32.561062, 30.441866, 0.0)
(32.554195, 30.393305, 0.0)
(32.472450, 29.272049, 0.0)
(32.423321, 28.805626, 0.0)
(32.395264, 28.780493, 0.0)
(32.384510, 28.727215, 0.0)
(32.397816, 28.655754, 0.0)
(32.362225, 28.599501, 0.0)
(32.358994, 28.583370, 0.0)
(32.297359, 28.595911, 0.0)
(32.292896, 28.614504, 0.0)
(32.280968, 28.606815, 0.0)
(32.273373, 28.612085, 0.0)
(32.262623, 28.591389, 0.0)
(32.242149, 28.499441, 0.0)
(32.040390, 28.375462, 0.0)
(31.600637, 28.031448, 0.0)
(31.608459, 28.500046, 0.0)
(31.633072, 28.559317, 0.0)
(31.351103, 28.561459, 0.0)
(30.868975, 30.489862, 0.0)
(30.858934, 29.762358, 0.0)
(30.882092, 29.773859, 0.0)
(30.925186, 29.904779, 0.0)
(30.943760, 29.970797, 0.0)
(30.949762, 29.988909, 0.0)
(30.940100, 30.027550, 0.0)
(30.961914, 30.064127, 0.0)
(30.828724, 30.492863, 0.0)
(31.207499, 31.195017, 0.0)
(31.246775, 31.286976, 0.0)
(31.242775, 31.317772, 0.0)
(31.240183, 31.346153, 0.0)
(31.258135, 31.370911, 0.0)
(31.208845, 31.537085, 0.0)
(31.687002, 32.688030, 0.0)
(31.653227, 33.027527, 0.0)
(31.602438, 33.085304, 0.0)
(31.565872, 33.091255, 0.0)
(31.567688, 33.102005, 0.0)
(31.526381, 33.130165, 0.0)
(31.179077, 32.310322, 0.0)
(31.227793, 31.464678, 0.0)
(31.222954, 31.469629, 0.0)
(31.218988, 31.568474, 0.0)
(31.216654, 31.639814, 0.0)
(31.233603, 31.714153, 0.0)
(31.242130, 31.779142, 0.0)
(31.236183, 31.808098, 0.0)
(31.223244, 31.853617, 0.0)
(31.258701, 33.766609, 0.0)
(31.256886, 34.261066, 0.0)
(31.219414, 34.369835, 0.0)
(31.230730, 34.383595, 0.0)
(31.236364, 34.396988, 0.0)
(31.231276, 34.403572, 0.0)
(31.240425, 34.397221, 0.0)
(31.220945, 34.386246, 0.0)
(31.707838, 35.213646, 0.0)
(31.838598, 35.519424, 0.0)
(31.818401, 35.589058, 0.0)
(31.806177, 35.632915, 0.0)
(31.777630, 35.651608, 0.0)
(31.770199, 35.693035, 0.0)
(31.764849, 35.711803, 0.0)
(31.723011, 35.742832, 0.0)
(31.600410, 40.527901, 0.0)
(31.550171, 39.485203, 0.0)
(31.464495, 38.890396, 0.0)
(31.423685, 38.657780, 0.0)
(31.415970, 38.593746, 0.0)
(31.390938, 38.592522, 0.0)
(31.376354, 38.545540, 0.0)
(31.370615, 38.502853, 0.0)
(31.105629, 38.403839, 0.0)
(29.445786, 35.546101, 0.0)
(29.334339, 35.076923, 0.0)
(29.236227, 35.065037, 0.0)
(29.213512, 35.045319, 0.0)
(29.192091, 34.970207, 0.0)
(29.184866, 34.914967, 0.0)
(29.180277, 34.826874, 0.0)
(29.186451, 34.734409, 0.0)
(29.220535, 34.577053, 0.0)
(29.627239, 34.160179, 0.0)
(30.216936, 33.294899, 0.0)
(30.279541, 33.185287, 0.0)
(30.283518, 33.059326, 0.0)
(30.280455, 32.977158, 0.0)
(30.340002, 32.879238, 0.0)
(30.351435, 32.855469, 0.0)
(30.387257, 32.738190, 0.0)
(30.410204, 32.634033, 0.0)
(30.419451, 32.578957, 0.0)
(30.406305, 32.457901, 0.0)
(30.405249, 32.390575, 0.0)
(30.522362, 31.787310, 0.0)
(30.563791, 31.290380, 0.0)
(30.598522, 31.187979, 0.0)
(30.554766, 31.170486, 0.0)
(30.553013, 31.139328, 0.0)
(30.571898, 31.045744, 0.0)
(30.603527, 30.527102, 0.0)
(30.574703, 30.188044, 0.0)
(30.575338, 30.145555, 0.0)
(30.558636, 30.080906, 0.0)
(30.592995, 29.981865, 0.0)
(30.626707, 29.924664, 0.0)
(30.630369, 29.844500, 0.0)
(30.396166, 29.706234, 0.0)
(30.233013, 29.209915, 0.0)
(30.198509, 29.170080, 0.0)
(30.207560, 29.108980, 0.0)
(30.183849, 29.040960, 0.0)
(30.162498, 29.005013, 0.0)
(30.154945, 28.981775, 0.0)
(30.116491, 28.944695, 0.0)
(29.818974, 28.444887, 0.0)
(30.032547, 28.994083, 0.0)
(29.986052, 28.565102, 0.0)
(30.048515, 28.807312, 0.0)
(30.109564, 28.957342, 0.0)
(30.120867, 29.031174, 0.0)
(30.119799, 29.055960, 0.0)
(30.016630, 29.568377, 0.0)
(30.053648, 29.797886, 0.0)
(30.048172, 29.833723, 0.0)
(30.032974, 29.801592, 0.0)
(29.966433, 29.836515, 0.0)
(29.951004, 29.851429, 0.0)
(29.936693, 29.920822, 0.0)
(29.933554, 29.949100, 0.0)
(29.181187, 30.370272, 0.0)
(29.140476, 30.447514, 0.0)
(29.118570, 30.486811, 0.0)
(29.147484, 30.565775, 0.0)
(29.138109, 30.580036, 0.0)
(29.144657, 30.600840, 0.0)
(29.129162, 30.649178, 0.0)
(29.121807, 30.712227, 0.0)
(29.139477, 30.809774, 0.0)
(29.129841, 30.929531, 0.0)
(29.146404, 31.002594, 0.0)
(29.228323, 32.532417, 0.0)
(29.272699, 32.895031, 0.0)
(29.246258, 32.952827, 0.0)
(29.228859, 33.032612, 0.0)
(29.228832, 33.086269, 0.0)
(29.185911, 33.200600, 0.0)
(29.163843, 33.282364, 0.0)
(29.165758, 33.399147, 0.0)
(29.143019, 33.463249, 0.0)
(28.933876, 34.163227, 0.0)
(28.881826, 34.424835, 0.0)
(28.865389, 34.445072, 0.0)
(28.826782, 34.465088, 0.0)
(28.820860, 34.474281, 0.0)
(29.537081, 34.539383, 0.0)
(29.671633, 34.601528, 0.0)
(29.651398, 34.618229, 0.0)
(29.641275, 34.639824, 0.0)
(29.615536, 34.658463, 0.0)
(29.626139, 34.669884, 0.0)
(29.590849, 34.701931, 0.0)
(29.368170, 35.115955, 0.0)
(29.338633, 35.173080, 0.0)
(29.344120, 35.175800, 0.0)
(29.339247, 35.171616, 0.0)
(29.291859, 35.168709, 0.0)
(28.983921, 35.029865, 0.0)
(28.439356, 34.573524, 0.0)
(28.431278, 36.027534, 0.0)
(28.804001, 34.700615, 0.0)
(28.672842, 33.761292, 0.0)
(28.708189, 33.470592, 0.0)
(28.692316, 33.438248, 0.0)
(28.721020, 33.394787, 0.0)
(28.738607, 33.375023, 0.0)
(28.738323, 33.337616, 0.0)
(28.724867, 33.291985, 0.0)
(28.708172, 33.274448, 0.0)
(28.731659, 33.218113, 0.0)
(28.700361, 33.216042, 0.0)
(28.717974, 33.143433, 0.0)
(28.743980, 33.082375, 0.0)
(28.729843, 33.044647, 0.0)
(28.751640, 32.981842, 0.0)
(28.736952, 32.932400, 0.0)
(28.704000, 32.921635, 0.0)
(28.679718, 32.882347, 0.0)
(28.072157, 32.840889, 0.0)
(28.079191, 32.674030, 0.0)
(28.114578, 32.567604, 0.0)
(28.106348, 32.517773, 0.0)
(28.097481, 32.383759, 0.0)
(28.095263, 32.300579, 0.0)
(28.092936, 32.208370, 0.0)
(28.819235, 31.098303, 0.0)
(28.866564, 30.909643, 0.0)
(28.852009, 30.897520, 0.0)
(28.844065, 30.866201, 0.0)
(28.860233, 30.826036, 0.0)
(28.864655, 30.763275, 0.0)
(28.846317, 30.710176, 0.0)
(28.851234, 30.656492, 0.0)
(28.855064, 30.629383, 0.0)
(28.853786, 30.625736, 0.0)
(28.860565, 30.581028, 0.0)
(28.411518, 30.648695, 0.0)
(28.209055, 30.439413, 0.0)
(28.216932, 30.358114, 0.0)
(28.196856, 30.340761, 0.0)
(28.207228, 30.276636, 0.0)
(28.201181, 30.211515, 0.0)
(28.179413, 30.186390, 0.0)
(28.216774, 29.742409, 0.0)
(28.148264, 29.120747, 0.0)
(28.127954, 29.022163, 0.0)
(28.090523, 29.016817, 0.0)
(27.773752, 28.900011, 0.0)
(28.039387, 30.686049, 0.0)
(27.965664, 30.223936, 0.0)
(27.946817, 30.364386, 0.0)
(27.936876, 30.506468, 0.0)
(27.966009, 30.589437, 0.0)
(27.947672, 30.589149, 0.0)
(27.936125, 30.605976, 0.0)
(27.908186, 30.608967, 0.0)
(27.724569, 31.325367, 0.0)
(27.646851, 32.985973, 0.0)
(27.549385, 33.164932, 0.0)
(27.523262, 33.149689, 0.0)
(27.515574, 33.183983, 0.0)
(27.528017, 33.184742, 0.0)
(27.910763, 32.416531, 0.0)
(27.747217, 31.855871, 0.0)
(27.680485, 31.842670, 0.0)
(27.655436, 31.936047, 0.0)
(27.780916, 32.765450, 0.0)
(28.160328, 34.227287, 0.0)
(28.117510, 34.966003, 0.0)
(27.980806, 35.014313, 0.0)
(27.939941, 35.022839, 0.0)
(27.917343, 35.062771, 0.0)
(27.915884, 35.086235, 0.0)
(27.906897, 35.129742, 0.0)
(27.900820, 35.169422, 0.0)
(27.869165, 35.140892, 0.0)
(27.691229, 35.773373, 0.0)
(27.855234, 37.076763, 0.0)
(27.836271, 37.242775, 0.0)
(27.795622, 37.232498, 0.0)
(27.774803, 37.218315, 0.0)
(27.775238, 37.241829, 0.0)
(27.776432, 37.250145, 0.0)
(27.827604, 37.664021, 0.0)
(27.870272, 38.056808, 0.0)
(27.846094, 38.090183, 0.0)
(27.825388, 38.095261, 0.0)
(27.826578, 38.106537, 0.0)
(27.835503, 38.136108, 0.0)
(27.825966, 38.129036, 0.0)
(27.840836, 38.129944, 0.0)
(27.846014, 38.137901, 0.0)
(27.849279, 38.164799, 0.0)
(27.853502, 38.172035, 0.0)
(27.853502, 38.172035, 0.0)
(27.851444, 38.143230, 0.0)
(27.832060, 38.127762, 0.0)
(27.877703, 38.253139, 0.0)
(27.985199, 39.264080, 0.0)
(27.780506, 39.771233, 0.0)
(27.662495, 38.862644, 0.0)
(27.539007, 38.202396, 0.0)
(27.499620, 37.680183, 0.0)
(27.404240, 37.376644, 0.0)
(27.335831, 37.057796, 0.0)
(27.214466, 35.341885, 0.0)
(26.932505, 34.873043, 0.0)
(26.896368, 34.878929, 0.0)
(26.891953, 34.883156, 0.0)
(26.883297, 34.865589, 0.0)
(26.868177, 34.768124, 0.0)
(26.693602, 33.262684, 0.0)
(26.709133, 32.614376, 0.0)
(26.686245, 32.545971, 0.0)
(26.684828, 32.540543, 0.0)
(26.658016, 32.504704, 0.0)
(26.652613, 32.485462, 0.0)
(26.640072, 32.481335, 0.0)
(26.636738, 32.455173, 0.0)
(26.703224, 31.996088, 0.0)
(26.753832, 30.575848, 0.0)
(26.741535, 30.318541, 0.0)
(26.721041, 30.305674, 0.0)
(26.744404, 30.299126, 0.0)
(26.733877, 30.310665, 0.0)
(26.726162, 30.319759, 0.0)
(26.720825, 30.357708, 0.0)
(26.706835, 30.354340, 0.0)
(26.719172, 30.344872, 0.0)
(26.694111, 30.302343, 0.0)
(26.680571, 30.275637, 0.0)
(26.681534, 30.248781, 0.0)
(26.676134, 30.231052, 0.0)
(26.694048, 30.219305, 0.0)
(26.690327, 30.243212, 0.0)
(26.678104, 30.211514, 0.0)
(26.666941, 30.212954, 0.0)
(26.688112, 29.965611, 0.0)
(26.696276, 29.370142, 0.0)
(26.685703, 29.288057, 0.0)
(26.652319, 29.256628, 0.0)
(26.658806, 29.247612, 0.0)
(26.632645, 29.248831, 0.0)
(26.617098, 29.267368, 0.0)
(26.425850, 29.275494, 0.0)
(26.144169, 31.308598, 0.0)
(26.157963, 30.174404, 0.0)
(26.466238, 29.164724, 0.0)
(26.509117, 29.223969, 0.0)
(26.539045, 29.373236, 0.0)
(26.541348, 29.395039, 0.0)
(26.563534, 29.416208, 0.0)
(26.536911, 29.511614, 0.0)
(26.522640, 29.537500, 0.0)
(26.491255, 29.553726, 0.0)
(26.216087, 31.266502, 0.0)
(26.101940, 31.899790, 0.0)
(26.060062, 31.940466, 0.0)
(26.046526, 31.966892, 0.0)
(26.039206, 31.982155, 0.0)
(26.025259, 31.032009, 0.0)
(25.976549, 30.668718, 0.0)
(25.952801, 30.641788, 0.0)
(25.933601, 30.658028, 0.0)
(25.949986, 30.663115, 0.0)
(25.955223, 30.671867, 0.0)
(25.947157, 31.094597, 0.0)
(26.004377, 31.204689, 0.0)
(25.980469, 31.253983, 0.0)
(25.979851, 31.272966, 0.0)
(25.978971, 31.312527, 0.0)
(25.999697, 31.339380, 0.0)
(26.021431, 31.845398, 0.0)
(26.393435, 33.050983, 0.0)
(26.349031, 33.226170, 0.0)
(26.307001, 33.272472, 0.0)
(26.289017, 33.327850, 0.0)
(26.255642, 33.356731, 0.0)
(26.220930, 33.406631, 0.0)
(26.007055, 33.874619, 0.0)
(26.259596, 34.807018, 0.0)
(26.315094, 34.924664, 0.0)
(26.268351, 34.940533, 0.0)
(26.249115, 34.934986, 0.0)
(26.248014, 34.921619, 0.0)
(26.241234, 34.916862, 0.0)
(26.152479, 35.895267, 0.0)
(26.309578, 36.285324, 0.0)
(26.321476, 36.346577, 0.0)
(26.304726, 36.366646, 0.0)
(26.284040, 36.398418, 0.0)
(26.283480, 36.381634, 0.0)
(26.300436, 36.378738, 0.0)
(26.303452, 36.377522, 0.0)
(26.283911, 37.353195, 0.0)
(26.452463, 37.589321, 0.0)
(26.441122, 37.594105, 0.0)
(26.415117, 37.608284, 0.0)
(26.383797, 37.653316, 0.0)
(26.542032, 38.270016, 0.0)
(26.657763, 38.290703, 0.0)
(26.608021, 38.299557, 0.0)
(26.597954, 38.312428, 0.0)
(26.606501, 38.306442, 0.0)
(26.619104, 38.314713, 0.0)
(26.614338, 38.320076, 0.0)
(26.754684, 38.265388, 0.0)
(29.892378, 36.610935, 0.0)
(31.297276, 35.724174, 0.0)
(31.428757, 35.681763, 0.0)
(31.450598, 35.706547, 0.0)
(30.871368, 35.989807, 0.0)
(27.578289, 38.496002, 0.0)
(26.950520, 38.034088, 0.0)
(26.946596, 37.605419, 0.0)
(27.001984, 37.550133, 0.0)
(27.008490, 37.464664, 0.0)
(27.019381, 37.441448, 0.0)
(27.041733, 37.403904, 0.0)
(26.500580, 38.128632, 0.0)
(26.435621, 38.122803, 0.0)
(26.432938, 38.122925, 0.0)
(26.426907, 38.193947, 0.0)
(26.413473, 38.209164, 0.0)
(26.427969, 38.197411, 0.0)
(26.443752, 38.182957, 0.0)
(26.422287, 38.148884, 0.0)
(26.415508, 38.132092, 0.0)
(26.611942, 38.070225, 0.0)
(26.642841, 38.061359, 0.0)
(26.637995, 38.054092, 0.0)
(26.630999, 38.042217, 0.0)
(26.621983, 38.049206, 0.0)
(26.630222, 38.032337, 0.0)
(26.606133, 38.003971, 0.0)
(26.623062, 37.970280, 0.0)
(26.644602, 37.953846, 0.0)
(26.636768, 37.956924, 0.0)
(26.652655, 37.959908, 0.0)
(26.626123, 37.980045, 0.0)
(26.626543, 37.957912, 0.0)
(26.611446, 37.962036, 0.0)
(26.561592, 37.947166, 0.0)
(26.413910, 38.123802, 0.0)
(26.393463, 38.144386, 0.0)
(26.398355, 38.120720, 0.0)
(26.421337, 38.135040, 0.0)
(26.431664, 38.132629, 0.0)
(26.415936, 38.116032, 0.0)
(26.410387, 38.106258, 0.0)
(26.411753, 38.088657, 0.0)
(26.409206, 38.085594, 0.0)
(26.397352, 38.078907, 0.0)
(26.380142, 38.090935, 0.0)
(26.359230, 38.080830, 0.0)
(26.357258, 38.057678, 0.0)
(26.331726, 38.095779, 0.0)
(26.437269, 38.029903, 0.0)
(26.501080, 37.946014, 0.0)
(26.489365, 37.941601, 0.0)
(26.486919, 37.942890, 0.0)
(26.501894, 37.893867, 0.0)
(26.472681, 37.881542, 0.0)
(26.488398, 37.897228, 0.0)
(26.476706, 37.919075, 0.0)
(26.357674, 38.113529, 0.0)
(26.357410, 38.133156, 0.0)
(26.354759, 38.123283, 0.0)
(26.361399, 38.056992, 0.0)
(26.351498, 38.035465, 0.0)
