(42.573532, 36.039070, 0.0)
(42.317871, 34.830769, 0.0)
(42.336826, 34.588085, 0.0)
(42.362331, 34.613071, 0.0)
(42.338787, 34.624516, 0.0)
(42.324814, 34.655350, 0.0)
(42.304333, 34.616356, 0.0)
(42.195335, 34.210972, 0.0)
(42.253605, 34.243538, 0.0)
(42.291740, 34.287678, 0.0)
(42.314678, 34.292091, 0.0)
(42.323887, 34.241329, 0.0)
(42.331333, 34.223270, 0.0)
(42.338284, 34.202732, 0.0)
(42.337425, 34.225052, 0.0)
(42.326973, 34.230091, 0.0)
(42.323078, 34.224220, 0.0)
(42.357750, 34.214546, 0.0)
(42.378075, 34.203358, 0.0)
(42.363655, 34.204853, 0.0)
(42.364056, 34.174507, 0.0)
(42.377422, 34.156109, 0.0)
(42.361423, 34.135284, 0.0)
(42.381630, 34.153503, 0.0)
(42.390129, 34.167164, 0.0)
(42.386040, 34.168915, 0.0)
(42.376572, 34.161037, 0.0)
(42.385990, 34.174973, 0.0)
(42.373425, 34.168976, 0.0)
(42.390167, 34.190186, 0.0)
(42.392197, 34.240585, 0.0)
(42.413372, 34.239334, 0.0)
(42.391178, 34.272121, 0.0)
(42.418774, 34.299541, 0.0)
(42.372562, 34.333130, 0.0)
(42.338768, 34.320591, 0.0)
(42.359875, 34.331501, 0.0)
(42.388313, 34.344833, 0.0)
(42.380459, 34.349182, 0.0)
(42.389603, 34.346691, 0.0)
(42.412197, 34.347656, 0.0)
(42.411896, 34.357815, 0.0)
(42.404045, 34.365383, 0.0)
(42.273098, 34.336544, 0.0)
(42.220440, 34.349339, 0.0)
(42.236790, 34.352390, 0.0)
(42.257591, 34.352562, 0.0)
(42.257961, 34.343647, 0.0)
(42.274464, 34.344837, 0.0)
(42.297989, 34.342731, 0.0)
(42.314636, 34.314629, 0.0)
(42.276638, 34.293201, 0.0)
(42.306671, 34.312508, 0.0)
(42.317902, 34.326271, 0.0)
(42.293343, 34.324963, 0.0)
(42.309769, 34.323471, 0.0)
(42.310078, 34.322784, 0.0)
(42.310078, 34.322784, 0.0)
(42.311188, 34.306278, 0.0)
(42.301807, 34.296135, 0.0)
(42.283806, 34.305252, 0.0)
(42.282578, 34.294060, 0.0)
(42.294598, 34.340004, 0.0)
(42.283642, 34.332893, 0.0)
(42.268803, 34.322205, 0.0)
(42.271507, 34.313385, 0.0)
(42.256329, 34.305668, 0.0)
(42.262299, 34.292713, 0.0)
(42.271587, 34.273327, 0.0)
(42.246403, 34.272049, 0.0)
(42.239372, 34.321819, 0.0)
(42.246174, 34.326756, 0.0)
(42.234104, 34.351398, 0.0)
(42.243393, 34.347637, 0.0)
(42.241966, 34.360668, 0.0)
(42.260590, 34.342495, 0.0)
(42.247250, 34.323971, 0.0)
(42.256439, 34.326202, 0.0)
(42.260643, 34.334072, 0.0)
(42.247688, 34.335556, 0.0)
(42.241531, 34.325718, 0.0)
(42.236607, 34.333126, 0.0)
(42.235718, 34.328098, 0.0)
(42.254333, 34.321766, 0.0)
(42.240810, 34.325008, 0.0)
(42.236572, 34.317448, 0.0)
(42.246597, 34.312778, 0.0)
(42.242367, 34.311836, 0.0)
(42.236572, 34.324120, 0.0)
(42.236572, 34.324120, 0.0)
(42.236572, 34.324120, 0.0)
(42.239811, 34.309727, 0.0)
(42.252895, 34.297108, 0.0)
(42.254059, 34.312534, 0.0)
(42.238739, 34.291664, 0.0)
(42.203434, 34.545372, 0.0)
(42.453217, 35.468895, 0.0)
(42.317116, 34.603699, 0.0)
(42.250771, 34.081417, 0.0)
(42.267521, 33.942635, 0.0)
(42.266586, 33.947186, 0.0)
(42.277718, 34.010567, 0.0)
(42.273170, 34.021782, 0.0)
(42.288818, 34.032665, 0.0)
(42.254772, 34.069725, 0.0)
(42.238575, 34.091415, 0.0)
(42.248745, 34.120205, 0.0)
(42.236629, 34.143440, 0.0)
(42.261353, 34.167301, 0.0)
(42.282639, 34.179737, 0.0)
(42.313644, 34.172508, 0.0)
(42.301773, 34.123310, 0.0)
(42.290989, 34.129517, 0.0)
(42.298405, 34.128544, 0.0)
(42.290920, 34.148457, 0.0)
(42.287144, 34.165371, 0.0)
(42.293098, 34.178200, 0.0)
(42.301826, 34.171017, 0.0)
(42.291843, 34.184658, 0.0)
(42.290104, 34.174744, 0.0)
(42.325954, 34.144775, 0.0)
(42.339027, 34.134201, 0.0)
(42.330093, 34.088287, 0.0)
(42.334232, 34.121227, 0.0)
(42.321434, 34.108803, 0.0)
(42.338409, 34.129642, 0.0)
(42.335320, 34.133018, 0.0)
(42.324474, 34.110203, 0.0)
(42.324162, 34.140614, 0.0)
(42.332249, 34.157322, 0.0)
(42.322731, 34.199871, 0.0)
(42.332813, 34.253845, 0.0)
(42.370243, 34.345478, 0.0)
(42.423641, 34.497040, 0.0)
(42.460976, 34.608658, 0.0)
(42.466335, 34.641254, 0.0)
(42.461025, 34.634464, 0.0)
(42.433876, 34.594059, 0.0)
(42.426189, 34.538460, 0.0)
(42.442856, 34.493221, 0.0)
(42.472057, 34.492184, 0.0)
(42.462147, 34.462204, 0.0)
(42.447624, 34.464645, 0.0)
(42.464268, 34.480068, 0.0)
(42.453800, 34.469696, 0.0)
(42.456707, 34.449249, 0.0)
(42.463299, 34.466267, 0.0)
(42.467621, 34.437248, 0.0)
(42.475918, 34.420452, 0.0)
(42.457386, 34.405933, 0.0)
(42.448368, 34.412167, 0.0)
(42.444942, 34.399143, 0.0)
(42.377586, 34.412777, 0.0)
(42.298191, 34.434189, 0.0)
(42.293594, 34.451923, 0.0)
(42.307571, 34.469952, 0.0)
(42.292797, 34.466763, 0.0)
(42.298618, 34.443695, 0.0)
(42.293259, 34.451305, 0.0)
(42.293259, 34.451305, 0.0)
(42.286976, 34.422623, 0.0)
(42.267265, 34.420818, 0.0)
(42.250111, 34.389030, 0.0)
(42.267212, 34.380016, 0.0)
(42.272224, 34.385426, 0.0)
(42.288647, 34.392761, 0.0)
(42.297977, 34.394497, 0.0)
(42.304882, 34.392696, 0.0)
(42.315189, 34.396957, 0.0)
(42.329052, 34.402309, 0.0)
(42.344891, 34.414242, 0.0)
(42.549950, 34.466805, 0.0)
(42.571808, 34.572289, 0.0)
(42.596008, 34.598049, 0.0)
(42.599636, 34.596069, 0.0)
(42.596008, 34.598049, 0.0)
(42.596592, 34.590824, 0.0)
(42.563904, 34.578857, 0.0)
(42.545528, 34.551311, 0.0)
(42.554932, 34.563656, 0.0)
(42.558636, 34.488888, 0.0)
(42.525711, 34.501240, 0.0)
(42.511925, 34.524963, 0.0)
(42.499264, 34.536396, 0.0)
(42.484554, 34.528702, 0.0)
(42.501976, 34.544464, 0.0)
(42.528515, 34.539238, 0.0)
(42.540535, 34.537445, 0.0)
(42.530716, 34.548073, 0.0)
(42.529911, 34.566425, 0.0)
(42.521111, 34.584465, 0.0)
(42.503315, 34.586254, 0.0)
(42.517632, 34.630901, 0.0)
(42.529160, 34.650425, 0.0)
(43.111694, 34.351555, 0.0)
(45.754574, 32.936558, 0.0)
(47.359295, 32.115810, 0.0)
(48.090691, 32.152473, 0.0)
(48.140507, 32.255146, 0.0)
(48.151161, 32.250439, 0.0)
(48.119167, 32.237518, 0.0)
(48.559021, 32.313286, 0.0)
(48.920700, 32.318314, 0.0)
(48.907997, 32.342552, 0.0)
(48.906998, 32.328407, 0.0)
(48.885349, 32.314835, 0.0)
(48.870186, 32.338917, 0.0)
(48.843304, 32.319515, 0.0)
(48.823940, 32.284523, 0.0)
(48.890938, 32.662766, 0.0)
(49.455486, 34.998516, 0.0)
(49.397755, 35.216721, 0.0)
(49.395847, 35.271111, 0.0)
(49.401096, 35.309849, 0.0)
(49.204319, 34.396549, 0.0)
(48.916683, 32.594131, 0.0)
(48.866623, 32.521576, 0.0)
(48.884541, 32.620483, 0.0)
(48.872162, 32.572453, 0.0)
(48.839088, 32.604794, 0.0)
(48.817013, 32.622814, 0.0)
(48.802299, 32.624924, 0.0)
(48.801949, 32.635628, 0.0)
(48.800610, 32.628853, 0.0)
(48.929295, 32.425846, 0.0)
(48.906067, 32.369961, 0.0)
(48.910542, 32.384861, 0.0)
(48.901917, 32.376499, 0.0)
(48.894028, 32.376953, 0.0)
(48.892944, 32.392021, 0.0)
(48.877903, 32.391953, 0.0)
(48.882591, 32.413239, 0.0)
(48.895660, 32.433212, 0.0)
(48.879131, 32.437916, 0.0)
(48.887585, 32.439953, 0.0)
(48.858452, 32.430199, 0.0)
(48.892094, 32.446892, 0.0)
(48.854809, 32.226955, 0.0)
(49.155293, 32.582287, 0.0)
(48.741405, 31.942600, 0.0)
(48.692913, 32.173939, 0.0)
(48.685009, 32.324924, 0.0)
(48.684452, 32.388432, 0.0)
(48.725788, 32.461384, 0.0)
(48.711426, 32.483253, 0.0)
(48.687016, 32.462704, 0.0)
(48.692490, 32.507004, 0.0)
(48.678123, 32.518887, 0.0)
(48.675453, 32.529232, 0.0)
(48.673157, 32.537739, 0.0)
(48.649864, 32.552616, 0.0)
(47.122841, 32.671444, 0.0)
(43.395508, 34.033981, 0.0)
(39.912529, 36.414360, 0.0)
(37.518723, 38.730938, 0.0)
(36.219582, 39.910534, 0.0)
(36.083038, 40.056683, 0.0)
(36.041134, 40.082546, 0.0)
(35.854141, 40.136665, 0.0)
(34.414036, 40.441765, 0.0)
(34.346405, 40.459213, 0.0)
(34.373756, 40.454597, 0.0)
(34.386200, 40.441784, 0.0)
(34.407951, 40.386936, 0.0)
(34.422241, 40.365440, 0.0)
(34.429634, 40.331093, 0.0)
(34.451000, 40.318802, 0.0)
(34.461231, 40.297081, 0.0)
(34.479313, 40.266247, 0.0)
(34.484596, 40.237827, 0.0)
(34.488628, 40.217388, 0.0)
(34.485310, 40.199772, 0.0)
(34.500393, 40.184978, 0.0)
(34.523376, 40.147472, 0.0)
(34.495098, 40.127007, 0.0)
(34.464870, 40.111122, 0.0)
(34.458038, 40.102070, 0.0)
(34.427650, 40.117630, 0.0)
(34.429272, 40.112934, 0.0)
(34.457901, 40.118771, 0.0)
(34.484558, 40.097134, 0.0)
(34.482964, 40.082535, 0.0)
(34.495682, 40.035751, 0.0)
(34.485138, 40.019054, 0.0)
(34.479828, 40.022999, 0.0)
(34.449459, 39.895042, 0.0)
(34.130585, 36.040432, 0.0)
(34.035503, 33.616020, 0.0)
(33.973026, 32.799423, 0.0)
(33.919254, 32.732319, 0.0)
(33.931728, 32.736912, 0.0)
(33.923409, 32.730770, 0.0)
(33.891735, 32.766029, 0.0)
(33.828957, 32.610916, 0.0)
(33.823685, 32.587967, 0.0)
(33.814041, 32.572540, 0.0)
(33.841187, 32.549015, 0.0)
(33.843037, 32.526566, 0.0)
(33.849396, 32.516754, 0.0)
(33.852867, 32.483906, 0.0)
(33.835823, 32.489788, 0.0)
(33.823696, 32.487663, 0.0)
(33.830933, 32.507717, 0.0)
(33.837955, 32.507126, 0.0)
(33.837421, 32.529110, 0.0)
(33.857830, 32.505116, 0.0)
(33.842396, 32.517235, 0.0)
(33.829094, 32.507549, 0.0)
(33.830074, 32.519951, 0.0)
(33.818695, 32.506191, 0.0)
(33.800331, 32.509758, 0.0)
(33.807259, 32.496342, 0.0)
(33.811199, 32.529484, 0.0)
(33.827126, 32.544544, 0.0)
(33.848125, 32.543648, 0.0)
(33.883175, 32.529476, 0.0)
(33.906361, 32.504932, 0.0)
(33.940376, 32.484356, 0.0)
(33.962563, 32.445354, 0.0)
(33.974060, 32.441284, 0.0)
(34.014416, 32.389545, 0.0)
(35.605911, 32.433571, 0.0)
(41.034359, 33.961140, 0.0)
(43.572647, 35.631031, 0.0)
(43.595287, 35.572319, 0.0)
(43.534847, 35.477596, 0.0)
(43.296604, 35.226288, 0.0)
(42.749611, 34.776917, 0.0)
(42.756924, 34.761036, 0.0)
(42.736385, 34.750607, 0.0)
(42.782181, 34.801094, 0.0)
(42.752628, 34.771019, 0.0)
(42.748756, 34.755367, 0.0)
(42.764435, 34.727135, 0.0)
(42.793064, 34.699116, 0.0)
(42.730034, 34.613632, 0.0)
(42.615559, 34.479149, 0.0)
(42.612461, 34.497475, 0.0)
(42.595119, 34.505272, 0.0)
(42.601353, 34.489956, 0.0)
(42.602623, 34.484783, 0.0)
(42.596649, 34.493019, 0.0)
(42.592869, 34.494865, 0.0)
(42.617790, 34.492073, 0.0)
(42.611118, 34.482975, 0.0)
(42.592499, 34.489208, 0.0)
(42.592255, 34.458000, 0.0)
(42.584286, 34.440853, 0.0)
(42.551586, 34.459484, 0.0)
(42.537941, 34.474911, 0.0)
(42.537941, 34.474911, 0.0)
(42.537941, 34.474911, 0.0)
(42.555172, 34.496410, 0.0)
(42.587116, 34.470680, 0.0)
(42.598385, 34.473743, 0.0)
(42.597038, 34.464584, 0.0)
(42.601978, 34.477345, 0.0)
(42.596310, 34.477238, 0.0)
(42.589970, 34.477795, 0.0)
(42.584129, 34.479519, 0.0)
(42.579617, 34.534412, 0.0)
(42.521378, 34.588470, 0.0)
(39.422943, 37.160324, 0.0)
(36.551781, 39.130646, 0.0)
(35.717361, 39.944199, 0.0)
(35.638149, 39.880306, 0.0)
(35.595680, 39.825653, 0.0)
(35.623951, 39.785114, 0.0)
(35.648811, 39.773930, 0.0)
(37.521843, 39.567070, 0.0)
(38.680416, 39.607327, 0.0)
(38.846840, 39.551296, 0.0)
(38.976086, 39.537941, 0.0)
(39.145924, 39.520844, 0.0)
(39.287247, 39.502724, 0.0)
(39.452667, 39.518509, 0.0)
(39.637348, 39.519855, 0.0)
(39.805824, 39.560116, 0.0)
(40.211010, 39.536797, 0.0)
(42.294521, 39.651398, 0.0)
(42.474243, 39.730583, 0.0)
(42.553406, 39.719063, 0.0)
(42.718178, 39.730217, 0.0)
(42.822563, 39.778980, 0.0)
(44.073017, 39.975636, 0.0)
(47.038612, 40.186768, 0.0)
(48.003223, 40.301262, 0.0)
(48.033791, 40.294857, 0.0)
(48.031219, 40.292988, 0.0)
(48.045303, 40.267082, 0.0)
(48.045597, 40.216984, 0.0)
(48.040222, 40.196476, 0.0)
(48.053673, 40.191399, 0.0)
(48.077156, 40.212708, 0.0)
(48.126045, 40.222786, 0.0)
(48.139839, 40.224045, 0.0)
(48.142357, 40.226665, 0.0)
(48.166946, 40.231972, 0.0)
(48.186939, 40.235157, 0.0)
(48.189152, 40.242676, 0.0)
(48.220364, 40.220715, 0.0)
(48.361889, 40.187725, 0.0)
(49.553314, 39.832813, 0.0)
(49.659603, 39.768280, 0.0)
(49.614632, 39.814812, 0.0)
(49.598759, 39.867439, 0.0)
(49.603176, 39.848984, 0.0)
(49.598759, 39.867439, 0.0)
(49.605522, 39.854408, 0.0)
(50.027111, 39.653290, 0.0)
(50.066010, 39.574791, 0.0)
(50.043388, 39.570030, 0.0)
(50.044426, 39.563347, 0.0)
(50.035133, 39.558086, 0.0)
(50.036190, 39.551392, 0.0)
(50.029877, 39.551250, 0.0)
(50.024540, 39.570820, 0.0)
(50.015949, 39.529480, 0.0)
(49.981380, 39.496956, 0.0)
(49.917912, 39.457897, 0.0)
(48.566593, 38.611580, 0.0)
(48.508732, 38.610893, 0.0)
(48.509533, 38.597908, 0.0)
(48.466572, 38.583237, 0.0)
(48.408985, 38.598743, 0.0)
(48.367153, 38.624863, 0.0)
(48.273808, 38.624454, 0.0)
(47.975784, 38.845779, 0.0)
(47.425575, 39.468204, 0.0)
(47.284878, 39.494972, 0.0)
(47.097054, 39.446922, 0.0)
(46.968689, 39.412197, 0.0)
(45.640106, 39.295258, 0.0)
(45.295616, 39.252007, 0.0)
(45.135559, 39.235481, 0.0)
(45.021927, 39.242905, 0.0)
(44.920204, 39.250629, 0.0)
(44.760548, 39.260532, 0.0)
(44.624889, 39.260914, 0.0)
(42.593510, 39.078815, 0.0)
(42.059708, 39.097195, 0.0)
(41.949383, 39.075901, 0.0)
(41.887203, 39.079144, 0.0)
(41.799679, 39.111565, 0.0)
(39.918255, 39.405876, 0.0)
(36.630577, 39.578949, 0.0)
(36.043354, 39.561028, 0.0)
(36.025669, 39.479530, 0.0)
(35.981945, 39.434322, 0.0)
(35.975674, 39.393978, 0.0)
(35.953835, 39.365532, 0.0)
(35.944855, 39.365273, 0.0)
(35.937614, 39.371552, 0.0)
(35.943611, 39.334412, 0.0)
(35.953815, 39.346794, 0.0)
(35.950897, 39.353210, 0.0)
(35.939121, 39.353447, 0.0)
(35.940971, 39.359196, 0.0)
(35.938683, 39.355206, 0.0)
(35.940762, 39.329773, 0.0)
(35.908184, 39.343952, 0.0)
(35.873810, 39.367470, 0.0)
(35.841953, 39.411797, 0.0)
(35.168499, 39.547821, 0.0)
(34.488949, 39.617798, 0.0)
(34.453979, 39.634987, 0.0)
(34.461575, 39.633194, 0.0)
(34.460476, 39.645817, 0.0)
(34.465069, 39.615952, 0.0)
(34.466507, 39.588535, 0.0)
(34.479813, 39.547901, 0.0)
(34.505264, 39.526604, 0.0)
(34.533329, 39.510345, 0.0)
(34.588188, 39.445530, 0.0)
(34.679478, 39.421444, 0.0)
(34.798195, 39.331573, 0.0)
(36.392269, 38.542130, 0.0)
(36.574493, 38.539185, 0.0)
(36.687691, 38.513634, 0.0)
(36.841702, 38.459225, 0.0)
(37.008926, 38.418041, 0.0)
(39.629627, 38.315742, 0.0)
(39.863239, 38.408730, 0.0)
(39.890350, 38.422405, 0.0)
(39.932022, 38.435867, 0.0)
(39.971424, 38.442490, 0.0)
(40.000000, 38.453953, 0.0)
(40.029873, 38.420815, 0.0)
(40.059067, 38.436630, 0.0)
(40.109940, 38.429344, 0.0)
(40.190617, 38.470676, 0.0)
(40.530945, 38.487610, 0.0)
(44.054417, 38.639790, 0.0)
(45.167416, 38.869232, 0.0)
(45.312836, 38.892872, 0.0)
(45.326202, 38.879589, 0.0)
(45.362091, 38.835220, 0.0)
(45.390980, 38.798737, 0.0)
(45.443672, 38.781124, 0.0)
(45.700237, 38.869774, 0.0)
(48.232201, 39.360455, 0.0)
(49.561466, 39.515488, 0.0)
(49.607288, 39.488132, 0.0)
(49.580048, 39.510685, 0.0)
(49.572254, 39.473404, 0.0)
(49.571957, 39.419441, 0.0)
(49.560566, 39.386169, 0.0)
(49.567001, 39.358601, 0.0)
(49.571381, 39.337322, 0.0)
(49.571381, 39.337322, 0.0)
(49.571381, 39.337322, 0.0)
(49.580120, 39.344299, 0.0)
(50.000721, 39.510113, 0.0)
(50.076885, 39.527607, 0.0)
(50.089931, 39.524876, 0.0)
(50.094276, 39.505886, 0.0)
(50.111347, 39.488258, 0.0)
(50.104729, 39.485497, 0.0)
(50.076748, 39.478054, 0.0)
(50.074009, 39.483078, 0.0)
(50.060390, 39.448032, 0.0)
(50.082031, 39.445522, 0.0)
(50.088291, 39.427589, 0.0)
(50.097649, 39.412197, 0.0)
(50.095558, 39.429596, 0.0)
(50.094250, 39.395882, 0.0)
(50.102837, 39.345181, 0.0)
(50.008434, 38.960915, 0.0)
(49.981003, 38.610004, 0.0)
(49.958042, 38.577301, 0.0)
(49.922981, 38.551247, 0.0)
(49.883255, 38.512241, 0.0)
(49.742256, 38.401772, 0.0)
(48.852791, 37.884785, 0.0)
(48.765575, 37.896832, 0.0)
(48.773277, 37.852402, 0.0)
(48.727970, 37.871811, 0.0)
(48.690182, 37.877552, 0.0)
(48.642071, 37.887249, 0.0)
(48.553665, 37.868607, 0.0)
(48.499859, 37.853313, 0.0)
(47.652622, 38.173866, 0.0)
(47.206383, 38.256622, 0.0)
(47.013714, 38.236137, 0.0)
(46.867805, 38.143051, 0.0)
(46.049652, 38.165035, 0.0)
(45.306561, 38.015160, 0.0)
(45.072514, 38.057144, 0.0)
(44.810688, 37.967319, 0.0)
(44.607117, 37.994080, 0.0)
(44.076290, 37.965961, 0.0)
(42.156120, 37.820374, 0.0)
(41.928749, 37.869522, 0.0)
(41.856167, 37.862232, 0.0)
(41.758797, 37.903786, 0.0)
(41.696697, 37.891319, 0.0)
(41.613731, 37.871582, 0.0)
(40.981560, 37.984047, 0.0)
(37.667904, 38.147224, 0.0)
(37.085903, 38.259079, 0.0)
(36.935917, 38.250603, 0.0)
(36.957039, 38.203323, 0.0)
(36.933567, 38.188660, 0.0)
(36.936066, 38.179642, 0.0)
(36.895615, 38.154160, 0.0)
(36.902218, 38.141247, 0.0)
(36.864265, 38.167099, 0.0)
(36.864948, 38.160740, 0.0)
(36.854256, 38.164577, 0.0)
(36.801651, 38.190456, 0.0)
(36.375515, 38.322922, 0.0)
(34.684849, 38.715797, 0.0)
(34.600880, 38.745056, 0.0)
(34.642483, 38.721226, 0.0)
(34.672108, 38.712692, 0.0)
(34.614758, 38.722031, 0.0)
(34.613350, 38.727493, 0.0)
(34.597717, 38.739944, 0.0)
(34.561710, 38.742504, 0.0)
(34.554218, 38.731903, 0.0)
(34.554447, 38.713165, 0.0)
(34.552750, 38.693871, 0.0)
(34.545731, 38.671452, 0.0)
(34.542339, 38.626144, 0.0)
(34.539787, 38.592007, 0.0)
(34.595009, 38.593540, 0.0)
(34.667019, 38.536545, 0.0)
(34.762363, 38.478336, 0.0)
(34.917919, 38.437893, 0.0)
(35.821930, 37.966652, 0.0)
(36.261959, 37.721439, 0.0)
(36.448990, 37.670883, 0.0)
(36.577667, 37.638157, 0.0)
(36.703068, 37.627663, 0.0)
(36.862629, 37.620899, 0.0)
(37.035572, 37.575531, 0.0)
(37.218235, 37.540085, 0.0)
(38.370472, 37.385395, 0.0)
(38.654037, 37.344875, 0.0)
(38.859600, 37.336342, 0.0)
(39.054859, 37.324516, 0.0)
(39.275608, 37.301991, 0.0)
(39.598919, 37.305294, 0.0)
(41.217278, 37.221336, 0.0)
(41.499458, 37.248287, 0.0)
(41.620987, 37.259014, 0.0)
(41.777271, 37.253807, 0.0)
(41.937107, 37.227238, 0.0)
(42.128998, 37.271896, 0.0)
(42.279724, 37.241024, 0.0)
(42.626785, 37.254333, 0.0)
(45.081375, 37.308475, 0.0)
(45.292244, 37.415386, 0.0)
(45.375473, 37.466221, 0.0)
(45.452557, 37.440792, 0.0)
(45.516281, 37.449699, 0.0)
(45.573425, 37.434093, 0.0)
(45.676636, 37.429996, 0.0)
(45.714424, 37.449760, 0.0)
(45.799282, 37.442196, 0.0)
(45.876736, 37.443962, 0.0)
(45.949905, 37.450962, 0.0)
(46.024849, 37.505970, 0.0)
(47.049385, 37.670681, 0.0)
(48.009735, 37.705177, 0.0)
(48.110550, 37.771240, 0.0)
(48.194363, 37.769039, 0.0)
(48.233021, 37.792179, 0.0)
(48.256702, 37.784443, 0.0)
(48.301582, 37.774776, 0.0)
(49.412670, 37.979286, 0.0)
(49.775906, 38.001019, 0.0)
(49.760319, 38.063290, 0.0)
(49.778618, 38.091469, 0.0)
(49.756912, 38.065281, 0.0)
(49.810703, 38.037888, 0.0)
(49.807816, 38.033085, 0.0)
(49.824574, 38.045708, 0.0)
(49.831276, 38.033306, 0.0)
(49.842670, 38.052063, 0.0)
(49.877762, 38.068096, 0.0)
(50.170650, 37.932034, 0.0)
(50.162857, 37.917282, 0.0)
(50.141083, 37.913563, 0.0)
(50.131226, 37.895542, 0.0)
(49.680344, 37.687225, 0.0)
(49.186016, 37.449516, 0.0)
(49.086292, 37.412594, 0.0)
(49.018227, 37.346180, 0.0)
(48.961674, 37.360119, 0.0)
(48.807270, 37.319149, 0.0)
(47.963776, 37.384308, 0.0)
(47.771435, 37.418278, 0.0)
(47.669228, 37.408146, 0.0)
(47.535954, 37.384480, 0.0)
(47.449631, 37.337482, 0.0)
(47.196907, 37.318695, 0.0)
(46.030159, 37.117390, 0.0)
(45.840057, 37.126278, 0.0)
(45.744663, 37.118515, 0.0)
(45.594513, 37.140640, 0.0)
(45.486229, 37.124561, 0.0)
(44.449341, 36.974949, 0.0)
(44.059982, 36.919533, 0.0)
(43.959408, 36.920437, 0.0)
(43.853237, 36.926567, 0.0)
(43.757511, 36.898201, 0.0)
(43.664711, 36.908016, 0.0)
(43.528931, 36.885826, 0.0)
(42.085110, 36.830353, 0.0)
(41.807018, 36.794720, 0.0)
(41.705341, 36.859344, 0.0)
(41.576889, 36.885208, 0.0)
(41.489990, 36.853981, 0.0)
(41.321377, 36.871891, 0.0)
(39.756039, 36.855808, 0.0)
(39.554905, 36.898132, 0.0)
(39.453167, 36.876713, 0.0)
(39.377930, 36.870506, 0.0)
(38.437824, 37.018105, 0.0)
(36.152187, 37.329884, 0.0)
(36.018250, 37.344334, 0.0)
(35.989983, 37.322735, 0.0)
(35.958786, 37.309315, 0.0)
(35.933189, 37.297112, 0.0)
(35.893250, 37.304420, 0.0)
(35.882908, 37.310406, 0.0)
(35.863213, 37.297714, 0.0)
(35.769032, 37.292961, 0.0)
(34.215004, 37.669445, 0.0)
(33.908588, 37.734848, 0.0)
(33.910778, 37.732689, 0.0)
(33.906216, 37.724930, 0.0)
(33.929745, 37.716316, 0.0)
(33.941818, 37.684311, 0.0)
(33.943329, 37.665222, 0.0)
(33.971928, 37.607662, 0.0)
(34.004986, 37.589199, 0.0)
(34.046761, 37.553028, 0.0)
(34.118965, 37.513107, 0.0)
(34.172585, 37.469559, 0.0)
(34.288670, 37.431255, 0.0)
(35.260021, 37.010540, 0.0)
(35.570602, 36.965679, 0.0)
(35.730335, 36.928177, 0.0)
(35.941231, 36.869053, 0.0)
(36.122467, 36.841591, 0.0)
(36.328224, 36.768177, 0.0)
(36.506477, 36.746300, 0.0)
(36.639690, 36.789238, 0.0)
(37.254791, 36.734604, 0.0)
(38.040462, 36.605686, 0.0)
(38.243587, 36.621117, 0.0)
(38.434875, 36.591961, 0.0)
(38.568981, 36.616550, 0.0)
(38.746120, 36.601791, 0.0)
(40.186337, 36.394142, 0.0)
(40.493031, 36.394093, 0.0)
(40.627666, 36.416786, 0.0)
(40.778248, 36.398506, 0.0)
(40.906204, 36.441303, 0.0)
(41.064064, 36.429813, 0.0)
(43.201256, 36.392586, 0.0)
(44.142483, 36.395004, 0.0)
(44.305168, 36.409821, 0.0)
(44.380306, 36.431477, 0.0)
(44.499969, 36.433235, 0.0)
(44.621071, 36.449623, 0.0)
(44.681736, 36.484493, 0.0)
(44.783878, 36.534229, 0.0)
(44.840752, 36.545689, 0.0)
(44.926201, 36.551117, 0.0)
(45.186592, 36.609913, 0.0)
(47.333214, 37.070560, 0.0)
(47.514938, 37.145344, 0.0)
(47.528530, 37.137257, 0.0)
(47.562405, 37.151695, 0.0)
(47.587162, 37.134254, 0.0)
(47.618015, 37.164936, 0.0)
(47.633629, 37.161694, 0.0)
(48.324520, 37.316383, 0.0)
(49.774647, 37.400631, 0.0)
(49.847610, 37.471329, 0.0)
(49.807373, 37.439762, 0.0)
(49.829777, 37.409798, 0.0)
(49.836075, 37.389351, 0.0)
(49.826218, 37.397575, 0.0)
(49.804867, 37.414993, 0.0)
(49.801994, 37.441254, 0.0)
(49.820271, 37.435566, 0.0)
(49.839500, 37.439362, 0.0)
(49.866138, 37.457893, 0.0)
(49.877018, 37.472809, 0.0)
(49.889305, 37.474510, 0.0)
(49.885235, 37.495972, 0.0)
(49.882236, 37.506744, 0.0)
(49.803177, 37.459118, 0.0)
(49.310352, 37.083115, 0.0)
(48.789951, 36.761951, 0.0)
(48.715122, 36.725014, 0.0)
(48.655907, 36.707966, 0.0)
(48.638123, 36.733925, 0.0)
(48.575150, 36.746685, 0.0)
(48.497875, 36.765240, 0.0)
(48.395287, 36.743317, 0.0)
(48.268509, 36.702484, 0.0)
(47.938427, 36.640240, 0.0)
(47.180309, 36.448635, 0.0)
(47.033463, 36.430771, 0.0)
(46.950867, 36.403206, 0.0)
(46.817333, 36.425987, 0.0)
(46.722767, 36.327663, 0.0)
(45.948914, 36.527874, 0.0)
(44.942993, 37.429474, 0.0)
(44.301884, 36.196980, 0.0)
(43.942795, 35.524544, 0.0)
(43.809608, 35.558632, 0.0)
(43.724926, 35.613537, 0.0)
(43.606541, 35.641338, 0.0)
(43.443928, 35.637085, 0.0)
(43.338795, 35.624828, 0.0)
(42.857960, 35.698841, 0.0)
(41.721802, 35.695412, 0.0)
(41.550083, 35.808361, 0.0)
(41.377338, 35.826725, 0.0)
(41.220715, 35.858189, 0.0)
(39.491756, 35.877918, 0.0)
(38.500381, 36.004646, 0.0)
(38.319191, 36.059792, 0.0)
(38.269154, 36.064476, 0.0)
(38.158184, 36.074448, 0.0)
(38.084476, 36.109592, 0.0)
(37.958527, 36.144375, 0.0)
(37.905472, 36.139515, 0.0)
(37.776772, 36.197639, 0.0)
(37.648888, 36.254993, 0.0)
(35.504322, 36.662025, 0.0)
(34.980476, 36.782673, 0.0)
(34.912827, 36.785889, 0.0)
(34.875828, 36.808445, 0.0)
(34.845085, 36.810104, 0.0)
(34.010750, 36.783329, 0.0)
(33.753254, 36.793583, 0.0)
(33.750984, 36.817368, 0.0)
(33.772327, 36.800957, 0.0)
(33.772106, 36.808155, 0.0)
(33.773392, 36.802521, 0.0)
(33.780273, 36.788498, 0.0)
(33.833866, 36.740955, 0.0)
(33.869091, 36.694370, 0.0)
(33.916313, 36.667240, 0.0)
(34.008774, 36.596478, 0.0)
(34.101131, 36.544102, 0.0)
(34.188469, 36.483620, 0.0)
(35.375530, 36.106464, 0.0)
(36.034904, 35.918568, 0.0)
(36.205227, 35.881733, 0.0)
(36.306934, 35.844246, 0.0)
(36.494629, 35.781296, 0.0)
(36.664085, 35.736084, 0.0)
(36.803467, 35.672756, 0.0)
(36.893612, 35.663273, 0.0)
(37.031063, 35.663155, 0.0)
(37.206898, 35.659088, 0.0)
(37.771759, 35.613079, 0.0)
(39.108990, 35.647434, 0.0)
(39.302933, 35.630444, 0.0)
(39.402252, 35.608097, 0.0)
(39.536594, 35.599186, 0.0)
(39.648174, 35.586720, 0.0)
(40.204285, 35.490910, 0.0)
(42.156708, 35.260151, 0.0)
(42.323387, 35.304447, 0.0)
(42.389420, 35.306255, 0.0)
(42.481865, 35.284847, 0.0)
(42.619900, 35.272663, 0.0)
(42.715603, 35.283932, 0.0)
(42.803692, 35.266396, 0.0)
(42.902195, 35.248878, 0.0)
(43.858147, 35.339710, 0.0)
(45.635265, 35.443008, 0.0)
(45.774082, 35.510891, 0.0)
(45.816814, 35.545547, 0.0)
(45.977669, 35.573437, 0.0)
(46.039703, 35.581650, 0.0)
(46.111542, 35.583534, 0.0)
(46.156864, 35.573513, 0.0)
(47.855358, 35.942902, 0.0)
(48.967567, 36.120167, 0.0)
(49.052185, 36.228386, 0.0)
(49.051960, 36.252625, 0.0)
(49.049152, 36.232624, 0.0)
(49.052044, 36.229053, 0.0)
(49.059425, 36.227161, 0.0)
(49.067669, 36.216797, 0.0)
(49.409004, 36.312885, 0.0)
(50.143135, 36.567577, 0.0)
(50.150433, 36.575260, 0.0)
(50.113266, 36.584423, 0.0)
(50.097118, 36.579811, 0.0)
(50.041737, 36.546486, 0.0)
(50.063839, 36.540741, 0.0)
(50.072376, 36.540916, 0.0)
(50.065254, 36.534279, 0.0)
(50.041286, 36.490757, 0.0)
(50.033905, 36.485069, 0.0)
(49.982376, 36.448929, 0.0)
(49.914795, 36.367458, 0.0)
(49.157158, 35.655361, 0.0)
(49.069145, 35.605690, 0.0)
(49.030579, 35.588387, 0.0)
(48.993313, 35.543388, 0.0)
(48.944080, 35.547615, 0.0)
(48.844814, 35.506573, 0.0)
(48.771385, 35.460949, 0.0)
(47.920052, 35.459579, 0.0)
(47.591034, 35.478046, 0.0)
(47.492035, 35.490452, 0.0)
(47.390041, 35.535244, 0.0)
(47.302742, 35.488750, 0.0)
(47.200954, 35.481552, 0.0)
(46.864651, 35.391010, 0.0)
(45.621475, 35.015762, 0.0)
(45.492710, 35.030251, 0.0)
(45.411102, 34.984661, 0.0)
(45.314053, 34.982502, 0.0)
(45.091450, 34.958900, 0.0)
(43.048340, 34.726959, 0.0)
(42.869877, 34.769230, 0.0)
(42.777256, 34.761559, 0.0)
(42.692196, 34.750015, 0.0)
(42.592781, 34.753124, 0.0)
(42.486111, 34.773224, 0.0)
(41.970810, 34.813755, 0.0)
(40.475983, 34.773785, 0.0)
(40.298920, 34.777641, 0.0)
(40.207191, 34.767990, 0.0)
(40.081623, 34.813755, 0.0)
(39.373451, 34.927341, 0.0)
(37.572872, 35.120495, 0.0)
(37.427353, 35.193192, 0.0)
(37.369183, 35.203869, 0.0)
(37.314106, 35.171860, 0.0)
(37.260544, 35.184273, 0.0)
(37.192162, 35.169983, 0.0)
(37.148552, 35.181499, 0.0)
(37.090450, 35.221855, 0.0)
(37.031742, 35.239792, 0.0)
(35.583206, 35.676922, 0.0)
(34.318680, 36.014297, 0.0)
(34.217793, 36.044014, 0.0)
(34.199345, 36.050312, 0.0)
(34.199413, 36.012638, 0.0)
(34.210606, 36.004047, 0.0)
(34.200592, 35.993347, 0.0)
(34.138393, 36.019672, 0.0)
(33.943321, 35.936321, 0.0)
(33.790127, 35.781185, 0.0)
(33.773159, 35.786747, 0.0)
(33.777813, 35.788422, 0.0)
(33.792519, 35.785812, 0.0)
(33.806648, 35.741364, 0.0)
(33.798916, 35.675728, 0.0)
(33.798382, 35.624001, 0.0)
(34.096035, 35.453430, 0.0)
(35.448845, 34.898075, 0.0)
(35.560982, 34.887306, 0.0)
(35.646534, 34.836285, 0.0)
(35.816544, 34.760143, 0.0)
(35.989208, 34.703964, 0.0)
(36.185360, 34.677719, 0.0)
(36.356525, 34.645016, 0.0)
(36.595844, 34.598759, 0.0)
(36.798199, 34.521530, 0.0)
(36.938087, 34.509529, 0.0)
(38.354317, 34.305347, 0.0)
(38.881332, 34.320713, 0.0)
(39.089302, 34.285713, 0.0)
(39.249249, 34.302357, 0.0)
(39.419788, 34.298615, 0.0)
(39.568451, 34.293560, 0.0)
(39.714542, 34.326904, 0.0)
(39.829941, 34.325634, 0.0)
(39.963249, 34.345798, 0.0)
(40.127865, 34.339867, 0.0)
(41.792679, 34.260101, 0.0)
(42.027637, 34.301785, 0.0)
(42.117676, 34.309525, 0.0)
(42.285488, 34.309563, 0.0)
(42.441574, 34.341908, 0.0)
(42.550972, 34.343529, 0.0)
(43.399151, 34.361027, 0.0)
(45.069290, 34.358643, 0.0)
(45.174747, 34.360798, 0.0)
(45.269707, 34.359409, 0.0)
(45.351170, 34.407410, 0.0)
(45.409435, 34.407745, 0.0)
(45.471527, 34.434284, 0.0)
(45.549374, 34.380482, 0.0)
(45.983303, 34.429058, 0.0)
(47.812057, 34.724991, 0.0)
(47.987728, 34.803719, 0.0)
(48.054104, 34.781635, 0.0)
(48.077526, 34.819847, 0.0)
(48.087807, 34.817841, 0.0)
(48.117336, 34.833839, 0.0)
(48.150204, 34.869171, 0.0)
(49.045254, 35.251015, 0.0)
(49.956799, 35.659920, 0.0)
(50.001011, 35.699112, 0.0)
(49.944653, 35.638393, 0.0)
(49.943844, 35.627068, 0.0)
(49.938183, 35.575371, 0.0)
(49.897236, 35.567394, 0.0)
(49.845760, 35.555557, 0.0)
(49.842384, 35.549465, 0.0)
(49.829556, 35.509270, 0.0)
(49.821888, 35.487354, 0.0)
(49.808132, 35.469940, 0.0)
(49.782604, 35.467648, 0.0)
(48.967770, 34.812618, 0.0)
(48.873970, 34.744751, 0.0)
(48.876297, 34.719109, 0.0)
(48.822269, 34.692394, 0.0)
(48.780369, 34.673325, 0.0)
(48.721317, 34.654617, 0.0)
(48.661411, 34.609791, 0.0)
(48.581287, 34.602886, 0.0)
(48.147659, 34.518959, 0.0)
(47.282722, 34.403191, 0.0)
(47.197540, 34.424477, 0.0)
(47.045223, 34.354298, 0.0)
(46.955853, 34.372799, 0.0)
(46.817371, 34.398308, 0.0)
(46.720417, 34.370541, 0.0)
(45.403774, 34.061222, 0.0)
(45.219841, 34.064037, 0.0)
(45.111073, 34.043720, 0.0)
(44.993748, 33.989395, 0.0)
(44.144394, 33.830666, 0.0)
(42.953297, 33.649029, 0.0)
(42.803329, 33.668995, 0.0)
(42.734398, 33.681850, 0.0)
(42.636295, 33.662655, 0.0)
(42.560509, 33.692776, 0.0)
(42.016075, 33.685463, 0.0)
(40.138420, 33.670387, 0.0)
(39.969593, 33.734459, 0.0)
(39.933239, 33.716251, 0.0)
(39.819756, 33.694492, 0.0)
(39.759052, 33.720989, 0.0)
(39.684273, 33.741749, 0.0)
(39.579689, 33.748409, 0.0)
(37.752407, 34.158974, 0.0)
(35.716698, 34.654495, 0.0)
(34.899139, 34.926903, 0.0)
(34.741219, 34.958420, 0.0)
(34.736816, 34.958412, 0.0)
(34.722733, 34.913723, 0.0)
(34.713020, 34.915565, 0.0)
(34.705288, 34.942211, 0.0)
(34.688908, 34.967472, 0.0)
(34.653202, 34.973518, 0.0)
(34.633404, 34.987621, 0.0)
(33.990261, 35.243610, 0.0)
(33.572433, 35.343155, 0.0)
(33.548695, 35.361919, 0.0)
(33.591312, 35.341923, 0.0)
(33.601814, 35.285580, 0.0)
(33.576675, 35.302261, 0.0)
(33.580692, 35.323078, 0.0)
(33.597294, 35.343960, 0.0)
(33.600967, 35.335518, 0.0)
(34.139919, 35.052650, 0.0)
(34.306755, 34.902843, 0.0)
(34.315315, 34.900555, 0.0)
(34.350769, 34.845913, 0.0)
(34.426987, 34.798672, 0.0)
(34.526051, 34.729042, 0.0)
(34.603802, 34.701939, 0.0)
(35.072037, 34.512787, 0.0)
(36.020401, 34.225441, 0.0)
(36.207718, 34.182163, 0.0)
(36.372669, 34.137444, 0.0)
(36.531643, 34.050495, 0.0)
(36.783836, 33.994789, 0.0)
(36.958763, 33.924011, 0.0)
(37.096588, 33.892284, 0.0)
(37.246201, 33.889507, 0.0)
(37.434540, 33.875576, 0.0)
(37.560459, 33.853687, 0.0)
(38.919712, 33.529610, 0.0)
(39.266365, 33.497715, 0.0)
(39.473713, 33.494923, 0.0)
(39.553928, 33.492832, 0.0)
(39.667835, 33.462894, 0.0)
(40.461479, 33.295681, 0.0)
(41.397118, 33.200920, 0.0)
(41.519428, 33.210182, 0.0)
(41.692688, 33.185650, 0.0)
(41.751770, 33.172691, 0.0)
(42.189598, 33.173012, 0.0)
(43.850433, 33.114902, 0.0)
(44.044167, 33.136925, 0.0)
(44.175674, 33.157177, 0.0)
(44.239552, 33.133419, 0.0)
(44.277313, 33.148216, 0.0)
(44.344269, 33.194023, 0.0)
(44.390430, 33.206753, 0.0)
(44.471813, 33.199574, 0.0)
(44.510475, 33.238461, 0.0)
(45.106926, 33.362270, 0.0)
(46.091164, 33.495174, 0.0)
(46.225735, 33.529839, 0.0)
(46.269348, 33.569523, 0.0)
(46.344166, 33.583591, 0.0)
(46.391788, 33.597469, 0.0)
(47.445835, 33.852135, 0.0)
(47.854019, 33.976749, 0.0)
(47.895836, 33.988781, 0.0)
(47.921917, 33.990921, 0.0)
(47.993206, 33.971241, 0.0)
(49.410351, 34.582588, 0.0)
(49.614838, 34.656338, 0.0)
(49.575344, 34.649532, 0.0)
(49.522552, 34.621422, 0.0)
(49.477409, 34.590042, 0.0)
(49.462215, 34.594872, 0.0)
(49.634949, 34.696449, 0.0)
(50.004848, 34.757980, 0.0)
(49.998619, 34.772984, 0.0)
(49.978996, 34.838501, 0.0)
(49.970325, 34.871372, 0.0)
(49.943600, 34.867443, 0.0)
(49.909115, 34.868282, 0.0)
(49.338875, 34.447399, 0.0)
(49.241127, 34.390381, 0.0)
(49.216511, 34.337151, 0.0)
(49.111191, 34.305553, 0.0)
(48.548866, 34.261776, 0.0)
(48.223507, 34.195805, 0.0)
(48.136894, 34.129765, 0.0)
(48.023430, 34.047062, 0.0)
(47.912682, 34.015987, 0.0)
(47.211544, 33.819149, 0.0)
(46.137211, 33.495155, 0.0)
(45.994793, 33.473186, 0.0)
(45.867401, 33.431007, 0.0)
(45.743702, 33.378124, 0.0)
(45.489677, 33.335846, 0.0)
(43.604023, 32.947292, 0.0)
(43.465656, 32.968063, 0.0)
(43.361382, 32.947319, 0.0)
(43.275890, 32.930851, 0.0)
(43.176613, 32.886246, 0.0)
(42.800220, 32.870972, 0.0)
(40.714886, 32.822399, 0.0)
(40.193111, 32.858635, 0.0)
(40.070370, 32.834335, 0.0)
(40.027481, 32.843197, 0.0)
(39.992348, 32.824791, 0.0)
(39.938705, 32.838615, 0.0)
(39.892101, 32.804546, 0.0)
(39.859097, 32.827930, 0.0)
(39.787151, 32.846699, 0.0)
(39.754330, 32.865253, 0.0)
(39.340290, 32.940784, 0.0)
(36.422123, 33.640575, 0.0)
(35.622002, 33.896038, 0.0)
(35.523491, 33.924812, 0.0)
(35.493080, 33.917484, 0.0)
(35.466381, 33.904797, 0.0)
(35.458958, 33.918606, 0.0)
(35.450233, 33.913498, 0.0)
(35.420212, 33.939861, 0.0)
(35.408554, 33.946053, 0.0)
(34.842178, 34.128670, 0.0)
(33.799297, 34.368385, 0.0)
(33.651779, 34.507225, 0.0)
(33.596153, 34.540825, 0.0)
(33.534954, 34.555378, 0.0)
(33.553356, 34.580387, 0.0)
(33.559612, 34.578861, 0.0)
(33.569942, 34.576263, 0.0)
(33.576519, 34.568466, 0.0)
(33.567524, 34.560085, 0.0)
(33.561584, 34.548466, 0.0)
(33.587242, 34.525200, 0.0)
(33.608143, 34.520447, 0.0)
(33.620686, 34.522659, 0.0)
(33.681252, 34.506702, 0.0)
(34.318840, 34.065155, 0.0)
(34.443878, 33.975960, 0.0)
(34.591072, 33.872105, 0.0)
(34.749207, 33.799305, 0.0)
(35.114067, 33.669449, 0.0)
(36.661903, 33.129860, 0.0)
(36.877789, 33.097961, 0.0)
(37.033009, 33.073986, 0.0)
(37.251331, 33.058731, 0.0)
(37.433975, 32.992954, 0.0)
(37.563110, 32.978680, 0.0)
(37.676170, 32.961727, 0.0)
(37.806187, 32.961227, 0.0)
(38.333458, 32.826374, 0.0)
(40.698715, 32.512554, 0.0)
(40.930359, 32.483601, 0.0)
(41.123444, 32.495094, 0.0)
(41.218479, 32.502716, 0.0)
(41.345764, 32.517857, 0.0)
(41.457184, 32.549145, 0.0)
(41.595612, 32.580757, 0.0)
(41.731213, 32.578205, 0.0)
(41.848106, 32.605984, 0.0)
(42.017902, 32.567680, 0.0)
(42.063145, 32.556561, 0.0)
(42.156830, 32.592674, 0.0)
(42.730293, 32.627846, 0.0)
(44.847786, 32.680187, 0.0)
(45.080353, 32.754433, 0.0)
(45.171833, 32.782749, 0.0)
(45.305317, 32.796940, 0.0)
(45.370670, 32.787964, 0.0)
(46.263481, 33.014507, 0.0)
(48.517452, 33.662243, 0.0)
(49.036243, 33.891373, 0.0)
(49.034199, 33.944981, 0.0)
(49.005280, 33.939503, 0.0)
(49.001778, 33.932545, 0.0)
(48.993999, 33.938168, 0.0)
(48.981312, 33.904915, 0.0)
(48.971100, 33.912918, 0.0)
(48.964184, 33.882385, 0.0)
(48.968216, 33.891918, 0.0)
(48.966007, 33.902046, 0.0)
(48.958618, 33.906715, 0.0)
(48.958908, 33.916645, 0.0)
(48.977528, 33.933907, 0.0)
(49.001488, 33.948132, 0.0)
(49.368149, 34.131638, 0.0)
(49.473885, 34.162239, 0.0)
(49.480606, 34.160252, 0.0)
(49.477066, 34.170025, 0.0)
(49.458965, 34.162754, 0.0)
(49.426891, 34.155613, 0.0)
(49.353542, 34.071480, 0.0)
(48.434818, 33.439724, 0.0)
(48.348652, 33.399361, 0.0)
(48.344242, 33.395958, 0.0)
(48.301277, 33.358974, 0.0)
(48.260929, 33.307049, 0.0)
(48.226658, 33.304893, 0.0)
(48.127556, 33.297112, 0.0)
(48.059322, 33.261707, 0.0)
(47.965427, 33.248520, 0.0)
(47.647484, 33.158527, 0.0)
(47.100075, 33.061672, 0.0)
(46.972454, 33.053795, 0.0)
(46.858082, 33.018700, 0.0)
(46.762394, 32.982098, 0.0)
(46.343639, 32.860714, 0.0)
(45.338406, 32.607681, 0.0)
(45.100288, 32.564217, 0.0)
(44.961517, 32.541866, 0.0)
(44.846943, 32.513405, 0.0)
(44.705162, 32.486385, 0.0)
(42.675026, 32.121407, 0.0)
(42.225395, 32.099735, 0.0)
(42.091824, 32.098213, 0.0)
(42.011600, 32.092045, 0.0)
(41.924004, 32.096840, 0.0)
(41.781219, 32.111656, 0.0)
(41.647301, 32.147350, 0.0)
(39.695686, 32.228813, 0.0)
(38.871918, 32.336483, 0.0)
(38.748886, 32.372639, 0.0)
(38.728718, 32.382252, 0.0)
(38.625874, 32.405922, 0.0)
(38.524406, 32.426052, 0.0)
(38.475552, 32.443661, 0.0)
(38.407509, 32.482067, 0.0)
(38.340279, 32.512444, 0.0)
(37.300007, 32.807480, 0.0)
(34.777100, 33.358906, 0.0)
(34.409641, 33.478592, 0.0)
(34.360420, 33.464405, 0.0)
(34.347519, 33.491379, 0.0)
(34.296646, 33.524406, 0.0)
(34.288784, 33.542812, 0.0)
(34.278580, 33.525986, 0.0)
(34.245396, 33.511181, 0.0)
(34.209377, 33.524361, 0.0)
(34.187805, 33.556976, 0.0)
(34.138367, 33.608093, 0.0)
(33.581421, 33.854931, 0.0)
(33.550716, 33.889568, 0.0)
(33.577732, 33.909256, 0.0)
(33.586922, 33.901016, 0.0)
(33.566029, 33.873436, 0.0)
(33.571507, 33.877872, 0.0)
(33.576843, 33.873131, 0.0)
(33.577183, 33.926403, 0.0)
(33.598885, 33.901405, 0.0)
(33.630539, 33.856205, 0.0)
(33.665020, 33.850449, 0.0)
(33.736828, 33.799301, 0.0)
(34.877972, 33.247227, 0.0)
(35.092304, 33.184570, 0.0)
(35.229298, 33.098839, 0.0)
(35.362183, 33.021870, 0.0)
(35.500759, 32.997120, 0.0)
(36.047897, 32.799473, 0.0)
(37.332748, 32.491226, 0.0)
(37.635250, 32.383972, 0.0)
(37.784111, 32.332741, 0.0)
(37.937859, 32.337421, 0.0)
(38.058960, 32.284615, 0.0)
(38.257408, 32.228626, 0.0)
(38.375057, 32.215034, 0.0)
(38.500587, 32.186626, 0.0)
(38.643345, 32.160641, 0.0)
(38.924835, 32.120407, 0.0)
(40.442341, 31.930796, 0.0)
(40.608463, 31.901953, 0.0)
(40.695854, 31.870401, 0.0)
(40.863068, 31.882093, 0.0)
(40.969997, 31.854565, 0.0)
(41.128212, 31.806381, 0.0)
(41.847279, 31.735708, 0.0)
(42.635494, 31.716188, 0.0)
(42.822361, 31.709841, 0.0)
(42.886574, 31.705355, 0.0)
(43.033791, 31.715868, 0.0)
(43.155182, 31.719763, 0.0)
(43.273689, 31.722313, 0.0)
(44.512646, 31.830769, 0.0)
(45.107639, 31.904411, 0.0)
(45.201523, 31.932913, 0.0)
(45.337818, 31.964695, 0.0)
(45.418648, 31.994150, 0.0)
(45.551159, 32.050507, 0.0)
(46.605110, 32.284515, 0.0)
(46.947750, 32.370567, 0.0)
(47.026371, 32.393738, 0.0)
(47.083961, 32.428448, 0.0)
(47.142460, 32.392891, 0.0)
(47.200550, 32.396870, 0.0)
(47.252640, 32.447792, 0.0)
(47.640640, 32.638332, 0.0)
(48.531033, 33.036041, 0.0)
(48.576290, 33.072487, 0.0)
(48.603680, 33.067970, 0.0)
(48.605549, 33.072605, 0.0)
(48.622570, 33.085388, 0.0)
(49.069447, 33.271793, 0.0)
(49.346024, 33.412762, 0.0)
(49.323517, 33.449841, 0.0)
(49.294796, 33.460945, 0.0)
(49.274712, 33.463409, 0.0)
(49.270252, 33.473423, 0.0)
(49.210003, 33.415527, 0.0)
(49.190407, 33.376198, 0.0)
(48.444229, 32.946060, 0.0)
(48.107311, 32.719715, 0.0)
(48.053951, 32.710133, 0.0)
(47.986893, 32.701122, 0.0)
(47.869797, 32.670891, 0.0)
(47.775341, 32.634247, 0.0)
(47.698620, 32.631542, 0.0)
(47.590172, 32.604492, 0.0)
(46.424530, 32.226891, 0.0)
(46.193253, 32.169777, 0.0)
(46.062706, 32.146126, 0.0)
(45.885334, 32.150166, 0.0)
(45.644527, 32.143303, 0.0)
(45.501610, 32.094971, 0.0)
(45.366528, 32.028984, 0.0)
(45.208794, 31.988501, 0.0)
(44.185558, 31.732187, 0.0)
(43.519661, 31.636230, 0.0)
(43.371960, 31.610327, 0.0)
(43.212486, 31.582848, 0.0)
(43.085167, 31.565392, 0.0)
(42.890095, 31.564791, 0.0)
(41.421604, 31.431608, 0.0)
(40.985733, 31.469545, 0.0)
(40.863148, 31.478878, 0.0)
(40.655769, 31.501862, 0.0)
(40.581596, 31.481453, 0.0)
(40.468700, 31.518826, 0.0)
(40.403957, 31.515619, 0.0)
(40.267391, 31.525419, 0.0)
(38.841080, 31.725183, 0.0)
(38.578075, 31.813089, 0.0)
(38.482269, 31.835489, 0.0)
(38.362507, 31.811863, 0.0)
(38.298672, 31.834240, 0.0)
(38.113609, 31.844912, 0.0)
(36.659836, 32.286716, 0.0)
(34.698994, 32.839031, 0.0)
(34.504906, 32.972004, 0.0)
(34.499683, 32.992672, 0.0)
(34.478790, 32.965984, 0.0)
(34.469528, 32.956741, 0.0)
(34.455791, 32.922783, 0.0)
(34.391369, 32.952473, 0.0)
(34.147091, 33.091465, 0.0)
(33.626419, 33.203865, 0.0)
(33.577518, 33.226768, 0.0)
(33.590931, 33.224010, 0.0)
(33.601017, 33.238621, 0.0)
(33.588230, 33.244812, 0.0)
(33.583797, 33.242435, 0.0)
(33.590168, 33.234257, 0.0)
(33.593956, 33.225731, 0.0)
(33.574871, 33.217224, 0.0)
(33.622253, 33.193848, 0.0)
(33.637497, 33.162838, 0.0)
(33.689949, 33.142563, 0.0)
(34.861988, 32.507561, 0.0)
(35.021374, 32.445232, 0.0)
(35.114666, 32.384972, 0.0)
(35.249897, 32.353146, 0.0)
(35.414516, 32.265617, 0.0)
(35.557095, 32.225517, 0.0)
(35.730614, 32.159531, 0.0)
(36.217506, 32.030586, 0.0)
(37.680729, 31.673048, 0.0)
(37.907078, 31.615732, 0.0)
(37.991764, 31.590496, 0.0)
(38.156288, 31.552790, 0.0)
(38.266972, 31.523697, 0.0)
(38.476330, 31.468355, 0.0)
(38.650791, 31.421499, 0.0)
(38.967243, 31.370159, 0.0)
(40.331608, 31.162348, 0.0)
(40.545788, 31.184793, 0.0)
(40.663479, 31.177166, 0.0)
(40.821533, 31.174206, 0.0)
(40.971561, 31.173185, 0.0)
(41.156387, 31.154957, 0.0)
(41.253235, 31.159008, 0.0)
(42.348816, 31.063343, 0.0)
(43.409866, 31.058617, 0.0)
(43.571556, 31.121380, 0.0)
(43.678581, 31.164463, 0.0)
(43.780857, 31.160463, 0.0)
(43.906265, 31.170895, 0.0)
(43.986320, 31.172531, 0.0)
(44.110958, 31.172377, 0.0)
(44.376949, 31.168480, 0.0)
(45.368958, 30.974287, 0.0)
(45.611156, 31.004463, 0.0)
(45.693859, 30.924652, 0.0)
(46.074558, 31.304823, 0.0)
(46.328041, 31.561749, 0.0)
(46.433041, 31.634071, 0.0)
(46.530731, 31.688648, 0.0)
(46.678658, 31.757446, 0.0)
(47.709156, 32.215210, 0.0)
(48.252350, 32.516872, 0.0)
(48.312046, 32.533009, 0.0)
(48.325771, 32.603149, 0.0)
(48.337204, 32.567059, 0.0)
(48.360065, 32.565437, 0.0)
(49.296585, 32.972725, 0.0)
(49.339550, 33.000496, 0.0)
(49.272999, 32.941807, 0.0)
(49.257721, 32.933609, 0.0)
(49.223801, 32.899948, 0.0)
(49.200226, 32.875706, 0.0)
(49.162319, 32.857101, 0.0)
(49.126076, 32.875397, 0.0)
(49.065250, 32.829937, 0.0)
(48.787861, 32.602070, 0.0)
(48.489185, 32.334396, 0.0)
(48.392685, 32.254730, 0.0)
(48.334690, 32.242622, 0.0)
(48.221966, 32.184124, 0.0)
(47.399364, 31.834515, 0.0)
(47.069321, 31.791681, 0.0)
(46.947765, 31.732206, 0.0)
(46.847950, 31.689186, 0.0)
(46.698090, 31.618660, 0.0)
(46.516254, 31.544748, 0.0)
(46.381832, 31.423895, 0.0)
(45.162601, 31.158388, 0.0)
(44.975887, 31.135498, 0.0)
(44.805004, 31.049078, 0.0)
(44.689198, 30.992718, 0.0)
(44.508598, 30.967018, 0.0)
(44.093086, 30.458241, 0.0)
(43.613117, 30.445942, 0.0)
(43.366978, 30.447132, 0.0)
(43.158279, 30.509573, 0.0)
(43.055145, 30.593298, 0.0)
(42.946121, 30.609306, 0.0)
(42.784245, 30.570400, 0.0)
(42.618870, 30.508022, 0.0)
(40.949425, 30.676430, 0.0)
(40.795883, 30.793005, 0.0)
(40.658993, 30.816065, 0.0)
(40.512978, 30.826200, 0.0)
(40.362976, 30.813023, 0.0)
(40.238678, 30.823498, 0.0)
(39.468796, 30.951929, 0.0)
(38.071854, 31.178316, 0.0)
(37.927185, 31.226374, 0.0)
(37.775120, 31.279270, 0.0)
(37.648693, 31.303307, 0.0)
(37.538616, 31.333916, 0.0)
(37.428112, 31.370375, 0.0)
(37.329208, 31.380711, 0.0)
(36.401218, 31.704815, 0.0)
(34.496574, 32.306980, 0.0)
(34.348442, 32.386864, 0.0)
(34.320034, 32.428898, 0.0)
(34.310795, 32.416100, 0.0)
(34.262753, 32.447781, 0.0)
(34.232109, 32.475029, 0.0)
(34.159824, 32.519424, 0.0)
(33.491570, 32.837433, 0.0)
(33.476791, 32.894875, 0.0)
(33.486511, 32.890602, 0.0)
(33.486202, 32.910412, 0.0)
(33.481888, 32.916553, 0.0)
(33.476894, 32.869534, 0.0)
(33.442261, 32.878632, 0.0)
(33.449066, 32.857994, 0.0)
(33.449570, 32.869408, 0.0)
(33.469315, 32.883572, 0.0)
(33.515926, 32.905727, 0.0)
(33.575378, 32.889992, 0.0)
(33.626244, 32.841564, 0.0)
(35.886024, 31.797249, 0.0)
(36.322018, 31.620590, 0.0)
(36.517536, 31.546846, 0.0)
(36.785664, 31.475384, 0.0)
(37.035503, 31.428778, 0.0)
(37.279411, 31.350042, 0.0)
(37.549603, 31.270586, 0.0)
(37.785007, 31.220194, 0.0)
(37.963280, 31.157030, 0.0)
(38.202267, 31.105951, 0.0)
(38.389572, 31.064285, 0.0)
(38.544548, 30.994257, 0.0)
(38.754036, 30.989183, 0.0)
(39.673111, 30.768551, 0.0)
(40.271408, 30.698605, 0.0)
(40.518024, 30.694210, 0.0)
(40.658188, 30.690256, 0.0)
(40.780289, 30.673599, 0.0)
(40.889359, 30.668114, 0.0)
(41.016064, 30.679474, 0.0)
(41.145073, 30.617214, 0.0)
(41.906231, 30.569439, 0.0)
(42.968178, 30.509382, 0.0)
(43.114845, 30.530661, 0.0)
(43.244118, 30.548933, 0.0)
(43.338024, 30.534187, 0.0)
(43.442936, 30.545265, 0.0)
(43.541298, 30.561703, 0.0)
(43.655552, 30.546219, 0.0)
(44.712864, 30.749954, 0.0)
(45.631939, 30.994013, 0.0)
(45.743668, 31.053284, 0.0)
(45.815029, 31.079231, 0.0)
(45.877762, 31.096407, 0.0)
(45.956406, 31.124657, 0.0)
(45.995758, 31.138073, 0.0)
(46.649170, 31.344524, 0.0)
(48.294720, 32.085804, 0.0)
(48.384747, 32.121918, 0.0)
(48.361252, 32.114750, 0.0)
(48.370636, 32.121693, 0.0)
(48.339573, 32.113434, 0.0)
(48.348892, 32.118484, 0.0)
(48.367870, 32.145119, 0.0)
(49.036789, 32.450050, 0.0)
(49.097778, 32.475243, 0.0)
(49.072716, 32.467743, 0.0)
(49.073807, 32.474171, 0.0)
(49.059875, 32.474651, 0.0)
(49.064163, 32.471195, 0.0)
(49.042564, 32.494850, 0.0)
(49.041599, 32.530140, 0.0)
(49.014011, 32.512985, 0.0)
(49.009941, 32.516922, 0.0)
(48.986141, 32.535805, 0.0)
(48.982868, 32.537689, 0.0)
(48.985909, 32.540867, 0.0)
(49.373672, 34.270954, 0.0)
(49.278259, 34.392258, 0.0)
(49.299393, 34.313194, 0.0)
(49.293571, 34.301785, 0.0)
(49.307659, 34.258991, 0.0)
(49.325321, 34.263317, 0.0)
(49.321331, 34.258247, 0.0)
(49.305073, 34.226986, 0.0)
(49.323013, 34.247093, 0.0)
(49.300034, 34.194275, 0.0)
(49.425266, 34.500576, 0.0)
(49.853760, 35.866901, 0.0)
(49.887215, 36.580914, 0.0)
(49.875385, 36.731670, 0.0)
(49.871601, 36.730255, 0.0)
(49.832493, 36.695576, 0.0)
(49.808521, 36.698608, 0.0)
(49.795334, 36.669121, 0.0)
(50.168736, 37.981972, 0.0)
(50.241173, 40.068840, 0.0)
(50.159584, 40.209721, 0.0)
(50.129070, 40.181358, 0.0)
(50.115269, 40.147549, 0.0)
(50.094715, 40.120560, 0.0)
(50.072132, 40.096638, 0.0)
(50.040775, 40.046902, 0.0)
(50.025032, 39.968250, 0.0)
(49.738728, 38.916229, 0.0)
(49.709190, 38.836861, 0.0)
(49.708633, 38.908741, 0.0)
(49.734470, 38.968185, 0.0)
(49.749947, 38.983089, 0.0)
(49.765434, 39.019753, 0.0)
(49.755573, 39.011166, 0.0)
(49.737267, 38.946178, 0.0)
(49.938469, 39.526203, 0.0)
(49.982384, 40.335476, 0.0)
(49.953144, 40.419460, 0.0)
(49.951458, 40.403130, 0.0)
(49.951794, 40.407162, 0.0)
(49.942490, 40.399853, 0.0)
(49.946274, 40.371944, 0.0)
(49.940746, 40.353001, 0.0)
(49.928921, 40.313164, 0.0)
(49.923931, 40.294765, 0.0)
(49.910603, 40.290493, 0.0)
(49.899132, 40.313461, 0.0)
(49.893581, 40.303768, 0.0)
(49.896027, 40.315853, 0.0)
(49.893581, 40.303768, 0.0)
(49.881409, 40.277164, 0.0)
(49.880348, 40.263077, 0.0)
(49.855858, 40.170593, 0.0)
(49.316269, 38.878487, 0.0)
(49.317493, 38.699387, 0.0)
(49.322487, 38.687939, 0.0)
(49.315189, 38.707310, 0.0)
(49.318745, 38.675159, 0.0)
(49.324944, 38.671471, 0.0)
(49.357689, 38.623310, 0.0)
(49.373539, 38.594059, 0.0)
(49.381237, 38.550426, 0.0)
(49.388515, 38.521435, 0.0)
(49.407768, 38.480949, 0.0)
(49.423962, 38.445023, 0.0)
(49.520596, 37.257492, 0.0)
(49.550472, 37.070232, 0.0)
(49.537701, 37.015499, 0.0)
(49.540573, 36.949371, 0.0)
(49.542233, 36.914810, 0.0)
(49.542702, 36.882359, 0.0)
(49.546436, 36.821884, 0.0)
(49.560539, 36.778030, 0.0)
(49.607811, 36.682182, 0.0)
(49.606869, 36.636139, 0.0)
(49.590645, 36.604950, 0.0)
(49.486626, 35.943394, 0.0)
(49.371593, 35.240784, 0.0)
(49.383640, 35.273651, 0.0)
(49.416645, 35.336754, 0.0)
(49.439491, 35.342430, 0.0)
(49.316196, 34.943710, 0.0)
(49.011642, 33.726616, 0.0)
(48.959068, 33.686054, 0.0)
(48.933952, 33.677681, 0.0)
(48.922020, 33.687840, 0.0)
(48.902782, 33.655712, 0.0)
(48.888634, 33.621025, 0.0)
(48.879192, 33.615448, 0.0)
(48.893051, 32.981274, 0.0)
(48.810711, 32.465214, 0.0)
(48.822407, 32.529202, 0.0)
(48.820297, 32.540504, 0.0)
(48.795891, 32.562557, 0.0)
(48.782455, 32.577709, 0.0)
(48.713223, 32.514484, 0.0)
(48.492981, 32.107693, 0.0)
(48.460800, 32.071953, 0.0)
(48.461617, 32.078812, 0.0)
(48.437149, 32.063541, 0.0)
(48.435493, 32.057453, 0.0)
(48.427940, 32.054760, 0.0)
(48.402054, 32.094162, 0.0)
(48.366959, 32.096279, 0.0)
(48.210964, 31.746786, 0.0)
(48.241699, 31.252022, 0.0)
(48.225327, 31.167089, 0.0)
(48.315353, 31.838520, 0.0)
(48.317169, 32.019005, 0.0)
(48.275028, 32.082668, 0.0)
(48.304909, 32.101383, 0.0)
(48.260117, 32.139820, 0.0)
(48.266399, 32.200668, 0.0)
(48.269737, 32.226944, 0.0)
(48.261681, 32.268490, 0.0)
(48.292267, 32.344265, 0.0)
(48.453819, 33.349304, 0.0)
(48.451687, 33.474144, 0.0)
(48.467484, 33.508980, 0.0)
(48.486515, 33.575069, 0.0)
(48.504707, 33.625786, 0.0)
(48.525154, 33.689686, 0.0)
(48.549267, 33.768917, 0.0)
(48.642113, 33.840294, 0.0)
(48.689053, 33.993652, 0.0)
(49.024761, 34.995632, 0.0)
(49.029137, 35.152149, 0.0)
(49.049709, 35.193077, 0.0)
(49.060204, 35.274269, 0.0)
(49.061218, 35.321358, 0.0)
(49.053589, 35.372269, 0.0)
(49.029907, 35.396767, 0.0)
(49.137096, 36.358189, 0.0)
(49.167324, 37.621086, 0.0)
(49.115368, 37.741699, 0.0)
(49.115284, 37.749069, 0.0)
(49.108109, 37.772804, 0.0)
(49.082745, 37.797268, 0.0)
(49.069489, 37.808002, 0.0)
(49.069489, 37.808002, 0.0)
(49.076302, 37.806152, 0.0)
(49.095589, 38.687115, 0.0)
(48.991524, 39.675320, 0.0)
(48.961624, 39.768524, 0.0)
(48.957100, 39.759869, 0.0)
(48.910561, 39.767273, 0.0)
(48.903557, 39.758785, 0.0)
(48.908455, 39.760643, 0.0)
(48.894028, 39.749443, 0.0)
(48.868103, 39.774475, 0.0)
(48.857677, 39.765823, 0.0)
(48.862816, 39.824493, 0.0)
(48.864594, 39.811081, 0.0)
(48.867241, 39.816055, 0.0)
(48.862869, 39.781895, 0.0)
(48.859856, 39.784328, 0.0)
(48.852703, 39.794434, 0.0)
(48.519470, 39.849434, 0.0)
(48.319893, 39.874466, 0.0)
(48.311275, 39.871719, 0.0)
(48.301872, 39.874165, 0.0)
(48.286911, 39.869251, 0.0)
(48.303257, 39.858837, 0.0)
(48.294441, 39.858963, 0.0)
(48.310429, 39.831177, 0.0)
(48.321339, 39.798744, 0.0)
(48.311859, 39.764038, 0.0)
(48.291378, 39.721508, 0.0)
(48.300346, 39.690441, 0.0)
(48.304184, 39.632641, 0.0)
(48.479988, 39.155746, 0.0)
(48.688725, 38.360909, 0.0)
(48.682381, 38.322636, 0.0)
(48.652550, 38.293381, 0.0)
(48.665039, 38.201836, 0.0)
(48.679886, 38.135715, 0.0)
(48.688709, 38.091774, 0.0)
(48.717957, 38.082790, 0.0)
(48.735046, 38.047142, 0.0)
(48.739330, 38.041824, 0.0)
(48.751621, 37.840763, 0.0)
(48.805698, 36.833012, 0.0)
(48.771881, 36.746143, 0.0)
(48.782162, 36.683174, 0.0)
(48.781624, 36.621380, 0.0)
(48.782337, 36.592987, 0.0)
(48.803936, 36.520996, 0.0)
(48.799652, 36.486446, 0.0)
(48.699333, 35.924809, 0.0)
(48.497807, 34.765083, 0.0)
(48.485508, 34.711758, 0.0)
(48.473064, 34.684402, 0.0)
(48.475838, 34.668343, 0.0)
(48.474667, 34.642082, 0.0)
(48.482666, 34.598553, 0.0)
(48.122429, 33.258007, 0.0)
(47.988415, 32.741493, 0.0)
(47.963947, 32.805737, 0.0)
(47.963825, 32.824329, 0.0)
(47.959415, 32.824669, 0.0)
(47.957962, 32.812881, 0.0)
(47.957676, 32.806259, 0.0)
(47.952095, 32.788940, 0.0)
(47.915287, 32.801552, 0.0)
(47.865181, 32.760284, 0.0)
(47.753105, 31.938997, 0.0)
(47.723747, 31.926847, 0.0)
(47.738853, 31.931713, 0.0)
(47.738388, 31.943602, 0.0)
(47.706257, 31.982454, 0.0)
(47.688049, 32.009583, 0.0)
(47.679684, 32.012508, 0.0)
(47.661259, 31.982595, 0.0)
(47.680641, 31.977896, 0.0)
(47.672642, 31.970541, 0.0)
(47.654472, 31.981293, 0.0)
(47.645992, 31.981478, 0.0)
(47.620098, 32.014675, 0.0)
(47.593311, 32.045357, 0.0)
(47.591751, 32.038578, 0.0)
(47.584843, 32.004101, 0.0)
(47.542637, 31.941607, 0.0)
(47.526241, 31.956091, 0.0)
(47.158760, 31.867229, 0.0)
(47.114422, 31.885044, 0.0)
(47.076996, 31.843693, 0.0)
(47.026054, 31.782106, 0.0)
(47.054104, 31.758680, 0.0)
(47.106075, 31.806564, 0.0)
(47.703709, 33.048958, 0.0)
(47.644661, 33.224106, 0.0)
(47.620396, 33.276695, 0.0)
(47.627754, 33.344296, 0.0)
(47.636692, 33.409889, 0.0)
(47.643387, 33.509888, 0.0)
(47.642506, 33.548168, 0.0)
(47.658909, 33.577751, 0.0)
(47.677662, 33.621357, 0.0)
(47.675827, 33.646175, 0.0)
(47.674477, 33.655880, 0.0)
(48.007210, 35.196690, 0.0)
(47.954319, 35.426834, 0.0)
(47.939983, 35.459900, 0.0)
(47.920105, 35.495770, 0.0)
(47.924507, 35.533051, 0.0)
(47.946960, 35.575264, 0.0)
(47.920815, 35.584145, 0.0)
(47.916725, 35.621742, 0.0)
(47.926590, 35.687298, 0.0)
(47.948254, 35.725307, 0.0)
(47.950993, 35.814529, 0.0)
(48.303436, 37.108730, 0.0)
(48.249634, 37.297451, 0.0)
(48.245510, 37.303963, 0.0)
(48.229805, 37.368336, 0.0)
(48.216225, 37.362759, 0.0)
(48.147205, 37.308720, 0.0)
(48.107052, 39.302887, 0.0)
(47.965332, 39.551216, 0.0)
(47.950352, 39.537842, 0.0)
(47.940987, 39.538048, 0.0)
(47.933411, 39.507690, 0.0)
(47.929260, 39.537769, 0.0)
(47.913582, 39.538704, 0.0)
(47.911129, 39.559296, 0.0)
(47.900047, 39.564423, 0.0)
(48.069305, 40.262691, 0.0)
(48.068710, 40.343601, 0.0)
(48.053921, 40.347054, 0.0)
(48.040638, 40.343433, 0.0)
(48.023384, 40.351273, 0.0)
(48.021538, 40.349918, 0.0)
(48.019451, 40.351669, 0.0)
(48.014160, 40.328205, 0.0)
(48.014088, 40.343525, 0.0)
(48.010860, 40.328156, 0.0)
(47.964619, 40.353733, 0.0)
(47.888081, 40.368935, 0.0)
(47.049961, 40.047958, 0.0)
(46.946232, 40.026997, 0.0)
(46.975445, 39.996799, 0.0)
(46.970329, 40.002636, 0.0)
(46.976871, 39.979412, 0.0)
(47.033901, 39.827274, 0.0)
(47.455772, 38.482868, 0.0)
(47.454357, 38.391361, 0.0)
(47.446495, 38.359390, 0.0)
(47.462578, 38.283939, 0.0)
(47.484722, 38.228733, 0.0)
(47.505264, 38.153191, 0.0)
(47.502563, 38.099991, 0.0)
(47.478352, 37.569984, 0.0)
(47.426434, 36.852058, 0.0)
(47.409836, 36.801212, 0.0)
(47.408039, 36.757343, 0.0)
(47.424503, 36.765141, 0.0)
(47.447380, 36.716450, 0.0)
(47.429966, 36.681999, 0.0)
(47.418045, 36.558525, 0.0)
(47.258595, 35.619453, 0.0)
(47.201260, 35.026115, 0.0)
(47.192890, 35.005020, 0.0)
(47.195999, 34.960266, 0.0)
(47.183689, 34.911865, 0.0)
(47.187038, 34.868141, 0.0)
(47.172150, 34.793888, 0.0)
(47.159195, 34.786278, 0.0)
(47.116680, 34.146721, 0.0)
(46.981651, 33.303719, 0.0)
(46.968719, 33.272400, 0.0)
(46.955685, 33.296036, 0.0)
(46.966225, 33.236355, 0.0)
(46.951771, 33.197311, 0.0)
(46.864849, 32.530891, 0.0)
(46.775723, 32.056412, 0.0)
(46.756409, 32.084988, 0.0)
(46.753983, 32.078415, 0.0)
(46.765484, 32.072643, 0.0)
(46.751934, 32.067654, 0.0)
(46.742237, 31.997892, 0.0)
(46.539402, 31.126966, 0.0)
(46.488312, 31.063852, 0.0)
(46.500576, 31.125521, 0.0)
(46.454746, 31.132830, 0.0)
(46.454399, 31.165194, 0.0)
(46.429703, 31.167345, 0.0)
(46.405151, 31.177448, 0.0)
(46.409782, 31.181690, 0.0)
(46.405762, 31.175283, 0.0)
(46.390148, 31.150469, 0.0)
(46.365105, 31.152191, 0.0)
(46.311913, 31.159416, 0.0)
(46.269455, 31.146036, 0.0)
(46.252621, 31.179644, 0.0)
(46.211376, 31.182968, 0.0)
(45.626530, 31.100475, 0.0)
(45.585529, 31.081970, 0.0)
(45.582344, 31.103357, 0.0)
(45.579678, 31.135359, 0.0)
(45.580933, 31.147457, 0.0)
(45.590382, 31.126577, 0.0)
(45.926590, 31.678078, 0.0)
(46.182476, 32.683159, 0.0)
(46.117355, 32.815155, 0.0)
(46.048489, 32.893948, 0.0)
(46.001598, 32.930538, 0.0)
(45.939453, 33.001652, 0.0)
(45.917133, 33.020126, 0.0)
(45.909931, 33.069889, 0.0)
(45.886841, 33.155506, 0.0)
(45.855492, 33.200348, 0.0)
(45.859543, 33.266136, 0.0)
(45.994484, 33.809792, 0.0)
(46.182938, 35.337448, 0.0)
(46.166981, 35.415760, 0.0)
(46.163784, 35.351910, 0.0)
(46.199379, 35.349049, 0.0)
(46.182999, 35.345627, 0.0)
(46.184090, 35.348068, 0.0)
(46.153183, 35.360199, 0.0)
(46.158802, 35.332260, 0.0)
(46.380882, 36.260170, 0.0)
(46.382946, 38.290501, 0.0)
(46.313454, 38.359520, 0.0)
(46.287445, 38.353695, 0.0)
(46.292557, 38.383217, 0.0)
(46.290558, 38.408207, 0.0)
(46.293461, 38.419563, 0.0)
(46.319298, 38.425312, 0.0)
(46.335587, 38.396530, 0.0)
(46.350349, 38.399712, 0.0)
(46.356850, 38.439167, 0.0)
(46.371376, 38.443924, 0.0)
(46.392563, 38.425232, 0.0)
(46.432785, 38.416206, 0.0)
(46.444374, 38.428486, 0.0)
(46.429188, 38.421928, 0.0)
(46.434513, 38.463860, 0.0)
(46.563965, 39.431335, 0.0)
(46.508125, 39.710533, 0.0)
(46.487953, 39.684361, 0.0)
(46.476784, 39.665226, 0.0)
(46.459057, 39.706905, 0.0)
(46.442078, 39.763771, 0.0)
(46.426403, 39.806957, 0.0)
(46.415745, 39.786930, 0.0)
(46.409683, 39.761234, 0.0)
(46.395798, 39.733955, 0.0)
(46.364479, 39.673729, 0.0)
(46.346832, 39.661076, 0.0)
(46.320366, 39.647896, 0.0)
(45.620743, 39.429626, 0.0)
(45.403183, 39.341774, 0.0)
(45.396397, 39.321629, 0.0)
(45.379925, 39.298622, 0.0)
(45.399570, 39.221050, 0.0)
(45.415356, 39.127831, 0.0)
(45.727615, 38.031857, 0.0)
(45.755222, 37.902603, 0.0)
(45.739952, 37.822559, 0.0)
(45.719868, 37.800217, 0.0)
(45.716465, 37.736652, 0.0)
(45.762047, 37.707611, 0.0)
(45.768433, 37.602417, 0.0)
(45.771694, 37.485832, 0.0)
(45.668125, 36.220100, 0.0)
(45.626347, 36.218891, 0.0)
(45.599606, 36.235695, 0.0)
(45.605480, 36.281380, 0.0)
(45.594387, 36.258198, 0.0)
(45.614586, 36.236343, 0.0)
(45.607754, 36.174732, 0.0)
(45.604477, 35.852024, 0.0)
(45.542320, 34.449135, 0.0)
(45.549610, 34.440601, 0.0)
(45.504848, 34.443630, 0.0)
(45.499371, 34.410702, 0.0)
(45.499348, 34.428539, 0.0)
(45.497005, 34.452686, 0.0)
(45.491932, 34.449039, 0.0)
(45.494743, 34.347553, 0.0)
(45.368114, 32.891983, 0.0)
(45.346657, 32.849842, 0.0)
(45.371410, 32.855358, 0.0)
(45.372154, 32.833809, 0.0)
(45.375275, 32.842266, 0.0)
(45.374588, 32.860966, 0.0)
(45.288010, 32.418888, 0.0)
(45.093357, 31.345098, 0.0)
(45.071289, 31.324188, 0.0)
(45.052803, 31.349943, 0.0)
(45.040310, 31.349070, 0.0)
(45.036427, 31.335466, 0.0)
(45.052444, 31.221058, 0.0)
(44.875111, 30.575729, 0.0)
(44.848301, 30.561348, 0.0)
(44.826199, 30.585272, 0.0)
(44.764648, 30.677416, 0.0)
(44.713837, 31.211685, 0.0)
(44.669842, 30.075113, 0.0)
(44.725613, 30.110912, 0.0)
(44.765610, 30.355797, 0.0)
(44.746601, 30.372816, 0.0)
(44.737209, 30.423025, 0.0)
(44.708992, 30.484125, 0.0)
(44.671268, 30.489275, 0.0)
(44.644306, 30.521116, 0.0)
(44.140705, 30.722363, 0.0)
(43.873318, 30.818241, 0.0)
(43.871731, 30.844915, 0.0)
(43.847263, 30.836655, 0.0)
(43.847969, 30.863878, 0.0)
(43.835506, 30.879297, 0.0)
(43.829304, 30.968992, 0.0)
(44.316475, 31.907051, 0.0)
(44.293354, 32.072758, 0.0)
(44.322701, 32.120342, 0.0)
(44.332211, 32.156178, 0.0)
(44.336094, 32.202061, 0.0)
(44.352615, 32.239857, 0.0)
(44.372879, 32.236042, 0.0)
(44.360603, 32.256954, 0.0)
(44.790730, 33.101803, 0.0)
(44.758224, 33.278793, 0.0)
(44.685265, 33.341358, 0.0)
(44.715595, 33.419388, 0.0)
(44.693672, 33.461601, 0.0)
(44.689808, 33.505882, 0.0)
(44.683277, 33.533073, 0.0)
(44.725613, 33.566162, 0.0)
(44.713902, 33.649605, 0.0)
(44.685764, 34.288418, 0.0)
(44.675629, 34.362942, 0.0)
(44.678207, 34.405968, 0.0)
(44.690861, 34.525547, 0.0)
(44.699493, 34.579731, 0.0)
(44.676617, 34.649872, 0.0)
(45.057865, 36.479404, 0.0)
(44.986687, 36.687031, 0.0)
(44.980404, 36.686077, 0.0)
(44.962448, 36.710941, 0.0)
(44.937809, 36.748127, 0.0)
(44.912495, 36.786148, 0.0)
(44.972805, 38.189564, 0.0)
(44.876125, 39.080124, 0.0)
(44.813808, 39.139618, 0.0)
(44.751686, 39.084457, 0.0)
(44.746384, 39.096207, 0.0)
(44.725296, 39.095566, 0.0)
(44.726803, 39.096653, 0.0)
(44.710659, 39.137634, 0.0)
(44.688770, 39.183762, 0.0)
(44.998276, 39.953037, 0.0)
(44.986580, 40.065552, 0.0)
(44.983067, 40.013058, 0.0)
(44.985558, 39.992577, 0.0)
(44.979874, 39.973728, 0.0)
(44.958744, 39.963154, 0.0)
(44.944168, 39.940807, 0.0)
(44.900837, 39.942917, 0.0)
(44.373623, 39.617462, 0.0)
(44.281570, 39.631741, 0.0)
(44.275768, 39.652618, 0.0)
(44.258045, 39.637753, 0.0)
(44.235447, 39.628357, 0.0)
(44.225021, 39.608479, 0.0)
(44.208984, 39.551098, 0.0)
(44.189396, 39.509964, 0.0)
(44.158611, 39.416702, 0.0)
(43.928112, 38.692699, 0.0)
(43.882618, 38.620934, 0.0)
(43.866199, 38.608585, 0.0)
(43.860413, 38.518509, 0.0)
(43.858894, 38.474201, 0.0)
(43.874294, 38.389454, 0.0)
(43.931053, 37.124878, 0.0)
(43.927795, 36.944359, 0.0)
(43.809261, 36.776760, 0.0)
(43.562641, 36.519840, 0.0)
(43.527061, 36.153481, 0.0)
(43.606609, 34.823940, 0.0)
(43.579239, 34.352631, 0.0)
(43.594929, 34.327072, 0.0)
(43.633900, 34.376457, 0.0)
(43.631344, 34.358334, 0.0)
(43.634579, 34.354736, 0.0)
(43.643444, 34.339485, 0.0)
(43.631145, 34.335392, 0.0)
(43.645996, 34.343410, 0.0)
(43.641426, 34.375519, 0.0)
(43.649628, 34.365643, 0.0)
(43.686604, 34.377926, 0.0)
(43.670891, 34.412712, 0.0)
(43.681381, 34.244801, 0.0)
(43.650799, 33.120899, 0.0)
(43.624599, 33.090614, 0.0)
(43.626057, 33.132236, 0.0)
(43.622581, 33.099438, 0.0)
(43.606865, 33.045120, 0.0)
(43.358677, 31.625729, 0.0)
(43.352093, 31.570168, 0.0)
(43.355114, 31.634499, 0.0)
(43.334656, 31.619217, 0.0)
(43.342171, 31.577503, 0.0)
(43.329220, 31.568886, 0.0)
(43.340691, 31.539394, 0.0)
(43.213257, 30.524588, 0.0)
(43.204662, 30.558599, 0.0)
(43.174229, 30.617596, 0.0)
(43.175747, 30.651966, 0.0)
(43.186382, 30.670668, 0.0)
(43.179428, 30.656704, 0.0)
(43.188686, 30.664877, 0.0)
(42.813583, 30.575481, 0.0)
(42.759033, 30.585085, 0.0)
(42.767063, 30.590422, 0.0)
(42.761517, 30.603594, 0.0)
(42.711601, 30.594742, 0.0)
(42.713047, 30.600857, 0.0)
(42.707878, 30.631062, 0.0)
(42.671917, 30.645525, 0.0)
(42.604301, 30.651400, 0.0)
(42.606804, 30.666468, 0.0)
(42.565010, 30.674585, 0.0)
(42.581562, 30.753437, 0.0)
(42.569279, 30.815361, 0.0)
(42.473652, 31.618282, 0.0)
(42.426357, 31.765379, 0.0)
(42.426060, 31.782553, 0.0)
(42.418171, 31.808546, 0.0)
(42.419594, 31.844162, 0.0)
(42.438747, 31.857988, 0.0)
(42.411491, 31.893461, 0.0)
(42.420296, 31.951250, 0.0)
(42.770859, 33.204441, 0.0)
(42.707928, 33.642273, 0.0)
(42.666431, 33.670578, 0.0)
(42.693512, 33.663467, 0.0)
(42.689247, 33.698769, 0.0)
(42.682137, 33.697392, 0.0)
(42.678543, 33.744350, 0.0)
(42.652431, 33.777435, 0.0)
(42.639324, 33.817085, 0.0)
(42.637127, 33.817921, 0.0)
(42.704216, 34.175999, 0.0)
(42.822559, 36.110737, 0.0)
(42.741913, 36.288841, 0.0)
(42.704147, 36.253025, 0.0)
(42.704269, 36.248951, 0.0)
(42.689846, 36.219162, 0.0)
(42.680866, 36.238529, 0.0)
(42.677601, 36.258617, 0.0)
(42.660313, 36.286396, 0.0)
(42.659107, 36.305946, 0.0)
(42.665146, 36.357883, 0.0)
(42.687569, 36.381348, 0.0)
(42.674747, 36.414639, 0.0)
(42.693104, 36.449265, 0.0)
(43.154282, 37.940857, 0.0)
(43.133224, 38.830769, 0.0)
(43.109264, 38.874744, 0.0)
(43.073429, 38.861576, 0.0)
(43.053303, 38.822544, 0.0)
(43.029663, 38.840500, 0.0)
(43.012238, 38.834648, 0.0)
(43.004738, 38.827442, 0.0)
(43.016380, 38.792740, 0.0)
(42.998203, 38.746162, 0.0)
(42.962799, 39.706295, 0.0)
(42.897362, 39.849941, 0.0)
(42.876793, 39.812519, 0.0)
(42.859539, 39.797771, 0.0)
(42.849331, 39.805355, 0.0)
(42.841408, 39.804367, 0.0)
(42.816700, 39.802250, 0.0)
(42.804913, 39.783783, 0.0)
(42.778152, 39.773209, 0.0)
(42.156651, 39.462948, 0.0)
(41.979427, 39.337418, 0.0)
(41.945858, 39.301697, 0.0)
(41.940220, 39.261665, 0.0)
(41.929672, 39.254871, 0.0)
(41.936363, 39.134869, 0.0)
(41.909054, 37.808292, 0.0)
(41.871258, 37.683189, 0.0)
(41.825954, 37.625370, 0.0)
(41.827213, 37.587452, 0.0)
(41.826012, 37.541542, 0.0)
(41.833023, 37.500370, 0.0)
(41.839962, 37.451740, 0.0)
(41.854885, 37.423050, 0.0)
(41.946491, 36.545086, 0.0)
(41.917210, 36.508106, 0.0)
(41.923115, 36.486588, 0.0)
(41.884762, 36.440178, 0.0)
(41.864807, 36.392487, 0.0)
(41.801563, 35.412254, 0.0)
(41.746555, 34.885616, 0.0)
(41.705837, 34.903748, 0.0)
(41.695461, 34.883175, 0.0)
(41.695831, 34.859627, 0.0)
(41.709000, 34.801365, 0.0)
(41.718243, 34.762074, 0.0)
(41.710155, 34.679855, 0.0)
(41.517368, 33.039829, 0.0)
(41.474243, 32.880890, 0.0)
(41.443787, 32.925709, 0.0)
(41.431755, 32.942215, 0.0)
(41.427330, 32.948891, 0.0)
(41.422836, 32.953007, 0.0)
(41.410034, 32.952560, 0.0)
(41.375877, 32.281025, 0.0)
(41.347290, 31.707773, 0.0)
(41.337975, 31.733656, 0.0)
(41.338955, 31.706493, 0.0)
(41.315170, 31.725443, 0.0)
(41.313667, 31.730568, 0.0)
(41.315170, 31.725443, 0.0)
(41.429714, 30.879862, 0.0)
(41.403568, 30.647312, 0.0)
(41.403915, 30.678835, 0.0)
(41.384087, 30.658806, 0.0)
(41.379303, 30.667389, 0.0)
(41.353565, 30.698900, 0.0)
(40.944798, 30.473011, 0.0)
(40.892998, 30.482508, 0.0)
(40.893940, 30.499050, 0.0)
(40.885738, 30.498236, 0.0)
(40.859142, 30.537819, 0.0)
(40.850437, 30.541605, 0.0)
(40.837471, 30.540596, 0.0)
(40.790051, 30.552650, 0.0)
(40.768745, 30.562357, 0.0)
(40.715630, 30.593222, 0.0)
(40.387207, 30.940718, 0.0)
(40.244217, 31.128632, 0.0)
(40.215508, 31.162458, 0.0)
(40.204315, 31.157028, 0.0)
(40.202942, 31.175707, 0.0)
(40.170391, 31.205729, 0.0)
(40.159798, 31.231316, 0.0)
(40.175667, 31.417986, 0.0)
(40.678413, 32.606720, 0.0)
(40.655205, 32.785133, 0.0)
(40.656361, 32.803341, 0.0)
(40.644363, 32.822414, 0.0)
(40.631985, 32.832821, 0.0)
(40.611927, 32.868706, 0.0)
(40.603714, 32.877930, 0.0)
(40.588615, 32.873863, 0.0)
(40.586155, 32.898163, 0.0)
(40.584877, 32.912403, 0.0)
(40.599377, 33.001045, 0.0)
(40.663418, 34.584919, 0.0)
(40.600700, 34.904251, 0.0)
(40.538284, 34.900494, 0.0)
(40.516891, 34.873009, 0.0)
(40.520443, 34.884548, 0.0)
(40.492558, 34.889214, 0.0)
(40.437954, 34.947411, 0.0)
(40.434967, 35.008266, 0.0)
(40.392090, 35.060730, 0.0)
(40.372017, 35.086018, 0.0)
(40.405273, 35.123447, 0.0)
(40.412457, 35.260876, 0.0)
(40.482567, 35.412075, 0.0)
(41.059956, 37.411465, 0.0)
(41.037060, 37.642673, 0.0)
(40.964157, 37.659451, 0.0)
(40.959286, 37.724113, 0.0)
(40.946877, 37.768791, 0.0)
(40.926544, 37.811436, 0.0)
(40.918873, 37.807781, 0.0)
(40.915565, 37.794968, 0.0)
(40.920868, 37.838264, 0.0)
(41.003704, 39.439632, 0.0)
(40.947845, 39.663551, 0.0)
(40.939003, 39.651844, 0.0)
(40.889050, 39.673275, 0.0)
(40.872795, 39.682766, 0.0)
(40.853008, 39.677654, 0.0)
(40.845402, 39.640411, 0.0)
(40.835621, 39.641148, 0.0)
(40.847687, 39.645542, 0.0)
(40.828327, 39.648350, 0.0)
(40.806953, 39.626568, 0.0)
(40.701088, 39.636356, 0.0)
(40.095013, 39.259212, 0.0)
(39.985157, 39.245838, 0.0)
(39.955269, 39.260281, 0.0)
(39.922958, 39.253620, 0.0)
(39.889896, 39.249092, 0.0)
(39.883228, 39.224476, 0.0)
(39.875198, 39.166580, 0.0)
(39.891323, 39.122154, 0.0)
(39.925133, 38.978474, 0.0)
(39.753353, 37.511765, 0.0)
(39.690308, 37.268185, 0.0)
(39.662224, 37.260254, 0.0)
(39.615604, 37.249580, 0.0)
(39.595024, 37.216282, 0.0)
(39.611210, 37.158730, 0.0)
(39.621571, 37.111259, 0.0)
(39.629776, 37.026611, 0.0)
(39.649696, 36.976105, 0.0)
(39.652439, 36.905235, 0.0)
(39.658031, 36.832260, 0.0)
(39.935005, 35.975124, 0.0)
(39.935192, 35.949581, 0.0)
(39.941658, 35.916168, 0.0)
(39.950241, 35.863586, 0.0)
(39.922012, 35.847305, 0.0)
(39.935505, 35.772633, 0.0)
(39.943798, 35.699928, 0.0)
(39.710838, 34.479786, 0.0)
(39.635872, 34.467163, 0.0)
(39.632778, 34.479637, 0.0)
(39.618305, 34.452286, 0.0)
(39.624481, 34.455151, 0.0)
(39.642212, 34.426319, 0.0)
(39.632416, 34.403919, 0.0)
(39.676899, 33.403236, 0.0)
(39.672829, 33.346817, 0.0)
(39.668835, 33.347965, 0.0)
(39.641968, 33.303215, 0.0)
(39.631298, 33.281570, 0.0)
(39.645786, 33.232445, 0.0)
(39.640633, 33.226147, 0.0)
(39.499767, 32.386299, 0.0)
(39.442932, 31.960579, 0.0)
(39.388569, 31.988604, 0.0)
(39.385826, 31.969915, 0.0)
(39.380417, 31.961851, 0.0)
(39.357548, 31.937780, 0.0)
(39.322117, 31.935270, 0.0)
(39.282040, 30.987434, 0.0)
(39.220592, 30.889248, 0.0)
(39.179127, 30.956532, 0.0)
(39.188953, 30.976616, 0.0)
(39.164822, 31.008585, 0.0)
(39.152660, 30.997580, 0.0)
(39.152542, 31.024549, 0.0)
(39.151020, 31.025785, 0.0)
(39.108547, 31.057348, 0.0)
(39.068493, 31.071444, 0.0)
(38.548290, 31.243181, 0.0)
(38.261501, 31.417774, 0.0)
(38.209572, 31.437477, 0.0)
(38.194252, 31.475357, 0.0)
(38.193508, 31.460232, 0.0)
(38.196533, 31.470810, 0.0)
(38.208389, 31.539251, 0.0)
(38.200657, 31.554337, 0.0)
(38.189056, 31.570108, 0.0)
(38.184143, 31.599712, 0.0)
(38.757153, 32.425205, 0.0)
(38.864117, 33.257298, 0.0)
(38.857658, 33.339397, 0.0)
(38.838440, 33.369293, 0.0)
(38.834732, 33.387260, 0.0)
(38.840466, 33.399487, 0.0)
(38.824394, 33.418674, 0.0)
(38.812237, 33.428154, 0.0)
(38.800468, 33.436905, 0.0)
(38.760735, 33.511044, 0.0)
(38.807526, 33.576309, 0.0)
(38.919544, 35.422855, 0.0)
(38.845997, 36.026470, 0.0)
(38.795597, 36.037548, 0.0)
(38.775604, 36.000690, 0.0)
(38.771393, 35.952595, 0.0)
(38.757629, 35.940517, 0.0)
(38.702530, 36.009289, 0.0)
(38.666656, 36.026398, 0.0)
(38.656254, 36.089249, 0.0)
(38.657070, 36.119572, 0.0)
(38.643658, 36.108875, 0.0)
(38.643948, 36.119331, 0.0)
(38.689404, 36.637772, 0.0)
(38.653709, 38.140541, 0.0)
(38.586437, 38.284657, 0.0)
(38.550812, 38.234241, 0.0)
(38.528114, 38.269821, 0.0)
(38.511925, 38.267025, 0.0)
(38.507778, 38.250340, 0.0)
(38.474960, 38.236542, 0.0)
(38.474228, 38.224773, 0.0)
(38.471111, 38.227276, 0.0)
(38.485775, 38.233231, 0.0)
(38.482910, 38.233757, 0.0)
(38.735180, 38.944130, 0.0)
(38.846958, 39.790119, 0.0)
(38.845573, 39.873173, 0.0)
(38.805676, 39.860161, 0.0)
(38.793167, 39.844536, 0.0)
(38.784515, 39.822258, 0.0)
(38.761364, 39.829964, 0.0)
(38.735897, 39.814693, 0.0)
(38.698662, 39.795685, 0.0)
(38.676128, 39.768166, 0.0)
(38.190041, 39.217426, 0.0)
(38.100605, 39.172665, 0.0)
(38.078606, 39.166523, 0.0)
(38.049183, 39.155449, 0.0)
(38.029434, 39.140839, 0.0)
(38.013897, 39.118912, 0.0)
(38.022259, 39.034660, 0.0)
(37.795143, 38.124504, 0.0)
(37.598782, 37.701488, 0.0)
(37.584766, 37.705215, 0.0)
(37.586941, 37.741787, 0.0)
(37.574226, 37.723553, 0.0)
(37.572796, 37.735771, 0.0)
(37.570198, 37.712444, 0.0)
(37.603249, 37.653355, 0.0)
(37.612293, 37.582489, 0.0)
(37.632629, 37.479626, 0.0)
(37.656761, 37.333778, 0.0)
(37.622448, 36.230122, 0.0)
(37.583359, 36.162365, 0.0)
(37.620152, 36.099449, 0.0)
(37.625267, 36.065014, 0.0)
(37.636410, 35.976303, 0.0)
(37.645077, 35.935009, 0.0)
(37.647369, 35.896847, 0.0)
(37.653328, 35.832569, 0.0)
(37.680817, 35.790932, 0.0)
(37.686523, 35.735500, 0.0)
(37.833778, 34.421577, 0.0)
(37.813049, 34.288319, 0.0)
(37.790157, 34.289539, 0.0)
(37.796093, 34.288174, 0.0)
(37.757767, 34.285904, 0.0)
(37.773643, 34.242588, 0.0)
(37.773045, 34.248444, 0.0)
(37.757183, 34.215836, 0.0)
(37.593372, 33.102825, 0.0)
(37.537334, 32.969837, 0.0)
(37.525276, 32.988297, 0.0)
(37.529915, 33.001057, 0.0)
(37.500031, 33.019524, 0.0)
(37.508434, 33.037457, 0.0)
(37.504715, 33.034904, 0.0)
(37.473358, 32.537663, 0.0)
(37.306519, 31.081900, 0.0)
(37.245850, 31.133352, 0.0)
(37.235031, 31.239244, 0.0)
(37.229576, 31.267509, 0.0)
(37.214130, 31.285698, 0.0)
(37.197124, 31.303080, 0.0)
(37.199963, 31.358948, 0.0)
(37.141808, 31.207462, 0.0)
(37.139923, 31.202806, 0.0)
(37.128365, 31.216589, 0.0)
(37.116146, 31.210009, 0.0)
(37.102463, 31.213240, 0.0)
(37.080975, 31.210823, 0.0)
(37.049679, 31.218958, 0.0)
(37.027039, 31.247246, 0.0)
(37.009090, 31.276577, 0.0)
(36.572834, 32.040054, 0.0)
(36.433945, 32.276478, 0.0)
(36.425140, 32.329746, 0.0)
(36.427910, 32.357944, 0.0)
(36.435444, 32.350376, 0.0)
(36.449352, 32.387058, 0.0)
(36.444126, 32.424774, 0.0)
(36.442345, 32.441124, 0.0)
(36.576565, 32.802929, 0.0)
(37.181477, 34.335266, 0.0)
(37.156551, 34.470879, 0.0)
(37.127686, 34.510708, 0.0)
(37.096066, 34.537758, 0.0)
(37.086926, 34.569561, 0.0)
(37.066620, 34.605766, 0.0)
(37.052494, 34.632790, 0.0)
(37.069386, 34.670937, 0.0)
(37.066967, 34.699448, 0.0)
(37.093010, 34.714531, 0.0)
(37.092854, 35.107456, 0.0)
(37.095558, 36.803719, 0.0)
(37.086239, 36.929276, 0.0)
(37.048496, 36.951904, 0.0)
(36.989994, 36.978054, 0.0)
(36.995155, 36.980335, 0.0)
(36.965405, 36.978741, 0.0)
(36.935040, 36.996273, 0.0)
(36.883835, 37.018059, 0.0)
(36.878872, 37.079662, 0.0)
(36.886864, 37.116661, 0.0)
(36.875046, 37.147186, 0.0)
(36.882820, 37.171703, 0.0)
(36.880978, 37.185497, 0.0)
(36.895325, 37.198174, 0.0)
(36.888294, 37.233196, 0.0)
(36.963654, 37.274982, 0.0)
(36.995350, 37.306885, 0.0)
(36.957710, 37.349823, 0.0)
(36.965378, 37.392876, 0.0)
(36.971531, 37.436951, 0.0)
(36.958977, 37.494972, 0.0)
(37.267036, 38.157963, 0.0)
(37.316093, 38.773819, 0.0)
(37.304924, 38.854767, 0.0)
(37.302639, 38.852711, 0.0)
(37.297153, 38.876022, 0.0)
(37.302174, 38.848011, 0.0)
(37.260040, 38.865074, 0.0)
(37.256649, 38.899822, 0.0)
(37.029316, 38.874859, 0.0)
(36.300793, 38.538391, 0.0)
(36.245140, 38.548260, 0.0)
(36.226971, 38.534084, 0.0)
(36.222267, 38.512478, 0.0)
(36.220474, 38.509277, 0.0)
(36.228634, 38.498127, 0.0)
(36.222843, 38.496952, 0.0)
(36.227852, 38.515167, 0.0)
(36.226631, 38.528065, 0.0)
(36.238197, 38.512062, 0.0)
(36.221889, 38.429703, 0.0)
(36.214859, 38.360733, 0.0)
(36.187294, 38.315887, 0.0)
(36.207069, 38.197414, 0.0)
(36.214081, 38.085545, 0.0)
(36.229343, 38.002556, 0.0)
(36.182415, 37.939045, 0.0)
(36.187302, 37.887062, 0.0)
(36.201057, 37.753883, 0.0)
(36.383945, 36.928566, 0.0)
(36.380116, 36.870083, 0.0)
(36.381737, 36.848503, 0.0)
(36.371346, 36.776146, 0.0)
(36.374126, 36.732895, 0.0)
(36.365406, 36.683735, 0.0)
(36.355431, 36.633766, 0.0)
(36.311848, 36.539810, 0.0)
(35.952671, 35.565582, 0.0)
(35.896313, 35.555656, 0.0)
(35.904530, 35.569542, 0.0)
(35.900539, 35.534313, 0.0)
(35.888302, 35.500782, 0.0)
(35.909073, 35.410324, 0.0)
(35.900566, 35.279026, 0.0)
(35.992313, 33.611969, 0.0)
(35.924145, 33.556454, 0.0)
(35.869205, 33.623821, 0.0)
(35.874615, 33.641750, 0.0)
(35.844238, 33.655750, 0.0)
(35.858006, 33.612362, 0.0)
(35.711224, 32.070667, 0.0)
(35.591694, 31.742424, 0.0)
(35.560619, 31.804186, 0.0)
(35.560619, 31.804186, 0.0)
(35.556679, 31.807667, 0.0)
(35.545429, 31.841843, 0.0)
(35.545082, 31.847242, 0.0)
(35.520084, 31.902958, 0.0)
(35.518593, 31.908234, 0.0)
(35.521828, 31.897926, 0.0)
(35.525902, 31.904665, 0.0)
(35.528679, 31.909576, 0.0)
(35.534813, 31.899630, 0.0)
(35.534626, 31.904715, 0.0)
(35.503098, 31.916351, 0.0)
(35.456108, 31.961002, 0.0)
(35.483269, 31.995077, 0.0)
(35.502258, 32.008976, 0.0)
(35.468903, 32.015827, 0.0)
(35.468903, 32.033672, 0.0)
(35.468712, 32.028919, 0.0)
(35.416218, 32.052891, 0.0)
(35.420124, 32.076492, 0.0)
(35.356644, 32.136387, 0.0)
(35.326294, 32.156822, 0.0)
(35.304314, 32.200306, 0.0)
(35.146614, 32.747173, 0.0)
(35.030243, 33.194347, 0.0)
(35.007366, 33.235294, 0.0)
(35.026173, 33.290379, 0.0)
(35.028488, 33.326641, 0.0)
(35.038116, 33.350910, 0.0)
(35.043114, 33.411362, 0.0)
(35.048058, 33.418316, 0.0)
(35.028111, 33.494942, 0.0)
(35.257214, 34.144115, 0.0)
(35.245289, 34.737495, 0.0)
(35.196743, 34.794922, 0.0)
(35.198170, 34.826172, 0.0)
(35.202888, 34.873753, 0.0)
(35.185482, 34.916790, 0.0)
(35.161469, 34.921307, 0.0)
(35.151909, 34.996597, 0.0)
(35.456814, 36.209332, 0.0)
(35.419491, 37.042355, 0.0)
(35.411480, 37.138805, 0.0)
(35.382843, 37.187428, 0.0)
(35.364567, 37.221252, 0.0)
(35.360722, 37.222721, 0.0)
(35.348053, 37.243893, 0.0)
(35.346958, 37.257927, 0.0)
(35.341888, 37.273212, 0.0)
(35.361675, 37.317753, 0.0)
(35.805893, 39.668758, 0.0)
(35.875107, 40.405792, 0.0)
(35.844326, 40.423328, 0.0)
(35.847439, 40.408730, 0.0)
(35.812065, 40.370018, 0.0)
(35.790203, 40.336960, 0.0)
(35.745564, 40.092918, 0.0)
(35.450840, 38.467106, 0.0)
(35.413773, 38.420368, 0.0)
(35.408405, 38.503860, 0.0)
(35.456310, 38.541298, 0.0)
(35.458546, 38.645847, 0.0)
(35.461071, 38.711323, 0.0)
(35.470928, 38.748127, 0.0)
(35.462902, 38.771248, 0.0)
(35.462101, 38.781460, 0.0)
(35.599945, 39.468666, 0.0)
(35.722153, 40.020168, 0.0)
(35.711945, 40.111092, 0.0)
(35.683899, 40.150135, 0.0)
(35.658222, 40.171558, 0.0)
(35.636692, 40.177681, 0.0)
(35.628212, 40.193649, 0.0)
(35.613579, 40.198299, 0.0)
(35.581715, 40.187756, 0.0)
(35.584095, 40.167931, 0.0)
(35.547115, 40.136662, 0.0)
(34.850597, 39.877476, 0.0)
(34.750202, 39.868546, 0.0)
(34.759304, 39.835491, 0.0)
(34.745018, 39.806633, 0.0)
(34.755344, 39.766087, 0.0)
(34.763401, 39.693851, 0.0)
(34.800251, 38.471806, 0.0)
(34.765980, 38.450401, 0.0)
(34.724323, 38.389507, 0.0)
(34.707054, 38.324726, 0.0)
(34.688324, 38.218769, 0.0)
(34.669300, 38.148899, 0.0)
(34.664848, 38.129822, 0.0)
(34.644562, 38.073383, 0.0)
(34.462673, 37.201637, 0.0)
(34.365112, 36.827442, 0.0)
(34.355133, 36.788357, 0.0)
(34.335571, 36.764503, 0.0)
(34.325924, 36.738628, 0.0)
(34.346043, 36.685879, 0.0)
(34.335072, 36.650051, 0.0)
(34.349182, 36.573433, 0.0)
(34.353188, 35.956562, 0.0)
(34.342720, 35.205292, 0.0)
(34.339310, 35.183414, 0.0)
(34.329548, 35.209202, 0.0)
(34.331131, 35.163654, 0.0)
(34.341583, 35.105377, 0.0)
(34.374790, 35.008476, 0.0)
(34.390377, 34.927620, 0.0)
(34.171150, 33.501339, 0.0)
(34.044827, 32.903255, 0.0)
(34.063793, 32.999355, 0.0)
(34.029259, 33.087067, 0.0)
(34.019421, 33.110619, 0.0)
(34.025654, 33.110611, 0.0)
(34.025654, 33.110611, 0.0)
(34.027699, 33.082733, 0.0)
(34.061619, 33.039242, 0.0)
(34.027699, 33.028339, 0.0)
(34.062748, 33.006004, 0.0)
(34.028294, 33.035614, 0.0)
(34.026829, 33.066555, 0.0)
(34.187420, 32.809734, 0.0)
(34.313927, 32.195496, 0.0)
(34.286686, 32.179081, 0.0)
(34.305389, 32.175632, 0.0)
(34.305389, 32.175632, 0.0)
(34.267452, 32.195797, 0.0)
(34.259129, 32.230625, 0.0)
(34.246685, 32.236496, 0.0)
(34.218147, 32.247154, 0.0)
(34.218651, 32.254505, 0.0)
(34.151955, 32.255196, 0.0)
(34.130779, 32.274975, 0.0)
(34.111050, 32.266281, 0.0)
(34.005634, 32.383602, 0.0)
(33.699028, 33.117332, 0.0)
(33.663288, 33.243011, 0.0)
(33.662315, 33.277550, 0.0)
(33.663788, 33.344185, 0.0)
(33.665928, 33.353371, 0.0)
(33.660488, 33.368778, 0.0)
(33.661201, 33.361694, 0.0)
(33.687801, 33.355396, 0.0)
(33.799549, 33.736488, 0.0)
(33.824486, 33.981304, 0.0)
(33.782509, 34.081966, 0.0)
(33.765240, 34.140156, 0.0)
(33.727032, 33.995453, 0.0)
(33.613941, 34.525146, 0.0)
(33.636131, 34.845444, 0.0)
(33.689747, 35.243313, 0.0)
(33.641914, 35.339451, 0.0)
(33.618103, 35.451149, 0.0)
(33.596706, 35.507298, 0.0)
(33.595795, 35.577751, 0.0)
(33.587063, 35.593636, 0.0)
(33.574024, 35.642815, 0.0)
(33.580948, 35.731815, 0.0)
(33.577305, 35.791595, 0.0)
(33.564808, 35.860497, 0.0)
(33.734421, 36.441360, 0.0)
(34.019840, 38.364941, 0.0)
(34.121578, 39.179485, 0.0)
(34.139866, 39.234333, 0.0)
(34.111664, 39.250263, 0.0)
(34.071857, 39.327702, 0.0)
(34.052212, 39.389717, 0.0)
(34.028011, 39.405827, 0.0)
(34.019314, 39.414406, 0.0)
(33.859161, 38.471706, 0.0)
(33.866341, 38.435089, 0.0)
(33.862041, 38.475212, 0.0)
(33.864243, 38.515202, 0.0)
(33.858349, 38.581951, 0.0)
(33.856285, 38.599010, 0.0)
(33.869629, 38.621906, 0.0)
(33.863659, 38.668427, 0.0)
(33.878101, 38.813023, 0.0)
(34.463833, 40.139755, 0.0)
(34.435810, 40.259033, 0.0)
(34.422607, 40.281483, 0.0)
(34.432381, 40.261520, 0.0)
(34.423832, 40.278660, 0.0)
(34.409969, 40.259830, 0.0)
(34.386532, 40.274555, 0.0)
(34.273212, 40.312794, 0.0)
(34.200184, 40.287533, 0.0)
(34.191471, 40.294224, 0.0)
(34.181740, 40.299393, 0.0)
(34.178593, 40.296288, 0.0)
(34.169189, 40.268898, 0.0)
(34.174736, 40.266258, 0.0)
(34.185650, 40.242474, 0.0)
(34.174698, 40.221317, 0.0)
(34.180447, 40.250179, 0.0)
(34.183826, 40.249481, 0.0)
(34.178894, 40.248631, 0.0)
(34.195072, 40.225365, 0.0)
(34.184917, 40.237244, 0.0)
(34.211098, 40.260811, 0.0)
(34.217918, 40.251205, 0.0)
(34.252361, 40.213364, 0.0)
(34.226604, 40.213184, 0.0)
(34.203598, 40.234417, 0.0)
(34.207336, 40.244183, 0.0)
(34.196732, 40.225868, 0.0)
(34.195465, 40.222702, 0.0)
(34.211468, 40.238220, 0.0)
(34.213814, 40.241493, 0.0)
(34.197411, 40.227772, 0.0)
(34.216408, 40.219627, 0.0)
(34.210846, 40.214382, 0.0)
(34.216663, 40.214008, 0.0)
(34.212769, 40.222942, 0.0)
