(34.782585, 24.896595, 0.0)
(34.699055, 24.023048, 0.0)
(34.665325, 23.437046, 0.0)
(34.737076, 23.011929, 0.0)
(34.782124, 22.781656, 0.0)
(34.792976, 22.610441, 0.0)
(34.880299, 22.448318, 0.0)
(34.935173, 22.348063, 0.0)
(34.726368, 22.291195, 0.0)
(34.751846, 22.262695, 0.0)
(34.803467, 22.223846, 0.0)
(34.842239, 22.223490, 0.0)
(34.887321, 22.174078, 0.0)
(34.877216, 22.194206, 0.0)
(34.939026, 22.195265, 0.0)
(35.111649, 22.160233, 0.0)
(35.132328, 22.202976, 0.0)
(35.119793, 22.197014, 0.0)
(35.164494, 22.222685, 0.0)
(35.170933, 22.215651, 0.0)
(35.181747, 22.192627, 0.0)
(35.072147, 22.176569, 0.0)
(35.037334, 22.140631, 0.0)
(35.050373, 22.148901, 0.0)
(35.055740, 22.158241, 0.0)
(35.065594, 22.173294, 0.0)
(35.065769, 22.167152, 0.0)
(35.065594, 22.173294, 0.0)
(35.057289, 22.163939, 0.0)
(35.067158, 22.160559, 0.0)
(35.177223, 22.133753, 0.0)
(35.186871, 22.134310, 0.0)
(35.177223, 22.133753, 0.0)
(35.183273, 22.126371, 0.0)
(35.181923, 22.137062, 0.0)
(35.186871, 22.138775, 0.0)
(35.191593, 22.137623, 0.0)
(35.177223, 22.133753, 0.0)
(35.187099, 22.136621, 0.0)
(35.177223, 22.133753, 0.0)
(35.187099, 22.137732, 0.0)
(35.168148, 22.121283, 0.0)
(35.173061, 22.122458, 0.0)
(35.160576, 22.134659, 0.0)
(35.173843, 22.147882, 0.0)
(35.137535, 22.126011, 0.0)
(35.142521, 22.150669, 0.0)
(35.087200, 22.187508, 0.0)
(35.048496, 22.189308, 0.0)
(35.040611, 22.195745, 0.0)
(35.035027, 22.184353, 0.0)
(35.022923, 22.196817, 0.0)
(35.029697, 22.185146, 0.0)
(35.037548, 22.177391, 0.0)
(35.035797, 22.197571, 0.0)
(35.226627, 22.203617, 0.0)
(35.263214, 22.219849, 0.0)
(35.238026, 22.222923, 0.0)
(35.264843, 22.219849, 0.0)
(35.260471, 22.222857, 0.0)
(35.251019, 22.207947, 0.0)
(35.247047, 22.196121, 0.0)
(35.241245, 22.180239, 0.0)
(35.258919, 22.195757, 0.0)
(35.265194, 22.202658, 0.0)
(35.254005, 22.235550, 0.0)
(35.249210, 22.223513, 0.0)
(35.250641, 22.248676, 0.0)
(35.268322, 22.253206, 0.0)
(35.268566, 22.290764, 0.0)
(35.261791, 22.264639, 0.0)
(35.268406, 22.249521, 0.0)
(35.284626, 22.275997, 0.0)
(35.282978, 22.272568, 0.0)
(35.248230, 22.323624, 0.0)
(35.255424, 22.290094, 0.0)
(35.260029, 22.307121, 0.0)
(35.285553, 22.319166, 0.0)
(35.280823, 22.332031, 0.0)
(35.276730, 22.378473, 0.0)
(35.270596, 22.318409, 0.0)
(35.259342, 22.314898, 0.0)
(35.242172, 22.278761, 0.0)
(35.119965, 22.121183, 0.0)
(35.126362, 22.128302, 0.0)
(35.119682, 22.181299, 0.0)
(35.119080, 22.155701, 0.0)
(35.115303, 22.151533, 0.0)
(35.119637, 22.175291, 0.0)
(35.134274, 22.192366, 0.0)
(35.099648, 22.149254, 0.0)
(35.034142, 23.288616, 0.0)
(34.990829, 23.439213, 0.0)
(34.852253, 22.753231, 0.0)
(34.911972, 22.331680, 0.0)
(34.910515, 22.128397, 0.0)
(34.960209, 22.043255, 0.0)
(34.985153, 22.018816, 0.0)
(34.990311, 22.025324, 0.0)
(35.005459, 22.020941, 0.0)
(34.999218, 22.037422, 0.0)
(34.988449, 22.021875, 0.0)
(35.002174, 22.066233, 0.0)
(35.344158, 22.149939, 0.0)
(35.343681, 22.162395, 0.0)
(35.319283, 22.144487, 0.0)
(35.323734, 22.137117, 0.0)
(35.329479, 22.111185, 0.0)
(35.336178, 22.131063, 0.0)
(35.335533, 22.106026, 0.0)
(35.334831, 22.107565, 0.0)
(35.332161, 22.101864, 0.0)
(35.215233, 22.047318, 0.0)
(35.193653, 22.036949, 0.0)
(35.184502, 22.023348, 0.0)
(35.179813, 22.022598, 0.0)
(35.177059, 22.027456, 0.0)
(35.177864, 22.055990, 0.0)
(35.177059, 22.045294, 0.0)
(35.165318, 22.017435, 0.0)
(35.165527, 21.993643, 0.0)
(35.160976, 22.019812, 0.0)
(35.159290, 22.037830, 0.0)
(35.158707, 22.072292, 0.0)
(35.166706, 22.062769, 0.0)
(35.166531, 22.074726, 0.0)
(35.142361, 22.061003, 0.0)
(35.128563, 22.049631, 0.0)
(35.132530, 22.044132, 0.0)
(35.138912, 22.022627, 0.0)
(35.126541, 22.031004, 0.0)
(35.113621, 22.029116, 0.0)
(35.111782, 22.034555, 0.0)
(35.113621, 22.029116, 0.0)
(35.113621, 22.029116, 0.0)
(35.339401, 22.050102, 0.0)
(35.351803, 22.063778, 0.0)
(35.350727, 22.100536, 0.0)
(35.350380, 22.111662, 0.0)
(35.337433, 22.107836, 0.0)
(35.345177, 22.070280, 0.0)
(35.339924, 22.040409, 0.0)
(35.319481, 22.038088, 0.0)
(35.321194, 22.030769, 0.0)
(35.317238, 22.032751, 0.0)
(35.528503, 22.147322, 0.0)
(35.936539, 22.342827, 0.0)
(35.953011, 22.388090, 0.0)
(35.945492, 22.400444, 0.0)
(35.945492, 22.400444, 0.0)
(35.934258, 22.380272, 0.0)
(35.951321, 22.368223, 0.0)
(35.196888, 22.171709, 0.0)
(35.166466, 22.143663, 0.0)
(35.193989, 22.104351, 0.0)
(35.199032, 22.116901, 0.0)
(35.204060, 22.109573, 0.0)
(35.202602, 22.120966, 0.0)
(35.211983, 22.134190, 0.0)
(35.213242, 22.145775, 0.0)
(35.218292, 22.092308, 0.0)
(35.242393, 22.091410, 0.0)
(35.252407, 22.070011, 0.0)
(35.263088, 22.039560, 0.0)
(35.254562, 22.040033, 0.0)
(35.259094, 22.071939, 0.0)
(35.255230, 22.056347, 0.0)
(35.271034, 22.027454, 0.0)
(35.279514, 22.002367, 0.0)
(37.961761, 23.410763, 0.0)
(40.398468, 25.444534, 0.0)
(41.568134, 27.008074, 0.0)
(42.246330, 28.168638, 0.0)
(42.295830, 28.233370, 0.0)
(42.300915, 28.200747, 0.0)
(42.291080, 28.195589, 0.0)
(42.327248, 28.155979, 0.0)
(42.320461, 28.109539, 0.0)
(42.328411, 28.082104, 0.0)
(42.333687, 28.060299, 0.0)
(42.329887, 28.064024, 0.0)
(42.319904, 28.029459, 0.0)
(42.323700, 28.007999, 0.0)
(42.333012, 27.947977, 0.0)
(42.308235, 27.924927, 0.0)
(42.310356, 27.941942, 0.0)
(42.306419, 27.938461, 0.0)
(42.306839, 27.938461, 0.0)
(42.304291, 27.924643, 0.0)
(42.261356, 27.871357, 0.0)
(42.261105, 27.880430, 0.0)
(42.248734, 27.857256, 0.0)
(41.830837, 26.737833, 0.0)
(41.804390, 26.618294, 0.0)
(41.809864, 26.619259, 0.0)
(41.809864, 26.619259, 0.0)
(41.815861, 26.622486, 0.0)
(41.812943, 26.579212, 0.0)
(41.796749, 26.582827, 0.0)
(41.802578, 26.572159, 0.0)
(41.802578, 26.572159, 0.0)
(41.802578, 26.572159, 0.0)
(41.799023, 26.566273, 0.0)
(41.795444, 26.565636, 0.0)
(41.794243, 26.535501, 0.0)
(41.790817, 26.520754, 0.0)
(41.851871, 25.632782, 0.0)
(41.998283, 22.029045, 0.0)
(42.102619, 20.512821, 0.0)
(42.075935, 20.150232, 0.0)
(41.981262, 20.117016, 0.0)
(41.955101, 20.134525, 0.0)
(42.012878, 19.956202, 0.0)
(42.012871, 19.860281, 0.0)
(41.998943, 19.860033, 0.0)
(41.962013, 19.891575, 0.0)
(41.937092, 19.856928, 0.0)
(41.922173, 19.923891, 0.0)
(41.908840, 19.868349, 0.0)
(41.882095, 19.858669, 0.0)
(41.908768, 19.882113, 0.0)
(41.875996, 19.870377, 0.0)
(41.831131, 19.847507, 0.0)
(41.787830, 19.860956, 0.0)
(41.783573, 19.863327, 0.0)
(41.753216, 19.845264, 0.0)
(41.738834, 19.813286, 0.0)
(41.741299, 19.772308, 0.0)
(41.732166, 19.774130, 0.0)
(41.726910, 19.824957, 0.0)
(41.712482, 19.859293, 0.0)
(41.703110, 19.844191, 0.0)
(41.698124, 19.827890, 0.0)
(41.689976, 19.813778, 0.0)
(41.678242, 19.812523, 0.0)
(41.668278, 19.859875, 0.0)
(41.660580, 19.868784, 0.0)
(41.665211, 19.837990, 0.0)
(41.642605, 19.810759, 0.0)
(41.641205, 19.839622, 0.0)
(41.619938, 19.857903, 0.0)
(41.618038, 19.804417, 0.0)
(41.192318, 19.722126, 0.0)
(37.066711, 19.102381, 0.0)
(0.000000, 0.000000, 1.0)
(29.278791, 26.000000, 0.0)
(28.532175, 26.502563, 0.0)
(28.245741, 26.508011, 0.0)
(28.167730, 26.443398, 0.0)
(28.121698, 26.426163, 0.0)
(27.875463, 26.875980, 0.0)
(27.115137, 27.728390, 0.0)
(27.008289, 27.873377, 0.0)
(26.960348, 27.847773, 0.0)
(26.948740, 27.813190, 0.0)
(26.944901, 27.819368, 0.0)
(26.919304, 27.834045, 0.0)
(26.917522, 27.844635, 0.0)
(26.925196, 27.828959, 0.0)
(26.916389, 27.821791, 0.0)
(26.908119, 27.818140, 0.0)
(26.923111, 27.804842, 0.0)
(26.907267, 27.803009, 0.0)
(26.915525, 27.799400, 0.0)
(26.907267, 27.803009, 0.0)
(26.919119, 27.802622, 0.0)
(26.924025, 27.802238, 0.0)
(26.926846, 27.822598, 0.0)
(26.924730, 27.810461, 0.0)
(26.917477, 27.780220, 0.0)
(26.914783, 27.753296, 0.0)
(26.906818, 27.738047, 0.0)
(26.921431, 27.722137, 0.0)
(27.006111, 26.972120, 0.0)
(26.825817, 23.333519, 0.0)
(26.526281, 20.933561, 0.0)
(26.536774, 20.358158, 0.0)
(26.519056, 20.515255, 0.0)
(26.524458, 20.553581, 0.0)
(26.496416, 20.619469, 0.0)
(26.331900, 20.052320, 0.0)
(26.316936, 19.862387, 0.0)
(26.310516, 19.888260, 0.0)
(26.296520, 19.914009, 0.0)
(26.286179, 19.915789, 0.0)
(26.275970, 19.932562, 0.0)
(26.262331, 19.921068, 0.0)
(26.233574, 19.965927, 0.0)
(26.265516, 19.979486, 0.0)
(26.245344, 19.973768, 0.0)
(26.234762, 19.933588, 0.0)
(26.237467, 19.921700, 0.0)
(26.266617, 19.872244, 0.0)
(26.246014, 19.913422, 0.0)
(26.227917, 19.922550, 0.0)
(26.232552, 19.921646, 0.0)
(26.229324, 19.918339, 0.0)
(26.251640, 19.906536, 0.0)
(26.238726, 19.934290, 0.0)
(26.234257, 19.938000, 0.0)
(26.235300, 19.939386, 0.0)
(26.238726, 19.934290, 0.0)
(26.268984, 19.917454, 0.0)
(26.280336, 19.923820, 0.0)
(26.276836, 19.920717, 0.0)
(26.275076, 19.907692, 0.0)
(26.288174, 19.894442, 0.0)
(26.278769, 19.898338, 0.0)
(26.297007, 19.892111, 0.0)
(26.283480, 19.896610, 0.0)
(26.288635, 19.904587, 0.0)
(26.273350, 19.891125, 0.0)
(26.277056, 19.832710, 0.0)
(26.255999, 19.828100, 0.0)
(26.251930, 19.817425, 0.0)
(26.255999, 19.828100, 0.0)
(26.470957, 19.797869, 0.0)
(32.545383, 20.442331, 0.0)
(33.875736, 21.074642, 0.0)
(34.018066, 21.157438, 0.0)
(34.001354, 21.145576, 0.0)
(34.900482, 21.918814, 0.0)
(35.021393, 22.053112, 0.0)
(35.012524, 21.998291, 0.0)
(35.096630, 22.005329, 0.0)
(35.111176, 21.984219, 0.0)
(35.320599, 22.135860, 0.0)
(35.372978, 22.164665, 0.0)
(35.352077, 22.156631, 0.0)
(35.348907, 22.162275, 0.0)
(35.346756, 22.156090, 0.0)
(35.334946, 22.177343, 0.0)
(35.362465, 22.143290, 0.0)
(35.177555, 22.057316, 0.0)
(35.174805, 22.031830, 0.0)
(35.155483, 21.987484, 0.0)
(35.155590, 21.981945, 0.0)
(35.170662, 22.022194, 0.0)
(35.587990, 22.150351, 0.0)
(35.481766, 22.124189, 0.0)
(35.451931, 22.125784, 0.0)
(35.449253, 22.122650, 0.0)
(35.468029, 22.124384, 0.0)
(35.485527, 22.132462, 0.0)
(35.476822, 22.115004, 0.0)
(35.480568, 22.077930, 0.0)
(35.480568, 22.077930, 0.0)
(35.493252, 22.056021, 0.0)
(35.500172, 22.043892, 0.0)
(35.485603, 22.049965, 0.0)
(35.481129, 22.049774, 0.0)
(35.464127, 22.068779, 0.0)
(35.463352, 22.074514, 0.0)
(35.484356, 22.068794, 0.0)
(35.471504, 22.048094, 0.0)
(35.447281, 22.019081, 0.0)
(33.636349, 23.062511, 0.0)
(30.240705, 25.697517, 0.0)
(28.172926, 27.438114, 0.0)
(27.954884, 27.512554, 0.0)
(27.914658, 27.490314, 0.0)
(27.910015, 27.455778, 0.0)
(27.924215, 27.433744, 0.0)
(28.146957, 27.404432, 0.0)
(30.153166, 27.170713, 0.0)
(30.278618, 27.125212, 0.0)
(30.296442, 27.092577, 0.0)
(30.375534, 27.060844, 0.0)
(30.458670, 27.053846, 0.0)
(31.738739, 27.246489, 0.0)
(32.357468, 27.337152, 0.0)
(32.577728, 27.265966, 0.0)
(32.760109, 27.223324, 0.0)
(32.982822, 27.205259, 0.0)
(33.189400, 27.169621, 0.0)
(34.457214, 27.172764, 0.0)
(34.805439, 27.144695, 0.0)
(35.019527, 27.105986, 0.0)
(35.231449, 27.084476, 0.0)
(35.817249, 27.161827, 0.0)
(36.372696, 27.278933, 0.0)
(36.542362, 27.297054, 0.0)
(36.731838, 27.253315, 0.0)
(36.866039, 27.272575, 0.0)
(37.045200, 27.265890, 0.0)
(38.341122, 27.051884, 0.0)
(38.499752, 27.030312, 0.0)
(38.580147, 27.076532, 0.0)
(38.733189, 27.086159, 0.0)
(38.868534, 27.088240, 0.0)
(40.706230, 27.371935, 0.0)
(41.306133, 27.145405, 0.0)
(41.417786, 27.097397, 0.0)
(41.412418, 27.153103, 0.0)
(41.432468, 27.171345, 0.0)
(41.456779, 27.213831, 0.0)
(42.138634, 27.545835, 0.0)
(42.476021, 27.549599, 0.0)
(42.435581, 27.492435, 0.0)
(42.436607, 27.455898, 0.0)
(42.419277, 27.447674, 0.0)
(42.424252, 27.449976, 0.0)
(42.434364, 27.443600, 0.0)
(42.422852, 27.430323, 0.0)
(42.407810, 27.419174, 0.0)
(42.407810, 27.419174, 0.0)
(42.376034, 27.374146, 0.0)
(42.368298, 27.351500, 0.0)
(42.295357, 26.843176, 0.0)
(42.306240, 26.723394, 0.0)
(42.265144, 26.715698, 0.0)
(42.262444, 26.670923, 0.0)
(41.131836, 26.992239, 0.0)
(40.944248, 26.897095, 0.0)
(40.893795, 26.862457, 0.0)
(40.769745, 26.844366, 0.0)
(40.659222, 26.838173, 0.0)
(39.573654, 27.017672, 0.0)
(39.377357, 26.967936, 0.0)
(39.292664, 26.942993, 0.0)
(39.117523, 26.858471, 0.0)
(39.012005, 26.844576, 0.0)
(38.883965, 26.846325, 0.0)
(37.574749, 26.725992, 0.0)
(37.417088, 26.730928, 0.0)
(37.305481, 26.726406, 0.0)
(37.160969, 26.706223, 0.0)
(37.039021, 26.689587, 0.0)
(35.333534, 26.658798, 0.0)
(34.601688, 26.579138, 0.0)
(34.469097, 26.578827, 0.0)
(34.380543, 26.562454, 0.0)
(34.205185, 26.580147, 0.0)
(34.121910, 26.599979, 0.0)
(33.979115, 26.600147, 0.0)
(32.263138, 26.948223, 0.0)
(30.134832, 26.961601, 0.0)
(29.899460, 27.072130, 0.0)
(29.784697, 27.049345, 0.0)
(29.751060, 27.081367, 0.0)
(29.700964, 27.069744, 0.0)
(29.636921, 27.032904, 0.0)
(29.596436, 27.006744, 0.0)
(29.500595, 27.083391, 0.0)
(28.901455, 27.196293, 0.0)
(28.729038, 27.261158, 0.0)
(28.709461, 27.254766, 0.0)
(28.678860, 27.244593, 0.0)
(27.694151, 27.335905, 0.0)
(27.504372, 27.318571, 0.0)
(27.432707, 27.328348, 0.0)
(27.370491, 27.306284, 0.0)
(27.350273, 27.309860, 0.0)
(27.333866, 27.341917, 0.0)
(27.314585, 27.348398, 0.0)
(27.311993, 27.357000, 0.0)
(27.298496, 27.342140, 0.0)
(26.862890, 27.059370, 0.0)
(26.802473, 27.008856, 0.0)
(26.828865, 26.973574, 0.0)
(26.889681, 26.954283, 0.0)
(26.934689, 26.872379, 0.0)
(26.979832, 26.781185, 0.0)
(27.064905, 26.738022, 0.0)
(27.124691, 26.608791, 0.0)
(28.453341, 26.390305, 0.0)
(28.640961, 26.314941, 0.0)
(28.799263, 26.276310, 0.0)
(29.038683, 26.211439, 0.0)
(29.280605, 26.237604, 0.0)
(29.465509, 26.143837, 0.0)
(29.811813, 26.070784, 0.0)
(30.837526, 26.432503, 0.0)
(31.258694, 26.450935, 0.0)
(31.531174, 26.404644, 0.0)
(31.870115, 26.418713, 0.0)
(32.122555, 26.430248, 0.0)
(32.481266, 26.359571, 0.0)
(33.544312, 26.348501, 0.0)
(34.758583, 26.042925, 0.0)
(34.996197, 25.986547, 0.0)
(35.281189, 26.045708, 0.0)
(35.455116, 26.035589, 0.0)
(35.644379, 26.064793, 0.0)
(37.937511, 26.173956, 0.0)
(38.186661, 26.251965, 0.0)
(38.264252, 26.267668, 0.0)
(38.314487, 26.219017, 0.0)
(38.366566, 26.170610, 0.0)
(38.427448, 26.215782, 0.0)
(38.495979, 26.225006, 0.0)
(38.547916, 26.242510, 0.0)
(39.059219, 26.462761, 0.0)
(40.972366, 26.625561, 0.0)
(41.181225, 26.600861, 0.0)
(41.213898, 26.609682, 0.0)
(41.240215, 26.631021, 0.0)
(41.259663, 26.621819, 0.0)
(41.276924, 26.639948, 0.0)
(41.301853, 26.635202, 0.0)
(41.346100, 26.611547, 0.0)
(41.385857, 26.616062, 0.0)
(41.426109, 26.636148, 0.0)
(41.460617, 26.644323, 0.0)
(42.101402, 26.007860, 0.0)
(42.229252, 25.844994, 0.0)
(42.237843, 25.847321, 0.0)
(42.229210, 25.884743, 0.0)
(42.231102, 25.892454, 0.0)
(42.224667, 25.852085, 0.0)
(42.244484, 25.857067, 0.0)
(42.205814, 25.837170, 0.0)
(42.207329, 25.850367, 0.0)
(42.204391, 25.884956, 0.0)
(42.177921, 25.930807, 0.0)
(42.164837, 25.926603, 0.0)
(42.138813, 25.892197, 0.0)
(41.237854, 26.348125, 0.0)
(41.026199, 26.398575, 0.0)
(40.959122, 26.316511, 0.0)
(40.843956, 26.325506, 0.0)
(40.739788, 26.278601, 0.0)
(40.610523, 26.281338, 0.0)
(39.696003, 26.368700, 0.0)
(39.489891, 26.377731, 0.0)
(39.352421, 26.307812, 0.0)
(39.179874, 26.361813, 0.0)
(39.070049, 26.379898, 0.0)
(37.950706, 26.318331, 0.0)
(37.694714, 26.349857, 0.0)
(37.543343, 26.375181, 0.0)
(37.351875, 26.295771, 0.0)
(37.213131, 26.283812, 0.0)
(35.884392, 26.101858, 0.0)
(35.616783, 26.101759, 0.0)
(35.426186, 26.119946, 0.0)
(35.230652, 26.102528, 0.0)
(35.103809, 26.088785, 0.0)
(34.868687, 26.079695, 0.0)
(32.579876, 25.982639, 0.0)
(32.352814, 25.990780, 0.0)
(32.220612, 25.990494, 0.0)
(32.129295, 25.977734, 0.0)
(32.017746, 25.986242, 0.0)
(31.950396, 25.988518, 0.0)
(31.857601, 25.995800, 0.0)
(31.761671, 25.965681, 0.0)
(31.713131, 25.976986, 0.0)
(30.033792, 26.249310, 0.0)
(29.831036, 26.262722, 0.0)
(29.781242, 26.271654, 0.0)
(29.693125, 26.286829, 0.0)
(29.646309, 26.258789, 0.0)
(29.418692, 26.266388, 0.0)
(28.193115, 26.066830, 0.0)
(28.002178, 26.076441, 0.0)
(27.975273, 26.148863, 0.0)
(27.947002, 26.134224, 0.0)
(27.939505, 26.098631, 0.0)
(26.882805, 26.230713, 0.0)
(26.616331, 26.198465, 0.0)
(26.605125, 26.204702, 0.0)
(26.642805, 26.195683, 0.0)
(26.647871, 26.146297, 0.0)
(26.694250, 26.116367, 0.0)
(26.758106, 26.117804, 0.0)
(26.766285, 26.064295, 0.0)
(26.808065, 25.952957, 0.0)
(26.867222, 25.891237, 0.0)
(26.942238, 25.849695, 0.0)
(27.734425, 25.821795, 0.0)
(28.334496, 25.802691, 0.0)
(28.559475, 25.754831, 0.0)
(28.733528, 25.652718, 0.0)
(29.029636, 25.547312, 0.0)
(29.234911, 25.460037, 0.0)
(30.514835, 25.498667, 0.0)
(30.964525, 25.544092, 0.0)
(31.254745, 25.476923, 0.0)
(31.500933, 25.436815, 0.0)
(31.817659, 25.450285, 0.0)
(32.133110, 25.382219, 0.0)
(32.447735, 25.353474, 0.0)
(32.793846, 25.341261, 0.0)
(35.693130, 25.117584, 0.0)
(35.961708, 25.169037, 0.0)
(36.148884, 25.181692, 0.0)
(36.288441, 25.214615, 0.0)
(36.432617, 25.200193, 0.0)
(36.569893, 25.194000, 0.0)
(36.748379, 25.244925, 0.0)
(36.913147, 25.237780, 0.0)
(37.000721, 25.272844, 0.0)
(37.166801, 25.272188, 0.0)
(37.372337, 25.289387, 0.0)
(37.538181, 25.281773, 0.0)
(37.675785, 25.292700, 0.0)
(40.293209, 25.810087, 0.0)
(40.370197, 25.814537, 0.0)
(40.425449, 25.841671, 0.0)
(40.461922, 25.837650, 0.0)
(40.530552, 25.876638, 0.0)
(40.565239, 25.894184, 0.0)
(40.591648, 25.902746, 0.0)
(40.631516, 25.918085, 0.0)
(40.675858, 25.960711, 0.0)
(40.760807, 25.982853, 0.0)
(41.606140, 26.161169, 0.0)
(42.253868, 26.040979, 0.0)
(42.330368, 26.076958, 0.0)
(42.284557, 26.075750, 0.0)
(42.246304, 26.097355, 0.0)
(42.246647, 26.077827, 0.0)
(42.254124, 26.075525, 0.0)
(42.236042, 26.075083, 0.0)
(42.219864, 26.056665, 0.0)
(42.250656, 26.018406, 0.0)
(42.261292, 25.998747, 0.0)
(42.315193, 25.705185, 0.0)
(42.307343, 25.696722, 0.0)
(42.251270, 25.648792, 0.0)
(42.231800, 25.642927, 0.0)
(42.204033, 25.617931, 0.0)
(42.146420, 25.578342, 0.0)
(40.837021, 25.421797, 0.0)
(40.651424, 25.370987, 0.0)
(40.562782, 25.372673, 0.0)
(40.339695, 25.295084, 0.0)
(40.142422, 25.227865, 0.0)
(39.130955, 25.356817, 0.0)
(38.829224, 25.351236, 0.0)
(38.621902, 25.359373, 0.0)
(38.429855, 25.316708, 0.0)
(38.192860, 25.267204, 0.0)
(38.086525, 25.283453, 0.0)
(37.950863, 25.266544, 0.0)
(37.001995, 25.260300, 0.0)
(36.790783, 25.198519, 0.0)
(36.647110, 25.131031, 0.0)
(36.553669, 25.155334, 0.0)
(36.416183, 25.108559, 0.0)
(35.316540, 25.096771, 0.0)
(35.100929, 25.088362, 0.0)
(34.957325, 25.063511, 0.0)
(34.823811, 25.047485, 0.0)
(33.649559, 25.212439, 0.0)
(32.933540, 25.138510, 0.0)
(32.789997, 25.102821, 0.0)
(32.686192, 25.112181, 0.0)
(32.577965, 25.081081, 0.0)
(29.838743, 25.350872, 0.0)
(29.223110, 25.428040, 0.0)
(29.132662, 25.463205, 0.0)
(29.077690, 25.468021, 0.0)
(29.024429, 25.471193, 0.0)
(28.971172, 25.494896, 0.0)
(28.712572, 25.592957, 0.0)
(26.979221, 25.767469, 0.0)
(26.809269, 25.795815, 0.0)
(26.781523, 25.782982, 0.0)
(26.754099, 25.835394, 0.0)
(26.748560, 25.905800, 0.0)
(26.751150, 25.941555, 0.0)
(26.724611, 25.914879, 0.0)
(26.700729, 25.901350, 0.0)
(26.697941, 25.897251, 0.0)
(26.678932, 25.881886, 0.0)
(26.672503, 25.890549, 0.0)
(26.678932, 25.881886, 0.0)
(26.684742, 25.837299, 0.0)
(26.704657, 25.836773, 0.0)
(26.563147, 25.516890, 0.0)
(26.490259, 25.231226, 0.0)
(26.537647, 25.162445, 0.0)
(26.595863, 25.116709, 0.0)
(26.748129, 25.105400, 0.0)
(27.661011, 24.981733, 0.0)
(28.111866, 25.006788, 0.0)
(28.339363, 24.884478, 0.0)
(28.586142, 24.724150, 0.0)
(28.852863, 24.642056, 0.0)
(29.113234, 24.582109, 0.0)
(30.419987, 24.584822, 0.0)
(30.730867, 24.617050, 0.0)
(30.983583, 24.571487, 0.0)
(31.164637, 24.511028, 0.0)
(31.376022, 24.477522, 0.0)
(31.558571, 24.440975, 0.0)
(31.789026, 24.458490, 0.0)
(33.250393, 24.501896, 0.0)
(33.536167, 24.522057, 0.0)
(33.693474, 24.548470, 0.0)
(33.946857, 24.508919, 0.0)
(34.122791, 24.499737, 0.0)
(34.569111, 24.534012, 0.0)
(36.799755, 24.372280, 0.0)
(36.918427, 24.380339, 0.0)
(37.039803, 24.424175, 0.0)
(37.186497, 24.374535, 0.0)
(37.330017, 24.395699, 0.0)
(37.362850, 24.319912, 0.0)
(39.758923, 24.548805, 0.0)
(40.055920, 24.648777, 0.0)
(40.057529, 24.679346, 0.0)
(40.087082, 24.696787, 0.0)
(40.086613, 24.703297, 0.0)
(40.111256, 24.709459, 0.0)
(40.141663, 24.712088, 0.0)
(40.194332, 24.742741, 0.0)
(40.243496, 24.719566, 0.0)
(40.295628, 24.756628, 0.0)
(40.401268, 24.796957, 0.0)
(40.466263, 24.784145, 0.0)
(41.755733, 25.093643, 0.0)
(41.889553, 25.090656, 0.0)
(41.904442, 25.126719, 0.0)
(41.926334, 25.133854, 0.0)
(41.967339, 25.106497, 0.0)
(41.967339, 25.106497, 0.0)
(41.982185, 25.120178, 0.0)
(41.988438, 25.111834, 0.0)
(42.197536, 25.068451, 0.0)
(42.276123, 24.959421, 0.0)
(42.237823, 24.934515, 0.0)
(42.232143, 24.951950, 0.0)
(42.211452, 24.942427, 0.0)
(42.165520, 24.925119, 0.0)
(42.117962, 24.868622, 0.0)
(42.100281, 24.796280, 0.0)
(40.887173, 24.518311, 0.0)
(40.774063, 24.523880, 0.0)
(40.727703, 24.485191, 0.0)
(40.554207, 24.441629, 0.0)
(40.444092, 24.433422, 0.0)
(40.277554, 24.390724, 0.0)
(38.795677, 24.154737, 0.0)
(38.611996, 24.203365, 0.0)
(38.430897, 24.185081, 0.0)
(38.187996, 24.160000, 0.0)
(38.022587, 24.145800, 0.0)
(37.873528, 24.137882, 0.0)
(37.743820, 24.133699, 0.0)
(37.578560, 24.145920, 0.0)
(36.370903, 23.990711, 0.0)
(36.187801, 23.930233, 0.0)
(36.020630, 23.877396, 0.0)
(35.872158, 23.909967, 0.0)
(35.756226, 23.934586, 0.0)
(35.548496, 23.848898, 0.0)
(34.169598, 23.918390, 0.0)
(33.825584, 23.932665, 0.0)
(33.665398, 23.958246, 0.0)
(33.512051, 23.969284, 0.0)
(33.357311, 23.989122, 0.0)
(33.161102, 23.974464, 0.0)
(32.012249, 24.077024, 0.0)
(31.819057, 24.033604, 0.0)
(31.712267, 24.038502, 0.0)
(31.516966, 24.042727, 0.0)
(31.394785, 24.072237, 0.0)
(30.022486, 24.197842, 0.0)
(29.759418, 24.237169, 0.0)
(29.648865, 24.285648, 0.0)
(29.545536, 24.280952, 0.0)
(29.416315, 24.249393, 0.0)
(28.145761, 24.200888, 0.0)
(26.793518, 23.868853, 0.0)
(26.691330, 23.960314, 0.0)
(26.663298, 24.002283, 0.0)
(26.647734, 24.031664, 0.0)
(26.645878, 24.025951, 0.0)
(26.628132, 24.007179, 0.0)
(26.612083, 23.989895, 0.0)
(26.620005, 24.032633, 0.0)
(26.599371, 24.051031, 0.0)
(26.590714, 24.052109, 0.0)
(26.611176, 24.044010, 0.0)
(26.659191, 24.005672, 0.0)
(26.677309, 23.978998, 0.0)
(26.708172, 23.912361, 0.0)
(26.816256, 23.823776, 0.0)
(26.910524, 23.805935, 0.0)
(27.096357, 23.745302, 0.0)
(28.064844, 24.124466, 0.0)
(28.316336, 24.084330, 0.0)
(28.528753, 24.007187, 0.0)
(28.766518, 23.905857, 0.0)
(29.446941, 23.754932, 0.0)
(30.076300, 23.841198, 0.0)
(30.357174, 23.818602, 0.0)
(30.563263, 23.736324, 0.0)
(30.725191, 23.693258, 0.0)
(30.987644, 23.678717, 0.0)
(31.210791, 23.643393, 0.0)
(31.738533, 23.589466, 0.0)
(32.895443, 23.564230, 0.0)
(33.182693, 23.561005, 0.0)
(33.379696, 23.508337, 0.0)
(33.550610, 23.461866, 0.0)
(33.717827, 23.453930, 0.0)
(35.287540, 23.551104, 0.0)
(35.564068, 23.514246, 0.0)
(35.704193, 23.474970, 0.0)
(35.829819, 23.475279, 0.0)
(35.929989, 23.506458, 0.0)
(36.128384, 23.509607, 0.0)
(39.564266, 23.702314, 0.0)
(40.505245, 23.947578, 0.0)
(40.611713, 23.997751, 0.0)
(40.594704, 24.066977, 0.0)
(40.619057, 24.099257, 0.0)
(41.827881, 24.734713, 0.0)
(42.244968, 24.822609, 0.0)
(42.263359, 24.806906, 0.0)
(42.240036, 24.806355, 0.0)
(42.234600, 24.788811, 0.0)
(42.238102, 24.765882, 0.0)
(42.252613, 24.747137, 0.0)
(42.267586, 24.750351, 0.0)
(42.267586, 24.750351, 0.0)
(42.267570, 24.767403, 0.0)
(42.284298, 24.781162, 0.0)
(42.272869, 24.765057, 0.0)
(42.259792, 24.782820, 0.0)
(42.267296, 24.777000, 0.0)
(42.259129, 24.741463, 0.0)
(42.244896, 24.699219, 0.0)
(42.246239, 24.669491, 0.0)
(42.225742, 24.660412, 0.0)
(42.176926, 23.883940, 0.0)
(42.155792, 23.710476, 0.0)
(42.131332, 23.697849, 0.0)
(42.099068, 23.663746, 0.0)
(42.033253, 23.600365, 0.0)
(42.014484, 23.588470, 0.0)
(40.795185, 23.655384, 0.0)
(40.651279, 23.660910, 0.0)
(40.556671, 23.580107, 0.0)
(40.463356, 23.525509, 0.0)
(40.260841, 23.510357, 0.0)
(40.104145, 23.420815, 0.0)
(39.959949, 23.395945, 0.0)
(38.701832, 23.409000, 0.0)
(38.428898, 23.414381, 0.0)
(38.243130, 23.389822, 0.0)
(38.128250, 23.400000, 0.0)
(38.025860, 23.406775, 0.0)
(37.906910, 23.327480, 0.0)
(37.581379, 23.242676, 0.0)
(36.204891, 22.934439, 0.0)
(36.025715, 22.852314, 0.0)
(35.914486, 22.849329, 0.0)
(35.813702, 22.881096, 0.0)
(35.727852, 22.820084, 0.0)
(35.338150, 22.853365, 0.0)
(34.088879, 22.901148, 0.0)
(33.905411, 22.921211, 0.0)
(33.820877, 22.888096, 0.0)
(33.692909, 22.886436, 0.0)
(33.635479, 22.938406, 0.0)
(32.135689, 23.059250, 0.0)
(31.857666, 23.079163, 0.0)
(31.770313, 23.095652, 0.0)
(31.604385, 23.060663, 0.0)
(31.465570, 23.087662, 0.0)
(31.074533, 23.250757, 0.0)
(29.955990, 23.366636, 0.0)
(29.774223, 23.401770, 0.0)
(29.678513, 23.402832, 0.0)
(29.590151, 23.356802, 0.0)
(29.489233, 23.364370, 0.0)
(27.770473, 23.689030, 0.0)
(27.511343, 23.654606, 0.0)
(27.440170, 23.676317, 0.0)
(27.397333, 23.689260, 0.0)
(27.344471, 23.680098, 0.0)
(27.316620, 23.688545, 0.0)
(27.230310, 23.701935, 0.0)
(26.274035, 23.888247, 0.0)
(26.140326, 23.945967, 0.0)
(26.162014, 23.946045, 0.0)
(26.215250, 23.895971, 0.0)
(26.238672, 23.870968, 0.0)
(26.284763, 23.824738, 0.0)
(26.389580, 23.775711, 0.0)
(26.494127, 23.737469, 0.0)
(26.632561, 23.615747, 0.0)
(26.736927, 23.563028, 0.0)
(27.864752, 23.385553, 0.0)
(28.138422, 23.311283, 0.0)
(28.390282, 23.152342, 0.0)
(28.565271, 23.046793, 0.0)
(28.786970, 23.010424, 0.0)
(29.042892, 22.891846, 0.0)
(29.260288, 22.874397, 0.0)
(30.539789, 22.738352, 0.0)
(30.947321, 22.625004, 0.0)
(31.137472, 22.568115, 0.0)
(31.361069, 22.486176, 0.0)
(31.595503, 22.497379, 0.0)
(31.827473, 22.470713, 0.0)
(32.730270, 22.431320, 0.0)
(33.181278, 22.324020, 0.0)
(33.403000, 22.318537, 0.0)
(33.578552, 22.280010, 0.0)
(33.762726, 22.228802, 0.0)
(34.728813, 22.337809, 0.0)
(35.652840, 22.325340, 0.0)
(35.857574, 22.340521, 0.0)
(36.052517, 22.382156, 0.0)
(36.222294, 22.396923, 0.0)
(36.392731, 22.384504, 0.0)
(36.566029, 22.389120, 0.0)
(37.502304, 22.606983, 0.0)
(39.183777, 22.842979, 0.0)
(39.298908, 22.892792, 0.0)
(39.339684, 22.951118, 0.0)
(39.389523, 22.993441, 0.0)
(41.390999, 23.780220, 0.0)
(42.139969, 23.948900, 0.0)
(42.173409, 23.993147, 0.0)
(42.160847, 24.078112, 0.0)
(42.160847, 24.102324, 0.0)
(42.131168, 24.104141, 0.0)
(42.135696, 24.117102, 0.0)
(42.142506, 24.080740, 0.0)
(42.138050, 24.079638, 0.0)
(42.138329, 24.077604, 0.0)
(42.142506, 24.080740, 0.0)
(42.133614, 24.079142, 0.0)
(41.778507, 23.886414, 0.0)
(41.725700, 23.851782, 0.0)
(41.762562, 23.853254, 0.0)
(41.774677, 23.825834, 0.0)
(41.824116, 23.570662, 0.0)
(41.991486, 23.107765, 0.0)
(41.977634, 23.032639, 0.0)
(41.967213, 23.051414, 0.0)
(41.916893, 23.060087, 0.0)
(41.841164, 23.011301, 0.0)
(41.810497, 22.957792, 0.0)
(40.918541, 22.992613, 0.0)
(40.703640, 22.982121, 0.0)
(40.661793, 22.962404, 0.0)
(40.505779, 22.902748, 0.0)
(40.396961, 22.937014, 0.0)
(39.489891, 22.706974, 0.0)
(39.328220, 22.725222, 0.0)
(39.234013, 22.641687, 0.0)
(39.109489, 22.649729, 0.0)
(38.965694, 22.559975, 0.0)
(37.660187, 22.151075, 0.0)
(36.516438, 23.144163, 0.0)
(36.437798, 22.720402, 0.0)
(36.225067, 22.007401, 0.0)
(36.014748, 21.714840, 0.0)
(35.831234, 21.621321, 0.0)
(35.681789, 21.647650, 0.0)
(35.552719, 21.684645, 0.0)
(35.382076, 21.761127, 0.0)
(35.223831, 21.793034, 0.0)
(33.517212, 21.852755, 0.0)
(33.315208, 21.899204, 0.0)
(33.204674, 21.889242, 0.0)
(32.975559, 21.928518, 0.0)
(32.871391, 21.920776, 0.0)
(32.130154, 22.051146, 0.0)
(31.740852, 22.009319, 0.0)
(31.589577, 22.009634, 0.0)
(31.423830, 22.008602, 0.0)
(31.302849, 22.045090, 0.0)
(30.170944, 22.306051, 0.0)
(29.642672, 22.327145, 0.0)
(29.472277, 22.358831, 0.0)
(29.392200, 22.357172, 0.0)
(29.288179, 22.375210, 0.0)
(29.187130, 22.359047, 0.0)
(26.835688, 22.853157, 0.0)
(26.501743, 22.944054, 0.0)
(26.472477, 22.952263, 0.0)
(26.425083, 22.990273, 0.0)
(26.408297, 22.987059, 0.0)
(26.315992, 22.967691, 0.0)
(26.310398, 22.978308, 0.0)
(26.304512, 22.985321, 0.0)
(26.310137, 22.967422, 0.0)
(26.317427, 22.973166, 0.0)
(26.339113, 22.965128, 0.0)
(26.414869, 22.968754, 0.0)
(26.277128, 22.969542, 0.0)
(25.902790, 23.015636, 0.0)
(25.962666, 22.923077, 0.0)
(26.136908, 22.861601, 0.0)
(26.547276, 22.679970, 0.0)
(27.672247, 22.462606, 0.0)
(27.936440, 22.375385, 0.0)
(28.117771, 22.285320, 0.0)
(28.332668, 22.161043, 0.0)
(28.537550, 22.056778, 0.0)
(28.808895, 21.964064, 0.0)
(29.075123, 21.847410, 0.0)
(30.866970, 21.691982, 0.0)
(31.252045, 21.677202, 0.0)
(31.500042, 21.599554, 0.0)
(31.779139, 21.568312, 0.0)
(32.044155, 21.506998, 0.0)
(32.364471, 21.513458, 0.0)
(32.612156, 21.441570, 0.0)
(32.881439, 21.366348, 0.0)
(33.328495, 21.340321, 0.0)
(34.468594, 21.348719, 0.0)
(34.754791, 21.379261, 0.0)
(34.974785, 21.368931, 0.0)
(35.166721, 21.374001, 0.0)
(35.353699, 21.337038, 0.0)
(37.940239, 21.827707, 0.0)
(38.248692, 21.872110, 0.0)
(38.352425, 21.885580, 0.0)
(38.407398, 21.843983, 0.0)
(38.547279, 21.874601, 0.0)
(40.366058, 22.697514, 0.0)
(40.833179, 22.925005, 0.0)
(40.890118, 22.949865, 0.0)
(40.908981, 23.031305, 0.0)
(40.928394, 23.012041, 0.0)
(40.977169, 22.988033, 0.0)
(41.066402, 23.029129, 0.0)
(41.107357, 23.015072, 0.0)
(41.180260, 23.073452, 0.0)
(41.236935, 23.063068, 0.0)
(41.284683, 23.030128, 0.0)
(41.355545, 23.067589, 0.0)
(42.343624, 23.188215, 0.0)
(42.388657, 23.050325, 0.0)
(42.350792, 23.031796, 0.0)
(42.357437, 23.020737, 0.0)
(42.318813, 23.014750, 0.0)
(42.307453, 23.059820, 0.0)
(42.325710, 23.045115, 0.0)
(42.302025, 23.061539, 0.0)
(42.298996, 23.001781, 0.0)
(42.255516, 22.940659, 0.0)
(41.969517, 22.099705, 0.0)
(41.943024, 21.927208, 0.0)
(41.905201, 21.938786, 0.0)
(41.880699, 21.863918, 0.0)
(40.858971, 22.125528, 0.0)
(40.541603, 22.156849, 0.0)
(40.457241, 22.151445, 0.0)
(40.287769, 22.090685, 0.0)
(40.183697, 22.074242, 0.0)
(40.016979, 22.043560, 0.0)
(38.936031, 21.848963, 0.0)
(38.670494, 21.833052, 0.0)
(38.486347, 21.758663, 0.0)
(38.356529, 21.759689, 0.0)
(38.164654, 21.705008, 0.0)
(37.988194, 21.677740, 0.0)
(37.893982, 21.646996, 0.0)
(37.432819, 21.542761, 0.0)
(36.433525, 21.298351, 0.0)
(36.218601, 21.209511, 0.0)
(36.058609, 21.161789, 0.0)
(35.913269, 21.140829, 0.0)
(35.805729, 21.144897, 0.0)
(34.454330, 20.968079, 0.0)
(34.181667, 20.929670, 0.0)
(34.067566, 20.891350, 0.0)
(33.963852, 20.901531, 0.0)
(33.821434, 20.894855, 0.0)
(32.811733, 21.003941, 0.0)
(32.513985, 21.002161, 0.0)
(32.393745, 20.982279, 0.0)
(32.321060, 20.978241, 0.0)
(31.590799, 21.141098, 0.0)
(30.572702, 21.268194, 0.0)
(30.406141, 21.244389, 0.0)
(30.310673, 21.282995, 0.0)
(30.189230, 21.272875, 0.0)
(30.106285, 21.325214, 0.0)
(28.800978, 21.640024, 0.0)
(28.580677, 21.648979, 0.0)
(28.497906, 21.628153, 0.0)
(28.418253, 21.606003, 0.0)
(28.368149, 21.614819, 0.0)
(27.290735, 22.040749, 0.0)
(26.102158, 22.242418, 0.0)
(26.013102, 22.234257, 0.0)
(25.992123, 22.249693, 0.0)
(25.989052, 22.255459, 0.0)
(25.970434, 22.279102, 0.0)
(25.987835, 22.307222, 0.0)
(26.006451, 22.305740, 0.0)
(26.047478, 22.283627, 0.0)
(26.080116, 22.268324, 0.0)
(26.183998, 22.200100, 0.0)
(26.262686, 22.110062, 0.0)
(26.396273, 22.030769, 0.0)
(26.483124, 21.954967, 0.0)
(27.052629, 21.730333, 0.0)
(27.542551, 21.590158, 0.0)
(27.800253, 21.509457, 0.0)
(28.002790, 21.352785, 0.0)
(28.248129, 21.264069, 0.0)
(28.866667, 21.082563, 0.0)
(29.529888, 20.990349, 0.0)
(29.806280, 20.973831, 0.0)
(30.069412, 20.897844, 0.0)
(30.302881, 20.812630, 0.0)
(30.572140, 20.749893, 0.0)
(31.821545, 20.632607, 0.0)
(32.069637, 20.608387, 0.0)
(32.348686, 20.597023, 0.0)
(32.549755, 20.572479, 0.0)
(32.971565, 20.586916, 0.0)
(34.502937, 20.585909, 0.0)
(34.775330, 20.589447, 0.0)
(34.903545, 20.569519, 0.0)
(35.080021, 20.554104, 0.0)
(35.233753, 20.562729, 0.0)
(37.377232, 21.071718, 0.0)
(38.264725, 21.110245, 0.0)
(38.406574, 21.107552, 0.0)
(38.481625, 21.097530, 0.0)
(38.554726, 21.123753, 0.0)
(38.632839, 21.108263, 0.0)
(38.870541, 21.033382, 0.0)
(38.987995, 21.039644, 0.0)
(39.062412, 21.041809, 0.0)
(39.166111, 21.036331, 0.0)
(39.259243, 21.042671, 0.0)
(40.667362, 21.619167, 0.0)
(41.441635, 21.832834, 0.0)
(41.478897, 21.851959, 0.0)
(41.461906, 21.887461, 0.0)
(41.501400, 21.929068, 0.0)
(41.501400, 21.929068, 0.0)
(41.516083, 21.967493, 0.0)
(41.517746, 21.951698, 0.0)
(41.555298, 21.983589, 0.0)
(41.564064, 21.972752, 0.0)
(41.610043, 21.956659, 0.0)
(41.632950, 21.946154, 0.0)
(41.994160, 21.424267, 0.0)
(42.048092, 21.329845, 0.0)
(42.029282, 21.349161, 0.0)
(42.002743, 21.360825, 0.0)
(41.969749, 21.388601, 0.0)
(41.931450, 21.349829, 0.0)
(41.889591, 21.351566, 0.0)
(41.805382, 21.298986, 0.0)
(41.385696, 21.664785, 0.0)
(41.250031, 21.684452, 0.0)
(40.050213, 21.435986, 0.0)
(39.951225, 21.500809, 0.0)
(39.875324, 21.467854, 0.0)
(39.749592, 21.450798, 0.0)
(39.570339, 21.344200, 0.0)
(39.399658, 21.304777, 0.0)
(39.300941, 21.269577, 0.0)
(38.095200, 20.705519, 0.0)
(37.947838, 20.659845, 0.0)
(37.851574, 20.582428, 0.0)
(37.626129, 20.490185, 0.0)
(37.421459, 20.398949, 0.0)
(37.280926, 20.326155, 0.0)
(35.884846, 19.979588, 0.0)
(35.591404, 19.935282, 0.0)
(35.409374, 19.940395, 0.0)
(35.277458, 19.894873, 0.0)
(35.146427, 19.866402, 0.0)
(35.034409, 19.875946, 0.0)
(33.707462, 19.946323, 0.0)
(33.409302, 19.977945, 0.0)
(33.284889, 19.984301, 0.0)
(33.122501, 19.970324, 0.0)
(33.046917, 19.969700, 0.0)
(32.820305, 20.020933, 0.0)
(31.529734, 20.169119, 0.0)
(31.387083, 20.210751, 0.0)
(31.225863, 20.223515, 0.0)
(31.110176, 20.241180, 0.0)
(31.060530, 20.252687, 0.0)
(29.360353, 20.675186, 0.0)
(29.071144, 20.686840, 0.0)
(29.022659, 20.659010, 0.0)
(27.576548, 21.168058, 0.0)
(26.971428, 21.313406, 0.0)
(26.865849, 21.361847, 0.0)
(26.839703, 21.351068, 0.0)
(26.819498, 21.331005, 0.0)
(26.806480, 21.343157, 0.0)
(26.777517, 21.356609, 0.0)
(26.756981, 21.365114, 0.0)
(26.233389, 21.472048, 0.0)
(26.119423, 21.465441, 0.0)
(26.107224, 21.466131, 0.0)
(26.109415, 21.470215, 0.0)
(26.116364, 21.441265, 0.0)
(26.172987, 21.419336, 0.0)
(26.246166, 21.378187, 0.0)
(26.358582, 21.345436, 0.0)
(26.450867, 21.297613, 0.0)
(26.522430, 21.238445, 0.0)
(27.788351, 20.737127, 0.0)
(28.124050, 20.535461, 0.0)
(28.346355, 20.424330, 0.0)
(28.544455, 20.292963, 0.0)
(28.736046, 20.243414, 0.0)
(28.972275, 20.175591, 0.0)
(30.713165, 19.943279, 0.0)
(31.971514, 19.799631, 0.0)
(32.198605, 19.724670, 0.0)
(32.416092, 19.733749, 0.0)
(32.503120, 19.697723, 0.0)
(32.631168, 19.692308, 0.0)
(32.756294, 19.670967, 0.0)
(32.848354, 19.666477, 0.0)
(33.033047, 19.645864, 0.0)
(35.747570, 19.763857, 0.0)
(38.501038, 20.208998, 0.0)
(39.557789, 20.631155, 0.0)
(39.705875, 20.732527, 0.0)
(39.749138, 20.736868, 0.0)
(39.752281, 20.717627, 0.0)
(39.766811, 20.689394, 0.0)
(39.794788, 20.697817, 0.0)
(39.888924, 20.706741, 0.0)
(39.969799, 20.771742, 0.0)
(39.991127, 20.791920, 0.0)
(40.045769, 20.801262, 0.0)
(38.996105, 20.513403, 0.0)
(38.190861, 20.314079, 0.0)
(38.478951, 20.365328, 0.0)
(38.761723, 20.428946, 0.0)
(38.978413, 20.498587, 0.0)
(40.629093, 20.942568, 0.0)
(41.390003, 21.014299, 0.0)
(41.482353, 20.993406, 0.0)
(41.507168, 21.001785, 0.0)
(41.513214, 21.014418, 0.0)
(41.544628, 21.029245, 0.0)
(41.551071, 21.027098, 0.0)
(41.577721, 21.037897, 0.0)
(41.583889, 21.017569, 0.0)
(41.620838, 21.037584, 0.0)
(41.678074, 21.012175, 0.0)
(41.674446, 20.982336, 0.0)
(41.784916, 21.054010, 0.0)
(42.304867, 20.974939, 0.0)
(42.305202, 20.966923, 0.0)
(42.259689, 21.004866, 0.0)
(42.243340, 20.976360, 0.0)
(42.219219, 21.030334, 0.0)
(42.162727, 21.036053, 0.0)
(42.111012, 21.020205, 0.0)
(42.062542, 21.013409, 0.0)
(41.181156, 20.762571, 0.0)
(40.963474, 20.779713, 0.0)
(40.912712, 20.752558, 0.0)
(40.753426, 20.696642, 0.0)
(40.559349, 20.627693, 0.0)
(40.396908, 20.575603, 0.0)
(39.012268, 20.234163, 0.0)
(38.747223, 20.223955, 0.0)
(38.568363, 20.160055, 0.0)
(38.356205, 20.064299, 0.0)
(38.151413, 20.011818, 0.0)
(36.132298, 19.397572, 0.0)
(34.274155, 19.408241, 0.0)
(34.847958, 18.960823, 0.0)
(34.846752, 18.915321, 0.0)
(34.723270, 18.986425, 0.0)
(34.628429, 19.093973, 0.0)
(34.502480, 19.116890, 0.0)
(34.328697, 19.137117, 0.0)
(34.259968, 19.142143, 0.0)
(34.172619, 19.182644, 0.0)
(34.038521, 19.186211, 0.0)
(33.954411, 19.229414, 0.0)
(32.690998, 19.434015, 0.0)
(32.425804, 19.491446, 0.0)
(32.253479, 19.487179, 0.0)
(32.170235, 19.448734, 0.0)
(32.068436, 19.400358, 0.0)
(31.902998, 19.476988, 0.0)
(30.499012, 19.715752, 0.0)
(30.254335, 19.767033, 0.0)
(30.186371, 19.767920, 0.0)
(30.083633, 19.786556, 0.0)
(30.038544, 19.782995, 0.0)
(28.799109, 20.120918, 0.0)
(28.429777, 20.205441, 0.0)
(28.341814, 20.186707, 0.0)
(28.273811, 20.223957, 0.0)
(28.179153, 20.261639, 0.0)
(26.838856, 20.539383, 0.0)
(25.903978, 20.864067, 0.0)
(25.816681, 20.880098, 0.0)
(25.816681, 20.880098, 0.0)
(25.807434, 20.888071, 0.0)
(25.804718, 20.894249, 0.0)
(25.804718, 20.894249, 0.0)
(25.797247, 20.905416, 0.0)
(25.796701, 20.919802, 0.0)
(25.829720, 20.874706, 0.0)
(25.848927, 20.784876, 0.0)
(25.871574, 20.736660, 0.0)
(25.934650, 20.669714, 0.0)
(27.102720, 20.261450, 0.0)
(27.486263, 20.222372, 0.0)
(27.635191, 20.149313, 0.0)
(27.844769, 20.007975, 0.0)
(28.121016, 19.888559, 0.0)
(28.391472, 19.796793, 0.0)
(28.602770, 19.736197, 0.0)
(29.318281, 19.606878, 0.0)
(30.434916, 19.403219, 0.0)
(30.659410, 19.372259, 0.0)
(30.919064, 19.319561, 0.0)
(31.115528, 19.276293, 0.0)
(31.312660, 19.229292, 0.0)
(31.488356, 19.188004, 0.0)
(31.680704, 19.136507, 0.0)
(32.081963, 19.110088, 0.0)
(34.652546, 18.800259, 0.0)
(34.868248, 18.833422, 0.0)
(34.957115, 18.786697, 0.0)
(35.091778, 18.761419, 0.0)
(35.136627, 18.736391, 0.0)
(35.211697, 18.640358, 0.0)
(35.359825, 18.689438, 0.0)
(36.806667, 19.096958, 0.0)
(37.573483, 19.362019, 0.0)
(37.677753, 19.357996, 0.0)
(37.752003, 19.353138, 0.0)
(37.814472, 19.365801, 0.0)
(37.918194, 19.343590, 0.0)
(38.015965, 19.336557, 0.0)
(38.115662, 19.340319, 0.0)
(38.182999, 19.333282, 0.0)
(38.375187, 19.345892, 0.0)
(40.762669, 20.168110, 0.0)
(40.978653, 20.325375, 0.0)
(41.029621, 20.281965, 0.0)
(41.105228, 20.333603, 0.0)
(41.182415, 20.333054, 0.0)
(41.225094, 20.335648, 0.0)
(42.094490, 20.630974, 0.0)
(42.205605, 20.668354, 0.0)
(42.163353, 20.598095, 0.0)
(42.144321, 20.559324, 0.0)
(42.140636, 20.575653, 0.0)
(42.097469, 20.615564, 0.0)
(42.097244, 20.623348, 0.0)
(42.085228, 20.611092, 0.0)
(42.081993, 20.617874, 0.0)
(42.048710, 20.573206, 0.0)
(42.065990, 20.601612, 0.0)
(42.026463, 20.580513, 0.0)
(41.720303, 20.143908, 0.0)
(41.648018, 20.015806, 0.0)
(41.585201, 20.028923, 0.0)
(40.234463, 19.532049, 0.0)
(40.082161, 19.554892, 0.0)
(40.059391, 19.548174, 0.0)
(39.987797, 19.524828, 0.0)
(39.858173, 19.501509, 0.0)
(39.759075, 19.510777, 0.0)
(39.353909, 19.462990, 0.0)
(37.722107, 19.032637, 0.0)
(37.534092, 19.006323, 0.0)
(37.397755, 18.947382, 0.0)
(37.327579, 18.962599, 0.0)
(37.201900, 19.010439, 0.0)
(35.596966, 18.732672, 0.0)
(34.740864, 18.617455, 0.0)
(34.611542, 18.579401, 0.0)
(34.527283, 18.585403, 0.0)
(34.463734, 18.626890, 0.0)
(34.393623, 18.642630, 0.0)
(34.359005, 18.686167, 0.0)
(34.293232, 18.703863, 0.0)
(34.245716, 18.703775, 0.0)
(34.141155, 18.719917, 0.0)
(32.036205, 18.847006, 0.0)
(31.690752, 18.904396, 0.0)
(31.547894, 18.908791, 0.0)
(31.440948, 18.902082, 0.0)
(31.376873, 18.905396, 0.0)
(31.303980, 18.898228, 0.0)
(31.183430, 18.894972, 0.0)
(31.084652, 18.885406, 0.0)
(31.044315, 18.904274, 0.0)
(29.597092, 19.395325, 0.0)
(29.293043, 19.501610, 0.0)
(29.233976, 19.494474, 0.0)
(29.137510, 19.527285, 0.0)
(29.089376, 19.538599, 0.0)
(29.003801, 19.596395, 0.0)
(26.745008, 20.328251, 0.0)
(26.335680, 20.473288, 0.0)
(26.206188, 20.521896, 0.0)
(26.171135, 20.565136, 0.0)
(26.173822, 20.582418, 0.0)
(26.104460, 20.598352, 0.0)
(25.525595, 20.968641, 0.0)
(25.333368, 21.121588, 0.0)
(25.300884, 21.141375, 0.0)
(25.300884, 21.141375, 0.0)
(25.300644, 21.131317, 0.0)
(25.282051, 21.129980, 0.0)
(25.296364, 21.076992, 0.0)
(25.394939, 21.018713, 0.0)
(25.415352, 21.014444, 0.0)
(25.443623, 20.995634, 0.0)
(26.146116, 20.689989, 0.0)
(26.353884, 20.565035, 0.0)
(27.568197, 20.128195, 0.0)
(27.914061, 20.018173, 0.0)
(28.209965, 19.942945, 0.0)
(28.426590, 19.827179, 0.0)
(28.642092, 19.774527, 0.0)
(28.940510, 19.675489, 0.0)
(29.183430, 19.553333, 0.0)
(30.341757, 19.359695, 0.0)
(30.616772, 19.289930, 0.0)
(30.883863, 19.215746, 0.0)
(31.095919, 19.139393, 0.0)
(31.280668, 19.083626, 0.0)
(34.095097, 19.054070, 0.0)
(34.821896, 19.125460, 0.0)
(34.990437, 19.091850, 0.0)
(35.108723, 19.059996, 0.0)
(37.605488, 19.581629, 0.0)
(37.826363, 19.646948, 0.0)
(37.859097, 19.597868, 0.0)
(37.892391, 19.567123, 0.0)
(37.954681, 19.558769, 0.0)
(38.004871, 19.546825, 0.0)
(38.484344, 19.702330, 0.0)
(38.520824, 19.663979, 0.0)
(38.540558, 19.661301, 0.0)
(38.664593, 19.686060, 0.0)
(38.717495, 19.709757, 0.0)
(38.791355, 19.652872, 0.0)
(38.861343, 19.671013, 0.0)
(40.081272, 20.184616, 0.0)
(40.914413, 20.530386, 0.0)
(41.040787, 20.596251, 0.0)
(41.064102, 20.585218, 0.0)
(41.079216, 20.567368, 0.0)
(41.116127, 20.553490, 0.0)
(41.195084, 20.571636, 0.0)
(41.222672, 20.571428, 0.0)
(41.234493, 20.590553, 0.0)
(41.256741, 20.573088, 0.0)
(41.306126, 20.601019, 0.0)
(41.320374, 20.547657, 0.0)
(41.532825, 20.529879, 0.0)
(41.729980, 20.778046, 0.0)
(41.749477, 20.841913, 0.0)
(41.756596, 20.911003, 0.0)
(41.754765, 20.909977, 0.0)
(41.752174, 20.934799, 0.0)
(41.755550, 20.925135, 0.0)
(41.753254, 20.925804, 0.0)
(41.749432, 20.953501, 0.0)
(41.762878, 20.946325, 0.0)
(41.753868, 20.943016, 0.0)
(42.241558, 22.444696, 0.0)
(42.168274, 22.788500, 0.0)
(42.168274, 22.788500, 0.0)
(42.170158, 22.774797, 0.0)
(42.170158, 22.774797, 0.0)
(42.178047, 22.812725, 0.0)
(42.183121, 22.795692, 0.0)
(42.206696, 22.776508, 0.0)
(42.545219, 23.540016, 0.0)
(42.546146, 23.745476, 0.0)
(42.563850, 23.817287, 0.0)
(42.571922, 23.825373, 0.0)
(42.577248, 23.847925, 0.0)
(42.556225, 23.857891, 0.0)
(42.439114, 24.940048, 0.0)
(42.250881, 26.599094, 0.0)
(42.211105, 26.958513, 0.0)
(42.223145, 26.919594, 0.0)
(42.221928, 26.898792, 0.0)
(42.214996, 26.899946, 0.0)
(42.223057, 26.910872, 0.0)
(42.234325, 26.890533, 0.0)
(42.526039, 26.414248, 0.0)
(42.620815, 26.176025, 0.0)
(42.603889, 26.149851, 0.0)
(42.622421, 26.197529, 0.0)
(42.627041, 26.256199, 0.0)
(42.612301, 26.304924, 0.0)
(42.604530, 26.324469, 0.0)
(42.601154, 26.299999, 0.0)
(42.653866, 26.600819, 0.0)
(42.332851, 28.288023, 0.0)
(42.277012, 28.456213, 0.0)
(42.266777, 28.394432, 0.0)
(42.246449, 28.346802, 0.0)
(42.236343, 28.339947, 0.0)
(42.220287, 28.314436, 0.0)
(42.185936, 28.286577, 0.0)
(42.182198, 28.290428, 0.0)
(42.180508, 28.271574, 0.0)
(42.175503, 28.280960, 0.0)
(42.160168, 28.276854, 0.0)
(42.299141, 28.433605, 0.0)
(42.249676, 28.382267, 0.0)
(42.237583, 28.360718, 0.0)
(42.198708, 28.312660, 0.0)
(42.191444, 28.280901, 0.0)
(42.160168, 28.302736, 0.0)
(42.019131, 28.259125, 0.0)
(41.688297, 28.266409, 0.0)
(41.643616, 28.243876, 0.0)
(41.647865, 28.209738, 0.0)
(41.629108, 28.131653, 0.0)
(41.796459, 28.041328, 0.0)
(41.975113, 27.447765, 0.0)
(42.003105, 27.306269, 0.0)
(42.022663, 27.242832, 0.0)
(42.048870, 27.111700, 0.0)
(42.060028, 27.008638, 0.0)
(42.062092, 26.948833, 0.0)
(42.039200, 26.396851, 0.0)
(42.114635, 25.799568, 0.0)
(42.094776, 25.668970, 0.0)
(42.074524, 25.589426, 0.0)
(42.073254, 25.507542, 0.0)
(42.082516, 25.407673, 0.0)
(42.070297, 25.387548, 0.0)
(42.105648, 25.367250, 0.0)
(42.047703, 25.151905, 0.0)
(42.058144, 24.423798, 0.0)
(42.052364, 24.352339, 0.0)
(42.044518, 24.330111, 0.0)
(42.036613, 24.253714, 0.0)
(42.036652, 24.217466, 0.0)
(41.736526, 23.595604, 0.0)
(41.683235, 23.070768, 0.0)
(41.687977, 23.047247, 0.0)
(41.687267, 23.062721, 0.0)
(41.647209, 22.982502, 0.0)
(41.642685, 23.000868, 0.0)
(41.605114, 22.929834, 0.0)
(41.590939, 22.706450, 0.0)
(41.703136, 21.837454, 0.0)
(41.641808, 21.333109, 0.0)
(41.575035, 21.311811, 0.0)
(41.540318, 21.318827, 0.0)
(41.449070, 21.276104, 0.0)
(41.423985, 21.312408, 0.0)
(41.410469, 21.291262, 0.0)
(41.404430, 21.281937, 0.0)
(41.373592, 20.813065, 0.0)
(41.338974, 20.758057, 0.0)
(41.289257, 20.781830, 0.0)
(41.252213, 20.830595, 0.0)
(41.261543, 20.807606, 0.0)
(41.238132, 20.797573, 0.0)
(41.210247, 20.799999, 0.0)
(41.201756, 20.772568, 0.0)
(41.182690, 20.790140, 0.0)
(41.174458, 20.825930, 0.0)
(41.149719, 20.833433, 0.0)
(40.435787, 20.664433, 0.0)
(40.429398, 20.634432, 0.0)
(40.438469, 20.666544, 0.0)
(40.406090, 20.636986, 0.0)
(40.472099, 20.648005, 0.0)
(40.906872, 21.486496, 0.0)
(40.972294, 22.038719, 0.0)
(40.955566, 22.090303, 0.0)
(41.151375, 22.504333, 0.0)
(41.356812, 24.378872, 0.0)
(41.599701, 25.627855, 0.0)
(41.586823, 25.698912, 0.0)
(41.596710, 25.682430, 0.0)
(41.633911, 25.705414, 0.0)
(41.652367, 25.701120, 0.0)
(41.678524, 25.718344, 0.0)
(41.364105, 25.627480, 0.0)
(41.386028, 25.666857, 0.0)
(41.410809, 25.667862, 0.0)
(41.435413, 25.677237, 0.0)
(41.464355, 25.707052, 0.0)
(41.467331, 25.701546, 0.0)
(41.491451, 25.730850, 0.0)
(41.495022, 25.735743, 0.0)
(41.498753, 25.723724, 0.0)
(41.507996, 25.756004, 0.0)
(41.743767, 26.190639, 0.0)
(41.764248, 26.274023, 0.0)
(41.785210, 26.319920, 0.0)
(41.800114, 26.372898, 0.0)
(41.778072, 26.416262, 0.0)
(41.759266, 26.452908, 0.0)
(41.734711, 26.478937, 0.0)
(41.722393, 26.485121, 0.0)
(41.624294, 26.402088, 0.0)
(41.777298, 27.630032, 0.0)
(41.430550, 28.240919, 0.0)
(41.354019, 28.231489, 0.0)
(41.361546, 28.267595, 0.0)
(41.359203, 28.261017, 0.0)
(41.355206, 28.257795, 0.0)
(41.347290, 28.257242, 0.0)
(41.358120, 28.268330, 0.0)
(41.464783, 28.347008, 0.0)
(41.484203, 28.332983, 0.0)
(41.488518, 28.323771, 0.0)
(41.473103, 28.324324, 0.0)
(41.502125, 28.321278, 0.0)
(41.492455, 28.326754, 0.0)
(41.451359, 28.332529, 0.0)
(41.377995, 28.335405, 0.0)
(41.014824, 28.240232, 0.0)
(40.946087, 28.221512, 0.0)
(40.907551, 28.196844, 0.0)
(40.886723, 28.118067, 0.0)
(40.866413, 28.094534, 0.0)
(40.834141, 28.021212, 0.0)
(40.848446, 27.984417, 0.0)
(40.875008, 27.924076, 0.0)
(40.894852, 27.843847, 0.0)
(41.038307, 27.302252, 0.0)
(41.128262, 26.815968, 0.0)
(41.179829, 26.722937, 0.0)
(41.187038, 26.577225, 0.0)
(41.194771, 26.467066, 0.0)
(41.236637, 26.351387, 0.0)
(41.246750, 26.240601, 0.0)
(41.260796, 26.206335, 0.0)
(41.138908, 25.700241, 0.0)
(40.998169, 24.332008, 0.0)
(40.971992, 24.196209, 0.0)
(40.992477, 24.184166, 0.0)
(41.002991, 24.164911, 0.0)
(40.979507, 24.115215, 0.0)
(40.981728, 24.095392, 0.0)
(40.976135, 24.029856, 0.0)
(41.118355, 22.640400, 0.0)
(40.987389, 21.586159, 0.0)
(40.927094, 21.594213, 0.0)
(40.891151, 21.628162, 0.0)
(40.898697, 21.634813, 0.0)
(40.879696, 21.631310, 0.0)
(40.887367, 21.593809, 0.0)
(40.876942, 21.605190, 0.0)
(40.893520, 21.599815, 0.0)
(40.893982, 21.546131, 0.0)
(40.846443, 21.411562, 0.0)
(40.627148, 20.623026, 0.0)
(40.552261, 20.342970, 0.0)
(40.524227, 20.370190, 0.0)
(40.490349, 20.401670, 0.0)
(40.461258, 20.402727, 0.0)
(40.458649, 20.410643, 0.0)
(40.453007, 20.404533, 0.0)
(40.453930, 20.420034, 0.0)
(40.440769, 20.392599, 0.0)
(40.449528, 20.420738, 0.0)
(40.451977, 20.428482, 0.0)
(40.423775, 20.484638, 0.0)
(39.948563, 20.181850, 0.0)
(39.882256, 20.177031, 0.0)
(39.898472, 20.179802, 0.0)
(39.878727, 20.224138, 0.0)
(39.842564, 20.250538, 0.0)
(39.811840, 20.250399, 0.0)
(39.811554, 20.264296, 0.0)
(39.786530, 20.211807, 0.0)
(39.800980, 20.164284, 0.0)
(39.800697, 20.185335, 0.0)
(39.802219, 20.193228, 0.0)
(40.175915, 21.249569, 0.0)
(40.229408, 22.194071, 0.0)
(40.205536, 22.319561, 0.0)
(40.237530, 22.300938, 0.0)
(40.242329, 22.351479, 0.0)
(40.238567, 22.417795, 0.0)
(40.272564, 22.458580, 0.0)
(40.292263, 22.508526, 0.0)
(40.334415, 22.553768, 0.0)
(40.382965, 22.583185, 0.0)
(40.415699, 22.654575, 0.0)
(40.421257, 22.702711, 0.0)
(40.429123, 22.737345, 0.0)
(40.407368, 23.915442, 0.0)
(40.320217, 24.249340, 0.0)
(40.334480, 24.280869, 0.0)
(40.363304, 24.302624, 0.0)
(40.393997, 24.301407, 0.0)
(40.435909, 24.318483, 0.0)
(40.574825, 24.563837, 0.0)
(40.659729, 24.924835, 0.0)
(40.706322, 25.005856, 0.0)
(40.703239, 25.010160, 0.0)
(40.702698, 25.079576, 0.0)
(40.726334, 25.141466, 0.0)
(40.716114, 25.173832, 0.0)
(40.746433, 26.061203, 0.0)
(40.550674, 27.552570, 0.0)
(40.492409, 27.645512, 0.0)
(40.481434, 27.600609, 0.0)
(40.482533, 27.583679, 0.0)
(40.468689, 27.585354, 0.0)
(40.452251, 27.588001, 0.0)
(40.538830, 27.890837, 0.0)
(40.507088, 28.510191, 0.0)
(40.474857, 28.575020, 0.0)
(40.477509, 28.561289, 0.0)
(40.451015, 28.556511, 0.0)
(40.463902, 28.487995, 0.0)
(40.457684, 28.460224, 0.0)
(40.442780, 28.456123, 0.0)
(40.427219, 28.488169, 0.0)
(40.417591, 28.521809, 0.0)
(40.342274, 28.505955, 0.0)
(40.308285, 28.468204, 0.0)
(39.651600, 28.502024, 0.0)
(39.587132, 28.550903, 0.0)
(39.584557, 28.533661, 0.0)
(39.539051, 28.531693, 0.0)
(39.520916, 28.526606, 0.0)
(39.489456, 28.528433, 0.0)
(39.491138, 28.513577, 0.0)
(39.470943, 28.462919, 0.0)
(39.456551, 28.363129, 0.0)
(39.532684, 27.238523, 0.0)
(39.534672, 27.102671, 0.0)
(39.534275, 26.982290, 0.0)
(39.591198, 26.886620, 0.0)
(39.608582, 26.739105, 0.0)
(39.687962, 26.593712, 0.0)
(39.703598, 26.458828, 0.0)
(39.765476, 26.024574, 0.0)
(39.788544, 25.331469, 0.0)
(39.795090, 25.188261, 0.0)
(39.822418, 25.130733, 0.0)
(39.797081, 25.027327, 0.0)
(39.813755, 24.918560, 0.0)
(39.556202, 23.090048, 0.0)
(39.631855, 22.330097, 0.0)
(39.580116, 22.315693, 0.0)
(39.559185, 22.325783, 0.0)
(39.571609, 22.347521, 0.0)
(39.584774, 22.304735, 0.0)
(39.586697, 22.295145, 0.0)
(39.584778, 22.287821, 0.0)
(39.536003, 22.101788, 0.0)
(39.035015, 20.582666, 0.0)
(38.789806, 19.872726, 0.0)
(38.751976, 19.860655, 0.0)
(38.758396, 19.870876, 0.0)
(38.762138, 19.874434, 0.0)
(38.740154, 19.846869, 0.0)
(38.714127, 19.834818, 0.0)
(38.735577, 19.843786, 0.0)
(38.751720, 19.914358, 0.0)
(38.771282, 19.794189, 0.0)
(38.762589, 19.773865, 0.0)
(38.748932, 19.794189, 0.0)
(38.744720, 19.797483, 0.0)
(38.742088, 19.823442, 0.0)
(38.718433, 19.833900, 0.0)
(38.700924, 19.858370, 0.0)
(38.690887, 19.876923, 0.0)
(38.692787, 19.907238, 0.0)
(38.685383, 19.890379, 0.0)
(38.621964, 19.872820, 0.0)
(38.267197, 19.705444, 0.0)
(38.217758, 19.691635, 0.0)
(38.213715, 19.753510, 0.0)
(38.227028, 19.780790, 0.0)
(38.221294, 19.803278, 0.0)
(38.203457, 19.766680, 0.0)
(38.165539, 19.718704, 0.0)
(38.180096, 19.707325, 0.0)
(38.217354, 19.749014, 0.0)
(38.213081, 19.851660, 0.0)
(38.728054, 21.437658, 0.0)
(38.634678, 21.898293, 0.0)
(38.616779, 21.829929, 0.0)
(38.637146, 21.843832, 0.0)
(38.651844, 21.921894, 0.0)
(38.676846, 21.957039, 0.0)
(38.695515, 21.987400, 0.0)
(38.757435, 22.033426, 0.0)
(38.816528, 22.083950, 0.0)
(38.859692, 22.164951, 0.0)
(38.855114, 22.175547, 0.0)
(38.889854, 23.175243, 0.0)
(38.864292, 23.335039, 0.0)
(38.851654, 23.360058, 0.0)
(38.883205, 23.391922, 0.0)
(38.887577, 23.405636, 0.0)
(38.908543, 23.400351, 0.0)
(38.895939, 23.427595, 0.0)
(39.240189, 25.143225, 0.0)
(39.028900, 25.871674, 0.0)
(38.962811, 25.926060, 0.0)
(38.950428, 25.920214, 0.0)
(38.937809, 25.911266, 0.0)
(38.964203, 25.956024, 0.0)
(38.952457, 25.982145, 0.0)
(38.957912, 25.979990, 0.0)
(38.971867, 25.985834, 0.0)
(38.984840, 25.984020, 0.0)
(39.043995, 26.049051, 0.0)
(39.243099, 26.453094, 0.0)
(39.278210, 26.554546, 0.0)
(39.273369, 26.577002, 0.0)
(39.263096, 26.594339, 0.0)
(39.268002, 26.627628, 0.0)
(39.263687, 26.647310, 0.0)
(39.268047, 26.769487, 0.0)
(39.119499, 28.007284, 0.0)
(39.122509, 28.113359, 0.0)
(39.111950, 28.053501, 0.0)
(39.102364, 28.045998, 0.0)
(39.107643, 28.071918, 0.0)
(39.097435, 28.100765, 0.0)
(39.073475, 28.092678, 0.0)
(39.001648, 28.170834, 0.0)
(38.667801, 28.856949, 0.0)
(38.619175, 29.031292, 0.0)
(38.604168, 29.062874, 0.0)
(38.540901, 29.040560, 0.0)
(37.961479, 28.941738, 0.0)
(37.745262, 28.766699, 0.0)
(37.734451, 28.700619, 0.0)
(37.710205, 28.587496, 0.0)
(37.691284, 28.566458, 0.0)
(37.852139, 28.296198, 0.0)
(38.100418, 26.924404, 0.0)
(38.089680, 26.741867, 0.0)
(38.116306, 26.605728, 0.0)
(38.115051, 26.496265, 0.0)
(38.151348, 26.357252, 0.0)
(38.165939, 26.255627, 0.0)
(38.179169, 26.190863, 0.0)
(38.202141, 26.148186, 0.0)
(37.936405, 25.069592, 0.0)
(38.012169, 23.590195, 0.0)
(37.950184, 22.880560, 0.0)
(37.899181, 22.834290, 0.0)
(37.903011, 22.839725, 0.0)
(37.892147, 22.820047, 0.0)
(37.890858, 22.830917, 0.0)
(37.887199, 22.834951, 0.0)
(37.853516, 21.884634, 0.0)
(37.775658, 20.487419, 0.0)
(37.681839, 20.271894, 0.0)
(37.646515, 20.327234, 0.0)
(37.629509, 20.325863, 0.0)
(37.626637, 20.358574, 0.0)
(37.635658, 20.361130, 0.0)
(37.634304, 20.348719, 0.0)
(37.625854, 20.335665, 0.0)
(37.599857, 20.288260, 0.0)
(37.352730, 19.819532, 0.0)
(37.340908, 19.538286, 0.0)
(37.315842, 19.531893, 0.0)
(37.282349, 19.544210, 0.0)
(37.282795, 19.543674, 0.0)
(37.276970, 19.540054, 0.0)
(37.260460, 19.537716, 0.0)
(37.240849, 19.573566, 0.0)
(37.235683, 19.575218, 0.0)
(37.240517, 19.619909, 0.0)
(37.240524, 19.661861, 0.0)
(37.245491, 19.648191, 0.0)
(37.223755, 19.675089, 0.0)
(37.191429, 19.678528, 0.0)
(37.098152, 19.660625, 0.0)
(36.437492, 19.498642, 0.0)
(36.349541, 19.519758, 0.0)
(36.343868, 19.519335, 0.0)
(36.320072, 19.508295, 0.0)
(36.296394, 19.485273, 0.0)
(36.291782, 19.487579, 0.0)
(36.274441, 19.559717, 0.0)
(36.272350, 19.595835, 0.0)
(36.281136, 19.615713, 0.0)
(36.524441, 21.539492, 0.0)
(36.442795, 22.000580, 0.0)
(36.415379, 21.968346, 0.0)
(36.429531, 21.957724, 0.0)
(36.428715, 21.949976, 0.0)
(36.452354, 21.940376, 0.0)
(36.503185, 21.977053, 0.0)
(36.522762, 22.026230, 0.0)
(36.685528, 22.252743, 0.0)
(37.028900, 23.140583, 0.0)
(37.052849, 23.308241, 0.0)
(37.054501, 23.320879, 0.0)
(37.044777, 23.316786, 0.0)
(37.107986, 23.385160, 0.0)
(37.116856, 23.405760, 0.0)
(37.118477, 23.401852, 0.0)
(37.115253, 23.406555, 0.0)
(37.088093, 23.406227, 0.0)
(37.126232, 23.476858, 0.0)
(37.110264, 23.554073, 0.0)
(37.029285, 23.902565, 0.0)
(36.905327, 24.656662, 0.0)
(36.896381, 24.793243, 0.0)
(36.920830, 24.852570, 0.0)
(36.935669, 24.885857, 0.0)
(36.951908, 24.894924, 0.0)
(37.253033, 25.823032, 0.0)
(37.252811, 25.958263, 0.0)
(37.252167, 25.989904, 0.0)
(37.272575, 25.988588, 0.0)
(37.288685, 26.033834, 0.0)
(37.256908, 25.992161, 0.0)
(37.423901, 27.370691, 0.0)
(37.184364, 28.629150, 0.0)
(37.116940, 28.747929, 0.0)
(37.104252, 28.705418, 0.0)
(37.097080, 28.686785, 0.0)
(37.085365, 28.631142, 0.0)
(37.088661, 28.643103, 0.0)
(37.079636, 28.683928, 0.0)
(37.076363, 28.672874, 0.0)
(37.076363, 28.672874, 0.0)
(37.074059, 28.649956, 0.0)
(37.070221, 28.651739, 0.0)
(36.343193, 28.946003, 0.0)
(36.231770, 29.028374, 0.0)
(36.219486, 29.007309, 0.0)
(36.185638, 28.993124, 0.0)
(36.173965, 28.989531, 0.0)
(36.152229, 28.979200, 0.0)
(36.112572, 28.968567, 0.0)
(36.007217, 29.014555, 0.0)
(35.756180, 28.928827, 0.0)
(35.734764, 28.888372, 0.0)
(35.753712, 28.792553, 0.0)
(36.051624, 28.116497, 0.0)
(36.126717, 27.448952, 0.0)
(36.075703, 27.285330, 0.0)
(36.118469, 27.125433, 0.0)
(36.126324, 26.963627, 0.0)
(36.160297, 26.862158, 0.0)
(36.140945, 26.797050, 0.0)
(35.996662, 25.846603, 0.0)
(35.992050, 23.978846, 0.0)
(35.942726, 23.855797, 0.0)
(35.910763, 23.845289, 0.0)
(35.905563, 23.799814, 0.0)
(35.893623, 23.771288, 0.0)
(35.894444, 23.732798, 0.0)
(35.890408, 23.686304, 0.0)
(35.916924, 23.660469, 0.0)
(35.920391, 23.638924, 0.0)
(35.919029, 23.619120, 0.0)
(35.924820, 23.609961, 0.0)
(35.883591, 22.315636, 0.0)
(35.707973, 20.755381, 0.0)
(35.655315, 20.575108, 0.0)
(35.645317, 20.691076, 0.0)
(35.624786, 20.671371, 0.0)
(35.604362, 20.642025, 0.0)
(35.616375, 20.637991, 0.0)
(35.605011, 20.607052, 0.0)
(35.602276, 20.618813, 0.0)
(35.596275, 20.639307, 0.0)
(35.603436, 20.657629, 0.0)
(35.338978, 20.305696, 0.0)
(35.156006, 19.496914, 0.0)
(35.134636, 19.458599, 0.0)
(35.131824, 19.507341, 0.0)
(35.116051, 19.538725, 0.0)
(35.110256, 19.548542, 0.0)
(35.109501, 19.576880, 0.0)
(35.079163, 19.578699, 0.0)
(35.087395, 19.588408, 0.0)
(35.061481, 19.579720, 0.0)
(34.513432, 19.637148, 0.0)
(34.464909, 19.667624, 0.0)
(34.454796, 19.713888, 0.0)
(34.410122, 19.754845, 0.0)
(34.344448, 19.750072, 0.0)
(34.333103, 19.743507, 0.0)
(34.345116, 19.743782, 0.0)
(34.328461, 19.738379, 0.0)
(34.283798, 19.715467, 0.0)
(34.313599, 19.744778, 0.0)
(34.306255, 19.808182, 0.0)
(34.380196, 20.738462, 0.0)
(34.343403, 20.905619, 0.0)
(34.352642, 20.887335, 0.0)
(34.338192, 20.909208, 0.0)
(34.361740, 20.975536, 0.0)
(34.721352, 21.333143, 0.0)
(34.722790, 21.694323, 0.0)
(34.750862, 21.761803, 0.0)
(34.758095, 21.777309, 0.0)
(34.770313, 21.810928, 0.0)
(34.789024, 21.795650, 0.0)
(34.778099, 22.801373, 0.0)
(34.729736, 22.934767, 0.0)
(34.733376, 23.014067, 0.0)
(34.739445, 23.071989, 0.0)
(34.752323, 23.093281, 0.0)
(34.733971, 23.100239, 0.0)
(34.760395, 23.139990, 0.0)
(34.984051, 24.194254, 0.0)
(35.004681, 24.357021, 0.0)
(34.976189, 24.366821, 0.0)
(34.954887, 24.413034, 0.0)
(34.948616, 24.422213, 0.0)
(34.935547, 24.427530, 0.0)
(35.137150, 25.476700, 0.0)
(35.116299, 27.080763, 0.0)
(35.034340, 27.174385, 0.0)
(34.988663, 27.141245, 0.0)
(34.966297, 27.135395, 0.0)
(34.968128, 27.130400, 0.0)
(34.943466, 27.167315, 0.0)
(34.935806, 27.163158, 0.0)
(34.928307, 27.158033, 0.0)
(35.335304, 28.737631, 0.0)
(35.203922, 29.488111, 0.0)
(35.182007, 29.562294, 0.0)
(35.149231, 29.486347, 0.0)
(35.106075, 29.460091, 0.0)
(35.100269, 29.430655, 0.0)
(35.099030, 29.422213, 0.0)
(35.084625, 29.440893, 0.0)
(34.812504, 29.445232, 0.0)
(34.743179, 29.234499, 0.0)
(34.725353, 29.189932, 0.0)
(34.707897, 29.214535, 0.0)
(34.639503, 29.227392, 0.0)
(34.607090, 29.268646, 0.0)
(34.552601, 29.244579, 0.0)
(34.503464, 29.228420, 0.0)
(34.588749, 29.501633, 0.0)
(34.478382, 29.578030, 0.0)
(33.637463, 29.485147, 0.0)
(33.516094, 29.462236, 0.0)
(33.496155, 29.425734, 0.0)
(33.466076, 29.366302, 0.0)
(33.659664, 28.478800, 0.0)
(33.704250, 27.612074, 0.0)
(33.690372, 27.390915, 0.0)
(33.673618, 27.217920, 0.0)
(33.748211, 27.040930, 0.0)
(33.717503, 26.859566, 0.0)
(33.740906, 26.752338, 0.0)
(33.770832, 26.641171, 0.0)
(33.802933, 26.485340, 0.0)
(33.774422, 26.357428, 0.0)
(33.817612, 25.707428, 0.0)
(33.782070, 25.367924, 0.0)
(33.752014, 25.189600, 0.0)
(33.750927, 25.143425, 0.0)
(33.734188, 25.052691, 0.0)
(33.761200, 25.004629, 0.0)
(33.603313, 24.484772, 0.0)
(33.659485, 23.770630, 0.0)
(33.648762, 23.661951, 0.0)
(33.640457, 23.628868, 0.0)
(33.634460, 23.549204, 0.0)
(33.631710, 23.491575, 0.0)
(33.634403, 23.485046, 0.0)
(33.708401, 22.747046, 0.0)
(33.683598, 22.531353, 0.0)
(33.674194, 22.437744, 0.0)
(33.668133, 22.385885, 0.0)
(33.672932, 22.318523, 0.0)
(33.659954, 22.301538, 0.0)
(33.639698, 22.280138, 0.0)
(33.249374, 21.265823, 0.0)
(33.058113, 20.070141, 0.0)
(33.003986, 19.835842, 0.0)
(32.975159, 19.919634, 0.0)
(32.953106, 19.987408, 0.0)
(32.936615, 20.008892, 0.0)
(32.914005, 20.017143, 0.0)
(32.914005, 20.017143, 0.0)
(32.935223, 19.608805, 0.0)
(32.884117, 19.538462, 0.0)
(32.865028, 19.580553, 0.0)
(32.869633, 19.620245, 0.0)
(32.827641, 19.673426, 0.0)
(32.798267, 19.710873, 0.0)
(32.782063, 19.688927, 0.0)
(32.786003, 19.658287, 0.0)
(32.788876, 19.647068, 0.0)
(32.190662, 19.842525, 0.0)
(32.057919, 19.940327, 0.0)
(32.043114, 19.973009, 0.0)
(32.027203, 20.012671, 0.0)
(32.035484, 20.051798, 0.0)
(32.367401, 20.710157, 0.0)
(32.334652, 21.353846, 0.0)
(32.322681, 21.420265, 0.0)
(32.290611, 21.485939, 0.0)
(32.282139, 21.521324, 0.0)
(32.282669, 21.566469, 0.0)
(32.302334, 21.626663, 0.0)
(32.359451, 21.685844, 0.0)
(32.552231, 22.225195, 0.0)
(32.562572, 22.960089, 0.0)
(32.525093, 23.062607, 0.0)
(32.499233, 23.069340, 0.0)
(32.545258, 23.135496, 0.0)
(32.535282, 23.176640, 0.0)
(32.528328, 23.180817, 0.0)
(32.504707, 23.213312, 0.0)
(32.512001, 23.297970, 0.0)
(32.547279, 24.368769, 0.0)
(32.514538, 24.509300, 0.0)
(32.487804, 24.532881, 0.0)
(32.486481, 24.586531, 0.0)
(32.490547, 24.637476, 0.0)
(32.507301, 24.683762, 0.0)
(32.590290, 24.932381, 0.0)
(33.022396, 27.492456, 0.0)
(32.892807, 27.652500, 0.0)
(32.869274, 27.641178, 0.0)
(32.836746, 27.668818, 0.0)
(32.823032, 27.717966, 0.0)
(32.819031, 27.716444, 0.0)
(32.807007, 27.751522, 0.0)
(32.800430, 27.794033, 0.0)
(32.794342, 27.822268, 0.0)
(32.777298, 27.875927, 0.0)
(32.774029, 27.885319, 0.0)
(32.767849, 27.895626, 0.0)
(32.750477, 27.897308, 0.0)
(32.593826, 28.638815, 0.0)
(32.536140, 29.096853, 0.0)
(32.523392, 29.108704, 0.0)
(32.694321, 29.346087, 0.0)
(32.626472, 29.398674, 0.0)
(32.591209, 29.410734, 0.0)
(32.566830, 29.409798, 0.0)
(32.540707, 29.454626, 0.0)
(32.490623, 29.452543, 0.0)
(32.405125, 29.446953, 0.0)
(31.914709, 29.690262, 0.0)
(31.776449, 29.705847, 0.0)
(31.698753, 29.664028, 0.0)
(31.637787, 29.611526, 0.0)
(31.631895, 29.567093, 0.0)
(31.598747, 29.526207, 0.0)
(31.590630, 29.360273, 0.0)
(31.512945, 28.006189, 0.0)
(31.462532, 27.803225, 0.0)
(31.416500, 27.668438, 0.0)
(31.412066, 27.558432, 0.0)
(31.430729, 27.470320, 0.0)
(31.442232, 27.394873, 0.0)
(31.449381, 27.334888, 0.0)
(31.547913, 26.853703, 0.0)
(31.579340, 25.842184, 0.0)
(31.549095, 25.752131, 0.0)
(31.550829, 25.650871, 0.0)
(31.527828, 25.571516, 0.0)
(31.549337, 25.483446, 0.0)
(31.595629, 25.387985, 0.0)
(31.347677, 24.531618, 0.0)
(31.334837, 22.708057, 0.0)
(31.375917, 21.497091, 0.0)
(31.331289, 21.477993, 0.0)
(31.267614, 21.571726, 0.0)
(31.249510, 21.597742, 0.0)
(31.238279, 21.602848, 0.0)
(31.234425, 21.591454, 0.0)
(31.221525, 21.525770, 0.0)
(31.225266, 21.467707, 0.0)
(31.195444, 21.450291, 0.0)
(31.172935, 21.455898, 0.0)
(31.160408, 21.484829, 0.0)
(31.150623, 21.450106, 0.0)
(31.135563, 21.441360, 0.0)
(31.109329, 21.368023, 0.0)
(30.977867, 20.507294, 0.0)
(30.976908, 20.038582, 0.0)
(30.954889, 20.027155, 0.0)
(30.937513, 20.054718, 0.0)
(30.919275, 20.040205, 0.0)
(30.906084, 20.053598, 0.0)
(30.924610, 20.058266, 0.0)
(30.915398, 20.060881, 0.0)
(30.894953, 20.103836, 0.0)
(30.877779, 20.121174, 0.0)
(30.862595, 20.156139, 0.0)
(30.848555, 20.142769, 0.0)
(30.866028, 20.134293, 0.0)
(30.839115, 20.139914, 0.0)
(30.195524, 20.299049, 0.0)
(30.102930, 20.365366, 0.0)
(30.098835, 20.391220, 0.0)
(30.081699, 20.413103, 0.0)
(30.052752, 20.417906, 0.0)
(30.035389, 20.440615, 0.0)
(29.998472, 20.466183, 0.0)
(29.985529, 20.525488, 0.0)
(29.909788, 21.784876, 0.0)
(29.824596, 21.943235, 0.0)
(29.811638, 21.944061, 0.0)
(29.816870, 21.965181, 0.0)
(29.819536, 21.979139, 0.0)
(29.799044, 22.024681, 0.0)
(30.178167, 22.573462, 0.0)
(30.156979, 22.702192, 0.0)
(30.128622, 22.778576, 0.0)
(30.129692, 22.822439, 0.0)
(30.149487, 22.954247, 0.0)
(30.304123, 24.372684, 0.0)
(30.251251, 24.516623, 0.0)
(30.217758, 24.513998, 0.0)
(30.163364, 24.573933, 0.0)
(30.154510, 24.588318, 0.0)
(30.140715, 24.590921, 0.0)
(30.372669, 26.148544, 0.0)
(30.390167, 26.863651, 0.0)
(30.346182, 26.936588, 0.0)
(30.318998, 26.943026, 0.0)
(30.271698, 26.959663, 0.0)
(30.519571, 26.695187, 0.0)
(30.539125, 26.686077, 0.0)
(30.522192, 26.708563, 0.0)
(30.516344, 26.745844, 0.0)
(30.508789, 26.802010, 0.0)
(30.509796, 26.850546, 0.0)
(30.484299, 26.900208, 0.0)
(30.491962, 26.968157, 0.0)
(30.297901, 27.424530, 0.0)
(30.324848, 27.572899, 0.0)
(30.349186, 27.590584, 0.0)
(30.345251, 27.580914, 0.0)
(30.362299, 27.641605, 0.0)
(30.697495, 29.373980, 0.0)
(30.633648, 29.584690, 0.0)
(30.541941, 29.569725, 0.0)
(30.517576, 29.576151, 0.0)
(30.499941, 29.570944, 0.0)
(30.469730, 29.600195, 0.0)
(30.448797, 29.594879, 0.0)
(29.946112, 30.079922, 0.0)
(29.801897, 30.215185, 0.0)
(29.773928, 30.217520, 0.0)
(29.733671, 30.217493, 0.0)
(29.717731, 30.203154, 0.0)
(29.696033, 30.180752, 0.0)
(29.638386, 30.159084, 0.0)
(29.569901, 30.160847, 0.0)
(29.246935, 29.888800, 0.0)
(29.178247, 29.812244, 0.0)
(29.132137, 29.678093, 0.0)
(29.157413, 29.540966, 0.0)
(29.148611, 29.398165, 0.0)
(29.193050, 29.345995, 0.0)
(29.280981, 29.025890, 0.0)
(29.266214, 28.355373, 0.0)
(29.240303, 28.188177, 0.0)
(29.260265, 28.026373, 0.0)
(29.283541, 27.895546, 0.0)
(29.315918, 27.810471, 0.0)
(29.365005, 27.658630, 0.0)
(29.397238, 26.613821, 0.0)
(29.386084, 26.418951, 0.0)
(29.379684, 26.354118, 0.0)
(29.357035, 26.244059, 0.0)
(29.357218, 26.155874, 0.0)
(29.338703, 26.067415, 0.0)
(29.116148, 25.338314, 0.0)
(29.044460, 24.877014, 0.0)
(29.035683, 24.882092, 0.0)
(29.015446, 24.798990, 0.0)
(29.003620, 24.750340, 0.0)
(28.989769, 24.697264, 0.0)
(29.041258, 23.806519, 0.0)
(29.052710, 22.306147, 0.0)
(28.989346, 22.046045, 0.0)
(28.971859, 22.093752, 0.0)
(28.943615, 22.111465, 0.0)
(28.938440, 22.113115, 0.0)
(28.938440, 22.113115, 0.0)
(28.935081, 22.118343, 0.0)
(28.933937, 22.112326, 0.0)
(28.929213, 22.109253, 0.0)
(28.930201, 22.100542, 0.0)
(28.883844, 21.988546, 0.0)
(28.646927, 21.299215, 0.0)
(28.562347, 21.199142, 0.0)
(28.547514, 21.220922, 0.0)
(28.529591, 21.247580, 0.0)
(28.507448, 21.267197, 0.0)
(28.514437, 21.276497, 0.0)
(28.503389, 21.262943, 0.0)
(28.219803, 21.167959, 0.0)
(28.186163, 21.110865, 0.0)
(28.186163, 21.110865, 0.0)
(28.176336, 21.166763, 0.0)
(28.174335, 21.197538, 0.0)
(28.153143, 21.231220, 0.0)
(28.124500, 21.237869, 0.0)
(28.110727, 21.248331, 0.0)
(27.714003, 21.774082, 0.0)
(27.627808, 21.862492, 0.0)
(27.631178, 21.873535, 0.0)
(27.611874, 21.933969, 0.0)
(27.848339, 22.347849, 0.0)
(27.922913, 22.997522, 0.0)
(27.910530, 23.050898, 0.0)
(27.907965, 23.137983, 0.0)
(27.909559, 23.214870, 0.0)
(27.895592, 23.269230, 0.0)
(27.953272, 23.619003, 0.0)
(28.340519, 25.998638, 0.0)
(28.363562, 26.585939, 0.0)
(28.281717, 26.520325, 0.0)
(28.245453, 26.473692, 0.0)
(28.184433, 26.439301, 0.0)
(28.112921, 26.384029, 0.0)
(28.163286, 26.520714, 0.0)
(28.127060, 26.481167, 0.0)
(28.120178, 26.476513, 0.0)
(28.110693, 26.489798, 0.0)
(28.109640, 26.501474, 0.0)
(28.102646, 26.532867, 0.0)
(28.106094, 26.589773, 0.0)
(28.118790, 26.641094, 0.0)
(28.113852, 26.714464, 0.0)
(27.787086, 28.712900, 0.0)
(27.859735, 29.977512, 0.0)
(27.809839, 30.130404, 0.0)
(27.761183, 30.133196, 0.0)
(27.740423, 30.134153, 0.0)
(27.727442, 30.093822, 0.0)
(28.267527, 30.351387, 0.0)
(28.414249, 30.433638, 0.0)
(28.395533, 30.412560, 0.0)
(28.391193, 30.393684, 0.0)
(28.341682, 30.349478, 0.0)
(28.325336, 30.332592, 0.0)
(28.333185, 30.346813, 0.0)
(28.311306, 30.394985, 0.0)
(28.310774, 30.369957, 0.0)
(28.291315, 30.343565, 0.0)
(28.272121, 30.342230, 0.0)
(27.591230, 30.560232, 0.0)
(27.493458, 30.527765, 0.0)
(27.471579, 30.565989, 0.0)
(27.449114, 30.550869, 0.0)
(27.401762, 30.568085, 0.0)
(27.329855, 30.576935, 0.0)
(27.305613, 30.555235, 0.0)
(27.265331, 30.529772, 0.0)
(27.246067, 30.532425, 0.0)
(27.237432, 30.515699, 0.0)
(27.218716, 30.495167, 0.0)
(27.211271, 30.469616, 0.0)
(27.195791, 30.360947, 0.0)
(27.187757, 30.262981, 0.0)
(27.368002, 29.490381, 0.0)
(27.361280, 29.033478, 0.0)
(27.338667, 28.939238, 0.0)
(27.335512, 28.747345, 0.0)
(27.327238, 28.548985, 0.0)
(27.306231, 28.443235, 0.0)
(27.318365, 28.290077, 0.0)
(27.318329, 28.190367, 0.0)
(27.259445, 27.238327, 0.0)
(27.230930, 27.143398, 0.0)
(27.214193, 27.069613, 0.0)
(27.193735, 27.008932, 0.0)
(27.187792, 26.956800, 0.0)
(27.152327, 26.882908, 0.0)
(27.115477, 26.836809, 0.0)
(26.965923, 26.299324, 0.0)
(26.913872, 26.168560, 0.0)
(26.897362, 26.157984, 0.0)
(26.888283, 26.120689, 0.0)
(26.911543, 26.092308, 0.0)
(26.954973, 25.973986, 0.0)
(26.933348, 24.516270, 0.0)
(26.814575, 23.634642, 0.0)
(26.826286, 23.618433, 0.0)
(26.810743, 23.665934, 0.0)
(26.896610, 23.342402, 0.0)
(27.235516, 22.502283, 0.0)
(27.187237, 22.226347, 0.0)
(27.146179, 22.255867, 0.0)
(27.128065, 22.266642, 0.0)
(27.122766, 22.267229, 0.0)
(27.120329, 22.249935, 0.0)
(27.118372, 22.244221, 0.0)
(27.137064, 22.244503, 0.0)
(27.133629, 22.223228, 0.0)
(26.842829, 22.576996, 0.0)
(26.812166, 22.655931, 0.0)
(26.826338, 22.625782, 0.0)
(26.829294, 22.658010, 0.0)
(26.856892, 22.664919, 0.0)
(26.851107, 22.642441, 0.0)
(26.750763, 22.097471, 0.0)
(26.741051, 22.006493, 0.0)
(26.732527, 22.014545, 0.0)
(26.737341, 22.018209, 0.0)
(26.729557, 22.057573, 0.0)
(26.722403, 22.069622, 0.0)
(26.719360, 22.075230, 0.0)
(26.498016, 22.328674, 0.0)
(26.052061, 22.829012, 0.0)
(26.011459, 22.881021, 0.0)
(25.983423, 22.888037, 0.0)
(25.972563, 22.887026, 0.0)
(26.078749, 23.826727, 0.0)
(26.241123, 25.888351, 0.0)
(26.473064, 27.852308, 0.0)
(26.566212, 28.902199, 0.0)
(26.496744, 29.094763, 0.0)
(26.427710, 29.071121, 0.0)
(26.382919, 29.145851, 0.0)
(26.370457, 29.204115, 0.0)
(26.359123, 29.211704, 0.0)
(26.352175, 29.148886, 0.0)
(26.345778, 29.146395, 0.0)
(26.353031, 28.941996, 0.0)
(26.380386, 27.543766, 0.0)
(26.310162, 27.257015, 0.0)
(26.252182, 27.328594, 0.0)
(26.217405, 27.391453, 0.0)
(26.214231, 27.424509, 0.0)
(26.226971, 27.493458, 0.0)
(26.189096, 27.570971, 0.0)
(26.205114, 27.621696, 0.0)
(26.197834, 27.670206, 0.0)
(26.224171, 27.746742, 0.0)
(26.220394, 27.768875, 0.0)
(26.223570, 27.797644, 0.0)
(26.208113, 27.810524, 0.0)
(26.188660, 27.843176, 0.0)
(26.176836, 27.885281, 0.0)
(26.352196, 28.958889, 0.0)
(26.300577, 29.132793, 0.0)
(26.279064, 29.133776, 0.0)
(26.264372, 29.117931, 0.0)
(26.244028, 29.136694, 0.0)
(26.272001, 29.112770, 0.0)
(26.299044, 29.459692, 0.0)
(26.437265, 30.669481, 0.0)
(26.394323, 30.790043, 0.0)
(26.379816, 30.788780, 0.0)
(26.382626, 30.793129, 0.0)
(26.360889, 30.814379, 0.0)
(26.351336, 30.864567, 0.0)
(26.342335, 30.860470, 0.0)
(26.318871, 30.868160, 0.0)
(26.322001, 30.869558, 0.0)
(26.227016, 30.803724, 0.0)
(26.179655, 30.831758, 0.0)
(26.179098, 30.847300, 0.0)
(26.183889, 30.825010, 0.0)
(26.190674, 30.776205, 0.0)
(25.714149, 30.899473, 0.0)
(25.644215, 30.909525, 0.0)
(25.668198, 30.857418, 0.0)
(25.623518, 30.826567, 0.0)
(25.633219, 30.693426, 0.0)
(25.752905, 29.695183, 0.0)
(25.706133, 27.882225, 0.0)
(25.598982, 27.828484, 0.0)
(25.593552, 27.828032, 0.0)
(25.595163, 27.816744, 0.0)
(25.440363, 26.110506, 0.0)
(25.314228, 24.923594, 0.0)
(25.292568, 24.880632, 0.0)
(25.291195, 24.868275, 0.0)
(25.280964, 24.848389, 0.0)
(25.315762, 24.801735, 0.0)
(25.353909, 24.812307, 0.0)
(25.325592, 24.780930, 0.0)
(25.306694, 24.787197, 0.0)
(25.315210, 24.780041, 0.0)
(25.299936, 24.759794, 0.0)
(25.295206, 24.740641, 0.0)
(25.318424, 24.706751, 0.0)
(25.164112, 24.733110, 0.0)
(24.928633, 24.162201, 0.0)
(25.030930, 23.103136, 0.0)
(25.018806, 22.906231, 0.0)
(24.943203, 22.993397, 0.0)
(24.924856, 23.037203, 0.0)
(24.887289, 23.074810, 0.0)
(24.913895, 23.052336, 0.0)
(24.968102, 22.789173, 0.0)
(24.937313, 22.800140, 0.0)
(24.948082, 22.829933, 0.0)
(24.937090, 22.833252, 0.0)
(24.912537, 22.829964, 0.0)
(24.939875, 22.824984, 0.0)
(24.943607, 22.806599, 0.0)
(24.933714, 22.800583, 0.0)
(24.942375, 22.815863, 0.0)
(24.936773, 22.812117, 0.0)
(24.923351, 22.858788, 0.0)
(24.881502, 23.449520, 0.0)
(24.884201, 23.553036, 0.0)
(24.870602, 23.529013, 0.0)
(24.850403, 23.473478, 0.0)
(24.867186, 23.485832, 0.0)
(24.866329, 23.541346, 0.0)
(24.855038, 23.557888, 0.0)
(24.821033, 23.569469, 0.0)
(24.782850, 23.558571, 0.0)
(24.738226, 23.584677, 0.0)
(24.711109, 23.629301, 0.0)
(24.647676, 23.713312, 0.0)
(24.457331, 23.813931, 0.0)
(24.465559, 23.851425, 0.0)
(24.468929, 23.855476, 0.0)
(24.484179, 23.874491, 0.0)
(24.458870, 23.917706, 0.0)
(24.454781, 23.944277, 0.0)
(24.725246, 25.041727, 0.0)
(24.772680, 25.488707, 0.0)
(24.723263, 25.547878, 0.0)
(24.709084, 25.604759, 0.0)
(24.695271, 25.627735, 0.0)
(24.662048, 25.613941, 0.0)
(24.630451, 25.610880, 0.0)
(24.622736, 25.625526, 0.0)
(24.623226, 25.671329, 0.0)
(24.623468, 25.730740, 0.0)
(24.617146, 25.753786, 0.0)
(24.511364, 26.357101, 0.0)
(24.523518, 26.517006, 0.0)
(24.517143, 26.570221, 0.0)
(24.527382, 26.612123, 0.0)
(24.539618, 26.653177, 0.0)
(24.532688, 26.723434, 0.0)
(24.803097, 28.088638, 0.0)
(24.806189, 28.251583, 0.0)
(24.768808, 28.286488, 0.0)
(24.750370, 28.317301, 0.0)
(24.683023, 28.272593, 0.0)
(24.698385, 28.199493, 0.0)
(24.682207, 29.064056, 0.0)
(24.971724, 29.480568, 0.0)
(25.034624, 29.547579, 0.0)
(25.006109, 29.551243, 0.0)
(25.006870, 29.561247, 0.0)
(25.018332, 29.586720, 0.0)
(25.011936, 29.603996, 0.0)
(25.022642, 29.645468, 0.0)
(25.006985, 29.687162, 0.0)
(24.997198, 29.732138, 0.0)
(25.011543, 29.764290, 0.0)
(25.015331, 29.848448, 0.0)
(25.017776, 29.888401, 0.0)
(25.079332, 30.781805, 0.0)
(25.078585, 30.918474, 0.0)
(25.066721, 30.994308, 0.0)
(25.071964, 31.012197, 0.0)
(25.085648, 31.060835, 0.0)
(25.081480, 31.044603, 0.0)
(25.085648, 31.060835, 0.0)
(25.089273, 31.070488, 0.0)
(25.111044, 31.086235, 0.0)
(25.107265, 31.108795, 0.0)
(25.102194, 31.118149, 0.0)
(25.114389, 31.077732, 0.0)
(25.124073, 31.053505, 0.0)
(25.112961, 31.041018, 0.0)
(25.107538, 30.993856, 0.0)
(25.167934, 31.081781, 0.0)
(25.320988, 31.471447, 0.0)
(25.360081, 31.510508, 0.0)
(25.350697, 31.464725, 0.0)
(25.319490, 31.448742, 0.0)
(25.323053, 31.445854, 0.0)
(25.358541, 31.455088, 0.0)
(25.274073, 31.435848, 0.0)
(25.324879, 31.572218, 0.0)
(25.342527, 31.594360, 0.0)
(25.339251, 31.604963, 0.0)
(25.342529, 31.608374, 0.0)
(25.316198, 31.602091, 0.0)
(25.309557, 31.612841, 0.0)
(25.306187, 31.584997, 0.0)
(25.266382, 31.564871, 0.0)
(25.266556, 31.592772, 0.0)
(25.251648, 31.573141, 0.0)
(25.191038, 31.529327, 0.0)
(25.156687, 31.501539, 0.0)
(25.131731, 31.480972, 0.0)
(25.146465, 31.496971, 0.0)
(25.151415, 31.520496, 0.0)
(25.186331, 31.519609, 0.0)
(27.183308, 30.353512, 0.0)
(27.649733, 30.056379, 0.0)
(27.632032, 30.046530, 0.0)
(27.599052, 30.055347, 0.0)
(27.586472, 30.048862, 0.0)
(27.586306, 30.038343, 0.0)
(27.576466, 30.031914, 0.0)
(27.577509, 30.056620, 0.0)
(27.565414, 30.063747, 0.0)
(27.565468, 30.039503, 0.0)
(27.548624, 29.999449, 0.0)
(27.540243, 29.994617, 0.0)
(27.574682, 29.968714, 0.0)
(27.570412, 29.981539, 0.0)
(27.567591, 29.986546, 0.0)
(27.523083, 29.972103, 0.0)
(27.534842, 29.954180, 0.0)
(27.501392, 29.868031, 0.0)
(27.485302, 29.870323, 0.0)
(27.495302, 29.916758, 0.0)
(27.486345, 29.914675, 0.0)
(27.477531, 29.840935, 0.0)
(27.491806, 29.818165, 0.0)
(27.488110, 29.820059, 0.0)
(27.478741, 29.852970, 0.0)
(27.474813, 29.865265, 0.0)
(27.484194, 29.866287, 0.0)
(27.478422, 29.848419, 0.0)
