(33.854424, 32.164600, 0.0)
(33.773567, 31.553202, 0.0)
(33.778515, 31.318199, 0.0)
(33.786118, 31.305143, 0.0)
(33.803558, 31.329624, 0.0)
(33.806377, 31.328737, 0.0)
(33.813339, 31.319427, 0.0)
(33.847958, 31.346357, 0.0)
(33.560989, 31.966995, 0.0)
(33.540497, 32.023987, 0.0)
(33.572701, 31.971392, 0.0)
(33.552017, 32.009708, 0.0)
(33.575653, 32.035210, 0.0)
(33.580322, 32.047909, 0.0)
(33.570873, 32.074146, 0.0)
(33.605991, 32.089108, 0.0)
(33.622971, 32.112892, 0.0)
(33.633957, 32.131023, 0.0)
(33.640507, 32.132572, 0.0)
(33.621552, 32.123981, 0.0)
(33.655231, 32.118557, 0.0)
(33.854851, 32.055420, 0.0)
(33.830502, 32.067928, 0.0)
(33.829159, 32.094170, 0.0)
(33.822773, 32.075451, 0.0)
(33.798050, 32.085854, 0.0)
(33.789547, 32.094292, 0.0)
(33.795223, 32.076088, 0.0)
(34.099922, 31.990778, 0.0)
(34.512741, 31.817688, 0.0)
(34.503807, 31.912109, 0.0)
(34.504673, 31.987305, 0.0)
(34.500568, 32.009209, 0.0)
(34.448502, 31.972649, 0.0)
(34.449329, 31.987556, 0.0)
(34.457539, 31.979538, 0.0)
(34.461815, 31.942028, 0.0)
(34.462429, 31.866863, 0.0)
(34.001965, 32.141716, 0.0)
(33.621693, 32.344276, 0.0)
(33.604618, 32.354317, 0.0)
(33.597401, 32.341572, 0.0)
(33.576862, 32.333656, 0.0)
(33.572052, 32.378677, 0.0)
(33.598522, 32.289684, 0.0)
(33.590282, 32.267277, 0.0)
(33.609188, 32.247990, 0.0)
(33.616650, 32.245625, 0.0)
(33.575237, 32.294071, 0.0)
(33.590626, 32.308327, 0.0)
(33.613297, 32.291016, 0.0)
(33.652138, 32.279095, 0.0)
(33.621891, 32.294449, 0.0)
(33.614967, 32.263668, 0.0)
(33.613522, 32.254230, 0.0)
(33.617943, 32.217640, 0.0)
(33.626995, 32.181953, 0.0)
(33.643543, 32.191078, 0.0)
(33.621071, 32.280220, 0.0)
(33.608215, 32.275036, 0.0)
(33.603420, 32.260376, 0.0)
(33.611130, 32.242435, 0.0)
(33.615704, 32.187660, 0.0)
(33.609196, 32.161728, 0.0)
(33.609402, 32.153343, 0.0)
(33.623577, 32.191380, 0.0)
(33.626621, 32.216194, 0.0)
(33.620419, 32.203537, 0.0)
(33.611122, 32.195286, 0.0)
(33.622211, 32.203197, 0.0)
(33.767647, 31.976425, 0.0)
(33.761257, 31.971956, 0.0)
(33.735317, 31.984987, 0.0)
(33.732002, 31.987762, 0.0)
(33.717960, 32.005554, 0.0)
(33.717106, 32.020802, 0.0)
(33.711960, 32.034370, 0.0)
(33.715210, 32.025272, 0.0)
(33.705872, 32.024097, 0.0)
(33.694790, 32.017929, 0.0)
(33.683056, 32.017853, 0.0)
(33.684731, 32.070042, 0.0)
(33.671700, 32.094292, 0.0)
(33.675190, 32.118385, 0.0)
(33.548119, 32.382587, 0.0)
(33.481873, 32.411812, 0.0)
(33.471310, 32.363297, 0.0)
(33.470821, 32.358665, 0.0)
(33.460564, 32.344849, 0.0)
(33.452904, 32.370697, 0.0)
(33.444817, 32.413723, 0.0)
(33.443203, 32.387550, 0.0)
(33.452225, 32.365143, 0.0)
(33.443203, 32.387550, 0.0)
(33.259830, 32.283207, 0.0)
(33.188786, 32.128201, 0.0)
(33.198185, 32.113724, 0.0)
(33.196503, 32.109402, 0.0)
(33.179302, 32.079548, 0.0)
(33.175579, 32.052681, 0.0)
(33.176472, 32.063046, 0.0)
(33.384109, 32.198792, 0.0)
(33.480881, 32.273670, 0.0)
(33.495052, 32.268852, 0.0)
(33.499054, 32.242947, 0.0)
(33.496468, 32.251926, 0.0)
(33.499409, 32.258217, 0.0)
(33.493980, 32.237122, 0.0)
(33.481236, 32.245037, 0.0)
(33.562389, 32.343521, 0.0)
(33.460213, 32.406914, 0.0)
(33.411201, 32.422096, 0.0)
(33.431015, 32.398262, 0.0)
(33.415493, 32.402370, 0.0)
(33.389877, 32.416058, 0.0)
(33.398350, 32.412292, 0.0)
(33.391178, 32.386173, 0.0)
(33.384438, 32.383125, 0.0)
(33.399685, 32.391888, 0.0)
(33.644638, 32.360836, 0.0)
(33.826855, 32.299591, 0.0)
(33.819740, 32.297436, 0.0)
(33.817131, 32.294357, 0.0)
(33.822212, 32.261593, 0.0)
(33.825577, 32.238194, 0.0)
(33.806557, 32.243557, 0.0)
(33.803467, 32.242653, 0.0)
(33.801617, 32.250210, 0.0)
(33.806557, 32.243557, 0.0)
(33.820889, 32.229839, 0.0)
(33.404377, 32.301861, 0.0)
(33.328449, 32.320404, 0.0)
(33.330826, 32.291759, 0.0)
(33.317532, 32.290215, 0.0)
(33.312893, 32.269047, 0.0)
(33.278316, 32.229095, 0.0)
(33.279575, 32.207176, 0.0)
(33.298046, 32.208473, 0.0)
(33.288742, 32.216393, 0.0)
(33.280861, 32.281048, 0.0)
(33.301479, 32.309994, 0.0)
(33.311306, 32.349850, 0.0)
(33.304291, 32.353683, 0.0)
(33.314178, 32.339195, 0.0)
(33.330662, 32.327553, 0.0)
(33.327732, 32.324909, 0.0)
(33.585148, 32.291359, 0.0)
(33.569424, 32.325146, 0.0)
(33.574715, 32.324059, 0.0)
(33.578938, 32.300495, 0.0)
(33.590073, 32.330357, 0.0)
(33.581276, 32.300571, 0.0)
(33.580791, 32.286865, 0.0)
(33.537415, 32.252930, 0.0)
(33.532421, 32.279968, 0.0)
(33.520050, 32.258430, 0.0)
(33.524731, 32.210312, 0.0)
(33.508209, 32.228256, 0.0)
(33.514969, 32.242661, 0.0)
(33.236538, 32.328106, 0.0)
(33.135677, 32.322670, 0.0)
(33.141781, 32.334793, 0.0)
(33.157547, 32.328407, 0.0)
(33.146500, 32.324543, 0.0)
(33.146500, 32.324543, 0.0)
(33.136349, 32.329636, 0.0)
(33.129250, 32.344925, 0.0)
(34.863995, 32.921947, 0.0)
(38.366287, 35.256950, 0.0)
(40.190247, 36.865093, 0.0)
(40.292961, 36.942474, 0.0)
(40.223145, 36.939629, 0.0)
(40.201420, 36.915493, 0.0)
(40.152122, 36.938210, 0.0)
(41.016865, 36.694275, 0.0)
(41.054070, 36.658287, 0.0)
(41.003773, 36.665703, 0.0)
(40.989388, 36.652065, 0.0)
(40.965626, 36.708820, 0.0)
(40.957626, 36.714157, 0.0)
(40.953278, 36.719852, 0.0)
(40.904224, 36.737514, 0.0)
(40.946800, 36.715168, 0.0)
(40.924854, 36.722378, 0.0)
(40.919125, 36.738285, 0.0)
(40.925388, 36.722900, 0.0)
(40.955189, 36.722134, 0.0)
(40.910023, 36.725155, 0.0)
(40.912292, 36.740597, 0.0)
(40.909042, 36.741924, 0.0)
(40.904503, 36.730915, 0.0)
(40.406513, 35.680428, 0.0)
(40.123375, 35.064762, 0.0)
(40.091282, 34.992950, 0.0)
(40.097595, 34.989697, 0.0)
(40.112576, 35.010162, 0.0)
(40.084972, 35.004765, 0.0)
(40.096115, 35.061749, 0.0)
(40.080425, 35.058514, 0.0)
(40.080425, 35.058514, 0.0)
(40.078281, 35.061199, 0.0)
(40.069420, 35.036705, 0.0)
(40.079773, 35.039791, 0.0)
(40.052921, 35.079483, 0.0)
(40.082947, 34.968990, 0.0)
(40.402668, 32.154320, 0.0)
(40.309761, 29.848829, 0.0)
(40.119759, 29.391809, 0.0)
(40.062347, 29.533531, 0.0)
(39.998161, 29.573841, 0.0)
(40.119366, 29.377134, 0.0)
(40.046963, 29.223570, 0.0)
(39.960487, 29.162220, 0.0)
(39.929134, 29.080519, 0.0)
(39.939411, 29.091648, 0.0)
(39.917507, 29.079552, 0.0)
(39.918598, 29.100948, 0.0)
(39.896133, 29.108858, 0.0)
(39.872871, 29.135353, 0.0)
(39.872871, 29.115625, 0.0)
(39.858353, 29.105749, 0.0)
(39.456142, 29.252939, 0.0)
(39.364738, 29.253054, 0.0)
(39.384121, 29.249037, 0.0)
(39.370899, 29.184792, 0.0)
(39.339935, 29.166487, 0.0)
(39.349190, 29.217728, 0.0)
(39.349712, 29.251539, 0.0)
(39.337093, 29.239534, 0.0)
(39.334370, 29.237232, 0.0)
(39.319530, 29.238621, 0.0)
(39.299812, 29.204084, 0.0)
(39.256313, 29.131401, 0.0)
(39.252518, 29.127378, 0.0)
(39.238605, 29.142796, 0.0)
(39.223526, 29.153088, 0.0)
(39.217484, 29.186224, 0.0)
(39.224033, 29.185179, 0.0)
(39.227680, 29.176859, 0.0)
(39.224846, 29.166101, 0.0)
(39.217525, 29.145449, 0.0)
(39.202885, 29.140507, 0.0)
(37.432652, 29.530401, 0.0)
(33.879120, 30.370310, 0.0)
(31.038734, 32.254185, 0.0)
(28.738382, 34.404774, 0.0)
(28.499279, 34.523205, 0.0)
(28.454689, 34.480297, 0.0)
(28.401646, 34.471180, 0.0)
(28.369631, 34.397392, 0.0)
(28.348471, 34.390526, 0.0)
(26.905048, 37.583931, 0.0)
(26.355009, 38.297188, 0.0)
(26.208248, 38.426216, 0.0)
(26.206596, 38.413567, 0.0)
(26.205849, 38.438000, 0.0)
(26.205797, 38.438435, 0.0)
(26.212278, 38.402866, 0.0)
(26.228382, 38.378357, 0.0)
(26.232605, 38.362446, 0.0)
(26.215670, 38.343468, 0.0)
(26.187826, 38.312931, 0.0)
(26.201588, 38.317444, 0.0)
(26.198088, 38.296875, 0.0)
(26.178522, 38.287128, 0.0)
(26.151119, 38.286076, 0.0)
(26.551718, 36.874882, 0.0)
(26.555870, 35.642952, 0.0)
(26.483776, 35.626766, 0.0)
(26.484970, 35.693810, 0.0)
(26.480061, 35.719296, 0.0)
(26.423357, 35.776543, 0.0)
(26.415348, 35.822224, 0.0)
(26.408920, 35.820580, 0.0)
(26.405720, 35.831425, 0.0)
(26.400360, 35.838081, 0.0)
(26.410984, 35.821983, 0.0)
(26.403822, 35.799305, 0.0)
(26.408558, 35.790485, 0.0)
(26.065006, 33.702488, 0.0)
(25.935398, 31.360653, 0.0)
(25.804811, 31.236826, 0.0)
(25.750654, 31.288925, 0.0)
(25.736652, 31.326509, 0.0)
(25.658344, 31.351883, 0.0)
(25.657465, 31.333088, 0.0)
(25.428055, 30.877052, 0.0)
(25.400543, 30.773890, 0.0)
(25.394875, 30.787233, 0.0)
(25.404194, 30.823765, 0.0)
(25.358601, 30.861927, 0.0)
(25.365879, 30.878115, 0.0)
(25.360073, 30.859856, 0.0)
(25.352507, 30.844723, 0.0)
(25.359627, 30.833462, 0.0)
(25.367039, 30.824507, 0.0)
(25.426908, 30.849064, 0.0)
(25.777882, 30.881084, 0.0)
(25.802486, 30.896229, 0.0)
(25.767960, 30.937729, 0.0)
(25.766115, 30.960724, 0.0)
(25.774456, 30.961369, 0.0)
(25.775749, 30.951540, 0.0)
(25.772900, 30.892826, 0.0)
(25.777245, 30.861835, 0.0)
(25.777279, 30.880016, 0.0)
(26.617556, 30.898785, 0.0)
(26.662361, 30.955841, 0.0)
(26.644613, 30.951773, 0.0)
(26.651934, 30.925365, 0.0)
(26.638433, 30.897331, 0.0)
(26.644793, 30.899050, 0.0)
(26.646732, 30.885216, 0.0)
(26.656044, 30.864939, 0.0)
(26.661501, 30.851389, 0.0)
(26.659565, 30.852678, 0.0)
(28.451878, 31.088999, 0.0)
(33.046703, 32.516232, 0.0)
(34.095806, 33.053200, 0.0)
(34.103649, 33.049072, 0.0)
(34.020061, 32.937061, 0.0)
(33.643845, 32.398968, 0.0)
(33.604382, 32.344780, 0.0)
(33.597099, 32.382843, 0.0)
(33.594116, 32.382378, 0.0)
(33.591789, 32.360756, 0.0)
(33.584183, 32.341995, 0.0)
(33.606449, 32.342659, 0.0)
(33.609581, 32.332531, 0.0)
(33.602020, 32.333206, 0.0)
(33.598267, 32.384617, 0.0)
(33.736240, 32.405018, 0.0)
(33.648151, 32.047466, 0.0)
(33.663628, 32.119560, 0.0)
(33.683319, 32.146511, 0.0)
(33.668049, 32.188560, 0.0)
(33.655735, 32.220375, 0.0)
(33.665009, 32.194782, 0.0)
(33.654976, 32.247559, 0.0)
(33.638943, 32.230362, 0.0)
(33.645298, 32.227089, 0.0)
(33.624870, 32.255558, 0.0)
(33.646523, 32.224602, 0.0)
(33.638351, 32.207321, 0.0)
(33.635094, 32.215130, 0.0)
(33.667252, 32.243477, 0.0)
(33.632099, 32.258949, 0.0)
(33.642128, 32.251904, 0.0)
(33.637913, 32.218613, 0.0)
(33.646397, 32.221745, 0.0)
(33.629719, 32.223022, 0.0)
(33.633389, 32.225990, 0.0)
(33.466839, 32.419270, 0.0)
(30.443417, 35.180172, 0.0)
(27.815166, 37.523895, 0.0)
(27.200871, 37.966049, 0.0)
(27.098406, 38.001625, 0.0)
(27.088427, 38.016930, 0.0)
(27.050409, 38.047016, 0.0)
(27.038143, 38.026127, 0.0)
(27.038683, 38.014397, 0.0)
(27.015301, 37.986607, 0.0)
(27.099861, 38.038902, 0.0)
(28.974365, 38.221127, 0.0)
(28.961258, 38.224545, 0.0)
(28.898985, 38.175789, 0.0)
(28.902031, 38.257805, 0.0)
(28.899847, 38.309261, 0.0)
(28.914186, 38.298550, 0.0)
(30.866837, 37.914593, 0.0)
(32.472107, 37.630913, 0.0)
(32.514210, 37.626942, 0.0)
(32.503334, 37.553513, 0.0)
(32.531322, 37.570690, 0.0)
(32.600899, 37.576405, 0.0)
(32.647911, 37.634766, 0.0)
(33.889977, 37.568790, 0.0)
(35.560387, 37.249737, 0.0)
(35.627533, 37.252289, 0.0)
(35.675781, 37.286514, 0.0)
(36.821243, 37.111542, 0.0)
(36.934853, 37.096329, 0.0)
(36.941761, 37.088207, 0.0)
(36.958183, 37.096050, 0.0)
(36.999146, 37.081806, 0.0)
(37.024570, 37.082176, 0.0)
(37.064598, 37.081779, 0.0)
(38.941093, 37.116722, 0.0)
(39.851154, 36.801109, 0.0)
(39.882271, 36.778965, 0.0)
(39.887562, 36.814995, 0.0)
(39.901543, 36.858578, 0.0)
(39.887596, 36.877193, 0.0)
(39.890533, 36.903061, 0.0)
(39.912575, 36.895832, 0.0)
(39.903786, 36.879581, 0.0)
(40.347065, 36.761135, 0.0)
(40.444164, 36.584900, 0.0)
(40.441299, 36.540672, 0.0)
(40.404865, 36.554810, 0.0)
(40.373348, 36.612793, 0.0)
(40.364433, 36.594341, 0.0)
(40.399624, 36.647640, 0.0)
(40.410759, 36.682701, 0.0)
(40.412964, 36.693756, 0.0)
(40.404507, 36.711182, 0.0)
(40.836220, 35.232239, 0.0)
(41.255779, 34.629761, 0.0)
(41.235825, 34.626793, 0.0)
(41.212753, 34.611370, 0.0)
(41.167759, 34.644772, 0.0)
(41.154503, 34.633984, 0.0)
(41.144855, 34.625874, 0.0)
(41.136612, 34.573975, 0.0)
(41.111599, 34.555206, 0.0)
(39.977520, 35.539398, 0.0)
(39.747864, 36.010441, 0.0)
(39.667244, 36.015873, 0.0)
(39.560955, 35.948486, 0.0)
(39.456554, 35.873737, 0.0)
(39.309906, 35.890915, 0.0)
(37.903698, 36.648033, 0.0)
(37.617256, 36.639400, 0.0)
(37.419941, 36.631447, 0.0)
(37.246868, 36.661285, 0.0)
(36.999744, 36.635807, 0.0)
(36.827541, 36.622551, 0.0)
(36.354191, 36.822365, 0.0)
(35.474567, 36.938461, 0.0)
(35.236618, 36.983990, 0.0)
(35.091553, 37.014492, 0.0)
(34.946983, 37.044926, 0.0)
(34.797619, 37.076210, 0.0)
(34.660641, 37.138371, 0.0)
(33.342377, 37.465450, 0.0)
(32.104786, 37.455883, 0.0)
(31.909143, 37.495831, 0.0)
(31.792326, 37.568920, 0.0)
(31.600313, 37.587814, 0.0)
(31.453184, 37.613777, 0.0)
(31.359089, 37.670170, 0.0)
(31.249687, 37.699032, 0.0)
(29.648035, 38.271397, 0.0)
(28.858349, 38.454502, 0.0)
(28.687866, 38.432621, 0.0)
(28.582951, 38.446911, 0.0)
(28.481354, 38.477680, 0.0)
(28.386824, 38.529671, 0.0)
(28.327290, 38.604275, 0.0)
(28.251501, 38.629826, 0.0)
(28.154325, 38.686966, 0.0)
(28.115410, 38.716370, 0.0)
(28.060175, 38.688915, 0.0)
(28.025770, 38.703625, 0.0)
(27.960878, 38.698250, 0.0)
(27.316778, 38.435417, 0.0)
(27.102541, 38.253265, 0.0)
(27.037212, 38.316944, 0.0)
(26.964624, 38.339317, 0.0)
(26.901304, 38.327324, 0.0)
(26.367605, 38.299149, 0.0)
(26.105074, 38.245285, 0.0)
(26.075588, 38.235332, 0.0)
(26.076351, 38.207947, 0.0)
(26.095753, 38.223076, 0.0)
(26.093958, 38.255241, 0.0)
(26.053513, 38.278072, 0.0)
(26.043636, 38.297817, 0.0)
(26.056263, 38.279980, 0.0)
(26.064798, 38.234005, 0.0)
(26.080452, 38.214520, 0.0)
(26.063707, 38.258808, 0.0)
(27.059551, 37.959213, 0.0)
(27.430353, 37.817245, 0.0)
(27.473774, 37.789459, 0.0)
(27.540094, 37.691212, 0.0)
(27.620285, 37.658127, 0.0)
(27.768841, 37.654331, 0.0)
(27.895105, 37.578438, 0.0)
(28.163307, 37.590305, 0.0)
(31.370275, 37.260853, 0.0)
(31.747427, 37.146328, 0.0)
(31.831470, 37.084171, 0.0)
(31.947712, 37.069668, 0.0)
(32.059746, 37.028183, 0.0)
(32.122902, 37.036308, 0.0)
(32.240986, 37.076332, 0.0)
(32.257534, 37.086899, 0.0)
(32.403706, 37.100044, 0.0)
(33.801971, 36.793262, 0.0)
(33.891563, 36.739140, 0.0)
(33.947662, 36.724861, 0.0)
(34.038147, 36.752289, 0.0)
(34.166660, 36.664417, 0.0)
(35.091774, 36.495319, 0.0)
(35.281563, 36.475353, 0.0)
(35.375015, 36.513988, 0.0)
(35.467655, 36.541149, 0.0)
(35.942825, 36.551701, 0.0)
(37.309418, 36.236496, 0.0)
(37.429325, 36.188457, 0.0)
(37.483921, 36.125122, 0.0)
(37.560913, 36.138962, 0.0)
(38.557171, 36.149658, 0.0)
(39.971882, 36.108620, 0.0)
(40.093754, 36.071030, 0.0)
(40.077721, 36.056526, 0.0)
(40.098686, 36.056473, 0.0)
(40.124557, 35.998291, 0.0)
(40.118858, 35.948582, 0.0)
(40.109234, 35.940456, 0.0)
(40.139999, 35.953339, 0.0)
(40.308033, 35.939472, 0.0)
(40.654785, 35.760311, 0.0)
(40.685123, 35.762791, 0.0)
(40.655800, 35.758511, 0.0)
(40.655163, 35.765411, 0.0)
(40.653534, 35.747437, 0.0)
(40.631809, 35.728069, 0.0)
(40.625027, 35.737095, 0.0)
(40.633907, 35.736588, 0.0)
(40.629887, 35.745029, 0.0)
(40.607567, 35.732697, 0.0)
(40.567360, 35.695446, 0.0)
(40.552361, 35.676987, 0.0)
(40.496410, 35.701885, 0.0)
(40.444275, 35.658451, 0.0)
(40.387020, 35.516434, 0.0)
(40.136635, 35.500469, 0.0)
(39.152771, 35.349598, 0.0)
(38.942581, 35.297829, 0.0)
(38.776646, 35.245232, 0.0)
(38.621685, 35.208111, 0.0)
(38.456596, 35.175053, 0.0)
(38.256641, 35.221691, 0.0)
(38.062008, 35.194557, 0.0)
(37.785690, 35.202473, 0.0)
(37.485077, 37.694103, 0.0)
(36.974155, 36.844425, 0.0)
(36.782032, 35.960930, 0.0)
(36.614002, 35.421936, 0.0)
(36.365559, 35.330853, 0.0)
(36.181019, 35.362789, 0.0)
(35.986046, 35.398674, 0.0)
(35.793476, 35.437809, 0.0)
(34.606731, 35.761776, 0.0)
(34.324379, 35.729801, 0.0)
(34.152515, 35.758209, 0.0)
(33.983898, 35.754951, 0.0)
(32.856327, 36.174660, 0.0)
(29.401358, 38.981270, 0.0)
(29.016272, 37.962654, 0.0)
(28.804785, 37.282646, 0.0)
(28.636475, 36.916729, 0.0)
(28.574883, 36.972538, 0.0)
(28.533545, 37.005905, 0.0)
(28.505812, 37.019627, 0.0)
(28.461298, 37.005814, 0.0)
(28.457481, 38.272198, 0.0)
(27.103767, 38.352875, 0.0)
(26.870171, 37.518860, 0.0)
(26.814281, 37.204948, 0.0)
(26.758060, 37.323498, 0.0)
(26.714636, 37.361591, 0.0)
(26.661085, 37.378017, 0.0)
(26.617496, 37.359692, 0.0)
(26.582472, 37.417797, 0.0)
(26.543480, 37.475140, 0.0)
(26.496861, 37.462952, 0.0)
(26.128584, 37.386246, 0.0)
(25.779716, 37.127556, 0.0)
(25.716320, 37.099613, 0.0)
(25.712864, 37.113060, 0.0)
(25.721880, 37.133343, 0.0)
(25.720833, 37.120800, 0.0)
(25.707951, 37.133282, 0.0)
(25.711809, 37.108700, 0.0)
(25.720039, 37.103859, 0.0)
(25.710154, 37.082893, 0.0)
(25.731655, 37.056652, 0.0)
(25.758585, 37.028778, 0.0)
(25.866846, 36.978363, 0.0)
(27.061901, 36.467609, 0.0)
(27.236113, 36.398911, 0.0)
(27.322159, 36.323849, 0.0)
(27.455101, 36.330353, 0.0)
(27.603952, 36.297768, 0.0)
(27.990580, 36.268295, 0.0)
(30.127766, 35.811600, 0.0)
(30.336641, 35.771702, 0.0)
(30.396917, 35.744968, 0.0)
(30.546122, 35.656300, 0.0)
(30.669958, 35.595135, 0.0)
(30.767012, 35.634640, 0.0)
(30.885130, 35.654179, 0.0)
(31.073309, 35.693531, 0.0)
(33.065060, 35.386581, 0.0)
(33.240875, 35.323227, 0.0)
(33.315300, 35.278000, 0.0)
(33.462612, 35.260296, 0.0)
(33.597740, 35.237915, 0.0)
(33.725147, 35.267479, 0.0)
(33.990673, 35.224331, 0.0)
(36.641293, 34.981133, 0.0)
(38.576477, 35.099434, 0.0)
(39.258472, 35.180542, 0.0)
(39.327164, 35.173111, 0.0)
(39.338371, 35.154240, 0.0)
(39.321579, 35.188782, 0.0)
(39.271271, 35.166622, 0.0)
(39.069435, 35.121567, 0.0)
(39.697273, 35.231274, 0.0)
(39.821636, 35.240471, 0.0)
(39.835175, 35.296440, 0.0)
(39.881840, 35.337013, 0.0)
(39.906944, 35.357594, 0.0)
(39.938404, 35.380177, 0.0)
(40.174812, 35.379990, 0.0)
(40.320271, 35.263557, 0.0)
(40.332394, 35.248390, 0.0)
(40.297653, 35.251637, 0.0)
(40.346588, 35.285358, 0.0)
(40.356682, 35.288139, 0.0)
(40.348167, 35.301891, 0.0)
(40.358593, 35.326393, 0.0)
(40.340206, 35.327957, 0.0)
(40.346786, 35.322193, 0.0)
(40.460995, 34.847412, 0.0)
(40.638531, 34.006989, 0.0)
(40.661579, 34.009346, 0.0)
(40.645184, 34.110733, 0.0)
(40.637699, 34.127472, 0.0)
(40.636169, 34.112171, 0.0)
(40.605309, 34.083832, 0.0)
(40.626972, 34.088154, 0.0)
(40.600872, 34.000095, 0.0)
(40.617714, 33.924408, 0.0)
(40.560520, 33.867413, 0.0)
(40.282017, 33.940338, 0.0)
(39.380573, 34.179409, 0.0)
(39.171425, 34.197582, 0.0)
(39.008919, 34.170040, 0.0)
(38.791225, 34.140526, 0.0)
(38.632111, 34.074440, 0.0)
(38.392559, 34.043480, 0.0)
(38.160717, 34.004490, 0.0)
(37.839180, 33.964397, 0.0)
(37.179634, 34.174507, 0.0)
(36.219124, 34.286541, 0.0)
(35.858612, 34.297722, 0.0)
(35.542942, 34.336372, 0.0)
(35.273483, 34.356045, 0.0)
(35.027218, 34.287014, 0.0)
(34.824738, 34.366348, 0.0)
(34.592175, 34.369461, 0.0)
(34.325184, 34.391838, 0.0)
(34.122063, 34.465721, 0.0)
(33.890900, 34.450779, 0.0)
(33.679012, 34.476986, 0.0)
(33.467007, 34.531761, 0.0)
(33.274902, 34.619106, 0.0)
(33.005646, 34.661392, 0.0)
(32.778965, 34.667801, 0.0)
(32.550350, 34.687454, 0.0)
(32.146568, 34.750195, 0.0)
(30.365965, 35.027641, 0.0)
(29.954081, 35.185291, 0.0)
(29.790821, 35.293831, 0.0)
(29.587456, 35.364101, 0.0)
(29.404947, 35.455921, 0.0)
(29.231773, 35.544418, 0.0)
(29.072969, 35.551903, 0.0)
(28.890789, 35.518795, 0.0)
(28.823944, 35.482658, 0.0)
(28.717648, 35.495804, 0.0)
(28.594286, 35.569885, 0.0)
(28.462452, 35.585388, 0.0)
(27.463245, 35.811474, 0.0)
(27.270437, 35.936264, 0.0)
(27.179491, 35.976204, 0.0)
(27.012238, 35.954540, 0.0)
(26.894672, 35.998051, 0.0)
(26.077330, 36.428677, 0.0)
(25.793962, 36.373322, 0.0)
(25.794836, 36.356178, 0.0)
(25.802801, 36.281361, 0.0)
(25.692577, 36.281685, 0.0)
(25.544281, 36.316505, 0.0)
(25.537027, 36.302197, 0.0)
(25.551445, 36.252922, 0.0)
(25.488461, 36.211143, 0.0)
(25.428963, 36.189091, 0.0)
(27.074339, 34.868427, 0.0)
(28.568329, 34.039307, 0.0)
(28.629885, 33.972187, 0.0)
(28.603769, 33.916889, 0.0)
(28.548967, 33.924690, 0.0)
(26.933731, 34.978737, 0.0)
(26.771772, 35.178146, 0.0)
(26.825592, 35.222130, 0.0)
(26.881105, 35.237103, 0.0)
(26.967102, 35.181835, 0.0)
(27.816652, 35.003315, 0.0)
(28.490423, 34.938221, 0.0)
(28.679089, 34.898884, 0.0)
(28.852419, 34.887272, 0.0)
(29.003683, 34.877136, 0.0)
(30.477781, 34.566605, 0.0)
(31.272142, 34.347294, 0.0)
(31.502064, 34.321705, 0.0)
(31.649151, 34.292152, 0.0)
(32.298656, 34.242489, 0.0)
(34.214340, 33.682007, 0.0)
(34.464043, 33.631992, 0.0)
(34.514431, 33.627800, 0.0)
(34.673023, 33.638130, 0.0)
(35.208652, 33.609642, 0.0)
(36.774761, 33.644703, 0.0)
(36.947205, 33.705158, 0.0)
(37.009617, 33.690880, 0.0)
(38.464584, 33.908897, 0.0)
(38.838284, 33.966099, 0.0)
(38.888138, 33.939198, 0.0)
(38.887318, 33.985371, 0.0)
(38.884113, 34.014713, 0.0)
(39.323303, 34.182190, 0.0)
(40.107643, 34.421532, 0.0)
(40.147537, 34.458523, 0.0)
(40.140743, 34.444794, 0.0)
(40.134674, 34.468620, 0.0)
(40.130840, 34.462555, 0.0)
(39.372551, 34.506962, 0.0)
(38.600883, 34.411030, 0.0)
(39.022869, 34.364250, 0.0)
(39.375401, 34.190426, 0.0)
(39.367580, 34.163067, 0.0)
(39.367855, 34.211842, 0.0)
(39.365959, 34.227612, 0.0)
(40.140076, 34.172684, 0.0)
(40.154408, 34.051636, 0.0)
(40.151257, 34.066769, 0.0)
(40.153164, 34.069897, 0.0)
(40.138992, 34.107273, 0.0)
(40.105858, 34.143169, 0.0)
(40.392933, 33.919296, 0.0)
(40.406937, 33.818726, 0.0)
(40.398369, 33.840225, 0.0)
(40.379761, 33.832058, 0.0)
(40.361828, 33.787186, 0.0)
(40.353931, 33.808311, 0.0)
(40.342754, 33.830936, 0.0)
(40.303852, 33.779282, 0.0)
(40.280682, 33.778301, 0.0)
(40.220207, 33.754730, 0.0)
(39.005131, 33.533867, 0.0)
(38.806889, 33.526215, 0.0)
(38.705601, 33.490311, 0.0)
(38.513073, 33.442146, 0.0)
(38.323444, 33.347557, 0.0)
(38.102066, 33.299633, 0.0)
(37.879360, 33.268970, 0.0)
(37.649227, 33.272411, 0.0)
(37.408646, 33.280880, 0.0)
(36.910286, 33.431396, 0.0)
(35.481506, 33.707706, 0.0)
(35.121246, 33.716587, 0.0)
(34.781227, 33.729725, 0.0)
(34.432121, 33.753082, 0.0)
(34.102684, 33.816521, 0.0)
(33.722099, 33.867775, 0.0)
(33.369396, 33.853771, 0.0)
(33.007343, 33.891335, 0.0)
(32.738800, 33.981251, 0.0)
(32.469959, 34.003773, 0.0)
(32.126320, 34.037434, 0.0)
(31.885979, 34.075066, 0.0)
(31.612526, 34.084927, 0.0)
(31.381826, 34.098000, 0.0)
(31.158258, 34.124783, 0.0)
(30.972208, 34.180153, 0.0)
(30.783411, 34.195797, 0.0)
(30.604185, 34.279648, 0.0)
(30.404099, 34.339245, 0.0)
(30.191912, 34.358734, 0.0)
(29.999378, 34.421371, 0.0)
(29.785328, 34.448509, 0.0)
(28.425108, 34.821178, 0.0)
(27.780048, 34.957836, 0.0)
(27.582518, 34.976936, 0.0)
(27.458338, 35.038979, 0.0)
(27.364397, 35.095261, 0.0)
(27.268932, 35.133766, 0.0)
(27.182482, 35.201344, 0.0)
(27.085470, 35.245686, 0.0)
(27.017982, 35.238747, 0.0)
(26.911743, 35.264343, 0.0)
(26.868515, 35.238331, 0.0)
(26.087891, 35.408752, 0.0)
(25.881428, 35.396858, 0.0)
(25.855795, 35.436115, 0.0)
(25.807438, 35.467922, 0.0)
(25.776733, 35.466667, 0.0)
(25.733778, 35.491970, 0.0)
(25.622215, 35.464031, 0.0)
(25.522236, 35.204708, 0.0)
(25.498419, 35.160789, 0.0)
(25.501303, 35.175724, 0.0)
(25.495682, 35.179207, 0.0)
(25.515799, 35.126606, 0.0)
(25.606651, 35.075043, 0.0)
(25.830721, 34.987637, 0.0)
(27.109762, 34.266563, 0.0)
(27.312567, 34.172680, 0.0)
(27.430513, 34.096165, 0.0)
(27.534040, 34.023369, 0.0)
(27.682369, 33.987541, 0.0)
(27.845644, 33.930916, 0.0)
(28.049488, 33.870987, 0.0)
(28.216333, 33.819752, 0.0)
(29.433729, 33.625103, 0.0)
(30.054621, 33.556591, 0.0)
(30.313696, 33.485085, 0.0)
(30.491232, 33.453976, 0.0)
(30.657372, 33.422779, 0.0)
(30.823774, 33.389351, 0.0)
(30.958393, 33.383755, 0.0)
(31.159403, 33.357937, 0.0)
(31.509977, 33.337303, 0.0)
(32.905079, 33.141716, 0.0)
(33.109230, 33.073475, 0.0)
(33.295189, 33.074219, 0.0)
(33.432205, 33.093235, 0.0)
(33.602951, 33.076500, 0.0)
(33.857693, 33.081272, 0.0)
(33.985592, 33.084435, 0.0)
(34.214935, 33.078003, 0.0)
(35.624744, 32.938023, 0.0)
(35.856434, 32.938511, 0.0)
(35.985619, 32.957024, 0.0)
(36.130619, 32.980862, 0.0)
(37.546280, 33.042137, 0.0)
(37.826591, 33.021568, 0.0)
(37.892185, 33.026749, 0.0)
(37.979095, 33.040325, 0.0)
(38.050400, 33.049725, 0.0)
(38.097084, 33.052959, 0.0)
(38.151470, 33.043156, 0.0)
(38.840458, 33.312531, 0.0)
(39.327301, 33.379307, 0.0)
(39.386730, 33.407478, 0.0)
(39.418854, 33.361431, 0.0)
(39.443321, 33.359795, 0.0)
(39.440872, 33.387184, 0.0)
(39.439419, 33.398155, 0.0)
(39.460098, 33.407974, 0.0)
(40.162380, 33.440495, 0.0)
(40.456081, 33.195950, 0.0)
(40.447536, 33.142113, 0.0)
(40.427273, 33.182163, 0.0)
(40.469090, 33.198406, 0.0)
(40.466820, 33.218735, 0.0)
(40.428360, 33.289722, 0.0)
(40.405964, 33.284489, 0.0)
(40.390125, 33.258308, 0.0)
(40.370647, 33.217113, 0.0)
(40.321918, 33.181675, 0.0)
(40.259670, 33.102619, 0.0)
(39.863380, 32.865669, 0.0)
(39.804897, 32.791420, 0.0)
(39.702168, 32.768661, 0.0)
(39.567837, 32.741684, 0.0)
(38.812233, 32.774014, 0.0)
(38.171391, 32.708687, 0.0)
(38.024368, 32.656315, 0.0)
(37.834759, 32.648582, 0.0)
(37.614494, 32.606541, 0.0)
(37.437981, 32.596786, 0.0)
(37.280045, 32.545216, 0.0)
(37.144249, 32.511799, 0.0)
(36.976280, 32.508224, 0.0)
(35.906155, 32.496445, 0.0)
(35.670738, 32.547855, 0.0)
(35.527325, 32.561092, 0.0)
(35.315533, 32.503605, 0.0)
(35.115227, 32.507675, 0.0)
(34.918755, 32.490936, 0.0)
(34.788940, 32.471519, 0.0)
(33.451096, 32.609932, 0.0)
(33.110260, 32.639252, 0.0)
(32.956757, 32.657688, 0.0)
(32.747879, 32.701229, 0.0)
(32.603050, 32.687157, 0.0)
(32.432350, 32.744759, 0.0)
(32.274605, 32.767296, 0.0)
(31.347349, 33.039925, 0.0)
(30.634705, 33.167721, 0.0)
(30.404482, 33.193863, 0.0)
(30.238930, 33.247021, 0.0)
(30.062185, 33.268154, 0.0)
(29.922598, 33.332268, 0.0)
(29.751925, 33.369949, 0.0)
(29.332544, 33.528728, 0.0)
(27.987364, 33.903728, 0.0)
(27.673803, 33.962296, 0.0)
(27.552277, 34.003410, 0.0)
(27.489813, 33.987644, 0.0)
(27.374445, 34.022766, 0.0)
(27.311068, 34.026497, 0.0)
(27.238541, 34.073711, 0.0)
(27.139359, 34.121841, 0.0)
(26.089447, 34.500774, 0.0)
(25.803350, 34.563869, 0.0)
(25.740839, 34.536968, 0.0)
(25.686619, 34.595318, 0.0)
(25.634352, 34.595165, 0.0)
(25.609735, 34.618301, 0.0)
(25.562170, 34.605892, 0.0)
(25.536732, 34.626083, 0.0)
(25.509058, 34.634956, 0.0)
(25.266123, 34.209885, 0.0)
(25.243402, 34.026485, 0.0)
(25.232080, 34.050362, 0.0)
(25.236847, 34.099136, 0.0)
(25.255770, 34.094578, 0.0)
(25.242090, 34.105827, 0.0)
(25.304567, 34.069427, 0.0)
(26.678900, 33.497437, 0.0)
(26.804083, 33.391163, 0.0)
(26.926714, 33.319901, 0.0)
(27.046022, 33.322392, 0.0)
(27.138441, 33.316689, 0.0)
(27.299915, 33.292229, 0.0)
(27.450729, 33.236931, 0.0)
(28.128178, 33.169827, 0.0)
(29.226326, 32.910381, 0.0)
(29.488016, 32.823292, 0.0)
(29.661547, 32.752411, 0.0)
(29.821836, 32.727245, 0.0)
(29.960575, 32.689976, 0.0)
(30.130198, 32.618725, 0.0)
(30.935511, 32.466816, 0.0)
(31.641741, 32.322449, 0.0)
(31.847757, 32.311066, 0.0)
(32.010101, 32.262398, 0.0)
(32.223560, 32.221874, 0.0)
(32.634518, 32.222832, 0.0)
(33.781498, 32.067726, 0.0)
(33.993763, 32.053890, 0.0)
(34.122826, 32.058083, 0.0)
(34.299469, 32.057884, 0.0)
(34.514015, 32.086254, 0.0)
(35.849670, 32.157806, 0.0)
(36.307438, 32.085514, 0.0)
(36.483852, 32.094189, 0.0)
(36.549431, 32.131504, 0.0)
(37.431110, 32.309223, 0.0)
(38.121208, 32.211262, 0.0)
(38.387653, 31.998396, 0.0)
(38.509956, 32.062840, 0.0)
(38.574421, 32.094231, 0.0)
(38.613373, 32.113071, 0.0)
(38.719280, 32.197865, 0.0)
(38.749432, 32.259705, 0.0)
(38.760242, 32.280323, 0.0)
(38.795563, 32.332497, 0.0)
(38.822956, 32.343220, 0.0)
(38.855850, 32.316574, 0.0)
(39.232464, 32.380333, 0.0)
(39.818691, 32.440434, 0.0)
(39.855022, 32.445034, 0.0)
(39.824963, 32.471088, 0.0)
(39.812408, 32.491009, 0.0)
(39.814846, 32.470139, 0.0)
(39.787037, 32.490337, 0.0)
(39.773010, 33.736004, 0.0)
(39.510532, 32.646564, 0.0)
(39.326824, 31.712475, 0.0)
(39.285671, 31.583481, 0.0)
(39.280773, 31.693388, 0.0)
(39.245495, 31.764868, 0.0)
(39.197151, 31.798693, 0.0)
(39.157383, 31.826363, 0.0)
(39.174183, 31.832094, 0.0)
(38.696049, 31.859476, 0.0)
(37.729366, 31.789869, 0.0)
(37.528881, 31.743364, 0.0)
(37.369331, 31.703001, 0.0)
(37.097126, 32.075661, 0.0)
(37.255714, 33.292812, 0.0)
(36.641018, 31.966036, 0.0)
(36.469139, 31.441114, 0.0)
(36.339298, 31.474421, 0.0)
(36.156933, 31.463268, 0.0)
(36.168316, 32.377438, 0.0)
(34.713169, 32.988777, 0.0)
(34.334763, 31.635292, 0.0)
(34.142689, 31.497650, 0.0)
(34.000443, 31.608847, 0.0)
(33.785206, 31.641855, 0.0)
(32.175148, 32.035603, 0.0)
(31.944902, 32.080765, 0.0)
(31.828539, 32.144375, 0.0)
(31.630468, 32.156471, 0.0)
(31.460432, 32.213478, 0.0)
(31.371510, 32.192547, 0.0)
(31.221773, 32.162327, 0.0)
(31.105650, 32.245296, 0.0)
(30.189783, 32.289207, 0.0)
(29.992828, 32.279194, 0.0)
(29.945955, 32.284958, 0.0)
(29.808104, 32.345795, 0.0)
(29.617876, 32.353630, 0.0)
(29.545767, 32.333237, 0.0)
(29.042356, 32.634136, 0.0)
(27.927223, 32.898026, 0.0)
(27.702827, 32.971104, 0.0)
(27.646965, 32.986561, 0.0)
(27.588852, 32.987522, 0.0)
(27.519670, 32.983002, 0.0)
(26.617041, 33.402878, 0.0)
(26.013208, 33.560028, 0.0)
(25.945120, 33.562866, 0.0)
(25.914425, 33.555294, 0.0)
(25.887821, 33.505203, 0.0)
(25.860634, 33.509304, 0.0)
(25.848932, 33.551254, 0.0)
(25.860868, 33.565842, 0.0)
(25.853542, 33.566681, 0.0)
(25.839548, 33.566189, 0.0)
(25.844961, 33.554428, 0.0)
(25.425472, 33.016422, 0.0)
(25.423531, 32.892685, 0.0)
(25.507214, 32.855869, 0.0)
(25.563654, 32.862202, 0.0)
(26.430080, 32.785393, 0.0)
(26.634230, 32.727146, 0.0)
(26.741341, 32.698349, 0.0)
(26.978657, 32.599705, 0.0)
(27.169592, 32.520466, 0.0)
(27.325417, 32.451088, 0.0)
(27.477032, 32.414894, 0.0)
(28.792486, 32.088943, 0.0)
(29.158113, 31.964392, 0.0)
(29.348677, 31.900694, 0.0)
(29.563690, 31.855841, 0.0)
(29.736176, 31.824499, 0.0)
(29.889608, 31.815670, 0.0)
(30.063940, 31.777006, 0.0)
(30.190710, 31.812023, 0.0)
(30.365583, 31.752693, 0.0)
(30.868347, 31.700449, 0.0)
(32.300354, 31.325443, 0.0)
(32.508011, 31.260366, 0.0)
(32.716129, 31.258318, 0.0)
(32.873867, 31.214834, 0.0)
(33.010639, 31.174433, 0.0)
(33.318771, 31.155876, 0.0)
(34.898777, 31.131151, 0.0)
(35.069790, 31.121181, 0.0)
(35.176826, 31.117872, 0.0)
(35.265450, 31.111891, 0.0)
(35.379704, 31.120411, 0.0)
(35.477684, 31.130156, 0.0)
(35.575958, 31.126532, 0.0)
(37.111710, 31.422668, 0.0)
(37.720692, 31.428896, 0.0)
(37.835503, 31.425962, 0.0)
(37.847317, 31.428329, 0.0)
(37.896801, 31.399759, 0.0)
(37.955338, 31.403076, 0.0)
(38.004524, 31.429146, 0.0)
(38.020405, 31.472048, 0.0)
(38.092533, 31.514502, 0.0)
(39.456825, 31.813690, 0.0)
(39.722614, 31.777027, 0.0)
(39.715305, 31.783194, 0.0)
(39.697369, 31.794266, 0.0)
(39.644932, 31.769680, 0.0)
(39.651028, 31.750269, 0.0)
(39.627243, 31.752419, 0.0)
(39.627575, 31.759562, 0.0)
(39.610889, 31.752419, 0.0)
(39.619598, 31.739140, 0.0)
(39.596672, 31.734642, 0.0)
(39.580414, 31.735044, 0.0)
(39.582253, 31.677227, 0.0)
(39.189842, 31.587633, 0.0)
(37.710442, 31.144062, 0.0)
(37.578907, 31.098684, 0.0)
(37.537720, 31.102190, 0.0)
(37.497471, 31.088125, 0.0)
(37.411903, 31.030731, 0.0)
(37.345596, 31.022615, 0.0)
(37.302128, 31.047440, 0.0)
(37.209343, 31.011791, 0.0)
(37.072712, 30.992374, 0.0)
(37.007225, 30.957800, 0.0)
(36.951313, 30.924557, 0.0)
(36.986607, 30.969492, 0.0)
(37.023129, 30.980219, 0.0)
(36.934509, 30.987005, 0.0)
(36.827991, 31.004696, 0.0)
(36.678265, 31.034180, 0.0)
(36.501339, 31.000320, 0.0)
(35.671654, 30.883287, 0.0)
(35.515755, 30.831924, 0.0)
(35.416763, 30.808514, 0.0)
(35.315285, 30.788980, 0.0)
(34.161461, 30.848885, 0.0)
(33.859150, 30.868027, 0.0)
(33.679859, 30.861021, 0.0)
(33.465073, 30.876242, 0.0)
(33.370419, 30.907780, 0.0)
(32.935749, 31.039917, 0.0)
(32.003750, 31.168676, 0.0)
(31.851814, 31.167250, 0.0)
(31.763996, 31.139570, 0.0)
(31.670765, 31.114464, 0.0)
(31.591963, 31.102694, 0.0)
(31.470043, 31.126183, 0.0)
(31.434914, 31.146887, 0.0)
(30.557686, 31.403273, 0.0)
(29.431755, 31.615719, 0.0)
(29.293747, 31.605314, 0.0)
(29.251410, 31.600801, 0.0)
(29.179296, 31.626583, 0.0)
(29.128304, 31.665613, 0.0)
(29.076611, 31.695332, 0.0)
(27.907898, 32.101837, 0.0)
(27.490417, 32.241447, 0.0)
(26.780396, 32.537521, 0.0)
(26.616598, 32.611603, 0.0)
(26.527189, 32.571770, 0.0)
(26.438133, 32.637383, 0.0)
(26.396425, 32.613159, 0.0)
(26.314970, 32.643311, 0.0)
(26.293686, 32.692013, 0.0)
(25.685286, 32.902668, 0.0)
(25.516361, 33.039043, 0.0)
(25.486734, 33.077911, 0.0)
(25.418566, 33.090195, 0.0)
(25.328953, 33.014969, 0.0)
(25.332850, 32.960697, 0.0)
(25.394215, 32.874542, 0.0)
(25.411257, 32.901756, 0.0)
(26.117964, 32.216518, 0.0)
(26.149485, 32.175735, 0.0)
(26.143505, 32.181927, 0.0)
(26.177551, 32.152161, 0.0)
(26.289270, 32.065201, 0.0)
(26.388676, 32.042599, 0.0)
(26.489571, 31.967060, 0.0)
(26.592543, 31.914026, 0.0)
(26.698702, 31.883543, 0.0)
(26.984583, 31.734249, 0.0)
(28.740223, 31.089531, 0.0)
(28.945721, 31.058311, 0.0)
(29.147274, 30.996473, 0.0)
(29.269344, 30.962399, 0.0)
(29.449430, 30.908442, 0.0)
(29.640968, 30.852539, 0.0)
(29.815657, 30.804396, 0.0)
(29.993122, 30.702126, 0.0)
(30.213146, 30.684305, 0.0)
(30.314356, 30.691923, 0.0)
(30.928469, 30.620832, 0.0)
(32.972038, 30.232168, 0.0)
(33.163799, 30.160589, 0.0)
(33.244030, 30.147158, 0.0)
(33.392647, 30.158606, 0.0)
(33.548420, 30.159706, 0.0)
(35.261906, 30.370024, 0.0)
(36.404114, 30.417421, 0.0)
(36.540375, 30.404423, 0.0)
(36.618454, 30.413469, 0.0)
(36.672482, 30.449230, 0.0)
(36.711140, 30.453495, 0.0)
(36.732342, 30.489460, 0.0)
(36.796413, 30.470728, 0.0)
(36.826756, 30.455055, 0.0)
(36.920460, 30.417366, 0.0)
(36.971519, 30.451096, 0.0)
(37.674068, 30.733849, 0.0)
(38.853371, 31.052288, 0.0)
(38.934948, 31.081417, 0.0)
(38.937603, 31.081657, 0.0)
(38.962967, 31.095583, 0.0)
(38.971436, 31.090664, 0.0)
(38.970741, 31.084803, 0.0)
(38.968040, 31.074938, 0.0)
(39.248302, 31.074945, 0.0)
(39.709148, 30.992466, 0.0)
(39.726662, 31.005268, 0.0)
(39.677563, 30.964977, 0.0)
(39.683800, 30.958420, 0.0)
(39.646484, 30.914980, 0.0)
(39.611195, 30.907692, 0.0)
(39.601734, 30.892105, 0.0)
(39.572369, 30.884691, 0.0)
(39.561451, 30.839619, 0.0)
(39.549694, 30.787951, 0.0)
(39.546341, 30.783194, 0.0)
(39.377190, 30.726004, 0.0)
(39.020782, 30.576311, 0.0)
(38.928635, 30.525068, 0.0)
(38.895592, 30.542437, 0.0)
(38.795284, 30.506796, 0.0)
(38.675434, 30.452692, 0.0)
(38.588718, 30.380136, 0.0)
(38.439487, 30.326694, 0.0)
(37.743591, 30.220861, 0.0)
(37.556667, 30.224203, 0.0)
(37.382133, 30.217684, 0.0)
(37.193756, 30.150738, 0.0)
(36.996719, 30.047771, 0.0)
(36.804623, 30.000725, 0.0)
(36.602482, 29.967930, 0.0)
(35.702141, 29.843258, 0.0)
(35.430897, 29.795954, 0.0)
(35.262440, 29.782066, 0.0)
(35.082573, 29.699965, 0.0)
(34.881485, 29.633793, 0.0)
(34.635357, 29.647781, 0.0)
(33.835461, 29.652969, 0.0)
(33.621056, 29.715443, 0.0)
(33.379372, 29.670252, 0.0)
(33.209656, 29.658642, 0.0)
(32.536762, 29.795982, 0.0)
(31.859314, 29.856485, 0.0)
(31.646410, 29.877012, 0.0)
(31.527267, 29.939692, 0.0)
(31.365316, 29.958811, 0.0)
(31.248173, 29.948483, 0.0)
(31.109060, 29.908560, 0.0)
(30.358252, 30.124281, 0.0)
(29.167345, 30.360638, 0.0)
(28.975552, 30.366114, 0.0)
(28.907080, 30.363007, 0.0)
(28.842707, 30.393484, 0.0)
(28.801563, 30.433371, 0.0)
(28.710779, 30.391674, 0.0)
(28.685843, 30.368320, 0.0)
(28.670250, 30.390118, 0.0)
(27.898764, 30.842461, 0.0)
(27.697710, 30.922394, 0.0)
(27.577751, 30.952604, 0.0)
(27.521545, 30.981119, 0.0)
(27.491659, 30.995749, 0.0)
(27.478687, 31.009457, 0.0)
(27.462969, 31.012596, 0.0)
(27.445711, 30.992275, 0.0)
(27.426622, 30.992340, 0.0)
(27.403852, 30.970533, 0.0)
(26.019548, 31.574007, 0.0)
(25.441422, 31.826641, 0.0)
(25.384096, 31.830368, 0.0)
(25.384077, 31.828186, 0.0)
(25.378035, 31.825624, 0.0)
(25.384096, 31.830368, 0.0)
(25.398455, 31.801647, 0.0)
(25.415930, 31.761715, 0.0)
(25.469355, 31.720583, 0.0)
(25.559464, 31.652842, 0.0)
(26.525537, 31.124516, 0.0)
(26.732605, 30.989838, 0.0)
(26.878965, 30.923674, 0.0)
(27.081450, 30.825853, 0.0)
(27.225464, 30.742174, 0.0)
(27.412521, 30.652477, 0.0)
(27.557737, 30.600103, 0.0)
(27.774656, 30.544760, 0.0)
(27.993851, 30.419968, 0.0)
(28.746670, 30.187353, 0.0)
(29.233686, 29.974562, 0.0)
(29.484787, 29.884256, 0.0)
(29.697319, 29.830053, 0.0)
(29.908613, 29.772423, 0.0)
(30.891188, 29.617474, 0.0)
(31.461552, 29.422403, 0.0)
(31.655361, 29.382215, 0.0)
(31.770470, 29.366774, 0.0)
(31.969822, 29.346315, 0.0)
(32.093403, 29.342587, 0.0)
(33.149307, 29.238327, 0.0)
(33.611893, 29.185703, 0.0)
(33.773113, 29.196522, 0.0)
(33.883442, 29.224237, 0.0)
(33.993092, 29.269732, 0.0)
(34.385323, 29.238796, 0.0)
(36.279560, 29.310055, 0.0)
(36.442989, 29.263283, 0.0)
(36.533184, 29.162558, 0.0)
(36.592472, 29.227335, 0.0)
(36.649704, 29.286358, 0.0)
(36.720726, 29.328304, 0.0)
(36.773457, 29.346483, 0.0)
(36.801632, 29.345520, 0.0)
(36.837158, 29.283932, 0.0)
(36.917835, 29.199160, 0.0)
(37.373249, 29.346020, 0.0)
(38.557224, 29.858835, 0.0)
(38.607750, 29.944000, 0.0)
(38.606953, 29.996727, 0.0)
(38.643169, 30.041275, 0.0)
(38.617542, 30.021088, 0.0)
(38.628593, 30.027061, 0.0)
(38.643639, 29.988136, 0.0)
(38.634277, 29.964340, 0.0)
(39.108215, 30.106977, 0.0)
(39.281704, 30.137348, 0.0)
(39.286339, 30.183865, 0.0)
(39.234520, 30.224230, 0.0)
(39.222256, 30.211481, 0.0)
(39.197727, 30.165499, 0.0)
(39.155277, 30.123482, 0.0)
(39.086636, 30.052618, 0.0)
(38.856350, 29.906637, 0.0)
(38.262974, 29.470911, 0.0)
(38.131557, 29.420265, 0.0)
(38.030373, 29.444937, 0.0)
(37.899162, 29.401089, 0.0)
(37.801182, 29.321049, 0.0)
(37.673477, 29.304667, 0.0)
(37.554230, 29.251621, 0.0)
(37.405838, 29.267658, 0.0)
(37.278362, 29.214062, 0.0)
(37.140793, 29.201462, 0.0)
(36.989437, 29.197865, 0.0)
(36.860603, 29.178852, 0.0)
(36.708241, 29.132875, 0.0)
(36.572517, 29.136646, 0.0)
(36.391781, 29.132650, 0.0)
(36.219440, 29.118429, 0.0)
(35.508854, 29.075949, 0.0)
(35.317284, 29.065765, 0.0)
(35.113888, 29.040810, 0.0)
(34.874413, 29.012201, 0.0)
(33.490150, 29.030407, 0.0)
(33.240047, 29.070768, 0.0)
(33.066837, 29.070017, 0.0)
(32.881073, 29.079542, 0.0)
(32.744884, 29.032532, 0.0)
(32.602638, 29.027510, 0.0)
(32.416428, 29.005880, 0.0)
(32.031345, 29.099970, 0.0)
(31.201197, 29.266380, 0.0)
(31.011671, 29.302393, 0.0)
(30.904005, 29.344721, 0.0)
(30.780535, 29.345055, 0.0)
(30.722731, 29.325762, 0.0)
(30.649017, 29.346769, 0.0)
(30.311214, 29.464001, 0.0)
(29.385408, 29.610374, 0.0)
(29.260365, 29.623945, 0.0)
(29.137585, 29.738655, 0.0)
(29.048239, 29.795904, 0.0)
(28.908068, 29.840906, 0.0)
(28.079042, 29.848539, 0.0)
(27.546791, 30.012583, 0.0)
(27.441442, 30.069887, 0.0)
(27.385708, 30.078228, 0.0)
(27.327749, 30.151464, 0.0)
(27.259172, 30.198431, 0.0)
(26.471064, 30.716459, 0.0)
(26.363354, 30.774525, 0.0)
(26.325226, 30.766577, 0.0)
(26.256462, 30.783770, 0.0)
(26.256880, 30.837662, 0.0)
(26.249081, 30.890524, 0.0)
(26.189573, 30.829071, 0.0)
(26.185093, 30.818785, 0.0)
(27.581886, 29.901407, 0.0)
(27.763401, 29.749670, 0.0)
(27.735466, 29.745441, 0.0)
(27.763401, 29.749670, 0.0)
(27.754219, 29.745846, 0.0)
(27.751278, 29.740114, 0.0)
(27.764139, 29.733580, 0.0)
(27.805828, 29.730927, 0.0)
(27.853464, 29.691225, 0.0)
(27.912758, 29.639650, 0.0)
(27.999126, 29.600721, 0.0)
(28.045637, 29.570358, 0.0)
(28.097944, 29.547672, 0.0)
(28.196444, 29.508087, 0.0)
(28.729858, 29.381762, 0.0)
(29.683140, 29.166012, 0.0)
(29.826761, 29.095749, 0.0)
(29.917883, 29.057329, 0.0)
(30.056999, 29.032700, 0.0)
(30.189114, 29.052389, 0.0)
(30.301872, 29.070147, 0.0)
(30.486986, 29.092178, 0.0)
(30.579891, 29.100166, 0.0)
(30.704760, 29.111521, 0.0)
(32.387791, 28.870075, 0.0)
(34.313992, 28.707769, 0.0)
(34.511444, 28.690153, 0.0)
(34.616749, 28.657928, 0.0)
(34.733280, 28.686657, 0.0)
(34.811134, 28.692564, 0.0)
(34.887199, 28.674572, 0.0)
(35.000404, 28.704592, 0.0)
(35.061199, 28.715807, 0.0)
(35.129848, 28.750250, 0.0)
(35.210323, 28.765486, 0.0)
(35.341057, 28.775553, 0.0)
(35.385902, 28.808815, 0.0)
(35.411499, 28.804260, 0.0)
(35.438271, 28.900383, 0.0)
(36.312088, 28.852419, 0.0)
(37.393208, 28.985983, 0.0)
(37.655895, 29.060534, 0.0)
(37.871811, 29.255928, 0.0)
(38.154850, 29.329405, 0.0)
(38.188747, 29.342171, 0.0)
(38.173641, 29.344532, 0.0)
(38.222214, 29.359955, 0.0)
(38.278168, 29.383163, 0.0)
(38.254765, 29.403463, 0.0)
(38.779922, 29.482157, 0.0)
(39.091389, 29.599909, 0.0)
(39.108917, 29.545391, 0.0)
(39.020306, 29.489378, 0.0)
(39.014912, 29.510532, 0.0)
(39.009254, 29.508579, 0.0)
(38.971046, 29.508877, 0.0)
(38.939018, 29.474615, 0.0)
(38.927505, 29.459520, 0.0)
(38.928062, 29.459661, 0.0)
(38.900097, 29.419102, 0.0)
(38.888557, 29.409914, 0.0)
(38.887043, 29.424494, 0.0)
(38.849403, 29.419218, 0.0)
(38.806709, 29.382677, 0.0)
(38.781342, 29.353289, 0.0)
(38.661732, 29.297844, 0.0)
(37.028172, 28.814163, 0.0)
(36.817749, 28.802742, 0.0)
(36.735516, 28.758238, 0.0)
(36.624527, 28.685726, 0.0)
(36.500965, 28.641212, 0.0)
(36.364925, 28.613501, 0.0)
(36.226723, 28.623758, 0.0)
(36.065464, 28.591791, 0.0)
(35.851212, 28.558130, 0.0)
(35.639771, 28.501480, 0.0)
(35.398968, 28.489979, 0.0)
(33.326721, 28.454823, 0.0)
(32.977116, 28.417669, 0.0)
(32.845966, 28.384962, 0.0)
(32.693275, 28.439861, 0.0)
(32.498703, 28.478056, 0.0)
(32.325459, 28.510368, 0.0)
(32.142036, 28.528933, 0.0)
(32.003746, 28.550524, 0.0)
(31.880663, 28.578329, 0.0)
(31.715145, 28.540062, 0.0)
(31.551346, 28.559738, 0.0)
(31.403147, 28.551266, 0.0)
(31.279587, 28.600927, 0.0)
(31.020260, 28.716394, 0.0)
(29.203375, 29.326555, 0.0)
(28.890202, 29.393505, 0.0)
(28.738943, 29.459850, 0.0)
(28.647991, 29.464106, 0.0)
(28.482634, 29.505642, 0.0)
(27.439285, 29.915451, 0.0)
(26.522970, 30.178776, 0.0)
(26.361975, 30.240892, 0.0)
(26.307781, 30.206041, 0.0)
(26.265656, 30.259068, 0.0)
(26.232677, 30.308725, 0.0)
(26.229717, 30.317736, 0.0)
(26.227793, 30.346886, 0.0)
(26.234221, 30.342886, 0.0)
(26.207701, 30.343121, 0.0)
(26.212280, 30.367731, 0.0)
(26.238003, 30.361254, 0.0)
(26.214733, 30.383961, 0.0)
(26.214733, 30.383961, 0.0)
(27.927753, 29.541979, 0.0)
(28.691797, 29.156199, 0.0)
(28.750975, 29.098230, 0.0)
(28.755949, 29.048130, 0.0)
(29.747000, 28.859383, 0.0)
(33.042122, 28.059158, 0.0)
(35.196507, 28.119202, 0.0)
(36.492271, 28.466190, 0.0)
(36.524700, 28.486681, 0.0)
(36.517845, 28.446808, 0.0)
(36.529350, 28.434378, 0.0)
(36.542976, 28.419151, 0.0)
(36.547230, 28.421862, 0.0)
(36.538486, 28.460039, 0.0)
(36.512150, 28.465260, 0.0)
(32.689960, 28.414658, 0.0)
(30.618055, 28.798677, 0.0)
(30.595608, 28.685833, 0.0)
(30.666740, 28.532295, 0.0)
(30.698513, 28.500439, 0.0)
(30.767462, 28.454834, 0.0)
(30.852037, 28.366037, 0.0)
(30.868092, 28.354364, 0.0)
(30.920168, 28.353561, 0.0)
(31.005083, 28.384682, 0.0)
(31.106981, 28.322748, 0.0)
(31.171133, 28.274895, 0.0)
(31.298674, 28.261234, 0.0)
(31.402763, 28.227379, 0.0)
(31.537439, 28.193293, 0.0)
(31.633497, 28.195356, 0.0)
(31.785727, 28.192450, 0.0)
(31.893366, 28.177990, 0.0)
(32.020866, 28.186329, 0.0)
(33.607182, 28.114460, 0.0)
(34.484741, 28.011450, 0.0)
(34.661644, 28.011681, 0.0)
(34.801250, 28.008102, 0.0)
(34.877678, 27.987518, 0.0)
(35.026798, 27.994755, 0.0)
(35.134396, 28.023996, 0.0)
(36.540123, 28.355001, 0.0)
(36.878269, 28.399540, 0.0)
(36.942638, 28.454205, 0.0)
(36.990582, 28.503944, 0.0)
(36.993382, 28.506994, 0.0)
(37.061203, 28.515059, 0.0)
(37.123615, 28.530331, 0.0)
(37.125935, 28.543558, 0.0)
(38.008720, 28.798012, 0.0)
(38.205868, 28.917641, 0.0)
(38.209953, 28.907934, 0.0)
(38.224159, 28.930431, 0.0)
(38.220734, 28.981356, 0.0)
(38.237732, 28.955284, 0.0)
(38.228134, 28.927708, 0.0)
(38.637058, 28.964628, 0.0)
(39.073402, 29.156540, 0.0)
(39.091766, 29.143087, 0.0)
(39.031860, 29.192270, 0.0)
(39.038898, 29.223431, 0.0)
(39.022072, 29.189184, 0.0)
(39.012676, 29.139589, 0.0)
(38.996796, 29.116707, 0.0)
(39.000965, 29.120117, 0.0)
(38.996796, 29.116707, 0.0)
(38.981262, 29.089985, 0.0)
(38.972122, 29.095619, 0.0)
(38.825378, 29.150526, 0.0)
(39.195995, 29.933771, 0.0)
(39.909016, 31.585894, 0.0)
(39.800655, 30.444197, 0.0)
(39.802845, 30.155937, 0.0)
(39.775497, 30.285854, 0.0)
(39.757591, 30.295366, 0.0)
(39.753326, 30.294657, 0.0)
(39.698235, 30.271999, 0.0)
(39.860874, 31.412611, 0.0)
(40.005795, 33.009167, 0.0)
(39.863369, 32.180241, 0.0)
(39.890167, 31.890276, 0.0)
(39.922157, 31.927221, 0.0)
(39.927620, 32.005352, 0.0)
(39.927296, 32.058132, 0.0)
(39.920078, 32.132412, 0.0)
(40.014263, 32.920528, 0.0)
(39.988533, 33.178257, 0.0)
(40.083508, 33.537884, 0.0)
(40.091507, 34.035652, 0.0)
(40.084972, 34.116207, 0.0)
(40.088413, 34.153603, 0.0)
(40.096249, 34.174358, 0.0)
(40.098003, 34.205917, 0.0)
(40.063553, 34.239079, 0.0)
(40.070488, 34.236008, 0.0)
(40.163780, 35.373421, 0.0)
(40.025623, 35.640381, 0.0)
(40.073250, 35.704853, 0.0)
(40.131603, 35.684521, 0.0)
(40.134392, 35.655640, 0.0)
(40.131012, 35.718670, 0.0)
(40.134129, 35.764725, 0.0)
(40.065548, 35.777607, 0.0)
(40.047501, 35.783947, 0.0)
(40.033638, 35.769375, 0.0)
(40.052761, 35.774693, 0.0)
(40.060204, 35.767944, 0.0)
(40.060806, 35.824165, 0.0)
(40.089085, 35.868706, 0.0)
(40.084923, 35.917675, 0.0)
(40.051342, 35.931355, 0.0)
(40.033447, 35.991001, 0.0)
(39.994514, 35.966381, 0.0)
(39.963100, 35.925709, 0.0)
(39.947807, 35.911217, 0.0)
(39.922646, 35.896099, 0.0)
(39.962921, 35.846355, 0.0)
(39.959724, 35.886055, 0.0)
(38.612194, 36.503838, 0.0)
(37.953072, 36.695751, 0.0)
(37.930004, 36.683357, 0.0)
(37.913231, 36.716373, 0.0)
(37.885120, 36.709911, 0.0)
(37.510445, 36.910206, 0.0)
(36.717838, 37.131462, 0.0)
(36.626194, 37.089390, 0.0)
(36.618137, 37.098499, 0.0)
(36.601585, 37.109089, 0.0)
(37.966473, 36.505070, 0.0)
(39.526127, 35.329170, 0.0)
(39.491329, 35.231419, 0.0)
(39.442749, 35.183804, 0.0)
(39.404308, 35.119694, 0.0)
(39.366943, 35.020470, 0.0)
(39.538898, 34.738651, 0.0)
(39.831631, 34.234005, 0.0)
(39.855152, 34.117050, 0.0)
(39.814476, 34.040821, 0.0)
(39.796520, 33.961651, 0.0)
(39.955585, 33.369492, 0.0)
(40.001259, 32.838055, 0.0)
(39.952953, 32.789402, 0.0)
(39.919655, 32.732651, 0.0)
(39.947746, 32.712284, 0.0)
(39.908817, 32.603897, 0.0)
(39.905518, 32.374916, 0.0)
(39.963673, 31.862034, 0.0)
(39.926723, 31.806486, 0.0)
(39.909866, 31.845253, 0.0)
(39.907585, 31.827047, 0.0)
(39.880959, 31.813782, 0.0)
(39.843563, 31.727285, 0.0)
(39.574234, 29.981693, 0.0)
(39.345745, 28.949478, 0.0)
(39.229752, 28.960449, 0.0)
(39.242077, 29.023237, 0.0)
(39.235901, 29.101168, 0.0)
(39.252373, 29.152220, 0.0)
(39.225964, 29.248869, 0.0)
(39.188107, 29.278429, 0.0)
(39.208908, 29.287352, 0.0)
(39.196884, 29.268026, 0.0)
(39.204086, 29.276766, 0.0)
(39.191853, 29.285610, 0.0)
(39.171505, 29.272951, 0.0)
(39.185345, 29.301487, 0.0)
(39.171425, 29.322819, 0.0)
(39.160759, 29.394220, 0.0)
(39.162289, 29.370296, 0.0)
(39.158531, 29.417986, 0.0)
(39.200150, 29.347494, 0.0)
(39.316898, 29.282431, 0.0)
(39.346748, 29.143135, 0.0)
(39.384949, 29.028818, 0.0)
(39.359783, 29.012136, 0.0)
(39.308357, 29.068186, 0.0)
(39.306782, 29.042021, 0.0)
(39.213871, 29.092010, 0.0)
(39.169064, 29.130508, 0.0)
(39.132507, 29.128807, 0.0)
(39.110634, 29.128086, 0.0)
(39.135906, 29.162075, 0.0)
(39.117783, 29.196049, 0.0)
(39.074749, 29.155205, 0.0)
(38.970741, 28.958921, 0.0)
(39.025925, 29.992384, 0.0)
(39.027260, 30.445705, 0.0)
(38.991192, 30.594223, 0.0)
(39.101315, 30.741243, 0.0)
(39.057377, 30.776236, 0.0)
(39.071976, 30.864445, 0.0)
(39.094353, 30.903984, 0.0)
(39.094364, 30.912769, 0.0)
(39.111164, 30.942196, 0.0)
(39.134239, 30.985455, 0.0)
(39.129734, 31.005344, 0.0)
(39.361309, 31.436209, 0.0)
(39.404148, 31.978531, 0.0)
(39.402794, 32.055187, 0.0)
(39.414860, 32.087017, 0.0)
(39.420837, 32.094246, 0.0)
(39.409672, 32.102932, 0.0)
(39.439484, 33.045944, 0.0)
(39.390610, 33.711838, 0.0)
(39.365829, 33.806442, 0.0)
(39.372715, 33.864368, 0.0)
(39.391987, 33.922768, 0.0)
(39.354176, 33.961136, 0.0)
(39.339771, 33.945812, 0.0)
(39.351299, 33.949806, 0.0)
(39.411797, 35.040295, 0.0)
(39.392139, 36.434673, 0.0)
(39.328762, 36.455383, 0.0)
(39.291389, 36.434864, 0.0)
(39.287617, 36.434856, 0.0)
(39.269405, 36.506336, 0.0)
(39.282379, 36.504810, 0.0)
(39.277332, 36.463444, 0.0)
(39.369274, 36.143867, 0.0)
(39.460571, 35.820831, 0.0)
(39.419441, 35.743774, 0.0)
(39.397583, 35.735664, 0.0)
(39.415054, 35.720795, 0.0)
(39.421009, 35.743027, 0.0)
(39.420940, 35.809082, 0.0)
(39.399891, 35.844131, 0.0)
(39.403267, 35.839497, 0.0)
(39.233444, 35.881893, 0.0)
(38.678886, 35.805340, 0.0)
(38.658352, 35.802486, 0.0)
(38.704338, 35.791420, 0.0)
(38.693039, 35.812790, 0.0)
(38.686756, 35.870594, 0.0)
(38.673569, 35.865082, 0.0)
(38.657501, 35.918804, 0.0)
(38.649754, 35.927601, 0.0)
(38.638477, 35.924278, 0.0)
(38.609966, 35.873814, 0.0)
(38.618515, 35.837105, 0.0)
(38.606525, 35.788734, 0.0)
(38.622089, 35.731232, 0.0)
(38.779064, 34.289745, 0.0)
(38.826038, 34.033207, 0.0)
(38.819225, 33.959797, 0.0)
(38.815937, 33.944588, 0.0)
(38.810925, 33.918461, 0.0)
(38.972195, 33.067863, 0.0)
(39.192936, 31.254328, 0.0)
(39.018696, 30.401188, 0.0)
(39.007282, 30.528761, 0.0)
(39.000675, 30.580330, 0.0)
(38.969746, 30.565950, 0.0)
(38.927803, 30.560658, 0.0)
(38.951519, 30.530733, 0.0)
(38.966175, 30.508711, 0.0)
(38.987534, 30.528189, 0.0)
(38.980572, 30.534988, 0.0)
(38.926735, 30.517923, 0.0)
(38.895378, 30.478357, 0.0)
(38.878574, 30.402405, 0.0)
(38.764832, 30.068827, 0.0)
(38.767235, 30.037573, 0.0)
(38.750542, 30.081684, 0.0)
(38.767483, 30.104177, 0.0)
(38.750397, 30.087021, 0.0)
(38.758221, 30.061735, 0.0)
(38.757023, 30.050695, 0.0)
(38.773411, 30.063847, 0.0)
(38.779453, 30.095219, 0.0)
(38.799053, 30.097380, 0.0)
(38.814556, 30.036188, 0.0)
(38.788586, 29.767559, 0.0)
(38.756405, 29.728706, 0.0)
(38.743195, 29.706032, 0.0)
(38.770000, 29.750664, 0.0)
(38.463711, 29.026848, 0.0)
(38.340843, 28.748074, 0.0)
(38.337193, 28.749741, 0.0)
(38.339520, 28.784491, 0.0)
(38.321484, 28.807928, 0.0)
(38.303455, 28.838425, 0.0)
(38.289623, 28.847214, 0.0)
(38.280350, 28.818293, 0.0)
(38.271545, 28.836081, 0.0)
(38.270161, 28.802389, 0.0)
(38.262119, 28.834591, 0.0)
(38.252441, 28.842289, 0.0)
(38.266651, 28.849472, 0.0)
(38.265594, 28.877123, 0.0)
(38.235573, 28.883764, 0.0)
(38.245075, 28.907076, 0.0)
(38.249573, 28.901403, 0.0)
(37.977730, 28.981621, 0.0)
(37.495705, 28.988577, 0.0)
(37.424835, 28.984224, 0.0)
(37.415966, 28.998636, 0.0)
(37.412594, 28.923077, 0.0)
(37.432880, 28.892212, 0.0)
(37.456932, 28.953188, 0.0)
(37.477356, 28.999340, 0.0)
(37.676056, 29.494110, 0.0)
(38.005451, 30.125017, 0.0)
(38.000519, 30.217773, 0.0)
(38.003052, 30.232002, 0.0)
(38.061298, 30.253584, 0.0)
(38.177338, 30.559517, 0.0)
(38.245075, 31.135836, 0.0)
(38.225384, 31.254339, 0.0)
(38.257713, 31.323162, 0.0)
(38.250183, 31.363195, 0.0)
(38.265579, 31.384275, 0.0)
(38.279640, 31.430473, 0.0)
(38.252724, 31.418091, 0.0)
(38.449291, 31.878073, 0.0)
(38.274445, 32.389404, 0.0)
(38.382187, 32.838196, 0.0)
(38.499794, 33.619144, 0.0)
(38.492901, 33.792747, 0.0)
(38.512291, 33.885002, 0.0)
(38.509594, 34.029846, 0.0)
(38.515484, 34.089657, 0.0)
(38.516438, 34.131756, 0.0)
(38.530685, 34.168228, 0.0)
(38.533596, 34.183907, 0.0)
(38.542786, 34.224888, 0.0)
(38.554058, 34.267891, 0.0)
(38.541882, 34.288525, 0.0)
(38.547241, 34.351795, 0.0)
(38.499332, 35.114792, 0.0)
(38.390728, 35.220173, 0.0)
(38.391731, 35.260002, 0.0)
(38.369724, 35.315239, 0.0)
(38.387978, 35.364101, 0.0)
(38.378742, 35.419392, 0.0)
(38.362740, 35.422810, 0.0)
(38.354446, 35.413689, 0.0)
(38.348518, 35.414124, 0.0)
(38.510895, 35.709263, 0.0)
(38.448341, 35.812347, 0.0)
(38.440495, 35.833214, 0.0)
(38.448147, 35.856506, 0.0)
(38.414978, 35.834232, 0.0)
(38.415085, 35.862968, 0.0)
(38.421387, 35.827435, 0.0)
(38.415985, 35.833824, 0.0)
(38.391804, 35.837086, 0.0)
(38.362621, 35.860790, 0.0)
(38.336861, 35.907478, 0.0)
(38.317230, 35.902328, 0.0)
(38.299412, 35.929146, 0.0)
(38.320938, 35.906956, 0.0)
(38.309406, 35.836014, 0.0)
(38.277771, 35.845043, 0.0)
(38.242931, 35.867931, 0.0)
(38.220585, 35.879959, 0.0)
(37.852570, 34.905724, 0.0)
(37.837715, 32.901768, 0.0)
(37.844517, 32.859344, 0.0)
(37.781719, 32.901398, 0.0)
(37.768269, 32.883839, 0.0)
(37.697857, 32.816227, 0.0)
(37.948509, 32.325996, 0.0)
(38.099075, 31.208603, 0.0)
(38.064247, 31.068680, 0.0)
(38.042728, 31.109562, 0.0)
(38.013897, 31.117027, 0.0)
(38.014477, 31.085564, 0.0)
(38.017223, 31.047319, 0.0)
(38.005848, 31.041086, 0.0)
(38.043491, 31.009890, 0.0)
(38.027115, 31.002449, 0.0)
(38.030453, 30.999250, 0.0)
(38.013798, 31.002371, 0.0)
(38.004681, 30.995970, 0.0)
(38.007145, 30.956968, 0.0)
(38.011562, 30.923716, 0.0)
(37.419403, 30.084232, 0.0)
(37.227913, 29.202232, 0.0)
(37.196033, 29.181767, 0.0)
(37.163799, 29.207348, 0.0)
(37.145737, 29.227964, 0.0)
(37.153812, 29.235271, 0.0)
(37.132530, 29.200836, 0.0)
(37.128899, 29.183031, 0.0)
(37.135601, 29.188885, 0.0)
(37.143986, 29.192848, 0.0)
(37.133614, 29.171003, 0.0)
(37.133320, 29.182114, 0.0)
(37.148712, 29.165850, 0.0)
(37.152851, 29.164850, 0.0)
(37.149750, 29.174376, 0.0)
(37.138153, 29.158941, 0.0)
(37.120323, 29.100634, 0.0)
(37.139427, 29.117491, 0.0)
(37.157192, 29.168268, 0.0)
(37.146263, 29.160467, 0.0)
(36.949333, 28.995554, 0.0)
(36.765400, 28.718851, 0.0)
(36.763149, 28.698528, 0.0)
(36.781330, 28.702080, 0.0)
(36.781532, 28.704102, 0.0)
(36.773014, 28.693838, 0.0)
(36.748077, 28.696886, 0.0)
(36.743378, 28.693163, 0.0)
(36.715294, 28.650745, 0.0)
(36.711029, 28.651682, 0.0)
(36.699265, 28.666945, 0.0)
(36.684181, 28.663118, 0.0)
(36.655010, 28.665457, 0.0)
(36.638973, 28.676540, 0.0)
(36.566200, 28.710348, 0.0)
(36.500015, 28.782173, 0.0)
(36.190319, 29.157650, 0.0)
(36.216854, 30.027525, 0.0)
(36.299099, 30.060211, 0.0)
(36.288128, 30.178867, 0.0)
(36.283623, 30.272478, 0.0)
(36.293102, 30.276922, 0.0)
(36.319874, 30.330128, 0.0)
(36.333748, 30.336985, 0.0)
(36.354145, 30.519773, 0.0)
(36.836746, 31.825159, 0.0)
(36.812008, 32.162876, 0.0)
(36.811523, 32.165012, 0.0)
(36.844891, 32.173508, 0.0)
(36.772667, 32.204166, 0.0)
(37.036106, 33.676163, 0.0)
(37.039032, 34.552395, 0.0)
(36.783718, 33.966846, 0.0)
(36.771412, 33.841679, 0.0)
(36.802135, 33.936237, 0.0)
(36.833813, 34.018684, 0.0)
(36.825619, 34.107304, 0.0)
(36.856503, 34.145702, 0.0)
(36.858871, 34.161995, 0.0)
(36.849930, 34.195930, 0.0)
(36.866196, 34.218472, 0.0)
(36.865692, 34.262363, 0.0)
(36.883568, 34.274780, 0.0)
(36.890495, 34.268623, 0.0)
(36.906147, 34.292427, 0.0)
(36.907928, 34.355495, 0.0)
(36.935646, 34.503933, 0.0)
(36.942467, 35.516636, 0.0)
(36.852913, 35.642540, 0.0)
(36.866333, 35.647209, 0.0)
(36.861042, 35.670429, 0.0)
(36.864677, 35.685955, 0.0)
(36.875267, 35.690926, 0.0)
(36.860840, 35.715473, 0.0)
(36.867970, 35.729984, 0.0)
(36.976379, 36.042179, 0.0)
(37.020706, 36.842999, 0.0)
(36.955563, 36.905651, 0.0)
(36.954136, 36.864735, 0.0)
(36.965843, 36.901539, 0.0)
(36.960091, 36.902050, 0.0)
(36.951420, 36.917439, 0.0)
(36.939716, 36.927277, 0.0)
(36.940708, 36.890835, 0.0)
(36.939781, 36.904896, 0.0)
(36.944756, 36.873295, 0.0)
(36.112984, 35.998386, 0.0)
(35.824692, 35.594547, 0.0)
(35.764896, 35.540234, 0.0)
(35.708382, 35.485634, 0.0)
(35.699421, 36.241554, 0.0)
(36.327217, 34.748821, 0.0)
(35.962872, 32.749245, 0.0)
(35.907623, 32.396938, 0.0)
(35.931778, 32.483341, 0.0)
(35.939491, 32.510929, 0.0)
(36.466103, 33.499928, 0.0)
(36.479553, 33.964672, 0.0)
(36.448105, 34.000359, 0.0)
(36.429150, 33.979088, 0.0)
(36.389126, 33.866692, 0.0)
(36.328167, 33.566292, 0.0)
(35.925629, 32.097206, 0.0)
(35.947472, 31.973114, 0.0)
(35.961464, 32.024799, 0.0)
(35.965172, 31.991899, 0.0)
(35.986187, 31.987144, 0.0)
(35.992371, 32.006874, 0.0)
(36.013847, 32.033638, 0.0)
(36.018768, 32.031631, 0.0)
(36.035946, 32.017536, 0.0)
(36.051987, 31.976557, 0.0)
(36.236057, 31.610176, 0.0)
(36.293709, 30.739693, 0.0)
(36.299248, 30.697435, 0.0)
(36.270905, 30.715374, 0.0)
(36.278221, 30.695681, 0.0)
(36.273994, 30.748964, 0.0)
(36.214100, 30.568148, 0.0)
(35.762070, 28.920664, 0.0)
(35.595997, 28.624868, 0.0)
(35.560608, 28.687160, 0.0)
(35.536293, 28.635595, 0.0)
(35.540924, 28.616985, 0.0)
(35.548115, 28.596796, 0.0)
(35.563221, 28.623381, 0.0)
(35.555363, 28.647840, 0.0)
(35.592651, 28.657440, 0.0)
(35.919739, 28.971714, 0.0)
(35.918404, 29.011055, 0.0)
(35.919937, 28.985075, 0.0)
(35.923588, 28.976151, 0.0)
(35.940395, 28.963951, 0.0)
(35.906254, 28.939188, 0.0)
(35.674736, 28.676249, 0.0)
(35.620583, 28.661455, 0.0)
(35.602928, 28.687586, 0.0)
(35.586514, 28.700125, 0.0)
(35.591549, 28.709728, 0.0)
(35.586601, 28.710966, 0.0)
(35.525002, 28.753052, 0.0)
(35.517712, 28.718384, 0.0)
(35.168716, 28.969334, 0.0)
(35.024609, 29.115911, 0.0)
(35.012981, 29.137819, 0.0)
(35.021580, 29.202797, 0.0)
(35.030437, 29.245512, 0.0)
(35.022038, 29.278444, 0.0)
(35.054680, 29.414825, 0.0)
(35.147041, 30.480591, 0.0)
(35.076927, 30.665974, 0.0)
(35.063847, 30.673487, 0.0)
(35.071453, 30.689690, 0.0)
(35.079830, 30.704351, 0.0)
(35.076145, 30.730194, 0.0)
(35.103893, 30.785837, 0.0)
(35.086842, 30.852661, 0.0)
(35.059322, 30.910618, 0.0)
(35.239902, 31.723503, 0.0)
(35.207092, 31.883400, 0.0)
(35.161690, 31.848738, 0.0)
(35.140564, 31.802954, 0.0)
(35.138668, 31.805750, 0.0)
(35.102428, 31.851076, 0.0)
(35.138073, 31.947344, 0.0)
(35.332451, 33.260284, 0.0)
(35.230484, 33.618221, 0.0)
(35.186260, 33.636745, 0.0)
(35.199081, 33.653725, 0.0)
(35.225433, 33.656509, 0.0)
(35.245018, 33.691048, 0.0)
(35.250145, 33.736900, 0.0)
(35.240337, 33.713882, 0.0)
(35.404903, 33.929893, 0.0)
(35.467033, 34.548233, 0.0)
(35.479877, 34.724369, 0.0)
(35.479053, 34.770020, 0.0)
(35.474194, 34.812584, 0.0)
(35.485023, 34.859581, 0.0)
(35.475742, 34.890079, 0.0)
(35.601532, 35.627987, 0.0)
(35.578278, 35.793476, 0.0)
(35.542484, 35.896255, 0.0)
(35.522556, 35.939541, 0.0)
(35.678509, 36.582081, 0.0)
(35.656536, 36.812668, 0.0)
(35.635502, 36.839607, 0.0)
(35.644947, 36.854836, 0.0)
(35.652386, 36.887684, 0.0)
(35.656464, 36.921772, 0.0)
(35.656540, 36.941494, 0.0)
(35.667397, 36.948647, 0.0)
(35.668625, 36.948078, 0.0)
(35.560322, 35.970463, 0.0)
(35.551121, 32.491497, 0.0)
(35.351669, 31.291065, 0.0)
(35.261059, 31.262930, 0.0)
(35.201454, 31.284554, 0.0)
(35.144089, 31.257622, 0.0)
(35.131508, 31.226089, 0.0)
(35.158298, 31.164825, 0.0)
(35.109772, 31.162777, 0.0)
(35.068764, 31.393066, 0.0)
(34.578617, 32.110954, 0.0)
(34.494564, 32.170341, 0.0)
(34.501835, 32.170059, 0.0)
(34.499996, 32.165329, 0.0)
(34.486973, 32.142635, 0.0)
(34.489994, 32.133560, 0.0)
(34.475174, 32.109249, 0.0)
(34.471161, 32.110085, 0.0)
(34.471161, 32.110085, 0.0)
(34.476341, 32.011330, 0.0)
(34.530586, 30.595268, 0.0)
(34.394787, 30.162390, 0.0)
(34.392006, 30.192966, 0.0)
(34.377861, 30.222967, 0.0)
(34.349758, 30.222338, 0.0)
(34.322186, 30.191557, 0.0)
(34.317062, 30.169016, 0.0)
(34.292599, 30.154192, 0.0)
(34.338375, 30.171478, 0.0)
(34.357845, 30.169142, 0.0)
(34.377350, 30.181696, 0.0)
(34.378391, 30.186594, 0.0)
(34.392586, 30.188074, 0.0)
(34.457939, 30.208145, 0.0)
(34.509449, 30.231718, 0.0)
(34.494843, 30.267689, 0.0)
(34.485416, 30.275154, 0.0)
(34.497913, 30.252378, 0.0)
(34.394196, 29.899658, 0.0)
(34.309986, 29.010281, 0.0)
(34.222195, 28.862761, 0.0)
(34.190594, 28.928654, 0.0)
(34.179817, 28.960890, 0.0)
(34.145279, 28.974207, 0.0)
(34.141281, 28.922165, 0.0)
(34.333424, 29.641455, 0.0)
(34.291138, 29.798155, 0.0)
(34.274696, 29.782854, 0.0)
(34.232002, 29.809790, 0.0)
(34.236183, 29.850605, 0.0)
(34.231689, 29.842062, 0.0)
(34.231655, 29.833221, 0.0)
(34.241413, 29.842533, 0.0)
(34.221725, 29.817022, 0.0)
(34.224308, 29.813534, 0.0)
(34.222481, 29.798290, 0.0)
(34.229145, 29.826267, 0.0)
(34.229858, 29.878664, 0.0)
(34.230988, 29.886780, 0.0)
(34.217121, 29.907187, 0.0)
(34.202747, 29.903158, 0.0)
(34.186523, 29.903517, 0.0)
(34.151962, 29.860178, 0.0)
(34.133072, 29.851391, 0.0)
(33.909683, 30.010256, 0.0)
(33.431557, 30.220705, 0.0)
(33.386101, 30.262758, 0.0)
(33.395119, 30.293104, 0.0)
(33.386700, 30.339935, 0.0)
(33.385307, 30.348448, 0.0)
(33.377316, 30.352188, 0.0)
(33.376442, 30.389872, 0.0)
(33.368511, 30.430429, 0.0)
(33.397041, 30.890242, 0.0)
(33.318050, 31.753284, 0.0)
(33.270416, 31.831049, 0.0)
(33.243320, 31.834856, 0.0)
(33.244232, 31.852480, 0.0)
(33.243332, 31.875313, 0.0)
(33.222652, 31.881559, 0.0)
(33.259148, 31.896168, 0.0)
(33.212589, 31.894548, 0.0)
(33.240017, 31.943571, 0.0)
(33.513775, 32.819714, 0.0)
(33.594872, 33.085640, 0.0)
(33.613094, 33.247120, 0.0)
(33.631653, 33.332596, 0.0)
(33.698597, 33.427933, 0.0)
(33.729057, 33.482388, 0.0)
(33.746723, 33.493755, 0.0)
(33.763042, 33.516987, 0.0)
(33.861046, 33.824738, 0.0)
(33.997730, 34.897064, 0.0)
(34.000179, 35.057014, 0.0)
(33.968437, 35.062325, 0.0)
(33.960438, 35.083313, 0.0)
(33.955944, 35.209423, 0.0)
(34.148670, 35.875671, 0.0)
(34.101124, 35.964661, 0.0)
(34.094913, 35.972584, 0.0)
(34.083805, 36.002220, 0.0)
(34.079365, 36.033279, 0.0)
(34.244209, 36.836563, 0.0)
(34.252235, 36.984154, 0.0)
(34.206188, 37.061966, 0.0)
(34.184666, 37.128944, 0.0)
(34.188465, 37.136600, 0.0)
(34.190033, 37.132946, 0.0)
(34.196968, 37.119431, 0.0)
(34.212509, 37.164604, 0.0)
(34.208488, 37.165901, 0.0)
(34.234001, 37.216831, 0.0)
(34.227703, 37.219738, 0.0)
(34.211842, 37.209793, 0.0)
(34.215286, 37.216995, 0.0)
(34.223850, 37.222523, 0.0)
(34.225780, 37.234463, 0.0)
(34.226738, 37.265808, 0.0)
(34.219276, 37.292309, 0.0)
(34.194561, 37.265110, 0.0)
(34.188793, 37.242546, 0.0)
(34.157303, 37.068096, 0.0)
(33.545372, 35.960476, 0.0)
(33.456390, 35.942196, 0.0)
(33.422279, 35.947155, 0.0)
(33.394783, 35.915546, 0.0)
(33.512619, 34.585983, 0.0)
(33.477333, 33.863487, 0.0)
(33.422104, 33.840424, 0.0)
(33.411182, 33.833958, 0.0)
(33.363743, 33.813583, 0.0)
(33.344753, 33.800186, 0.0)
(33.321938, 33.794327, 0.0)
(33.279602, 33.778000, 0.0)
(33.174274, 32.823967, 0.0)
(32.991058, 31.993593, 0.0)
(32.957558, 31.926046, 0.0)
(32.852566, 31.787476, 0.0)
(32.680782, 31.098408, 0.0)
(32.637554, 30.977671, 0.0)
(32.625473, 30.978403, 0.0)
(32.599834, 30.959122, 0.0)
(32.593506, 30.980852, 0.0)
(32.575947, 30.991957, 0.0)
(32.579716, 30.989782, 0.0)
(32.584831, 30.997057, 0.0)
(32.574768, 30.964478, 0.0)
(32.553188, 30.942293, 0.0)
(32.578506, 30.927544, 0.0)
(32.573872, 30.930492, 0.0)
(32.588165, 30.916855, 0.0)
(32.596252, 30.934978, 0.0)
(32.602089, 30.918909, 0.0)
(32.593269, 30.950226, 0.0)
(32.573765, 30.949211, 0.0)
(32.564011, 30.931009, 0.0)
(32.518269, 30.017223, 0.0)
(32.508892, 29.404589, 0.0)
(32.479080, 29.423300, 0.0)
(32.453857, 29.425190, 0.0)
(32.440292, 29.427895, 0.0)
(32.439766, 29.427204, 0.0)
(32.431702, 29.422745, 0.0)
(32.449574, 29.407875, 0.0)
(32.451694, 29.391861, 0.0)
(32.460342, 29.364832, 0.0)
(32.455685, 29.364103, 0.0)
(32.455017, 29.353203, 0.0)
(32.455017, 29.353203, 0.0)
(32.458729, 29.356522, 0.0)
(32.435619, 29.381819, 0.0)
(32.433071, 29.377159, 0.0)
(32.451355, 29.334648, 0.0)
(32.446342, 29.410444, 0.0)
(32.439079, 29.402876, 0.0)
(32.384354, 29.400999, 0.0)
(31.880577, 29.534876, 0.0)
(31.791208, 29.563116, 0.0)
(31.765800, 29.552029, 0.0)
(31.722401, 29.519819, 0.0)
(31.699930, 29.563540, 0.0)
(31.655333, 29.624846, 0.0)
(31.659563, 29.670977, 0.0)
(31.413433, 30.379488, 0.0)
(31.347387, 30.528921, 0.0)
(31.286268, 30.546278, 0.0)
(31.228415, 30.586908, 0.0)
(31.235525, 30.607067, 0.0)
(31.252825, 30.622257, 0.0)
(31.241028, 30.644007, 0.0)
(31.408249, 30.858646, 0.0)
(31.536085, 31.419592, 0.0)
(31.549149, 31.538172, 0.0)
(31.529097, 31.573046, 0.0)
(31.533775, 31.623434, 0.0)
(31.531406, 31.658667, 0.0)
(31.519075, 31.710810, 0.0)
(31.502340, 31.707611, 0.0)
(31.708559, 32.504818, 0.0)
(31.665920, 32.710518, 0.0)
(31.661787, 32.766613, 0.0)
(31.655872, 32.914330, 0.0)
(31.649290, 32.968815, 0.0)
(31.863876, 33.669472, 0.0)
(31.842272, 33.837013, 0.0)
(31.840368, 33.867764, 0.0)
(31.863272, 33.957062, 0.0)
(31.935226, 34.170769, 0.0)
(32.382957, 35.823589, 0.0)
(32.288902, 36.115154, 0.0)
(32.243275, 36.119198, 0.0)
(32.210350, 36.203175, 0.0)
(32.211884, 36.163673, 0.0)
(32.200142, 36.173168, 0.0)
(32.172081, 36.221931, 0.0)
(32.165798, 36.268669, 0.0)
(32.310860, 36.913399, 0.0)
(32.394695, 37.866520, 0.0)
(32.378616, 37.962521, 0.0)
(32.365360, 37.992455, 0.0)
(32.337288, 38.049496, 0.0)
(32.310905, 38.058041, 0.0)
(32.291702, 38.092731, 0.0)
(32.272701, 38.132748, 0.0)
(32.298206, 38.137749, 0.0)
(32.288681, 38.160484, 0.0)
(32.254642, 38.172821, 0.0)
(32.217289, 38.241489, 0.0)
(32.190784, 38.275990, 0.0)
(32.194054, 38.287827, 0.0)
(32.177612, 38.284599, 0.0)
(32.149570, 38.270321, 0.0)
(31.646534, 38.370766, 0.0)
(31.359789, 38.355106, 0.0)
(31.308853, 38.382893, 0.0)
(31.243053, 38.409546, 0.0)
(31.195002, 38.389263, 0.0)
(31.196987, 38.278709, 0.0)
(31.213306, 38.229450, 0.0)
(31.459198, 37.065186, 0.0)
(31.417313, 36.956188, 0.0)
(31.355719, 35.804951, 0.0)
(31.293625, 35.514446, 0.0)
(31.269480, 35.458870, 0.0)
(31.236031, 35.333076, 0.0)
(31.231688, 35.224617, 0.0)
(31.191614, 35.129597, 0.0)
(31.176020, 35.004086, 0.0)
(31.198723, 34.956482, 0.0)
(31.181414, 34.818542, 0.0)
(31.165833, 34.737995, 0.0)
(31.157825, 34.674873, 0.0)
(31.171793, 34.582859, 0.0)
(31.195202, 34.533569, 0.0)
(31.211134, 34.498394, 0.0)
(31.207869, 33.409077, 0.0)
(31.146851, 32.964844, 0.0)
(31.146271, 32.859085, 0.0)
(31.139282, 32.835175, 0.0)
(31.102867, 32.522549, 0.0)
(31.043018, 31.008038, 0.0)
(30.997501, 30.850269, 0.0)
(30.959764, 30.844625, 0.0)
(30.948738, 30.833414, 0.0)
(30.940571, 30.842363, 0.0)
(30.929655, 30.813135, 0.0)
(30.930431, 30.803257, 0.0)
(30.935734, 30.810619, 0.0)
(31.110140, 30.416632, 0.0)
(31.121315, 29.987759, 0.0)
(31.072847, 29.980316, 0.0)
(31.058960, 30.029230, 0.0)
(31.028181, 30.035370, 0.0)
(31.025532, 30.045652, 0.0)
(31.025877, 30.023869, 0.0)
(31.024464, 30.007145, 0.0)
(31.023796, 29.981312, 0.0)
(30.713371, 29.880903, 0.0)
(30.639631, 29.896261, 0.0)
(30.624916, 29.944691, 0.0)
(30.616070, 29.955658, 0.0)
(30.602346, 29.965874, 0.0)
(30.594606, 29.925537, 0.0)
(30.596573, 29.931360, 0.0)
(30.577562, 29.912731, 0.0)
(30.565145, 29.922194, 0.0)
(30.565487, 29.915220, 0.0)
(30.544325, 29.957336, 0.0)
(30.521507, 29.992064, 0.0)
(30.506821, 29.986656, 0.0)
(30.454025, 30.021353, 0.0)
(30.435347, 30.053699, 0.0)
(30.075384, 30.229456, 0.0)
(29.737360, 30.363251, 0.0)
(29.699537, 30.378527, 0.0)
(29.651638, 30.440683, 0.0)
(29.595114, 30.452099, 0.0)
(29.573893, 30.497625, 0.0)
(29.579678, 30.553368, 0.0)
(29.613226, 30.672491, 0.0)
(29.858280, 31.664219, 0.0)
(29.791952, 31.839890, 0.0)
(29.772976, 31.825035, 0.0)
(29.731192, 31.783607, 0.0)
(29.722033, 31.762228, 0.0)
(29.747515, 31.827385, 0.0)
(29.738884, 31.897001, 0.0)
(29.738298, 31.913464, 0.0)
(29.729900, 31.945742, 0.0)
(29.831852, 32.302776, 0.0)
(29.796858, 32.747665, 0.0)
(29.795351, 32.833527, 0.0)
(29.804750, 32.878384, 0.0)
(29.812840, 32.926861, 0.0)
(29.799313, 32.966545, 0.0)
(30.075470, 33.808201, 0.0)
(30.063892, 33.898594, 0.0)
(30.024088, 33.901928, 0.0)
(30.031195, 33.911514, 0.0)
(30.043999, 33.981171, 0.0)
(30.031832, 34.067757, 0.0)
(30.042002, 34.105915, 0.0)
(30.305397, 35.053047, 0.0)
(30.277981, 35.401562, 0.0)
(30.252851, 35.433041, 0.0)
(30.244221, 35.425716, 0.0)
(30.231907, 35.461205, 0.0)
(30.206982, 35.526627, 0.0)
(30.199423, 35.544971, 0.0)
(30.196922, 35.583038, 0.0)
(30.216240, 35.609272, 0.0)
(30.504040, 36.456448, 0.0)
(30.490433, 36.590858, 0.0)
(30.476618, 36.573677, 0.0)
(30.461138, 36.586296, 0.0)
(30.469032, 36.603859, 0.0)
(30.448771, 36.626186, 0.0)
(30.435041, 36.629234, 0.0)
(30.438141, 36.631287, 0.0)
(30.428812, 36.636936, 0.0)
(30.404993, 36.637955, 0.0)
(30.396708, 36.663017, 0.0)
(30.399265, 36.683540, 0.0)
(30.395401, 36.690948, 0.0)
(30.384680, 36.675312, 0.0)
(30.370081, 36.663532, 0.0)
(30.050934, 36.121288, 0.0)
(29.718756, 35.614082, 0.0)
(29.645357, 35.546711, 0.0)
(29.621517, 35.556316, 0.0)
(29.589010, 35.588024, 0.0)
(29.563154, 35.587231, 0.0)
(29.499456, 35.596909, 0.0)
(29.487070, 35.613224, 0.0)
(29.477612, 35.596035, 0.0)
(29.478323, 35.587364, 0.0)
(29.478270, 35.583824, 0.0)
(29.474304, 35.572308, 0.0)
(29.470045, 35.526909, 0.0)
(29.494858, 35.481514, 0.0)
(29.479197, 35.499256, 0.0)
(29.478235, 35.455566, 0.0)
(29.234671, 34.829514, 0.0)
(29.159491, 34.759296, 0.0)
(29.120123, 34.751816, 0.0)
(29.099495, 34.680405, 0.0)
(29.088379, 34.623043, 0.0)
(29.059874, 33.286888, 0.0)
(29.054003, 32.089130, 0.0)
(29.176682, 31.811728, 0.0)
(29.155535, 31.914890, 0.0)
(29.156040, 31.930262, 0.0)
(29.129894, 31.886190, 0.0)
(29.136873, 31.859621, 0.0)
(29.159052, 31.814062, 0.0)
(29.314455, 30.706806, 0.0)
(29.254154, 30.517117, 0.0)
(29.183947, 30.581802, 0.0)
(29.195389, 30.611734, 0.0)
(29.162815, 30.605709, 0.0)
(29.144873, 30.592197, 0.0)
(29.121925, 30.576385, 0.0)
(29.128208, 30.562361, 0.0)
(29.124935, 30.583801, 0.0)
(29.127090, 30.602833, 0.0)
(29.009266, 30.707876, 0.0)
(28.643478, 30.915340, 0.0)
(28.620367, 30.927832, 0.0)
(28.629356, 30.910093, 0.0)
(28.633633, 30.900961, 0.0)
(28.636393, 30.942924, 0.0)
(28.622021, 30.939169, 0.0)
(28.612204, 30.931965, 0.0)
(28.600079, 30.909842, 0.0)
(28.575996, 30.918415, 0.0)
(28.570286, 30.942537, 0.0)
(28.533964, 30.978710, 0.0)
(28.514311, 30.987337, 0.0)
(28.515518, 31.001328, 0.0)
(28.514193, 30.975328, 0.0)
(28.482344, 30.936943, 0.0)
(28.472691, 30.921267, 0.0)
(28.473988, 30.938461, 0.0)
(28.453072, 30.943125, 0.0)
(28.437773, 30.968805, 0.0)
(28.415834, 30.960196, 0.0)
(28.418287, 30.963509, 0.0)
(28.392937, 30.971706, 0.0)
(28.353571, 30.975086, 0.0)
(28.344057, 30.974247, 0.0)
(28.330620, 30.978048, 0.0)
(28.249197, 31.400810, 0.0)
(27.834431, 31.920149, 0.0)
(27.765993, 31.774359, 0.0)
(27.754206, 31.909674, 0.0)
(27.732325, 32.037575, 0.0)
(27.720091, 32.088310, 0.0)
(27.724228, 32.110577, 0.0)
(27.777796, 32.377319, 0.0)
(27.979368, 33.218365, 0.0)
(27.950291, 33.353294, 0.0)
(27.930635, 33.421677, 0.0)
(27.931465, 33.503109, 0.0)
(27.917557, 33.586876, 0.0)
(28.038918, 34.059673, 0.0)
(28.070269, 34.659256, 0.0)
(28.073847, 34.778702, 0.0)
(28.084137, 34.808262, 0.0)
(28.106726, 34.826733, 0.0)
(28.102896, 34.871307, 0.0)
(28.111166, 34.917500, 0.0)
(28.098406, 35.021034, 0.0)
(28.103306, 35.059212, 0.0)
(28.111795, 35.082741, 0.0)
(28.116283, 35.150829, 0.0)
(28.200159, 35.886578, 0.0)
(28.163202, 36.129681, 0.0)
(28.155388, 36.137058, 0.0)
(28.164331, 36.193020, 0.0)
(28.131741, 36.265961, 0.0)
(28.127211, 36.267879, 0.0)
(28.155619, 36.320320, 0.0)
(28.175804, 36.366009, 0.0)
(28.565763, 37.325874, 0.0)
(28.583958, 37.634560, 0.0)
(28.542376, 37.652500, 0.0)
(28.513136, 37.675079, 0.0)
(28.462372, 37.691788, 0.0)
(28.419584, 37.711658, 0.0)
(28.411383, 37.777374, 0.0)
(28.476311, 38.105553, 0.0)
(28.438534, 38.845604, 0.0)
(28.347702, 38.939487, 0.0)
(28.320358, 38.932224, 0.0)
(28.305801, 38.997429, 0.0)
(28.281397, 39.015240, 0.0)
(28.268869, 39.016556, 0.0)
(28.274721, 39.007298, 0.0)
(28.262697, 39.030861, 0.0)
(28.268663, 39.009254, 0.0)
(28.260494, 39.001377, 0.0)
(28.270348, 39.043396, 0.0)
(28.259920, 39.076328, 0.0)
(28.249283, 39.056904, 0.0)
(28.248177, 39.071411, 0.0)
(27.764370, 37.146183, 0.0)
(27.592762, 36.607655, 0.0)
(27.548470, 36.555996, 0.0)
(27.522455, 36.565647, 0.0)
(27.487654, 36.501774, 0.0)
(27.480436, 36.500919, 0.0)
(27.467245, 36.457691, 0.0)
(27.543020, 35.710674, 0.0)
(27.522835, 34.002365, 0.0)
(27.476967, 33.183456, 0.0)
(27.453484, 33.164417, 0.0)
(27.426912, 33.129639, 0.0)
(27.388000, 33.124920, 0.0)
(27.386131, 33.106449, 0.0)
(27.362856, 33.084862, 0.0)
(27.345343, 33.021111, 0.0)
(27.363771, 33.003773, 0.0)
(27.386347, 32.641666, 0.0)
(27.405975, 31.817493, 0.0)
(27.380220, 31.771803, 0.0)
(27.350801, 31.790327, 0.0)
(27.310034, 31.818951, 0.0)
(27.321842, 31.807808, 0.0)
(27.322229, 31.791313, 0.0)
(27.274778, 31.771107, 0.0)
(27.271358, 31.773794, 0.0)
(27.232584, 31.804592, 0.0)
(27.216066, 31.844193, 0.0)
(27.196495, 31.841375, 0.0)
(27.196495, 31.841375, 0.0)
(27.211046, 31.859947, 0.0)
(27.207777, 31.845242, 0.0)
(27.249435, 31.782940, 0.0)
(27.252890, 31.812307, 0.0)
(27.269901, 31.841621, 0.0)
(27.245642, 31.830317, 0.0)
(27.232584, 31.814438, 0.0)
(27.248644, 31.809090, 0.0)
(27.224461, 31.857510, 0.0)
(27.218567, 31.826397, 0.0)
(27.155125, 31.555861, 0.0)
(27.082027, 31.428772, 0.0)
(27.057472, 31.409157, 0.0)
(27.052231, 31.407009, 0.0)
(27.049742, 31.385902, 0.0)
(27.033485, 31.426363, 0.0)
(27.037388, 31.471848, 0.0)
(27.041393, 31.471687, 0.0)
(27.053949, 31.481686, 0.0)
(27.044926, 31.473576, 0.0)
(27.025339, 31.463072, 0.0)
(27.018002, 31.471842, 0.0)
(27.003830, 31.476923, 0.0)
(27.002174, 31.496990, 0.0)
(26.983871, 31.534634, 0.0)
(26.941563, 31.519014, 0.0)
(26.779972, 31.646221, 0.0)
(26.399532, 32.274349, 0.0)
(26.343142, 32.398251, 0.0)
(26.314447, 32.425941, 0.0)
(26.321964, 32.456745, 0.0)
(26.320576, 32.507977, 0.0)
(26.311945, 32.509178, 0.0)
(26.498964, 33.042889, 0.0)
(26.566385, 33.969860, 0.0)
(26.527802, 34.123894, 0.0)
(26.492153, 34.166340, 0.0)
(26.482536, 34.204086, 0.0)
(26.456112, 34.243610, 0.0)
(26.447462, 34.283039, 0.0)
(26.448147, 34.332729, 0.0)
(26.444754, 34.334995, 0.0)
(26.451319, 34.357674, 0.0)
(26.454250, 34.383492, 0.0)
(26.444382, 34.502018, 0.0)
(26.730480, 35.343159, 0.0)
(26.711939, 35.713539, 0.0)
(26.690788, 35.781269, 0.0)
(26.671091, 35.819149, 0.0)
(26.653921, 35.862209, 0.0)
(26.662706, 35.932552, 0.0)
(26.664450, 35.969158, 0.0)
(26.661131, 36.000221, 0.0)
(26.666224, 36.023170, 0.0)
(26.684015, 36.020218, 0.0)
(26.703346, 36.245705, 0.0)
(27.030865, 37.292309, 0.0)
(26.995516, 37.483112, 0.0)
(26.904669, 37.543839, 0.0)
(27.314352, 38.246403, 0.0)
(27.536814, 39.324959, 0.0)
(27.529516, 39.442535, 0.0)
(27.497631, 39.438507, 0.0)
(27.476328, 39.441311, 0.0)
(27.447773, 39.465359, 0.0)
(27.432783, 39.454906, 0.0)
(27.437519, 39.410629, 0.0)
(27.437309, 39.445034, 0.0)
(27.418848, 39.481106, 0.0)
(27.400993, 39.505009, 0.0)
(27.388603, 39.522865, 0.0)
(27.128023, 38.947010, 0.0)
(27.082584, 38.924389, 0.0)
(27.057693, 38.953846, 0.0)
(27.033592, 38.939892, 0.0)
(27.026730, 38.940353, 0.0)
(26.974688, 38.954224, 0.0)
(26.927532, 38.977642, 0.0)
(26.854109, 38.922054, 0.0)
(26.736137, 40.045700, 0.0)
(26.321850, 39.346661, 0.0)
(26.251703, 38.914291, 0.0)
(26.238358, 38.923763, 0.0)
(26.219997, 38.898109, 0.0)
(26.210197, 38.895359, 0.0)
(26.197422, 38.889252, 0.0)
(26.209560, 38.826443, 0.0)
(26.218016, 37.517273, 0.0)
(26.282001, 34.610931, 0.0)
(26.221889, 34.045647, 0.0)
(26.160694, 34.077232, 0.0)
(26.135586, 34.077576, 0.0)
(26.082809, 34.125702, 0.0)
(26.070185, 34.136616, 0.0)
(26.064066, 34.129120, 0.0)
(26.066309, 34.129612, 0.0)
(26.066978, 34.102402, 0.0)
(26.078936, 34.115135, 0.0)
(26.061348, 34.130215, 0.0)
(26.066715, 34.097542, 0.0)
(26.042612, 34.120838, 0.0)
(26.046211, 34.121307, 0.0)
(26.054033, 34.120399, 0.0)
(26.023607, 34.105797, 0.0)
(25.714975, 33.100784, 0.0)
(25.662857, 32.375671, 0.0)
(25.628212, 32.303532, 0.0)
(25.630676, 32.323456, 0.0)
(25.628862, 32.347301, 0.0)
(25.594948, 32.382713, 0.0)
(25.595806, 32.417084, 0.0)
(25.588018, 32.431820, 0.0)
(25.578142, 32.427513, 0.0)
(25.577686, 32.433060, 0.0)
(25.793472, 32.926022, 0.0)
(25.743855, 32.994335, 0.0)
(25.698492, 33.021397, 0.0)
(25.665337, 33.028053, 0.0)
(25.628983, 32.986404, 0.0)
(25.631630, 32.184803, 0.0)
(25.525454, 31.994423, 0.0)
(25.494768, 32.002945, 0.0)
(25.486937, 31.989525, 0.0)
(25.495462, 31.996271, 0.0)
(25.518963, 32.002628, 0.0)
(25.574240, 32.019253, 0.0)
(25.593431, 32.006134, 0.0)
(25.578405, 31.979969, 0.0)
(25.574518, 31.967724, 0.0)
(25.581415, 31.970743, 0.0)
(25.581974, 31.984713, 0.0)
(25.583427, 31.996849, 0.0)
(25.561813, 31.989677, 0.0)
(25.545607, 31.958513, 0.0)
(25.543261, 32.013058, 0.0)
(25.530994, 32.055004, 0.0)
(25.528057, 32.046276, 0.0)
(25.508932, 32.065872, 0.0)
(25.522581, 32.036522, 0.0)
(25.488564, 32.005665, 0.0)
(25.486595, 32.016861, 0.0)
(25.478046, 32.065300, 0.0)
(25.459774, 32.083027, 0.0)
(25.306591, 32.900684, 0.0)
(25.245665, 33.345104, 0.0)
(25.235268, 33.389210, 0.0)
(25.230770, 33.388672, 0.0)
(25.216469, 33.393867, 0.0)
(25.249180, 33.461311, 0.0)
(25.248306, 33.521797, 0.0)
(25.204052, 33.608601, 0.0)
(25.321848, 34.070759, 0.0)
(25.404831, 34.748718, 0.0)
(25.392578, 34.866470, 0.0)
(25.392422, 34.905052, 0.0)
(25.380594, 34.943630, 0.0)
(25.375242, 34.951679, 0.0)
(25.376987, 35.007133, 0.0)
(25.343801, 35.079067, 0.0)
(25.331861, 35.109295, 0.0)
(25.417612, 35.569229, 0.0)
(25.387283, 35.845840, 0.0)
(25.371635, 35.893707, 0.0)
(25.361853, 35.922901, 0.0)
(25.365036, 35.996433, 0.0)
(25.339182, 36.006493, 0.0)
(25.397539, 36.299423, 0.0)
(25.721474, 37.613888, 0.0)
(25.701130, 37.886833, 0.0)
(25.618952, 37.969231, 0.0)
(25.592718, 38.001278, 0.0)
(25.581842, 38.028202, 0.0)
(25.561363, 38.051258, 0.0)
(25.561363, 38.051258, 0.0)
(25.570707, 38.046783, 0.0)
(25.569778, 38.079662, 0.0)
(25.574881, 38.094585, 0.0)
(25.600000, 38.112873, 0.0)
(25.593672, 38.132027, 0.0)
(25.646954, 38.164536, 0.0)
(25.700630, 38.268044, 0.0)
(26.146130, 39.240902, 0.0)
(26.137838, 39.541504, 0.0)
(26.092371, 39.565269, 0.0)
(26.050669, 39.586235, 0.0)
(26.047003, 39.588676, 0.0)
(26.047731, 39.583549, 0.0)
(26.047731, 39.583549, 0.0)
(26.050362, 39.607094, 0.0)
(26.050285, 39.669128, 0.0)
(26.045809, 39.718277, 0.0)
(26.035799, 39.729767, 0.0)
(26.043125, 39.737923, 0.0)
(26.045767, 39.741329, 0.0)
(26.061605, 39.723263, 0.0)
(26.061760, 39.745541, 0.0)
(26.070459, 39.740372, 0.0)
(26.064939, 39.753845, 0.0)
(26.049906, 39.778278, 0.0)
(26.038099, 39.792953, 0.0)
(26.038151, 39.798203, 0.0)
(26.037977, 39.803440, 0.0)
(26.039114, 39.793159, 0.0)
(26.049196, 39.760735, 0.0)
(26.070908, 39.761696, 0.0)
(26.068314, 39.758263, 0.0)
(26.065603, 39.744835, 0.0)
(26.079615, 39.719990, 0.0)
(26.089193, 39.745739, 0.0)
(26.085669, 39.765034, 0.0)
(26.078766, 39.776966, 0.0)
(26.075352, 39.749996, 0.0)
(26.073271, 39.722439, 0.0)
(26.293440, 39.648815, 0.0)
(26.557503, 39.466759, 0.0)
(26.557503, 39.466759, 0.0)
(26.551630, 39.476276, 0.0)
(26.549967, 39.487789, 0.0)
(26.534964, 39.517242, 0.0)
(26.515636, 39.513233, 0.0)
(26.521948, 39.534565, 0.0)
(26.530773, 39.528717, 0.0)
(26.999994, 38.983387, 0.0)
(27.045204, 38.909267, 0.0)
(27.013258, 38.904613, 0.0)
(27.004791, 38.907578, 0.0)
(27.008162, 38.905514, 0.0)
(27.042295, 38.900806, 0.0)
(27.032608, 38.934719, 0.0)
(27.731861, 38.402885, 0.0)
(28.928438, 37.375114, 0.0)
(28.940924, 37.350342, 0.0)
(28.916481, 37.372009, 0.0)
(28.897915, 37.404682, 0.0)
(28.888601, 37.399879, 0.0)
(28.876043, 37.400890, 0.0)
(29.034513, 38.143051, 0.0)
(26.906752, 41.089115, 0.0)
(26.712095, 40.197300, 0.0)
(26.546843, 39.487789, 0.0)
(26.450632, 39.312328, 0.0)
(26.444286, 39.339264, 0.0)
(26.449697, 39.330780, 0.0)
(26.453413, 39.297123, 0.0)
