(38.384186, 31.544064, 0.0)
(38.512615, 30.256762, 0.0)
(38.668652, 30.161478, 0.0)
(38.812637, 30.245359, 0.0)
(39.467552, 31.779379, 0.0)
(39.412594, 32.042625, 0.0)
(39.401497, 32.016708, 0.0)
(39.417934, 31.968246, 0.0)
(39.463345, 31.938253, 0.0)
(39.471310, 31.953955, 0.0)
(39.476166, 31.904804, 0.0)
(39.477047, 31.897221, 0.0)
(39.483452, 31.906677, 0.0)
(39.482609, 31.905054, 0.0)
(39.496384, 31.890558, 0.0)
(39.537643, 31.903498, 0.0)
(39.518188, 31.897596, 0.0)
(39.511230, 31.901461, 0.0)
(39.513622, 31.881332, 0.0)
(39.510490, 31.884754, 0.0)
(39.513435, 31.875523, 0.0)
(39.495338, 31.838005, 0.0)
(39.503563, 31.866600, 0.0)
(39.522949, 31.909124, 0.0)
(39.524601, 31.920029, 0.0)
(39.518188, 31.897596, 0.0)
(39.538433, 31.910177, 0.0)
(39.541592, 31.919350, 0.0)
(39.543568, 31.902754, 0.0)
(39.179405, 31.786335, 0.0)
(39.263084, 31.684969, 0.0)
(39.277901, 31.695906, 0.0)
(39.245747, 31.685680, 0.0)
(39.266846, 31.687975, 0.0)
(39.241650, 31.655542, 0.0)
(39.246967, 31.684246, 0.0)
(39.244404, 31.676973, 0.0)
(39.234756, 31.712158, 0.0)
(39.276993, 31.646519, 0.0)
(39.274181, 31.687796, 0.0)
(39.278557, 31.673809, 0.0)
(39.279289, 31.678049, 0.0)
(39.270290, 31.688105, 0.0)
(39.296600, 31.695326, 0.0)
(39.309784, 31.673618, 0.0)
(39.344078, 31.698471, 0.0)
(39.432716, 31.828150, 0.0)
(39.455173, 31.794989, 0.0)
(39.480419, 31.787380, 0.0)
(39.480995, 31.798195, 0.0)
(39.464294, 31.798946, 0.0)
(39.480274, 31.790545, 0.0)
(39.480473, 31.789360, 0.0)
(39.502922, 31.815205, 0.0)
(39.535992, 31.853697, 0.0)
(39.549397, 31.867800, 0.0)
(39.548515, 31.856817, 0.0)
(39.535763, 31.795835, 0.0)
(39.531963, 31.785246, 0.0)
(39.539268, 31.754631, 0.0)
(39.529518, 31.776476, 0.0)
(39.525562, 31.802198, 0.0)
(39.530270, 31.850203, 0.0)
(39.537876, 31.827852, 0.0)
(39.529198, 31.832952, 0.0)
(39.538540, 31.806564, 0.0)
(39.534389, 31.801502, 0.0)
(39.535599, 31.775234, 0.0)
(39.534760, 31.807993, 0.0)
(39.549770, 31.835772, 0.0)
(39.551586, 31.868345, 0.0)
(39.545372, 31.865431, 0.0)
(39.545822, 31.875263, 0.0)
(39.558033, 31.875431, 0.0)
(39.558033, 31.875431, 0.0)
(39.542030, 31.849861, 0.0)
(39.537571, 31.831326, 0.0)
(39.531643, 31.828100, 0.0)
(39.510048, 31.839560, 0.0)
(39.514519, 31.834940, 0.0)
(39.506500, 31.857435, 0.0)
(39.507607, 31.869017, 0.0)
(39.502308, 31.877090, 0.0)
(39.489605, 31.884472, 0.0)
(39.479843, 31.855204, 0.0)
(39.477943, 31.850447, 0.0)
(39.491814, 31.826792, 0.0)
(39.475140, 31.845257, 0.0)
(39.491947, 31.847101, 0.0)
(39.499191, 31.844202, 0.0)
(39.498386, 31.828297, 0.0)
(39.491837, 31.823792, 0.0)
(39.492344, 31.822147, 0.0)
(39.505013, 31.810495, 0.0)
(39.500362, 31.790075, 0.0)
(39.507530, 31.787458, 0.0)
(39.511669, 31.796062, 0.0)
(39.507725, 31.782825, 0.0)
(39.513008, 31.789011, 0.0)
(39.503147, 31.794188, 0.0)
(39.502922, 31.784016, 0.0)
(39.502522, 31.778496, 0.0)
(39.502262, 31.768225, 0.0)
(39.495979, 31.772411, 0.0)
(39.515091, 31.767105, 0.0)
(39.542767, 31.787230, 0.0)
(39.530968, 31.782648, 0.0)
(39.490070, 31.792412, 0.0)
(39.463421, 31.656918, 0.0)
(39.465504, 31.636694, 0.0)
(39.471531, 31.614475, 0.0)
(39.441185, 31.624607, 0.0)
(39.472507, 31.628067, 0.0)
(39.496155, 31.633520, 0.0)
(39.491329, 31.593100, 0.0)
(39.499298, 31.594793, 0.0)
(39.512562, 31.563812, 0.0)
(39.505299, 31.559740, 0.0)
(39.513786, 31.565495, 0.0)
(39.510181, 31.580788, 0.0)
(39.512905, 31.620129, 0.0)
(39.477901, 31.687590, 0.0)
(39.483913, 31.696236, 0.0)
(39.480412, 31.693317, 0.0)
(39.487400, 31.693514, 0.0)
(39.480412, 31.693317, 0.0)
(39.488766, 31.688393, 0.0)
(39.492237, 31.691906, 0.0)
(39.480148, 31.693514, 0.0)
(39.490120, 31.693916, 0.0)
(39.484077, 31.713223, 0.0)
(39.485264, 31.701790, 0.0)
(39.480316, 31.710478, 0.0)
(39.484077, 31.713223, 0.0)
(39.479397, 31.723673, 0.0)
(39.446777, 31.732323, 0.0)
(39.436985, 31.734001, 0.0)
(39.422356, 31.750830, 0.0)
(39.412670, 31.719995, 0.0)
(39.425655, 31.759253, 0.0)
(39.410980, 31.790716, 0.0)
(39.415028, 31.783932, 0.0)
(39.406261, 31.781424, 0.0)
(39.398846, 31.767729, 0.0)
(39.418236, 31.773199, 0.0)
(39.415028, 31.783932, 0.0)
(39.423729, 31.767160, 0.0)
(39.396400, 32.152897, 0.0)
(39.337482, 32.931156, 0.0)
(39.244061, 31.762245, 0.0)
(39.327332, 31.480791, 0.0)
(39.406437, 31.608376, 0.0)
(39.384785, 31.641272, 0.0)
(39.368217, 31.655514, 0.0)
(39.376263, 31.660500, 0.0)
(39.377357, 31.688267, 0.0)
(39.401093, 31.693356, 0.0)
(39.403946, 31.682421, 0.0)
(39.389416, 31.692905, 0.0)
(39.392670, 31.745630, 0.0)
(39.391285, 31.778053, 0.0)
(39.417969, 31.753525, 0.0)
(39.377731, 31.742140, 0.0)
(39.397057, 31.749426, 0.0)
(39.417896, 31.728491, 0.0)
(39.412823, 31.695528, 0.0)
(39.418045, 31.690868, 0.0)
(39.404465, 31.684025, 0.0)
(39.367245, 31.697292, 0.0)
(39.382713, 31.680143, 0.0)
(39.387932, 31.692928, 0.0)
(40.299694, 31.975115, 0.0)
(43.943726, 31.885353, 0.0)
(45.904411, 32.085339, 0.0)
(45.974178, 32.127834, 0.0)
(45.933296, 32.129219, 0.0)
(45.920540, 32.114510, 0.0)
(45.921402, 32.126560, 0.0)
(45.931686, 32.182495, 0.0)
(45.936962, 32.193604, 0.0)
(45.951466, 32.195812, 0.0)
(46.147400, 31.554701, 0.0)
(46.163403, 29.478622, 0.0)
(46.111851, 29.220383, 0.0)
(46.100594, 29.281996, 0.0)
(46.087963, 29.287403, 0.0)
(46.211670, 28.956324, 0.0)
(46.252289, 27.210131, 0.0)
(45.979626, 26.332026, 0.0)
(45.870399, 26.302834, 0.0)
(45.800716, 26.305387, 0.0)
(45.745026, 26.300425, 0.0)
(43.932053, 26.885284, 0.0)
(39.647907, 28.498066, 0.0)
(36.052769, 30.210676, 0.0)
(33.287819, 31.974787, 0.0)
(31.641115, 33.608360, 0.0)
(31.242989, 33.907040, 0.0)
(31.129969, 33.946075, 0.0)
(31.048550, 33.955959, 0.0)
(31.029257, 33.937752, 0.0)
(31.019724, 33.932987, 0.0)
(31.007668, 33.924648, 0.0)
(30.995338, 33.924953, 0.0)
(31.017168, 33.900040, 0.0)
(32.721428, 32.675110, 0.0)
(38.370430, 29.097002, 0.0)
(41.759464, 28.180645, 0.0)
(42.022675, 28.278521, 0.0)
(43.672123, 28.156441, 0.0)
(45.486984, 27.796963, 0.0)
(45.780655, 27.504839, 0.0)
(45.797371, 27.464319, 0.0)
(45.753815, 27.444317, 0.0)
(46.313702, 27.024639, 0.0)
(46.248665, 26.787899, 0.0)
(46.135406, 26.624226, 0.0)
(45.874626, 26.892784, 0.0)
(45.824879, 26.986292, 0.0)
(45.815174, 26.833344, 0.0)
(45.831726, 26.879793, 0.0)
(45.846687, 26.882700, 0.0)
(45.817421, 26.924765, 0.0)
(45.817654, 26.878345, 0.0)
(45.791218, 26.893703, 0.0)
(45.793720, 26.931036, 0.0)
(45.751217, 26.908783, 0.0)
(45.766376, 26.923018, 0.0)
(45.742428, 26.973255, 0.0)
(45.745430, 26.978552, 0.0)
(45.764820, 26.985289, 0.0)
(45.762650, 26.952957, 0.0)
(45.763123, 26.926025, 0.0)
(45.765602, 26.932442, 0.0)
(45.773643, 26.938238, 0.0)
(45.781364, 26.997578, 0.0)
(45.781364, 26.997578, 0.0)
(45.812897, 27.020082, 0.0)
(45.828171, 27.011875, 0.0)
(46.807327, 30.875469, 0.0)
(46.608540, 34.980907, 0.0)
(46.351517, 36.598602, 0.0)
(46.235149, 36.559296, 0.0)
(46.165749, 36.464813, 0.0)
(46.098598, 36.473530, 0.0)
(46.066936, 36.488510, 0.0)
(46.059803, 36.476425, 0.0)
(46.052120, 36.490513, 0.0)
(46.042812, 36.482712, 0.0)
(46.013657, 36.451221, 0.0)
(46.007210, 36.361267, 0.0)
(45.973103, 36.386173, 0.0)
(45.966095, 36.361473, 0.0)
(45.944149, 36.327812, 0.0)
(45.932850, 36.327988, 0.0)
(43.610313, 35.496353, 0.0)
(40.171402, 35.574852, 0.0)
(38.846359, 35.578430, 0.0)
(38.764427, 35.560593, 0.0)
(38.856190, 35.522057, 0.0)
(38.900166, 35.503105, 0.0)
(38.913071, 35.499985, 0.0)
(38.925175, 35.537857, 0.0)
(38.937061, 35.581623, 0.0)
(38.949444, 35.584106, 0.0)
(38.969524, 35.583015, 0.0)
(38.976742, 35.554955, 0.0)
(39.009613, 35.585976, 0.0)
(35.770130, 36.808762, 0.0)
(32.716972, 37.319946, 0.0)
(32.053562, 37.391148, 0.0)
(31.966114, 37.417244, 0.0)
(31.944715, 37.411488, 0.0)
(31.936411, 37.414249, 0.0)
(31.917942, 37.382397, 0.0)
(31.886654, 37.373512, 0.0)
(31.889519, 37.357956, 0.0)
(31.899343, 37.332592, 0.0)
(31.903969, 37.317944, 0.0)
(31.631422, 33.919949, 0.0)
(30.645685, 30.176687, 0.0)
(30.289799, 28.873941, 0.0)
(30.200649, 28.924507, 0.0)
(30.146151, 28.959677, 0.0)
(30.113247, 28.932098, 0.0)
(29.959892, 28.545969, 0.0)
(29.927574, 28.578129, 0.0)
(29.928030, 28.588778, 0.0)
(29.907484, 28.574629, 0.0)
(29.930882, 28.567921, 0.0)
(29.910278, 28.550501, 0.0)
(29.908503, 28.561644, 0.0)
(29.918036, 28.571478, 0.0)
(29.929022, 28.563864, 0.0)
(29.944979, 28.544336, 0.0)
(29.958832, 28.497936, 0.0)
(29.961641, 28.469160, 0.0)
(29.958214, 28.473307, 0.0)
(29.953403, 28.468901, 0.0)
(29.976461, 28.502317, 0.0)
(29.973812, 28.559681, 0.0)
(29.986984, 28.575109, 0.0)
(29.963732, 28.606594, 0.0)
(29.950769, 28.593258, 0.0)
(29.947517, 28.592297, 0.0)
(29.980627, 28.597265, 0.0)
(29.980795, 28.614637, 0.0)
(29.987005, 28.613892, 0.0)
(29.990925, 28.584946, 0.0)
(29.999241, 28.581856, 0.0)
(29.995367, 28.581379, 0.0)
(29.984959, 28.600166, 0.0)
(29.980795, 28.614637, 0.0)
(29.988659, 28.647030, 0.0)
(32.980347, 28.915751, 0.0)
(38.219498, 31.140114, 0.0)
(38.491901, 31.198338, 0.0)
(38.511524, 31.226017, 0.0)
(38.538319, 31.220560, 0.0)
(38.620152, 31.180422, 0.0)
(39.487476, 33.155769, 0.0)
(39.489571, 31.902330, 0.0)
(39.486275, 31.365379, 0.0)
(39.466858, 31.274687, 0.0)
(39.591846, 31.344130, 0.0)
(39.618195, 31.308578, 0.0)
(39.581680, 31.299725, 0.0)
(39.595795, 31.375368, 0.0)
(39.594711, 31.380045, 0.0)
(39.594025, 31.432487, 0.0)
(39.589195, 31.424604, 0.0)
(39.594002, 31.465487, 0.0)
(39.581738, 31.466871, 0.0)
(39.591026, 31.460629, 0.0)
(39.588505, 31.435001, 0.0)
(39.589478, 31.425432, 0.0)
(39.567646, 31.439669, 0.0)
(39.564770, 31.452887, 0.0)
(39.585232, 31.485685, 0.0)
(39.584522, 31.500490, 0.0)
(39.574997, 31.533018, 0.0)
(39.579018, 31.541729, 0.0)
(39.586052, 31.505907, 0.0)
(39.573158, 31.497349, 0.0)
(39.556889, 31.499537, 0.0)
(39.547993, 31.504803, 0.0)
(39.549160, 31.503944, 0.0)
(39.536442, 31.519156, 0.0)
(39.540733, 31.519386, 0.0)
(39.524029, 31.533831, 0.0)
(38.823769, 31.877335, 0.0)
(34.926285, 34.356163, 0.0)
(32.581913, 36.613976, 0.0)
(32.033451, 37.028908, 0.0)
(31.956772, 37.013607, 0.0)
(31.896595, 36.949768, 0.0)
(31.842916, 36.927715, 0.0)
(31.836372, 36.949471, 0.0)
(31.822275, 36.902660, 0.0)
(31.851763, 36.981216, 0.0)
(33.729977, 37.045212, 0.0)
(33.851807, 37.212440, 0.0)
(33.859138, 37.205471, 0.0)
(33.943939, 37.236290, 0.0)
(35.338535, 37.043335, 0.0)
(37.260727, 36.907726, 0.0)
(37.526443, 36.947639, 0.0)
(37.752731, 36.959888, 0.0)
(37.986122, 36.966587, 0.0)
(38.317307, 37.028919, 0.0)
(41.132099, 37.153408, 0.0)
(41.336212, 37.184555, 0.0)
(41.372433, 37.192924, 0.0)
(41.385597, 37.225040, 0.0)
(41.400150, 37.265583, 0.0)
(41.420380, 37.294434, 0.0)
(44.323338, 37.154457, 0.0)
(45.064346, 36.985394, 0.0)
(45.099190, 36.963383, 0.0)
(45.120327, 36.926437, 0.0)
(45.125885, 36.876698, 0.0)
(45.126896, 36.840729, 0.0)
(45.117973, 36.788864, 0.0)
(45.143250, 36.793877, 0.0)
(45.138844, 36.785904, 0.0)
(45.175549, 36.821259, 0.0)
(45.184464, 36.803616, 0.0)
(45.248203, 36.824558, 0.0)
(45.880241, 36.606682, 0.0)
(45.939823, 36.583817, 0.0)
(45.979122, 36.587524, 0.0)
(45.979511, 36.575172, 0.0)
(45.940117, 36.536179, 0.0)
(45.971558, 36.546143, 0.0)
(45.948555, 36.528805, 0.0)
(45.953899, 36.520721, 0.0)
(45.947777, 36.541721, 0.0)
(45.945728, 36.550510, 0.0)
(45.948139, 36.553997, 0.0)
(45.948971, 36.497822, 0.0)
(45.942337, 36.495815, 0.0)
(45.948166, 36.483582, 0.0)
(45.928143, 36.517948, 0.0)
(45.923779, 36.538574, 0.0)
(45.927021, 36.550652, 0.0)
(45.927654, 36.558903, 0.0)
(45.973995, 36.476353, 0.0)
(45.966106, 36.186115, 0.0)
(45.964981, 36.165520, 0.0)
(45.889427, 36.184322, 0.0)
(45.858894, 36.219654, 0.0)
(45.011368, 36.206970, 0.0)
(44.176498, 36.214951, 0.0)
(44.078651, 36.214069, 0.0)
(44.038738, 36.236168, 0.0)
(44.013233, 36.256706, 0.0)
(43.905056, 36.295151, 0.0)
(40.751015, 36.638111, 0.0)
(40.555702, 36.662258, 0.0)
(40.522915, 36.669552, 0.0)
(40.479801, 36.720642, 0.0)
(40.452515, 36.766651, 0.0)
(40.448833, 36.773232, 0.0)
(37.946701, 37.062668, 0.0)
(37.277828, 37.128304, 0.0)
(37.220634, 37.123077, 0.0)
(37.214436, 37.115921, 0.0)
(37.182884, 37.115429, 0.0)
(37.177681, 37.136524, 0.0)
(37.155167, 37.168663, 0.0)
(37.154301, 37.126110, 0.0)
(37.092285, 37.112690, 0.0)
(37.053951, 37.056980, 0.0)
(37.052994, 37.037239, 0.0)
(37.007355, 37.032608, 0.0)
(36.967670, 37.016224, 0.0)
(33.872536, 37.277264, 0.0)
(32.429150, 37.240757, 0.0)
(32.338024, 37.223419, 0.0)
(32.325180, 37.227711, 0.0)
(32.303673, 37.235714, 0.0)
(32.296410, 37.226013, 0.0)
(31.798214, 37.357147, 0.0)
(31.282764, 37.355988, 0.0)
(31.189716, 37.313126, 0.0)
(31.181778, 37.303356, 0.0)
(31.180000, 37.275219, 0.0)
(31.177906, 37.274544, 0.0)
(31.191633, 37.258171, 0.0)
(31.177067, 37.209732, 0.0)
(31.182135, 37.208763, 0.0)
(31.193167, 37.209949, 0.0)
(31.185490, 37.181946, 0.0)
(31.229399, 37.152050, 0.0)
(31.244738, 37.155491, 0.0)
(31.267479, 37.131760, 0.0)
(31.311356, 37.126789, 0.0)
(32.027184, 36.860901, 0.0)
(33.486881, 36.456303, 0.0)
(33.667427, 36.435837, 0.0)
(33.787754, 36.462250, 0.0)
(33.871620, 36.416645, 0.0)
(34.003395, 36.430771, 0.0)
(34.147034, 36.439583, 0.0)
(34.340809, 36.487385, 0.0)
(34.491131, 36.513756, 0.0)
(34.704998, 36.487694, 0.0)
(35.005894, 36.523746, 0.0)
(35.328365, 36.481422, 0.0)
(36.252205, 36.434456, 0.0)
(38.300659, 36.260040, 0.0)
(38.634441, 36.288902, 0.0)
(39.339504, 36.382175, 0.0)
(40.608608, 36.342690, 0.0)
(40.869690, 36.327385, 0.0)
(40.956009, 36.302528, 0.0)
(41.060150, 36.312260, 0.0)
(41.116802, 36.292271, 0.0)
(41.162903, 36.277279, 0.0)
(41.220627, 36.284679, 0.0)
(42.703854, 36.409058, 0.0)
(44.396019, 36.218048, 0.0)
(44.472233, 36.213348, 0.0)
(44.456669, 36.179638, 0.0)
(44.476933, 36.139359, 0.0)
(44.485550, 36.160969, 0.0)
(44.487247, 36.148159, 0.0)
(44.500870, 36.120918, 0.0)
(44.525124, 36.163132, 0.0)
(45.853439, 35.799503, 0.0)
(45.987362, 35.662971, 0.0)
(45.972900, 35.562866, 0.0)
(45.983215, 35.499626, 0.0)
(45.994625, 35.446457, 0.0)
(45.960487, 35.425816, 0.0)
(45.949532, 35.397633, 0.0)
(45.929901, 35.409805, 0.0)
(45.913715, 35.419685, 0.0)
(45.918636, 35.421539, 0.0)
(45.914059, 35.428738, 0.0)
(45.909435, 35.440964, 0.0)
(45.890438, 35.396114, 0.0)
(45.858570, 35.411114, 0.0)
(45.865089, 35.409939, 0.0)
(45.847202, 35.381207, 0.0)
(45.832973, 35.375824, 0.0)
(45.805340, 35.371662, 0.0)
(45.790108, 35.361115, 0.0)
(45.802799, 35.314873, 0.0)
(45.802769, 35.282673, 0.0)
(45.804169, 35.282673, 0.0)
(45.803379, 35.288067, 0.0)
(45.789394, 35.311035, 0.0)
(45.773178, 35.345127, 0.0)
(45.761425, 35.316978, 0.0)
(45.736954, 35.324162, 0.0)
(44.046074, 35.198814, 0.0)
(43.995022, 35.163197, 0.0)
(44.029087, 35.132652, 0.0)
(43.982525, 35.104946, 0.0)
(43.912315, 35.145035, 0.0)
(41.380974, 35.181278, 0.0)
(40.314537, 35.294720, 0.0)
(40.207474, 35.308640, 0.0)
(40.204727, 35.316433, 0.0)
(40.180965, 35.323654, 0.0)
(40.184753, 35.361683, 0.0)
(40.189255, 35.320911, 0.0)
(40.191765, 35.337395, 0.0)
(38.771255, 35.763386, 0.0)
(37.708035, 35.941154, 0.0)
(37.643829, 35.944645, 0.0)
(37.634724, 35.903214, 0.0)
(37.623425, 35.874760, 0.0)
(37.621662, 35.849937, 0.0)
(37.621670, 35.829155, 0.0)
(35.143356, 36.323654, 0.0)
(32.348835, 36.667366, 0.0)
(31.288424, 36.724945, 0.0)
(31.150766, 36.617825, 0.0)
(31.194422, 36.575565, 0.0)
(31.162966, 36.505802, 0.0)
(31.170580, 36.512550, 0.0)
(31.151850, 36.541748, 0.0)
(31.137510, 36.492519, 0.0)
(31.112225, 36.504932, 0.0)
(31.122658, 36.482529, 0.0)
(31.133827, 36.492233, 0.0)
(31.145567, 36.476143, 0.0)
(31.130747, 36.475578, 0.0)
(31.109034, 36.445316, 0.0)
(31.095388, 36.390499, 0.0)
(31.084858, 36.347313, 0.0)
(31.093328, 36.336201, 0.0)
(31.081623, 36.325909, 0.0)
(31.073257, 36.315506, 0.0)
(31.085375, 36.294079, 0.0)
(31.066217, 36.268875, 0.0)
(31.070765, 36.282021, 0.0)
(31.067003, 36.283520, 0.0)
(31.082104, 36.299412, 0.0)
(31.108448, 36.287086, 0.0)
(31.196747, 35.877209, 0.0)
(31.247684, 35.476105, 0.0)
(31.289173, 35.453079, 0.0)
(31.376539, 35.443546, 0.0)
(31.460936, 35.412064, 0.0)
(34.519211, 35.006390, 0.0)
(34.846462, 34.942772, 0.0)
(35.031303, 35.008705, 0.0)
(35.261391, 35.063217, 0.0)
(35.421749, 35.065048, 0.0)
(35.605358, 35.021336, 0.0)
(35.815296, 35.058533, 0.0)
(36.001286, 35.069229, 0.0)
(36.280174, 35.035229, 0.0)
(36.555077, 35.103855, 0.0)
(36.734051, 35.093025, 0.0)
(37.418312, 35.093929, 0.0)
(39.200603, 34.967758, 0.0)
(39.427834, 34.995308, 0.0)
(39.575943, 34.997314, 0.0)
(39.700630, 35.002079, 0.0)
(39.762104, 35.017673, 0.0)
(39.854233, 35.001724, 0.0)
(39.960564, 35.011826, 0.0)
(40.047775, 34.969135, 0.0)
(40.808193, 34.975132, 0.0)
(41.585041, 35.001472, 0.0)
(41.664310, 34.892876, 0.0)
(41.716225, 34.873371, 0.0)
(41.821838, 34.819893, 0.0)
(41.877789, 34.799477, 0.0)
(44.370331, 34.806152, 0.0)
(45.387035, 34.609581, 0.0)
(45.437645, 34.542347, 0.0)
(45.436844, 34.508736, 0.0)
(45.439606, 34.501671, 0.0)
(45.450500, 34.545486, 0.0)
(45.461193, 34.505077, 0.0)
(45.476559, 34.494873, 0.0)
(45.493370, 34.482265, 0.0)
(45.499817, 34.480225, 0.0)
(45.515251, 34.462128, 0.0)
(46.232758, 34.035892, 0.0)
(46.544888, 33.835663, 0.0)
(46.568474, 33.777298, 0.0)
(46.565704, 33.849915, 0.0)
(46.565250, 33.824009, 0.0)
(46.554195, 33.797829, 0.0)
(46.556801, 33.787613, 0.0)
(46.537228, 33.783993, 0.0)
(46.541721, 33.788235, 0.0)
(46.532490, 33.820206, 0.0)
(46.537201, 33.827713, 0.0)
(46.531738, 33.810421, 0.0)
(46.515621, 33.804363, 0.0)
(46.501087, 33.812836, 0.0)
(46.451950, 33.791077, 0.0)
(44.713089, 33.594269, 0.0)
(44.712875, 33.699890, 0.0)
(44.698750, 33.700180, 0.0)
(44.648399, 33.709599, 0.0)
(44.575386, 33.722725, 0.0)
(44.517967, 33.727303, 0.0)
(44.391212, 33.733288, 0.0)
(44.258900, 33.735756, 0.0)
(44.163975, 33.718124, 0.0)
(44.066319, 33.709675, 0.0)
(42.483238, 33.819489, 0.0)
(42.336224, 33.875141, 0.0)
(42.179237, 33.906513, 0.0)
(42.129276, 33.861004, 0.0)
(41.227482, 33.932774, 0.0)
(40.425716, 33.994934, 0.0)
(40.288937, 34.097313, 0.0)
(40.246387, 34.126896, 0.0)
(40.112488, 34.055161, 0.0)
(37.463684, 34.354633, 0.0)
(37.295547, 34.380299, 0.0)
(37.247295, 34.376053, 0.0)
(37.139233, 34.406250, 0.0)
(37.107868, 34.419819, 0.0)
(37.081295, 34.392715, 0.0)
(36.994743, 34.428764, 0.0)
(35.158714, 34.570980, 0.0)
(34.995003, 34.607487, 0.0)
(34.975563, 34.605038, 0.0)
(34.912743, 34.634434, 0.0)
(34.868824, 34.635914, 0.0)
(32.598782, 35.006424, 0.0)
(31.870041, 35.025040, 0.0)
(31.809877, 34.995331, 0.0)
(31.788532, 35.012280, 0.0)
(31.794085, 35.042503, 0.0)
(31.800232, 35.007492, 0.0)
(31.784630, 34.994644, 0.0)
(31.775393, 34.995560, 0.0)
(31.718164, 34.955219, 0.0)
(31.686972, 34.972092, 0.0)
(31.659456, 34.976002, 0.0)
(31.654581, 34.956970, 0.0)
(31.042030, 34.911499, 0.0)
(30.650829, 34.658184, 0.0)
(30.615717, 34.597633, 0.0)
(30.611176, 34.544956, 0.0)
(30.624487, 34.515934, 0.0)
(30.619669, 34.550922, 0.0)
(30.645126, 34.590576, 0.0)
(31.252892, 34.411072, 0.0)
(32.612057, 34.096405, 0.0)
(32.818386, 34.077290, 0.0)
(33.017952, 33.984230, 0.0)
(33.179794, 33.961819, 0.0)
(33.285461, 33.930984, 0.0)
(33.470230, 33.911449, 0.0)
(33.565178, 33.903992, 0.0)
(33.690727, 33.886841, 0.0)
(33.809822, 33.873543, 0.0)
(33.980263, 33.915264, 0.0)
(34.127296, 33.888218, 0.0)
(34.622044, 33.803314, 0.0)
(36.046341, 33.568844, 0.0)
(36.299892, 33.475266, 0.0)
(36.431976, 33.479851, 0.0)
(36.578892, 33.498142, 0.0)
(36.701530, 33.510326, 0.0)
(38.439411, 33.381035, 0.0)
(38.996792, 33.190826, 0.0)
(39.141453, 33.162201, 0.0)
(39.329391, 33.183468, 0.0)
(39.505074, 33.167835, 0.0)
(40.190830, 33.147205, 0.0)
(41.563766, 33.160702, 0.0)
(41.738224, 33.102207, 0.0)
(41.827843, 33.306778, 0.0)
(42.965870, 33.361710, 0.0)
(45.153713, 33.202045, 0.0)
(45.246265, 33.304321, 0.0)
(45.324833, 33.277496, 0.0)
(45.284107, 33.285217, 0.0)
(45.306553, 33.288242, 0.0)
(45.834431, 33.354042, 0.0)
(46.941704, 33.305374, 0.0)
(46.971935, 33.340916, 0.0)
(46.964367, 33.363766, 0.0)
(46.971355, 33.365700, 0.0)
(46.954571, 33.349289, 0.0)
(46.978886, 33.405682, 0.0)
(46.978886, 33.405682, 0.0)
(46.964680, 33.380302, 0.0)
(46.971184, 33.389011, 0.0)
(46.995060, 33.386162, 0.0)
(46.971859, 33.417587, 0.0)
(47.012211, 33.393639, 0.0)
(46.997929, 33.428894, 0.0)
(46.993149, 33.453655, 0.0)
(47.002781, 33.445919, 0.0)
(46.983013, 33.400711, 0.0)
(46.991604, 33.408363, 0.0)
(46.696384, 33.137829, 0.0)
(46.404667, 32.874058, 0.0)
(46.310669, 32.859097, 0.0)
(46.308361, 32.878212, 0.0)
(46.283272, 32.866150, 0.0)
(45.442108, 32.835960, 0.0)
(43.913757, 32.685459, 0.0)
(43.826294, 32.719978, 0.0)
(43.773769, 32.708889, 0.0)
(43.684059, 32.676182, 0.0)
(43.635399, 32.707745, 0.0)
(43.581989, 32.693119, 0.0)
(43.531704, 32.687435, 0.0)
(43.481247, 32.709408, 0.0)
(42.383644, 32.957180, 0.0)
(41.270844, 32.830173, 0.0)
(41.178780, 32.854618, 0.0)
(41.162685, 32.796265, 0.0)
(41.148670, 32.775547, 0.0)
(41.138363, 32.789539, 0.0)
(41.051384, 32.805035, 0.0)
(38.786613, 33.084209, 0.0)
(38.555550, 33.028870, 0.0)
(38.510983, 33.021698, 0.0)
(38.433304, 33.056385, 0.0)
(38.409061, 33.052059, 0.0)
(38.362495, 33.037670, 0.0)
(38.313526, 33.036308, 0.0)
(35.746468, 33.306202, 0.0)
(32.954098, 33.686016, 0.0)
(32.007706, 33.932247, 0.0)
(31.958241, 33.954735, 0.0)
(31.966888, 33.965584, 0.0)
(31.942572, 33.917984, 0.0)
(31.526829, 34.084496, 0.0)
(30.446012, 34.164925, 0.0)
(30.422003, 34.140198, 0.0)
(30.431465, 34.120564, 0.0)
(30.433041, 34.166218, 0.0)
(30.446093, 34.157917, 0.0)
(30.453176, 34.148373, 0.0)
(30.449127, 34.184872, 0.0)
(30.459089, 34.173157, 0.0)
(30.466087, 34.165741, 0.0)
(30.460546, 34.172249, 0.0)
(30.467016, 34.156826, 0.0)
(30.480486, 34.144524, 0.0)
(30.470587, 34.166424, 0.0)
(30.487110, 34.158424, 0.0)
(30.468781, 34.203026, 0.0)
(30.479855, 34.192886, 0.0)
(30.471291, 34.184658, 0.0)
(30.474808, 34.180794, 0.0)
(30.511496, 34.091282, 0.0)
(30.927319, 33.560658, 0.0)
(31.049770, 33.482327, 0.0)
(31.100134, 33.490978, 0.0)
(31.169317, 33.421684, 0.0)
(31.281939, 33.392220, 0.0)
(31.402302, 33.324867, 0.0)
(31.485443, 33.265541, 0.0)
(33.218407, 33.012493, 0.0)
(34.755123, 32.486015, 0.0)
(35.018311, 32.409355, 0.0)
(35.155434, 32.440914, 0.0)
(35.357109, 32.404469, 0.0)
(35.466354, 32.404469, 0.0)
(35.602982, 32.375851, 0.0)
(35.775162, 32.355259, 0.0)
(35.964497, 32.369904, 0.0)
(37.554077, 32.256683, 0.0)
(38.420135, 32.215687, 0.0)
(38.626953, 32.135822, 0.0)
(38.734791, 32.209675, 0.0)
(38.887245, 32.150539, 0.0)
(39.013233, 32.173855, 0.0)
(39.778492, 32.292942, 0.0)
(41.335960, 31.947252, 0.0)
(41.438847, 31.991907, 0.0)
(41.468208, 32.022072, 0.0)
(41.543423, 32.044697, 0.0)
(41.568783, 32.048325, 0.0)
(42.029114, 32.067661, 0.0)
(44.893822, 32.135784, 0.0)
(45.156719, 32.306149, 0.0)
(45.224247, 32.340965, 0.0)
(45.232487, 32.354282, 0.0)
(45.243057, 32.399872, 0.0)
(45.239300, 32.381588, 0.0)
(46.694824, 32.515923, 0.0)
(46.990116, 32.500645, 0.0)
(47.004532, 32.501038, 0.0)
(46.969769, 32.482872, 0.0)
(47.015129, 32.490562, 0.0)
(46.986168, 32.469391, 0.0)
(47.027287, 32.530609, 0.0)
(46.989288, 32.549213, 0.0)
(46.948524, 32.560226, 0.0)
(46.967617, 32.545967, 0.0)
(46.944279, 32.527473, 0.0)
(46.937641, 32.565666, 0.0)
(46.944710, 32.589336, 0.0)
(46.902996, 32.615185, 0.0)
(46.885883, 32.627792, 0.0)
(46.900352, 32.642670, 0.0)
(46.865803, 32.654263, 0.0)
(46.889091, 32.645588, 0.0)
(46.888912, 32.649410, 0.0)
(46.192783, 32.173756, 0.0)
(45.855591, 31.854563, 0.0)
(45.828438, 31.816074, 0.0)
(45.850254, 31.857084, 0.0)
(45.839436, 31.867046, 0.0)
(45.709641, 31.858030, 0.0)
(43.174442, 31.415308, 0.0)
(43.164448, 31.506079, 0.0)
(43.159763, 31.486191, 0.0)
(43.153297, 31.446718, 0.0)
(43.136570, 31.464140, 0.0)
(43.100166, 31.459917, 0.0)
(41.909840, 31.476402, 0.0)
(40.025108, 31.428890, 0.0)
(39.880028, 31.470396, 0.0)
(39.865349, 31.483992, 0.0)
(39.790283, 31.465202, 0.0)
(39.747952, 31.459877, 0.0)
(38.915775, 31.509806, 0.0)
(36.443558, 31.733757, 0.0)
(36.354313, 31.764387, 0.0)
(36.330563, 31.763399, 0.0)
(36.333847, 31.744936, 0.0)
(36.316811, 31.753029, 0.0)
(35.509335, 32.048740, 0.0)
(32.357269, 32.971176, 0.0)
(32.032608, 33.085060, 0.0)
(31.991529, 33.049889, 0.0)
(31.986292, 33.045425, 0.0)
(31.411217, 33.188663, 0.0)
(30.410536, 33.516815, 0.0)
(30.325085, 33.568703, 0.0)
(30.351801, 33.516914, 0.0)
(30.356102, 33.503082, 0.0)
(30.372108, 33.471077, 0.0)
(30.399544, 33.452011, 0.0)
(30.396345, 33.420773, 0.0)
(30.398968, 33.413094, 0.0)
(30.393047, 33.406921, 0.0)
(30.413651, 33.443687, 0.0)
(30.419783, 33.413998, 0.0)
(30.443159, 33.406090, 0.0)
(30.455442, 33.383335, 0.0)
(30.469894, 33.360256, 0.0)
(30.493944, 33.367840, 0.0)
(30.515007, 33.314823, 0.0)
(30.512573, 33.335854, 0.0)
(30.522415, 33.342541, 0.0)
(30.522415, 33.342541, 0.0)
(30.525564, 33.339813, 0.0)
(30.571316, 33.297787, 0.0)
(32.809643, 32.062286, 0.0)
(32.915096, 32.072979, 0.0)
(32.988705, 32.085590, 0.0)
(33.100613, 32.058788, 0.0)
(33.245567, 32.013676, 0.0)
(33.346138, 31.956900, 0.0)
(33.504433, 31.909262, 0.0)
(33.697552, 31.891317, 0.0)
(33.853363, 31.874332, 0.0)
(34.062515, 31.862665, 0.0)
(34.356178, 31.794220, 0.0)
(34.549816, 31.780975, 0.0)
(34.821987, 31.696686, 0.0)
(35.074055, 31.648163, 0.0)
(36.442711, 31.357929, 0.0)
(37.074234, 31.243216, 0.0)
(37.276691, 31.193752, 0.0)
(37.420433, 31.151636, 0.0)
(37.562439, 31.166618, 0.0)
(37.660595, 31.175720, 0.0)
(38.759476, 31.153286, 0.0)
(40.891933, 30.921627, 0.0)
(41.090195, 31.010525, 0.0)
(41.162785, 31.088955, 0.0)
(41.214550, 31.083265, 0.0)
(41.291691, 31.029903, 0.0)
(43.642094, 31.083717, 0.0)
(43.940880, 31.176590, 0.0)
(43.968975, 31.173904, 0.0)
(43.987255, 31.190928, 0.0)
(43.999962, 31.215897, 0.0)
(44.031330, 31.202633, 0.0)
(44.196548, 31.186708, 0.0)
(46.344109, 31.427795, 0.0)
(46.498756, 31.470354, 0.0)
(46.485901, 31.457809, 0.0)
(46.470837, 31.469931, 0.0)
(46.480236, 31.519096, 0.0)
(46.481575, 31.536058, 0.0)
(46.474903, 31.514503, 0.0)
(46.482170, 31.505245, 0.0)
(46.488789, 31.504757, 0.0)
(46.489773, 31.482635, 0.0)
(46.488663, 31.493935, 0.0)
(46.491829, 31.520775, 0.0)
(46.494843, 31.532791, 0.0)
(46.517895, 31.532068, 0.0)
(46.721523, 31.487904, 0.0)
(46.749451, 31.465702, 0.0)
(46.754917, 31.455641, 0.0)
(46.750259, 31.424185, 0.0)
(46.738140, 31.456182, 0.0)
(46.756992, 31.439262, 0.0)
(46.722881, 31.488377, 0.0)
(46.717087, 31.474575, 0.0)
(46.709305, 31.471960, 0.0)
(45.450089, 30.909761, 0.0)
(45.337406, 30.882071, 0.0)
(45.345905, 30.860971, 0.0)
(45.329308, 30.846384, 0.0)
(45.298843, 30.829069, 0.0)
(43.722057, 30.514471, 0.0)
(43.033817, 30.449745, 0.0)
(42.988846, 30.453737, 0.0)
(42.969505, 30.443491, 0.0)
(42.931469, 30.434980, 0.0)
(42.888870, 30.428169, 0.0)
(42.864273, 30.451754, 0.0)
(41.739429, 30.415514, 0.0)
(39.875027, 30.265238, 0.0)
(39.793217, 30.262217, 0.0)
(39.800388, 30.266891, 0.0)
(39.790249, 30.300222, 0.0)
(39.764614, 30.321712, 0.0)
(39.741081, 30.305479, 0.0)
(39.711750, 30.346087, 0.0)
(39.705723, 30.377001, 0.0)
(39.413071, 30.455790, 0.0)
(37.142445, 30.741146, 0.0)
(37.007217, 30.823452, 0.0)
(36.962532, 30.815977, 0.0)
(36.910297, 30.841839, 0.0)
(36.859318, 30.872091, 0.0)
(36.807285, 30.862272, 0.0)
(35.478321, 31.227680, 0.0)
(33.642090, 31.633282, 0.0)
(33.542957, 31.684492, 0.0)
(33.538445, 31.613293, 0.0)
(33.525658, 31.651314, 0.0)
(33.510693, 31.647604, 0.0)
(33.483479, 31.671795, 0.0)
(31.537006, 32.030487, 0.0)
(31.089861, 32.148998, 0.0)
(31.048843, 32.141155, 0.0)
(31.045376, 32.139233, 0.0)
(31.058563, 32.117939, 0.0)
(31.069197, 32.110825, 0.0)
(31.069197, 32.110825, 0.0)
(30.032337, 32.262405, 0.0)
(29.944633, 32.215878, 0.0)
(29.964140, 32.219891, 0.0)
(29.958639, 32.229538, 0.0)
(29.954741, 32.248817, 0.0)
(29.968472, 32.232414, 0.0)
(29.973583, 32.259048, 0.0)
(29.976896, 32.210075, 0.0)
(30.002872, 32.168953, 0.0)
(31.240278, 31.653740, 0.0)
(32.263611, 31.230595, 0.0)
(32.410667, 31.205595, 0.0)
(32.532768, 31.179371, 0.0)
(32.644001, 31.159670, 0.0)
(32.760406, 31.122559, 0.0)
(32.904419, 31.075354, 0.0)
(33.073551, 31.043457, 0.0)
(33.222317, 31.018496, 0.0)
(33.325058, 30.972317, 0.0)
(35.990795, 30.318222, 0.0)
(36.772408, 30.163990, 0.0)
(36.931961, 30.139980, 0.0)
(36.950180, 30.162464, 0.0)
(36.999683, 30.193140, 0.0)
(37.009678, 30.172674, 0.0)
(39.870136, 29.911390, 0.0)
(42.071198, 29.824804, 0.0)
(42.241203, 29.874832, 0.0)
(42.245163, 29.905149, 0.0)
(42.264725, 29.956768, 0.0)
(42.276367, 30.000580, 0.0)
(42.279980, 30.002947, 0.0)
(42.283581, 30.001833, 0.0)
(42.283699, 30.007656, 0.0)
(42.291119, 30.023439, 0.0)
(42.286884, 29.999567, 0.0)
(44.958839, 30.421469, 0.0)
(46.625553, 30.581350, 0.0)
(46.734047, 30.618170, 0.0)
(46.729168, 30.619246, 0.0)
(46.725277, 30.614948, 0.0)
(46.722874, 30.608130, 0.0)
(46.717232, 30.595121, 0.0)
(46.717232, 30.595121, 0.0)
(47.143398, 30.653141, 0.0)
(47.239841, 30.670050, 0.0)
(47.217518, 30.678328, 0.0)
(47.217937, 30.695234, 0.0)
(47.200954, 30.684523, 0.0)
(47.190235, 30.688015, 0.0)
(47.190235, 30.688015, 0.0)
(47.187042, 30.703894, 0.0)
(47.192139, 30.688198, 0.0)
(47.192852, 30.674635, 0.0)
(47.174580, 30.684952, 0.0)
(47.177345, 30.707693, 0.0)
(47.150166, 30.720634, 0.0)
(47.169624, 30.711937, 0.0)
(47.140739, 30.680855, 0.0)
(47.140739, 30.680855, 0.0)
(47.135300, 30.666304, 0.0)
(46.435005, 30.182835, 0.0)
(46.372837, 30.118866, 0.0)
(46.391216, 30.130058, 0.0)
(46.355877, 30.112297, 0.0)
(46.339039, 30.122879, 0.0)
(44.493324, 29.708435, 0.0)
(43.996307, 29.657700, 0.0)
(43.956345, 29.634880, 0.0)
(43.967728, 29.634554, 0.0)
(43.956272, 29.617922, 0.0)
(43.924786, 29.656700, 0.0)
(43.902107, 29.659035, 0.0)
(40.757908, 29.481684, 0.0)
(40.476257, 29.527306, 0.0)
(40.445522, 29.569696, 0.0)
(40.452080, 29.576677, 0.0)
(40.453403, 29.571482, 0.0)
(40.454399, 29.584970, 0.0)
(40.437061, 29.553509, 0.0)
(40.374012, 29.581423, 0.0)
(37.607750, 29.709555, 0.0)
(37.451454, 29.749504, 0.0)
(37.434010, 29.759266, 0.0)
(37.400776, 29.782089, 0.0)
(37.401211, 29.804623, 0.0)
(37.386551, 29.805897, 0.0)
(37.378471, 29.823408, 0.0)
(37.384655, 29.800907, 0.0)
(37.394142, 29.804920, 0.0)
(36.199051, 30.117748, 0.0)
(33.922871, 30.464294, 0.0)
(33.811996, 30.487648, 0.0)
(33.787682, 30.483482, 0.0)
(33.753265, 30.490332, 0.0)
(33.718395, 30.499025, 0.0)
(33.723244, 30.517353, 0.0)
(31.354399, 31.261171, 0.0)
(30.455402, 31.454662, 0.0)
(30.342566, 31.451307, 0.0)
(30.328592, 31.427055, 0.0)
(30.331526, 31.405256, 0.0)
(30.276711, 31.461176, 0.0)
(29.869265, 31.492258, 0.0)
(29.841320, 31.487797, 0.0)
(29.845234, 31.488546, 0.0)
(29.855146, 31.461008, 0.0)
(29.871542, 31.450829, 0.0)
(29.858690, 31.400423, 0.0)
(29.879110, 31.384430, 0.0)
(29.888617, 31.394566, 0.0)
(29.904207, 31.443068, 0.0)
(29.914013, 31.428276, 0.0)
(29.953255, 31.397816, 0.0)
(30.080063, 31.346529, 0.0)
(30.205048, 31.225626, 0.0)
(32.393276, 30.233255, 0.0)
(32.602962, 30.128502, 0.0)
(32.753662, 30.100031, 0.0)
(32.848782, 30.080204, 0.0)
(32.990475, 30.066523, 0.0)
(33.127819, 30.023022, 0.0)
(33.301090, 29.986345, 0.0)
(33.449863, 29.903639, 0.0)
(33.556484, 29.875742, 0.0)
(33.899712, 29.758078, 0.0)
(35.394611, 29.073118, 0.0)
(35.553669, 29.028238, 0.0)
(35.647926, 29.059938, 0.0)
(35.766685, 29.044954, 0.0)
(35.884392, 28.993465, 0.0)
(37.980408, 28.539520, 0.0)
(38.411663, 28.491415, 0.0)
(38.531395, 28.459137, 0.0)
(38.611103, 28.457191, 0.0)
(38.753525, 28.454279, 0.0)
(38.857365, 28.465836, 0.0)
(41.367180, 28.619102, 0.0)
(41.670696, 28.620293, 0.0)
(41.702019, 28.626423, 0.0)
(41.743092, 28.591204, 0.0)
(41.775162, 28.614223, 0.0)
(41.807323, 28.646154, 0.0)
(42.064648, 28.696545, 0.0)
(44.689907, 29.183205, 0.0)
(44.925842, 29.233925, 0.0)
(44.918854, 29.224747, 0.0)
(44.922737, 29.222504, 0.0)
(44.935490, 29.228432, 0.0)
(45.943138, 29.473303, 0.0)
(46.992783, 29.708687, 0.0)
(47.044167, 29.714199, 0.0)
(47.037117, 29.719334, 0.0)
(47.038509, 29.698402, 0.0)
(47.031986, 29.655678, 0.0)
(47.038631, 29.640881, 0.0)
(47.032307, 29.648382, 0.0)
(47.029896, 29.661245, 0.0)
(47.026234, 29.680473, 0.0)
(47.022297, 29.711941, 0.0)
(47.004471, 29.702177, 0.0)
(47.022388, 29.691383, 0.0)
(47.032951, 29.687061, 0.0)
(47.013771, 29.702942, 0.0)
(46.981834, 29.740110, 0.0)
(46.729031, 29.607256, 0.0)
(46.279854, 29.157175, 0.0)
(46.234367, 29.081398, 0.0)
(46.219963, 29.122869, 0.0)
(46.220367, 29.150253, 0.0)
(46.223087, 29.171686, 0.0)
(46.209991, 29.150110, 0.0)
(43.257668, 28.398287, 0.0)
(43.083691, 28.366806, 0.0)
(43.091404, 28.353361, 0.0)
(43.085079, 28.371143, 0.0)
(43.091228, 28.395987, 0.0)
(43.076309, 28.398451, 0.0)
(43.050606, 28.412807, 0.0)
(40.372093, 28.250401, 0.0)
(40.282455, 28.276091, 0.0)
(40.280682, 28.231230, 0.0)
(40.230907, 28.223869, 0.0)
(40.184196, 28.176794, 0.0)
(40.165241, 28.177767, 0.0)
(40.148464, 28.171034, 0.0)
(40.141235, 28.182112, 0.0)
(40.107796, 28.178852, 0.0)
(40.060879, 28.177187, 0.0)
(38.612576, 28.267664, 0.0)
(37.914375, 28.355524, 0.0)
(37.818481, 28.341707, 0.0)
(37.789597, 28.320000, 0.0)
(37.786228, 28.306625, 0.0)
(37.156357, 28.552822, 0.0)
(34.616730, 28.993729, 0.0)
(34.490253, 29.046843, 0.0)
(34.477734, 29.027590, 0.0)
(34.470058, 29.025583, 0.0)
(34.471413, 29.019421, 0.0)
(32.333843, 29.742887, 0.0)
(30.431717, 30.452478, 0.0)
(30.252050, 30.526443, 0.0)
(30.257511, 30.514860, 0.0)
(30.263233, 30.494358, 0.0)
(30.232435, 30.498575, 0.0)
(30.243628, 30.503006, 0.0)
(30.256626, 30.434446, 0.0)
(30.261160, 30.430817, 0.0)
(30.262112, 30.425362, 0.0)
(30.262112, 30.425362, 0.0)
(30.284689, 30.422859, 0.0)
(30.309219, 30.398750, 0.0)
(30.301531, 30.401247, 0.0)
(30.325356, 30.398754, 0.0)
(30.317644, 30.397692, 0.0)
(30.343081, 30.392466, 0.0)
(30.389187, 30.369858, 0.0)
(30.400013, 30.353277, 0.0)
(30.406488, 30.326889, 0.0)
(31.911236, 29.395025, 0.0)
(32.157722, 29.252380, 0.0)
(32.287308, 29.157215, 0.0)
(32.381832, 29.125998, 0.0)
(32.429356, 29.117016, 0.0)
(32.511257, 29.036217, 0.0)
(32.604221, 29.007847, 0.0)
(33.112652, 28.879295, 0.0)
(37.466213, 27.827345, 0.0)
(38.270699, 27.761515, 0.0)
(38.415794, 27.707914, 0.0)
(38.443562, 27.717564, 0.0)
(39.298958, 27.797333, 0.0)
(42.905415, 28.054701, 0.0)
(43.878613, 28.221153, 0.0)
(43.990437, 28.265631, 0.0)
(44.005058, 28.257692, 0.0)
(43.973080, 28.218407, 0.0)
(44.633888, 28.366093, 0.0)
(46.438602, 28.916132, 0.0)
(46.501976, 28.872335, 0.0)
(46.449604, 28.857634, 0.0)
(46.432541, 28.868052, 0.0)
(46.424164, 28.859818, 0.0)
(46.870266, 28.884443, 0.0)
(46.986423, 28.851793, 0.0)
(46.938168, 28.756142, 0.0)
(46.837059, 28.725771, 0.0)
(46.742115, 28.708773, 0.0)
(46.650879, 28.710348, 0.0)
(46.579937, 28.690426, 0.0)
(46.591137, 28.726667, 0.0)
(46.552998, 28.775230, 0.0)
(46.482239, 28.722885, 0.0)
(46.420544, 28.733418, 0.0)
(46.380470, 28.745077, 0.0)
(46.280880, 28.694155, 0.0)
(46.233562, 28.678885, 0.0)
(46.143620, 28.659889, 0.0)
(46.076801, 28.639713, 0.0)
(46.022518, 28.646332, 0.0)
(45.994354, 28.602505, 0.0)
(45.932804, 28.556730, 0.0)
(45.860970, 28.466534, 0.0)
(45.820461, 28.442633, 0.0)
(45.800755, 28.440802, 0.0)
(45.786465, 28.434961, 0.0)
(45.774555, 28.383280, 0.0)
(45.766380, 28.354412, 0.0)
(45.784569, 28.332716, 0.0)
(45.809368, 28.338076, 0.0)
(45.800468, 28.332926, 0.0)
(45.837837, 28.349657, 0.0)
(45.845261, 28.351011, 0.0)
(44.616695, 27.819820, 0.0)
(44.337166, 27.714399, 0.0)
(44.420860, 27.715866, 0.0)
(44.465214, 27.741190, 0.0)
(44.510563, 27.705448, 0.0)
(43.444122, 27.533760, 0.0)
(42.782013, 27.352266, 0.0)
(42.761715, 27.331791, 0.0)
(42.732307, 27.342964, 0.0)
(42.707176, 27.338713, 0.0)
(42.669498, 27.329412, 0.0)
(42.617615, 27.332596, 0.0)
(42.592155, 27.305819, 0.0)
(42.534740, 27.280905, 0.0)
(42.490505, 27.260511, 0.0)
(42.373222, 27.272560, 0.0)
(40.883446, 27.306782, 0.0)
(40.721210, 27.343981, 0.0)
(40.661583, 27.311132, 0.0)
(40.609856, 27.311499, 0.0)
(39.045013, 27.427393, 0.0)
(38.503670, 27.493139, 0.0)
(38.407547, 27.475418, 0.0)
(38.359989, 27.433825, 0.0)
(38.308121, 27.430265, 0.0)
(36.984188, 27.683128, 0.0)
(36.487354, 27.754368, 0.0)
(36.383049, 27.792192, 0.0)
(36.340015, 27.770929, 0.0)
(36.319710, 27.775803, 0.0)
(34.612755, 28.273956, 0.0)
(33.257805, 28.619204, 0.0)
(33.044170, 28.640379, 0.0)
(33.014065, 28.628979, 0.0)
(32.990826, 28.635757, 0.0)
(31.224382, 29.428572, 0.0)
(30.239138, 29.685312, 0.0)
(30.039618, 29.698978, 0.0)
(30.015377, 29.713531, 0.0)
(30.009893, 29.670013, 0.0)
(30.009087, 29.689665, 0.0)
(30.008072, 29.698481, 0.0)
(30.002909, 29.698065, 0.0)
(30.002193, 29.686867, 0.0)
(30.007935, 29.662916, 0.0)
(30.009865, 29.664091, 0.0)
(30.004457, 29.626814, 0.0)
(30.014994, 29.648512, 0.0)
(30.042219, 29.679176, 0.0)
(30.184696, 29.770918, 0.0)
(31.417448, 29.129902, 0.0)
(32.024643, 28.032482, 0.0)
(32.129509, 27.824516, 0.0)
(32.197205, 27.883610, 0.0)
(32.325344, 27.937510, 0.0)
(32.440434, 27.910318, 0.0)
(32.555473, 27.916676, 0.0)
(32.651627, 27.900562, 0.0)
(32.769836, 27.891039, 0.0)
(32.858143, 27.842165, 0.0)
(33.055313, 27.806723, 0.0)
(33.205677, 27.786720, 0.0)
(33.315746, 27.745317, 0.0)
(36.056034, 27.135204, 0.0)
(36.496700, 26.994116, 0.0)
(36.592033, 26.901377, 0.0)
(36.651173, 26.864571, 0.0)
(36.698692, 26.868763, 0.0)
(36.750465, 26.844286, 0.0)
(36.795990, 26.876976, 0.0)
(37.879417, 26.735769, 0.0)
(37.956715, 26.709190, 0.0)
(37.985275, 26.716330, 0.0)
(38.040886, 26.688824, 0.0)
(38.084743, 26.684790, 0.0)
(38.121662, 26.673180, 0.0)
(38.933453, 26.759813, 0.0)
(39.880447, 26.735018, 0.0)
(39.926838, 26.759586, 0.0)
(39.938030, 26.739769, 0.0)
(40.014515, 26.752161, 0.0)
(41.684635, 26.804655, 0.0)
(41.805698, 26.825333, 0.0)
(41.807182, 26.817423, 0.0)
(41.822563, 26.808846, 0.0)
(41.829464, 26.794674, 0.0)
(43.485023, 26.959032, 0.0)
(43.760139, 26.989164, 0.0)
(43.795151, 26.927395, 0.0)
(43.830479, 26.913538, 0.0)
(43.838554, 26.901329, 0.0)
(45.875984, 27.491970, 0.0)
(46.319027, 27.541735, 0.0)
(46.344482, 27.516151, 0.0)
(46.300144, 27.453394, 0.0)
(46.249138, 27.441595, 0.0)
(46.205486, 27.389023, 0.0)
(46.089455, 27.318470, 0.0)
(46.008739, 27.278025, 0.0)
(46.034874, 26.829412, 0.0)
(45.921108, 26.654268, 0.0)
(45.843601, 26.637602, 0.0)
(45.794422, 26.619398, 0.0)
(45.779358, 26.616865, 0.0)
(45.742851, 26.591934, 0.0)
(45.728138, 26.599173, 0.0)
(45.730587, 26.620735, 0.0)
(45.704121, 26.618427, 0.0)
(43.715530, 26.293102, 0.0)
(43.612797, 26.266811, 0.0)
(43.672874, 26.275784, 0.0)
(43.694798, 26.287552, 0.0)
(43.670033, 26.285948, 0.0)
(43.667156, 26.292513, 0.0)
(43.599861, 26.318268, 0.0)
(43.556190, 26.305786, 0.0)
(42.343678, 26.272032, 0.0)
(42.224449, 26.251133, 0.0)
(42.165783, 26.238985, 0.0)
(42.118942, 26.266478, 0.0)
(42.048939, 26.267179, 0.0)
(40.470303, 26.225740, 0.0)
(40.359730, 26.189682, 0.0)
(40.272045, 26.159533, 0.0)
(39.786507, 26.461292, 0.0)
(39.304020, 26.964954, 0.0)
(38.492485, 26.093334, 0.0)
(38.498550, 26.134695, 0.0)
(38.481632, 26.199110, 0.0)
(38.417961, 26.218960, 0.0)
(38.365582, 26.217402, 0.0)
(36.882225, 26.470192, 0.0)
(36.476448, 26.522108, 0.0)
(36.375031, 26.563231, 0.0)
(36.337826, 26.590363, 0.0)
(36.271900, 26.603697, 0.0)
(34.710438, 26.889965, 0.0)
(34.515530, 26.900951, 0.0)
(34.472485, 26.897856, 0.0)
(34.411560, 26.887691, 0.0)
(34.369320, 26.892052, 0.0)
(34.000149, 27.032553, 0.0)
(32.006065, 27.656494, 0.0)
(31.775841, 27.670925, 0.0)
(31.753632, 27.687136, 0.0)
(31.740261, 27.672356, 0.0)
(31.724281, 27.667898, 0.0)
(31.645376, 27.714478, 0.0)
(29.962996, 28.378242, 0.0)
(29.782310, 28.402287, 0.0)
(29.788860, 28.342710, 0.0)
(29.784971, 28.332821, 0.0)
(29.793421, 28.322533, 0.0)
(29.793854, 28.289219, 0.0)
(29.795761, 28.283176, 0.0)
(29.822519, 28.288492, 0.0)
(29.864086, 28.284910, 0.0)
(29.886677, 28.272316, 0.0)
(29.922035, 28.242708, 0.0)
(30.107281, 28.104589, 0.0)
(32.164700, 27.143881, 0.0)
(32.324261, 27.045033, 0.0)
(32.432854, 27.053360, 0.0)
(32.580273, 26.973698, 0.0)
(32.745117, 26.919285, 0.0)
(32.919296, 26.895391, 0.0)
(33.092804, 26.841845, 0.0)
(33.225239, 26.775953, 0.0)
(33.360886, 26.762533, 0.0)
(33.506084, 26.728291, 0.0)
(33.644569, 26.674265, 0.0)
(33.975918, 26.557323, 0.0)
(34.986191, 26.067427, 0.0)
(35.158859, 26.031300, 0.0)
(35.720192, 25.933767, 0.0)
(36.688736, 25.722012, 0.0)
(36.891502, 25.683830, 0.0)
(36.973400, 25.692175, 0.0)
(37.125423, 25.671551, 0.0)
(37.318836, 25.653795, 0.0)
(38.553852, 25.576872, 0.0)
(38.879025, 25.535166, 0.0)
(38.976112, 25.512321, 0.0)
(39.059662, 25.531776, 0.0)
(39.581760, 25.544752, 0.0)
(40.478619, 25.578032, 0.0)
(40.629265, 25.556023, 0.0)
(40.712009, 25.565084, 0.0)
(40.769211, 25.576027, 0.0)
(41.908039, 25.732353, 0.0)
(42.679878, 25.701588, 0.0)
(42.840370, 25.681623, 0.0)
(42.851963, 25.664640, 0.0)
(42.896873, 25.675196, 0.0)
(43.325500, 25.788586, 0.0)
(45.269688, 26.403351, 0.0)
(45.361279, 26.437069, 0.0)
(45.349922, 26.424362, 0.0)
(45.373299, 26.434271, 0.0)
(45.344109, 26.418335, 0.0)
(45.325096, 26.375937, 0.0)
(45.286350, 26.342146, 0.0)
(45.249168, 26.335558, 0.0)
(45.245682, 26.339918, 0.0)
(46.012730, 26.739630, 0.0)
(46.060741, 26.747936, 0.0)
(45.981304, 26.703135, 0.0)
(45.929703, 26.700712, 0.0)
(45.925446, 26.703270, 0.0)
(45.879246, 26.692041, 0.0)
(45.816372, 26.674776, 0.0)
(45.804939, 26.669275, 0.0)
(45.771229, 26.665049, 0.0)
(45.718262, 26.646326, 0.0)
(46.559067, 27.843264, 0.0)
(46.517757, 27.921349, 0.0)
(46.499001, 27.923849, 0.0)
(46.482178, 27.915384, 0.0)
(46.863811, 29.100855, 0.0)
(46.831203, 29.738321, 0.0)
(46.832558, 29.862705, 0.0)
(46.891827, 30.109890, 0.0)
(47.052429, 30.895546, 0.0)
(47.082600, 30.989643, 0.0)
(47.098015, 31.001919, 0.0)
(47.106377, 31.043272, 0.0)
(47.123009, 31.052631, 0.0)
(47.124226, 31.064507, 0.0)
(47.136002, 31.080387, 0.0)
(47.129597, 31.093174, 0.0)
(47.389046, 31.552021, 0.0)
(47.397224, 32.059891, 0.0)
(47.379025, 32.116043, 0.0)
(47.366947, 32.131115, 0.0)
(47.356392, 32.092308, 0.0)
(47.343410, 32.112629, 0.0)
(47.373653, 32.544842, 0.0)
(47.259380, 33.130157, 0.0)
(47.223160, 33.186726, 0.0)
(47.190796, 33.189171, 0.0)
(47.159782, 33.182533, 0.0)
(47.134033, 33.174267, 0.0)
(47.104397, 33.174671, 0.0)
(47.087132, 33.183159, 0.0)
(47.063343, 33.187164, 0.0)
(47.071968, 33.177685, 0.0)
(47.068626, 33.180599, 0.0)
(47.065758, 33.172470, 0.0)
(47.062229, 33.197308, 0.0)
(47.086243, 33.228531, 0.0)
(47.098183, 33.252098, 0.0)
(47.077366, 33.202103, 0.0)
(47.109486, 33.182354, 0.0)
(47.120701, 33.185642, 0.0)
(47.121216, 33.175453, 0.0)
(47.088409, 33.176865, 0.0)
(47.080799, 33.217175, 0.0)
(47.074783, 33.231251, 0.0)
(47.068932, 33.230770, 0.0)
(47.067467, 33.216175, 0.0)
(47.064632, 33.193775, 0.0)
(47.083359, 33.170895, 0.0)
(47.057068, 33.149029, 0.0)
(47.058678, 33.156178, 0.0)
(47.067245, 33.184528, 0.0)
(47.081013, 33.176579, 0.0)
(47.073250, 33.189972, 0.0)
(47.055340, 33.220684, 0.0)
(47.081921, 33.246998, 0.0)
(47.090477, 33.193474, 0.0)
(47.082615, 33.156082, 0.0)
(47.087837, 33.171097, 0.0)
(47.089901, 33.165302, 0.0)
(47.109100, 33.169231, 0.0)
(47.098469, 33.183014, 0.0)
(47.105541, 33.187508, 0.0)
(47.113453, 33.152699, 0.0)
(47.103134, 33.139278, 0.0)
(47.102692, 33.107254, 0.0)
(46.757828, 32.781559, 0.0)
(46.799927, 32.702690, 0.0)
(46.799927, 32.692043, 0.0)
(46.805489, 32.656265, 0.0)
(46.812881, 32.665493, 0.0)
(46.821609, 32.598572, 0.0)
(46.872547, 31.646486, 0.0)
(46.914726, 31.567142, 0.0)
(46.929863, 31.570873, 0.0)
(46.926582, 31.513910, 0.0)
(46.917702, 31.496096, 0.0)
(46.760849, 30.659714, 0.0)
(46.638130, 29.438669, 0.0)
(46.632851, 29.393337, 0.0)
(46.626976, 29.421246, 0.0)
(46.620724, 29.428562, 0.0)
(46.610558, 29.206039, 0.0)
(46.463608, 28.130611, 0.0)
(46.430065, 28.026991, 0.0)
(46.407509, 28.028341, 0.0)
(46.408028, 28.021555, 0.0)
(46.352989, 28.025188, 0.0)
(46.346821, 28.001282, 0.0)
(46.340054, 27.985651, 0.0)
(46.325939, 27.971218, 0.0)
(46.328110, 27.965742, 0.0)
(46.313919, 27.977594, 0.0)
(46.307892, 27.982418, 0.0)
(46.283108, 27.969616, 0.0)
(46.170612, 27.848206, 0.0)
(45.821056, 27.480309, 0.0)
(45.767582, 27.377911, 0.0)
(45.753956, 27.390371, 0.0)
(45.760242, 27.378967, 0.0)
(45.730167, 27.393150, 0.0)
(45.729919, 27.406132, 0.0)
(45.762947, 27.429703, 0.0)
(45.719753, 27.431602, 0.0)
(45.730167, 27.440464, 0.0)
(45.734440, 27.462543, 0.0)
(45.741096, 27.471970, 0.0)
(45.754757, 27.528603, 0.0)
(45.792049, 27.524643, 0.0)
(45.968891, 28.028837, 0.0)
(45.981384, 28.380499, 0.0)
(45.990185, 28.391293, 0.0)
(45.991772, 28.432806, 0.0)
(46.030037, 28.512722, 0.0)
(46.020809, 28.511734, 0.0)
(46.216167, 29.453600, 0.0)
(46.211315, 29.559114, 0.0)
(46.216827, 29.581900, 0.0)
(46.197365, 29.654886, 0.0)
(46.190830, 29.759888, 0.0)
(46.207043, 29.778461, 0.0)
(46.375248, 30.443937, 0.0)
(46.396648, 30.984213, 0.0)
(46.387360, 31.030972, 0.0)
(46.362293, 31.069485, 0.0)
(46.382004, 31.089071, 0.0)
(46.331673, 31.137932, 0.0)
(46.316921, 31.216927, 0.0)
(46.503201, 32.306107, 0.0)
(46.475185, 32.426243, 0.0)
(46.475090, 32.433212, 0.0)
(46.422184, 32.448898, 0.0)
(46.423012, 32.503452, 0.0)
(46.410831, 32.526310, 0.0)
(46.467125, 32.837982, 0.0)
(46.474609, 33.716934, 0.0)
(46.442627, 33.813145, 0.0)
(46.429176, 33.844486, 0.0)
(46.427387, 33.877991, 0.0)
(46.411427, 33.913242, 0.0)
(46.458221, 34.871323, 0.0)
(46.411263, 35.471012, 0.0)
(46.364738, 35.509407, 0.0)
(46.352428, 35.452049, 0.0)
(46.302944, 35.475811, 0.0)
(46.280060, 35.457829, 0.0)
(46.057804, 36.097427, 0.0)
(46.019890, 36.187916, 0.0)
(46.013508, 36.186031, 0.0)
(46.030785, 36.115009, 0.0)
(46.028858, 36.176159, 0.0)
(46.019547, 36.153320, 0.0)
(46.020462, 36.141888, 0.0)
(46.028599, 36.138348, 0.0)
(46.030735, 36.090866, 0.0)
(46.015671, 36.099831, 0.0)
(46.017075, 36.062218, 0.0)
(45.549591, 35.971363, 0.0)
(45.481705, 35.939304, 0.0)
(45.499767, 35.958420, 0.0)
(45.598789, 35.684460, 0.0)
(45.671101, 35.230564, 0.0)
(45.658802, 35.166737, 0.0)
(45.653538, 35.120064, 0.0)
(45.654900, 35.046261, 0.0)
(45.666119, 34.798813, 0.0)
(45.691891, 33.799023, 0.0)
(45.659149, 33.749290, 0.0)
(45.667042, 33.681293, 0.0)
(45.679203, 33.624893, 0.0)
(45.711506, 33.571312, 0.0)
(45.763531, 32.767651, 0.0)
(45.813686, 32.609661, 0.0)
(45.831688, 32.564022, 0.0)
(45.800732, 32.449104, 0.0)
(45.813927, 32.389950, 0.0)
(45.834091, 32.347748, 0.0)
(45.827934, 32.291607, 0.0)
(45.558300, 31.021751, 0.0)
(45.533783, 30.952133, 0.0)
(45.534519, 30.946653, 0.0)
(45.531818, 30.913452, 0.0)
(45.538811, 30.869780, 0.0)
(45.536259, 30.844887, 0.0)
(45.577969, 30.099983, 0.0)
(45.591934, 29.743971, 0.0)
(45.562515, 29.694262, 0.0)
(45.575558, 29.688498, 0.0)
(45.539444, 29.642199, 0.0)
(45.554859, 29.637508, 0.0)
(45.492916, 29.062443, 0.0)
(45.286846, 27.523359, 0.0)
(45.230045, 27.367010, 0.0)
(45.245796, 27.390982, 0.0)
(45.257092, 27.406677, 0.0)
(45.275349, 27.436375, 0.0)
(45.265141, 27.428762, 0.0)
(45.266453, 27.432930, 0.0)
(45.253052, 27.410074, 0.0)
(45.253052, 27.410074, 0.0)
(45.245068, 27.430340, 0.0)
(45.239681, 27.430639, 0.0)
(45.243000, 27.437902, 0.0)
(45.248363, 27.441696, 0.0)
(45.248363, 27.441696, 0.0)
(45.238285, 27.459904, 0.0)
(45.242161, 27.487398, 0.0)
(45.209255, 27.501104, 0.0)
(45.215473, 27.486547, 0.0)
(45.210255, 27.518106, 0.0)
(44.255104, 27.286827, 0.0)
(44.216984, 27.273373, 0.0)
(44.249588, 27.270792, 0.0)
(44.262802, 27.331745, 0.0)
(44.291935, 27.417398, 0.0)
(44.287552, 27.483713, 0.0)
(44.686817, 28.502588, 0.0)
(44.640671, 28.542097, 0.0)
(44.661144, 28.599220, 0.0)
(44.696331, 28.676352, 0.0)
(44.692829, 28.776365, 0.0)
(44.690048, 28.854828, 0.0)
(44.704990, 28.941538, 0.0)
(44.977222, 30.218290, 0.0)
(44.879608, 30.430075, 0.0)
(44.859207, 30.468212, 0.0)
(44.876835, 30.502199, 0.0)
(44.876469, 30.499773, 0.0)
(44.885487, 30.544935, 0.0)
(44.880909, 30.591661, 0.0)
(45.057804, 31.317648, 0.0)
(45.096294, 32.326550, 0.0)
(45.064960, 32.437309, 0.0)
(45.061218, 32.452976, 0.0)
(45.048058, 32.483517, 0.0)
(45.036671, 32.500206, 0.0)
(45.029564, 32.531429, 0.0)
(45.028820, 32.547649, 0.0)
(45.069771, 33.095993, 0.0)
(45.020924, 33.712242, 0.0)
(45.019444, 33.759224, 0.0)
(44.978970, 33.789501, 0.0)
(44.971909, 33.839699, 0.0)
(44.960632, 33.869473, 0.0)
(44.957596, 33.891163, 0.0)
(45.034729, 34.444221, 0.0)
(45.043037, 35.006622, 0.0)
(45.024570, 35.077126, 0.0)
(45.025547, 35.081688, 0.0)
(45.017155, 35.080280, 0.0)
(45.011196, 35.038364, 0.0)
(44.994221, 35.048100, 0.0)
(44.984085, 35.973515, 0.0)
(44.912983, 36.201836, 0.0)
(44.926712, 36.140038, 0.0)
(44.904961, 36.166298, 0.0)
(44.895962, 36.116135, 0.0)
(44.905785, 36.156357, 0.0)
(44.879601, 36.127701, 0.0)
(44.885597, 36.118206, 0.0)
(44.875103, 36.065063, 0.0)
(44.871456, 36.035378, 0.0)
(44.867500, 35.945942, 0.0)
(44.854107, 35.926739, 0.0)
(44.033806, 35.394333, 0.0)
(43.793152, 35.124043, 0.0)
(43.784481, 35.074692, 0.0)
(43.769527, 35.053699, 0.0)
(43.750370, 35.045292, 0.0)
(43.788109, 34.996792, 0.0)
(44.014412, 33.652313, 0.0)
(43.994595, 33.553452, 0.0)
(43.972282, 33.539143, 0.0)
(43.972164, 33.492756, 0.0)
(43.992512, 33.498901, 0.0)
(44.009926, 32.749790, 0.0)
(44.070415, 32.509071, 0.0)
(44.059155, 32.538517, 0.0)
(44.071190, 32.539711, 0.0)
(44.070057, 32.519848, 0.0)
(44.048176, 32.455078, 0.0)
(44.024548, 32.382393, 0.0)
(44.055214, 32.355171, 0.0)
(43.776630, 31.273428, 0.0)
(43.764809, 31.174725, 0.0)
(43.765438, 31.232756, 0.0)
(43.785393, 31.230522, 0.0)
(43.856983, 30.154293, 0.0)
(43.640556, 27.906578, 0.0)
(43.444500, 27.034002, 0.0)
(43.344704, 27.000778, 0.0)
(43.379642, 27.060694, 0.0)
(43.360062, 27.086754, 0.0)
(43.365009, 27.110252, 0.0)
(43.394405, 27.115141, 0.0)
(43.403896, 27.082006, 0.0)
(43.240345, 26.520401, 0.0)
(43.249481, 26.452600, 0.0)
(43.276245, 26.418497, 0.0)
(43.270592, 26.426924, 0.0)
(43.263496, 26.452782, 0.0)
(43.290695, 26.462530, 0.0)
(43.288143, 26.437927, 0.0)
(43.300507, 26.401787, 0.0)
(43.301426, 26.394592, 0.0)
(43.300797, 26.359234, 0.0)
(43.293224, 26.338993, 0.0)
(43.302055, 26.369364, 0.0)
(43.293976, 26.394573, 0.0)
(43.286503, 26.400408, 0.0)
(43.274925, 26.384373, 0.0)
(43.280342, 26.367096, 0.0)
(43.276169, 26.361694, 0.0)
(43.293327, 26.363077, 0.0)
(43.285336, 26.387581, 0.0)
(42.114857, 26.768845, 0.0)
(42.238152, 27.329594, 0.0)
(42.289364, 26.952009, 0.0)
(42.337208, 27.196012, 0.0)
(42.355560, 27.309134, 0.0)
(42.364349, 27.390306, 0.0)
(42.432213, 27.512266, 0.0)
(42.448357, 27.558952, 0.0)
(42.830833, 28.143589, 0.0)
(42.990368, 29.031843, 0.0)
(43.001640, 29.148565, 0.0)
(43.009861, 29.195475, 0.0)
(43.007278, 29.271461, 0.0)
(43.024677, 29.311003, 0.0)
(43.028732, 29.396696, 0.0)
(43.281189, 30.409082, 0.0)
(43.276741, 30.743296, 0.0)
(43.256474, 30.766075, 0.0)
(43.257057, 30.778280, 0.0)
(43.249298, 30.798138, 0.0)
(43.252747, 30.829191, 0.0)
(43.316620, 31.667261, 0.0)
(43.308083, 32.050056, 0.0)
(43.273468, 32.085640, 0.0)
(43.274414, 32.143177, 0.0)
(43.254753, 32.127090, 0.0)
(43.507465, 33.031544, 0.0)
(43.489422, 33.701019, 0.0)
(43.449413, 33.740189, 0.0)
(43.406769, 33.720047, 0.0)
(43.357288, 33.711887, 0.0)
(43.342365, 33.743275, 0.0)
(43.533623, 35.309540, 0.0)
(43.549461, 35.746780, 0.0)
(43.500481, 35.804848, 0.0)
(43.460972, 35.815193, 0.0)
(43.445587, 35.798618, 0.0)
(43.443508, 35.750206, 0.0)
(43.429268, 35.745979, 0.0)
(43.430504, 35.761391, 0.0)
(43.440056, 35.694408, 0.0)
(43.450737, 35.740856, 0.0)
(43.177814, 36.381859, 0.0)
(43.161369, 36.625000, 0.0)
(43.165592, 36.689358, 0.0)
(43.164825, 36.716076, 0.0)
(43.151936, 36.725388, 0.0)
(43.150845, 36.716003, 0.0)
(43.159767, 36.712669, 0.0)
(43.158588, 36.702007, 0.0)
(43.165119, 36.698299, 0.0)
(43.152985, 36.694660, 0.0)
(43.138374, 36.729984, 0.0)
(42.497612, 35.941429, 0.0)
(42.466190, 35.930538, 0.0)
(42.478226, 35.940819, 0.0)
(42.476753, 35.916378, 0.0)
(42.488987, 35.905228, 0.0)
(42.481182, 35.897095, 0.0)
(42.495193, 35.881073, 0.0)
(42.459057, 34.196495, 0.0)
(42.357147, 33.851494, 0.0)
(42.347000, 33.849670, 0.0)
(42.336338, 33.842552, 0.0)
(42.340225, 33.824780, 0.0)
(42.339603, 33.829674, 0.0)
(42.339100, 33.842278, 0.0)
(42.352116, 33.684338, 0.0)
(42.472610, 33.074883, 0.0)
(42.434090, 32.996895, 0.0)
(42.444534, 32.990517, 0.0)
(42.455631, 32.964439, 0.0)
(42.434612, 32.291206, 0.0)
(42.393047, 31.896673, 0.0)
(42.385422, 31.902876, 0.0)
(42.361031, 31.838461, 0.0)
(42.354519, 31.731995, 0.0)
(42.259171, 30.577103, 0.0)
(42.185135, 30.402081, 0.0)
(42.181648, 30.352608, 0.0)
(42.164562, 30.350056, 0.0)
(42.150867, 30.336563, 0.0)
(42.007622, 28.946701, 0.0)
(41.957062, 28.521238, 0.0)
(41.896576, 28.462679, 0.0)
(41.896584, 28.437910, 0.0)
(41.888569, 28.426497, 0.0)
(41.871510, 28.391649, 0.0)
(41.865902, 28.341278, 0.0)
(41.851051, 28.325975, 0.0)
(41.830204, 26.875481, 0.0)
(41.760727, 26.697416, 0.0)
(41.708817, 26.695673, 0.0)
(41.708424, 26.713043, 0.0)
(41.695290, 26.723169, 0.0)
(41.696594, 26.724352, 0.0)
(41.713844, 26.715559, 0.0)
(41.709057, 26.698462, 0.0)
(41.716423, 26.689075, 0.0)
(41.712940, 26.682659, 0.0)
(41.695503, 26.667019, 0.0)
(41.703407, 26.676924, 0.0)
(41.691521, 26.684465, 0.0)
(41.703407, 26.676924, 0.0)
(41.691521, 26.684465, 0.0)
(41.534061, 26.764919, 0.0)
(40.853424, 26.953346, 0.0)
(40.753731, 26.947344, 0.0)
(40.731911, 26.933098, 0.0)
(40.727211, 26.959663, 0.0)
(40.728512, 27.036707, 0.0)
(41.060406, 28.323765, 0.0)
(41.215912, 30.145464, 0.0)
(41.148975, 30.234261, 0.0)
(41.130287, 30.235525, 0.0)
(41.105118, 30.262920, 0.0)
(41.105637, 30.298502, 0.0)
(41.137192, 30.763447, 0.0)
(41.301060, 32.656883, 0.0)
(41.246151, 32.708225, 0.0)
(41.215382, 32.705265, 0.0)
(41.182793, 32.716148, 0.0)
(41.183609, 32.729126, 0.0)
(41.188255, 32.772999, 0.0)
(41.199295, 32.810032, 0.0)
(41.181362, 32.826893, 0.0)
(41.176662, 32.852619, 0.0)
(41.178394, 32.881817, 0.0)
(41.231258, 33.148514, 0.0)
(41.537422, 34.566536, 0.0)
(41.511948, 34.641048, 0.0)
(41.493656, 34.570908, 0.0)
(41.500320, 34.595009, 0.0)
(41.474632, 34.631329, 0.0)
(41.491444, 34.634621, 0.0)
(41.473537, 34.959980, 0.0)
(41.570084, 37.049183, 0.0)
(41.567535, 37.122215, 0.0)
(41.568596, 37.031887, 0.0)
(41.571655, 37.012997, 0.0)
(41.570789, 36.990730, 0.0)
(41.516869, 36.961754, 0.0)
(41.492310, 36.969707, 0.0)
(41.503296, 36.982277, 0.0)
(41.520084, 36.980671, 0.0)
(41.504513, 36.990906, 0.0)
(41.471188, 37.027760, 0.0)
(41.462112, 37.052410, 0.0)
(41.452095, 37.030495, 0.0)
(41.455242, 37.003658, 0.0)
(41.456417, 36.990879, 0.0)
(41.456299, 36.954124, 0.0)
(41.445847, 36.977474, 0.0)
(41.438248, 36.989708, 0.0)
(41.438457, 36.986195, 0.0)
(41.447636, 36.974846, 0.0)
(41.453209, 36.946472, 0.0)
(41.033264, 36.722347, 0.0)
(40.411743, 36.009365, 0.0)
(40.327133, 35.948612, 0.0)
(40.321201, 35.918758, 0.0)
(40.301208, 35.892532, 0.0)
(40.300285, 35.829407, 0.0)
(40.510063, 35.011875, 0.0)
(40.372841, 34.750076, 0.0)
(40.338707, 34.648052, 0.0)
(40.320698, 34.600731, 0.0)
(40.348072, 34.587513, 0.0)
(40.360649, 34.355877, 0.0)
(40.629078, 33.392452, 0.0)
(40.613815, 33.303303, 0.0)
(40.609932, 33.295441, 0.0)
(40.602123, 33.298527, 0.0)
(40.589176, 33.200001, 0.0)
(40.616108, 33.163261, 0.0)
(40.381908, 32.215744, 0.0)
(40.331215, 31.858030, 0.0)
(40.293224, 31.869318, 0.0)
(40.294884, 31.888342, 0.0)
(40.257179, 31.870926, 0.0)
(40.172298, 30.241243, 0.0)
(40.126587, 29.505198, 0.0)
(40.085915, 29.526909, 0.0)
(40.097378, 29.596128, 0.0)
(40.084061, 29.620846, 0.0)
(39.930244, 28.343504, 0.0)
(39.792603, 26.452482, 0.0)
(39.725769, 26.252594, 0.0)
(39.720531, 26.280010, 0.0)
(39.686863, 26.275433, 0.0)
(39.704979, 26.298151, 0.0)
(39.698101, 26.289230, 0.0)
(39.725761, 26.289320, 0.0)
(39.727566, 26.310343, 0.0)
(39.712120, 26.306684, 0.0)
(39.371304, 26.877190, 0.0)
(39.083370, 26.434628, 0.0)
(38.963665, 25.756163, 0.0)
(38.955303, 25.817652, 0.0)
(39.015968, 25.872751, 0.0)
(39.059731, 25.912222, 0.0)
(39.065655, 25.920322, 0.0)
(39.074741, 25.926422, 0.0)
(39.083233, 25.915268, 0.0)
(39.082260, 25.930836, 0.0)
(39.098660, 25.941069, 0.0)
(39.098019, 25.957472, 0.0)
(39.085938, 25.990051, 0.0)
(39.089340, 26.025911, 0.0)
(39.067455, 26.051373, 0.0)
(38.492023, 27.117268, 0.0)
(38.421867, 27.234419, 0.0)
(38.381504, 27.236662, 0.0)
(38.316422, 27.263550, 0.0)
(38.318348, 27.307465, 0.0)
(38.364304, 27.375462, 0.0)
(38.371353, 27.421638, 0.0)
(38.603065, 27.750298, 0.0)
(39.048294, 28.666004, 0.0)
(39.052391, 28.743834, 0.0)
(39.023178, 28.732866, 0.0)
(39.057220, 28.803816, 0.0)
(39.084747, 28.852072, 0.0)
(39.013191, 28.908821, 0.0)
(39.108074, 29.197203, 0.0)
(39.442211, 30.737751, 0.0)
(39.449589, 30.870743, 0.0)
(39.413326, 30.889679, 0.0)
(39.366337, 30.937515, 0.0)
(39.394333, 30.946341, 0.0)
(39.357670, 30.951317, 0.0)
(39.319523, 30.930769, 0.0)
(39.320351, 30.945177, 0.0)
(39.464748, 31.883335, 0.0)
(39.377972, 32.493591, 0.0)
(39.376743, 32.489487, 0.0)
(39.374767, 32.486839, 0.0)
(39.327271, 32.519745, 0.0)
(39.356419, 32.502468, 0.0)
(39.362125, 32.551826, 0.0)
(39.628971, 33.752762, 0.0)
(39.621391, 33.843864, 0.0)
(39.605560, 33.830463, 0.0)
(39.561905, 33.804111, 0.0)
(39.560509, 33.835594, 0.0)
(39.563812, 33.852562, 0.0)
(39.522243, 33.971951, 0.0)
(39.779007, 34.702187, 0.0)
(39.761982, 35.104759, 0.0)
(39.760086, 35.090820, 0.0)
(39.753109, 34.975349, 0.0)
(39.746078, 34.913239, 0.0)
(39.728630, 35.438137, 0.0)
(39.844330, 36.802170, 0.0)
(39.801998, 36.885338, 0.0)
(39.754360, 36.925476, 0.0)
(39.757545, 36.909477, 0.0)
(39.756134, 36.892433, 0.0)
(39.743572, 36.852322, 0.0)
(39.741585, 36.828300, 0.0)
(39.731052, 36.840370, 0.0)
(39.743752, 36.829922, 0.0)
(39.745846, 36.850132, 0.0)
(39.689716, 36.852928, 0.0)
(39.057140, 36.774319, 0.0)
(38.407700, 36.528381, 0.0)
(38.311569, 36.492004, 0.0)
(38.289696, 36.442806, 0.0)
(38.281181, 36.448948, 0.0)
(38.290573, 36.415699, 0.0)
(38.441143, 34.988354, 0.0)
(38.339935, 34.435265, 0.0)
(38.290058, 34.438782, 0.0)
(38.298443, 34.424183, 0.0)
(38.290882, 34.404755, 0.0)
(38.257912, 34.396965, 0.0)
(38.288815, 34.300312, 0.0)
(38.291336, 32.648186, 0.0)
(38.294083, 32.602310, 0.0)
(38.266247, 32.674107, 0.0)
(38.226147, 32.652107, 0.0)
(38.145382, 32.727348, 0.0)
(38.155449, 31.403297, 0.0)
(38.002300, 29.026854, 0.0)
(37.941357, 28.208210, 0.0)
(37.920288, 28.256006, 0.0)
(37.920055, 28.348827, 0.0)
(37.894646, 28.339872, 0.0)
(38.029179, 27.009523, 0.0)
(37.806900, 26.046650, 0.0)
(37.785637, 25.977600, 0.0)
(37.757267, 25.995619, 0.0)
(37.763569, 25.966835, 0.0)
(37.757313, 25.928665, 0.0)
(37.758579, 25.910833, 0.0)
(37.762806, 25.895668, 0.0)
(37.734829, 25.892399, 0.0)
(37.105640, 26.271109, 0.0)
(36.776779, 25.892763, 0.0)
(36.818405, 25.962164, 0.0)
(36.918362, 26.051033, 0.0)
(36.927811, 26.051865, 0.0)
(36.911968, 26.096342, 0.0)
(37.165489, 27.138006, 0.0)
(37.180771, 26.788692, 0.0)
(36.913483, 25.844641, 0.0)
(36.893795, 25.975372, 0.0)
(36.928871, 26.076586, 0.0)
(36.943207, 26.124054, 0.0)
(36.970505, 26.145714, 0.0)
(36.978260, 26.140574, 0.0)
(36.981499, 26.128094, 0.0)
(36.990986, 26.114773, 0.0)
(37.003201, 26.128633, 0.0)
(36.987381, 26.140198, 0.0)
(36.973389, 26.156834, 0.0)
(36.970783, 26.167641, 0.0)
(36.447102, 26.698732, 0.0)
(36.384029, 26.996286, 0.0)
(36.359367, 27.008228, 0.0)
(36.351498, 27.014666, 0.0)
(36.353081, 27.032167, 0.0)
(36.342537, 27.073597, 0.0)
(36.975979, 28.977589, 0.0)
(36.849800, 29.410610, 0.0)
(36.787212, 29.427774, 0.0)
(36.772804, 29.447989, 0.0)
(36.751312, 29.490274, 0.0)
(36.717205, 29.511681, 0.0)
(36.697689, 29.535000, 0.0)
(37.046059, 31.168430, 0.0)
(37.012802, 31.425135, 0.0)
(37.012314, 31.434305, 0.0)
(36.949600, 31.432156, 0.0)
(36.938671, 31.471472, 0.0)
(36.929836, 31.435444, 0.0)
(36.909248, 31.473515, 0.0)
(36.914562, 31.472836, 0.0)
(37.284218, 33.379227, 0.0)
(37.195934, 33.496807, 0.0)
(37.160946, 33.490074, 0.0)
(37.122665, 33.522594, 0.0)
(37.090111, 33.490849, 0.0)
(37.073627, 33.504272, 0.0)
(37.060410, 33.478733, 0.0)
(37.072727, 33.508472, 0.0)
(37.228844, 34.180786, 0.0)
(37.757328, 35.597675, 0.0)
(37.735153, 35.733147, 0.0)
(37.683678, 35.693684, 0.0)
(37.654255, 35.662445, 0.0)
(37.649956, 35.625484, 0.0)
(37.636486, 35.638695, 0.0)
(37.636459, 35.673237, 0.0)
(37.656620, 35.701405, 0.0)
(37.663872, 35.719795, 0.0)
(37.678108, 35.756145, 0.0)
(37.672012, 35.775185, 0.0)
(37.689075, 35.881027, 0.0)
(37.689976, 35.929165, 0.0)
(37.676426, 35.972195, 0.0)
(37.655571, 36.062153, 0.0)
(37.644814, 36.097866, 0.0)
(37.639988, 36.139095, 0.0)
(37.651272, 36.166843, 0.0)
(37.630013, 36.161930, 0.0)
(37.630337, 36.245663, 0.0)
(37.602009, 36.290287, 0.0)
(36.747528, 36.596588, 0.0)
(36.346165, 36.580711, 0.0)
(36.319786, 36.579723, 0.0)
(36.275665, 36.561882, 0.0)
(36.256977, 36.541538, 0.0)
(36.235363, 36.525444, 0.0)
(36.195522, 36.523678, 0.0)
(36.161945, 36.498619, 0.0)
(36.187195, 36.460217, 0.0)
(36.125885, 35.562656, 0.0)
(35.865696, 34.633530, 0.0)
(35.725494, 34.467400, 0.0)
(35.704590, 34.400120, 0.0)
(35.718277, 34.344196, 0.0)
(35.704685, 34.289303, 0.0)
(35.684010, 33.031281, 0.0)
(35.564178, 30.975235, 0.0)
(35.375622, 30.542664, 0.0)
(35.362907, 30.599916, 0.0)
(35.322235, 30.598074, 0.0)
(35.208176, 29.383127, 0.0)
(35.040520, 27.211941, 0.0)
(35.021118, 26.930653, 0.0)
(35.027485, 26.962637, 0.0)
(35.040432, 27.001406, 0.0)
(35.028934, 26.994539, 0.0)
(35.034962, 26.959822, 0.0)
(35.034897, 26.950691, 0.0)
(35.074070, 26.974239, 0.0)
(35.041935, 26.921398, 0.0)
(35.037994, 26.906216, 0.0)
(35.044952, 26.892307, 0.0)
(35.039322, 26.907518, 0.0)
(35.023216, 26.896141, 0.0)
(34.995850, 26.908415, 0.0)
(34.994785, 26.916279, 0.0)
(34.986546, 26.913099, 0.0)
(34.975346, 26.880421, 0.0)
(34.979561, 26.859953, 0.0)
(34.979561, 26.859953, 0.0)
(34.977684, 26.854919, 0.0)
(34.980019, 26.871027, 0.0)
(34.965809, 26.891682, 0.0)
(34.951496, 26.887985, 0.0)
(34.948112, 26.891588, 0.0)
(34.946041, 26.904655, 0.0)
(34.959229, 26.882395, 0.0)
(34.972923, 26.859919, 0.0)
(34.936455, 26.866812, 0.0)
(34.936340, 26.883045, 0.0)
(34.926605, 26.904493, 0.0)
(34.913296, 26.935507, 0.0)
(34.898800, 26.954050, 0.0)
(34.896347, 26.951193, 0.0)
(34.486935, 27.245008, 0.0)
(34.160500, 27.538061, 0.0)
(34.132854, 27.558477, 0.0)
(34.126427, 27.561329, 0.0)
(34.144161, 27.605654, 0.0)
(34.135853, 27.644659, 0.0)
(34.814140, 28.785116, 0.0)
(34.835552, 29.426678, 0.0)
(34.729622, 29.495520, 0.0)
(34.709484, 29.508072, 0.0)
(34.702698, 29.514074, 0.0)
(34.674351, 29.540749, 0.0)
(34.676708, 29.567444, 0.0)
(34.649761, 29.631187, 0.0)
(34.648109, 29.697521, 0.0)
(34.704571, 30.887526, 0.0)
(34.644508, 31.008741, 0.0)
(34.624050, 31.008144, 0.0)
(34.594475, 31.073847, 0.0)
(34.612179, 31.122086, 0.0)
(34.613544, 31.157448, 0.0)
(34.613487, 31.192820, 0.0)
(34.900883, 31.745287, 0.0)
(35.107414, 32.455620, 0.0)
(35.100971, 32.493649, 0.0)
(35.089195, 32.539917, 0.0)
(35.094086, 32.553341, 0.0)
(35.066811, 32.588703, 0.0)
(35.063408, 32.618618, 0.0)
(34.971001, 33.647152, 0.0)
(34.864845, 33.741375, 0.0)
(34.778683, 33.803532, 0.0)
(34.701389, 33.853931, 0.0)
(34.646717, 33.843849, 0.0)
(34.621033, 33.997444, 0.0)
(35.093956, 35.236584, 0.0)
(35.036491, 35.326778, 0.0)
(34.919506, 35.368999, 0.0)
(34.815544, 35.365437, 0.0)
(34.720295, 35.367615, 0.0)
(35.065079, 36.654438, 0.0)
(35.267075, 37.709934, 0.0)
(35.231380, 37.850349, 0.0)
(35.166786, 37.820251, 0.0)
(35.117466, 37.833603, 0.0)
(34.980438, 37.785664, 0.0)
(34.879230, 37.776878, 0.0)
(34.737133, 37.733490, 0.0)
(34.654686, 37.702080, 0.0)
(34.568996, 37.620132, 0.0)
(34.479919, 37.602879, 0.0)
(34.388020, 37.577621, 0.0)
(34.332329, 37.576862, 0.0)
(34.280464, 37.567364, 0.0)
(33.191814, 37.561649, 0.0)
(33.032719, 37.463036, 0.0)
(32.963440, 37.394241, 0.0)
(32.881443, 37.294918, 0.0)
(32.781467, 37.276089, 0.0)
(32.722588, 37.191929, 0.0)
(32.918865, 35.797527, 0.0)
(32.810440, 35.675495, 0.0)
(32.771893, 35.697834, 0.0)
(32.726147, 35.622772, 0.0)
(32.676994, 35.564308, 0.0)
(32.660004, 35.531860, 0.0)
(32.620197, 35.378807, 0.0)
(32.334278, 34.252087, 0.0)
(32.262676, 34.192547, 0.0)
(32.210075, 34.204353, 0.0)
(32.191647, 34.197620, 0.0)
(32.187840, 34.196938, 0.0)
(32.178726, 34.175106, 0.0)
(32.253910, 33.681084, 0.0)
(32.410553, 32.401657, 0.0)
(32.646603, 32.308044, 0.0)
(32.713913, 32.286003, 0.0)
(32.731564, 32.024292, 0.0)
(32.795345, 30.644442, 0.0)
(32.817097, 30.417313, 0.0)
(32.848824, 30.413591, 0.0)
(32.861004, 30.391998, 0.0)
(32.871265, 30.391182, 0.0)
(32.887627, 30.365477, 0.0)
(33.424519, 29.483717, 0.0)
(33.462982, 29.362173, 0.0)
(33.462982, 29.362173, 0.0)
(33.473625, 29.372450, 0.0)
(33.500526, 29.381369, 0.0)
(33.498989, 29.352274, 0.0)
(33.494415, 29.323660, 0.0)
(33.452606, 29.034105, 0.0)
(33.410839, 27.831518, 0.0)
(33.376514, 27.740765, 0.0)
(33.367268, 27.755684, 0.0)
(33.355648, 27.747749, 0.0)
(33.348747, 27.747786, 0.0)
(33.341305, 27.744118, 0.0)
(33.316181, 27.746140, 0.0)
(33.319744, 27.766533, 0.0)
(33.294079, 27.790052, 0.0)
(33.314491, 27.798538, 0.0)
(33.314880, 27.813509, 0.0)
(33.308838, 27.821924, 0.0)
(33.311356, 27.833202, 0.0)
(33.298275, 27.831579, 0.0)
(33.283432, 27.826385, 0.0)
(33.278816, 27.836199, 0.0)
(32.637833, 28.135250, 0.0)
(32.468185, 28.210764, 0.0)
(32.465290, 28.206362, 0.0)
(32.496380, 28.243149, 0.0)
(32.488190, 28.288792, 0.0)
(32.503750, 28.285433, 0.0)
(32.724316, 29.081900, 0.0)
(32.794678, 29.735062, 0.0)
(32.776642, 29.805918, 0.0)
(32.758205, 29.839273, 0.0)
(32.745564, 29.893177, 0.0)
(32.723633, 29.940723, 0.0)
(32.738422, 29.956495, 0.0)
(32.683254, 30.733255, 0.0)
(32.708256, 31.199154, 0.0)
(32.705662, 31.234440, 0.0)
(32.706100, 31.244305, 0.0)
(32.687672, 31.314760, 0.0)
(32.692745, 31.422585, 0.0)
(32.682320, 31.447788, 0.0)
(33.139423, 32.329494, 0.0)
(33.150070, 32.831841, 0.0)
(33.085114, 32.865948, 0.0)
(33.039154, 32.867481, 0.0)
(32.990597, 32.869522, 0.0)
(32.923374, 32.884842, 0.0)
(32.844948, 32.904533, 0.0)
(32.808693, 33.023670, 0.0)
(33.199421, 34.625641, 0.0)
(33.075748, 34.729275, 0.0)
(33.012238, 34.701374, 0.0)
(32.945225, 34.674664, 0.0)
(32.858582, 34.597984, 0.0)
(33.587532, 35.886772, 0.0)
(33.667355, 36.958195, 0.0)
(33.550892, 36.987869, 0.0)
(33.452637, 36.939716, 0.0)
(33.366562, 36.908905, 0.0)
(33.229183, 37.190689, 0.0)
(33.115406, 37.535938, 0.0)
(33.019421, 37.451508, 0.0)
(32.932117, 37.411690, 0.0)
(32.842060, 37.411461, 0.0)
(32.791801, 37.446156, 0.0)
(32.744698, 37.452976, 0.0)
(32.680229, 37.471893, 0.0)
(32.649605, 37.484955, 0.0)
(32.563492, 37.470798, 0.0)
(32.558296, 37.461239, 0.0)
(32.492001, 37.387012, 0.0)
(32.444427, 37.313232, 0.0)
(32.380882, 37.257969, 0.0)
(32.359329, 37.273895, 0.0)
(31.264277, 36.779926, 0.0)
(31.010662, 36.629894, 0.0)
(30.964661, 36.575859, 0.0)
(30.927994, 36.508877, 0.0)
(30.920444, 36.482723, 0.0)
(30.932650, 36.444691, 0.0)
(30.917021, 36.416985, 0.0)
(30.906532, 36.391140, 0.0)
(30.896465, 36.374950, 0.0)
(30.899170, 36.339436, 0.0)
(30.900007, 36.355309, 0.0)
(30.892891, 36.348438, 0.0)
(30.889755, 36.346676, 0.0)
(30.896032, 36.347511, 0.0)
(30.914864, 36.324955, 0.0)
(31.126629, 34.988934, 0.0)
(31.179083, 33.323078, 0.0)
(31.173096, 33.367111, 0.0)
(31.178658, 33.394386, 0.0)
(31.178524, 33.385113, 0.0)
(31.143669, 33.436523, 0.0)
(31.120350, 33.440014, 0.0)
(31.101601, 33.442009, 0.0)
(31.462851, 31.391560, 0.0)
(31.552607, 31.184237, 0.0)
(31.517803, 31.182007, 0.0)
(31.505003, 31.164888, 0.0)
(31.489599, 31.164858, 0.0)
(31.502468, 31.150723, 0.0)
(32.040783, 30.629356, 0.0)
(32.077435, 30.589945, 0.0)
(32.045074, 30.560770, 0.0)
(32.060524, 30.533428, 0.0)
(32.057636, 30.521151, 0.0)
(32.011837, 30.476143, 0.0)
(31.799011, 29.072626, 0.0)
(31.762144, 29.012835, 0.0)
(31.726723, 29.062841, 0.0)
(31.699989, 29.045088, 0.0)
(31.676979, 29.042183, 0.0)
(31.510122, 28.591686, 0.0)
(31.436707, 27.573214, 0.0)
(31.410799, 27.530006, 0.0)
(31.399147, 27.535444, 0.0)
(31.372507, 27.538666, 0.0)
(31.347750, 27.517584, 0.0)
(31.322515, 27.520508, 0.0)
(31.319845, 27.532478, 0.0)
(31.321880, 27.537125, 0.0)
(31.322309, 27.542643, 0.0)
(31.326937, 27.545603, 0.0)
(30.742262, 28.103069, 0.0)
(30.693825, 28.145464, 0.0)
(30.666788, 28.127266, 0.0)
(30.673502, 28.165480, 0.0)
(30.684137, 28.174103, 0.0)
(30.970610, 28.742361, 0.0)
(31.058075, 29.334435, 0.0)
(31.030067, 29.387047, 0.0)
(31.016079, 29.387459, 0.0)
(31.025719, 29.452913, 0.0)
(31.026138, 29.499887, 0.0)
(31.154816, 30.593884, 0.0)
(31.138062, 30.783964, 0.0)
(31.097630, 30.863276, 0.0)
(31.073048, 30.926825, 0.0)
(31.056725, 31.013342, 0.0)
(31.045832, 31.044977, 0.0)
(31.047050, 31.069975, 0.0)
(31.062178, 31.257957, 0.0)
(31.182196, 32.137104, 0.0)
(31.166344, 32.248642, 0.0)
(31.162947, 32.281052, 0.0)
(31.164587, 32.299435, 0.0)
(31.173098, 32.357311, 0.0)
(31.179161, 32.385498, 0.0)
(31.184885, 32.443016, 0.0)
(31.228287, 32.541416, 0.0)
(31.576385, 33.499302, 0.0)
(31.549717, 33.619892, 0.0)
(31.542782, 33.629421, 0.0)
(31.517084, 33.664234, 0.0)
(31.494291, 33.713680, 0.0)
(31.526411, 33.694885, 0.0)
(31.660656, 34.639420, 0.0)
(31.770130, 35.282467, 0.0)
(31.766674, 35.345257, 0.0)
(31.720226, 35.344669, 0.0)
(31.702709, 35.372185, 0.0)
(31.680130, 35.389561, 0.0)
(31.677261, 35.397465, 0.0)
(31.642508, 35.896450, 0.0)
(31.834333, 36.920689, 0.0)
(31.850130, 37.099472, 0.0)
(31.762768, 36.927406, 0.0)
(31.766172, 36.953739, 0.0)
(31.758181, 36.961750, 0.0)
(31.760277, 36.981030, 0.0)
(31.791067, 36.896225, 0.0)
(31.780085, 36.905533, 0.0)
(31.775793, 36.900700, 0.0)
(30.813238, 37.296665, 0.0)
(30.791388, 37.333965, 0.0)
(30.806114, 37.417046, 0.0)
(30.800081, 37.412617, 0.0)
(30.787941, 37.365711, 0.0)
(30.784655, 37.350445, 0.0)
(30.782953, 37.347240, 0.0)
(30.793465, 37.337830, 0.0)
(30.874220, 37.109558, 0.0)
(30.896732, 37.119766, 0.0)
(30.893927, 37.138977, 0.0)
(30.897297, 37.165974, 0.0)
(30.891096, 37.194092, 0.0)
(30.879501, 37.130730, 0.0)
(30.875689, 37.123730, 0.0)
(30.891365, 37.129898, 0.0)
(30.893074, 37.137699, 0.0)
(30.871115, 37.145493, 0.0)
(30.892155, 37.179447, 0.0)
(30.891676, 37.185219, 0.0)
(30.905334, 37.170574, 0.0)
(30.822245, 36.844059, 0.0)
(30.888269, 34.499870, 0.0)
(31.003542, 33.696941, 0.0)
(30.943907, 33.717804, 0.0)
(30.884733, 33.756313, 0.0)
(30.854185, 33.812160, 0.0)
(30.829185, 33.821938, 0.0)
(30.607836, 32.985317, 0.0)
(30.595291, 32.847267, 0.0)
(30.589088, 32.835487, 0.0)
(30.565231, 32.797245, 0.0)
(30.547674, 32.776443, 0.0)
(30.463947, 32.137440, 0.0)
(30.405554, 31.655531, 0.0)
(30.331062, 31.685326, 0.0)
(30.325216, 31.702982, 0.0)
(30.325731, 31.697529, 0.0)
(30.315523, 31.268667, 0.0)
(30.219164, 29.525253, 0.0)
(30.130547, 29.178326, 0.0)
(30.081001, 29.163879, 0.0)
(30.002499, 29.182219, 0.0)
(29.976938, 29.201620, 0.0)
(29.957083, 29.187777, 0.0)
(29.943520, 29.195894, 0.0)
(29.578529, 28.433514, 0.0)
(29.482975, 28.346771, 0.0)
(29.442604, 28.388832, 0.0)
(29.406954, 28.354076, 0.0)
(29.407984, 28.359684, 0.0)
(29.386938, 28.369690, 0.0)
(29.368176, 28.414515, 0.0)
(28.885532, 28.304548, 0.0)
(29.146009, 28.435936, 0.0)
(29.244961, 28.522192, 0.0)
(29.239880, 28.551971, 0.0)
(29.223711, 28.575390, 0.0)
(29.248295, 28.558916, 0.0)
(29.279715, 28.634363, 0.0)
(29.559534, 30.223690, 0.0)
(29.539820, 30.399145, 0.0)
(29.484968, 30.443012, 0.0)
(29.401596, 30.604694, 0.0)
(29.439716, 32.183830, 0.0)
(29.393160, 31.635397, 0.0)
(29.378145, 31.860184, 0.0)
(29.410404, 31.934652, 0.0)
(29.423637, 31.952770, 0.0)
(29.438309, 31.955976, 0.0)
(29.453375, 31.979929, 0.0)
(29.881842, 32.896099, 0.0)
(30.303831, 34.445427, 0.0)
(30.260496, 34.540375, 0.0)
(30.224379, 34.559799, 0.0)
(30.215454, 34.561268, 0.0)
(30.170591, 34.577610, 0.0)
(30.202202, 34.602390, 0.0)
(30.229309, 34.604225, 0.0)
(30.527267, 36.377926, 0.0)
(30.675940, 37.032398, 0.0)
(30.614941, 36.950233, 0.0)
(30.596474, 36.958988, 0.0)
(30.573603, 36.928997, 0.0)
(30.567907, 36.904354, 0.0)
(30.571512, 36.871811, 0.0)
(30.548843, 36.822544, 0.0)
(30.560701, 36.837502, 0.0)
(30.551788, 36.833595, 0.0)
(30.552223, 36.811684, 0.0)
(30.582125, 36.809273, 0.0)
(30.601545, 36.779308, 0.0)
(30.614746, 36.755573, 0.0)
(30.604511, 36.715294, 0.0)
(30.630684, 36.706848, 0.0)
(30.655428, 36.713081, 0.0)
(30.646170, 36.729588, 0.0)
(30.652447, 36.830441, 0.0)
(30.954426, 37.816429, 0.0)
(30.977232, 37.900181, 0.0)
(30.951468, 37.811321, 0.0)
(30.956652, 37.769535, 0.0)
(30.931705, 37.745014, 0.0)
(30.948807, 37.724689, 0.0)
(30.974617, 37.758423, 0.0)
(30.967802, 37.796310, 0.0)
(30.987879, 37.818787, 0.0)
(30.970095, 37.821346, 0.0)
(30.982761, 37.822914, 0.0)
(31.001734, 37.803688, 0.0)
(31.008423, 37.803055, 0.0)
(31.012045, 37.788868, 0.0)
(31.002277, 37.789173, 0.0)
(31.003986, 37.805519, 0.0)
(31.014183, 37.797951, 0.0)
(31.009922, 37.776524, 0.0)
(31.006699, 37.777771, 0.0)
(31.009293, 37.767590, 0.0)
(31.029112, 37.733379, 0.0)
(31.018730, 37.745544, 0.0)
(31.031374, 37.734627, 0.0)
(31.026434, 37.768829, 0.0)
(31.021458, 37.768150, 0.0)
(31.033478, 37.763474, 0.0)
(31.034842, 37.750740, 0.0)
(31.042503, 37.745010, 0.0)
(31.036339, 37.708878, 0.0)
(31.038841, 37.702946, 0.0)
(31.032425, 37.697899, 0.0)
(31.031673, 37.688148, 0.0)
(31.017273, 37.681591, 0.0)
