(36.624546, 33.365620, 0.0)
(36.286545, 31.676657, 0.0)
(36.127701, 31.004189, 0.0)
(36.150311, 30.791391, 0.0)
(36.170265, 30.767700, 0.0)
(36.226940, 30.786903, 0.0)
(36.296486, 30.837692, 0.0)
(36.275398, 30.935705, 0.0)
(36.302296, 31.127554, 0.0)
(36.335155, 31.294306, 0.0)
(36.391182, 31.212767, 0.0)
(36.462269, 31.185747, 0.0)
(36.432560, 31.196724, 0.0)
(36.444469, 31.156467, 0.0)
(36.475948, 31.197111, 0.0)
(36.482368, 31.204231, 0.0)
(36.506306, 31.159153, 0.0)
(36.508209, 31.187647, 0.0)
(36.458633, 31.171528, 0.0)
(36.460815, 31.137030, 0.0)
(36.464596, 31.185137, 0.0)
(36.479862, 31.227238, 0.0)
(36.500328, 31.231848, 0.0)
(36.507656, 31.201414, 0.0)
(36.450356, 31.251398, 0.0)
(36.465977, 31.231918, 0.0)
(36.519920, 31.134384, 0.0)
(36.513527, 31.193987, 0.0)
(36.507614, 31.153017, 0.0)
(36.544590, 31.191097, 0.0)
(36.545006, 31.182934, 0.0)
(36.522182, 31.194382, 0.0)
(36.527370, 31.212410, 0.0)
(36.539906, 31.251123, 0.0)
(36.568226, 31.245129, 0.0)
(36.588615, 31.199570, 0.0)
(36.561840, 31.211733, 0.0)
(36.573864, 31.201694, 0.0)
(36.544220, 31.221844, 0.0)
(36.509548, 31.304049, 0.0)
(36.506733, 31.255020, 0.0)
(36.571590, 31.141977, 0.0)
(36.583103, 31.154858, 0.0)
(36.510391, 31.174992, 0.0)
(36.495808, 31.177443, 0.0)
(36.537910, 31.165985, 0.0)
(36.530575, 31.162580, 0.0)
(36.504055, 31.180048, 0.0)
(36.465652, 31.195641, 0.0)
(36.466675, 31.229424, 0.0)
(36.475708, 31.225607, 0.0)
(36.474609, 31.215094, 0.0)
(36.489998, 31.263140, 0.0)
(36.496914, 31.222845, 0.0)
(36.477612, 31.215755, 0.0)
(36.470016, 31.251789, 0.0)
(36.433540, 31.280916, 0.0)
(36.512306, 31.211470, 0.0)
(36.518581, 31.172508, 0.0)
(36.447857, 31.153214, 0.0)
(36.429111, 31.187672, 0.0)
(36.462612, 31.153749, 0.0)
(36.480957, 31.171041, 0.0)
(36.481258, 31.115738, 0.0)
(36.458294, 31.052120, 0.0)
(36.473923, 31.075151, 0.0)
(36.396717, 31.086229, 0.0)
(36.420898, 31.067257, 0.0)
(36.474911, 31.115599, 0.0)
(36.447495, 31.148767, 0.0)
(36.503078, 31.102125, 0.0)
(36.475533, 31.134058, 0.0)
(36.457119, 31.157150, 0.0)
(36.484196, 31.067680, 0.0)
(36.503838, 31.011190, 0.0)
(36.516323, 31.065559, 0.0)
(36.437103, 31.069643, 0.0)
(36.425972, 31.093584, 0.0)
(36.472992, 31.135860, 0.0)
(36.423439, 31.099457, 0.0)
(36.459023, 31.083483, 0.0)
(36.428078, 31.105030, 0.0)
(36.396938, 31.100506, 0.0)
(36.393372, 31.135651, 0.0)
(36.392166, 31.183786, 0.0)
(36.510277, 31.163076, 0.0)
(36.609940, 31.127815, 0.0)
(36.616581, 31.193871, 0.0)
(36.571766, 31.176292, 0.0)
(36.569977, 31.122128, 0.0)
(36.625877, 31.137806, 0.0)
(36.587673, 31.137487, 0.0)
(36.552204, 31.121454, 0.0)
(36.577553, 31.183857, 0.0)
(36.406040, 31.280672, 0.0)
(36.375870, 31.316095, 0.0)
(36.443649, 31.295097, 0.0)
(36.426853, 31.285671, 0.0)
(36.403973, 31.309042, 0.0)
(36.396740, 31.326527, 0.0)
(36.382484, 31.319618, 0.0)
(36.429237, 31.349918, 0.0)
(36.430172, 31.346310, 0.0)
(36.373001, 31.321383, 0.0)
(36.389858, 31.323641, 0.0)
(36.450951, 31.217772, 0.0)
(36.442566, 31.235687, 0.0)
(36.368462, 31.299025, 0.0)
(36.337566, 31.260109, 0.0)
(36.395641, 31.312780, 0.0)
(36.360493, 31.281946, 0.0)
(36.391621, 31.215786, 0.0)
(36.354244, 31.267183, 0.0)
(36.307468, 31.275118, 0.0)
(36.326172, 31.277264, 0.0)
(36.550407, 31.291294, 0.0)
(36.569206, 31.260611, 0.0)
(36.580612, 31.278030, 0.0)
(36.526844, 31.293140, 0.0)
(36.496735, 31.244350, 0.0)
(36.576195, 31.158821, 0.0)
(36.587147, 31.115902, 0.0)
(36.540668, 31.151035, 0.0)
(36.328346, 31.184814, 0.0)
(36.403336, 31.169367, 0.0)
(36.438595, 31.194290, 0.0)
(36.438591, 31.153637, 0.0)
(36.401070, 31.212275, 0.0)
(36.394829, 31.201702, 0.0)
(36.384563, 31.146057, 0.0)
(36.412952, 31.211134, 0.0)
(36.407967, 31.210060, 0.0)
(36.416214, 31.219042, 0.0)
(36.404121, 31.234224, 0.0)
(36.388393, 31.227255, 0.0)
(36.388916, 31.184250, 0.0)
(36.452408, 31.101913, 0.0)
(36.389362, 31.098984, 0.0)
(36.377689, 31.124235, 0.0)
(36.432919, 31.110603, 0.0)
(36.348125, 31.164024, 0.0)
(36.423546, 31.190901, 0.0)
(36.415241, 31.253151, 0.0)
(36.351830, 31.259741, 0.0)
(36.376270, 31.277332, 0.0)
(36.387119, 31.247414, 0.0)
(36.359386, 31.240122, 0.0)
(36.368103, 31.247377, 0.0)
(36.384174, 31.239704, 0.0)
(36.340370, 31.255283, 0.0)
(36.372948, 31.242908, 0.0)
(36.443001, 31.198996, 0.0)
(36.435913, 31.169004, 0.0)
(36.389164, 31.138157, 0.0)
(36.438728, 31.116987, 0.0)
(36.456543, 31.112984, 0.0)
(36.462254, 31.030424, 0.0)
(36.513687, 30.975456, 0.0)
(36.499889, 31.023493, 0.0)
(36.461407, 31.057814, 0.0)
(36.438847, 31.124752, 0.0)
(36.484512, 31.166853, 0.0)
(36.438145, 31.117561, 0.0)
(36.431000, 31.136671, 0.0)
(36.345562, 31.168373, 0.0)
(36.347130, 31.090593, 0.0)
(36.428154, 31.070585, 0.0)
(36.417095, 31.106609, 0.0)
(36.346622, 31.123524, 0.0)
(36.352589, 31.150019, 0.0)
(36.377785, 31.170670, 0.0)
(36.398037, 31.117844, 0.0)
(36.409607, 31.105797, 0.0)
(36.388798, 31.138371, 0.0)
(36.366463, 31.150080, 0.0)
(36.374973, 31.159277, 0.0)
(36.385483, 31.159550, 0.0)
(36.372818, 31.186214, 0.0)
(36.369587, 31.190695, 0.0)
(36.315594, 31.154961, 0.0)
(36.302753, 31.091057, 0.0)
(36.373356, 31.055544, 0.0)
(36.347656, 31.069952, 0.0)
(36.284492, 31.046154, 0.0)
(36.270916, 31.083715, 0.0)
(36.285267, 31.111649, 0.0)
(36.278492, 31.093323, 0.0)
(36.259159, 31.083904, 0.0)
(36.257690, 31.068190, 0.0)
(36.235802, 31.089848, 0.0)
(36.212799, 31.088041, 0.0)
(36.217503, 31.118193, 0.0)
(36.224731, 31.162893, 0.0)
(36.191158, 31.160011, 0.0)
(36.162811, 31.169964, 0.0)
(36.179031, 31.094219, 0.0)
(36.193562, 31.047146, 0.0)
(36.158825, 31.064001, 0.0)
(36.181301, 31.098879, 0.0)
(36.203831, 31.132111, 0.0)
(36.198959, 31.150011, 0.0)
(36.191620, 31.168932, 0.0)
(36.181026, 31.151997, 0.0)
(36.165871, 31.155642, 0.0)
(36.167770, 31.161812, 0.0)
(36.169807, 31.162235, 0.0)
(36.177528, 31.154144, 0.0)
(36.187733, 31.170807, 0.0)
(36.144386, 31.166756, 0.0)
(36.063107, 31.134792, 0.0)
(36.139473, 31.115208, 0.0)
(36.186203, 31.050905, 0.0)
(36.241600, 31.047474, 0.0)
(38.702839, 28.760487, 0.0)
(41.129349, 26.981028, 0.0)
(42.680664, 26.792261, 0.0)
(42.763214, 26.868065, 0.0)
(42.757744, 26.904390, 0.0)
(42.770248, 26.913322, 0.0)
(43.196712, 26.716240, 0.0)
(43.299877, 26.751770, 0.0)
(43.245213, 26.771109, 0.0)
(43.266232, 26.773964, 0.0)
(43.306610, 26.811087, 0.0)
(43.251019, 26.770744, 0.0)
(43.306793, 26.755484, 0.0)
(43.358131, 26.744446, 0.0)
(43.294472, 26.766962, 0.0)
(43.339119, 26.751188, 0.0)
(43.352417, 26.787380, 0.0)
(43.296761, 26.795050, 0.0)
(43.300434, 26.798395, 0.0)
(43.288593, 26.841185, 0.0)
(43.271626, 26.837162, 0.0)
(43.275734, 26.843380, 0.0)
(43.258923, 26.863123, 0.0)
(43.265251, 26.899551, 0.0)
(43.274803, 26.901598, 0.0)
(43.204826, 26.855822, 0.0)
(43.215584, 26.801556, 0.0)
(43.265663, 26.803766, 0.0)
(43.238945, 26.790688, 0.0)
(43.216698, 26.784967, 0.0)
(43.223801, 26.806503, 0.0)
(43.206940, 26.844975, 0.0)
(43.209496, 26.825407, 0.0)
(43.233200, 26.869345, 0.0)
(43.209862, 26.856884, 0.0)
(43.191776, 26.865967, 0.0)
(43.197323, 26.897127, 0.0)
(43.164185, 26.843077, 0.0)
(43.157482, 26.905369, 0.0)
(43.112839, 26.871317, 0.0)
(43.110905, 26.839069, 0.0)
(43.145157, 26.785152, 0.0)
(43.132057, 26.754684, 0.0)
(43.082424, 26.777534, 0.0)
(43.095730, 26.773819, 0.0)
(41.928246, 28.318125, 0.0)
(41.015408, 30.571930, 0.0)
(40.939232, 30.755980, 0.0)
(40.960423, 30.717852, 0.0)
(40.932892, 30.713427, 0.0)
(40.923702, 30.690468, 0.0)
(40.500095, 30.826450, 0.0)
(36.595478, 32.163261, 0.0)
(36.118927, 32.334385, 0.0)
(36.108334, 32.358589, 0.0)
(36.153942, 32.241283, 0.0)
(36.171635, 32.202934, 0.0)
(36.134483, 32.205391, 0.0)
(36.092926, 32.212090, 0.0)
(36.070534, 32.238655, 0.0)
(35.875900, 32.353970, 0.0)
(32.575294, 34.552082, 0.0)
(31.691505, 34.976692, 0.0)
(31.630671, 35.046104, 0.0)
(31.627800, 34.974335, 0.0)
(31.577927, 34.976471, 0.0)
(31.540270, 34.970779, 0.0)
(31.543318, 34.991196, 0.0)
(31.535278, 35.081738, 0.0)
(29.585651, 36.944408, 0.0)
(29.037014, 37.270622, 0.0)
(29.045345, 37.349525, 0.0)
(28.967495, 37.369637, 0.0)
(28.808064, 36.810040, 0.0)
(27.893160, 31.292809, 0.0)
(27.757278, 28.958208, 0.0)
(27.746956, 29.032097, 0.0)
(27.705557, 29.242918, 0.0)
(27.622795, 29.286657, 0.0)
(27.604839, 29.330872, 0.0)
(27.636461, 29.342806, 0.0)
(27.610968, 29.367319, 0.0)
(27.587229, 29.393101, 0.0)
(27.516788, 29.408125, 0.0)
(27.385380, 29.119095, 0.0)
(27.392164, 29.114895, 0.0)
(27.453663, 29.067268, 0.0)
(27.402248, 29.089760, 0.0)
(27.334002, 29.116077, 0.0)
(27.344563, 29.122272, 0.0)
(27.343945, 29.124096, 0.0)
(27.327009, 29.158520, 0.0)
(27.329760, 29.165688, 0.0)
(27.299494, 29.164167, 0.0)
(27.275042, 29.185635, 0.0)
(27.280235, 29.218245, 0.0)
(27.251469, 29.240824, 0.0)
(27.215733, 29.262070, 0.0)
(27.229418, 29.246241, 0.0)
(27.215164, 29.195530, 0.0)
(27.207952, 29.167095, 0.0)
(27.252958, 29.183393, 0.0)
(27.242620, 29.170330, 0.0)
(27.187878, 29.201996, 0.0)
(27.197437, 29.236124, 0.0)
(27.204262, 29.245398, 0.0)
(27.184019, 29.232847, 0.0)
(27.201418, 29.190523, 0.0)
(27.186630, 29.212622, 0.0)
(27.671326, 29.238728, 0.0)
(32.742859, 30.172346, 0.0)
(36.576744, 31.708761, 0.0)
(36.658688, 31.767275, 0.0)
(36.524082, 31.730938, 0.0)
(36.451099, 31.688019, 0.0)
(36.485950, 31.604130, 0.0)
(36.575455, 31.567730, 0.0)
(36.552761, 31.512388, 0.0)
(36.343208, 31.494820, 0.0)
(36.341202, 31.516260, 0.0)
(36.415565, 31.513832, 0.0)
(36.466789, 31.511860, 0.0)
(36.527592, 31.459803, 0.0)
(36.570251, 31.450699, 0.0)
(36.494492, 31.459408, 0.0)
(36.495148, 31.492727, 0.0)
(36.524628, 31.505943, 0.0)
(36.517078, 31.464983, 0.0)
(36.562710, 31.506239, 0.0)
(36.529675, 31.508055, 0.0)
(36.484394, 31.505342, 0.0)
(36.530502, 31.465071, 0.0)
(36.539280, 31.421331, 0.0)
(36.519398, 31.431257, 0.0)
(36.517330, 31.422228, 0.0)
(36.509228, 31.413071, 0.0)
(36.506794, 31.423918, 0.0)
(36.501865, 31.407484, 0.0)
(36.484333, 31.431940, 0.0)
(36.485962, 31.455896, 0.0)
(36.526527, 31.427141, 0.0)
(36.548893, 31.456701, 0.0)
(36.555332, 31.465433, 0.0)
(36.560612, 31.482342, 0.0)
(36.536602, 31.517416, 0.0)
(36.498322, 31.506231, 0.0)
(36.592224, 31.450764, 0.0)
(36.644684, 31.389698, 0.0)
(36.566746, 31.427837, 0.0)
(34.675690, 32.541538, 0.0)
(31.516037, 35.843891, 0.0)
(29.545092, 37.865791, 0.0)
(29.435692, 38.024071, 0.0)
(29.434746, 37.980270, 0.0)
(29.380600, 37.966732, 0.0)
(29.372665, 37.947689, 0.0)
(29.574270, 37.931953, 0.0)
(30.924232, 37.818611, 0.0)
(30.986233, 37.838371, 0.0)
(30.881460, 37.941433, 0.0)
(30.840395, 37.971333, 0.0)
(32.708656, 37.499416, 0.0)
(32.856628, 37.605354, 0.0)
(32.841343, 37.590050, 0.0)
(32.841812, 37.583492, 0.0)
(32.872623, 37.593742, 0.0)
(35.215687, 37.076885, 0.0)
(35.459274, 37.104832, 0.0)
(35.520023, 37.207355, 0.0)
(35.595482, 37.221882, 0.0)
(35.948708, 37.156563, 0.0)
(37.426006, 36.980270, 0.0)
(37.628197, 36.969707, 0.0)
(37.703201, 36.972897, 0.0)
(37.769058, 37.006927, 0.0)
(37.830162, 36.950314, 0.0)
(39.382088, 36.488419, 0.0)
(39.548454, 36.493557, 0.0)
(39.484299, 36.492016, 0.0)
(39.484131, 36.519943, 0.0)
(39.568142, 36.535782, 0.0)
(40.572826, 36.314079, 0.0)
(41.135139, 36.030354, 0.0)
(41.162029, 35.968307, 0.0)
(41.147942, 35.948811, 0.0)
(41.170242, 36.009823, 0.0)
(41.207741, 36.022144, 0.0)
(41.197292, 36.098007, 0.0)
(41.198181, 36.107136, 0.0)
(41.178768, 36.096870, 0.0)
(41.170807, 36.051193, 0.0)
(41.228386, 36.021740, 0.0)
(41.268353, 35.977215, 0.0)
(41.215008, 35.929653, 0.0)
(41.202229, 35.932430, 0.0)
(41.177910, 36.017033, 0.0)
(41.465946, 35.678844, 0.0)
(43.125927, 33.391266, 0.0)
(43.755955, 32.730991, 0.0)
(43.749054, 32.739876, 0.0)
(43.684856, 32.786156, 0.0)
(43.693512, 32.807419, 0.0)
(43.684807, 32.847214, 0.0)
(43.643211, 32.837841, 0.0)
(43.633484, 32.855339, 0.0)
(43.612946, 32.854530, 0.0)
(43.654285, 32.788834, 0.0)
(43.674438, 32.756649, 0.0)
(43.629276, 32.798565, 0.0)
(43.180641, 33.071991, 0.0)
(41.747963, 34.515511, 0.0)
(41.684578, 34.625252, 0.0)
(41.658894, 34.641121, 0.0)
(40.236076, 35.544365, 0.0)
(40.164288, 35.592083, 0.0)
(40.142643, 35.621574, 0.0)
(40.042568, 35.684574, 0.0)
(39.835911, 35.758797, 0.0)
(37.725609, 36.410583, 0.0)
(37.652164, 36.378139, 0.0)
(37.622341, 36.333210, 0.0)
(37.599419, 36.274632, 0.0)
(37.474388, 36.266106, 0.0)
(36.113068, 36.538837, 0.0)
(36.093594, 36.616829, 0.0)
(36.060482, 36.612213, 0.0)
(35.909966, 36.672009, 0.0)
(35.842258, 36.743546, 0.0)
(34.409611, 36.887604, 0.0)
(34.141403, 36.865211, 0.0)
(34.139072, 36.928314, 0.0)
(34.034485, 36.956272, 0.0)
(33.938072, 36.951382, 0.0)
(33.837238, 36.967381, 0.0)
(31.151039, 37.410114, 0.0)
(31.023201, 37.357780, 0.0)
(31.031115, 37.338146, 0.0)
(30.944818, 37.342945, 0.0)
(30.888889, 37.416668, 0.0)
(30.844952, 37.405949, 0.0)
(30.796324, 37.442978, 0.0)
(30.784586, 37.462273, 0.0)
(30.584999, 37.676231, 0.0)
(29.409567, 37.781513, 0.0)
(29.314793, 37.849754, 0.0)
(29.370388, 37.854599, 0.0)
(29.403997, 37.871010, 0.0)
(29.320208, 37.937328, 0.0)
(29.255064, 37.873707, 0.0)
(29.281500, 37.855396, 0.0)
(29.321104, 37.782871, 0.0)
(29.297520, 37.760632, 0.0)
(29.265442, 37.790596, 0.0)
(29.250309, 37.814495, 0.0)
(29.222231, 37.865074, 0.0)
(29.233393, 37.819035, 0.0)
(31.020451, 36.693150, 0.0)
(32.105766, 36.181534, 0.0)
(32.133553, 36.077198, 0.0)
(32.181774, 36.122723, 0.0)
(32.261211, 36.148479, 0.0)
(31.696028, 36.631477, 0.0)
(31.634789, 36.723606, 0.0)
(31.716806, 36.682533, 0.0)
(31.762642, 36.638226, 0.0)
(31.813768, 36.648098, 0.0)
(33.844166, 36.279247, 0.0)
(33.915558, 36.383694, 0.0)
(33.938694, 36.461998, 0.0)
(34.038441, 36.458569, 0.0)
(34.179241, 36.459175, 0.0)
(36.213551, 36.048653, 0.0)
(36.592716, 36.079617, 0.0)
(36.699238, 36.098629, 0.0)
(36.792385, 36.092606, 0.0)
(36.881542, 36.115635, 0.0)
(37.045166, 36.186760, 0.0)
(38.382866, 35.846790, 0.0)
(38.658852, 35.795731, 0.0)
(38.690536, 35.807407, 0.0)
(38.665024, 35.825645, 0.0)
(38.718555, 35.826664, 0.0)
(38.753986, 35.837776, 0.0)
(38.801910, 35.842781, 0.0)
(40.852173, 35.415577, 0.0)
(41.332737, 35.281181, 0.0)
(41.315556, 35.230080, 0.0)
(41.323463, 35.279198, 0.0)
(41.372707, 35.247986, 0.0)
(41.396690, 35.240063, 0.0)
(41.374584, 35.264553, 0.0)
(41.370182, 35.250332, 0.0)
(41.405643, 35.199238, 0.0)
(41.401741, 35.165794, 0.0)
(41.347588, 35.219875, 0.0)
(41.317318, 35.219215, 0.0)
(41.331451, 35.218948, 0.0)
(41.309219, 35.213734, 0.0)
(40.845276, 34.962749, 0.0)
(40.076408, 34.118481, 0.0)
(40.055111, 34.063354, 0.0)
(40.054619, 34.078098, 0.0)
(40.063515, 34.080235, 0.0)
(40.054821, 34.127422, 0.0)
(40.009808, 34.137283, 0.0)
(39.951328, 34.137398, 0.0)
(40.036003, 34.044613, 0.0)
(40.050781, 34.028187, 0.0)
(39.976768, 34.044121, 0.0)
(40.693195, 34.279263, 0.0)
(41.879669, 34.419811, 0.0)
(41.914047, 34.462013, 0.0)
(41.772282, 34.460903, 0.0)
(41.751011, 34.562691, 0.0)
(41.658535, 34.589291, 0.0)
(39.877296, 35.113533, 0.0)
(39.808826, 35.195747, 0.0)
(39.820690, 35.185505, 0.0)
(39.445271, 35.300873, 0.0)
(38.211006, 35.547649, 0.0)
(38.084965, 35.562244, 0.0)
(38.044800, 35.484104, 0.0)
(37.936729, 35.448822, 0.0)
(37.811428, 35.487717, 0.0)
(37.738728, 35.493084, 0.0)
(36.292519, 35.781296, 0.0)
(35.046638, 36.310558, 0.0)
(34.990005, 36.309780, 0.0)
(34.938477, 36.324108, 0.0)
(34.034683, 36.675331, 0.0)
(33.514526, 36.984653, 0.0)
(32.732849, 37.258728, 0.0)
(32.331360, 37.410999, 0.0)
(31.821840, 37.325676, 0.0)
(31.748219, 37.171783, 0.0)
(31.714096, 36.927372, 0.0)
(31.726393, 36.782001, 0.0)
(31.632343, 36.788246, 0.0)
(31.598370, 36.753021, 0.0)
(31.560732, 36.815716, 0.0)
(31.524405, 36.802853, 0.0)
(31.360153, 36.936981, 0.0)
(29.366951, 37.900814, 0.0)
(29.277296, 37.843819, 0.0)
(29.263512, 37.821239, 0.0)
(29.248398, 37.829086, 0.0)
(29.239494, 37.788876, 0.0)
(29.224081, 37.741039, 0.0)
(29.171721, 37.811630, 0.0)
(29.099699, 37.741596, 0.0)
(29.164898, 37.666477, 0.0)
(29.147881, 37.646301, 0.0)
(29.107019, 37.598412, 0.0)
(29.111107, 37.619324, 0.0)
(29.128969, 37.605293, 0.0)
(29.097094, 37.596458, 0.0)
(29.135496, 37.567959, 0.0)
(29.113060, 37.565098, 0.0)
(29.099611, 37.557621, 0.0)
(29.112785, 37.553520, 0.0)
(30.486654, 36.652290, 0.0)
(31.386017, 36.174122, 0.0)
(31.406780, 36.119026, 0.0)
(32.523949, 35.694656, 0.0)
(32.886200, 35.462433, 0.0)
(32.981743, 35.375019, 0.0)
(32.994442, 35.380157, 0.0)
(32.998039, 35.393299, 0.0)
(33.051426, 35.336006, 0.0)
(32.043091, 35.677185, 0.0)
(32.043449, 35.737942, 0.0)
(33.283237, 36.738983, 0.0)
(35.127190, 36.893574, 0.0)
(35.688698, 36.027649, 0.0)
(36.246193, 35.317047, 0.0)
(36.509159, 35.059361, 0.0)
(36.565582, 35.070518, 0.0)
(36.632233, 35.042061, 0.0)
(36.750393, 34.924953, 0.0)
(37.890636, 34.985680, 0.0)
(38.246544, 34.956921, 0.0)
(38.294926, 34.992420, 0.0)
(38.350895, 35.063786, 0.0)
(38.397289, 35.082085, 0.0)
(39.021275, 34.933548, 0.0)
(40.840080, 34.323128, 0.0)
(40.875320, 34.316631, 0.0)
(40.797878, 34.383347, 0.0)
(40.852627, 34.389866, 0.0)
(40.927921, 34.400784, 0.0)
(40.900150, 34.439884, 0.0)
(40.944519, 34.408241, 0.0)
(41.081791, 34.311974, 0.0)
(41.138382, 34.283051, 0.0)
(41.133179, 34.290997, 0.0)
(41.606148, 34.225937, 0.0)
(42.143669, 33.984592, 0.0)
(42.190514, 33.955940, 0.0)
(42.143726, 33.988800, 0.0)
(42.127819, 34.025532, 0.0)
(42.112713, 34.016376, 0.0)
(42.116169, 34.019226, 0.0)
(42.132034, 34.031357, 0.0)
(42.127102, 34.043400, 0.0)
(42.081127, 34.032070, 0.0)
(42.027710, 33.996262, 0.0)
(42.074680, 33.933479, 0.0)
(42.115616, 33.954529, 0.0)
(42.057972, 33.930824, 0.0)
(42.343193, 33.905708, 0.0)
(43.537739, 33.305504, 0.0)
(43.542637, 33.197495, 0.0)
(43.464165, 33.187534, 0.0)
(43.393265, 33.145836, 0.0)
(43.268974, 33.145649, 0.0)
(43.130852, 33.128719, 0.0)
(41.844749, 33.348618, 0.0)
(41.539112, 33.532459, 0.0)
(41.522392, 33.539120, 0.0)
(41.405861, 33.558273, 0.0)
(41.326286, 33.491280, 0.0)
(41.233192, 33.473713, 0.0)
(40.890720, 33.528080, 0.0)
(38.854042, 33.723381, 0.0)
(38.820412, 33.828701, 0.0)
(38.798271, 33.821892, 0.0)
(38.736050, 33.901978, 0.0)
(38.648273, 33.935364, 0.0)
(37.206627, 34.333759, 0.0)
(36.895882, 34.420830, 0.0)
(36.848320, 34.418163, 0.0)
(36.780888, 34.433094, 0.0)
(36.634594, 34.471867, 0.0)
(36.464348, 34.498085, 0.0)
(36.232521, 34.540199, 0.0)
(34.038483, 34.988327, 0.0)
(33.920410, 34.993126, 0.0)
(33.820164, 34.976200, 0.0)
(33.742325, 34.983326, 0.0)
(33.663242, 34.996731, 0.0)
(33.598068, 34.985733, 0.0)
(32.376492, 35.218124, 0.0)
(31.313704, 35.423988, 0.0)
(31.247599, 35.450008, 0.0)
(31.187397, 35.441032, 0.0)
(31.122044, 35.461548, 0.0)
(31.068798, 35.470924, 0.0)
(30.949429, 35.503143, 0.0)
(30.890066, 35.518173, 0.0)
(29.211308, 35.845074, 0.0)
(29.130512, 35.795864, 0.0)
(29.135223, 35.823711, 0.0)
(29.087713, 35.803497, 0.0)
(29.119354, 35.668652, 0.0)
(29.111101, 35.600330, 0.0)
(29.101925, 35.576214, 0.0)
(29.052635, 35.610519, 0.0)
(29.045774, 35.662903, 0.0)
(29.033281, 35.738934, 0.0)
(29.044277, 35.820038, 0.0)
(29.063890, 35.832008, 0.0)
(29.054548, 35.791645, 0.0)
(29.030083, 35.798737, 0.0)
(29.044071, 35.742107, 0.0)
(29.153870, 35.656837, 0.0)
(29.175556, 35.671368, 0.0)
(30.054411, 35.289261, 0.0)
(31.457359, 34.687279, 0.0)
(31.553249, 34.624245, 0.0)
(31.559666, 34.567177, 0.0)
(31.697987, 34.604023, 0.0)
(31.732903, 34.586205, 0.0)
(31.757931, 34.556057, 0.0)
(31.841257, 34.576267, 0.0)
(31.875849, 34.596989, 0.0)
(31.936127, 34.606827, 0.0)
(34.656658, 33.897865, 0.0)
(36.922489, 33.362717, 0.0)
(36.992321, 33.380383, 0.0)
(37.001553, 33.341438, 0.0)
(37.011566, 33.306282, 0.0)
(37.051323, 33.347050, 0.0)
(37.115772, 33.443836, 0.0)
(37.124729, 33.469898, 0.0)
(37.151901, 33.475029, 0.0)
(37.218201, 33.456814, 0.0)
(37.178493, 33.465141, 0.0)
(37.196987, 33.454155, 0.0)
(37.252151, 33.450638, 0.0)
(37.717308, 33.512863, 0.0)
(38.945839, 33.385494, 0.0)
(39.074631, 33.440716, 0.0)
(38.960087, 33.411083, 0.0)
(39.040340, 33.357689, 0.0)
(39.127453, 33.354073, 0.0)
(40.954815, 33.224152, 0.0)
(41.591263, 33.092171, 0.0)
(41.582466, 33.122211, 0.0)
(41.581631, 33.146229, 0.0)
(41.612854, 33.157539, 0.0)
(41.640785, 33.144684, 0.0)
(42.451614, 33.273697, 0.0)
(43.136387, 33.207184, 0.0)
(43.170811, 33.242435, 0.0)
(43.112778, 33.246143, 0.0)
(43.158703, 33.252705, 0.0)
(43.175053, 33.247894, 0.0)
(43.111900, 33.230209, 0.0)
(43.132729, 33.187527, 0.0)
(43.262135, 33.139172, 0.0)
(43.555939, 33.058857, 0.0)
(43.512062, 33.050831, 0.0)
(43.482159, 33.073162, 0.0)
(43.485916, 33.071514, 0.0)
(43.415081, 33.070595, 0.0)
(43.390079, 33.089508, 0.0)
(43.342480, 33.084782, 0.0)
(43.234215, 33.057346, 0.0)
(43.192192, 33.047749, 0.0)
(42.932800, 33.003212, 0.0)
(40.578899, 32.545898, 0.0)
(40.615528, 32.596096, 0.0)
(40.519279, 32.590965, 0.0)
(40.438648, 32.549812, 0.0)
(40.347927, 32.509716, 0.0)
(40.111176, 32.535511, 0.0)
(39.968884, 32.546200, 0.0)
(38.634995, 32.788322, 0.0)
(37.425323, 33.168888, 0.0)
(37.307735, 33.157478, 0.0)
(37.221592, 33.190613, 0.0)
(37.094273, 33.187817, 0.0)
(36.961235, 33.152180, 0.0)
(36.789680, 33.197811, 0.0)
(36.719875, 33.219284, 0.0)
(36.702957, 33.195625, 0.0)
(36.630100, 33.220005, 0.0)
(34.675816, 33.665356, 0.0)
(34.267883, 33.851852, 0.0)
(34.260418, 33.793194, 0.0)
(34.138451, 33.811253, 0.0)
(34.005295, 33.889118, 0.0)
(33.961830, 33.919136, 0.0)
(33.888618, 33.975060, 0.0)
(33.784111, 34.007816, 0.0)
(33.720387, 34.039307, 0.0)
(33.587738, 34.067356, 0.0)
(31.453674, 34.425110, 0.0)
(31.366381, 34.406315, 0.0)
(31.400206, 34.402683, 0.0)
(31.334995, 34.435215, 0.0)
(31.210039, 34.461391, 0.0)
(31.175694, 34.436226, 0.0)
(29.904325, 34.926998, 0.0)
(29.406736, 35.040169, 0.0)
(29.373775, 34.970245, 0.0)
(29.363844, 35.043552, 0.0)
(29.342073, 35.090012, 0.0)
(29.307528, 35.042850, 0.0)
(28.619274, 35.329571, 0.0)
(28.392208, 35.359009, 0.0)
(28.394289, 35.312969, 0.0)
(28.426584, 35.300449, 0.0)
(28.435291, 35.283031, 0.0)
(28.452177, 35.292122, 0.0)
(28.452496, 35.299423, 0.0)
(28.424469, 35.269108, 0.0)
(28.473024, 35.203369, 0.0)
(28.515808, 35.169842, 0.0)
(28.490202, 35.158165, 0.0)
(28.942116, 34.861065, 0.0)
(29.786196, 34.228844, 0.0)
(29.885643, 34.206291, 0.0)
(31.882534, 33.488438, 0.0)
(35.088600, 32.738461, 0.0)
(35.618862, 32.691425, 0.0)
(35.649044, 32.662415, 0.0)
(35.700691, 32.651287, 0.0)
(35.789234, 32.647549, 0.0)
(35.874317, 32.642548, 0.0)
(35.891273, 32.658955, 0.0)
(35.918198, 32.658939, 0.0)
(35.967781, 32.620193, 0.0)
(37.802296, 32.460564, 0.0)
(37.967674, 32.466568, 0.0)
(37.946941, 32.484955, 0.0)
(37.982067, 32.474915, 0.0)
(37.978828, 32.490448, 0.0)
(37.961887, 32.513828, 0.0)
(37.893585, 32.594376, 0.0)
(37.885342, 32.670517, 0.0)
(37.912712, 32.636402, 0.0)
(38.027515, 32.626492, 0.0)
(38.035934, 32.623550, 0.0)
(37.967686, 32.684578, 0.0)
(38.023895, 32.657055, 0.0)
(38.103825, 32.572140, 0.0)
(38.161869, 32.520115, 0.0)
(38.125389, 32.534401, 0.0)
(38.980621, 32.721153, 0.0)
(39.940105, 32.772675, 0.0)
(39.993362, 32.801434, 0.0)
(39.952961, 32.789352, 0.0)
(39.968796, 32.821217, 0.0)
(40.025314, 32.798203, 0.0)
(41.456554, 32.692986, 0.0)
(41.580627, 32.660515, 0.0)
(41.556881, 32.696400, 0.0)
(41.549564, 32.725826, 0.0)
(41.537056, 32.795742, 0.0)
(41.781342, 32.671497, 0.0)
(42.222088, 32.505264, 0.0)
(42.195702, 32.528683, 0.0)
(42.160797, 32.548073, 0.0)
(42.210865, 32.520660, 0.0)
(42.212948, 32.593903, 0.0)
(42.118999, 32.659893, 0.0)
(42.110806, 32.739220, 0.0)
(42.110149, 32.716991, 0.0)
(42.070835, 32.699970, 0.0)
(42.070152, 32.686138, 0.0)
(42.092892, 32.670341, 0.0)
(42.068836, 32.655552, 0.0)
(42.010418, 32.656532, 0.0)
(41.988167, 32.621376, 0.0)
(41.997925, 32.602673, 0.0)
(41.894333, 32.604424, 0.0)
(41.820667, 32.623314, 0.0)
(41.778191, 32.577675, 0.0)
(41.714176, 32.556515, 0.0)
(41.591125, 32.517735, 0.0)
(40.757702, 32.382828, 0.0)
(39.887337, 32.208130, 0.0)
(39.819279, 32.166084, 0.0)
(39.783733, 32.175873, 0.0)
(39.661613, 32.173767, 0.0)
(39.591846, 32.175121, 0.0)
(39.398720, 32.176464, 0.0)
(38.235153, 32.186501, 0.0)
(36.670788, 32.307095, 0.0)
(36.615879, 32.320126, 0.0)
(36.594177, 32.309460, 0.0)
(36.519051, 32.345684, 0.0)
(36.427197, 32.393089, 0.0)
(36.385887, 32.380222, 0.0)
(36.360535, 32.348343, 0.0)
(33.657402, 32.780327, 0.0)
(33.160736, 32.866314, 0.0)
(33.145508, 32.857315, 0.0)
(33.131599, 32.843502, 0.0)
(33.062698, 32.949184, 0.0)
(32.805916, 32.998528, 0.0)
(30.266489, 33.576332, 0.0)
(30.233324, 33.605652, 0.0)
(30.281975, 33.521999, 0.0)
(30.242298, 33.544273, 0.0)
(30.244253, 33.500950, 0.0)
(30.219414, 33.561424, 0.0)
(30.163897, 33.649654, 0.0)
(28.228704, 34.245266, 0.0)
(28.081537, 34.259628, 0.0)
(28.097952, 34.250233, 0.0)
(28.074583, 34.240288, 0.0)
(28.088768, 34.242092, 0.0)
(28.078392, 34.279732, 0.0)
(28.056082, 34.262192, 0.0)
(28.004223, 34.283398, 0.0)
(28.036676, 34.187027, 0.0)
(28.063232, 34.162346, 0.0)
(28.053566, 34.152569, 0.0)
(28.061972, 34.180462, 0.0)
(28.082462, 34.195705, 0.0)
(31.388418, 33.021996, 0.0)
(35.060432, 32.318638, 0.0)
(35.037178, 32.372471, 0.0)
(34.912590, 32.376492, 0.0)
(34.936020, 32.363392, 0.0)
(35.018421, 32.361603, 0.0)
(34.978813, 32.379665, 0.0)
(31.631763, 32.732300, 0.0)
(31.247595, 32.788761, 0.0)
(31.338060, 32.738930, 0.0)
(31.419317, 32.686787, 0.0)
(31.451097, 32.723846, 0.0)
(31.461065, 32.739380, 0.0)
(31.559090, 32.777447, 0.0)
(33.745399, 32.447174, 0.0)
(35.229031, 32.249401, 0.0)
(35.257687, 32.276463, 0.0)
(35.236172, 32.217690, 0.0)
(35.303123, 32.147598, 0.0)
(35.397419, 32.153828, 0.0)
(35.457970, 32.146912, 0.0)
(35.479305, 32.262238, 0.0)
(35.486439, 32.333023, 0.0)
(35.521961, 32.294334, 0.0)
(35.635513, 32.260220, 0.0)
(35.747982, 32.170166, 0.0)
(36.726379, 32.012009, 0.0)
(37.336666, 31.908762, 0.0)
(37.397911, 31.903496, 0.0)
(37.394333, 31.892521, 0.0)
(37.426552, 31.936073, 0.0)
(38.682331, 31.889816, 0.0)
(39.170719, 31.743404, 0.0)
(39.193729, 31.739731, 0.0)
(39.222111, 31.687103, 0.0)
(39.299919, 31.649267, 0.0)
(39.343204, 31.657236, 0.0)
(40.747066, 31.619612, 0.0)
(41.843475, 31.494381, 0.0)
(41.947533, 31.496145, 0.0)
(41.895195, 31.495211, 0.0)
(41.907307, 31.463657, 0.0)
(41.931320, 31.516283, 0.0)
(41.927624, 31.548904, 0.0)
(42.283772, 31.568243, 0.0)
(42.672249, 31.519321, 0.0)
(42.648926, 31.536102, 0.0)
(42.636417, 31.539572, 0.0)
(42.644638, 31.561838, 0.0)
(42.644638, 31.561838, 0.0)
(42.644638, 31.561838, 0.0)
(42.601841, 31.576132, 0.0)
(42.575359, 31.556040, 0.0)
(42.623650, 31.498152, 0.0)
(42.614658, 31.430840, 0.0)
(42.553230, 31.477652, 0.0)
(42.456615, 31.467497, 0.0)
(42.412270, 31.492548, 0.0)
(42.385715, 31.495087, 0.0)
(42.306763, 31.440786, 0.0)
(42.230377, 31.463991, 0.0)
(42.171036, 31.459200, 0.0)
(42.128963, 31.404533, 0.0)
(42.108051, 31.401403, 0.0)
(42.027798, 31.450130, 0.0)
(39.802608, 31.138151, 0.0)
(39.805359, 31.241323, 0.0)
(39.770069, 31.198486, 0.0)
(39.736366, 31.112341, 0.0)
(39.609497, 31.129456, 0.0)
(39.282398, 31.160181, 0.0)
(39.111645, 31.152643, 0.0)
(39.036701, 31.166296, 0.0)
(38.862270, 31.181284, 0.0)
(38.762367, 31.228588, 0.0)
(38.611618, 31.283289, 0.0)
(36.701496, 31.380346, 0.0)
(36.607311, 31.399078, 0.0)
(36.582275, 31.353718, 0.0)
(36.518501, 31.346266, 0.0)
(36.401501, 31.380531, 0.0)
(36.185593, 31.415916, 0.0)
(34.437019, 31.673662, 0.0)
(34.396820, 31.651115, 0.0)
(34.360729, 31.652657, 0.0)
(34.169235, 31.732052, 0.0)
(34.077896, 31.741573, 0.0)
(34.017464, 31.756441, 0.0)
(33.928936, 31.748304, 0.0)
(32.854446, 31.967550, 0.0)
(32.034283, 32.102394, 0.0)
(31.958982, 32.109913, 0.0)
(31.950779, 32.216515, 0.0)
(31.923315, 32.198372, 0.0)
(31.846203, 32.219826, 0.0)
(30.429756, 32.639912, 0.0)
(30.294941, 32.639523, 0.0)
(30.297564, 32.586010, 0.0)
(30.300888, 32.582283, 0.0)
(29.771429, 32.800076, 0.0)
(28.732412, 33.088001, 0.0)
(28.682266, 33.110928, 0.0)
(28.651567, 33.119507, 0.0)
(28.640253, 33.117123, 0.0)
(28.712435, 33.085842, 0.0)
(28.700005, 33.053162, 0.0)
(28.644426, 33.071426, 0.0)
(28.679855, 33.097397, 0.0)
(28.754631, 33.073112, 0.0)
(28.845413, 33.053146, 0.0)
(28.880211, 33.025204, 0.0)
(28.868738, 32.982002, 0.0)
(31.106871, 31.762571, 0.0)
(31.360502, 31.590059, 0.0)
(31.410994, 31.503767, 0.0)
(31.434746, 31.503208, 0.0)
(31.541113, 31.543541, 0.0)
(31.705221, 31.499115, 0.0)
(31.876022, 31.483700, 0.0)
(31.978033, 31.455133, 0.0)
(32.079056, 31.451876, 0.0)
(32.192383, 31.446192, 0.0)
(32.269260, 31.438379, 0.0)
(33.284225, 31.289831, 0.0)
(35.473583, 30.891207, 0.0)
(35.568462, 30.903280, 0.0)
(35.585705, 30.908430, 0.0)
(35.677010, 30.835621, 0.0)
(35.870831, 30.762043, 0.0)
(35.936668, 30.800222, 0.0)
(37.458069, 30.617258, 0.0)
(38.718109, 30.401001, 0.0)
(38.797348, 30.398598, 0.0)
(38.766251, 30.424812, 0.0)
(38.779278, 30.461292, 0.0)
(38.762821, 30.470259, 0.0)
(38.787685, 30.500654, 0.0)
(38.839813, 30.534204, 0.0)
(39.220295, 30.552065, 0.0)
(40.802937, 30.528873, 0.0)
(40.843182, 30.569691, 0.0)
(40.821857, 30.562925, 0.0)
(40.921768, 30.507364, 0.0)
(41.007847, 30.447823, 0.0)
(40.981678, 30.501459, 0.0)
(40.996422, 30.468397, 0.0)
(41.031559, 30.504890, 0.0)
(41.038631, 30.517326, 0.0)
(41.043095, 30.516214, 0.0)
(41.039082, 30.504070, 0.0)
(41.005150, 30.498648, 0.0)
(40.987617, 30.496582, 0.0)
(40.991032, 30.515015, 0.0)
(40.959396, 30.516239, 0.0)
(42.100006, 30.310713, 0.0)
(42.126598, 30.293711, 0.0)
(42.031693, 30.342033, 0.0)
(42.045341, 30.270662, 0.0)
(42.109039, 30.244423, 0.0)
(42.019695, 30.279922, 0.0)
(41.974567, 30.261042, 0.0)
(42.009441, 30.326233, 0.0)
(41.947132, 30.322865, 0.0)
(41.896477, 30.333727, 0.0)
(41.829556, 30.385977, 0.0)
(41.794979, 30.363974, 0.0)
(41.750210, 30.307190, 0.0)
(41.701641, 30.357773, 0.0)
(41.625988, 30.355904, 0.0)
(41.511238, 30.351789, 0.0)
(41.439178, 30.300617, 0.0)
(41.334499, 30.227318, 0.0)
(40.355850, 30.123503, 0.0)
(40.301567, 30.062038, 0.0)
(40.226925, 30.067177, 0.0)
(40.034027, 30.134733, 0.0)
(39.887329, 30.193195, 0.0)
(39.752178, 30.234161, 0.0)
(38.480968, 30.292404, 0.0)
(38.382877, 30.339375, 0.0)
(38.314388, 30.283920, 0.0)
(38.153015, 30.288851, 0.0)
(37.853397, 30.349844, 0.0)
(36.542725, 30.506643, 0.0)
(36.393478, 30.566006, 0.0)
(36.257889, 30.582209, 0.0)
(36.047943, 30.534479, 0.0)
(35.954098, 30.478683, 0.0)
(34.226181, 30.707451, 0.0)
(34.040928, 30.734509, 0.0)
(33.986687, 30.762516, 0.0)
(33.859848, 30.869427, 0.0)
(33.788868, 30.911049, 0.0)
(31.998989, 31.300016, 0.0)
(31.220030, 31.475586, 0.0)
(31.154417, 31.494568, 0.0)
(31.125546, 31.503946, 0.0)
(31.050617, 31.529282, 0.0)
(31.000021, 31.565924, 0.0)
(29.602198, 32.139717, 0.0)
(29.056740, 32.267994, 0.0)
(29.027134, 32.222443, 0.0)
(29.043064, 32.158150, 0.0)
(29.023386, 32.168526, 0.0)
(28.966253, 32.127022, 0.0)
(28.940979, 32.171295, 0.0)
(28.200121, 32.386410, 0.0)
(28.173676, 32.372059, 0.0)
(28.201834, 32.332260, 0.0)
(28.191341, 32.315842, 0.0)
(28.214136, 32.303951, 0.0)
(28.154661, 32.298126, 0.0)
(28.183544, 32.327255, 0.0)
(28.271011, 32.308880, 0.0)
(28.284178, 32.280884, 0.0)
(28.270836, 32.311367, 0.0)
(28.318665, 32.259315, 0.0)
(29.254150, 31.653376, 0.0)
(30.073610, 31.171492, 0.0)
(30.116390, 31.119102, 0.0)
(30.161993, 31.085739, 0.0)
(30.240257, 31.086569, 0.0)
(30.321712, 31.070541, 0.0)
(30.376438, 31.055910, 0.0)
(31.488165, 30.725107, 0.0)
(32.693642, 30.411221, 0.0)
(32.836590, 30.385870, 0.0)
(32.877693, 30.375957, 0.0)
(32.915394, 30.355673, 0.0)
(32.936798, 30.396606, 0.0)
(33.000946, 30.390533, 0.0)
(34.052616, 30.218794, 0.0)
(34.914062, 30.051159, 0.0)
(34.960995, 30.045620, 0.0)
(34.975449, 30.036661, 0.0)
(35.046963, 30.042974, 0.0)
(35.277473, 30.052004, 0.0)
(37.072891, 29.884489, 0.0)
(37.172085, 29.921955, 0.0)
(37.145145, 29.925798, 0.0)
(37.169273, 29.918346, 0.0)
(37.253868, 29.936144, 0.0)
(37.308540, 29.897627, 0.0)
(39.252647, 29.822910, 0.0)
(39.880215, 29.844294, 0.0)
(39.878166, 29.836578, 0.0)
(39.967087, 29.752151, 0.0)
(41.569588, 29.768433, 0.0)
(41.777332, 29.762564, 0.0)
(41.778725, 29.799730, 0.0)
(41.820728, 29.811926, 0.0)
(41.837460, 29.801147, 0.0)
(41.859882, 29.804991, 0.0)
(41.869339, 29.826782, 0.0)
(41.871651, 29.837671, 0.0)
(42.546513, 29.771597, 0.0)
(42.612129, 29.748932, 0.0)
(42.600185, 29.742846, 0.0)
(42.600124, 29.721655, 0.0)
(42.579460, 29.737787, 0.0)
(42.558834, 30.060047, 0.0)
(43.052258, 31.692204, 0.0)
(42.607334, 30.214375, 0.0)
(42.444439, 29.439106, 0.0)
(42.423779, 29.461708, 0.0)
(42.417988, 29.535038, 0.0)
(42.383553, 29.563868, 0.0)
(42.244606, 29.586971, 0.0)
(42.218914, 29.584440, 0.0)
(42.112858, 29.594204, 0.0)
(42.048859, 29.575825, 0.0)
(41.883877, 29.564939, 0.0)
(41.803062, 29.553778, 0.0)
(41.754772, 29.520380, 0.0)
(38.529232, 29.117521, 0.0)
(38.082905, 29.124311, 0.0)
(38.023037, 29.138941, 0.0)
(37.954830, 29.186718, 0.0)
(37.872200, 29.188114, 0.0)
(37.741924, 29.178186, 0.0)
(37.628315, 29.177090, 0.0)
(37.502472, 29.208708, 0.0)
(37.354225, 29.241337, 0.0)
(37.244919, 29.281937, 0.0)
(37.079529, 29.320339, 0.0)
(34.301594, 29.631683, 0.0)
(34.147114, 29.708769, 0.0)
(34.111427, 29.622763, 0.0)
(34.080307, 29.593296, 0.0)
(33.987495, 29.608196, 0.0)
(33.862896, 29.638746, 0.0)
(33.765678, 29.708519, 0.0)
(32.702606, 30.070797, 0.0)
(31.527340, 30.363800, 0.0)
(31.437428, 30.405521, 0.0)
(31.415461, 30.420977, 0.0)
(31.364468, 30.426655, 0.0)
(31.325762, 30.465227, 0.0)
(31.285543, 30.458885, 0.0)
(29.816118, 30.943384, 0.0)
(28.718952, 31.341589, 0.0)
(28.634735, 31.354895, 0.0)
(28.692152, 31.256021, 0.0)
(28.717993, 31.208693, 0.0)
(28.667662, 31.218151, 0.0)
(28.623035, 31.228115, 0.0)
(28.639139, 31.256781, 0.0)
(28.656660, 31.219507, 0.0)
(28.660778, 31.185349, 0.0)
(28.597086, 31.232063, 0.0)
(28.571869, 31.181757, 0.0)
(28.625311, 31.123507, 0.0)
(28.633320, 31.139837, 0.0)
(28.621803, 31.140600, 0.0)
(28.624884, 31.180958, 0.0)
(28.588114, 31.227289, 0.0)
(28.577845, 31.206949, 0.0)
(28.654278, 31.150442, 0.0)
(28.694017, 31.085239, 0.0)
(28.643112, 31.122141, 0.0)
(28.684149, 31.048029, 0.0)
(28.731192, 31.077415, 0.0)
(28.782421, 31.054842, 0.0)
(28.851034, 31.036144, 0.0)
(28.871307, 31.085268, 0.0)
(30.319023, 30.270681, 0.0)
(30.632513, 30.091627, 0.0)
(30.715862, 30.065065, 0.0)
(30.763071, 30.030613, 0.0)
(30.859737, 30.087381, 0.0)
(31.909189, 29.851036, 0.0)
(33.197830, 29.487862, 0.0)
(33.344673, 29.452898, 0.0)
(33.449158, 29.357201, 0.0)
(33.512348, 29.339905, 0.0)
(33.520020, 29.341633, 0.0)
(33.595657, 29.334095, 0.0)
(36.116486, 29.110956, 0.0)
(36.497166, 29.082426, 0.0)
(36.514675, 29.136438, 0.0)
(36.550316, 29.164635, 0.0)
(36.607990, 29.130669, 0.0)
(36.784950, 29.144175, 0.0)
(39.084328, 28.957853, 0.0)
(39.299500, 28.941336, 0.0)
(39.301071, 28.980143, 0.0)
(39.285126, 28.974735, 0.0)
(39.312374, 28.990273, 0.0)
(41.216869, 28.961443, 0.0)
(41.647415, 28.905739, 0.0)
(41.626930, 28.914137, 0.0)
(41.610550, 28.926153, 0.0)
(41.651600, 28.963264, 0.0)
(41.676739, 28.955210, 0.0)
(41.705898, 28.993980, 0.0)
(41.710163, 29.029716, 0.0)
(41.695271, 29.050934, 0.0)
(41.725460, 29.071308, 0.0)
(41.770710, 29.065214, 0.0)
(41.751377, 29.040899, 0.0)
(41.757530, 29.088461, 0.0)
(41.750923, 29.064949, 0.0)
(41.716541, 29.026503, 0.0)
(41.741306, 29.021942, 0.0)
(41.764774, 28.987190, 0.0)
(41.723648, 28.999239, 0.0)
(41.706268, 29.036640, 0.0)
(41.699684, 29.053972, 0.0)
(41.679005, 29.040359, 0.0)
(41.698414, 29.026125, 0.0)
(41.697346, 28.989744, 0.0)
(41.650959, 29.016382, 0.0)
(41.607246, 29.029432, 0.0)
(41.577587, 29.063335, 0.0)
(41.540001, 29.038515, 0.0)
(41.501476, 29.041204, 0.0)
(41.454350, 29.035526, 0.0)
(41.372250, 28.971071, 0.0)
(41.363350, 28.929653, 0.0)
(41.365513, 28.906187, 0.0)
(40.460030, 28.809116, 0.0)
(38.668995, 28.570847, 0.0)
(38.689678, 28.616222, 0.0)
(38.636429, 28.554026, 0.0)
(38.612480, 28.531601, 0.0)
(38.586864, 28.490435, 0.0)
(38.477531, 28.505087, 0.0)
(38.384377, 28.528357, 0.0)
(38.349899, 28.540585, 0.0)
(38.301521, 28.559814, 0.0)
(38.250412, 28.579624, 0.0)
(38.136696, 28.578753, 0.0)
(38.106663, 28.473383, 0.0)
(36.573879, 28.446177, 0.0)
(36.408592, 28.514961, 0.0)
(36.383553, 28.488607, 0.0)
(36.308273, 28.528381, 0.0)
(36.246464, 28.578537, 0.0)
(34.869320, 28.746578, 0.0)
(34.268055, 28.766068, 0.0)
(34.216438, 28.778418, 0.0)
(34.160404, 28.765480, 0.0)
(34.125912, 28.775600, 0.0)
(33.450546, 28.959826, 0.0)
(31.749832, 29.342255, 0.0)
(31.660341, 29.400173, 0.0)
(31.671555, 29.342831, 0.0)
(31.668253, 29.305355, 0.0)
(31.680676, 29.264400, 0.0)
(30.016304, 29.862297, 0.0)
(29.477415, 30.051947, 0.0)
(29.468672, 30.106182, 0.0)
(29.478315, 30.113789, 0.0)
(29.442415, 30.143919, 0.0)
(29.428192, 30.149132, 0.0)
(28.331480, 30.572901, 0.0)
(28.220861, 30.573957, 0.0)
(28.266571, 30.523077, 0.0)
(28.266773, 30.530935, 0.0)
(28.251831, 30.555805, 0.0)
(28.179472, 30.605127, 0.0)
(28.185062, 30.589821, 0.0)
(28.221741, 30.548195, 0.0)
(28.214035, 30.577284, 0.0)
(28.188694, 30.660946, 0.0)
(28.222757, 30.655621, 0.0)
(28.270563, 30.657429, 0.0)
(28.265387, 30.630068, 0.0)
(29.283331, 29.897902, 0.0)
(30.438602, 29.285175, 0.0)
(30.544758, 29.174009, 0.0)
(30.531614, 29.184288, 0.0)
(30.563808, 29.241318, 0.0)
(30.689117, 29.224348, 0.0)
(30.776222, 29.215061, 0.0)
(30.878927, 29.158138, 0.0)
(32.378780, 28.668320, 0.0)
(34.333504, 28.035582, 0.0)
(34.436272, 27.941381, 0.0)
(34.378372, 27.969992, 0.0)
(34.482346, 28.000446, 0.0)
(34.546631, 28.007597, 0.0)
(34.573177, 28.036232, 0.0)
(34.635975, 28.041630, 0.0)
(36.242653, 27.835373, 0.0)
(37.023544, 27.701689, 0.0)
(37.053841, 27.662931, 0.0)
(37.034611, 27.669895, 0.0)
(37.066128, 27.669729, 0.0)
(37.121777, 27.728971, 0.0)
(37.102951, 27.767921, 0.0)
(37.072651, 27.628958, 0.0)
(37.195782, 27.614162, 0.0)
(37.238995, 27.571760, 0.0)
(37.181385, 27.525024, 0.0)
(37.745918, 27.592428, 0.0)
(40.232388, 27.763903, 0.0)
(40.338417, 27.714367, 0.0)
(40.310665, 27.691689, 0.0)
(40.310032, 27.701298, 0.0)
(40.305996, 27.709152, 0.0)
(40.336758, 27.784563, 0.0)
(40.696331, 27.898487, 0.0)
(41.941643, 28.094147, 0.0)
(42.036282, 28.055262, 0.0)
(41.977322, 28.023651, 0.0)
(41.965023, 27.932409, 0.0)
(42.022209, 27.982170, 0.0)
(42.264053, 27.983278, 0.0)
(42.401081, 27.990290, 0.0)
(42.445641, 28.050941, 0.0)
(42.445080, 28.015127, 0.0)
(42.418633, 28.036901, 0.0)
(42.383320, 28.046858, 0.0)
(42.369438, 28.004362, 0.0)
(42.329391, 28.018347, 0.0)
(42.290863, 28.035000, 0.0)
(42.292545, 28.049856, 0.0)
(42.278442, 28.074526, 0.0)
(42.228275, 28.113338, 0.0)
(42.160690, 28.089478, 0.0)
(39.863964, 27.494781, 0.0)
(39.669022, 27.414814, 0.0)
(39.661972, 27.415384, 0.0)
(39.583958, 27.408175, 0.0)
(39.495834, 27.409317, 0.0)
(39.425495, 27.445004, 0.0)
(39.363548, 27.480854, 0.0)
(39.288349, 27.476019, 0.0)
(39.247295, 27.527983, 0.0)
(39.148903, 27.470308, 0.0)
(39.124233, 27.453440, 0.0)
(39.107964, 27.449688, 0.0)
(36.326565, 27.598585, 0.0)
(35.181446, 27.765287, 0.0)
(35.088860, 27.792526, 0.0)
(35.153889, 27.660051, 0.0)
(35.136948, 27.608128, 0.0)
(35.050945, 27.675980, 0.0)
(34.996647, 27.634756, 0.0)
(35.034626, 27.635979, 0.0)
(35.042831, 27.686956, 0.0)
(34.965755, 27.709702, 0.0)
(33.859455, 28.157042, 0.0)
(32.344566, 28.774174, 0.0)
(32.239758, 28.845116, 0.0)
(32.248646, 28.847475, 0.0)
(32.254269, 28.823545, 0.0)
(32.190411, 28.821543, 0.0)
(32.063366, 28.865431, 0.0)
(31.955839, 28.863518, 0.0)
(30.286919, 29.280775, 0.0)
(29.921932, 29.254118, 0.0)
(29.881302, 29.221008, 0.0)
(29.870310, 29.222191, 0.0)
(29.795391, 29.273432, 0.0)
(29.643024, 29.294277, 0.0)
(29.731318, 29.270361, 0.0)
(29.342775, 29.441710, 0.0)
(28.499313, 29.760124, 0.0)
(28.414022, 29.795191, 0.0)
(28.436348, 29.814037, 0.0)
(28.425655, 29.813599, 0.0)
(28.435173, 29.839521, 0.0)
(28.405193, 29.805796, 0.0)
(28.374445, 29.784615, 0.0)
(28.426666, 29.738890, 0.0)
(28.466751, 29.710369, 0.0)
(28.401718, 29.744959, 0.0)
(28.400188, 29.753872, 0.0)
(28.456453, 29.802000, 0.0)
(28.452051, 29.831930, 0.0)
(28.520178, 29.724518, 0.0)
(28.850748, 29.583014, 0.0)
(31.472818, 28.380775, 0.0)
(31.655409, 28.321259, 0.0)
(31.693708, 28.341822, 0.0)
(31.783297, 28.319656, 0.0)
(31.873573, 28.318022, 0.0)
(31.922731, 28.275047, 0.0)
(31.939651, 28.227209, 0.0)
(32.009235, 28.146517, 0.0)
(32.088902, 28.083788, 0.0)
(32.092419, 28.057249, 0.0)
(32.162151, 28.085833, 0.0)
(33.936821, 27.553640, 0.0)
(34.090172, 27.479721, 0.0)
(34.114441, 27.433168, 0.0)
(34.161083, 27.399881, 0.0)
(34.471546, 27.325371, 0.0)
(36.418304, 27.039391, 0.0)
(36.515400, 26.999607, 0.0)
(36.521820, 27.016348, 0.0)
(36.574566, 27.036337, 0.0)
(37.329029, 27.110090, 0.0)
(38.934425, 26.978758, 0.0)
(39.099548, 26.877775, 0.0)
(39.094894, 26.877289, 0.0)
(39.051079, 26.880587, 0.0)
(39.195889, 26.935173, 0.0)
(41.346882, 27.216356, 0.0)
(41.528046, 27.221640, 0.0)
(41.474911, 27.215830, 0.0)
(41.423954, 27.323736, 0.0)
(41.444149, 27.265236, 0.0)
(41.456791, 27.237879, 0.0)
(41.619469, 27.369123, 0.0)
(42.743683, 27.721828, 0.0)
(42.810776, 27.736849, 0.0)
(42.731335, 27.727249, 0.0)
(42.723804, 27.704226, 0.0)
(42.768173, 27.634415, 0.0)
(42.784664, 27.588251, 0.0)
(42.740345, 27.647430, 0.0)
(42.733356, 27.656935, 0.0)
(42.749821, 27.677893, 0.0)
(42.724163, 27.714575, 0.0)
(42.719208, 27.733774, 0.0)
(42.696453, 27.750895, 0.0)
(42.665077, 27.694931, 0.0)
(42.660603, 27.729588, 0.0)
(42.629070, 27.712034, 0.0)
(42.620865, 27.715857, 0.0)
(42.625015, 27.735098, 0.0)
(42.616077, 27.740067, 0.0)
(42.521397, 27.724365, 0.0)
(42.545078, 27.728876, 0.0)
(43.387707, 28.605604, 0.0)
(43.770916, 29.434351, 0.0)
(43.691338, 29.478096, 0.0)
(43.692265, 29.508020, 0.0)
(43.751911, 29.625387, 0.0)
(43.837090, 29.944080, 0.0)
(43.858955, 30.010908, 0.0)
(43.864338, 29.998905, 0.0)
(43.855701, 29.983255, 0.0)
(44.100838, 30.629925, 0.0)
(44.083908, 31.001493, 0.0)
(44.034912, 30.998878, 0.0)
(44.072304, 31.018637, 0.0)
(44.108700, 31.135265, 0.0)
(44.145554, 32.711754, 0.0)
(44.221939, 33.034302, 0.0)
(44.267986, 33.003456, 0.0)
(44.180061, 33.051022, 0.0)
(44.145367, 33.053059, 0.0)
(44.202976, 33.081356, 0.0)
(44.200893, 33.060478, 0.0)
(44.224567, 33.016903, 0.0)
(44.223743, 33.024284, 0.0)
(44.181225, 33.053570, 0.0)
(44.165375, 33.054359, 0.0)
(44.258148, 33.200024, 0.0)
(44.149025, 33.821774, 0.0)
(44.135834, 33.906425, 0.0)
(44.143250, 33.895267, 0.0)
(44.160469, 33.894459, 0.0)
(44.116474, 33.837296, 0.0)
(44.171215, 33.817768, 0.0)
(44.179813, 33.783176, 0.0)
(44.159958, 33.752106, 0.0)
(44.154251, 33.794151, 0.0)
(44.161274, 33.814812, 0.0)
(44.172791, 33.810730, 0.0)
(44.177383, 33.795834, 0.0)
(44.150024, 33.828815, 0.0)
(44.126198, 33.844925, 0.0)
(44.147419, 33.837723, 0.0)
(44.166180, 33.832581, 0.0)
(44.173904, 33.822205, 0.0)
(44.167931, 33.829601, 0.0)
(44.138641, 33.818077, 0.0)
(44.127949, 33.733040, 0.0)
(44.176239, 33.664886, 0.0)
(44.162815, 33.647762, 0.0)
(44.126175, 33.713703, 0.0)
(44.135986, 33.712013, 0.0)
(44.137108, 33.720352, 0.0)
(44.113266, 33.747070, 0.0)
(44.147213, 33.693451, 0.0)
(44.143017, 33.714161, 0.0)
(44.121979, 33.707558, 0.0)
(44.102551, 33.714073, 0.0)
(43.470711, 34.574448, 0.0)
(43.455051, 34.708038, 0.0)
(43.471066, 34.722374, 0.0)
(43.421516, 34.696255, 0.0)
(43.415176, 34.640327, 0.0)
(43.416096, 34.371117, 0.0)
(42.202538, 34.766121, 0.0)
(0.000000, 0.000000, 1.0)
(43.082428, 33.840614, 0.0)
(43.508846, 32.720371, 0.0)
(43.410095, 32.162628, 0.0)
(43.412609, 32.173599, 0.0)
(43.403770, 32.189713, 0.0)
(43.399380, 32.190941, 0.0)
(43.400337, 32.197849, 0.0)
(43.391979, 32.205502, 0.0)
(43.366982, 30.788555, 0.0)
(43.360401, 30.613874, 0.0)
(43.346615, 30.635086, 0.0)
(43.369839, 30.536612, 0.0)
(43.407688, 30.515575, 0.0)
(43.162434, 29.963820, 0.0)
(43.082798, 28.915861, 0.0)
(43.142776, 28.930910, 0.0)
(43.160526, 29.014019, 0.0)
(43.118019, 29.038580, 0.0)
(43.137119, 29.042557, 0.0)
(43.107010, 29.008968, 0.0)
(43.105301, 28.999590, 0.0)
(43.194195, 29.006186, 0.0)
(43.190128, 28.989897, 0.0)
(43.178047, 28.953226, 0.0)
(43.100132, 28.022293, 0.0)
(43.063282, 27.913946, 0.0)
(43.128517, 27.834301, 0.0)
(43.195122, 27.788734, 0.0)
(43.117069, 27.824287, 0.0)
(43.087143, 27.822786, 0.0)
(43.125610, 27.844637, 0.0)
(43.118206, 27.870348, 0.0)
(43.082134, 27.851879, 0.0)
(43.102909, 27.847937, 0.0)
(43.088467, 27.864473, 0.0)
(43.049721, 27.916063, 0.0)
(43.060345, 27.937870, 0.0)
(42.245045, 27.505447, 0.0)
(42.208561, 27.493509, 0.0)
(42.220688, 27.513203, 0.0)
(42.176117, 27.533873, 0.0)
(42.615719, 28.468550, 0.0)
(42.748390, 28.798758, 0.0)
(42.641754, 28.824863, 0.0)
(42.628677, 28.884146, 0.0)
(42.952545, 29.574907, 0.0)
(43.186813, 30.934238, 0.0)
(43.234779, 31.016525, 0.0)
(43.209965, 31.019011, 0.0)
(43.177399, 31.005606, 0.0)
(43.197811, 31.031357, 0.0)
(43.205006, 31.060055, 0.0)
(43.215710, 31.059666, 0.0)
(43.214237, 31.137079, 0.0)
(43.161465, 31.135839, 0.0)
(43.278694, 31.973078, 0.0)
(43.316795, 32.150307, 0.0)
(43.281467, 32.121811, 0.0)
(43.273830, 32.130966, 0.0)
(43.258667, 32.163677, 0.0)
(43.249607, 32.206272, 0.0)
(43.255581, 32.220646, 0.0)
(43.270790, 32.238140, 0.0)
(43.259693, 32.290092, 0.0)
(43.229225, 33.601536, 0.0)
(43.220543, 33.837612, 0.0)
(43.249752, 33.783859, 0.0)
(43.258968, 33.894417, 0.0)
(43.228748, 33.920532, 0.0)
(43.205307, 33.886299, 0.0)
(43.235374, 33.793457, 0.0)
(43.258255, 33.786205, 0.0)
(43.211525, 33.831890, 0.0)
(43.200237, 33.839142, 0.0)
(43.226139, 33.816040, 0.0)
(43.210907, 33.865440, 0.0)
(43.191677, 33.879833, 0.0)
(43.212658, 33.847549, 0.0)
(43.213921, 33.844143, 0.0)
(43.214764, 33.834389, 0.0)
(43.194782, 33.875450, 0.0)
(43.191280, 33.872211, 0.0)
(43.190552, 33.893070, 0.0)
(43.179543, 33.938152, 0.0)
(43.177975, 33.833557, 0.0)
(43.217529, 33.725922, 0.0)
(43.207779, 33.722012, 0.0)
(43.206993, 33.784660, 0.0)
(43.185787, 33.827389, 0.0)
(43.195431, 33.867676, 0.0)
(43.212509, 33.851086, 0.0)
(43.159515, 33.880325, 0.0)
(43.154434, 33.875080, 0.0)
(43.163860, 33.753441, 0.0)
(43.180744, 33.735233, 0.0)
(43.147835, 33.721291, 0.0)
(43.163670, 33.732510, 0.0)
(43.186378, 33.736477, 0.0)
(43.141033, 33.720081, 0.0)
(43.150776, 33.640442, 0.0)
(43.242233, 33.578331, 0.0)
(43.194016, 33.537071, 0.0)
(43.146626, 33.522026, 0.0)
(42.724369, 32.399616, 0.0)
(42.680889, 31.536339, 0.0)
(42.707306, 31.488062, 0.0)
(42.797440, 31.507868, 0.0)
(42.785732, 31.500017, 0.0)
(42.774700, 31.497347, 0.0)
(42.788578, 31.529364, 0.0)
(42.788342, 31.531343, 0.0)
(42.785904, 31.532198, 0.0)
(42.702782, 31.294222, 0.0)
(42.376892, 29.260633, 0.0)
(42.431011, 29.097395, 0.0)
(42.480522, 29.133440, 0.0)
(42.422935, 29.182447, 0.0)
(42.369057, 29.189690, 0.0)
(42.409763, 29.225641, 0.0)
(42.380501, 29.200300, 0.0)
(42.388069, 29.146257, 0.0)
(42.431515, 29.157150, 0.0)
(42.438576, 29.124107, 0.0)
(42.406528, 29.140375, 0.0)
(42.408585, 29.222893, 0.0)
(42.213943, 28.033428, 0.0)
(42.097481, 27.524643, 0.0)
(42.087208, 27.540749, 0.0)
(42.074852, 27.540287, 0.0)
(42.102314, 27.438719, 0.0)
(42.170708, 27.414806, 0.0)
(42.103065, 27.434292, 0.0)
(42.087181, 27.443464, 0.0)
(42.107471, 27.515919, 0.0)
(42.049713, 27.473675, 0.0)
(42.085884, 27.466202, 0.0)
(42.115299, 27.428717, 0.0)
(42.062996, 27.447290, 0.0)
(42.038589, 27.449453, 0.0)
(42.063911, 27.490047, 0.0)
(42.076538, 27.562380, 0.0)
(42.066681, 27.639742, 0.0)
(42.015297, 27.670914, 0.0)
(41.268379, 27.328304, 0.0)
(41.304195, 27.292675, 0.0)
(41.340214, 27.248426, 0.0)
(41.271858, 27.301683, 0.0)
(41.242634, 27.388494, 0.0)
(41.495846, 28.041025, 0.0)
(41.900394, 29.605173, 0.0)
(41.885921, 29.746729, 0.0)
(41.833504, 29.766464, 0.0)
(41.804981, 29.767681, 0.0)
(41.850422, 29.786804, 0.0)
(41.873367, 29.846302, 0.0)
(42.321209, 31.495724, 0.0)
(42.444260, 31.997070, 0.0)
(42.401852, 32.063675, 0.0)
(42.406040, 32.004253, 0.0)
(42.483795, 31.945511, 0.0)
(42.471046, 31.926931, 0.0)
(42.409195, 32.010345, 0.0)
(42.420513, 32.037445, 0.0)
(42.409824, 32.058220, 0.0)
(42.343567, 32.064213, 0.0)
(42.341461, 32.152687, 0.0)
(42.183086, 32.819962, 0.0)
(42.144341, 32.882248, 0.0)
(42.197910, 32.869598, 0.0)
(42.205048, 32.842010, 0.0)
(42.202393, 32.813641, 0.0)
(42.245106, 32.792374, 0.0)
(42.279411, 32.884842, 0.0)
(42.586037, 33.738262, 0.0)
(42.671745, 33.872780, 0.0)
(42.585625, 33.920860, 0.0)
(42.492981, 33.961304, 0.0)
(42.531387, 34.217033, 0.0)
(42.434101, 35.115353, 0.0)
(42.411949, 35.191528, 0.0)
(42.426426, 35.171867, 0.0)
(42.395008, 35.166634, 0.0)
(42.346188, 35.145107, 0.0)
(42.345371, 35.186287, 0.0)
(42.362221, 35.188255, 0.0)
(42.380661, 35.196613, 0.0)
(42.362675, 35.203362, 0.0)
(42.317665, 35.136341, 0.0)
(42.318604, 35.105873, 0.0)
(42.365471, 35.061115, 0.0)
(42.329014, 35.060257, 0.0)
(42.320942, 35.071907, 0.0)
(42.323692, 35.078159, 0.0)
(42.316177, 35.072674, 0.0)
(42.323898, 35.054569, 0.0)
(42.338184, 35.002159, 0.0)
(42.060066, 34.940693, 0.0)
(41.089539, 34.516510, 0.0)
(41.071869, 34.478981, 0.0)
(41.110851, 34.486038, 0.0)
(41.099731, 34.487747, 0.0)
(41.071331, 34.520248, 0.0)
(41.014126, 34.484474, 0.0)
(41.064972, 34.412273, 0.0)
(41.127895, 34.323647, 0.0)
(41.379726, 33.833721, 0.0)
(41.668148, 33.041103, 0.0)
(41.669037, 32.970959, 0.0)
(41.653297, 32.970196, 0.0)
(41.668526, 32.963276, 0.0)
(41.671768, 32.918530, 0.0)
(41.682693, 32.903652, 0.0)
(41.663670, 32.593361, 0.0)
(41.660084, 30.198971, 0.0)
(41.690582, 30.073847, 0.0)
(41.692295, 30.099642, 0.0)
(41.665470, 30.095879, 0.0)
(41.628929, 30.132082, 0.0)
(41.670254, 30.068949, 0.0)
(41.735245, 29.995939, 0.0)
(41.703350, 30.022604, 0.0)
(41.658371, 30.034161, 0.0)
(41.668804, 30.022678, 0.0)
(41.229313, 28.774826, 0.0)
(41.192314, 28.608788, 0.0)
(41.214848, 28.682503, 0.0)
(41.199715, 28.656612, 0.0)
(41.184029, 28.617476, 0.0)
(41.196159, 28.635822, 0.0)
(41.192726, 28.626350, 0.0)
(41.174667, 28.628548, 0.0)
(41.179852, 28.638695, 0.0)
(40.888779, 27.728506, 0.0)
(40.831680, 27.023529, 0.0)
(40.921841, 26.964832, 0.0)
(40.901524, 26.971964, 0.0)
(40.842484, 26.985022, 0.0)
(40.872944, 27.001493, 0.0)
(40.887512, 27.032328, 0.0)
(40.891430, 27.099833, 0.0)
(40.920437, 27.154083, 0.0)
(40.898491, 27.222298, 0.0)
(40.898491, 27.222298, 0.0)
(40.907475, 27.225563, 0.0)
(40.922768, 27.162348, 0.0)
(40.942238, 27.133123, 0.0)
(40.924042, 27.162426, 0.0)
(40.833889, 27.211428, 0.0)
(40.762783, 27.264009, 0.0)
(40.441860, 27.157831, 0.0)
(40.045662, 26.996054, 0.0)
(39.997635, 27.010717, 0.0)
(40.028263, 27.002026, 0.0)
(40.306992, 28.106010, 0.0)
(40.703602, 29.586367, 0.0)
(40.685223, 29.685631, 0.0)
(40.634232, 29.753504, 0.0)
(40.585922, 29.730860, 0.0)
(40.879929, 30.787626, 0.0)
(41.208652, 32.501186, 0.0)
(41.127647, 32.768162, 0.0)
(41.115021, 32.746067, 0.0)
(41.089485, 32.698074, 0.0)
(41.023045, 32.618420, 0.0)
(41.100040, 32.575550, 0.0)
(41.167782, 32.531147, 0.0)
(41.090355, 32.549309, 0.0)
(41.044933, 32.562710, 0.0)
(41.081528, 32.640434, 0.0)
(41.088181, 32.620922, 0.0)
(41.147236, 32.633884, 0.0)
(41.131359, 32.681156, 0.0)
(41.041420, 32.662945, 0.0)
(41.003418, 32.757954, 0.0)
(41.007420, 32.777992, 0.0)
(41.049263, 32.832634, 0.0)
(41.063225, 32.858200, 0.0)
(40.989021, 32.843410, 0.0)
(41.011669, 32.823357, 0.0)
(41.066437, 32.804230, 0.0)
(41.107174, 33.057365, 0.0)
(41.108597, 34.515045, 0.0)
(41.083241, 34.725910, 0.0)
(41.067448, 34.748199, 0.0)
(41.081116, 34.723194, 0.0)
(41.078899, 34.706123, 0.0)
(41.065224, 34.676826, 0.0)
(41.060059, 34.647797, 0.0)
(41.052578, 34.648804, 0.0)
(41.067905, 34.652836, 0.0)
(41.065334, 34.663616, 0.0)
(41.078892, 34.719948, 0.0)
(41.031414, 34.718090, 0.0)
(41.063583, 34.613525, 0.0)
(41.133545, 34.565693, 0.0)
(41.053596, 34.607719, 0.0)
(41.024281, 34.580921, 0.0)
(41.047657, 34.637383, 0.0)
(41.029922, 34.639084, 0.0)
(41.025143, 34.651047, 0.0)
(41.031345, 34.651627, 0.0)
(40.991074, 34.586231, 0.0)
(40.858635, 34.629536, 0.0)
(39.583817, 34.554180, 0.0)
(39.550816, 34.528618, 0.0)
(39.635647, 34.495247, 0.0)
(39.556793, 34.518333, 0.0)
(39.571358, 34.470608, 0.0)
(39.633694, 34.402790, 0.0)
(39.643627, 34.338322, 0.0)
(39.586914, 34.347141, 0.0)
(39.611988, 34.344429, 0.0)
(39.637768, 34.314693, 0.0)
(39.598858, 34.272903, 0.0)
(40.156010, 32.552616, 0.0)
(40.169502, 32.068546, 0.0)
(40.148243, 32.052410, 0.0)
(40.130718, 32.070457, 0.0)
(40.122215, 32.074234, 0.0)
(40.121021, 32.069195, 0.0)
(40.139297, 32.088120, 0.0)
(40.067192, 32.090420, 0.0)
(40.083496, 32.041237, 0.0)
(40.180584, 31.943331, 0.0)
(40.120838, 31.931229, 0.0)
(40.081139, 31.939264, 0.0)
(39.993134, 31.634216, 0.0)
(39.819401, 29.443670, 0.0)
(39.821186, 29.412447, 0.0)
(39.834316, 29.467302, 0.0)
(39.780495, 29.526234, 0.0)
(39.782482, 29.522839, 0.0)
(39.790440, 29.548405, 0.0)
(39.774189, 29.552845, 0.0)
(39.819904, 29.524857, 0.0)
(39.800163, 29.474157, 0.0)
(39.757084, 29.486841, 0.0)
(39.712440, 29.479334, 0.0)
(39.803837, 29.359758, 0.0)
(39.669891, 28.800665, 0.0)
(39.566441, 27.993343, 0.0)
(39.589458, 27.964626, 0.0)
(39.608395, 27.952906, 0.0)
(39.485645, 27.652082, 0.0)
(39.329762, 26.771473, 0.0)
(39.337807, 26.738430, 0.0)
(39.344475, 26.761896, 0.0)
(39.352459, 26.841900, 0.0)
(39.283569, 26.913410, 0.0)
(39.278755, 26.927212, 0.0)
(39.333260, 26.951443, 0.0)
(39.311115, 26.988541, 0.0)
(39.246807, 26.960726, 0.0)
(39.291355, 26.898499, 0.0)
(39.392544, 26.855663, 0.0)
(38.579952, 27.919855, 0.0)
(38.428516, 28.560978, 0.0)
(38.426388, 28.604437, 0.0)
(38.438179, 28.684175, 0.0)
(38.420097, 28.684521, 0.0)
(38.465046, 28.816265, 0.0)
(38.997509, 30.553612, 0.0)
(38.906780, 30.705542, 0.0)
(38.911129, 30.738394, 0.0)
(38.905544, 30.800491, 0.0)
(38.899994, 30.793686, 0.0)
(38.911938, 30.834730, 0.0)
(38.894924, 30.845642, 0.0)
(38.848114, 30.846817, 0.0)
(38.920261, 30.851454, 0.0)
(38.960209, 30.847878, 0.0)
(39.344395, 31.768576, 0.0)
(39.425648, 32.363033, 0.0)
(39.402359, 32.409088, 0.0)
(39.390537, 32.423317, 0.0)
(39.373817, 32.386295, 0.0)
(39.412037, 32.397621, 0.0)
(39.372227, 32.406868, 0.0)
(39.337879, 32.468082, 0.0)
(39.349689, 32.502911, 0.0)
(39.272621, 33.693577, 0.0)
(39.238129, 33.886860, 0.0)
(39.252354, 33.889626, 0.0)
(39.230698, 33.903946, 0.0)
(39.176502, 33.873219, 0.0)
(39.230816, 33.845528, 0.0)
(39.266037, 33.830711, 0.0)
(39.199707, 33.902863, 0.0)
(39.182987, 33.934795, 0.0)
(39.206005, 33.957840, 0.0)
(39.180813, 33.959160, 0.0)
(39.185337, 33.954315, 0.0)
(39.194767, 33.962337, 0.0)
(39.177315, 33.968620, 0.0)
(39.156738, 33.979176, 0.0)
(39.157597, 33.982277, 0.0)
(39.163952, 33.972931, 0.0)
(39.175644, 33.984741, 0.0)
(39.192146, 33.973606, 0.0)
(39.195377, 33.975971, 0.0)
(39.165993, 34.000076, 0.0)
(39.178009, 33.965160, 0.0)
(39.226315, 33.904411, 0.0)
(39.200157, 33.916660, 0.0)
(39.169147, 33.937683, 0.0)
(39.206749, 33.919659, 0.0)
(39.200504, 33.935349, 0.0)
(39.159496, 33.929607, 0.0)
(39.164631, 33.923923, 0.0)
(38.552601, 34.041904, 0.0)
(38.289566, 34.091648, 0.0)
(38.301430, 34.095524, 0.0)
(38.309341, 34.127163, 0.0)
(38.278873, 34.124046, 0.0)
(38.266743, 34.139206, 0.0)
(38.285480, 34.133522, 0.0)
(38.293301, 34.088104, 0.0)
(38.266109, 34.078129, 0.0)
(38.241192, 34.024025, 0.0)
(38.263794, 33.984386, 0.0)
(38.263756, 34.012394, 0.0)
(38.245174, 34.002308, 0.0)
(38.259129, 34.036182, 0.0)
(38.250637, 34.014347, 0.0)
(37.952095, 31.425926, 0.0)
(37.971397, 30.490995, 0.0)
(37.933064, 30.475317, 0.0)
(37.910122, 30.521914, 0.0)
(37.883827, 30.592619, 0.0)
(37.877625, 30.641953, 0.0)
(37.520931, 29.396456, 0.0)
(37.492020, 28.199730, 0.0)
(37.447750, 28.239874, 0.0)
(37.424709, 28.253300, 0.0)
(37.316891, 28.082697, 0.0)
(37.194504, 28.843706, 0.0)
(37.487568, 29.237566, 0.0)
(37.250473, 27.977005, 0.0)
(37.333450, 27.860203, 0.0)
(37.348995, 28.040194, 0.0)
(37.309055, 28.139774, 0.0)
(37.368992, 28.184616, 0.0)
(37.401257, 28.190617, 0.0)
(37.402565, 28.152369, 0.0)
(37.424065, 28.164249, 0.0)
(37.122723, 27.612423, 0.0)
(37.014103, 27.402670, 0.0)
(37.063847, 27.361988, 0.0)
(37.121338, 27.312811, 0.0)
(37.078209, 27.374979, 0.0)
(37.027882, 27.363260, 0.0)
(37.054928, 27.374266, 0.0)
(37.052784, 27.426384, 0.0)
(37.045784, 27.391926, 0.0)
(37.092209, 27.396072, 0.0)
(37.098499, 27.396946, 0.0)
(37.068920, 27.393610, 0.0)
(37.022961, 27.467390, 0.0)
(36.961338, 27.505587, 0.0)
(36.521179, 29.010685, 0.0)
(36.468380, 29.237932, 0.0)
(36.429653, 29.173582, 0.0)
(36.381390, 29.202724, 0.0)
(36.390507, 29.117216, 0.0)
(36.419350, 29.079449, 0.0)
(36.361469, 29.161777, 0.0)
(36.517735, 29.458672, 0.0)
(37.061028, 30.937550, 0.0)
(37.035065, 31.054852, 0.0)
(36.991627, 31.061646, 0.0)
(36.985229, 31.098803, 0.0)
(36.965782, 31.116131, 0.0)
(36.962585, 31.166695, 0.0)
(36.985477, 31.190559, 0.0)
(37.490082, 32.724525, 0.0)
(37.473701, 33.157719, 0.0)
(37.415127, 33.156326, 0.0)
(37.356747, 33.180126, 0.0)
(37.353748, 33.137688, 0.0)
(37.435940, 33.045547, 0.0)
(37.415535, 33.047550, 0.0)
(37.367374, 33.328754, 0.0)
(37.559521, 35.343811, 0.0)
(37.622684, 35.566330, 0.0)
(37.571308, 35.532120, 0.0)
(37.491035, 35.597519, 0.0)
(37.443497, 35.614964, 0.0)
(37.463905, 35.587311, 0.0)
(37.450893, 35.610836, 0.0)
(37.371124, 35.617302, 0.0)
(37.350471, 35.621159, 0.0)
(37.427685, 35.661503, 0.0)
(37.739639, 37.154499, 0.0)
(37.724220, 37.348751, 0.0)
(37.725014, 37.248592, 0.0)
(37.741962, 37.243877, 0.0)
(37.642723, 37.211071, 0.0)
(37.670635, 37.144878, 0.0)
(37.720413, 37.187172, 0.0)
(37.690250, 37.202282, 0.0)
(37.678604, 37.153580, 0.0)
(37.693581, 37.181244, 0.0)
(37.607430, 37.140644, 0.0)
(37.586411, 37.150814, 0.0)
(37.624126, 37.147156, 0.0)
(37.639763, 37.158691, 0.0)
(37.622341, 37.143444, 0.0)
(37.650383, 37.184513, 0.0)
(37.615452, 37.153545, 0.0)
(37.584724, 37.094517, 0.0)
(37.381199, 37.180161, 0.0)
(36.663746, 37.447906, 0.0)
(36.613319, 37.461590, 0.0)
(36.623768, 37.467091, 0.0)
(36.637211, 37.472755, 0.0)
(36.621792, 37.486088, 0.0)
(36.618568, 37.474781, 0.0)
(36.359943, 35.792076, 0.0)
(36.264977, 34.431644, 0.0)
(36.175751, 34.327080, 0.0)
(36.110744, 34.288582, 0.0)
(36.123718, 34.268837, 0.0)
(36.102512, 34.276192, 0.0)
(36.085098, 34.202904, 0.0)
(36.070095, 34.098087, 0.0)
(36.174843, 33.169304, 0.0)
(36.194981, 32.378422, 0.0)
(36.228672, 35.677673, 0.0)
(36.280170, 33.229671, 0.0)
(36.164589, 31.800375, 0.0)
(36.066544, 30.932764, 0.0)
(36.045982, 30.697767, 0.0)
(36.056221, 30.745693, 0.0)
(36.098068, 30.785227, 0.0)
(36.125786, 30.829952, 0.0)
(36.100296, 30.832754, 0.0)
(36.065407, 30.857189, 0.0)
(36.076462, 30.826048, 0.0)
(35.434532, 30.040350, 0.0)
(35.378399, 29.606047, 0.0)
(35.324951, 29.610292, 0.0)
(35.321827, 29.636709, 0.0)
(35.345367, 29.616590, 0.0)
(35.401821, 29.108028, 0.0)
(35.488525, 27.677385, 0.0)
(35.475067, 27.700899, 0.0)
(35.424301, 27.713190, 0.0)
(35.396572, 27.706434, 0.0)
(35.400463, 27.743216, 0.0)
(35.405972, 27.731869, 0.0)
(35.343735, 27.355497, 0.0)
(35.204391, 27.089146, 0.0)
(35.247189, 27.051025, 0.0)
(35.294796, 26.986105, 0.0)
(35.269131, 26.972246, 0.0)
(35.229092, 26.993305, 0.0)
(35.254601, 27.017727, 0.0)
(35.260597, 27.041479, 0.0)
(35.214764, 27.098593, 0.0)
(35.234722, 27.151955, 0.0)
(35.205570, 27.217752, 0.0)
(34.461109, 27.590574, 0.0)
(34.280849, 27.853695, 0.0)
(34.269337, 27.895128, 0.0)
(34.269146, 27.885904, 0.0)
(34.225861, 28.003914, 0.0)
(34.181099, 28.271225, 0.0)
(34.741276, 29.386875, 0.0)
(34.841724, 29.479908, 0.0)
(34.778122, 29.463100, 0.0)
(34.735565, 29.470436, 0.0)
(34.747032, 29.547169, 0.0)
(34.742710, 29.594389, 0.0)
(34.794556, 30.062208, 0.0)
(34.948009, 31.493698, 0.0)
(34.921085, 31.655518, 0.0)
(34.880886, 31.614178, 0.0)
(34.877949, 31.630110, 0.0)
(34.823421, 31.603437, 0.0)
(34.838074, 31.606026, 0.0)
(34.851097, 31.617041, 0.0)
(34.981258, 32.084198, 0.0)
(35.180111, 33.149284, 0.0)
(35.230160, 33.224556, 0.0)
(35.242413, 33.168358, 0.0)
(35.236256, 33.163910, 0.0)
(35.238010, 33.165771, 0.0)
(35.254436, 33.132996, 0.0)
(35.478638, 34.618061, 0.0)
(35.466450, 35.245029, 0.0)
(35.368748, 35.339783, 0.0)
(35.281235, 35.348572, 0.0)
(35.311779, 35.334995, 0.0)
(35.299110, 35.329132, 0.0)
(35.483295, 35.878540, 0.0)
(35.605476, 36.938061, 0.0)
(35.573910, 36.945843, 0.0)
(35.590164, 36.865189, 0.0)
(35.611603, 36.811741, 0.0)
(35.543907, 36.833309, 0.0)
(35.539921, 36.850773, 0.0)
(35.533459, 36.877815, 0.0)
(35.530609, 36.865959, 0.0)
(35.484482, 36.946583, 0.0)
(35.471466, 36.971672, 0.0)
(35.490032, 36.945049, 0.0)
(35.522423, 36.909191, 0.0)
(35.503952, 36.982754, 0.0)
(35.495510, 36.988323, 0.0)
(35.487614, 37.030743, 0.0)
(35.476322, 37.091198, 0.0)
(35.483192, 37.029064, 0.0)
(35.503822, 36.996052, 0.0)
(35.453499, 37.034760, 0.0)
(35.386059, 37.029110, 0.0)
(35.247879, 37.119675, 0.0)
(34.472797, 37.258579, 0.0)
(34.367817, 37.348404, 0.0)
(34.403271, 37.345768, 0.0)
(34.381344, 37.335983, 0.0)
(34.367504, 37.310745, 0.0)
(34.379749, 37.206680, 0.0)
(34.307819, 34.686344, 0.0)
(34.178356, 34.540520, 0.0)
(34.073254, 34.523361, 0.0)
(33.999611, 34.438629, 0.0)
(34.045441, 34.340919, 0.0)
(34.121258, 34.233883, 0.0)
(34.021278, 34.223640, 0.0)
(34.024700, 33.744057, 0.0)
(34.070133, 30.906958, 0.0)
(34.045635, 30.708437, 0.0)
(34.079628, 30.771757, 0.0)
(34.129784, 30.746807, 0.0)
(34.078396, 30.763189, 0.0)
(34.056126, 30.748747, 0.0)
(34.108562, 30.734446, 0.0)
(34.138721, 30.711376, 0.0)
(34.139523, 30.719999, 0.0)
(34.160904, 30.715206, 0.0)
(34.129353, 30.732210, 0.0)
(34.173153, 30.643511, 0.0)
(34.242756, 30.663446, 0.0)
(33.997654, 28.905218, 0.0)
(33.928478, 27.122149, 0.0)
(33.928932, 27.259539, 0.0)
(33.918388, 27.288687, 0.0)
(33.875679, 27.307692, 0.0)
(33.895336, 27.337667, 0.0)
(33.868797, 27.333284, 0.0)
(33.860275, 27.897722, 0.0)
(33.942673, 28.840498, 0.0)
(33.756870, 27.921249, 0.0)
(33.828587, 27.971260, 0.0)
(33.885288, 28.066027, 0.0)
(33.809978, 28.145565, 0.0)
(33.776176, 28.204660, 0.0)
(33.784916, 28.229748, 0.0)
(33.762501, 28.254414, 0.0)
(33.724304, 28.309526, 0.0)
(33.640640, 28.323236, 0.0)
(33.581253, 28.346167, 0.0)
(33.583298, 28.347284, 0.0)
(33.608612, 28.288916, 0.0)
(32.647881, 28.635826, 0.0)
(32.560364, 28.689081, 0.0)
(32.565083, 28.685514, 0.0)
(32.477734, 28.722595, 0.0)
(32.509033, 28.640699, 0.0)
(32.574928, 28.620647, 0.0)
(32.481686, 28.625139, 0.0)
(32.474712, 29.445175, 0.0)
(32.727367, 30.504459, 0.0)
(32.724339, 30.571541, 0.0)
(32.691395, 30.550976, 0.0)
(32.658127, 30.598286, 0.0)
(32.640453, 30.681749, 0.0)
(33.419067, 32.739330, 0.0)
(33.490513, 33.285412, 0.0)
(33.437450, 33.325687, 0.0)
(33.407047, 33.347725, 0.0)
(33.364620, 33.324173, 0.0)
(33.299522, 33.351025, 0.0)
(33.340504, 33.403870, 0.0)
(33.779640, 35.723289, 0.0)
(33.948513, 36.529831, 0.0)
(33.903053, 36.575424, 0.0)
(33.840092, 36.523315, 0.0)
(33.874065, 36.488293, 0.0)
(33.855602, 36.436867, 0.0)
(33.867657, 36.431343, 0.0)
(33.793839, 36.489674, 0.0)
(33.789783, 36.513393, 0.0)
(33.373302, 37.046810, 0.0)
(33.302540, 37.257816, 0.0)
(33.311886, 37.220863, 0.0)
(33.273125, 37.269192, 0.0)
(33.241234, 37.315762, 0.0)
(33.215034, 37.307961, 0.0)
(33.287304, 37.311680, 0.0)
(33.618965, 38.337910, 0.0)
(33.569286, 38.441673, 0.0)
(33.558674, 38.441742, 0.0)
(33.571217, 38.524021, 0.0)
(33.579460, 38.537502, 0.0)
(33.657005, 38.484993, 0.0)
(33.592972, 38.570976, 0.0)
(33.668121, 38.589371, 0.0)
(33.726799, 38.578182, 0.0)
(33.754219, 38.584141, 0.0)
(33.747894, 38.563522, 0.0)
(33.741631, 38.592018, 0.0)
(33.733192, 38.630489, 0.0)
(33.660229, 38.634148, 0.0)
(33.672409, 38.583012, 0.0)
(33.794647, 38.523151, 0.0)
(33.754318, 38.502869, 0.0)
(33.272697, 38.631302, 0.0)
(32.418495, 38.431030, 0.0)
(32.345295, 38.445740, 0.0)
(32.331345, 38.389488, 0.0)
(32.295975, 38.425175, 0.0)
(32.270657, 38.411312, 0.0)
(32.340576, 38.006615, 0.0)
(32.464912, 36.328243, 0.0)
(32.275738, 34.268623, 0.0)
(31.957117, 32.875423, 0.0)
(31.881987, 32.254585, 0.0)
(31.908369, 32.109764, 0.0)
(31.933695, 32.078468, 0.0)
(31.918781, 32.057171, 0.0)
(31.916510, 32.091133, 0.0)
(31.922125, 32.119946, 0.0)
(31.918108, 32.146076, 0.0)
(31.936312, 32.137726, 0.0)
(31.943432, 32.168545, 0.0)
(31.917961, 32.200096, 0.0)
(31.905544, 32.170803, 0.0)
(31.918848, 32.179928, 0.0)
(31.922211, 32.209042, 0.0)
(31.924261, 32.174026, 0.0)
(31.915489, 32.172234, 0.0)
(31.918715, 32.107422, 0.0)
(31.964592, 32.038261, 0.0)
(31.944693, 32.025730, 0.0)
(31.914408, 31.346775, 0.0)
(32.002888, 30.254675, 0.0)
(32.022835, 30.191269, 0.0)
(31.996668, 30.234489, 0.0)
(31.952456, 30.250704, 0.0)
(31.774426, 29.013826, 0.0)
(31.913557, 28.040758, 0.0)
(31.922167, 28.091593, 0.0)
(31.911364, 28.121265, 0.0)
(31.892494, 28.142752, 0.0)
(31.840183, 28.180840, 0.0)
(31.781040, 28.211479, 0.0)
(31.828619, 28.140408, 0.0)
(31.885315, 28.071093, 0.0)
(31.815029, 28.109829, 0.0)
(31.758814, 28.160789, 0.0)
(31.759188, 28.173248, 0.0)
(31.785048, 28.206377, 0.0)
(31.768785, 28.217180, 0.0)
(31.757391, 28.291172, 0.0)
(31.735279, 28.402601, 0.0)
(31.710487, 28.449333, 0.0)
(31.738594, 28.507057, 0.0)
(30.953135, 29.000570, 0.0)
(30.772566, 29.140228, 0.0)
(30.772127, 29.135834, 0.0)
(30.761438, 29.077505, 0.0)
(30.803623, 28.997763, 0.0)
(31.148796, 30.016235, 0.0)
(31.184370, 30.592833, 0.0)
(31.152634, 30.679293, 0.0)
(31.150864, 30.719929, 0.0)
(31.120813, 30.751431, 0.0)
(31.139730, 30.674419, 0.0)
(31.616865, 32.983212, 0.0)
(31.646275, 34.651043, 0.0)
(31.276470, 33.238800, 0.0)
(31.298485, 32.633484, 0.0)
(31.461275, 32.388268, 0.0)
(31.461946, 32.413204, 0.0)
(31.397356, 32.498905, 0.0)
(31.583815, 33.145844, 0.0)
(31.678131, 36.241810, 0.0)
(31.664778, 35.755688, 0.0)
(31.502077, 35.481438, 0.0)
(31.404886, 35.346958, 0.0)
(31.415071, 35.272911, 0.0)
(31.382629, 35.309010, 0.0)
(31.394064, 35.348598, 0.0)
(31.361097, 35.337776, 0.0)
(31.346411, 35.362797, 0.0)
(31.999632, 36.971199, 0.0)
(32.092300, 37.726231, 0.0)
(32.032433, 37.825314, 0.0)
(31.989573, 37.792877, 0.0)
(31.980753, 37.870937, 0.0)
(32.012848, 37.792336, 0.0)
(32.049751, 37.708233, 0.0)
(32.015614, 37.799568, 0.0)
(31.976894, 37.814423, 0.0)
(31.924839, 38.042038, 0.0)
(31.994841, 38.426949, 0.0)
(31.982986, 38.480350, 0.0)
(31.991539, 38.514805, 0.0)
(31.964066, 38.574078, 0.0)
(31.944132, 38.513676, 0.0)
(31.986816, 38.495983, 0.0)
(31.964994, 38.493168, 0.0)
(31.924200, 38.507755, 0.0)
(31.959368, 38.523418, 0.0)
(31.955658, 38.547863, 0.0)
(31.942406, 38.543392, 0.0)
(31.921164, 38.565517, 0.0)
(31.907452, 38.573036, 0.0)
(31.937374, 38.545509, 0.0)
(31.931330, 38.542862, 0.0)
(31.922585, 38.552284, 0.0)
(31.901440, 38.563160, 0.0)
(31.870407, 38.592709, 0.0)
(31.715082, 38.476433, 0.0)
(30.863770, 35.134117, 0.0)
(30.779829, 34.585125, 0.0)
(30.680948, 34.555923, 0.0)
(30.642746, 34.540825, 0.0)
(30.632658, 34.551308, 0.0)
(30.627596, 34.493996, 0.0)
(30.616297, 34.457699, 0.0)
(30.620481, 34.503334, 0.0)
(30.586042, 34.508816, 0.0)
(30.585701, 34.454704, 0.0)
(30.582706, 34.441181, 0.0)
(30.537670, 34.365616, 0.0)
(30.166853, 32.146957, 0.0)
(30.107250, 31.687134, 0.0)
(30.060133, 31.622475, 0.0)
(30.094530, 31.552755, 0.0)
(30.140106, 31.530678, 0.0)
(30.074062, 31.527773, 0.0)
(30.040525, 31.046925, 0.0)
(30.048689, 29.396111, 0.0)
(30.032917, 29.316410, 0.0)
(30.027498, 29.447533, 0.0)
(30.007181, 29.495445, 0.0)
(29.958767, 29.521597, 0.0)
(29.959337, 29.532207, 0.0)
(29.958763, 29.563873, 0.0)
(29.928465, 29.626171, 0.0)
(29.907923, 29.675718, 0.0)
(29.873823, 29.656261, 0.0)
(29.865395, 29.655935, 0.0)
(29.921137, 29.582371, 0.0)
(29.930256, 29.576303, 0.0)
(29.898031, 29.615580, 0.0)
(29.908298, 29.603086, 0.0)
(29.928648, 29.633192, 0.0)
(29.886332, 29.625256, 0.0)
(29.913782, 29.588436, 0.0)
(29.918058, 29.636293, 0.0)
(29.859301, 29.650700, 0.0)
(29.838341, 29.680128, 0.0)
(29.846590, 29.752447, 0.0)
(29.838266, 29.759930, 0.0)
(29.811174, 29.814274, 0.0)
(29.053856, 30.490814, 0.0)
(28.929049, 30.581881, 0.0)
(28.955912, 30.508879, 0.0)
(28.940485, 30.522371, 0.0)
(28.891571, 30.597879, 0.0)
(28.932035, 30.937742, 0.0)
(29.283768, 32.293648, 0.0)
(29.295591, 32.477856, 0.0)
(29.270199, 32.468704, 0.0)
(29.247314, 32.446163, 0.0)
(29.237804, 32.486294, 0.0)
(29.211535, 32.530407, 0.0)
(29.209576, 32.558453, 0.0)
(29.231321, 32.588043, 0.0)
(29.286320, 32.579647, 0.0)
(29.185673, 32.642384, 0.0)
(29.162504, 32.637630, 0.0)
(29.275557, 32.530399, 0.0)
(29.380604, 33.241356, 0.0)
(29.369200, 33.636951, 0.0)
(29.368437, 33.613625, 0.0)
(29.381651, 33.697468, 0.0)
(29.345551, 33.718063, 0.0)
(29.324032, 33.728855, 0.0)
(29.311085, 33.777187, 0.0)
(29.837252, 35.169025, 0.0)
(29.783722, 35.849674, 0.0)
(29.719652, 35.969177, 0.0)
(29.654652, 36.020462, 0.0)
(29.625908, 36.051933, 0.0)
(29.584520, 36.131943, 0.0)
(29.583643, 36.054752, 0.0)
(29.632019, 35.993793, 0.0)
(29.620155, 36.021778, 0.0)
(29.577295, 36.092163, 0.0)
(29.578690, 36.175850, 0.0)
(29.597355, 36.226616, 0.0)
(29.896406, 37.152557, 0.0)
(30.190821, 38.132359, 0.0)
(30.183460, 38.187611, 0.0)
(30.123817, 38.131042, 0.0)
(30.121849, 38.184067, 0.0)
(30.098120, 38.234474, 0.0)
(30.102268, 38.255768, 0.0)
(30.122952, 38.328583, 0.0)
(30.073500, 38.288643, 0.0)
(30.082903, 38.284595, 0.0)
(30.104385, 38.261387, 0.0)
(30.074858, 38.266415, 0.0)
(30.090361, 38.292336, 0.0)
(30.110495, 38.313023, 0.0)
(30.067289, 38.361973, 0.0)
(30.037930, 38.365112, 0.0)
(30.033825, 38.312576, 0.0)
(29.615694, 38.245350, 0.0)
(29.500460, 38.109585, 0.0)
(29.537628, 38.061729, 0.0)
(29.542728, 38.126572, 0.0)
(29.740847, 38.837425, 0.0)
(28.786665, 36.155994, 0.0)
(28.591475, 34.401920, 0.0)
(28.314426, 33.208954, 0.0)
(28.243031, 32.866920, 0.0)
(28.236509, 32.862572, 0.0)
(28.234648, 32.876511, 0.0)
(28.231165, 32.892418, 0.0)
(28.227032, 32.850018, 0.0)
(28.217237, 32.805141, 0.0)
(28.189621, 32.832039, 0.0)
(28.210377, 32.832668, 0.0)
(28.237188, 32.865334, 0.0)
(28.233557, 32.919201, 0.0)
(28.483339, 32.939045, 0.0)
(28.755583, 33.114330, 0.0)
(28.808344, 33.031952, 0.0)
(28.781143, 32.972824, 0.0)
(28.724903, 33.024250, 0.0)
(28.641829, 33.013374, 0.0)
(28.729820, 32.988121, 0.0)
(28.733803, 33.003769, 0.0)
(28.610020, 32.689774, 0.0)
(28.510546, 30.462860, 0.0)
(28.481138, 30.274408, 0.0)
(28.454975, 30.348169, 0.0)
(28.477053, 30.376446, 0.0)
(28.501093, 30.408964, 0.0)
(28.465769, 30.441666, 0.0)
(28.401133, 30.484743, 0.0)
(28.452042, 30.435152, 0.0)
(28.504005, 30.409916, 0.0)
(28.453941, 30.406767, 0.0)
(28.429319, 30.393082, 0.0)
(28.434084, 30.398273, 0.0)
(28.440228, 30.406448, 0.0)
(28.431805, 30.415792, 0.0)
(28.418917, 30.426096, 0.0)
(28.409130, 30.423538, 0.0)
(28.406082, 30.442589, 0.0)
(28.395575, 30.518381, 0.0)
(28.374620, 30.507557, 0.0)
(28.409456, 30.462032, 0.0)
(28.407837, 30.510868, 0.0)
(28.339697, 30.563864, 0.0)
(28.387585, 30.514185, 0.0)
(28.444782, 30.510084, 0.0)
(28.381775, 30.531511, 0.0)
(28.346853, 30.559147, 0.0)
(28.373753, 30.575874, 0.0)
(28.406534, 30.582203, 0.0)
(28.044424, 31.697493, 0.0)
(27.981012, 32.102760, 0.0)
(27.979969, 32.141045, 0.0)
(27.974327, 32.175919, 0.0)
(27.993206, 32.203281, 0.0)
(27.994162, 32.215157, 0.0)
(27.995424, 32.363308, 0.0)
(28.220663, 34.446617, 0.0)
(28.252712, 35.024330, 0.0)
(28.258751, 34.988480, 0.0)
(28.271463, 34.980289, 0.0)
(28.169373, 35.111069, 0.0)
(28.111605, 35.196552, 0.0)
(28.133667, 35.210838, 0.0)
(28.183489, 35.233444, 0.0)
(28.146221, 35.267273, 0.0)
(28.119633, 35.243652, 0.0)
(28.119164, 35.237240, 0.0)
(28.111202, 35.242451, 0.0)
(28.126635, 35.274635, 0.0)
(28.122828, 35.346539, 0.0)
(28.113800, 35.400322, 0.0)
(28.091619, 35.474106, 0.0)
(28.141827, 35.686916, 0.0)
(28.499393, 36.915337, 0.0)
(28.563931, 37.025845, 0.0)
(28.480522, 37.023880, 0.0)
(28.436506, 37.034897, 0.0)
(28.437855, 37.063499, 0.0)
(28.455137, 37.088589, 0.0)
(28.462229, 37.080349, 0.0)
(28.431452, 37.107502, 0.0)
(28.415888, 37.091751, 0.0)
(28.568548, 37.388035, 0.0)
(28.803251, 38.354576, 0.0)
(28.835417, 38.469799, 0.0)
(28.838886, 38.433842, 0.0)
(28.813305, 38.429768, 0.0)
(28.764927, 38.391479, 0.0)
(28.798210, 38.340473, 0.0)
(28.838037, 38.317532, 0.0)
(28.806330, 38.294483, 0.0)
(28.801212, 38.378609, 0.0)
(28.807028, 38.431480, 0.0)
(28.839748, 38.420795, 0.0)
(28.862432, 38.429401, 0.0)
(28.847948, 38.436752, 0.0)
(28.806877, 38.424942, 0.0)
(28.841660, 38.458652, 0.0)
(28.869892, 38.448853, 0.0)
(28.881145, 38.493690, 0.0)
(28.839018, 38.512897, 0.0)
(28.811682, 38.467781, 0.0)
(28.865177, 38.427052, 0.0)
(28.887238, 38.416103, 0.0)
(28.846842, 38.382812, 0.0)
(28.837231, 38.453335, 0.0)
(28.841957, 38.491634, 0.0)
(28.837160, 38.491554, 0.0)
(28.833752, 38.513195, 0.0)
(28.844891, 38.468948, 0.0)
(28.827751, 38.467308, 0.0)
(28.813431, 38.483322, 0.0)
(28.854055, 38.419598, 0.0)
(28.890196, 38.451477, 0.0)
(28.876699, 38.452599, 0.0)
(28.817873, 38.440147, 0.0)
(28.879711, 38.370296, 0.0)
(28.928095, 38.390781, 0.0)
(28.880543, 38.354973, 0.0)
(28.895397, 38.341274, 0.0)
(28.904707, 38.426735, 0.0)
(28.911663, 38.431107, 0.0)
(28.909599, 38.427120, 0.0)
(28.917973, 38.434917, 0.0)
(28.904106, 38.398754, 0.0)
(28.896505, 38.416172, 0.0)
(28.919950, 38.487492, 0.0)
(29.159298, 38.843292, 0.0)
(29.148754, 38.939426, 0.0)
(29.074636, 38.933815, 0.0)
(29.096712, 38.909607, 0.0)
(29.174072, 38.848743, 0.0)
(29.112009, 38.856621, 0.0)
(29.064699, 38.922249, 0.0)
(29.121292, 38.943237, 0.0)
(29.141727, 38.995289, 0.0)
(29.319492, 39.290775, 0.0)
(29.383291, 39.343792, 0.0)
(29.357227, 39.340042, 0.0)
(29.319588, 39.341114, 0.0)
(29.309511, 39.391407, 0.0)
(29.337889, 39.362404, 0.0)
(29.375040, 39.361694, 0.0)
(29.347834, 39.413029, 0.0)
(29.288479, 39.438648, 0.0)
(29.310804, 39.381073, 0.0)
(29.385328, 39.306698, 0.0)
(29.313301, 39.367252, 0.0)
(29.283514, 39.392685, 0.0)
(29.318748, 39.408726, 0.0)
(29.327784, 39.439034, 0.0)
(29.538643, 39.479774, 0.0)
(30.922464, 39.115574, 0.0)
