(42.439003, 26.402777, 0.0)
(42.244785, 24.867338, 0.0)
(42.333855, 24.805309, 0.0)
(42.429581, 24.891741, 0.0)
(42.485939, 24.902498, 0.0)
(42.758770, 24.395699, 0.0)
(42.781708, 24.423447, 0.0)
(42.776829, 24.458742, 0.0)
(42.753384, 24.410294, 0.0)
(42.739311, 24.431068, 0.0)
(42.757000, 24.414215, 0.0)
(42.762043, 24.395735, 0.0)
(42.797638, 24.426226, 0.0)
(42.782677, 24.395533, 0.0)
(42.805340, 24.364788, 0.0)
(42.813343, 24.323057, 0.0)
(42.864960, 24.297901, 0.0)
(42.850731, 24.336981, 0.0)
(42.815533, 24.297993, 0.0)
(42.811562, 24.276581, 0.0)
(42.820290, 24.249611, 0.0)
(42.807785, 24.241909, 0.0)
(42.811626, 24.227205, 0.0)
(42.794926, 24.230366, 0.0)
(42.783489, 24.208008, 0.0)
(42.803562, 24.198622, 0.0)
(42.811588, 24.208256, 0.0)
(42.806530, 24.232834, 0.0)
(42.812595, 24.223583, 0.0)
(42.849468, 24.230900, 0.0)
(42.860008, 24.213083, 0.0)
(42.854805, 24.231850, 0.0)
(42.862782, 24.250700, 0.0)
(42.866749, 24.240538, 0.0)
(42.865082, 24.237738, 0.0)
(42.860310, 24.251820, 0.0)
(42.833618, 24.236301, 0.0)
(42.835777, 24.240131, 0.0)
(42.835556, 24.245697, 0.0)
(42.829506, 24.233982, 0.0)
(42.839218, 24.232872, 0.0)
(42.832451, 24.237677, 0.0)
(42.840981, 24.247475, 0.0)
(42.842831, 24.252014, 0.0)
(42.841190, 24.241196, 0.0)
(42.830845, 24.259506, 0.0)
(42.834896, 24.270130, 0.0)
(42.842922, 24.262535, 0.0)
(42.840660, 24.251669, 0.0)
(42.839699, 24.246880, 0.0)
(42.829765, 24.259798, 0.0)
(42.830505, 24.280222, 0.0)
(42.850983, 24.288343, 0.0)
(42.836571, 24.299992, 0.0)
(42.828812, 24.339941, 0.0)
(42.824036, 24.360641, 0.0)
(42.837605, 24.332277, 0.0)
(42.831161, 24.345274, 0.0)
(42.843563, 24.360493, 0.0)
(42.840481, 24.357494, 0.0)
(42.846878, 24.363197, 0.0)
(42.834438, 24.363834, 0.0)
(42.823597, 24.358839, 0.0)
(42.823147, 24.380487, 0.0)
(42.816048, 24.407848, 0.0)
(42.800694, 24.426550, 0.0)
(42.804527, 24.435680, 0.0)
(42.802097, 24.436600, 0.0)
(42.806091, 24.451855, 0.0)
(42.810604, 24.458073, 0.0)
(42.789135, 24.469046, 0.0)
(42.782143, 24.473557, 0.0)
(42.781025, 24.507553, 0.0)
(42.758118, 24.502220, 0.0)
(42.733078, 24.485844, 0.0)
(42.734886, 24.471840, 0.0)
(42.734413, 24.424622, 0.0)
(42.718739, 24.408854, 0.0)
(42.765114, 24.464716, 0.0)
(42.736649, 24.444347, 0.0)
(42.726906, 24.420187, 0.0)
(42.727917, 24.429485, 0.0)
(42.721428, 24.391903, 0.0)
(42.719227, 24.365465, 0.0)
(42.709023, 24.364414, 0.0)
(42.697395, 24.392750, 0.0)
(42.711254, 24.380188, 0.0)
(42.723740, 24.384880, 0.0)
(42.728523, 24.356010, 0.0)
(42.716976, 24.350153, 0.0)
(42.731304, 24.344112, 0.0)
(42.737808, 24.371071, 0.0)
(42.746899, 24.357660, 0.0)
(42.708168, 24.368179, 0.0)
(42.738380, 24.363720, 0.0)
(42.769012, 24.350658, 0.0)
(42.772797, 24.339378, 0.0)
(42.772591, 24.336357, 0.0)
(42.757935, 24.358986, 0.0)
(42.757145, 24.366867, 0.0)
(42.746723, 24.374701, 0.0)
(42.771549, 24.359644, 0.0)
(42.770531, 24.362761, 0.0)
(42.760147, 24.364353, 0.0)
(42.758320, 24.355413, 0.0)
(42.766048, 24.364107, 0.0)
(42.758579, 24.350374, 0.0)
(42.752426, 24.365158, 0.0)
(42.760483, 24.355303, 0.0)
(42.751778, 24.353626, 0.0)
(42.753178, 24.361153, 0.0)
(42.742493, 24.351881, 0.0)
(42.711388, 24.357462, 0.0)
(42.708652, 24.358912, 0.0)
(42.715866, 24.347630, 0.0)
(42.734135, 24.336061, 0.0)
(42.733212, 24.353971, 0.0)
(42.726814, 24.358179, 0.0)
(42.714680, 24.361664, 0.0)
(42.721298, 24.365187, 0.0)
(42.636410, 24.341259, 0.0)
(42.624432, 24.317194, 0.0)
(42.622822, 24.317776, 0.0)
(42.619987, 24.319794, 0.0)
(42.636032, 24.322369, 0.0)
(42.643562, 24.328119, 0.0)
(42.649769, 24.324429, 0.0)
(42.649769, 24.332926, 0.0)
(42.645580, 24.342024, 0.0)
(42.664680, 24.339548, 0.0)
(42.670761, 24.344717, 0.0)
(42.653610, 24.360331, 0.0)
(42.640026, 24.353277, 0.0)
(42.640377, 24.311342, 0.0)
(42.662670, 24.349985, 0.0)
(42.673740, 24.346279, 0.0)
(42.668129, 24.363653, 0.0)
(42.660664, 24.360403, 0.0)
(42.630463, 24.372242, 0.0)
(42.641632, 24.351328, 0.0)
(42.654934, 24.351044, 0.0)
(42.626877, 24.314394, 0.0)
(42.621128, 24.326656, 0.0)
(42.626232, 24.337822, 0.0)
(42.632553, 24.349083, 0.0)
(42.654625, 24.354807, 0.0)
(42.656612, 24.350241, 0.0)
(42.657387, 24.318806, 0.0)
(42.661015, 24.335730, 0.0)
(42.636723, 24.304626, 0.0)
(42.633888, 24.306749, 0.0)
(42.619755, 24.304087, 0.0)
(42.585796, 24.335062, 0.0)
(42.583843, 24.323639, 0.0)
(42.531879, 24.326662, 0.0)
(42.399963, 24.159966, 0.0)
(42.424881, 24.121485, 0.0)
(42.470684, 24.161480, 0.0)
(42.506290, 24.195679, 0.0)
(42.504356, 24.210505, 0.0)
(42.541054, 24.216738, 0.0)
(42.537827, 24.249710, 0.0)
(42.586895, 24.275846, 0.0)
(42.600433, 24.278366, 0.0)
(42.589283, 24.250809, 0.0)
(42.606449, 24.281199, 0.0)
(42.605129, 24.266346, 0.0)
(42.599205, 24.293695, 0.0)
(42.597969, 24.314476, 0.0)
(42.957829, 24.606777, 0.0)
(46.417625, 27.845230, 0.0)
(48.296963, 30.082376, 0.0)
(48.643635, 30.464628, 0.0)
(48.629986, 30.448526, 0.0)
(48.603188, 30.414539, 0.0)
(48.648411, 30.416185, 0.0)
(49.110638, 30.810616, 0.0)
(49.123814, 30.803930, 0.0)
(49.124203, 30.810017, 0.0)
(49.122570, 30.786736, 0.0)
(49.158772, 30.753731, 0.0)
(49.124966, 30.710989, 0.0)
(49.130596, 30.733486, 0.0)
(49.142517, 30.742830, 0.0)
(49.117832, 30.733593, 0.0)
(49.101845, 30.713552, 0.0)
(49.140656, 30.728762, 0.0)
(49.045918, 30.510284, 0.0)
(49.080147, 31.545092, 0.0)
(48.905376, 30.982359, 0.0)
(48.857281, 30.528013, 0.0)
(48.922539, 30.560789, 0.0)
(48.962105, 30.509253, 0.0)
(48.959682, 30.538355, 0.0)
(48.971291, 30.561890, 0.0)
(48.961697, 30.563652, 0.0)
(48.931507, 30.537773, 0.0)
(48.912987, 30.541506, 0.0)
(48.918938, 30.544739, 0.0)
(48.909359, 30.513584, 0.0)
(48.944252, 30.599354, 0.0)
(48.952427, 30.619137, 0.0)
(48.949219, 30.577005, 0.0)
(48.955021, 30.565540, 0.0)
(48.960678, 30.577557, 0.0)
(48.952263, 30.545061, 0.0)
(48.962479, 30.539488, 0.0)
(48.960915, 30.560118, 0.0)
(47.354538, 27.876135, 0.0)
(44.705643, 24.243662, 0.0)
(44.276203, 23.767792, 0.0)
(44.383091, 23.847059, 0.0)
(44.431580, 23.882586, 0.0)
(44.491608, 23.924694, 0.0)
(44.500130, 23.924517, 0.0)
(44.539425, 23.939657, 0.0)
(46.686081, 23.647041, 0.0)
(49.016651, 23.133419, 0.0)
(49.084995, 23.351830, 0.0)
(48.982273, 23.384615, 0.0)
(44.518326, 23.001709, 0.0)
(40.000393, 23.545696, 0.0)
(36.622219, 26.275667, 0.0)
(34.501427, 27.882616, 0.0)
(34.453087, 27.857521, 0.0)
(34.501522, 27.752832, 0.0)
(34.615604, 27.705959, 0.0)
(34.665447, 27.612217, 0.0)
(34.702087, 27.540573, 0.0)
(38.952717, 24.766796, 0.0)
(44.514015, 22.443924, 0.0)
(47.895470, 22.771490, 0.0)
(49.534565, 23.535740, 0.0)
(49.837288, 23.721884, 0.0)
(49.766865, 23.677275, 0.0)
(49.754776, 23.655222, 0.0)
(49.694138, 23.540295, 0.0)
(49.983303, 23.477369, 0.0)
(0.000000, 0.000000, 1.0)
(0.000000, 0.000000, 1.0)
(0.000000, 0.000000, 1.0)
(0.000000, 0.000000, 1.0)
(0.000000, 0.000000, 1.0)
(49.107620, 22.935400, 0.0)
(45.354630, 22.342323, 0.0)
(42.137585, 22.713003, 0.0)
(41.475113, 23.579185, 0.0)
(41.621052, 23.532114, 0.0)
(41.635612, 23.477444, 0.0)
(41.648750, 23.461040, 0.0)
(39.112545, 25.140688, 0.0)
(35.846066, 27.599174, 0.0)
(35.744343, 27.538410, 0.0)
(35.710384, 27.460947, 0.0)
(35.662670, 27.420078, 0.0)
(36.095787, 27.198586, 0.0)
(42.005421, 24.987467, 0.0)
(43.423763, 24.799761, 0.0)
(43.444302, 24.800777, 0.0)
(43.380619, 24.783831, 0.0)
(43.364529, 24.749207, 0.0)
(43.348053, 24.725857, 0.0)
(43.260349, 24.697105, 0.0)
(43.335232, 26.742594, 0.0)
(43.314220, 24.897053, 0.0)
(42.813900, 23.554489, 0.0)
(42.883400, 23.479586, 0.0)
(42.991798, 23.563776, 0.0)
(43.027927, 23.599905, 0.0)
(43.053101, 23.600592, 0.0)
(43.065853, 23.581440, 0.0)
(43.075329, 23.578093, 0.0)
(43.079990, 23.574020, 0.0)
(43.097900, 23.571672, 0.0)
(43.094273, 23.589945, 0.0)
(43.103535, 23.615294, 0.0)
(43.106079, 23.580475, 0.0)
(43.105873, 23.569773, 0.0)
(43.112190, 23.580721, 0.0)
(43.132957, 23.572639, 0.0)
(43.124001, 23.573214, 0.0)
(43.140896, 23.603233, 0.0)
(40.111557, 22.413475, 0.0)
(35.948082, 21.232023, 0.0)
(34.532204, 21.330252, 0.0)
(34.624393, 21.324478, 0.0)
(34.640175, 21.390356, 0.0)
(33.963020, 21.508005, 0.0)
(33.045166, 21.357237, 0.0)
(33.032787, 21.326042, 0.0)
(33.039295, 21.299612, 0.0)
(33.041866, 21.283733, 0.0)
(33.038292, 21.258511, 0.0)
(33.008816, 21.255356, 0.0)
(33.007515, 21.229643, 0.0)
(33.025581, 21.203352, 0.0)
(33.049103, 21.164257, 0.0)
(33.038410, 21.126463, 0.0)
(32.926304, 21.184656, 0.0)
(32.759483, 21.200529, 0.0)
(32.790398, 21.157368, 0.0)
(32.773514, 21.135164, 0.0)
(32.755676, 21.127205, 0.0)
(32.755676, 21.119867, 0.0)
(32.756111, 21.069241, 0.0)
(32.769718, 21.075930, 0.0)
(32.807758, 21.112986, 0.0)
(32.813675, 21.104872, 0.0)
(32.816048, 21.110655, 0.0)
(32.829903, 21.125252, 0.0)
(32.813484, 21.106962, 0.0)
(32.811588, 21.104538, 0.0)
(32.797039, 21.109859, 0.0)
(32.815491, 21.105320, 0.0)
(32.840546, 21.118570, 0.0)
(32.845650, 21.114668, 0.0)
(32.869865, 21.092724, 0.0)
(35.702545, 21.199610, 0.0)
(40.565845, 22.356161, 0.0)
(41.795692, 24.103857, 0.0)
(41.946358, 24.131842, 0.0)
(41.906532, 24.043673, 0.0)
(41.890038, 24.007633, 0.0)
(42.394970, 24.275026, 0.0)
(42.465519, 24.275887, 0.0)
(42.467606, 24.269424, 0.0)
(42.465809, 24.255970, 0.0)
(42.466896, 24.241253, 0.0)
(42.461639, 24.234522, 0.0)
(42.443272, 24.233002, 0.0)
(42.460136, 24.162382, 0.0)
(42.460728, 24.184616, 0.0)
(42.467495, 24.216749, 0.0)
(42.470116, 24.140257, 0.0)
(42.482330, 24.127184, 0.0)
(42.492840, 24.102911, 0.0)
(42.492729, 24.062185, 0.0)
(42.492596, 24.041567, 0.0)
(42.505379, 24.050045, 0.0)
(42.518475, 24.051624, 0.0)
(42.511215, 24.038849, 0.0)
(42.501633, 24.007862, 0.0)
(42.497826, 23.956860, 0.0)
(42.501572, 23.931276, 0.0)
(42.515095, 23.955555, 0.0)
(42.527920, 23.976894, 0.0)
(42.526886, 23.965178, 0.0)
(42.505558, 23.945267, 0.0)
(42.509899, 23.924932, 0.0)
(42.515030, 23.928532, 0.0)
(42.494530, 23.916422, 0.0)
(42.492538, 23.944544, 0.0)
(42.521088, 23.955835, 0.0)
(42.524254, 23.949305, 0.0)
(42.544178, 23.958883, 0.0)
(42.548016, 23.979218, 0.0)
(42.522823, 23.967541, 0.0)
(42.474888, 23.935265, 0.0)
(42.291061, 25.368633, 0.0)
(42.557877, 25.917355, 0.0)
(42.278564, 24.563181, 0.0)
(42.197563, 23.721035, 0.0)
(42.229553, 23.698666, 0.0)
(42.315136, 23.790600, 0.0)
(42.319347, 23.816885, 0.0)
(42.342838, 23.853394, 0.0)
(42.229958, 23.933552, 0.0)
(39.357136, 26.554560, 0.0)
(38.551620, 28.085991, 0.0)
(38.521896, 27.988291, 0.0)
(38.516796, 27.930145, 0.0)
(38.506062, 27.877958, 0.0)
(38.863113, 28.274467, 0.0)
(38.940037, 28.264124, 0.0)
(38.957829, 28.225439, 0.0)
(40.476921, 28.532194, 0.0)
(41.382889, 28.654068, 0.0)
(41.508625, 28.645334, 0.0)
(41.614479, 28.667192, 0.0)
(41.800896, 28.677137, 0.0)
(41.962269, 28.615171, 0.0)
(43.018501, 28.939131, 0.0)
(43.255329, 28.942892, 0.0)
(43.380482, 28.961416, 0.0)
(43.588112, 28.968014, 0.0)
(43.765163, 29.035440, 0.0)
(43.991383, 29.070673, 0.0)
(44.189445, 29.116873, 0.0)
(44.367252, 29.120573, 0.0)
(45.910793, 29.377108, 0.0)
(46.176186, 29.335226, 0.0)
(46.282791, 29.416298, 0.0)
(46.457840, 29.403522, 0.0)
(46.595673, 29.468611, 0.0)
(46.699440, 29.469320, 0.0)
(46.816559, 29.495300, 0.0)
(46.945625, 29.524458, 0.0)
(46.978619, 29.543030, 0.0)
(47.571842, 29.713800, 0.0)
(47.650669, 29.723288, 0.0)
(47.690327, 29.761902, 0.0)
(47.804752, 29.775402, 0.0)
(47.897949, 29.746723, 0.0)
(48.614334, 30.037146, 0.0)
(48.692398, 29.962690, 0.0)
(48.704647, 30.012844, 0.0)
(48.789833, 30.010098, 0.0)
(48.800453, 30.045248, 0.0)
(48.828480, 30.036268, 0.0)
(48.838520, 29.993126, 0.0)
(49.024117, 29.644003, 0.0)
(49.285564, 29.016943, 0.0)
(49.324276, 28.866936, 0.0)
(49.292744, 28.802553, 0.0)
(49.288082, 28.589949, 0.0)
(49.230728, 28.510578, 0.0)
(48.195766, 28.800653, 0.0)
(48.085342, 28.721008, 0.0)
(48.015633, 28.632616, 0.0)
(47.646034, 29.278959, 0.0)
(47.550785, 29.215612, 0.0)
(47.402786, 29.140419, 0.0)
(46.032196, 28.962507, 0.0)
(45.843983, 28.853098, 0.0)
(45.673897, 28.783840, 0.0)
(45.469257, 28.691309, 0.0)
(45.284058, 28.583801, 0.0)
(45.149006, 28.506727, 0.0)
(45.017437, 28.460135, 0.0)
(44.746120, 28.479031, 0.0)
(44.001602, 28.618935, 0.0)
(43.803448, 28.626352, 0.0)
(43.483093, 28.549747, 0.0)
(42.812103, 28.526302, 0.0)
(42.622055, 28.524624, 0.0)
(42.505272, 28.474848, 0.0)
(42.352695, 28.454418, 0.0)
(42.194317, 28.398169, 0.0)
(42.021072, 28.325487, 0.0)
(41.715302, 28.296194, 0.0)
(40.799686, 28.176294, 0.0)
(40.615585, 28.120459, 0.0)
(40.531548, 28.091112, 0.0)
(40.419159, 28.049450, 0.0)
(40.312099, 27.980429, 0.0)
(39.734646, 28.075298, 0.0)
(38.553741, 27.961872, 0.0)
(38.397823, 27.961517, 0.0)
(38.310028, 27.903624, 0.0)
(38.218643, 27.884537, 0.0)
(38.146347, 27.869598, 0.0)
(37.490673, 28.001005, 0.0)
(37.002033, 27.893003, 0.0)
(36.947060, 27.890842, 0.0)
(36.895988, 27.882965, 0.0)
(36.795368, 27.843214, 0.0)
(36.636547, 27.845118, 0.0)
(34.960728, 27.606735, 0.0)
(34.852631, 27.483255, 0.0)
(34.894669, 27.487877, 0.0)
(34.781658, 27.310658, 0.0)
(34.749844, 27.319613, 0.0)
(34.762310, 27.305531, 0.0)
(34.781467, 27.262531, 0.0)
(34.771976, 27.204678, 0.0)
(34.700096, 27.219057, 0.0)
(34.086460, 27.431683, 0.0)
(34.082088, 27.255787, 0.0)
(34.172173, 27.066921, 0.0)
(34.251320, 27.010984, 0.0)
(34.393486, 26.848993, 0.0)
(34.510036, 26.776390, 0.0)
(34.669907, 26.757261, 0.0)
(36.017334, 26.820742, 0.0)
(36.255768, 26.866070, 0.0)
(36.544773, 26.833168, 0.0)
(36.891258, 26.871517, 0.0)
(37.241085, 26.860441, 0.0)
(37.629757, 26.878956, 0.0)
(37.995823, 26.895720, 0.0)
(38.355816, 26.938097, 0.0)
(39.274128, 27.231003, 0.0)
(39.682266, 27.320471, 0.0)
(39.997261, 27.323772, 0.0)
(40.294468, 27.373354, 0.0)
(40.559860, 27.436844, 0.0)
(40.843742, 27.534035, 0.0)
(41.162514, 27.588612, 0.0)
(41.436848, 27.656290, 0.0)
(41.676865, 27.653358, 0.0)
(41.942154, 27.707537, 0.0)
(42.196278, 27.748623, 0.0)
(42.437485, 27.739420, 0.0)
(42.614220, 27.761496, 0.0)
(43.706974, 28.014210, 0.0)
(44.023682, 28.042891, 0.0)
(44.231445, 28.012112, 0.0)
(44.426102, 28.140774, 0.0)
(44.602699, 28.196102, 0.0)
(44.760662, 28.255966, 0.0)
(44.950512, 28.233768, 0.0)
(45.126175, 28.187494, 0.0)
(45.243240, 28.252142, 0.0)
(45.423561, 28.323284, 0.0)
(46.017921, 28.588722, 0.0)
(46.705402, 28.703888, 0.0)
(46.816067, 28.689417, 0.0)
(46.967838, 28.744068, 0.0)
(47.060368, 28.746643, 0.0)
(47.171986, 28.740118, 0.0)
(47.284180, 28.793875, 0.0)
(47.367821, 28.837650, 0.0)
(47.765350, 29.074337, 0.0)
(48.352974, 29.170185, 0.0)
(48.400368, 29.200686, 0.0)
(48.436005, 29.155882, 0.0)
(48.498924, 29.169065, 0.0)
(48.528252, 29.208107, 0.0)
(48.538879, 29.230854, 0.0)
(48.543911, 29.243843, 0.0)
(48.558113, 29.197250, 0.0)
(48.548046, 29.180517, 0.0)
(48.533215, 29.175367, 0.0)
(48.532597, 29.151699, 0.0)
(48.501736, 29.025372, 0.0)
(48.674370, 28.860542, 0.0)
(48.598164, 28.674026, 0.0)
(48.480232, 28.571884, 0.0)
(48.306980, 28.457888, 0.0)
(48.136826, 28.407202, 0.0)
(47.938046, 28.353741, 0.0)
(46.818214, 28.192289, 0.0)
(46.527290, 28.103817, 0.0)
(46.313007, 27.986582, 0.0)
(46.095078, 28.005735, 0.0)
(45.894058, 27.957552, 0.0)
(45.685303, 27.914776, 0.0)
(45.446514, 27.841427, 0.0)
(45.248669, 27.734034, 0.0)
(45.116913, 27.663950, 0.0)
(44.952023, 27.597839, 0.0)
(44.679958, 27.562811, 0.0)
(44.411682, 27.980356, 0.0)
(44.037930, 28.269022, 0.0)
(43.840248, 27.915337, 0.0)
(43.595482, 27.659563, 0.0)
(42.464199, 27.491396, 0.0)
(42.228619, 27.454199, 0.0)
(42.033329, 29.881781, 0.0)
(41.400673, 28.994356, 0.0)
(41.183182, 27.910288, 0.0)
(40.982269, 27.433212, 0.0)
(40.764797, 27.135979, 0.0)
(40.626465, 27.019966, 0.0)
(40.517982, 26.939144, 0.0)
(39.721745, 27.054953, 0.0)
(39.233730, 26.942257, 0.0)
(39.132561, 26.866686, 0.0)
(38.963184, 26.891052, 0.0)
(38.831997, 26.850735, 0.0)
(38.715649, 26.828718, 0.0)
(37.436420, 27.030842, 0.0)
(37.152740, 26.919348, 0.0)
(37.141663, 26.867929, 0.0)
(37.034824, 26.866072, 0.0)
(36.929489, 26.826920, 0.0)
(36.846569, 26.798464, 0.0)
(35.642857, 26.998886, 0.0)
(35.341923, 26.953218, 0.0)
(35.296623, 26.897131, 0.0)
(35.195183, 26.881794, 0.0)
(35.172966, 26.892242, 0.0)
(35.151577, 26.863956, 0.0)
(34.412952, 26.821535, 0.0)
(34.301685, 26.779631, 0.0)
(34.307407, 26.738897, 0.0)
(34.284142, 26.665321, 0.0)
(34.273518, 26.615181, 0.0)
(34.359154, 26.642937, 0.0)
(34.381969, 26.615316, 0.0)
(34.445477, 26.547188, 0.0)
(33.726467, 26.624434, 0.0)
(33.633980, 26.438736, 0.0)
(33.817223, 26.338732, 0.0)
(33.946514, 26.263893, 0.0)
(34.980759, 26.347519, 0.0)
(35.733845, 26.270538, 0.0)
(35.998524, 26.339508, 0.0)
(36.095325, 26.238375, 0.0)
(36.292736, 26.228920, 0.0)
(36.475693, 26.236570, 0.0)
(36.701160, 26.218136, 0.0)
(36.953506, 26.245937, 0.0)
(38.006828, 26.285625, 0.0)
(38.617138, 26.305363, 0.0)
(38.859604, 26.280500, 0.0)
(39.107964, 26.274397, 0.0)
(39.375607, 26.281034, 0.0)
(39.614426, 26.356979, 0.0)
(39.868473, 26.359119, 0.0)
(40.111538, 26.391630, 0.0)
(41.186340, 26.467716, 0.0)
(41.589485, 26.527319, 0.0)
(41.759869, 26.531616, 0.0)
(41.934498, 26.572195, 0.0)
(42.139503, 26.645025, 0.0)
(42.337025, 26.681002, 0.0)
(42.511215, 26.740265, 0.0)
(42.674702, 26.767614, 0.0)
(43.409016, 26.964577, 0.0)
(43.923328, 27.048132, 0.0)
(44.093285, 27.149071, 0.0)
(44.290745, 27.149632, 0.0)
(44.515484, 27.130634, 0.0)
(44.621834, 27.181005, 0.0)
(44.946812, 27.185293, 0.0)
(45.916950, 27.516714, 0.0)
(46.127018, 27.554272, 0.0)
(46.278286, 27.625029, 0.0)
(46.466164, 27.654167, 0.0)
(46.585064, 27.691898, 0.0)
(47.453236, 28.118389, 0.0)
(47.726517, 28.154654, 0.0)
(47.765518, 28.181814, 0.0)
(47.885326, 28.219696, 0.0)
(47.968655, 28.205326, 0.0)
(48.034695, 28.269846, 0.0)
(48.513412, 28.355547, 0.0)
(48.609715, 28.278521, 0.0)
(48.674728, 28.345743, 0.0)
(48.713791, 28.365450, 0.0)
(48.736217, 28.327915, 0.0)
(48.756298, 28.282383, 0.0)
(48.775475, 28.304523, 0.0)
(48.786129, 28.298443, 0.0)
(48.768650, 28.286583, 0.0)
(48.746914, 28.235718, 0.0)
(48.751579, 28.199820, 0.0)
(48.897472, 28.153009, 0.0)
(48.883251, 27.732710, 0.0)
(48.829308, 27.651529, 0.0)
(48.760208, 27.599033, 0.0)
(48.080780, 27.471254, 0.0)
(47.858784, 27.380796, 0.0)
(47.696262, 27.305590, 0.0)
(46.923729, 27.247458, 0.0)
(46.677734, 27.315733, 0.0)
(46.523041, 27.196884, 0.0)
(46.351028, 27.148952, 0.0)
(46.179855, 27.089828, 0.0)
(45.942459, 27.082851, 0.0)
(45.781498, 26.965481, 0.0)
(45.601891, 26.983816, 0.0)
(45.411983, 26.909418, 0.0)
(45.217571, 26.840792, 0.0)
(44.280766, 26.605652, 0.0)
(43.859173, 26.422127, 0.0)
(43.640400, 26.384886, 0.0)
(43.515453, 26.324608, 0.0)
(43.385998, 26.253805, 0.0)
(43.127995, 26.200647, 0.0)
(41.931393, 26.003027, 0.0)
(41.756046, 26.008329, 0.0)
(41.675705, 26.001205, 0.0)
(41.522530, 25.951576, 0.0)
(41.409241, 25.925175, 0.0)
(40.996269, 25.955555, 0.0)
(40.111870, 25.913607, 0.0)
(39.958694, 25.890127, 0.0)
(39.896420, 25.910797, 0.0)
(39.826935, 25.928629, 0.0)
(39.042816, 26.035463, 0.0)
(38.154102, 25.965588, 0.0)
(38.065487, 25.900854, 0.0)
(38.009262, 25.921730, 0.0)
(37.919479, 25.970171, 0.0)
(37.787872, 25.985668, 0.0)
(36.049614, 26.159851, 0.0)
(35.829727, 26.128681, 0.0)
(35.805088, 26.077761, 0.0)
(35.775902, 26.038275, 0.0)
(35.746204, 26.041866, 0.0)
(35.722786, 26.012157, 0.0)
(35.512287, 26.081944, 0.0)
(34.618519, 26.059486, 0.0)
(34.503407, 25.965475, 0.0)
(34.495716, 25.921455, 0.0)
(34.516163, 25.886894, 0.0)
(34.530506, 25.845299, 0.0)
(34.569283, 25.814234, 0.0)
(34.594570, 25.759785, 0.0)
(34.641361, 25.724230, 0.0)
(34.636051, 25.666620, 0.0)
(34.657993, 25.612488, 0.0)
(33.927822, 25.333887, 0.0)
(33.716686, 25.182785, 0.0)
(33.869896, 25.123318, 0.0)
(33.975021, 25.029945, 0.0)
(34.218632, 24.968431, 0.0)
(35.326691, 24.996817, 0.0)
(35.556953, 24.994839, 0.0)
(35.721115, 24.965197, 0.0)
(35.953243, 24.952377, 0.0)
(36.123562, 24.920317, 0.0)
(37.357716, 25.012558, 0.0)
(37.681816, 25.011429, 0.0)
(37.900654, 24.998549, 0.0)
(38.135098, 24.999792, 0.0)
(38.350353, 24.980778, 0.0)
(38.571949, 24.988886, 0.0)
(38.825020, 24.966927, 0.0)
(39.045887, 24.943010, 0.0)
(39.908230, 25.083103, 0.0)
(40.364803, 25.109211, 0.0)
(40.540478, 25.133139, 0.0)
(40.718342, 25.134792, 0.0)
(40.960175, 25.152561, 0.0)
(41.172989, 25.172733, 0.0)
(42.321629, 25.353312, 0.0)
(42.572193, 25.394077, 0.0)
(42.703377, 25.467747, 0.0)
(42.934914, 25.509626, 0.0)
(43.128784, 25.552525, 0.0)
(43.335964, 25.572775, 0.0)
(43.549538, 25.656891, 0.0)
(43.775414, 25.734266, 0.0)
(45.031483, 26.141043, 0.0)
(45.224392, 26.213074, 0.0)
(45.294708, 26.282734, 0.0)
(45.472504, 26.312466, 0.0)
(45.615368, 26.336859, 0.0)
(46.044506, 26.498983, 0.0)
(46.716198, 26.631092, 0.0)
(46.829597, 26.633638, 0.0)
(46.924511, 26.698763, 0.0)
(47.041382, 26.707159, 0.0)
(47.144005, 26.702869, 0.0)
(48.156033, 27.176592, 0.0)
(48.299404, 27.185778, 0.0)
(48.376415, 27.244982, 0.0)
(48.494144, 27.317160, 0.0)
(48.633263, 27.386717, 0.0)
(49.226398, 27.539316, 0.0)
(49.296120, 27.654945, 0.0)
(49.348969, 27.677362, 0.0)
(49.390629, 27.706774, 0.0)
(49.410572, 27.715216, 0.0)
(49.436356, 27.752819, 0.0)
(49.453568, 27.733641, 0.0)
(49.424137, 27.743668, 0.0)
(49.404007, 27.670961, 0.0)
(49.739033, 27.292812, 0.0)
(49.729725, 27.157637, 0.0)
(49.627155, 27.107325, 0.0)
(49.531189, 27.018408, 0.0)
(48.067547, 26.537598, 0.0)
(47.811020, 26.478359, 0.0)
(47.672264, 26.364069, 0.0)
(47.515903, 26.355179, 0.0)
(47.328796, 26.310635, 0.0)
(47.207912, 26.282284, 0.0)
(47.022362, 26.257528, 0.0)
(46.858189, 26.211401, 0.0)
(46.748550, 26.215176, 0.0)
(46.323212, 26.118767, 0.0)
(46.085873, 26.103710, 0.0)
(45.921780, 26.041183, 0.0)
(45.722809, 25.996265, 0.0)
(45.573864, 25.926018, 0.0)
(44.252346, 25.575518, 0.0)
(44.053413, 25.539206, 0.0)
(43.896065, 25.574089, 0.0)
(43.766838, 25.519676, 0.0)
(43.591522, 25.449465, 0.0)
(42.412189, 25.254490, 0.0)
(42.166756, 25.177052, 0.0)
(42.054611, 25.173662, 0.0)
(41.929008, 25.135489, 0.0)
(41.782200, 25.123417, 0.0)
(41.643517, 25.090902, 0.0)
(40.377270, 24.936327, 0.0)
(40.036625, 24.845201, 0.0)
(39.952560, 24.807692, 0.0)
(39.798756, 24.826412, 0.0)
(39.704887, 24.797565, 0.0)
(38.839725, 24.882898, 0.0)
(38.026215, 24.872080, 0.0)
(37.894783, 24.876112, 0.0)
(37.792801, 24.855902, 0.0)
(37.725651, 24.878948, 0.0)
(37.603004, 24.868898, 0.0)
(37.373985, 24.910213, 0.0)
(36.060516, 25.016455, 0.0)
(35.878323, 25.037939, 0.0)
(35.797646, 25.014214, 0.0)
(35.749462, 25.013329, 0.0)
(35.642841, 25.054573, 0.0)
(34.332737, 25.172028, 0.0)
(34.241638, 25.145952, 0.0)
(34.217545, 25.106009, 0.0)
(34.212433, 25.049757, 0.0)
(34.197891, 25.029331, 0.0)
(34.212978, 25.001953, 0.0)
(34.288826, 24.931374, 0.0)
(34.325783, 24.907656, 0.0)
(34.368191, 24.815636, 0.0)
(34.443981, 24.760574, 0.0)
(34.285698, 24.700647, 0.0)
(33.929867, 24.423151, 0.0)
(34.054642, 24.392843, 0.0)
(34.204758, 24.330177, 0.0)
(34.357327, 24.266396, 0.0)
(34.517368, 24.233847, 0.0)
(34.707283, 24.184616, 0.0)
(35.023632, 24.151985, 0.0)
(36.459393, 24.166550, 0.0)
(36.764004, 24.191551, 0.0)
(37.028557, 24.158747, 0.0)
(37.313793, 24.069628, 0.0)
(37.561321, 24.058764, 0.0)
(37.827877, 24.049402, 0.0)
(38.141041, 24.040932, 0.0)
(38.398590, 24.033768, 0.0)
(39.516266, 24.168163, 0.0)
(39.906460, 24.180401, 0.0)
(40.191124, 24.213409, 0.0)
(40.509094, 24.220577, 0.0)
(40.766094, 24.250975, 0.0)
(41.043674, 24.290314, 0.0)
(41.318027, 24.309410, 0.0)
(41.579247, 24.360573, 0.0)
(41.772099, 24.403202, 0.0)
(42.000153, 24.522451, 0.0)
(42.173859, 24.550482, 0.0)
(43.307312, 24.755274, 0.0)
(43.552174, 24.816195, 0.0)
(43.730087, 24.866804, 0.0)
(44.755146, 25.250294, 0.0)
(44.964531, 25.267483, 0.0)
(45.113159, 25.317678, 0.0)
(45.313797, 25.406515, 0.0)
(45.418339, 25.420847, 0.0)
(45.819389, 25.654537, 0.0)
(46.350529, 25.839903, 0.0)
(46.467812, 25.920721, 0.0)
(46.622501, 25.955601, 0.0)
(46.735199, 26.058212, 0.0)
(47.384548, 26.233454, 0.0)
(47.583817, 26.284822, 0.0)
(47.630844, 26.251953, 0.0)
(47.757107, 26.316498, 0.0)
(47.836277, 26.308107, 0.0)
(48.665825, 26.755812, 0.0)
(48.819008, 26.817198, 0.0)
(48.842606, 26.835938, 0.0)
(48.880207, 26.802004, 0.0)
(48.932190, 26.774111, 0.0)
(49.016243, 26.783001, 0.0)
(49.041325, 26.775639, 0.0)
(49.061779, 26.773077, 0.0)
(49.054768, 26.770906, 0.0)
(49.046104, 26.736280, 0.0)
(49.031765, 26.706013, 0.0)
(48.953167, 26.656315, 0.0)
(49.207657, 26.528175, 0.0)
(49.463989, 26.337484, 0.0)
(49.360809, 26.217527, 0.0)
(49.238102, 26.087591, 0.0)
(49.107544, 26.023180, 0.0)
(48.306614, 25.775824, 0.0)
(48.086945, 25.724920, 0.0)
(48.013123, 25.671915, 0.0)
(47.816982, 25.634821, 0.0)
(47.635921, 25.605204, 0.0)
(47.483879, 25.518734, 0.0)
(46.972923, 25.336079, 0.0)
(46.826878, 25.293941, 0.0)
(46.700321, 25.260365, 0.0)
(46.483894, 25.177523, 0.0)
(46.321674, 25.151499, 0.0)
(45.366688, 24.816635, 0.0)
(45.190258, 24.756138, 0.0)
(45.048420, 24.704054, 0.0)
(44.869835, 24.691074, 0.0)
(44.694180, 24.660507, 0.0)
(43.661816, 24.493744, 0.0)
(43.366123, 24.410633, 0.0)
(43.227261, 24.335546, 0.0)
(42.938232, 24.310270, 0.0)
(42.388168, 24.233366, 0.0)
(42.223080, 24.257225, 0.0)
(41.263077, 24.126245, 0.0)
(41.051659, 24.138300, 0.0)
(40.993423, 24.096308, 0.0)
(40.784767, 24.066069, 0.0)
(40.708004, 24.090883, 0.0)
(39.921600, 24.047440, 0.0)
(39.545864, 23.993980, 0.0)
(39.435886, 23.962528, 0.0)
(39.327110, 23.978863, 0.0)
(38.083553, 23.945971, 0.0)
(37.920380, 23.940111, 0.0)
(37.842598, 23.944183, 0.0)
(37.747494, 23.988184, 0.0)
(36.470181, 24.124962, 0.0)
(36.239674, 24.132833, 0.0)
(36.219582, 24.160536, 0.0)
(36.185150, 24.187408, 0.0)
(36.123016, 24.151480, 0.0)
(35.110386, 24.341349, 0.0)
(34.485252, 24.325838, 0.0)
(34.397652, 24.330492, 0.0)
(34.366783, 24.343044, 0.0)
(34.358002, 24.344254, 0.0)
(34.333874, 24.328138, 0.0)
(34.343971, 24.335098, 0.0)
(34.354561, 24.317766, 0.0)
(33.773865, 24.195686, 0.0)
(33.747505, 24.180304, 0.0)
(33.792316, 24.164631, 0.0)
(33.838005, 24.140993, 0.0)
(33.854115, 24.138706, 0.0)
(33.926979, 24.093475, 0.0)
(34.002712, 24.053562, 0.0)
(34.140301, 23.997025, 0.0)
(34.884159, 23.852123, 0.0)
(35.252750, 23.724855, 0.0)
(35.433304, 23.680582, 0.0)
(35.652840, 23.677622, 0.0)
(35.849762, 23.640059, 0.0)
(36.029385, 23.585369, 0.0)
(37.052731, 23.513075, 0.0)
(37.338150, 23.450001, 0.0)
(37.766899, 23.418135, 0.0)
(38.945160, 23.455500, 0.0)
(39.216694, 23.403393, 0.0)
(39.406097, 23.402542, 0.0)
(39.624424, 23.423666, 0.0)
(39.803318, 23.423801, 0.0)
(39.975048, 23.414366, 0.0)
(39.961800, 23.886436, 0.0)
(41.473675, 23.931784, 0.0)
(41.374966, 23.254232, 0.0)
(41.454411, 23.161562, 0.0)
(41.568653, 23.247904, 0.0)
(41.974232, 23.411840, 0.0)
(42.882271, 23.585548, 0.0)
(43.112846, 23.655499, 0.0)
(43.190464, 23.708603, 0.0)
(43.365124, 23.707281, 0.0)
(43.475914, 23.759544, 0.0)
(44.569054, 24.154942, 0.0)
(45.196323, 24.197731, 0.0)
(45.287788, 24.194143, 0.0)
(45.401482, 24.231115, 0.0)
(45.533966, 24.229021, 0.0)
(45.676189, 24.264477, 0.0)
(46.940754, 24.878094, 0.0)
(47.210514, 24.940750, 0.0)
(47.288055, 24.981197, 0.0)
(47.369038, 24.964031, 0.0)
(47.512844, 25.029591, 0.0)
(48.220333, 25.500000, 0.0)
(48.776329, 25.710648, 0.0)
(48.850689, 25.719971, 0.0)
(48.895348, 25.788687, 0.0)
(48.940514, 25.783161, 0.0)
(48.983170, 25.790300, 0.0)
(49.000324, 25.793476, 0.0)
(49.019936, 25.831848, 0.0)
(49.035839, 25.853046, 0.0)
(49.034054, 25.843187, 0.0)
(49.037727, 25.847633, 0.0)
(49.034359, 25.849600, 0.0)
(49.019917, 25.830984, 0.0)
(48.921070, 25.766022, 0.0)
(47.958820, 25.025042, 0.0)
(47.892017, 24.938658, 0.0)
(47.840977, 24.902712, 0.0)
(47.748169, 24.866348, 0.0)
(47.636539, 24.763918, 0.0)
(47.518627, 24.711111, 0.0)
(47.392559, 24.685286, 0.0)
(47.247982, 24.565483, 0.0)
(47.076054, 24.516924, 0.0)
(46.894505, 24.442003, 0.0)
(46.704910, 24.356337, 0.0)
(46.510277, 24.270538, 0.0)
(46.372540, 24.220781, 0.0)
(46.217793, 24.171635, 0.0)
(46.067120, 24.136206, 0.0)
(45.870369, 24.069185, 0.0)
(45.692993, 24.000540, 0.0)
(45.529510, 23.937286, 0.0)
(44.917995, 23.824558, 0.0)
(44.336643, 23.659567, 0.0)
(44.190735, 23.674208, 0.0)
(44.022335, 23.633566, 0.0)
(43.924095, 23.587080, 0.0)
(43.436977, 23.539482, 0.0)
(42.548096, 23.324656, 0.0)
(42.412674, 23.315550, 0.0)
(42.296368, 23.254572, 0.0)
(42.121792, 23.245081, 0.0)
(41.936646, 23.183681, 0.0)
(40.570858, 23.024933, 0.0)
(40.107410, 22.793989, 0.0)
(39.967861, 22.644030, 0.0)
(39.889751, 22.619446, 0.0)
(39.816067, 22.664919, 0.0)
(39.440289, 22.803101, 0.0)
(38.260372, 22.858543, 0.0)
(38.056694, 22.873514, 0.0)
(37.999775, 22.875332, 0.0)
(37.870518, 22.906876, 0.0)
(37.813416, 22.964254, 0.0)
(37.190426, 23.066622, 0.0)
(36.289726, 23.084742, 0.0)
(36.171974, 23.106054, 0.0)
(36.172852, 23.073399, 0.0)
(36.113235, 23.080797, 0.0)
(35.897472, 23.177534, 0.0)
(34.463093, 23.323784, 0.0)
(34.315189, 23.402273, 0.0)
(34.272388, 23.392809, 0.0)
(34.204697, 23.389853, 0.0)
(34.151535, 23.390892, 0.0)
(34.159126, 23.379755, 0.0)
(34.161655, 23.375576, 0.0)
(34.172825, 23.356573, 0.0)
(34.189610, 23.327944, 0.0)
(34.229267, 23.295420, 0.0)
(34.350403, 23.207163, 0.0)
(34.359673, 23.185217, 0.0)
(33.651527, 23.032621, 0.0)
(33.797989, 22.911972, 0.0)
(34.017822, 22.862167, 0.0)
(34.232269, 22.761675, 0.0)
(34.480522, 22.691973, 0.0)
(34.721008, 22.650774, 0.0)
(34.985085, 22.609215, 0.0)
(36.211208, 22.457075, 0.0)
(36.509129, 22.371962, 0.0)
(37.000057, 22.489702, 0.0)
(37.536400, 23.123871, 0.0)
(37.527134, 22.240095, 0.0)
(37.718807, 22.190554, 0.0)
(38.020245, 22.272238, 0.0)
(38.212646, 22.265734, 0.0)
(38.278275, 23.770630, 0.0)
(38.738186, 22.851982, 0.0)
(39.007549, 22.057177, 0.0)
(40.167133, 22.002035, 0.0)
(40.574162, 22.198204, 0.0)
(40.822956, 22.206127, 0.0)
(41.102722, 22.226391, 0.0)
(41.352295, 22.266268, 0.0)
(41.607216, 22.329313, 0.0)
(41.882435, 22.413570, 0.0)
(42.556190, 22.609451, 0.0)
(43.665138, 22.839487, 0.0)
(43.905956, 22.873730, 0.0)
(44.100403, 22.919283, 0.0)
(44.301716, 22.980196, 0.0)
(44.487736, 23.070675, 0.0)
(44.846870, 23.146458, 0.0)
(45.874786, 23.557146, 0.0)
(46.065628, 23.637091, 0.0)
(46.171062, 23.676212, 0.0)
(46.308346, 23.703167, 0.0)
(46.468399, 23.808140, 0.0)
(47.711021, 24.525951, 0.0)
(48.122002, 24.692635, 0.0)
(48.194775, 24.721066, 0.0)
(48.281414, 24.745262, 0.0)
(48.348423, 24.725126, 0.0)
(48.455490, 24.754725, 0.0)
(49.255005, 25.223757, 0.0)
(49.367348, 25.329281, 0.0)
(49.377274, 25.305504, 0.0)
(49.373886, 25.246866, 0.0)
(49.403072, 25.274296, 0.0)
(49.471603, 25.289148, 0.0)
(49.471603, 25.289148, 0.0)
(49.481670, 25.289522, 0.0)
(49.500790, 25.293325, 0.0)
(49.489712, 25.228024, 0.0)
(49.481998, 25.172443, 0.0)
(49.463646, 25.121998, 0.0)
(49.446190, 25.059261, 0.0)
(49.370068, 24.996557, 0.0)
(49.315350, 24.952869, 0.0)
(49.268608, 24.899071, 0.0)
(49.209724, 24.827715, 0.0)
(49.165390, 24.798363, 0.0)
(49.087891, 24.742899, 0.0)
(48.517700, 24.334126, 0.0)
(48.408192, 24.259504, 0.0)
(48.265125, 24.198975, 0.0)
(48.120247, 24.084473, 0.0)
(47.993877, 23.988926, 0.0)
(47.113277, 23.480665, 0.0)
(46.949497, 23.427607, 0.0)
(46.701294, 23.457422, 0.0)
(46.244335, 23.994806, 0.0)
(45.480370, 22.904696, 0.0)
(44.579388, 22.465593, 0.0)
(44.464622, 22.502773, 0.0)
(44.351631, 22.445532, 0.0)
(44.261776, 22.460478, 0.0)
(44.117474, 22.369497, 0.0)
(44.037739, 22.328205, 0.0)
(43.887932, 22.311789, 0.0)
(43.752556, 22.292088, 0.0)
(42.535923, 22.077396, 0.0)
(42.374348, 22.067545, 0.0)
(42.282204, 22.035303, 0.0)
(42.145210, 22.013914, 0.0)
(41.616112, 21.835686, 0.0)
(40.113411, 21.457878, 0.0)
(39.934437, 21.712337, 0.0)
(39.901756, 21.731056, 0.0)
(39.832104, 21.736963, 0.0)
(39.724632, 21.750154, 0.0)
(38.621174, 21.862682, 0.0)
(38.308159, 21.858583, 0.0)
(38.173439, 21.818466, 0.0)
(38.140575, 21.787247, 0.0)
(38.106606, 21.790653, 0.0)
(38.081989, 21.774982, 0.0)
(36.787460, 22.006153, 0.0)
(36.518162, 22.022224, 0.0)
(36.504509, 22.018265, 0.0)
(36.477661, 21.997395, 0.0)
(36.406864, 22.012930, 0.0)
(34.937386, 22.379032, 0.0)
(34.402550, 22.493305, 0.0)
(34.353230, 22.486877, 0.0)
(34.344978, 22.484316, 0.0)
(34.340874, 22.488554, 0.0)
(34.321892, 22.498524, 0.0)
(34.320892, 22.476805, 0.0)
(34.057274, 22.556900, 0.0)
(33.673893, 22.521795, 0.0)
(33.685829, 22.512915, 0.0)
(33.730698, 22.482592, 0.0)
(33.805752, 22.447632, 0.0)
(33.937454, 22.404419, 0.0)
(34.012962, 22.313925, 0.0)
(34.156960, 22.237278, 0.0)
(34.301495, 22.183435, 0.0)
(34.550144, 22.060163, 0.0)
(35.405811, 21.711393, 0.0)
(35.610542, 21.660919, 0.0)
(35.848660, 21.605284, 0.0)
(36.135540, 21.518433, 0.0)
(36.433949, 21.454136, 0.0)
(36.782726, 21.410473, 0.0)
(37.094791, 21.328342, 0.0)
(37.371475, 21.312403, 0.0)
(38.535324, 21.220125, 0.0)
(38.882168, 21.216299, 0.0)
(38.944557, 21.171818, 0.0)
(39.205162, 21.679821, 0.0)
(39.699486, 20.885981, 0.0)
(40.268932, 20.993898, 0.0)
(40.612328, 21.087986, 0.0)
(40.864700, 21.170603, 0.0)
(41.063057, 21.244484, 0.0)
(42.232059, 21.462355, 0.0)
(42.589596, 21.614756, 0.0)
(42.762527, 21.629496, 0.0)
(42.945698, 21.645727, 0.0)
(43.153183, 21.697899, 0.0)
(43.621952, 21.780176, 0.0)
(44.539345, 22.015173, 0.0)
(44.720493, 22.065800, 0.0)
(44.844143, 22.092308, 0.0)
(44.954521, 22.093254, 0.0)
(45.200390, 22.202698, 0.0)
(46.274097, 22.547850, 0.0)
(46.432720, 22.579163, 0.0)
(46.475395, 22.610708, 0.0)
(46.598213, 22.691051, 0.0)
(46.736031, 22.726242, 0.0)
(46.826534, 22.757359, 0.0)
(48.434631, 23.790154, 0.0)
(48.625103, 23.909836, 0.0)
(48.650520, 23.850599, 0.0)
(48.678928, 23.851282, 0.0)
(48.730030, 23.896248, 0.0)
(49.311882, 24.332125, 0.0)
(49.788960, 24.569532, 0.0)
(49.779278, 24.546509, 0.0)
(49.795322, 24.546974, 0.0)
(49.826126, 24.538462, 0.0)
(49.796993, 24.502769, 0.0)
(49.782658, 24.485538, 0.0)
(49.744015, 24.387419, 0.0)
(49.730347, 24.385601, 0.0)
(49.708500, 24.381239, 0.0)
(49.683144, 24.346909, 0.0)
(49.706547, 23.889063, 0.0)
(49.686638, 23.695221, 0.0)
(49.619106, 23.652851, 0.0)
(49.518711, 23.604858, 0.0)
(49.469440, 23.559801, 0.0)
(49.117554, 23.469799, 0.0)
(48.463192, 23.071329, 0.0)
(48.325661, 22.970381, 0.0)
(48.202438, 22.893286, 0.0)
(48.058525, 22.837019, 0.0)
(47.514145, 22.663836, 0.0)
(46.798019, 22.405714, 0.0)
(46.615681, 22.300575, 0.0)
(46.191547, 22.088531, 0.0)
(45.579533, 21.766344, 0.0)
(45.552864, 21.786846, 0.0)
(45.481823, 21.800077, 0.0)
(45.389156, 21.718092, 0.0)
(45.275951, 21.693394, 0.0)
(44.783043, 21.610144, 0.0)
(43.020245, 21.572876, 0.0)
(42.438816, 20.697790, 0.0)
(42.359501, 20.678785, 0.0)
(42.262032, 20.725420, 0.0)
(42.176666, 20.715181, 0.0)
(42.094971, 20.680098, 0.0)
(41.950562, 20.682793, 0.0)
(41.791153, 20.644497, 0.0)
(40.892647, 20.710611, 0.0)
(40.316978, 20.652407, 0.0)
(40.176472, 20.623035, 0.0)
(40.088871, 20.617540, 0.0)
(39.982487, 20.638357, 0.0)
(39.388443, 20.714819, 0.0)
(37.983067, 20.684240, 0.0)
(37.829224, 20.742386, 0.0)
(37.806671, 20.778896, 0.0)
(37.741039, 20.783590, 0.0)
(37.663700, 20.805878, 0.0)
(37.620193, 20.844154, 0.0)
(36.364628, 21.076923, 0.0)
(36.165421, 21.104435, 0.0)
(36.108421, 21.095240, 0.0)
(36.061016, 21.092913, 0.0)
(36.019409, 21.126827, 0.0)
(34.863300, 21.529186, 0.0)
(34.635571, 21.573166, 0.0)
(34.619114, 21.574322, 0.0)
(34.601582, 21.592297, 0.0)
(34.607407, 21.589333, 0.0)
(34.590687, 21.591105, 0.0)
(34.600780, 21.601271, 0.0)
(34.620834, 21.591156, 0.0)
(34.651524, 21.583086, 0.0)
(34.717796, 21.565063, 0.0)
(34.777500, 21.507250, 0.0)
(34.847805, 21.471588, 0.0)
(34.922382, 21.405144, 0.0)
(34.580551, 21.244719, 0.0)
(34.595299, 21.147905, 0.0)
(34.807934, 21.048950, 0.0)
(34.999863, 20.951813, 0.0)
(35.234894, 20.893007, 0.0)
(35.497330, 20.827791, 0.0)
(35.743576, 20.708561, 0.0)
(35.974663, 20.641163, 0.0)
(37.149025, 20.447321, 0.0)
(37.432091, 20.395655, 0.0)
(37.664253, 20.380161, 0.0)
(37.959103, 20.360092, 0.0)
(38.170109, 20.255648, 0.0)
(38.123817, 19.973421, 0.0)
(39.030834, 19.966017, 0.0)
(39.401684, 20.033369, 0.0)
(39.605694, 20.042822, 0.0)
(39.849800, 20.059414, 0.0)
(40.020756, 20.080727, 0.0)
(40.236637, 20.097233, 0.0)
(40.399952, 20.115644, 0.0)
(40.609375, 20.155188, 0.0)
(42.007942, 20.360859, 0.0)
(42.329342, 20.434969, 0.0)
(42.503948, 20.418201, 0.0)
(42.629242, 20.459452, 0.0)
(42.754154, 20.455809, 0.0)
(43.600098, 20.709860, 0.0)
(44.375095, 20.868689, 0.0)
(44.488350, 20.894638, 0.0)
(44.629257, 20.925444, 0.0)
(44.471790, 20.874403, 0.0)
(47.193642, 21.680220, 0.0)
(47.216534, 21.568115, 0.0)
(47.340939, 21.722006, 0.0)
(47.493889, 21.765760, 0.0)
(47.610764, 21.843109, 0.0)
(47.680096, 21.869345, 0.0)
(47.863510, 22.023254, 0.0)
(48.959736, 22.689276, 0.0)
(49.057846, 22.776718, 0.0)
(49.061680, 22.770124, 0.0)
(49.103931, 22.792761, 0.0)
(49.124863, 22.824404, 0.0)
(49.869198, 23.192797, 0.0)
(49.957245, 23.217731, 0.0)
(49.932823, 23.188358, 0.0)
(49.865574, 23.110580, 0.0)
(49.797966, 22.877352, 0.0)
(49.078247, 22.263716, 0.0)
(49.023106, 22.182617, 0.0)
(49.057228, 22.171097, 0.0)
(49.008980, 22.181341, 0.0)
(48.926056, 22.100140, 0.0)
(48.864765, 22.092621, 0.0)
(48.766308, 22.023493, 0.0)
(48.636230, 21.962988, 0.0)
(47.171078, 21.280209, 0.0)
(47.327007, 22.466570, 0.0)
(46.812176, 21.243660, 0.0)
(46.519249, 20.875673, 0.0)
(46.427410, 20.907053, 0.0)
(46.336571, 20.894272, 0.0)
(46.249599, 20.917454, 0.0)
(46.151752, 20.854292, 0.0)
(46.050953, 20.860561, 0.0)
(45.574032, 20.627914, 0.0)
(43.433064, 20.067282, 0.0)
(43.230839, 19.795189, 0.0)
(43.192177, 19.870846, 0.0)
(43.156143, 19.939236, 0.0)
(43.074371, 19.988321, 0.0)
(42.978020, 19.972441, 0.0)
(42.907562, 19.953720, 0.0)
(42.818359, 19.977179, 0.0)
(41.483719, 19.842878, 0.0)
(41.214924, 19.814056, 0.0)
(40.922737, 19.922129, 0.0)
(39.269989, 20.275887, 0.0)
(38.850727, 19.615408, 0.0)
(38.780022, 19.675447, 0.0)
(38.263062, 19.890104, 0.0)
(37.814976, 19.954102, 0.0)
(37.761330, 19.941450, 0.0)
(37.742626, 19.986860, 0.0)
(37.700912, 19.956961, 0.0)
(37.703941, 19.956261, 0.0)
(37.745716, 20.010084, 0.0)
(37.161041, 20.069206, 0.0)
(37.081146, 20.042385, 0.0)
(37.096760, 20.044764, 0.0)
(37.129753, 20.018621, 0.0)
(37.134014, 20.005388, 0.0)
(35.311344, 20.414804, 0.0)
(35.123249, 20.423788, 0.0)
(35.160275, 20.426273, 0.0)
(35.165375, 20.415009, 0.0)
(34.265755, 20.706102, 0.0)
(34.211781, 20.714706, 0.0)
(34.271446, 20.694721, 0.0)
(34.331600, 20.670496, 0.0)
(34.349388, 20.627165, 0.0)
(34.374172, 20.578236, 0.0)
(34.454380, 20.532522, 0.0)
(34.486427, 20.336498, 0.0)
(34.409122, 20.099321, 0.0)
(34.520794, 20.029644, 0.0)
(34.653591, 19.985525, 0.0)
(34.821766, 19.934467, 0.0)
(35.004364, 19.817720, 0.0)
(35.226627, 19.756207, 0.0)
(35.426819, 19.711685, 0.0)
(35.680408, 19.636282, 0.0)
(35.943607, 19.537241, 0.0)
(36.237396, 19.512691, 0.0)
(37.257355, 19.455772, 0.0)
(37.578907, 19.378128, 0.0)
(37.866985, 19.306808, 0.0)
(38.191750, 19.276039, 0.0)
(38.419884, 19.236177, 0.0)
(38.709187, 19.225513, 0.0)
(38.969284, 19.145102, 0.0)
(39.065144, 18.989216, 0.0)
(40.129452, 19.097498, 0.0)
(40.518555, 19.161667, 0.0)
(40.805779, 19.183462, 0.0)
(40.998695, 19.179682, 0.0)
(40.899933, 18.945740, 0.0)
(41.649887, 19.248062, 0.0)
(42.112789, 18.906271, 0.0)
(42.366436, 19.066822, 0.0)
(42.637409, 19.179487, 0.0)
(42.860626, 19.245178, 0.0)
(43.559078, 19.533943, 0.0)
(44.251595, 19.727863, 0.0)
(44.412174, 19.730457, 0.0)
(45.703777, 20.187910, 0.0)
(45.941887, 20.280264, 0.0)
(46.036461, 20.363077, 0.0)
(46.145935, 20.396002, 0.0)
(46.278240, 20.469635, 0.0)
(46.342079, 20.447521, 0.0)
(46.463264, 20.491606, 0.0)
(46.548157, 20.532610, 0.0)
(47.611561, 21.023161, 0.0)
(47.836910, 21.132967, 0.0)
(47.877819, 21.137051, 0.0)
(47.937706, 21.127356, 0.0)
(48.700958, 21.563812, 0.0)
(49.108685, 21.983665, 0.0)
(49.124950, 21.974262, 0.0)
(49.133610, 21.967863, 0.0)
(49.484318, 22.241613, 0.0)
(0.000000, 0.000000, 1.0)
(0.000000, 0.000000, 1.0)
(0.000000, 0.000000, 1.0)
(49.954159, 22.537161, 0.0)
(49.912849, 22.523077, 0.0)
(0.000000, 0.000000, 1.0)
(0.000000, 0.000000, 1.0)
(49.514503, 21.922173, 0.0)
(49.497894, 21.754311, 0.0)
(49.451508, 21.708261, 0.0)
(49.416950, 21.711466, 0.0)
(49.303883, 21.576923, 0.0)
(49.174492, 21.473421, 0.0)
(47.906631, 20.749771, 0.0)
(47.644775, 20.584543, 0.0)
(47.369232, 20.608908, 0.0)
(46.133072, 20.218161, 0.0)
(45.909966, 20.185987, 0.0)
(45.832371, 20.148869, 0.0)
(45.669701, 20.105398, 0.0)
(45.557953, 20.039381, 0.0)
(45.444141, 19.955439, 0.0)
(45.379131, 19.949087, 0.0)
(45.431957, 20.034664, 0.0)
(45.333416, 19.984644, 0.0)
(45.176472, 19.910408, 0.0)
(44.777481, 19.798475, 0.0)
(44.659435, 19.671171, 0.0)
(43.585587, 19.420053, 0.0)
(43.023235, 19.292105, 0.0)
(42.943520, 19.271191, 0.0)
(42.752319, 19.256588, 0.0)
(42.058121, 19.102367, 0.0)
(41.354855, 19.081898, 0.0)
(40.317448, 18.460846, 0.0)
(39.801003, 18.583008, 0.0)
(39.795555, 18.712679, 0.0)
(39.756687, 18.703041, 0.0)
(39.656311, 18.710529, 0.0)
(39.336494, 18.518583, 0.0)
(38.566223, 18.279774, 0.0)
(38.292229, 18.581944, 0.0)
(38.246082, 18.674633, 0.0)
(38.193005, 18.674486, 0.0)
(37.716053, 18.427643, 0.0)
(36.923180, 18.716969, 0.0)
(36.551777, 18.899920, 0.0)
(36.520454, 18.967663, 0.0)
(36.518970, 19.049330, 0.0)
(36.499870, 19.048605, 0.0)
(35.702663, 19.381830, 0.0)
(35.123928, 19.571573, 0.0)
(35.080975, 19.574224, 0.0)
(35.088398, 19.588701, 0.0)
(35.064472, 19.618568, 0.0)
(34.958733, 19.679447, 0.0)
(33.654633, 20.198069, 0.0)
(33.602631, 20.229010, 0.0)
(33.665852, 20.210526, 0.0)
(33.671726, 20.196514, 0.0)
(33.672039, 20.184988, 0.0)
(33.698681, 20.153751, 0.0)
(33.729382, 20.175306, 0.0)
(33.764576, 20.157675, 0.0)
(33.795341, 20.112635, 0.0)
(33.797707, 20.115408, 0.0)
(33.836498, 20.085106, 0.0)
(33.892330, 19.847713, 0.0)
(34.020519, 19.725203, 0.0)
(34.162907, 19.697754, 0.0)
(34.372940, 19.581665, 0.0)
(34.637321, 19.497107, 0.0)
(36.024506, 19.079908, 0.0)
(36.526993, 18.874750, 0.0)
(36.796936, 18.798164, 0.0)
(37.026333, 18.751795, 0.0)
(37.245327, 18.695660, 0.0)
(37.428513, 18.650835, 0.0)
(37.692505, 18.596626, 0.0)
(37.937706, 18.561771, 0.0)
(38.198135, 18.498888, 0.0)
(38.432491, 18.453959, 0.0)
(38.645905, 18.439457, 0.0)
(38.958645, 18.429399, 0.0)
(40.185741, 18.493937, 0.0)
(40.488213, 18.481678, 0.0)
(42.233959, 18.762886, 0.0)
(42.509720, 18.775639, 0.0)
(42.694469, 18.792065, 0.0)
(42.922821, 18.832405, 0.0)
(43.104095, 18.832605, 0.0)
(43.279545, 18.886267, 0.0)
(43.500942, 18.948915, 0.0)
(43.678387, 19.005424, 0.0)
(43.702251, 19.071899, 0.0)
(44.138523, 19.709734, 0.0)
(45.161938, 18.935936, 0.0)
(45.674171, 19.150023, 0.0)
(46.090363, 19.659931, 0.0)
(46.322254, 19.828365, 0.0)
(46.614994, 19.982435, 0.0)
(47.115749, 20.241652, 0.0)
(47.198845, 20.264103, 0.0)
(47.241070, 20.281822, 0.0)
(47.316921, 20.266485, 0.0)
(48.610748, 21.182186, 0.0)
(48.875454, 21.384043, 0.0)
(48.865585, 21.376518, 0.0)
(48.857334, 21.350449, 0.0)
(48.865482, 21.356886, 0.0)
(49.578510, 22.007582, 0.0)
(0.000000, 0.000000, 1.0)
(0.000000, 0.000000, 1.0)
(0.000000, 0.000000, 1.0)
(0.000000, 0.000000, 1.0)
(0.000000, 0.000000, 1.0)
(0.000000, 0.000000, 1.0)
(0.000000, 0.000000, 1.0)
(0.000000, 0.000000, 1.0)
(0.000000, 0.000000, 1.0)
(0.000000, 0.000000, 1.0)
(0.000000, 0.000000, 1.0)
(0.000000, 0.000000, 1.0)
(0.000000, 0.000000, 1.0)
(0.000000, 0.000000, 1.0)
(50.020744, 22.833860, 0.0)
(49.862572, 23.383801, 0.0)
(49.874882, 23.586369, 0.0)
(49.879307, 23.507692, 0.0)
(49.874882, 23.566895, 0.0)
(49.901661, 23.664198, 0.0)
(49.891388, 23.710541, 0.0)
(49.919510, 23.736816, 0.0)
(49.919792, 23.778309, 0.0)
(49.986862, 24.130070, 0.0)
(50.025848, 24.268280, 0.0)
(50.048042, 24.340513, 0.0)
(50.029388, 24.361853, 0.0)
(50.027679, 24.477203, 0.0)
(49.835194, 25.363781, 0.0)
(49.824379, 25.521873, 0.0)
(49.851116, 25.560488, 0.0)
(49.790504, 25.623688, 0.0)
(49.601345, 25.781628, 0.0)
(49.552334, 26.043077, 0.0)
(49.591003, 26.131655, 0.0)
(49.576153, 26.171059, 0.0)
(49.616516, 26.212511, 0.0)
(49.640175, 26.238943, 0.0)
(49.625507, 26.296412, 0.0)
(49.616634, 26.322870, 0.0)
(49.597412, 26.352608, 0.0)
(49.594719, 26.402452, 0.0)
(49.583466, 26.440559, 0.0)
(49.610153, 26.488375, 0.0)
(49.672062, 27.131321, 0.0)
(49.584694, 27.730865, 0.0)
(49.560413, 27.808146, 0.0)
(49.551563, 27.926363, 0.0)
(49.532661, 28.023256, 0.0)
(49.512966, 28.084551, 0.0)
(49.279312, 28.704954, 0.0)
(49.166805, 29.145226, 0.0)
(49.151218, 29.185566, 0.0)
(49.145794, 29.209116, 0.0)
(49.148327, 29.236725, 0.0)
(49.126850, 29.332705, 0.0)
(49.129002, 29.342588, 0.0)
(49.132423, 29.379713, 0.0)
(49.061367, 29.373377, 0.0)
(49.080555, 29.381552, 0.0)
(49.077896, 29.378021, 0.0)
(49.051647, 29.367907, 0.0)
(49.064537, 29.467665, 0.0)
(48.895439, 29.524002, 0.0)
(48.620090, 29.598114, 0.0)
(48.615971, 29.594343, 0.0)
(48.581024, 29.574066, 0.0)
(48.533195, 29.502083, 0.0)
(48.413071, 29.456520, 0.0)
(48.373623, 29.413752, 0.0)
(48.344074, 29.344267, 0.0)
(48.624184, 28.942940, 0.0)
(48.732868, 28.656872, 0.0)
(48.723976, 28.571060, 0.0)
(48.738335, 28.455866, 0.0)
(48.800556, 28.356855, 0.0)
(48.826996, 28.214746, 0.0)
(49.201477, 28.048563, 0.0)
(49.346306, 27.721468, 0.0)
(49.379639, 27.522270, 0.0)
(49.425365, 27.309000, 0.0)
(49.450260, 27.072065, 0.0)
(49.498264, 26.845129, 0.0)
(49.545876, 26.698488, 0.0)
(49.599823, 26.537689, 0.0)
(49.596226, 26.339323, 0.0)
(49.633034, 26.177128, 0.0)
(49.659042, 26.097214, 0.0)
(49.712860, 25.980131, 0.0)
(49.735588, 25.861944, 0.0)
(49.763844, 25.758076, 0.0)
(49.762550, 25.582991, 0.0)
(49.794365, 25.477892, 0.0)
(49.846043, 25.336752, 0.0)
(49.922352, 25.231268, 0.0)
(49.927036, 25.040606, 0.0)
(49.931034, 24.882229, 0.0)
(49.944248, 24.713081, 0.0)
(49.954304, 24.515923, 0.0)
(49.997814, 24.309235, 0.0)
(49.974045, 24.174746, 0.0)
(50.007401, 23.996923, 0.0)
(49.856365, 23.608780, 0.0)
(49.908459, 22.888437, 0.0)
(49.929615, 22.724855, 0.0)
(49.916401, 22.713135, 0.0)
(49.890091, 22.628819, 0.0)
(49.927612, 22.644390, 0.0)
(49.899197, 22.598013, 0.0)
(49.901802, 22.535809, 0.0)
(49.916084, 22.562172, 0.0)
(49.952431, 22.567595, 0.0)
(49.896881, 22.459314, 0.0)
(49.923698, 22.435898, 0.0)
(49.918461, 22.367325, 0.0)
(49.890305, 22.355448, 0.0)
(49.889847, 22.254862, 0.0)
(49.886879, 22.184902, 0.0)
(49.885750, 22.193138, 0.0)
(49.844318, 22.142807, 0.0)
(49.858044, 22.153847, 0.0)
(49.862675, 22.186052, 0.0)
(49.248264, 21.732752, 0.0)
(49.092224, 21.497189, 0.0)
(49.107918, 21.516315, 0.0)
(49.109825, 21.567766, 0.0)
(49.104610, 21.605295, 0.0)
(49.157536, 21.750919, 0.0)
(49.348366, 22.662605, 0.0)
(49.367130, 22.886944, 0.0)
(49.381664, 23.007334, 0.0)
(49.387703, 23.111731, 0.0)
(49.406025, 23.192680, 0.0)
(49.473133, 23.365850, 0.0)
(49.487766, 23.452293, 0.0)
(49.490803, 23.535725, 0.0)
(49.591602, 24.115353, 0.0)
(49.583817, 24.333996, 0.0)
(49.596317, 24.443777, 0.0)
(49.589203, 24.567331, 0.0)
(49.310265, 24.797689, 0.0)
(49.494255, 25.602472, 0.0)
(49.305977, 25.107241, 0.0)
(49.172371, 25.103708, 0.0)
(49.159271, 25.175898, 0.0)
(49.199055, 25.261538, 0.0)
(49.219624, 25.343607, 0.0)
(49.225796, 25.464294, 0.0)
(49.219246, 25.568798, 0.0)
(49.217136, 25.695202, 0.0)
(49.155991, 26.341793, 0.0)
(49.110134, 26.536615, 0.0)
(49.101337, 26.568474, 0.0)
(49.078403, 26.658382, 0.0)
(49.075645, 26.661415, 0.0)
(49.079590, 26.670593, 0.0)
(49.080944, 26.700705, 0.0)
(49.072746, 26.864946, 0.0)
(48.936966, 27.854578, 0.0)
(48.884163, 28.010485, 0.0)
(48.874111, 28.030678, 0.0)
(48.839985, 28.035475, 0.0)
(48.829937, 28.033468, 0.0)
(48.601692, 29.079235, 0.0)
(48.551991, 29.226879, 0.0)
(48.560478, 29.191801, 0.0)
(48.553070, 29.204296, 0.0)
(48.551235, 29.196154, 0.0)
(48.543091, 29.185665, 0.0)
(48.530407, 29.190620, 0.0)
(48.535206, 29.183567, 0.0)
(48.532944, 29.199169, 0.0)
(48.513664, 29.186014, 0.0)
(48.517654, 29.207560, 0.0)
(48.518837, 29.170103, 0.0)
(48.509266, 29.155672, 0.0)
(48.508209, 29.140343, 0.0)
(48.511963, 29.103661, 0.0)
(48.518887, 29.023972, 0.0)
(47.785358, 28.776211, 0.0)
(47.735683, 28.673897, 0.0)
(47.754925, 28.590734, 0.0)
(47.737518, 28.528671, 0.0)
(47.753460, 28.427191, 0.0)
(47.769527, 28.278585, 0.0)
(47.774609, 28.097641, 0.0)
(48.119835, 28.171482, 0.0)
(48.205429, 28.017828, 0.0)
(48.239719, 27.789515, 0.0)
(48.284786, 27.584835, 0.0)
(48.369942, 27.370504, 0.0)
(48.384560, 27.220247, 0.0)
(48.430180, 27.007692, 0.0)
(48.481270, 26.849157, 0.0)
(48.514832, 26.666805, 0.0)
(48.526310, 26.517366, 0.0)
(48.551868, 26.329929, 0.0)
(48.567032, 26.216658, 0.0)
(48.600830, 25.984833, 0.0)
(48.661003, 25.806925, 0.0)
(48.658836, 25.641315, 0.0)
(48.695038, 25.509933, 0.0)
(48.709274, 25.362995, 0.0)
(48.721516, 25.214113, 0.0)
(48.750877, 25.058203, 0.0)
(48.774933, 24.916815, 0.0)
(48.791737, 24.737379, 0.0)
(48.831047, 24.623297, 0.0)
(48.851540, 24.475748, 0.0)
(48.878868, 24.399040, 0.0)
(48.872448, 24.240229, 0.0)
(48.916073, 24.123077, 0.0)
(48.806919, 23.626476, 0.0)
(48.832012, 23.395090, 0.0)
(48.885010, 23.308725, 0.0)
(48.900558, 23.172050, 0.0)
(48.909241, 23.088911, 0.0)
(48.888447, 22.626661, 0.0)
(48.890636, 21.906462, 0.0)
(48.898327, 21.842178, 0.0)
(48.895023, 21.725723, 0.0)
(48.893688, 21.679897, 0.0)
(48.894894, 21.636576, 0.0)
(48.895088, 21.548365, 0.0)
(48.904007, 21.490084, 0.0)
(48.667950, 20.877493, 0.0)
(48.640694, 20.779549, 0.0)
(48.649086, 20.807856, 0.0)
(48.668457, 20.818556, 0.0)
(48.666691, 20.838509, 0.0)
(48.672676, 20.800764, 0.0)
(48.672333, 20.805016, 0.0)
(48.674973, 20.813761, 0.0)
(48.683464, 20.845671, 0.0)
(48.660820, 20.810482, 0.0)
(48.386101, 20.709545, 0.0)
(47.879578, 20.628845, 0.0)
(47.821705, 20.542427, 0.0)
(47.797955, 20.586035, 0.0)
(47.770042, 20.635593, 0.0)
(47.709518, 20.615673, 0.0)
(47.764496, 21.210848, 0.0)
(48.068489, 22.210348, 0.0)
(48.081409, 22.340059, 0.0)
(48.099842, 22.423491, 0.0)
(48.132889, 22.588438, 0.0)
(48.139450, 22.708174, 0.0)
(48.143806, 22.756187, 0.0)
(48.199886, 22.860079, 0.0)
(48.234879, 22.932714, 0.0)
(48.025997, 23.122946, 0.0)
(48.358234, 24.320415, 0.0)
(48.112606, 23.846693, 0.0)
(48.087662, 23.977526, 0.0)
(48.115013, 24.083811, 0.0)
(48.140301, 24.182941, 0.0)
(48.162392, 24.227219, 0.0)
(48.192394, 24.322306, 0.0)
(47.994911, 24.916107, 0.0)
(47.935127, 25.085171, 0.0)
(47.948917, 25.126719, 0.0)
(47.947765, 25.208122, 0.0)
(47.994610, 25.304615, 0.0)
(47.966553, 25.394485, 0.0)
(48.081310, 25.741669, 0.0)
(48.069641, 25.974791, 0.0)
(48.068813, 26.045788, 0.0)
(48.057030, 26.163996, 0.0)
(48.067402, 26.243814, 0.0)
(47.780617, 26.717710, 0.0)
(47.727570, 26.906483, 0.0)
(47.725739, 26.937376, 0.0)
(47.712044, 26.996664, 0.0)
(47.723621, 27.059700, 0.0)
(47.696644, 27.719290, 0.0)
(47.644756, 27.942789, 0.0)
(47.628742, 27.955944, 0.0)
(47.631371, 28.037064, 0.0)
(47.611980, 28.077229, 0.0)
(47.621555, 28.085562, 0.0)
(47.624649, 28.137648, 0.0)
(47.594055, 28.201714, 0.0)
(47.598305, 28.198030, 0.0)
(47.584988, 28.188066, 0.0)
(47.570980, 28.218122, 0.0)
(47.570587, 28.237917, 0.0)
(47.046906, 28.090977, 0.0)
(46.970718, 28.076456, 0.0)
(46.991631, 28.050570, 0.0)
(46.992496, 27.934151, 0.0)
(46.959961, 27.897972, 0.0)
(46.941990, 27.835598, 0.0)
(46.938385, 27.771849, 0.0)
(46.909203, 27.650852, 0.0)
(46.596226, 27.614391, 0.0)
(46.555481, 27.507120, 0.0)
(46.569221, 27.396564, 0.0)
(46.563438, 27.206139, 0.0)
(46.588966, 27.040207, 0.0)
(46.568642, 26.939512, 0.0)
(46.857994, 27.059389, 0.0)
(46.887634, 26.938631, 0.0)
(46.981628, 26.752947, 0.0)
(47.021572, 26.614651, 0.0)
(47.083221, 26.438656, 0.0)
(47.092640, 26.231667, 0.0)
(47.144016, 26.083229, 0.0)
(47.223892, 25.857101, 0.0)
(47.229107, 25.730970, 0.0)
(47.222179, 25.635376, 0.0)
(47.264362, 25.480387, 0.0)
(47.297642, 25.315233, 0.0)
(47.324585, 25.238188, 0.0)
(47.390118, 25.077116, 0.0)
(47.407948, 24.909607, 0.0)
(47.410442, 24.774799, 0.0)
(47.398846, 24.613806, 0.0)
(47.416183, 24.473280, 0.0)
(47.466930, 24.312330, 0.0)
(47.476021, 24.159018, 0.0)
(47.359886, 23.774500, 0.0)
(47.449833, 23.586330, 0.0)
(47.483013, 23.488655, 0.0)
(47.458015, 23.258892, 0.0)
(47.478779, 23.177582, 0.0)
(47.544361, 23.054905, 0.0)
(47.560394, 22.964840, 0.0)
(47.544422, 22.841709, 0.0)
(47.404060, 22.083927, 0.0)
(47.418118, 21.868673, 0.0)
(47.451275, 21.782677, 0.0)
(47.436543, 21.660055, 0.0)
(47.461647, 21.549604, 0.0)
(47.331112, 21.202425, 0.0)
(47.068325, 20.108614, 0.0)
(47.086628, 20.027367, 0.0)
(47.101040, 20.040398, 0.0)
(47.091698, 20.002497, 0.0)
(47.106419, 20.013973, 0.0)
(47.109406, 19.988527, 0.0)
(47.105675, 19.980881, 0.0)
(47.099506, 19.951670, 0.0)
(47.118641, 19.987206, 0.0)
(47.107513, 19.972307, 0.0)
(47.108627, 19.962143, 0.0)
(47.087894, 19.944014, 0.0)
(47.114716, 20.021126, 0.0)
(46.363781, 20.008945, 0.0)
(46.268387, 19.958479, 0.0)
(46.279202, 19.858206, 0.0)
(46.286015, 19.900633, 0.0)
(46.290405, 19.960648, 0.0)
(46.192814, 20.025757, 0.0)
(46.259762, 20.938776, 0.0)
(46.228813, 22.014978, 0.0)
(46.349350, 22.044348, 0.0)
(46.393204, 22.174467, 0.0)
(46.345974, 23.098890, 0.0)
(46.667145, 23.338682, 0.0)
(46.386967, 22.650061, 0.0)
(46.468342, 22.563290, 0.0)
(46.537086, 22.712038, 0.0)
(46.576759, 22.810797, 0.0)
(46.611202, 22.989399, 0.0)
(46.661316, 23.086721, 0.0)
(46.665440, 23.186529, 0.0)
(46.672840, 23.327192, 0.0)
(46.710575, 23.411715, 0.0)
(46.564297, 24.201990, 0.0)
(46.519424, 24.451162, 0.0)
(46.522114, 24.523792, 0.0)
(46.545261, 24.623577, 0.0)
(46.549450, 24.676388, 0.0)
(46.562416, 24.710304, 0.0)
(46.572769, 24.808374, 0.0)
(46.557724, 24.853777, 0.0)
(46.578335, 25.311497, 0.0)
(46.571354, 26.030285, 0.0)
(46.570412, 26.111332, 0.0)
(46.585205, 26.179941, 0.0)
(46.577579, 26.202440, 0.0)
(46.539013, 26.230532, 0.0)
(46.414204, 27.182159, 0.0)
(46.372574, 27.377699, 0.0)
(46.315121, 27.384792, 0.0)
(46.335651, 27.362656, 0.0)
(46.337593, 27.389959, 0.0)
(46.311001, 27.468348, 0.0)
(46.305431, 27.495483, 0.0)
(46.283657, 27.560938, 0.0)
(46.268143, 27.657728, 0.0)
(46.243996, 27.714907, 0.0)
(46.232418, 27.711859, 0.0)
(45.950001, 28.363707, 0.0)
(45.907898, 28.488707, 0.0)
(45.905830, 28.448397, 0.0)
(45.897141, 28.482372, 0.0)
(45.906338, 28.471388, 0.0)
(45.910557, 28.451916, 0.0)
(45.900211, 28.469040, 0.0)
(45.747334, 28.404287, 0.0)
(44.998505, 28.005409, 0.0)
(44.908527, 27.869341, 0.0)
(44.896671, 27.771721, 0.0)
(44.901131, 27.578552, 0.0)
(44.931183, 27.487474, 0.0)
(45.036469, 27.258440, 0.0)
(45.362045, 26.662205, 0.0)
(45.371773, 26.509211, 0.0)
(45.431728, 26.346928, 0.0)
(45.462658, 26.147078, 0.0)
(45.488140, 26.025627, 0.0)
(45.491924, 25.862967, 0.0)
(45.524681, 25.783119, 0.0)
(45.486275, 25.665033, 0.0)
(45.545223, 25.490528, 0.0)
(45.558685, 25.319839, 0.0)
(45.564625, 25.143538, 0.0)
(45.561939, 24.970415, 0.0)
(45.573601, 24.847206, 0.0)
(45.608620, 24.640966, 0.0)
(45.612980, 24.491371, 0.0)
(45.617554, 24.394663, 0.0)
(45.632042, 24.211344, 0.0)
(45.636456, 23.982508, 0.0)
(45.676094, 23.841534, 0.0)
(45.714043, 23.650126, 0.0)
(45.733616, 23.485878, 0.0)
(45.754967, 23.318380, 0.0)
(45.770321, 23.246529, 0.0)
(45.795033, 23.087723, 0.0)
(45.773354, 22.876507, 0.0)
(45.779804, 22.704796, 0.0)
(45.692028, 22.337168, 0.0)
(45.727818, 22.172438, 0.0)
(45.726311, 22.047632, 0.0)
(45.764763, 21.963125, 0.0)
(45.756966, 21.822073, 0.0)
(45.777489, 21.744390, 0.0)
(45.782341, 21.617451, 0.0)
(45.797302, 21.530256, 0.0)
(45.718220, 21.190472, 0.0)
(45.594051, 20.380480, 0.0)
(45.590702, 20.222828, 0.0)
(45.601231, 20.143663, 0.0)
(45.588917, 20.073755, 0.0)
(45.541065, 19.818386, 0.0)
(45.418007, 19.207060, 0.0)
(45.425045, 19.148203, 0.0)
(45.439808, 19.150200, 0.0)
(45.456646, 19.134169, 0.0)
(45.438583, 19.147596, 0.0)
(45.417435, 19.150578, 0.0)
(45.436287, 19.151348, 0.0)
(45.421577, 19.169292, 0.0)
(45.430836, 19.150866, 0.0)
(45.433792, 19.202358, 0.0)
(45.128162, 19.281900, 0.0)
(44.526760, 19.338192, 0.0)
(44.016651, 19.120949, 0.0)
(43.988346, 19.451210, 0.0)
(44.103973, 19.784815, 0.0)
(43.844021, 19.576157, 0.0)
(44.110119, 19.925314, 0.0)
(44.433559, 20.270552, 0.0)
(44.378582, 20.403135, 0.0)
(44.692791, 21.996107, 0.0)
(44.514103, 21.544514, 0.0)
(44.607632, 21.740637, 0.0)
(44.669167, 21.897203, 0.0)
(44.697136, 22.002144, 0.0)
(44.743855, 22.103195, 0.0)
(44.766880, 22.210552, 0.0)
(44.800488, 22.320648, 0.0)
(44.843063, 22.414629, 0.0)
(44.866421, 22.512911, 0.0)
(44.879818, 22.594858, 0.0)
(44.874413, 22.685251, 0.0)
(44.863365, 22.757502, 0.0)
(44.881077, 23.015697, 0.0)
(44.827061, 23.517731, 0.0)
(44.831558, 23.626749, 0.0)
(44.826916, 23.712097, 0.0)
(44.800697, 23.798277, 0.0)
(44.813133, 23.865023, 0.0)
(44.804291, 24.440744, 0.0)
(44.759480, 24.609129, 0.0)
(44.753994, 24.678816, 0.0)
(44.775101, 24.790848, 0.0)
(44.765163, 24.849407, 0.0)
(44.758671, 25.067629, 0.0)
(44.790070, 25.630064, 0.0)
(44.741081, 25.747133, 0.0)
(44.774075, 25.777403, 0.0)
(44.776218, 25.853558, 0.0)
(44.737206, 25.897039, 0.0)
(44.710880, 26.370071, 0.0)
(44.651100, 26.701706, 0.0)
(44.630852, 26.727217, 0.0)
(44.606644, 26.811007, 0.0)
(44.537170, 27.325081, 0.0)
(44.465313, 27.499022, 0.0)
(44.442547, 27.491230, 0.0)
(44.428619, 27.486992, 0.0)
(44.388222, 27.461136, 0.0)
(44.393902, 27.456911, 0.0)
(44.386742, 27.501104, 0.0)
(44.369370, 27.494555, 0.0)
(44.347755, 27.512810, 0.0)
(44.324883, 27.528936, 0.0)
(44.322773, 27.492649, 0.0)
(44.300476, 27.390062, 0.0)
(43.483906, 27.221645, 0.0)
(43.287941, 27.020081, 0.0)
(43.288376, 26.979931, 0.0)
(43.259853, 26.919313, 0.0)
(43.266888, 26.856827, 0.0)
(43.243614, 26.782097, 0.0)
(43.234592, 26.635534, 0.0)
(43.266968, 26.524817, 0.0)
(43.268230, 26.345205, 0.0)
(43.305676, 26.201883, 0.0)
(43.549358, 26.141804, 0.0)
(43.585754, 25.971613, 0.0)
(43.576992, 25.777231, 0.0)
(43.613556, 25.625826, 0.0)
(43.644764, 25.431452, 0.0)
(43.674343, 25.310247, 0.0)
(43.691338, 25.090321, 0.0)
(43.709351, 24.916847, 0.0)
(43.688251, 24.787359, 0.0)
(43.722569, 24.678282, 0.0)
(43.788094, 24.522469, 0.0)
(43.778728, 24.398663, 0.0)
(43.823956, 24.258596, 0.0)
(43.863918, 24.068581, 0.0)
(43.886028, 23.928205, 0.0)
(43.929935, 23.775547, 0.0)
(43.930752, 23.604429, 0.0)
(43.831146, 23.008314, 0.0)
(43.786034, 22.792023, 0.0)
(43.787704, 22.633978, 0.0)
(43.810822, 22.511797, 0.0)
(43.857002, 22.325069, 0.0)
(43.845806, 22.209867, 0.0)
(43.866608, 22.060549, 0.0)
(43.848530, 21.904860, 0.0)
(43.824726, 21.690834, 0.0)
(43.679363, 20.820389, 0.0)
(43.703934, 20.728331, 0.0)
(43.720749, 20.711018, 0.0)
(43.745667, 20.664270, 0.0)
(43.771275, 20.614437, 0.0)
(43.754459, 20.581028, 0.0)
(43.624722, 19.934122, 0.0)
(43.596806, 19.738022, 0.0)
(43.593975, 19.692308, 0.0)
(43.610538, 19.641825, 0.0)
(43.619011, 19.612740, 0.0)
(43.636471, 19.412407, 0.0)
(43.593197, 19.284935, 0.0)
(43.606789, 19.270443, 0.0)
(43.606411, 19.254656, 0.0)
(43.603935, 19.230770, 0.0)
(43.617329, 19.256527, 0.0)
(43.613972, 19.256161, 0.0)
(43.598549, 19.268354, 0.0)
(43.613926, 19.263319, 0.0)
(43.270126, 19.185966, 0.0)
(42.363083, 18.680832, 0.0)
(42.374573, 18.724857, 0.0)
(42.421391, 18.785786, 0.0)
(42.406097, 18.851818, 0.0)
(42.385410, 18.908707, 0.0)
(42.121918, 19.523100, 0.0)
(42.863968, 21.433983, 0.0)
(42.275867, 20.167696, 0.0)
(42.410042, 20.300564, 0.0)
(42.483452, 20.507931, 0.0)
(42.581371, 20.653332, 0.0)
(42.593460, 20.732075, 0.0)
(42.622528, 20.845810, 0.0)
(42.650776, 20.937038, 0.0)
(42.678043, 21.049938, 0.0)
(42.701996, 21.158751, 0.0)
(42.724190, 21.667620, 0.0)
(42.737007, 21.832575, 0.0)
(42.778439, 21.992701, 0.0)
(42.773232, 22.094656, 0.0)
(42.775616, 22.191608, 0.0)
(42.771797, 22.284580, 0.0)
(42.778114, 22.325844, 0.0)
(42.832523, 23.072821, 0.0)
(42.802433, 23.237085, 0.0)
(42.820709, 23.309618, 0.0)
(42.841080, 23.402868, 0.0)
(42.871212, 23.547297, 0.0)
(42.871181, 23.601810, 0.0)
(42.877052, 24.190546, 0.0)
(42.863533, 24.565521, 0.0)
(42.850452, 24.598553, 0.0)
(42.850048, 24.666203, 0.0)
(42.883850, 24.731888, 0.0)
(42.895016, 24.827009, 0.0)
(42.766285, 25.574739, 0.0)
(42.749111, 25.713215, 0.0)
(42.751614, 25.763500, 0.0)
(42.727753, 25.816433, 0.0)
(42.758255, 25.865305, 0.0)
(42.746841, 25.935064, 0.0)
(42.752220, 25.931795, 0.0)
(42.754902, 26.480186, 0.0)
(42.668518, 27.146265, 0.0)
(42.651283, 27.206142, 0.0)
(42.649250, 27.190084, 0.0)
(42.646832, 27.210682, 0.0)
(42.633759, 27.238951, 0.0)
(42.649715, 27.265038, 0.0)
(42.651470, 27.299173, 0.0)
(42.657154, 27.309580, 0.0)
(42.656651, 27.315033, 0.0)
(42.650688, 27.317530, 0.0)
(42.633636, 27.240635, 0.0)
(42.622021, 27.219791, 0.0)
(42.181168, 27.352211, 0.0)
(41.639648, 27.196424, 0.0)
(41.583282, 27.148844, 0.0)
(41.586472, 27.125595, 0.0)
(41.580872, 27.031530, 0.0)
(41.572388, 26.962967, 0.0)
(41.593281, 26.849543, 0.0)
(41.583355, 26.676283, 0.0)
(41.581364, 26.510723, 0.0)
(41.635426, 26.303263, 0.0)
(41.652454, 26.075184, 0.0)
(41.678631, 25.897476, 0.0)
(41.717873, 25.652851, 0.0)
(41.702045, 25.481535, 0.0)
(41.691212, 25.357588, 0.0)
(41.746597, 25.122778, 0.0)
(41.779186, 24.964544, 0.0)
(41.771732, 24.833815, 0.0)
(41.741158, 24.618774, 0.0)
(41.735455, 24.440121, 0.0)
(41.744953, 24.304165, 0.0)
(41.715733, 24.173115, 0.0)
(41.743366, 24.070658, 0.0)
(41.748737, 23.927851, 0.0)
(41.752434, 23.772972, 0.0)
(41.764759, 23.639122, 0.0)
(41.800709, 23.473072, 0.0)
(41.796616, 23.337322, 0.0)
(41.798538, 23.227453, 0.0)
(41.672585, 22.610016, 0.0)
(41.674011, 22.396749, 0.0)
(41.698341, 22.303192, 0.0)
(41.702106, 22.144873, 0.0)
(41.723488, 21.987745, 0.0)
(41.720005, 21.777712, 0.0)
(41.713482, 21.685730, 0.0)
(41.735081, 21.517084, 0.0)
(41.732162, 21.380936, 0.0)
(41.766567, 21.285069, 0.0)
(41.681923, 20.577385, 0.0)
(41.694389, 20.391397, 0.0)
(41.694191, 20.237215, 0.0)
(41.696815, 20.131615, 0.0)
(41.671463, 19.981037, 0.0)
(41.678070, 19.863529, 0.0)
(41.684795, 19.778313, 0.0)
(41.676319, 19.718340, 0.0)
(41.369579, 18.924021, 0.0)
(41.168575, 18.547836, 0.0)
(41.219643, 18.549244, 0.0)
(41.248234, 18.553259, 0.0)
(41.242413, 18.548037, 0.0)
(41.240726, 18.546194, 0.0)
(41.223286, 18.504648, 0.0)
(41.223286, 18.504648, 0.0)
(41.239113, 18.550812, 0.0)
(41.203579, 18.543308, 0.0)
(40.650562, 18.756603, 0.0)
(40.295219, 18.801426, 0.0)
(40.297104, 18.841227, 0.0)
(40.306152, 18.873905, 0.0)
(40.159569, 18.959625, 0.0)
(40.649818, 21.928143, 0.0)
(40.517994, 21.077007, 0.0)
(40.592747, 21.307013, 0.0)
(40.665836, 21.494862, 0.0)
(40.703491, 21.533346, 0.0)
(40.695526, 21.588163, 0.0)
(40.663952, 21.633003, 0.0)
(40.676868, 21.661228, 0.0)
(40.708439, 21.689230, 0.0)
(40.737354, 21.738691, 0.0)
(40.739082, 21.783394, 0.0)
(40.763317, 21.844870, 0.0)
(40.789162, 21.902906, 0.0)
(40.792950, 21.943409, 0.0)
(40.797394, 21.988754, 0.0)
(40.782799, 22.084190, 0.0)
(40.801281, 22.166302, 0.0)
(40.814430, 22.332975, 0.0)
(40.848038, 23.236000, 0.0)
(40.855167, 23.336945, 0.0)
(40.851665, 23.406132, 0.0)
(40.847748, 23.486294, 0.0)
(40.847099, 23.546324, 0.0)
(40.844551, 23.550726, 0.0)
(40.991302, 24.307138, 0.0)
(40.961914, 24.481472, 0.0)
(40.972046, 24.546776, 0.0)
(40.964973, 24.628094, 0.0)
(40.977798, 24.657644, 0.0)
(40.985928, 24.735720, 0.0)
(40.992645, 24.852612, 0.0)
(41.002594, 25.153078, 0.0)
(40.999802, 25.767189, 0.0)
(40.979454, 25.880777, 0.0)
(40.988373, 25.929983, 0.0)
(40.978939, 25.984442, 0.0)
(41.039032, 26.335022, 0.0)
(41.056484, 26.995760, 0.0)
(41.048809, 27.031528, 0.0)
(41.033028, 27.026821, 0.0)
(41.008598, 27.073805, 0.0)
(41.033207, 27.092083, 0.0)
(41.015244, 27.151695, 0.0)
(41.005276, 27.173380, 0.0)
(41.010559, 27.154804, 0.0)
(40.993614, 27.147594, 0.0)
(41.012093, 27.145683, 0.0)
(40.618038, 27.199522, 0.0)
(40.547508, 27.226202, 0.0)
(40.514072, 27.224089, 0.0)
(40.196964, 27.244402, 0.0)
(39.731792, 27.247824, 0.0)
(39.697861, 27.209953, 0.0)
(39.666222, 27.117636, 0.0)
(39.633869, 27.056868, 0.0)
(39.646564, 26.920324, 0.0)
(39.654678, 26.793774, 0.0)
(39.664291, 26.607304, 0.0)
(39.931919, 26.207312, 0.0)
(40.058865, 25.798779, 0.0)
(40.060574, 25.598221, 0.0)
(40.027782, 25.416143, 0.0)
(40.033802, 25.241165, 0.0)
(40.038963, 25.088837, 0.0)
(40.016724, 24.895733, 0.0)
(40.002361, 24.771719, 0.0)
(39.982506, 24.630688, 0.0)
(39.977997, 24.435860, 0.0)
(39.935692, 24.263924, 0.0)
(39.930363, 24.109095, 0.0)
(39.920650, 23.868481, 0.0)
(39.915337, 23.678207, 0.0)
(39.842854, 23.534046, 0.0)
(39.726101, 23.254776, 0.0)
(39.703575, 23.121269, 0.0)
(39.729900, 22.907640, 0.0)
(39.732250, 22.772131, 0.0)
(39.735401, 22.576889, 0.0)
(39.721428, 22.403957, 0.0)
(39.687901, 22.285147, 0.0)
(39.728508, 22.108110, 0.0)
(39.761162, 21.941408, 0.0)
(39.748077, 21.827808, 0.0)
(39.765221, 21.713110, 0.0)
(39.792206, 21.561041, 0.0)
(39.805054, 21.439196, 0.0)
(39.547577, 21.078472, 0.0)
(39.511257, 20.755461, 0.0)
(39.507698, 20.668972, 0.0)
(39.513538, 20.546545, 0.0)
(39.491722, 20.443338, 0.0)
(39.493618, 20.342985, 0.0)
(39.491863, 20.251133, 0.0)
(39.494995, 20.114492, 0.0)
(39.259415, 19.443161, 0.0)
(39.247307, 19.300470, 0.0)
(39.253918, 19.240602, 0.0)
(39.238590, 19.189281, 0.0)
(39.257050, 19.157368, 0.0)
(39.250866, 19.131521, 0.0)
(39.242653, 19.085104, 0.0)
(39.255898, 19.028795, 0.0)
(39.259903, 19.015858, 0.0)
(39.227043, 19.004906, 0.0)
(39.239807, 19.002014, 0.0)
(39.236637, 18.998533, 0.0)
(39.232315, 19.008589, 0.0)
(38.430401, 19.121172, 0.0)
(38.336922, 19.172731, 0.0)
(38.362732, 19.190884, 0.0)
(38.352032, 19.183012, 0.0)
(38.272030, 19.152277, 0.0)
(38.363365, 19.767284, 0.0)
(38.474987, 20.296896, 0.0)
(38.485535, 20.379774, 0.0)
(38.480724, 20.495108, 0.0)
(38.509644, 20.565470, 0.0)
(38.518085, 20.606186, 0.0)
(38.558983, 20.682220, 0.0)
(38.581150, 20.725595, 0.0)
(38.595398, 20.815365, 0.0)
(38.581905, 20.844524, 0.0)
(38.658291, 21.045116, 0.0)
(38.766735, 21.897448, 0.0)
(38.741123, 21.980585, 0.0)
(38.768688, 22.029518, 0.0)
(38.751446, 22.053072, 0.0)
(38.557491, 21.795212, 0.0)
(38.610752, 22.268795, 0.0)
(38.720615, 22.417543, 0.0)
(38.796005, 22.513714, 0.0)
(38.800575, 22.591154, 0.0)
(38.826897, 22.678156, 0.0)
(38.846313, 22.762629, 0.0)
(38.890938, 23.652637, 0.0)
(38.875900, 23.829567, 0.0)
(38.888756, 23.844204, 0.0)
(38.899628, 23.874418, 0.0)
(38.888157, 23.918571, 0.0)
(38.881741, 23.981501, 0.0)
(38.909519, 24.080172, 0.0)
(38.891777, 24.501699, 0.0)
(38.881474, 24.610510, 0.0)
(38.870090, 24.663683, 0.0)
(38.963238, 24.904036, 0.0)
(39.149036, 25.946543, 0.0)
(39.153107, 26.138788, 0.0)
(39.171947, 26.114109, 0.0)
(39.192455, 26.160147, 0.0)
(38.973728, 26.356346, 0.0)
(38.937038, 26.417524, 0.0)
(38.946831, 26.467106, 0.0)
(38.938217, 26.511105, 0.0)
(38.946812, 26.492308, 0.0)
(38.965637, 26.486155, 0.0)
(39.017654, 26.536619, 0.0)
(38.773167, 26.917948, 0.0)
(38.749069, 26.980194, 0.0)
(38.756210, 27.030888, 0.0)
(38.734318, 27.037184, 0.0)
(38.750050, 27.022350, 0.0)
(38.752495, 27.017948, 0.0)
(38.740192, 27.008131, 0.0)
(38.733650, 26.995728, 0.0)
(38.209896, 27.069670, 0.0)
(38.027561, 27.047674, 0.0)
(38.013237, 26.933783, 0.0)
(37.990879, 26.807178, 0.0)
(37.966892, 26.680542, 0.0)
(37.969322, 26.532936, 0.0)
(37.965778, 26.279503, 0.0)
(37.934551, 26.096966, 0.0)
(37.950302, 25.819265, 0.0)
(37.972454, 25.592108, 0.0)
(37.977165, 25.403666, 0.0)
(37.967121, 25.195236, 0.0)
(37.943031, 24.977201, 0.0)
(37.943233, 24.853500, 0.0)
(37.918140, 24.677919, 0.0)
(37.898087, 24.504652, 0.0)
(37.912895, 24.385426, 0.0)
(37.888371, 24.215572, 0.0)
(37.877869, 24.041439, 0.0)
(37.912552, 23.893265, 0.0)
(37.908276, 23.672352, 0.0)
(37.911945, 23.520514, 0.0)
(37.921440, 23.388285, 0.0)
(37.884579, 23.231329, 0.0)
(37.888676, 23.072098, 0.0)
(37.675213, 22.579096, 0.0)
(37.693512, 22.399721, 0.0)
(37.713573, 22.177263, 0.0)
(37.686390, 22.000839, 0.0)
(37.705242, 21.766953, 0.0)
(37.681801, 21.584015, 0.0)
(37.682922, 21.381189, 0.0)
(37.698227, 21.246422, 0.0)
(37.677826, 21.128592, 0.0)
(37.710129, 21.005032, 0.0)
(37.701542, 20.875025, 0.0)
(37.703831, 20.785931, 0.0)
(37.729298, 20.657122, 0.0)
(37.748596, 20.547112, 0.0)
(37.740643, 20.452526, 0.0)
(37.746738, 20.339413, 0.0)
(37.724648, 20.255913, 0.0)
(37.735096, 20.136440, 0.0)
(37.494442, 19.885248, 0.0)
(37.421566, 19.613792, 0.0)
(37.453152, 19.568516, 0.0)
(37.443237, 19.477060, 0.0)
(37.447231, 19.375402, 0.0)
(37.278534, 19.165367, 0.0)
(37.235165, 18.965946, 0.0)
(37.227791, 18.952324, 0.0)
(37.219906, 18.908951, 0.0)
(37.210411, 18.848408, 0.0)
(37.188690, 18.849537, 0.0)
(37.197418, 18.865963, 0.0)
(37.197418, 18.865963, 0.0)
(36.611126, 19.540260, 0.0)
(36.381504, 19.749231, 0.0)
(36.129589, 19.711390, 0.0)
(36.098557, 19.858526, 0.0)
(36.163631, 19.929708, 0.0)
(36.242825, 19.985840, 0.0)
(36.728130, 20.590975, 0.0)
(36.784519, 20.691362, 0.0)
(36.773956, 20.747206, 0.0)
(36.823498, 20.812912, 0.0)
(36.850056, 20.860319, 0.0)
(36.859360, 20.913923, 0.0)
(36.865608, 20.964422, 0.0)
(36.888012, 20.987871, 0.0)
(36.854607, 21.021475, 0.0)
(36.420582, 20.819145, 0.0)
(36.604282, 21.362162, 0.0)
(36.735352, 21.650679, 0.0)
(36.792496, 21.737162, 0.0)
(36.813477, 21.839563, 0.0)
(36.818508, 21.915613, 0.0)
(36.851376, 21.966969, 0.0)
(36.841209, 22.046646, 0.0)
(36.866901, 22.157623, 0.0)
(36.967346, 22.930027, 0.0)
(36.943142, 23.310490, 0.0)
(36.970085, 23.454668, 0.0)
(36.979340, 23.505354, 0.0)
(36.985954, 23.597490, 0.0)
(36.969719, 23.696520, 0.0)
(36.926384, 24.049881, 0.0)
(36.834454, 24.613800, 0.0)
(36.815369, 24.697348, 0.0)
(36.832642, 24.777046, 0.0)
(36.848160, 24.813662, 0.0)
(36.881149, 24.832987, 0.0)
(37.276054, 25.670145, 0.0)
(37.287849, 25.777592, 0.0)
(37.257797, 25.778997, 0.0)
(37.272648, 25.804008, 0.0)
(37.313194, 26.525173, 0.0)
(37.283272, 26.769295, 0.0)
(37.235752, 26.755499, 0.0)
(37.266438, 26.704016, 0.0)
(37.238434, 26.688807, 0.0)
(37.286949, 26.699991, 0.0)
(37.260834, 26.703051, 0.0)
(37.261398, 26.741190, 0.0)
(37.040085, 26.982849, 0.0)
(37.006271, 27.070049, 0.0)
(37.058826, 27.095346, 0.0)
(37.024731, 27.020933, 0.0)
(37.025360, 27.028990, 0.0)
(37.022392, 26.982458, 0.0)
(37.022114, 26.939646, 0.0)
(36.381969, 26.783733, 0.0)
(36.243195, 26.663599, 0.0)
(36.231895, 26.595001, 0.0)
(36.199455, 26.576998, 0.0)
(36.186199, 26.466789, 0.0)
(36.149998, 26.338978, 0.0)
(36.128593, 26.266186, 0.0)
(36.146008, 26.080975, 0.0)
(36.161549, 25.884823, 0.0)
(36.139763, 25.706282, 0.0)
(36.136715, 25.547384, 0.0)
(36.139755, 25.265898, 0.0)
(36.108986, 25.017952, 0.0)
(36.114422, 24.771090, 0.0)
(36.131649, 24.551334, 0.0)
(36.209637, 24.602940, 0.0)
(36.200520, 24.462633, 0.0)
(36.172752, 24.267418, 0.0)
(36.156738, 24.034264, 0.0)
(36.143017, 23.945507, 0.0)
(36.134964, 23.806883, 0.0)
(36.119793, 23.667562, 0.0)
(36.118332, 23.534472, 0.0)
(36.116707, 23.435919, 0.0)
(36.101295, 23.267284, 0.0)
(36.122211, 23.054607, 0.0)
(36.073055, 22.902132, 0.0)
(36.066471, 22.785595, 0.0)
(36.057270, 22.633110, 0.0)
(36.077011, 22.484501, 0.0)
(36.065052, 22.337744, 0.0)
(36.062656, 22.224957, 0.0)
(36.055103, 22.086103, 0.0)
(36.051376, 21.942266, 0.0)
(36.033897, 21.818073, 0.0)
(35.939472, 21.678030, 0.0)
(35.803883, 21.464859, 0.0)
(35.813534, 21.285879, 0.0)
(35.801975, 21.140253, 0.0)
(35.829254, 21.050074, 0.0)
(35.824249, 20.914185, 0.0)
(35.818298, 20.844461, 0.0)
(35.800426, 20.762699, 0.0)
(35.710171, 20.486320, 0.0)
(35.578011, 19.582424, 0.0)
(35.560966, 19.373327, 0.0)
(35.585274, 19.372234, 0.0)
(35.598454, 19.321411, 0.0)
(35.588104, 19.282051, 0.0)
(35.580952, 19.289984, 0.0)
(35.588554, 19.215929, 0.0)
(35.590931, 19.139687, 0.0)
(35.584702, 19.189068, 0.0)
(35.579304, 19.147842, 0.0)
(35.559071, 19.124086, 0.0)
(35.557243, 19.132935, 0.0)
(35.534260, 19.151735, 0.0)
(35.538193, 19.179426, 0.0)
(35.426529, 19.402737, 0.0)
(34.678082, 19.905121, 0.0)
(34.573826, 19.896488, 0.0)
(34.641064, 19.922121, 0.0)
(34.799702, 20.652893, 0.0)
(34.808571, 20.757477, 0.0)
(34.778603, 20.861460, 0.0)
(34.826237, 20.960125, 0.0)
(34.857395, 21.036091, 0.0)
(34.774796, 20.954800, 0.0)
(34.711876, 20.929562, 0.0)
(34.969631, 21.501524, 0.0)
(35.080711, 21.805983, 0.0)
(35.122185, 21.864120, 0.0)
(35.133739, 21.917528, 0.0)
(35.145344, 21.981483, 0.0)
(35.194519, 22.041073, 0.0)
(35.199169, 22.071150, 0.0)
(35.047581, 22.214903, 0.0)
(34.937325, 22.233412, 0.0)
(34.950611, 22.290321, 0.0)
(34.800488, 22.308105, 0.0)
(34.911713, 23.697041, 0.0)
(34.788555, 22.771446, 0.0)
(34.897171, 22.802231, 0.0)
(34.950851, 22.915146, 0.0)
(35.010799, 22.980139, 0.0)
(35.056767, 23.028868, 0.0)
(35.109825, 23.156168, 0.0)
(35.213791, 23.476248, 0.0)
(35.206802, 23.783594, 0.0)
(35.230465, 23.928228, 0.0)
(35.216972, 24.017342, 0.0)
(35.230236, 24.083736, 0.0)
(35.426121, 24.920174, 0.0)
(35.434109, 25.107969, 0.0)
(35.465698, 25.272068, 0.0)
(35.516098, 25.365633, 0.0)
(35.513424, 25.431881, 0.0)
(35.542717, 25.510588, 0.0)
(35.546131, 25.565186, 0.0)
(35.538055, 25.624102, 0.0)
(35.560692, 25.683117, 0.0)
(35.613022, 25.683670, 0.0)
(35.645370, 25.722012, 0.0)
(35.645794, 25.816528, 0.0)
(35.635944, 25.889196, 0.0)
(35.637291, 25.950378, 0.0)
(35.649326, 25.967882, 0.0)
(35.628498, 26.034101, 0.0)
(35.621529, 26.079180, 0.0)
(35.600769, 26.083830, 0.0)
(35.603359, 26.055044, 0.0)
(35.588970, 26.045305, 0.0)
(35.591084, 26.047945, 0.0)
(35.594070, 26.036228, 0.0)
(35.068584, 26.355711, 0.0)
(34.977673, 26.386726, 0.0)
(34.993874, 26.372732, 0.0)
(34.976410, 26.330618, 0.0)
(34.960556, 26.301823, 0.0)
(34.939144, 26.267193, 0.0)
(34.796745, 26.184919, 0.0)
(34.532806, 26.093117, 0.0)
(34.492840, 25.842638, 0.0)
(34.473034, 25.648857, 0.0)
(34.441101, 25.449602, 0.0)
(34.465950, 25.253689, 0.0)
(34.456566, 25.103207, 0.0)
(34.441540, 24.797440, 0.0)
(34.421028, 24.604076, 0.0)
(34.418468, 24.445854, 0.0)
(34.384850, 24.240837, 0.0)
(34.376629, 24.139044, 0.0)
(34.374882, 24.033073, 0.0)
(34.362350, 23.937021, 0.0)
(34.359932, 23.810015, 0.0)
(34.359016, 23.631050, 0.0)
(34.318375, 23.493767, 0.0)
(34.305058, 23.407684, 0.0)
(34.280460, 23.280779, 0.0)
(34.284405, 23.207109, 0.0)
(34.265301, 23.112263, 0.0)
(34.266907, 22.954058, 0.0)
(34.237526, 22.863365, 0.0)
(34.104702, 22.708853, 0.0)
(34.111374, 22.552505, 0.0)
(34.092247, 22.417221, 0.0)
(34.048294, 22.371199, 0.0)
(34.072395, 22.186407, 0.0)
(34.049809, 22.041903, 0.0)
(34.049625, 21.936617, 0.0)
(34.064278, 21.832308, 0.0)
(34.043823, 21.688993, 0.0)
(34.041405, 21.538771, 0.0)
(34.081398, 21.393721, 0.0)
(34.069290, 21.227673, 0.0)
(34.072250, 21.175600, 0.0)
(33.940113, 20.907427, 0.0)
(33.955444, 20.630686, 0.0)
(33.973362, 20.572241, 0.0)
(33.954716, 20.482107, 0.0)
(33.974670, 20.375454, 0.0)
(34.000767, 20.296410, 0.0)
(33.712704, 20.073828, 0.0)
(33.624287, 19.873489, 0.0)
(33.637711, 19.837303, 0.0)
(33.673149, 19.796480, 0.0)
(33.654221, 19.773970, 0.0)
(33.657120, 19.772278, 0.0)
(33.669781, 19.739645, 0.0)
(33.650852, 19.715900, 0.0)
(33.645889, 19.708771, 0.0)
(33.318352, 20.058098, 0.0)
(33.273357, 20.149614, 0.0)
(33.285465, 20.192896, 0.0)
(33.283409, 20.233772, 0.0)
(33.297825, 20.249817, 0.0)
(33.195633, 20.905983, 0.0)
(33.201294, 21.010214, 0.0)
(33.240040, 21.037254, 0.0)
(33.186588, 21.026218, 0.0)
(33.162121, 21.228191, 0.0)
(33.332996, 21.843920, 0.0)
(33.364506, 21.974129, 0.0)
(33.366768, 22.044952, 0.0)
(33.399910, 22.104191, 0.0)
(33.428074, 22.140387, 0.0)
(33.431057, 22.184017, 0.0)
(33.467899, 22.219408, 0.0)
(33.477997, 22.286345, 0.0)
(33.504505, 22.319925, 0.0)
(33.542400, 22.371218, 0.0)
(33.531338, 22.450127, 0.0)
(33.429222, 23.025078, 0.0)
(33.431648, 23.225115, 0.0)
(33.459557, 23.253645, 0.0)
(33.535763, 23.484062, 0.0)
(33.790768, 23.934254, 0.0)
(33.833851, 24.056334, 0.0)
(33.843517, 24.121088, 0.0)
(33.834835, 24.193079, 0.0)
(33.840645, 24.247734, 0.0)
(33.847767, 24.259382, 0.0)
(33.847118, 24.289288, 0.0)
(33.877853, 24.360655, 0.0)
(33.895035, 24.403410, 0.0)
(33.909771, 24.468851, 0.0)
(33.787617, 25.279043, 0.0)
(33.808388, 25.418730, 0.0)
(33.864563, 25.406738, 0.0)
(33.869194, 25.414730, 0.0)
(33.885349, 25.435898, 0.0)
(34.216465, 25.969231, 0.0)
(34.246689, 26.205389, 0.0)
(34.232758, 26.201519, 0.0)
(34.230167, 26.224808, 0.0)
(34.236626, 26.270418, 0.0)
(34.220089, 26.317924, 0.0)
(34.212868, 26.371380, 0.0)
(34.217461, 26.398251, 0.0)
(34.183613, 26.442181, 0.0)
(34.199818, 26.432562, 0.0)
(34.182961, 26.433840, 0.0)
(34.307350, 26.638435, 0.0)
(34.330044, 26.670332, 0.0)
(34.326942, 26.648598, 0.0)
(34.297756, 26.712582, 0.0)
(34.290409, 26.721802, 0.0)
(34.297371, 26.711456, 0.0)
(34.314056, 26.734917, 0.0)
(34.309380, 26.734510, 0.0)
(34.310646, 26.740021, 0.0)
(34.312035, 26.719929, 0.0)
(34.323566, 26.712481, 0.0)
(34.327553, 26.713875, 0.0)
(34.323555, 26.706717, 0.0)
(34.323463, 26.701832, 0.0)
(34.334377, 26.699118, 0.0)
(34.311714, 26.727497, 0.0)
(34.297039, 26.700157, 0.0)
(34.313698, 26.695648, 0.0)
(34.304276, 26.682911, 0.0)
(34.340660, 26.722204, 0.0)
(34.353512, 26.734035, 0.0)
(34.343731, 26.716711, 0.0)
(34.131580, 26.825031, 0.0)
(34.184162, 26.811043, 0.0)
(34.164848, 26.807287, 0.0)
(34.138145, 26.808048, 0.0)
(34.153187, 26.810211, 0.0)
(34.193050, 26.793447, 0.0)
(34.192757, 26.794424, 0.0)
(34.232849, 26.777258, 0.0)
(35.465065, 26.158943, 0.0)
(43.938618, 22.135937, 0.0)
(44.841492, 21.854137, 0.0)
(44.913082, 21.881063, 0.0)
(44.974998, 21.971764, 0.0)
(45.044209, 22.007441, 0.0)
(45.098873, 22.034979, 0.0)
(45.077042, 22.050985, 0.0)
(43.499779, 22.087278, 0.0)
(43.548073, 22.141630, 0.0)
(43.604965, 22.107267, 0.0)
(43.629265, 22.167261, 0.0)
(43.618526, 22.142941, 0.0)
(43.366486, 21.945969, 0.0)
