(37.995544, 32.181797, 0.0)
(37.878277, 30.979322, 0.0)
(37.822292, 30.243969, 0.0)
(37.847267, 29.923515, 0.0)
(38.637436, 30.894247, 0.0)
(38.669651, 30.892826, 0.0)
(38.669960, 30.834055, 0.0)
(38.656525, 30.809511, 0.0)
(38.673405, 30.791876, 0.0)
(38.684212, 30.818462, 0.0)
(38.711769, 30.802965, 0.0)
(38.720383, 30.845957, 0.0)
(38.710350, 30.863237, 0.0)
(38.706032, 30.854155, 0.0)
(38.655300, 30.865080, 0.0)
(38.633015, 30.861303, 0.0)
(38.665714, 30.892307, 0.0)
(38.687099, 30.867954, 0.0)
(38.695213, 30.894501, 0.0)
(38.731384, 30.878258, 0.0)
(38.763020, 30.841494, 0.0)
(38.729790, 30.887505, 0.0)
(38.705486, 30.902779, 0.0)
(38.706306, 30.928598, 0.0)
(38.748055, 30.897753, 0.0)
(38.752502, 30.899345, 0.0)
(38.743187, 30.898586, 0.0)
(38.743187, 30.898586, 0.0)
(38.586842, 30.893583, 0.0)
(38.595547, 30.899792, 0.0)
(38.595142, 30.902046, 0.0)
(38.586414, 30.903496, 0.0)
(38.555904, 30.965195, 0.0)
(38.537113, 31.007896, 0.0)
(38.453220, 31.034023, 0.0)
(38.433151, 30.996204, 0.0)
(38.500103, 31.018602, 0.0)
(38.572399, 30.992538, 0.0)
(38.592487, 30.979486, 0.0)
(38.970146, 30.744776, 0.0)
(39.018574, 30.697302, 0.0)
(39.024845, 30.632654, 0.0)
(39.092876, 30.583845, 0.0)
(39.127430, 30.560106, 0.0)
(39.112858, 30.567886, 0.0)
(39.111919, 30.576704, 0.0)
(38.756046, 30.722275, 0.0)
(38.731907, 30.749006, 0.0)
(38.738232, 30.718185, 0.0)
(38.747242, 30.698462, 0.0)
(38.758163, 30.676544, 0.0)
(38.772259, 30.681684, 0.0)
(38.752254, 30.694468, 0.0)
(38.710339, 30.696297, 0.0)
(38.666794, 30.690472, 0.0)
(38.743439, 30.629051, 0.0)
(38.756107, 30.660151, 0.0)
(38.759216, 30.673973, 0.0)
(38.704124, 30.714563, 0.0)
(38.723297, 30.694925, 0.0)
(38.728382, 30.723354, 0.0)
(38.708496, 30.703308, 0.0)
(38.724388, 30.701799, 0.0)
(38.733551, 30.747433, 0.0)
(38.686745, 30.748346, 0.0)
(38.677429, 30.775808, 0.0)
(38.685799, 30.803896, 0.0)
(38.699123, 30.793142, 0.0)
(38.689075, 30.794060, 0.0)
(38.684464, 30.797098, 0.0)
(38.698013, 30.805325, 0.0)
(38.733002, 30.743397, 0.0)
(38.734566, 30.741385, 0.0)
(38.710014, 30.725420, 0.0)
(38.703297, 30.691439, 0.0)
(38.821064, 30.461441, 0.0)
(38.859154, 30.335787, 0.0)
(38.840202, 30.320047, 0.0)
(38.847099, 30.331751, 0.0)
(38.884464, 30.319088, 0.0)
(38.852795, 30.313446, 0.0)
(38.872841, 30.274681, 0.0)
(38.895603, 30.264853, 0.0)
(38.872219, 30.336290, 0.0)
(38.865326, 30.378195, 0.0)
(38.852016, 30.324141, 0.0)
(38.840378, 30.339052, 0.0)
(38.846428, 30.337381, 0.0)
(38.822617, 30.353214, 0.0)
(38.839642, 30.347027, 0.0)
(38.832832, 30.295692, 0.0)
(38.830391, 30.322733, 0.0)
(38.795696, 30.333542, 0.0)
(38.784355, 30.343435, 0.0)
(38.812660, 30.324396, 0.0)
(38.814308, 30.347878, 0.0)
(38.785748, 30.378042, 0.0)
(38.792068, 30.394249, 0.0)
(38.811138, 30.381887, 0.0)
(38.782131, 30.394699, 0.0)
(38.794987, 30.357283, 0.0)
(38.594540, 30.327286, 0.0)
(38.582253, 30.322538, 0.0)
(38.581406, 30.310591, 0.0)
(38.566681, 30.317308, 0.0)
(38.567810, 30.324839, 0.0)
(38.569164, 30.327862, 0.0)
(38.580276, 30.305157, 0.0)
(38.619308, 30.329138, 0.0)
(38.621593, 30.273626, 0.0)
(38.652985, 30.245949, 0.0)
(38.626953, 30.259775, 0.0)
(38.628166, 30.205414, 0.0)
(38.698910, 30.181396, 0.0)
(38.671623, 30.213657, 0.0)
(38.649559, 30.264956, 0.0)
(38.669125, 30.319933, 0.0)
(38.660789, 30.342726, 0.0)
(38.612461, 30.372877, 0.0)
(38.628712, 30.351721, 0.0)
(38.645126, 30.342857, 0.0)
(38.656479, 30.358883, 0.0)
(38.660843, 30.374104, 0.0)
(38.647453, 30.360014, 0.0)
(38.682213, 30.375666, 0.0)
(38.706066, 30.419554, 0.0)
(38.847622, 30.393354, 0.0)
(38.867188, 30.385393, 0.0)
(38.875935, 30.390894, 0.0)
(38.869755, 30.388838, 0.0)
(38.853642, 30.353884, 0.0)
(38.890953, 30.293827, 0.0)
(38.764244, 30.397778, 0.0)
(38.728493, 30.438030, 0.0)
(38.694855, 30.475916, 0.0)
(38.729481, 30.504616, 0.0)
(38.745327, 30.509249, 0.0)
(38.744633, 30.470528, 0.0)
(38.754665, 30.461538, 0.0)
(38.793007, 30.442848, 0.0)
(38.805180, 30.437029, 0.0)
(38.793503, 30.424675, 0.0)
(38.798306, 30.420189, 0.0)
(38.792004, 30.421352, 0.0)
(38.764656, 30.453634, 0.0)
(38.777088, 30.457455, 0.0)
(38.613472, 30.404591, 0.0)
(38.586155, 30.376905, 0.0)
(38.567627, 30.357111, 0.0)
(38.566368, 30.304430, 0.0)
(38.622852, 30.323568, 0.0)
(38.624493, 30.351852, 0.0)
(38.861816, 30.364296, 0.0)
(38.841938, 30.359957, 0.0)
(38.841702, 30.354624, 0.0)
(38.876663, 30.304970, 0.0)
(38.898361, 30.244463, 0.0)
(38.916847, 30.192987, 0.0)
(38.915264, 30.217331, 0.0)
(38.945889, 30.218086, 0.0)
(38.850052, 30.317949, 0.0)
(38.841244, 30.341888, 0.0)
(38.841030, 30.356501, 0.0)
(38.817444, 30.356527, 0.0)
(38.841057, 30.347506, 0.0)
(38.845253, 30.340296, 0.0)
(38.841969, 30.333237, 0.0)
(38.826996, 30.318237, 0.0)
(38.818127, 30.325115, 0.0)
(38.835613, 30.321493, 0.0)
(38.836926, 30.342758, 0.0)
(38.837673, 30.387218, 0.0)
(38.837650, 30.375500, 0.0)
(38.846722, 30.378868, 0.0)
(38.831371, 30.404108, 0.0)
(38.856415, 30.369957, 0.0)
(38.851295, 30.358339, 0.0)
(38.839512, 30.362984, 0.0)
(38.837238, 30.416759, 0.0)
(35.676933, 31.923208, 0.0)
(32.918381, 33.129601, 0.0)
(31.884232, 33.870720, 0.0)
(31.792648, 33.948555, 0.0)
(31.788761, 33.936459, 0.0)
(31.672895, 33.812046, 0.0)
(30.125128, 29.983032, 0.0)
(29.735109, 27.310501, 0.0)
(29.551006, 27.319033, 0.0)
(29.566332, 27.391058, 0.0)
(29.530521, 27.367201, 0.0)
(30.709068, 26.879242, 0.0)
(36.907928, 25.090321, 0.0)
(41.701221, 25.795818, 0.0)
(44.683071, 27.220545, 0.0)
(45.141411, 27.428055, 0.0)
(45.170235, 27.408255, 0.0)
(45.181732, 27.409637, 0.0)
(45.187248, 27.421228, 0.0)
(45.401207, 28.905945, 0.0)
(45.896717, 32.895844, 0.0)
(45.631874, 33.566399, 0.0)
(45.599430, 33.624199, 0.0)
(45.588459, 33.700916, 0.0)
(45.582729, 33.751785, 0.0)
(46.624043, 34.829933, 0.0)
(46.675949, 34.899582, 0.0)
(46.644810, 34.866100, 0.0)
(46.673615, 34.803501, 0.0)
(46.752396, 34.845566, 0.0)
(46.308151, 32.092937, 0.0)
(46.023952, 28.045048, 0.0)
(45.755280, 27.773542, 0.0)
(45.731583, 27.902285, 0.0)
(45.720406, 27.892378, 0.0)
(45.927586, 27.827465, 0.0)
(45.993248, 27.582861, 0.0)
(45.959713, 27.569645, 0.0)
(45.957363, 27.572552, 0.0)
(45.925591, 27.612276, 0.0)
(45.927746, 27.663248, 0.0)
(45.910290, 27.609816, 0.0)
(45.909622, 27.620003, 0.0)
(45.915359, 27.588554, 0.0)
(45.911427, 27.585424, 0.0)
(45.890072, 27.547245, 0.0)
(45.910130, 27.409306, 0.0)
(45.914452, 27.384102, 0.0)
(45.920845, 27.382259, 0.0)
(45.915394, 27.402481, 0.0)
(45.911201, 27.449379, 0.0)
(45.882442, 27.477057, 0.0)
(45.900070, 27.493490, 0.0)
(45.904682, 27.475769, 0.0)
(45.860306, 27.440876, 0.0)
(45.854000, 27.417751, 0.0)
(45.874485, 27.443956, 0.0)
(45.864258, 27.471422, 0.0)
(45.818764, 27.446966, 0.0)
(45.830647, 27.448313, 0.0)
(45.836479, 27.445356, 0.0)
(45.814442, 27.466494, 0.0)
(45.827282, 27.452215, 0.0)
(45.823906, 27.502001, 0.0)
(45.789616, 27.487354, 0.0)
(41.727097, 25.863813, 0.0)
(37.371880, 25.514194, 0.0)
(33.320961, 26.358618, 0.0)
(30.909016, 27.273846, 0.0)
(30.869875, 27.201973, 0.0)
(30.897900, 27.071783, 0.0)
(30.893099, 27.006849, 0.0)
(30.883455, 26.999739, 0.0)
(30.894209, 26.996662, 0.0)
(30.874031, 27.001436, 0.0)
(30.569721, 28.424595, 0.0)
(30.042372, 33.024570, 0.0)
(30.088245, 35.382450, 0.0)
(30.415855, 35.840878, 0.0)
(30.403145, 35.889011, 0.0)
(30.396183, 35.933128, 0.0)
(30.425119, 35.944157, 0.0)
(30.414234, 35.926308, 0.0)
(30.443003, 35.938210, 0.0)
(30.452202, 35.941704, 0.0)
(30.466103, 35.879593, 0.0)
(30.181589, 36.282475, 0.0)
(30.188553, 36.413624, 0.0)
(30.205332, 36.348301, 0.0)
(30.248400, 36.270756, 0.0)
(30.243223, 36.203033, 0.0)
(30.250341, 36.179642, 0.0)
(30.255430, 36.182259, 0.0)
(30.270380, 36.196316, 0.0)
(30.251230, 36.204334, 0.0)
(30.248133, 36.166901, 0.0)
(30.244064, 36.189423, 0.0)
(30.231428, 36.177525, 0.0)
(30.273886, 36.119186, 0.0)
(30.265116, 36.109222, 0.0)
(30.270025, 36.092670, 0.0)
(30.274445, 36.085751, 0.0)
(30.264357, 33.810173, 0.0)
(29.208307, 29.098803, 0.0)
(28.986101, 28.207417, 0.0)
(28.945112, 28.319742, 0.0)
(28.869452, 28.373692, 0.0)
(28.762075, 28.358212, 0.0)
(28.778419, 27.202188, 0.0)
(28.753860, 27.164875, 0.0)
(28.729855, 27.162346, 0.0)
(28.711248, 27.168667, 0.0)
(28.720461, 27.183884, 0.0)
(28.698374, 27.172199, 0.0)
(28.672062, 27.151941, 0.0)
(28.682821, 27.108473, 0.0)
(28.687071, 27.094782, 0.0)
(28.666920, 27.075726, 0.0)
(28.674360, 27.082933, 0.0)
(28.703760, 27.064285, 0.0)
(28.717714, 27.040312, 0.0)
(28.736614, 27.024090, 0.0)
(28.760422, 27.011122, 0.0)
(28.746191, 27.032471, 0.0)
(28.817221, 27.009624, 0.0)
(28.837887, 26.994162, 0.0)
(28.884794, 26.966946, 0.0)
(28.839546, 26.976582, 0.0)
(28.833809, 26.940170, 0.0)
(28.874439, 26.892008, 0.0)
(28.882011, 26.875933, 0.0)
(28.884378, 26.868319, 0.0)
(28.881660, 26.871248, 0.0)
(28.891729, 26.886982, 0.0)
(28.864948, 26.894283, 0.0)
(28.859432, 26.903013, 0.0)
(28.859404, 26.910603, 0.0)
(28.844841, 26.915520, 0.0)
(28.887726, 26.939594, 0.0)
(31.696951, 27.509722, 0.0)
(36.878525, 28.954664, 0.0)
(39.093483, 30.401167, 0.0)
(39.049515, 30.632084, 0.0)
(39.001591, 30.590103, 0.0)
(39.001820, 30.591858, 0.0)
(38.999245, 30.552269, 0.0)
(38.984211, 30.558241, 0.0)
(38.965019, 30.574709, 0.0)
(38.950283, 30.545811, 0.0)
(38.563751, 30.449106, 0.0)
(38.571144, 30.409199, 0.0)
(38.567696, 30.369825, 0.0)
(38.577717, 30.361656, 0.0)
(38.581512, 30.349718, 0.0)
(38.582092, 30.391560, 0.0)
(38.577843, 30.427692, 0.0)
(38.566868, 30.382681, 0.0)
(38.606281, 30.378889, 0.0)
(38.602619, 30.368021, 0.0)
(38.581066, 30.400274, 0.0)
(38.627338, 30.440842, 0.0)
(38.605312, 30.456646, 0.0)
(38.605312, 30.456646, 0.0)
(38.609825, 30.453846, 0.0)
(38.862450, 30.350580, 0.0)
(38.894634, 30.292578, 0.0)
(38.887539, 30.256296, 0.0)
(38.842678, 30.293573, 0.0)
(38.848614, 30.242365, 0.0)
(38.915913, 30.185112, 0.0)
(38.877872, 30.206022, 0.0)
(38.848064, 30.213213, 0.0)
(38.885990, 30.215677, 0.0)
(38.890175, 30.288275, 0.0)
(38.868565, 30.285564, 0.0)
(38.869968, 30.276325, 0.0)
(38.883774, 30.287586, 0.0)
(38.829853, 30.254440, 0.0)
(38.876110, 30.249414, 0.0)
(38.891060, 30.277756, 0.0)
(38.872879, 30.312712, 0.0)
(38.849648, 30.311699, 0.0)
(38.838680, 30.328787, 0.0)
(41.647263, 31.594028, 0.0)
(39.356640, 33.367634, 0.0)
(35.247025, 34.625153, 0.0)
(32.958668, 35.498562, 0.0)
(32.931175, 35.466030, 0.0)
(33.025936, 35.453365, 0.0)
(32.984875, 35.442280, 0.0)
(33.729862, 35.630539, 0.0)
(34.383419, 35.868492, 0.0)
(34.397594, 35.857822, 0.0)
(34.404121, 35.789387, 0.0)
(34.473618, 35.784779, 0.0)
(36.159237, 35.757977, 0.0)
(36.266426, 35.864529, 0.0)
(36.319324, 35.859272, 0.0)
(36.441700, 35.872467, 0.0)
(39.646576, 35.635231, 0.0)
(40.169044, 35.692535, 0.0)
(40.286266, 35.712952, 0.0)
(40.352169, 35.805969, 0.0)
(40.459038, 35.901031, 0.0)
(40.495270, 35.961510, 0.0)
(40.521309, 35.947197, 0.0)
(40.622185, 35.962944, 0.0)
(40.738499, 35.992294, 0.0)
(40.796421, 35.989998, 0.0)
(42.204498, 36.062115, 0.0)
(43.364647, 35.838230, 0.0)
(43.532024, 35.836063, 0.0)
(43.602970, 35.855995, 0.0)
(43.685059, 35.891975, 0.0)
(43.762169, 36.003704, 0.0)
(43.835979, 36.010441, 0.0)
(44.149155, 35.999523, 0.0)
(45.752701, 35.117390, 0.0)
(45.984207, 35.039379, 0.0)
(46.017731, 35.116756, 0.0)
(46.041893, 35.160961, 0.0)
(46.062534, 35.159580, 0.0)
(46.097366, 35.176861, 0.0)
(46.091160, 35.180161, 0.0)
(46.075974, 35.177166, 0.0)
(46.100018, 35.181274, 0.0)
(46.143356, 35.245262, 0.0)
(46.146072, 35.233311, 0.0)
(46.444759, 34.956001, 0.0)
(46.493477, 34.897820, 0.0)
(46.541203, 34.896603, 0.0)
(46.520096, 34.820198, 0.0)
(46.547623, 34.719963, 0.0)
(46.577984, 34.727135, 0.0)
(46.542263, 34.676201, 0.0)
(46.508858, 34.677425, 0.0)
(46.490047, 34.654133, 0.0)
(46.542488, 34.637783, 0.0)
(44.876122, 34.860073, 0.0)
(44.418537, 35.193981, 0.0)
(44.386581, 35.271782, 0.0)
(44.363834, 35.269894, 0.0)
(43.035561, 35.748123, 0.0)
(42.536671, 35.809551, 0.0)
(42.414982, 35.796009, 0.0)
(42.386883, 35.803978, 0.0)
(41.891155, 35.975773, 0.0)
(40.659206, 36.153427, 0.0)
(40.486382, 36.148182, 0.0)
(40.416794, 36.146801, 0.0)
(40.293217, 36.090874, 0.0)
(39.090839, 36.214710, 0.0)
(38.809021, 36.260574, 0.0)
(38.698330, 36.283119, 0.0)
(38.559837, 36.252205, 0.0)
(38.444511, 36.270618, 0.0)
(38.333912, 36.334957, 0.0)
(38.247051, 36.311775, 0.0)
(35.779018, 36.233501, 0.0)
(35.216930, 36.248425, 0.0)
(35.115627, 36.317467, 0.0)
(34.997990, 36.326401, 0.0)
(34.913933, 36.292179, 0.0)
(34.811222, 36.266819, 0.0)
(34.729900, 36.291016, 0.0)
(34.690071, 36.293667, 0.0)
(34.621410, 36.303978, 0.0)
(34.562061, 36.274311, 0.0)
(34.529179, 36.276951, 0.0)
(34.125645, 36.375542, 0.0)
(32.481228, 36.187519, 0.0)
(32.307411, 36.171730, 0.0)
(32.305534, 36.171696, 0.0)
(32.254601, 36.187862, 0.0)
(31.627939, 36.335560, 0.0)
(30.295326, 35.793068, 0.0)
(30.190962, 35.857742, 0.0)
(30.222071, 35.919933, 0.0)
(30.197460, 35.950817, 0.0)
(30.209084, 35.946411, 0.0)
(30.228182, 35.985371, 0.0)
(30.210499, 35.977142, 0.0)
(30.231094, 35.997578, 0.0)
(30.261387, 35.955315, 0.0)
(30.235573, 35.941994, 0.0)
(30.279255, 35.930603, 0.0)
(31.507801, 35.706608, 0.0)
(34.245102, 35.515022, 0.0)
(34.439442, 35.570900, 0.0)
(34.532375, 35.624352, 0.0)
(34.676243, 35.643951, 0.0)
(34.765499, 35.666420, 0.0)
(34.881142, 35.655914, 0.0)
(34.970047, 35.655239, 0.0)
(35.088783, 35.693859, 0.0)
(35.218964, 35.676979, 0.0)
(35.367725, 35.713367, 0.0)
(35.546864, 35.672920, 0.0)
(35.689671, 35.646667, 0.0)
(37.274178, 35.625362, 0.0)
(38.518112, 35.435089, 0.0)
(38.749950, 35.388962, 0.0)
(38.914097, 35.395504, 0.0)
(39.087147, 35.460209, 0.0)
(39.232258, 35.497028, 0.0)
(39.345596, 35.518333, 0.0)
(39.503662, 35.494053, 0.0)
(39.674938, 35.445927, 0.0)
(40.875572, 35.586372, 0.0)
(42.584351, 35.528637, 0.0)
(42.812527, 35.563656, 0.0)
(42.881176, 35.604507, 0.0)
(42.968746, 35.614937, 0.0)
(43.020565, 35.589420, 0.0)
(43.085690, 35.577984, 0.0)
(43.138790, 35.584969, 0.0)
(44.587284, 35.603291, 0.0)
(45.253124, 35.309204, 0.0)
(45.342999, 35.302513, 0.0)
(45.364105, 35.314358, 0.0)
(45.366222, 35.330631, 0.0)
(45.388470, 35.302391, 0.0)
(45.437462, 35.353771, 0.0)
(45.967793, 35.252655, 0.0)
(46.043007, 35.225929, 0.0)
(46.075645, 35.234447, 0.0)
(46.078835, 35.236755, 0.0)
(46.042858, 35.198223, 0.0)
(46.085796, 35.176262, 0.0)
(46.090557, 35.175091, 0.0)
(46.080715, 35.202976, 0.0)
(46.100491, 35.226887, 0.0)
(46.087730, 35.218964, 0.0)
(46.077755, 35.148037, 0.0)
(46.074074, 35.069324, 0.0)
(46.072624, 35.063457, 0.0)
(46.042648, 35.027805, 0.0)
(46.014248, 35.012909, 0.0)
(45.952869, 34.981277, 0.0)
(45.578297, 34.879765, 0.0)
(44.094933, 34.791122, 0.0)
(43.969742, 34.767300, 0.0)
(43.937000, 34.740349, 0.0)
(43.869530, 34.760124, 0.0)
(43.792500, 34.792995, 0.0)
(43.748741, 34.789536, 0.0)
(43.652252, 34.766842, 0.0)
(43.458958, 34.810257, 0.0)
(42.287586, 34.988888, 0.0)
(42.128433, 34.963120, 0.0)
(42.001789, 34.960896, 0.0)
(41.852341, 34.957962, 0.0)
(40.940861, 35.062637, 0.0)
(39.850677, 34.989155, 0.0)
(39.649303, 34.957668, 0.0)
(39.550762, 35.013199, 0.0)
(39.473423, 34.978985, 0.0)
(39.283012, 35.040833, 0.0)
(39.142052, 35.052628, 0.0)
(37.154438, 35.035812, 0.0)
(36.382164, 35.059303, 0.0)
(36.263664, 35.076130, 0.0)
(36.179485, 35.056324, 0.0)
(36.094276, 35.047035, 0.0)
(36.002823, 35.077187, 0.0)
(35.920528, 35.069256, 0.0)
(35.885563, 35.068615, 0.0)
(35.823254, 35.095837, 0.0)
(35.282417, 35.221046, 0.0)
(32.575119, 35.136909, 0.0)
(32.352371, 35.229549, 0.0)
(32.300648, 35.272907, 0.0)
(32.215420, 35.307724, 0.0)
(32.206493, 35.354801, 0.0)
(32.188663, 35.370243, 0.0)
(32.119282, 35.405540, 0.0)
(32.099514, 35.401512, 0.0)
(32.077328, 35.376190, 0.0)
(31.941332, 35.426960, 0.0)
(30.320576, 35.056976, 0.0)
(30.184908, 35.052525, 0.0)
(30.203079, 35.040310, 0.0)
(30.222334, 35.031410, 0.0)
(30.205601, 34.999451, 0.0)
(30.200754, 35.017525, 0.0)
(30.224756, 34.988293, 0.0)
(30.217533, 34.947208, 0.0)
(30.231441, 34.914795, 0.0)
(30.256849, 34.841740, 0.0)
(30.286001, 34.813911, 0.0)
(30.300066, 34.792316, 0.0)
(30.334465, 34.781460, 0.0)
(31.409872, 34.418201, 0.0)
(33.257877, 34.165257, 0.0)
(33.474327, 34.055626, 0.0)
(33.615906, 33.999752, 0.0)
(33.859505, 33.951279, 0.0)
(34.047226, 33.944317, 0.0)
(34.183254, 33.990730, 0.0)
(34.371300, 34.008595, 0.0)
(34.653530, 33.999722, 0.0)
(35.515907, 34.121475, 0.0)
(39.963310, 34.010170, 0.0)
(42.327377, 34.198380, 0.0)
(42.525291, 34.184444, 0.0)
(42.549465, 34.226498, 0.0)
(42.567127, 34.251049, 0.0)
(42.554447, 34.283031, 0.0)
(42.564911, 34.265797, 0.0)
(42.650257, 34.253212, 0.0)
(42.714489, 34.262405, 0.0)
(42.871819, 34.378185, 0.0)
(45.185688, 34.641617, 0.0)
(45.454060, 34.626625, 0.0)
(45.422363, 34.617088, 0.0)
(45.400536, 34.638290, 0.0)
(45.416977, 34.622509, 0.0)
(45.436321, 34.631851, 0.0)
(45.419315, 34.691326, 0.0)
(45.422710, 34.703640, 0.0)
(45.453442, 34.677055, 0.0)
(45.451744, 34.692177, 0.0)
(45.464512, 34.677189, 0.0)
(45.456917, 34.706261, 0.0)
(45.464062, 34.714512, 0.0)
(45.490898, 34.717979, 0.0)
(45.493866, 34.734180, 0.0)
(45.476696, 34.738640, 0.0)
(45.465572, 34.723412, 0.0)
(45.522881, 34.716915, 0.0)
(45.549538, 34.707691, 0.0)
(45.537945, 34.695133, 0.0)
(45.563637, 34.693493, 0.0)
(45.637260, 34.714424, 0.0)
(45.661438, 34.718540, 0.0)
(45.668804, 34.708813, 0.0)
(45.657692, 34.721951, 0.0)
(45.714924, 34.667595, 0.0)
(45.734383, 34.654682, 0.0)
(45.716084, 34.658981, 0.0)
(45.716789, 34.622555, 0.0)
(46.061108, 34.401600, 0.0)
(46.087772, 34.173084, 0.0)
(46.037251, 34.118050, 0.0)
(45.985687, 34.115799, 0.0)
(44.528427, 33.986149, 0.0)
(44.129425, 33.974182, 0.0)
(44.053471, 33.868610, 0.0)
(43.923790, 33.822754, 0.0)
(43.877106, 33.780209, 0.0)
(43.774673, 33.824169, 0.0)
(42.602695, 33.938980, 0.0)
(40.081814, 33.794800, 0.0)
(39.951561, 33.827736, 0.0)
(39.782455, 33.870945, 0.0)
(39.680332, 33.866013, 0.0)
(39.601391, 33.849434, 0.0)
(39.518864, 33.882236, 0.0)
(39.414310, 33.942726, 0.0)
(39.378292, 33.958347, 0.0)
(39.297554, 33.965370, 0.0)
(39.188564, 33.986755, 0.0)
(39.089951, 34.013618, 0.0)
(39.013870, 34.017769, 0.0)
(38.972675, 34.026340, 0.0)
(38.865425, 34.059242, 0.0)
(38.733936, 34.021095, 0.0)
(38.599545, 33.979210, 0.0)
(38.218193, 33.920349, 0.0)
(36.354279, 33.814392, 0.0)
(36.107010, 33.809986, 0.0)
(36.019749, 33.793068, 0.0)
(35.939342, 33.819504, 0.0)
(35.826912, 33.793564, 0.0)
(33.288471, 34.101711, 0.0)
(31.826603, 34.170952, 0.0)
(31.600874, 34.182259, 0.0)
(31.574375, 34.205162, 0.0)
(31.533138, 34.199650, 0.0)
(31.496536, 34.235065, 0.0)
(31.468981, 34.278980, 0.0)
(31.471981, 34.274124, 0.0)
(31.432568, 34.294659, 0.0)
(31.399292, 34.302822, 0.0)
(31.133795, 34.412464, 0.0)
(30.120987, 34.443935, 0.0)
(29.977844, 34.436272, 0.0)
(30.008497, 34.406666, 0.0)
(30.007191, 34.394314, 0.0)
(30.007357, 34.392624, 0.0)
(30.012997, 34.391464, 0.0)
(30.019045, 34.393871, 0.0)
(30.040123, 34.365353, 0.0)
(30.060064, 34.339901, 0.0)
(30.070221, 34.307396, 0.0)
(30.080650, 34.316822, 0.0)
(30.072199, 34.323502, 0.0)
(30.098513, 34.309795, 0.0)
(30.876593, 34.023960, 0.0)
(32.662140, 33.234268, 0.0)
(32.763908, 33.190441, 0.0)
(32.827133, 33.163303, 0.0)
(32.884563, 33.121586, 0.0)
(33.051636, 33.105991, 0.0)
(33.202866, 33.102299, 0.0)
(33.472984, 33.078541, 0.0)
(38.309116, 32.884262, 0.0)
(41.513958, 33.069035, 0.0)
(41.636871, 33.131340, 0.0)
(41.628212, 33.148190, 0.0)
(41.635475, 33.172024, 0.0)
(41.689140, 33.170277, 0.0)
(41.708057, 33.188187, 0.0)
(41.733067, 33.192524, 0.0)
(41.762386, 33.184311, 0.0)
(41.754742, 33.205593, 0.0)
(39.249172, 33.041950, 0.0)
(39.328735, 33.033474, 0.0)
(39.437546, 33.028000, 0.0)
(39.537354, 33.057178, 0.0)
(39.633453, 33.046734, 0.0)
(39.735550, 33.052464, 0.0)
(41.169231, 33.386818, 0.0)
(42.787033, 33.396923, 0.0)
(42.938766, 33.395409, 0.0)
(42.992096, 33.456501, 0.0)
(43.036747, 33.452747, 0.0)
(45.398628, 34.025055, 0.0)
(45.814980, 34.014477, 0.0)
(45.808853, 34.031712, 0.0)
(45.790539, 34.063297, 0.0)
(45.799049, 34.072567, 0.0)
(45.796425, 34.083920, 0.0)
(45.783676, 34.083443, 0.0)
(45.790508, 34.082893, 0.0)
(45.797703, 34.055763, 0.0)
(45.796425, 34.083920, 0.0)
(46.239998, 33.896049, 0.0)
(46.306511, 33.791653, 0.0)
(46.315258, 33.829899, 0.0)
(46.315689, 33.830814, 0.0)
(46.307934, 33.803844, 0.0)
(46.326225, 33.800529, 0.0)
(46.329521, 33.811878, 0.0)
(46.318310, 33.802643, 0.0)
(46.301029, 33.820969, 0.0)
(46.114159, 33.373940, 0.0)
(45.957256, 32.304691, 0.0)
(45.940121, 32.168385, 0.0)
(45.904835, 32.157364, 0.0)
(45.850990, 32.139584, 0.0)
(45.789623, 32.097664, 0.0)
(44.683632, 32.319969, 0.0)
(44.018124, 32.484703, 0.0)
(43.856361, 32.491989, 0.0)
(43.774086, 32.463463, 0.0)
(43.626381, 32.461063, 0.0)
(41.217518, 32.910275, 0.0)
(39.384739, 32.867439, 0.0)
(39.212898, 32.871006, 0.0)
(39.123981, 32.888504, 0.0)
(39.055134, 32.901035, 0.0)
(38.973732, 32.938099, 0.0)
(38.903332, 32.921326, 0.0)
(38.887203, 32.929256, 0.0)
(38.838821, 32.935577, 0.0)
(38.748737, 32.963463, 0.0)
(38.684143, 33.027046, 0.0)
(38.644897, 33.017242, 0.0)
(38.595627, 32.949978, 0.0)
(38.567070, 32.924839, 0.0)
(38.467628, 32.971119, 0.0)
(36.214386, 33.019409, 0.0)
(34.873867, 32.980137, 0.0)
(34.697823, 32.953411, 0.0)
(34.633106, 32.994228, 0.0)
(34.526844, 33.005550, 0.0)
(34.490421, 33.005505, 0.0)
(34.221310, 33.066422, 0.0)
(31.381317, 33.454941, 0.0)
(30.856432, 33.606281, 0.0)
(30.816065, 33.603989, 0.0)
(30.784826, 33.641026, 0.0)
(30.773066, 33.612942, 0.0)
(30.758963, 33.606030, 0.0)
(30.735617, 33.603306, 0.0)
(30.737087, 33.643654, 0.0)
(30.679878, 33.664841, 0.0)
(30.682306, 33.716396, 0.0)
(30.632214, 33.742237, 0.0)
(30.558718, 33.690937, 0.0)
(30.562872, 33.647926, 0.0)
(30.555510, 33.657097, 0.0)
(29.739780, 33.609428, 0.0)
(29.547192, 33.382858, 0.0)
(29.551783, 33.384315, 0.0)
(29.544600, 33.381195, 0.0)
(29.554970, 33.355061, 0.0)
(29.572672, 33.274845, 0.0)
(29.598526, 33.275753, 0.0)
(29.610596, 33.261433, 0.0)
(29.609344, 33.261467, 0.0)
(29.669407, 33.231056, 0.0)
(29.759087, 33.204739, 0.0)
(30.623604, 32.830532, 0.0)
(32.438015, 32.261791, 0.0)
(32.662678, 32.185150, 0.0)
(32.821033, 32.167278, 0.0)
(32.966923, 32.149368, 0.0)
(33.171616, 32.152222, 0.0)
(33.366325, 32.116936, 0.0)
(33.575970, 32.060081, 0.0)
(35.704746, 32.130287, 0.0)
(36.062675, 32.138588, 0.0)
(36.229130, 32.106937, 0.0)
(36.444435, 32.127373, 0.0)
(36.691299, 32.142605, 0.0)
(36.877384, 32.157238, 0.0)
(37.026894, 32.161686, 0.0)
(37.216709, 32.157780, 0.0)
(37.411625, 32.155533, 0.0)
(37.576073, 32.176979, 0.0)
(39.560959, 32.200657, 0.0)
(40.037045, 32.199242, 0.0)
(40.176685, 32.264874, 0.0)
(40.300148, 32.254562, 0.0)
(40.419254, 32.285988, 0.0)
(40.546047, 32.314770, 0.0)
(40.654255, 32.343281, 0.0)
(40.753929, 32.417030, 0.0)
(40.821697, 32.473110, 0.0)
(42.562695, 33.012272, 0.0)
(45.043491, 33.491764, 0.0)
(45.348270, 33.434624, 0.0)
(45.390671, 33.397823, 0.0)
(45.406269, 33.398014, 0.0)
(45.386539, 33.408669, 0.0)
(45.401192, 33.419922, 0.0)
(45.412212, 33.457024, 0.0)
(45.368233, 33.486443, 0.0)
(46.048626, 33.287033, 0.0)
(46.084660, 33.214359, 0.0)
(46.062477, 33.234062, 0.0)
(46.088127, 33.244343, 0.0)
(46.090836, 33.248718, 0.0)
(46.150288, 33.262703, 0.0)
(46.158031, 33.283180, 0.0)
(46.172836, 33.290421, 0.0)
(46.170300, 33.294106, 0.0)
(46.190514, 33.269730, 0.0)
(46.121983, 32.832447, 0.0)
(46.120110, 32.655548, 0.0)
(46.105217, 32.668392, 0.0)
(46.080959, 32.621140, 0.0)
(46.057251, 32.532780, 0.0)
(46.087242, 32.482697, 0.0)
(46.003876, 32.433559, 0.0)
(45.963490, 32.426743, 0.0)
(45.062195, 32.145607, 0.0)
(44.247547, 31.906584, 0.0)
(44.128857, 31.815636, 0.0)
(44.034916, 31.782570, 0.0)
(43.942307, 31.752844, 0.0)
(43.828613, 31.703079, 0.0)
(43.735107, 31.707357, 0.0)
(42.089947, 31.550018, 0.0)
(41.447311, 31.555393, 0.0)
(41.285736, 31.596071, 0.0)
(41.191658, 31.614878, 0.0)
(41.116531, 31.575693, 0.0)
(41.009033, 31.563511, 0.0)
(40.919109, 31.535547, 0.0)
(40.781734, 31.546669, 0.0)
(37.057884, 31.954540, 0.0)
(36.418884, 31.980402, 0.0)
(36.342197, 31.965385, 0.0)
(36.290916, 31.956560, 0.0)
(36.213882, 31.958403, 0.0)
(36.162308, 31.970783, 0.0)
(36.112148, 32.006542, 0.0)
(36.036678, 32.002964, 0.0)
(35.986843, 32.006252, 0.0)
(35.921844, 32.006104, 0.0)
(35.813133, 32.036297, 0.0)
(35.758945, 32.040108, 0.0)
(35.708069, 32.085552, 0.0)
(33.138920, 32.184616, 0.0)
(32.443401, 32.221966, 0.0)
(32.354214, 32.235310, 0.0)
(32.277737, 32.274529, 0.0)
(32.212650, 32.320572, 0.0)
(32.153358, 32.356586, 0.0)
(32.086899, 32.406647, 0.0)
(32.075714, 32.428535, 0.0)
(32.010498, 32.505222, 0.0)
(29.944220, 32.626968, 0.0)
(29.546852, 32.479614, 0.0)
(29.521513, 32.480892, 0.0)
(29.491158, 32.503559, 0.0)
(29.483711, 32.524071, 0.0)
(29.467817, 32.566986, 0.0)
(29.469368, 32.608265, 0.0)
(29.444838, 32.598934, 0.0)
(29.440424, 32.609802, 0.0)
(29.481413, 32.590595, 0.0)
(29.492136, 32.581612, 0.0)
(29.474327, 32.473091, 0.0)
(29.444132, 31.523500, 0.0)
(29.475517, 31.373026, 0.0)
(29.585213, 31.346476, 0.0)
(29.683392, 31.295382, 0.0)
(30.903788, 31.410629, 0.0)
(31.448790, 31.405237, 0.0)
(31.663996, 31.356884, 0.0)
(31.921928, 31.356644, 0.0)
(32.166473, 31.335926, 0.0)
(32.419239, 31.254219, 0.0)
(32.734451, 31.159489, 0.0)
(33.104015, 31.098326, 0.0)
(34.758175, 30.928659, 0.0)
(35.109314, 30.938364, 0.0)
(35.497566, 30.942030, 0.0)
(35.742855, 30.906757, 0.0)
(36.087383, 30.891415, 0.0)
(36.382244, 30.892307, 0.0)
(36.694393, 30.909706, 0.0)
(37.218048, 30.968422, 0.0)
(38.346989, 30.887810, 0.0)
(38.660217, 30.947008, 0.0)
(38.963295, 30.954832, 0.0)
(39.220692, 30.945339, 0.0)
(39.465652, 30.958914, 0.0)
(39.688713, 31.003479, 0.0)
(40.166214, 31.101433, 0.0)
(42.781700, 31.424877, 0.0)
(43.029030, 31.513073, 0.0)
(43.130005, 31.525511, 0.0)
(43.313477, 31.521107, 0.0)
(43.438923, 31.539335, 0.0)
(43.506062, 31.567469, 0.0)
(45.466621, 32.041954, 0.0)
(45.775345, 32.003426, 0.0)
(45.793762, 32.034569, 0.0)
(45.785244, 32.032589, 0.0)
(45.807770, 32.038048, 0.0)
(45.846119, 32.060669, 0.0)
(45.852802, 32.065849, 0.0)
(45.861828, 32.090229, 0.0)
(45.865051, 32.102764, 0.0)
(45.879738, 32.105495, 0.0)
(46.028732, 31.493238, 0.0)
(46.018661, 31.103598, 0.0)
(46.025108, 31.133074, 0.0)
(46.028271, 31.137840, 0.0)
(46.002769, 31.140293, 0.0)
(45.980656, 31.109158, 0.0)
(45.924885, 31.050844, 0.0)
(45.941887, 31.007589, 0.0)
(45.953308, 30.987574, 0.0)
(45.910328, 31.003742, 0.0)
(45.875317, 30.977800, 0.0)
(45.877419, 30.915703, 0.0)
(44.925121, 30.709814, 0.0)
(44.264355, 30.614546, 0.0)
(44.181000, 30.519609, 0.0)
(44.068661, 30.521715, 0.0)
(43.973190, 30.557848, 0.0)
(43.848850, 30.532232, 0.0)
(43.711697, 30.523754, 0.0)
(43.558060, 30.535349, 0.0)
(43.421967, 30.481823, 0.0)
(41.575001, 30.307772, 0.0)
(41.373013, 30.262251, 0.0)
(41.251446, 30.248398, 0.0)
(41.145443, 30.245752, 0.0)
(40.962032, 30.279819, 0.0)
(40.809341, 30.298595, 0.0)
(40.714954, 30.292246, 0.0)
(40.577042, 30.319603, 0.0)
(40.459969, 30.321440, 0.0)
(39.421722, 30.374088, 0.0)
(38.102627, 30.254860, 0.0)
(37.911495, 30.250448, 0.0)
(37.807472, 30.265156, 0.0)
(37.672047, 30.248755, 0.0)
(37.585224, 30.244377, 0.0)
(37.456646, 30.288630, 0.0)
(37.137360, 30.392117, 0.0)
(34.502861, 30.555836, 0.0)
(34.339535, 30.632755, 0.0)
(34.224514, 30.597015, 0.0)
(34.156464, 30.598604, 0.0)
(34.097336, 30.631594, 0.0)
(33.990150, 30.673504, 0.0)
(33.892109, 30.732338, 0.0)
(33.856518, 30.807341, 0.0)
(33.421860, 30.952333, 0.0)
(32.044029, 31.035589, 0.0)
(31.911776, 30.990370, 0.0)
(31.797483, 31.032394, 0.0)
(31.740280, 31.091253, 0.0)
(31.677767, 31.098907, 0.0)
(31.099569, 31.305555, 0.0)
(29.907549, 31.459328, 0.0)
(29.712059, 31.535957, 0.0)
(29.656675, 31.511967, 0.0)
(29.652103, 31.527729, 0.0)
(29.617249, 31.507334, 0.0)
(29.546196, 31.540052, 0.0)
(29.541037, 31.543118, 0.0)
(29.536921, 31.564301, 0.0)
(29.449545, 30.403858, 0.0)
(29.242481, 29.957792, 0.0)
(29.250889, 29.918983, 0.0)
(29.306572, 29.888060, 0.0)
(29.346506, 29.836084, 0.0)
(30.165075, 29.723793, 0.0)
(31.368830, 30.069746, 0.0)
(31.696648, 29.992064, 0.0)
(31.940323, 29.904255, 0.0)
(32.187225, 29.868221, 0.0)
(32.445770, 29.819685, 0.0)
(32.756721, 29.785265, 0.0)
(33.058262, 29.741177, 0.0)
(34.252213, 29.611931, 0.0)
(34.722652, 29.643955, 0.0)
(35.035702, 29.672476, 0.0)
(35.309162, 29.746891, 0.0)
(35.627022, 29.714996, 0.0)
(35.907513, 29.728983, 0.0)
(36.212425, 29.744732, 0.0)
(37.102997, 29.755289, 0.0)
(38.036629, 29.721134, 0.0)
(38.332848, 29.719040, 0.0)
(38.656700, 29.784281, 0.0)
(38.888214, 29.826708, 0.0)
(39.129379, 29.866329, 0.0)
(39.364704, 29.880568, 0.0)
(39.642185, 29.881281, 0.0)
(40.902267, 29.906277, 0.0)
(41.372501, 29.890007, 0.0)
(41.553688, 29.908590, 0.0)
(41.798832, 29.993738, 0.0)
(41.954346, 30.018980, 0.0)
(42.095543, 30.065783, 0.0)
(42.284126, 30.138506, 0.0)
(42.514393, 30.200932, 0.0)
(42.658028, 30.239872, 0.0)
(43.966007, 30.628792, 0.0)
(45.073078, 30.707169, 0.0)
(45.194500, 30.761591, 0.0)
(45.233784, 30.770514, 0.0)
(45.274456, 30.812721, 0.0)
(45.302036, 30.802258, 0.0)
(45.356483, 30.780584, 0.0)
(45.359367, 30.793390, 0.0)
(45.382122, 30.831577, 0.0)
(45.411469, 30.864014, 0.0)
(45.457458, 30.878153, 0.0)
(45.507950, 30.844231, 0.0)
(45.835403, 30.782772, 0.0)
(45.862141, 30.748362, 0.0)
(45.827225, 30.781273, 0.0)
(45.835335, 30.786505, 0.0)
(45.838684, 30.770651, 0.0)
(45.784416, 30.090338, 0.0)
(45.773598, 29.948717, 0.0)
(45.754177, 29.954443, 0.0)
(45.663570, 29.904228, 0.0)
(44.201347, 29.607294, 0.0)
(43.826572, 29.478800, 0.0)
(43.697464, 29.409773, 0.0)
(43.607460, 29.362297, 0.0)
(43.459801, 29.296165, 0.0)
(43.335709, 29.308691, 0.0)
(43.173237, 29.309258, 0.0)
(42.946335, 29.272015, 0.0)
(41.397125, 29.158192, 0.0)
(40.960655, 29.154327, 0.0)
(40.828430, 29.104225, 0.0)
(40.756012, 29.112682, 0.0)
(40.656273, 29.100264, 0.0)
(40.519375, 29.122322, 0.0)
(40.345528, 29.156847, 0.0)
(40.266296, 29.186207, 0.0)
(40.148991, 29.171204, 0.0)
(38.938316, 29.119078, 0.0)
(38.108025, 28.903521, 0.0)
(38.016911, 28.827900, 0.0)
(37.951263, 28.790905, 0.0)
(37.825481, 28.806198, 0.0)
(37.742554, 28.843195, 0.0)
(37.596539, 28.942558, 0.0)
(37.515862, 28.954813, 0.0)
(35.079620, 29.161087, 0.0)
(34.593136, 29.186186, 0.0)
(34.519352, 29.173281, 0.0)
(34.409306, 29.242142, 0.0)
(34.306351, 29.255211, 0.0)
(34.221043, 29.267046, 0.0)
(34.187386, 29.336155, 0.0)
(31.766317, 29.874533, 0.0)
(31.003881, 30.029284, 0.0)
(30.920156, 30.043091, 0.0)
(30.845594, 30.093340, 0.0)
(29.273706, 30.565104, 0.0)
(28.780226, 30.521559, 0.0)
(28.639277, 30.488729, 0.0)
(28.739914, 30.464367, 0.0)
(28.758469, 30.472918, 0.0)
(28.716017, 30.534391, 0.0)
(28.753059, 30.556242, 0.0)
(28.744144, 30.571461, 0.0)
(28.737047, 30.552387, 0.0)
(28.717714, 30.572784, 0.0)
(28.738840, 30.566637, 0.0)
(28.764412, 30.559929, 0.0)
(28.770481, 30.589590, 0.0)
(28.784044, 30.567707, 0.0)
(28.845306, 30.438766, 0.0)
(30.273273, 29.456760, 0.0)
(30.437252, 29.396145, 0.0)
(30.495438, 29.342062, 0.0)
(30.625360, 29.270845, 0.0)
(30.856598, 29.227068, 0.0)
(31.077690, 29.170643, 0.0)
(31.320354, 29.055391, 0.0)
(33.106686, 28.613293, 0.0)
(33.454906, 28.538063, 0.0)
(33.714424, 28.452963, 0.0)
(34.005501, 28.417467, 0.0)
(34.239582, 28.420006, 0.0)
(34.530910, 28.400156, 0.0)
(34.809563, 28.376122, 0.0)
(35.126545, 28.381668, 0.0)
(35.431610, 28.334349, 0.0)
(35.756374, 28.301432, 0.0)
(37.195587, 28.267120, 0.0)
(37.628517, 28.255907, 0.0)
(37.860195, 28.283077, 0.0)
(38.080238, 28.279839, 0.0)
(38.358185, 28.277359, 0.0)
(38.650860, 28.319166, 0.0)
(38.873013, 28.366964, 0.0)
(39.110851, 28.435789, 0.0)
(40.629642, 28.624279, 0.0)
(40.973225, 28.688595, 0.0)
(41.133636, 28.720043, 0.0)
(41.292397, 28.774107, 0.0)
(41.504532, 28.804708, 0.0)
(41.630932, 28.865843, 0.0)
(41.767479, 28.892433, 0.0)
(43.714367, 29.514183, 0.0)
(45.263172, 29.875145, 0.0)
(45.360874, 29.874630, 0.0)
(45.368633, 29.923916, 0.0)
(45.406002, 29.950020, 0.0)
(45.447701, 29.944860, 0.0)
(45.470528, 29.958691, 0.0)
(45.536808, 30.009365, 0.0)
(45.518097, 30.025122, 0.0)
(45.503975, 29.990866, 0.0)
(45.533062, 29.980104, 0.0)
(45.622639, 29.998993, 0.0)
(45.603432, 30.034966, 0.0)
(45.583946, 30.025238, 0.0)
(45.646988, 29.989744, 0.0)
(45.415619, 29.388548, 0.0)
(45.368649, 29.249598, 0.0)
(45.354706, 29.229626, 0.0)
(45.352924, 29.210562, 0.0)
(45.330887, 29.179222, 0.0)
(45.262901, 29.124762, 0.0)
(45.226448, 29.134968, 0.0)
(45.193478, 29.162256, 0.0)
(44.569363, 29.018375, 0.0)
(43.793781, 28.799168, 0.0)
(43.683849, 28.737942, 0.0)
(43.576260, 28.698858, 0.0)
(43.488388, 28.663294, 0.0)
(43.356506, 28.652147, 0.0)
(43.200089, 28.656734, 0.0)
(43.033138, 28.611229, 0.0)
(42.642242, 28.463867, 0.0)
(41.204948, 28.130568, 0.0)
(40.990112, 28.134388, 0.0)
(40.869995, 28.108934, 0.0)
(40.691917, 28.084507, 0.0)
(39.219910, 27.935175, 0.0)
(38.998352, 27.889675, 0.0)
(38.882698, 27.873976, 0.0)
(38.794697, 27.887196, 0.0)
(38.653362, 27.895077, 0.0)
(38.530537, 27.892122, 0.0)
(38.402931, 27.909945, 0.0)
(37.071312, 27.924141, 0.0)
(36.817410, 27.914570, 0.0)
(36.716492, 27.901861, 0.0)
(36.595493, 27.930658, 0.0)
(36.450642, 27.976173, 0.0)
(34.432690, 28.290377, 0.0)
(34.089401, 28.337778, 0.0)
(33.978863, 28.391432, 0.0)
(33.826908, 28.370749, 0.0)
(33.733646, 28.363827, 0.0)
(33.670406, 28.399229, 0.0)
(31.110912, 29.307268, 0.0)
(30.148649, 29.509010, 0.0)
(30.029924, 29.515274, 0.0)
(29.951006, 29.591644, 0.0)
(29.884943, 29.582785, 0.0)
(29.874630, 29.570473, 0.0)
(29.833509, 29.648958, 0.0)
(29.786051, 29.711962, 0.0)
(29.748178, 29.732174, 0.0)
(29.738014, 29.744068, 0.0)
(29.735048, 29.726486, 0.0)
(29.746763, 29.722546, 0.0)
(29.714174, 29.720823, 0.0)
(29.280338, 29.186966, 0.0)
(29.256950, 29.090847, 0.0)
(29.256603, 29.118572, 0.0)
(29.284222, 29.145990, 0.0)
(29.297340, 29.111881, 0.0)
(29.341400, 29.028936, 0.0)
(29.464998, 28.919552, 0.0)
(29.536951, 28.891857, 0.0)
(29.684641, 28.836348, 0.0)
(29.837826, 28.762329, 0.0)
(30.035908, 28.731575, 0.0)
(30.460598, 28.601749, 0.0)
(32.298428, 27.902332, 0.0)
(32.590305, 27.762659, 0.0)
(32.840553, 27.710657, 0.0)
(33.027313, 27.643961, 0.0)
(33.206585, 27.605801, 0.0)
(33.492500, 27.630539, 0.0)
(33.703018, 27.696104, 0.0)
(33.948845, 27.656752, 0.0)
(34.227867, 27.623896, 0.0)
(34.531948, 27.562559, 0.0)
(35.683147, 27.479502, 0.0)
(36.752560, 27.377621, 0.0)
(37.050385, 27.376261, 0.0)
(37.271255, 27.416832, 0.0)
(37.518303, 27.397978, 0.0)
(37.763504, 27.413866, 0.0)
(38.026043, 27.416576, 0.0)
(39.813599, 27.642477, 0.0)
(41.519165, 27.743361, 0.0)
(41.780151, 27.795675, 0.0)
(41.861214, 27.806519, 0.0)
(41.963043, 27.827066, 0.0)
(43.469215, 28.514910, 0.0)
(44.962456, 29.000391, 0.0)
(45.021164, 29.006420, 0.0)
(45.029613, 29.037834, 0.0)
(45.077198, 29.079563, 0.0)
(45.068096, 29.087343, 0.0)
(45.071781, 29.100582, 0.0)
(45.079521, 29.124609, 0.0)
(45.064548, 29.134241, 0.0)
(45.088749, 29.140562, 0.0)
(45.693504, 29.488586, 0.0)
(45.737080, 29.439684, 0.0)
(45.656902, 29.445633, 0.0)
(45.709480, 29.370630, 0.0)
(45.744106, 29.361885, 0.0)
(45.733807, 29.381388, 0.0)
(45.727325, 29.394695, 0.0)
(45.716412, 29.378462, 0.0)
(45.702869, 29.374359, 0.0)
(45.497284, 28.697292, 0.0)
(45.469700, 28.520868, 0.0)
(45.508999, 28.569521, 0.0)
(45.481052, 28.602848, 0.0)
(45.419506, 28.559479, 0.0)
(45.378742, 28.536106, 0.0)
(45.383228, 28.512915, 0.0)
(45.343918, 28.473307, 0.0)
(44.253250, 28.203365, 0.0)
(43.369625, 27.851543, 0.0)
(43.206657, 27.797661, 0.0)
(43.138638, 27.788034, 0.0)
(43.032387, 27.758543, 0.0)
(42.935143, 27.760630, 0.0)
(42.790951, 27.681648, 0.0)
(42.704704, 27.666435, 0.0)
(42.591053, 27.606056, 0.0)
(41.188877, 27.249363, 0.0)
(40.980091, 27.253069, 0.0)
(40.869171, 27.226290, 0.0)
(40.769440, 27.217119, 0.0)
(40.669773, 27.218918, 0.0)
(40.622391, 27.217049, 0.0)
(40.550949, 27.184761, 0.0)
(39.400234, 26.989012, 0.0)
(38.976696, 26.879539, 0.0)
(38.910267, 26.851788, 0.0)
(38.882126, 26.827003, 0.0)
(38.847027, 26.849985, 0.0)
(38.762058, 26.822250, 0.0)
(36.972755, 26.917721, 0.0)
(36.608891, 26.901159, 0.0)
(36.522446, 26.865934, 0.0)
(36.448425, 26.837704, 0.0)
(36.335419, 26.824026, 0.0)
(36.280033, 26.758148, 0.0)
(33.667130, 27.176737, 0.0)
(32.653931, 27.315397, 0.0)
(32.469158, 27.314898, 0.0)
(32.374348, 27.346130, 0.0)
(32.289108, 27.412657, 0.0)
(31.944452, 27.592093, 0.0)
(29.276958, 28.429806, 0.0)
(28.885052, 28.491138, 0.0)
(28.860451, 28.273138, 0.0)
(28.843296, 28.255911, 0.0)
(28.809973, 28.284157, 0.0)
(28.807428, 28.296452, 0.0)
(28.774263, 28.355862, 0.0)
(28.768627, 28.353333, 0.0)
(28.781895, 28.365786, 0.0)
(28.789865, 28.372179, 0.0)
(28.764637, 28.409412, 0.0)
(28.785202, 28.493011, 0.0)
(28.765612, 28.504963, 0.0)
(28.760326, 28.455046, 0.0)
(28.820606, 28.450975, 0.0)
(28.843046, 28.437263, 0.0)
(28.784485, 27.793863, 0.0)
(28.875174, 27.580648, 0.0)
(28.948606, 27.555834, 0.0)
(29.012844, 27.511232, 0.0)
(29.128458, 27.360632, 0.0)
(29.309414, 27.283819, 0.0)
(32.386524, 26.674250, 0.0)
(32.623413, 26.619020, 0.0)
(32.817627, 26.536098, 0.0)
(33.033249, 26.505674, 0.0)
(33.206154, 26.444008, 0.0)
(33.369633, 26.444439, 0.0)
(33.570515, 26.391319, 0.0)
(33.845646, 26.370922, 0.0)
(34.126568, 26.352003, 0.0)
(34.368843, 26.298109, 0.0)
(35.237144, 26.293085, 0.0)
(36.649025, 26.226574, 0.0)
(36.954243, 26.168306, 0.0)
(37.158352, 26.186161, 0.0)
(37.419064, 26.190161, 0.0)
(37.563587, 26.180626, 0.0)
(37.757843, 26.197176, 0.0)
(40.075710, 26.419855, 0.0)
(41.276150, 26.595533, 0.0)
(41.412560, 26.632950, 0.0)
(41.454411, 26.695286, 0.0)
(41.520905, 26.801069, 0.0)
(41.569901, 26.793169, 0.0)
(41.639133, 26.821781, 0.0)
(41.750404, 26.763140, 0.0)
(41.840683, 26.804781, 0.0)
(41.884323, 26.846001, 0.0)
(41.949303, 26.884323, 0.0)
(42.096401, 26.935213, 0.0)
(42.167816, 26.966253, 0.0)
(43.529350, 27.624332, 0.0)
(45.160122, 28.227121, 0.0)
(45.227829, 28.209486, 0.0)
(45.244404, 28.143589, 0.0)
(45.266243, 28.181723, 0.0)
(45.269241, 28.200809, 0.0)
(45.259327, 28.196215, 0.0)
(45.531013, 28.222761, 0.0)
(45.541180, 28.180668, 0.0)
(45.520584, 28.205664, 0.0)
(45.540199, 28.213287, 0.0)
(45.549133, 28.188072, 0.0)
(45.516212, 28.195185, 0.0)
(45.468525, 28.194031, 0.0)
(45.516315, 28.185278, 0.0)
(44.876404, 27.527344, 0.0)
(44.826351, 27.376467, 0.0)
(44.832836, 27.362904, 0.0)
(44.780411, 27.379633, 0.0)
(44.789486, 27.337494, 0.0)
(44.679253, 27.316738, 0.0)
(41.280308, 26.313437, 0.0)
(40.020878, 26.009159, 0.0)
(39.861748, 25.882341, 0.0)
(39.836224, 25.875214, 0.0)
(39.743015, 25.853968, 0.0)
(39.670223, 25.843967, 0.0)
(39.609421, 25.867228, 0.0)
(39.572231, 25.853861, 0.0)
(39.540272, 25.852180, 0.0)
(39.536350, 25.848011, 0.0)
(39.528957, 25.860661, 0.0)
(39.978966, 26.085220, 0.0)
(39.975437, 26.134186, 0.0)
(39.864643, 26.188217, 0.0)
(39.767365, 26.212786, 0.0)
(39.422150, 26.197662, 0.0)
(36.464096, 25.956543, 0.0)
(36.293205, 25.956299, 0.0)
(36.210674, 25.920666, 0.0)
(36.123142, 25.959658, 0.0)
(36.035671, 26.016357, 0.0)
(35.891232, 26.075472, 0.0)
(35.746269, 26.081306, 0.0)
(35.700108, 26.044445, 0.0)
(35.641220, 25.995270, 0.0)
(34.648125, 26.194298, 0.0)
(31.850708, 26.716646, 0.0)
(31.627863, 26.796558, 0.0)
(31.579184, 26.814888, 0.0)
(31.501015, 26.839085, 0.0)
(31.437315, 26.830769, 0.0)
(31.403248, 26.822815, 0.0)
(31.332390, 26.878452, 0.0)
(29.268732, 27.498901, 0.0)
(29.152958, 27.542393, 0.0)
(29.111177, 27.583202, 0.0)
(29.140085, 27.614500, 0.0)
(29.133698, 27.621893, 0.0)
(29.070473, 27.694036, 0.0)
(29.076374, 27.690601, 0.0)
(29.049150, 27.678135, 0.0)
(29.022268, 27.729910, 0.0)
(29.045700, 27.751553, 0.0)
(29.026720, 27.737844, 0.0)
(29.068033, 27.701035, 0.0)
(29.082901, 27.720190, 0.0)
(29.080950, 27.727699, 0.0)
(29.118700, 27.744020, 0.0)
(29.126627, 27.752903, 0.0)
(29.132055, 27.777359, 0.0)
(29.153921, 27.741741, 0.0)
(29.286678, 27.682613, 0.0)
(29.385509, 27.673258, 0.0)
(31.684910, 26.606546, 0.0)
(32.226074, 26.369814, 0.0)
(32.338692, 26.367878, 0.0)
(32.469879, 26.269402, 0.0)
(32.660538, 26.214014, 0.0)
(32.898277, 26.121662, 0.0)
(33.071587, 26.078232, 0.0)
(33.247986, 26.025106, 0.0)
(33.424995, 26.010256, 0.0)
(33.603802, 25.960835, 0.0)
(34.935734, 25.697605, 0.0)
(36.290611, 25.398207, 0.0)
(36.602692, 25.322470, 0.0)
(36.806839, 25.321758, 0.0)
(37.005974, 25.332222, 0.0)
(37.210255, 25.352907, 0.0)
(40.362701, 25.707916, 0.0)
(40.898148, 25.799469, 0.0)
(41.020538, 25.798162, 0.0)
(41.085003, 25.798996, 0.0)
(41.142467, 25.853394, 0.0)
(41.170773, 25.859028, 0.0)
(41.226616, 25.904547, 0.0)
(41.723438, 26.117928, 0.0)
(44.538364, 27.287489, 0.0)
(44.776794, 27.416729, 0.0)
(44.797226, 27.421539, 0.0)
(44.841686, 27.456564, 0.0)
(44.843468, 27.444923, 0.0)
(44.823742, 27.450439, 0.0)
(44.854351, 27.477455, 0.0)
(45.400188, 27.835608, 0.0)
(45.440529, 27.794285, 0.0)
(45.464333, 27.805677, 0.0)
(45.430897, 27.788113, 0.0)
(45.428902, 27.791809, 0.0)
(45.464779, 27.806593, 0.0)
(45.464779, 27.806593, 0.0)
(45.438400, 27.859959, 0.0)
(45.445900, 27.855967, 0.0)
(45.453072, 27.827200, 0.0)
(45.437492, 27.891375, 0.0)
(45.385788, 27.885986, 0.0)
(45.406784, 27.906006, 0.0)
(45.392094, 27.911596, 0.0)
(45.385818, 27.951237, 0.0)
(45.368912, 27.983189, 0.0)
(45.358971, 27.976213, 0.0)
(45.362091, 27.984386, 0.0)
(45.351551, 28.005293, 0.0)
(45.308628, 28.065660, 0.0)
(45.698769, 28.731495, 0.0)
(45.618603, 28.830912, 0.0)
(45.593266, 28.860134, 0.0)
(45.670521, 29.036264, 0.0)
(46.023712, 30.983047, 0.0)
(45.994495, 31.323195, 0.0)
(46.020386, 31.424076, 0.0)
(46.050022, 31.538284, 0.0)
(46.106796, 31.567223, 0.0)
(46.051476, 31.627962, 0.0)
(46.065769, 31.651512, 0.0)
(46.143658, 31.980494, 0.0)
(46.270809, 33.941933, 0.0)
(46.173740, 34.618900, 0.0)
(46.131596, 34.721535, 0.0)
(46.127209, 34.749790, 0.0)
(46.092033, 34.749065, 0.0)
(46.089458, 34.743626, 0.0)
(46.107250, 34.722721, 0.0)
(46.100983, 34.727253, 0.0)
(46.097198, 34.725712, 0.0)
(46.121807, 34.750076, 0.0)
(46.091103, 34.768524, 0.0)
(46.080662, 34.708893, 0.0)
(46.109810, 34.691570, 0.0)
(46.102875, 34.716263, 0.0)
(46.380180, 35.179314, 0.0)
(46.309143, 35.501762, 0.0)
(46.315670, 35.600151, 0.0)
(46.303516, 35.605789, 0.0)
(46.259140, 35.582176, 0.0)
(46.265934, 35.578068, 0.0)
(46.289787, 35.615437, 0.0)
(46.246849, 35.629311, 0.0)
(46.314178, 35.808628, 0.0)
(46.286240, 36.543922, 0.0)
(46.229652, 36.612888, 0.0)
(46.236256, 36.620342, 0.0)
(46.134850, 36.681488, 0.0)
(46.129513, 36.739998, 0.0)
(46.140530, 36.744129, 0.0)
(46.110783, 36.750278, 0.0)
(46.137428, 36.793480, 0.0)
(46.094433, 36.797562, 0.0)
(46.063820, 36.778988, 0.0)
(46.082047, 36.788448, 0.0)
(46.085297, 36.790653, 0.0)
(46.058979, 36.786716, 0.0)
(46.057804, 36.765114, 0.0)
(46.067787, 36.749207, 0.0)
(46.010052, 36.777988, 0.0)
(44.411968, 36.957470, 0.0)
(43.812180, 37.138908, 0.0)
(43.765179, 37.244076, 0.0)
(43.746021, 37.281723, 0.0)
(43.697365, 37.336880, 0.0)
(43.683811, 37.364273, 0.0)
(43.656963, 37.379814, 0.0)
(43.656063, 37.363598, 0.0)
(43.637180, 37.359249, 0.0)
(43.659328, 37.363667, 0.0)
(43.659100, 37.385517, 0.0)
(43.636093, 37.411430, 0.0)
(45.409027, 34.455677, 0.0)
(45.666992, 34.143860, 0.0)
(45.652859, 34.106319, 0.0)
(45.688427, 34.060596, 0.0)
(45.725521, 33.937908, 0.0)
(45.710434, 33.904030, 0.0)
(45.708351, 33.905239, 0.0)
(45.713924, 32.728020, 0.0)
(45.638325, 31.784330, 0.0)
(45.604240, 31.711378, 0.0)
(45.616394, 31.674725, 0.0)
(45.662189, 31.617186, 0.0)
(45.656822, 31.532724, 0.0)
(45.625992, 31.541470, 0.0)
(45.617599, 31.470291, 0.0)
(45.624329, 31.471584, 0.0)
(45.623421, 31.445488, 0.0)
(45.493698, 29.918140, 0.0)
(45.345436, 29.358423, 0.0)
(45.335297, 29.321600, 0.0)
(45.308224, 29.316563, 0.0)
(45.326801, 29.293850, 0.0)
(45.224987, 28.207100, 0.0)
(45.128994, 27.996637, 0.0)
(45.156513, 27.979290, 0.0)
(45.187840, 27.930788, 0.0)
(45.193062, 27.936001, 0.0)
(45.152733, 27.915194, 0.0)
(45.176361, 27.918995, 0.0)
(45.201954, 27.921244, 0.0)
(45.157200, 27.917896, 0.0)
(45.134861, 27.854820, 0.0)
(45.185387, 27.809675, 0.0)
(45.165874, 27.866291, 0.0)
(45.098965, 27.796003, 0.0)
(45.088150, 27.801283, 0.0)
(45.095669, 27.826197, 0.0)
(45.086823, 27.824877, 0.0)
(45.084347, 27.840502, 0.0)
(45.067554, 27.888111, 0.0)
(45.051044, 27.910908, 0.0)
(44.927273, 27.862101, 0.0)
(44.450268, 28.079874, 0.0)
(44.415359, 28.136263, 0.0)
(44.422249, 28.162188, 0.0)
(44.433273, 28.229031, 0.0)
(44.539841, 28.920586, 0.0)
(44.539341, 31.667191, 0.0)
(44.630791, 32.483318, 0.0)
(44.684048, 32.538357, 0.0)
(44.667576, 32.519108, 0.0)
(44.664066, 32.533607, 0.0)
(44.702854, 32.597172, 0.0)
(44.712860, 32.656944, 0.0)
(44.731930, 32.683323, 0.0)
(44.776760, 32.833107, 0.0)
(45.132652, 33.887440, 0.0)
(45.154247, 34.001842, 0.0)
(45.148655, 34.007935, 0.0)
(45.143559, 34.050137, 0.0)
(45.150959, 34.062443, 0.0)
(45.161514, 34.083275, 0.0)
(45.177353, 34.135967, 0.0)
(45.172951, 34.151581, 0.0)
(45.183548, 34.154408, 0.0)
(45.237045, 34.162876, 0.0)
(45.231266, 34.198013, 0.0)
(45.212143, 34.256348, 0.0)
(45.219212, 34.290443, 0.0)
(45.227898, 34.331181, 0.0)
(45.219543, 34.359066, 0.0)
(45.212376, 34.372128, 0.0)
(45.226940, 34.410118, 0.0)
(45.242886, 34.435570, 0.0)
(45.235619, 34.486446, 0.0)
(45.256172, 34.550285, 0.0)
(45.270512, 34.613243, 0.0)
(45.287731, 34.656929, 0.0)
(45.269836, 35.103271, 0.0)
(45.267551, 35.622627, 0.0)
(45.302773, 35.691143, 0.0)
(45.308308, 35.700062, 0.0)
(45.320877, 35.779743, 0.0)
(45.328800, 35.838669, 0.0)
(45.314095, 35.829277, 0.0)
(45.279751, 35.832184, 0.0)
(44.366241, 36.060051, 0.0)
(44.230133, 36.094769, 0.0)
(44.277916, 36.134037, 0.0)
(44.276123, 36.128502, 0.0)
(44.225010, 36.108593, 0.0)
(44.195400, 36.101246, 0.0)
(44.196930, 36.067551, 0.0)
(44.197815, 36.037693, 0.0)
(44.175266, 35.998787, 0.0)
(44.155170, 35.927288, 0.0)
(44.156219, 35.888962, 0.0)
(44.692673, 34.476528, 0.0)
(44.633373, 33.653805, 0.0)
(44.639263, 33.605453, 0.0)
(44.643467, 33.481945, 0.0)
(44.645927, 33.400555, 0.0)
(44.674999, 33.294586, 0.0)
(44.677982, 33.241409, 0.0)
(44.656208, 33.152382, 0.0)
(44.647717, 33.043797, 0.0)
(44.707283, 32.956715, 0.0)
(44.693058, 32.885296, 0.0)
(44.699486, 32.803814, 0.0)
(44.654804, 32.734035, 0.0)
(44.646938, 32.616608, 0.0)
(44.446007, 30.945366, 0.0)
(44.327702, 29.548326, 0.0)
(44.318382, 29.444601, 0.0)
(44.332825, 29.490362, 0.0)
(44.122723, 28.030161, 0.0)
(43.881817, 27.490286, 0.0)
(43.903309, 27.437761, 0.0)
(43.875828, 27.441595, 0.0)
(43.892811, 27.423750, 0.0)
(43.917236, 27.420719, 0.0)
(43.906181, 27.417160, 0.0)
(43.894325, 27.347996, 0.0)
(43.915104, 27.354540, 0.0)
(43.881924, 27.343121, 0.0)
(43.894062, 27.324318, 0.0)
(43.960495, 27.290773, 0.0)
(43.962761, 27.285505, 0.0)
(43.957550, 27.255352, 0.0)
(43.956394, 27.261702, 0.0)
(43.947655, 27.248245, 0.0)
(43.947655, 27.248245, 0.0)
(43.935814, 27.225927, 0.0)
(43.915546, 27.194170, 0.0)
(43.968208, 27.151281, 0.0)
(43.921577, 27.163837, 0.0)
(43.883106, 27.111820, 0.0)
(43.921730, 27.124331, 0.0)
(43.897522, 27.143780, 0.0)
(43.921730, 27.124331, 0.0)
(43.921730, 27.124331, 0.0)
(43.911774, 27.119259, 0.0)
(43.909782, 27.124586, 0.0)
(43.909782, 27.124586, 0.0)
(43.888107, 27.162567, 0.0)
(43.789520, 27.154942, 0.0)
(42.767467, 26.802147, 0.0)
(42.713161, 26.786957, 0.0)
(42.691418, 26.804190, 0.0)
(42.686932, 26.873802, 0.0)
(43.053253, 28.714424, 0.0)
(43.103626, 29.128716, 0.0)
(43.398159, 29.900167, 0.0)
(43.426861, 30.096411, 0.0)
(43.424149, 30.067595, 0.0)
(43.486633, 30.182140, 0.0)
(43.539379, 30.291458, 0.0)
(43.563286, 30.424616, 0.0)
(43.532394, 30.566706, 0.0)
(43.502460, 30.654360, 0.0)
(43.576954, 30.710623, 0.0)
(43.587307, 30.741339, 0.0)
(43.597820, 30.856134, 0.0)
(43.642563, 30.874113, 0.0)
(43.651947, 30.976000, 0.0)
(43.677921, 31.124607, 0.0)
(43.979759, 33.823147, 0.0)
(43.981651, 34.313049, 0.0)
(43.999931, 34.361515, 0.0)
(43.992950, 34.387619, 0.0)
(43.967434, 34.448875, 0.0)
(43.961742, 34.496281, 0.0)
(43.950813, 34.524197, 0.0)
(43.987091, 34.478905, 0.0)
(44.063293, 36.083076, 0.0)
(44.016060, 36.445427, 0.0)
(44.028988, 36.428909, 0.0)
(44.029007, 36.416969, 0.0)
(44.042091, 36.448219, 0.0)
(44.035801, 36.469654, 0.0)
(44.028893, 36.448326, 0.0)
(44.026386, 36.406155, 0.0)
(44.025017, 36.405182, 0.0)
(44.002121, 36.475555, 0.0)
(43.987190, 36.507271, 0.0)
(43.986916, 36.481049, 0.0)
(43.989681, 36.516644, 0.0)
(44.019566, 36.522739, 0.0)
(44.006512, 36.526886, 0.0)
(43.975033, 36.533699, 0.0)
(43.985825, 36.508907, 0.0)
(44.002567, 36.515823, 0.0)
(43.967224, 36.535927, 0.0)
(43.968060, 36.530380, 0.0)
(43.820240, 36.641514, 0.0)
(43.716679, 36.794491, 0.0)
(43.695240, 36.786850, 0.0)
(43.706963, 36.795319, 0.0)
(43.674385, 36.804081, 0.0)
(43.624054, 36.803741, 0.0)
(43.254761, 36.898136, 0.0)
(42.927750, 37.001324, 0.0)
(42.907570, 37.015511, 0.0)
(42.894848, 36.906490, 0.0)
(43.322517, 34.892971, 0.0)
(43.180332, 33.497379, 0.0)
(43.183338, 33.283394, 0.0)
(43.196762, 33.223278, 0.0)
(43.163902, 33.147568, 0.0)
(43.151531, 33.047741, 0.0)
(43.160286, 32.958916, 0.0)
(43.177464, 32.914234, 0.0)
(43.159458, 32.810642, 0.0)
(43.149632, 32.716797, 0.0)
(43.192318, 32.621643, 0.0)
(43.260441, 32.271500, 0.0)
(43.158108, 31.093817, 0.0)
(43.152992, 30.988531, 0.0)
(43.146408, 30.967756, 0.0)
(43.155155, 30.943571, 0.0)
(43.160255, 30.869022, 0.0)
(43.176758, 30.812830, 0.0)
(43.197147, 30.766470, 0.0)
(43.089779, 29.914045, 0.0)
(42.802475, 26.824263, 0.0)
(42.692673, 26.611965, 0.0)
(42.744118, 26.678099, 0.0)
(42.765404, 26.731524, 0.0)
(42.734386, 26.756405, 0.0)
(42.796814, 26.697823, 0.0)
(42.807919, 26.736280, 0.0)
(42.742413, 26.715252, 0.0)
(42.731995, 26.703112, 0.0)
(42.732540, 26.678715, 0.0)
(42.767017, 26.705809, 0.0)
(42.756523, 26.675571, 0.0)
(42.717037, 26.624443, 0.0)
(42.359348, 26.219252, 0.0)
(42.337452, 26.172632, 0.0)
(42.304207, 26.175442, 0.0)
(42.309578, 26.185833, 0.0)
(42.347588, 26.160866, 0.0)
(42.323128, 26.173288, 0.0)
(42.298840, 26.176741, 0.0)
(42.276066, 26.125816, 0.0)
(42.330296, 26.074909, 0.0)
(42.335564, 26.076157, 0.0)
(42.292870, 26.119871, 0.0)
(42.267578, 26.136423, 0.0)
(42.286903, 26.134726, 0.0)
(42.278835, 26.165007, 0.0)
(41.134892, 26.111862, 0.0)
(41.044525, 26.090002, 0.0)
(41.020084, 26.126589, 0.0)
(40.991112, 26.187069, 0.0)
(40.978596, 26.246986, 0.0)
(40.975285, 26.298922, 0.0)
(41.680817, 27.743546, 0.0)
(41.688320, 28.294651, 0.0)
(41.677353, 28.366833, 0.0)
(41.704021, 28.487146, 0.0)
(41.716492, 28.635548, 0.0)
(41.755859, 28.725220, 0.0)
(41.793552, 28.965963, 0.0)
(41.792789, 29.079651, 0.0)
(41.840614, 29.156000, 0.0)
(41.870628, 29.218412, 0.0)
(42.077736, 29.892963, 0.0)
(42.379631, 31.885500, 0.0)
(42.461884, 33.139683, 0.0)
(42.341537, 33.724800, 0.0)
(42.290779, 33.748901, 0.0)
(42.277958, 33.744068, 0.0)
(42.308102, 33.757141, 0.0)
(42.292755, 33.783195, 0.0)
(42.309895, 33.813492, 0.0)
(42.327015, 33.858051, 0.0)
(42.322788, 33.901676, 0.0)
(42.342274, 33.921379, 0.0)
(42.342545, 33.957561, 0.0)
(42.338383, 34.012844, 0.0)
(42.657200, 35.598354, 0.0)
(42.697231, 36.107124, 0.0)
(42.684860, 36.119549, 0.0)
(42.652279, 36.133335, 0.0)
(42.652279, 36.133335, 0.0)
(42.668388, 36.139580, 0.0)
(42.669518, 36.160137, 0.0)
(42.671291, 36.176411, 0.0)
(42.682209, 36.163361, 0.0)
(42.713722, 36.198936, 0.0)
(42.704727, 36.263966, 0.0)
(42.695267, 36.269577, 0.0)
(42.724052, 36.249832, 0.0)
(42.752254, 36.258926, 0.0)
(42.755424, 36.271297, 0.0)
(42.388885, 36.561577, 0.0)
(42.341827, 36.590721, 0.0)
(42.342808, 36.595936, 0.0)
(42.372890, 36.565269, 0.0)
(42.407722, 36.554653, 0.0)
(42.375641, 36.565331, 0.0)
(42.355965, 36.553684, 0.0)
(42.349457, 36.556576, 0.0)
(42.304234, 36.529613, 0.0)
(41.522942, 36.660877, 0.0)
(41.463787, 36.632114, 0.0)
(41.433525, 36.627872, 0.0)
(41.361000, 36.534073, 0.0)
(41.393353, 36.407856, 0.0)
(41.787415, 33.710136, 0.0)
(41.517357, 33.038273, 0.0)
(41.466045, 32.927834, 0.0)
(41.472282, 32.859222, 0.0)
(41.482994, 32.814274, 0.0)
(41.448154, 32.756672, 0.0)
(41.435204, 32.735268, 0.0)
(41.435493, 32.717838, 0.0)
(41.437431, 32.603695, 0.0)
(41.411518, 32.559441, 0.0)
(41.404175, 32.487255, 0.0)
(41.410023, 32.426010, 0.0)
(41.416008, 32.349346, 0.0)
(41.389912, 32.274490, 0.0)
(41.389866, 32.174988, 0.0)
(41.408566, 32.094406, 0.0)
(41.442570, 32.024433, 0.0)
(41.398964, 31.280672, 0.0)
(41.155041, 29.438669, 0.0)
(41.146271, 29.358330, 0.0)
(41.140919, 29.328854, 0.0)
(41.115322, 29.248413, 0.0)
(41.126671, 29.176702, 0.0)
(40.969074, 27.949472, 0.0)
(40.777615, 26.931702, 0.0)
(40.764423, 26.859392, 0.0)
(40.768585, 26.847216, 0.0)
(40.762703, 26.826469, 0.0)
(40.758484, 26.769922, 0.0)
(40.688549, 26.451941, 0.0)
(40.624279, 25.869080, 0.0)
(40.651623, 25.835215, 0.0)
(40.643787, 25.846773, 0.0)
(40.645039, 25.866247, 0.0)
(40.596313, 25.873861, 0.0)
(40.628471, 25.844879, 0.0)
(40.630211, 25.810713, 0.0)
(40.638340, 25.801744, 0.0)
(40.634392, 25.776281, 0.0)
(40.651321, 25.804390, 0.0)
(40.640049, 25.854359, 0.0)
(40.616890, 25.879778, 0.0)
(40.614105, 25.852308, 0.0)
(40.627384, 25.881668, 0.0)
(40.569408, 25.889017, 0.0)
(40.564846, 25.898424, 0.0)
(40.539871, 25.913773, 0.0)
(39.390606, 25.996916, 0.0)
(39.278572, 26.011177, 0.0)
(39.289093, 26.019009, 0.0)
(39.278011, 26.077440, 0.0)
(39.241863, 26.141430, 0.0)
(39.495663, 27.526115, 0.0)
(39.807880, 28.859251, 0.0)
(39.790211, 29.019543, 0.0)
(39.795567, 29.022869, 0.0)
(39.843479, 29.108513, 0.0)
(39.865307, 29.222244, 0.0)
(39.881226, 29.296001, 0.0)
(39.908875, 29.436199, 0.0)
(39.936848, 29.564562, 0.0)
(39.920128, 29.637625, 0.0)
(39.923573, 29.679060, 0.0)
(40.000393, 29.728804, 0.0)
(40.011581, 29.811920, 0.0)
(40.364410, 30.715054, 0.0)
(40.493641, 32.136925, 0.0)
(40.498817, 32.309097, 0.0)
(40.522259, 32.341000, 0.0)
(40.519360, 32.366497, 0.0)
(40.534248, 32.375500, 0.0)
(40.527580, 33.045982, 0.0)
(40.531792, 33.269993, 0.0)
(40.552090, 33.309925, 0.0)
(40.548771, 33.320160, 0.0)
(40.556957, 33.328968, 0.0)
(40.583244, 33.327740, 0.0)
(40.634613, 33.422222, 0.0)
(40.640793, 33.467819, 0.0)
(40.649063, 33.572632, 0.0)
(40.654182, 33.611687, 0.0)
(40.895706, 34.508495, 0.0)
(40.871094, 35.012741, 0.0)
(40.881596, 34.994400, 0.0)
(40.873707, 35.002396, 0.0)
(40.872879, 35.022240, 0.0)
(40.867146, 35.043999, 0.0)
(40.887997, 35.093159, 0.0)
(40.902897, 35.118229, 0.0)
(40.900223, 35.175186, 0.0)
(40.853935, 35.231125, 0.0)
(40.605194, 35.562439, 0.0)
(40.545666, 35.610348, 0.0)
(40.488956, 35.566998, 0.0)
(40.532551, 35.561008, 0.0)
(40.532700, 35.580669, 0.0)
(40.497448, 35.617908, 0.0)
(40.483940, 35.626759, 0.0)
(40.486042, 35.666615, 0.0)
(40.474514, 35.669582, 0.0)
(40.438999, 35.637608, 0.0)
(39.627281, 36.063744, 0.0)
(39.549026, 36.110237, 0.0)
(39.527164, 36.074566, 0.0)
(39.501457, 36.098156, 0.0)
(39.487007, 35.996246, 0.0)
(39.498066, 35.900341, 0.0)
(39.496849, 35.818424, 0.0)
(39.829910, 34.035637, 0.0)
(39.783958, 33.751289, 0.0)
(39.798004, 33.674965, 0.0)
(39.768787, 33.573357, 0.0)
(39.710350, 33.426056, 0.0)
(39.766731, 33.293980, 0.0)
(39.752743, 33.218212, 0.0)
(39.736862, 33.186989, 0.0)
(39.747929, 33.044090, 0.0)
(39.752548, 32.903915, 0.0)
(39.745632, 32.806248, 0.0)
(39.716278, 32.688950, 0.0)
(39.724491, 32.550541, 0.0)
(39.518562, 32.103394, 0.0)
(39.274895, 31.347818, 0.0)
(39.239517, 31.193283, 0.0)
(39.218311, 31.164848, 0.0)
(39.202206, 31.060072, 0.0)
(39.200741, 30.999430, 0.0)
(39.191067, 30.889124, 0.0)
(39.520126, 29.114283, 0.0)
(39.396229, 28.418592, 0.0)
(39.349941, 28.363033, 0.0)
(39.310684, 28.315218, 0.0)
(39.301891, 28.259695, 0.0)
(39.300781, 28.150137, 0.0)
(39.070732, 27.561838, 0.0)
(38.637325, 25.980026, 0.0)
(38.585609, 25.865488, 0.0)
(38.614697, 25.895481, 0.0)
(38.620514, 25.916140, 0.0)
(38.631435, 25.895483, 0.0)
(38.640018, 25.888662, 0.0)
(38.634750, 25.898003, 0.0)
(38.633595, 25.903278, 0.0)
(38.622993, 25.874556, 0.0)
(38.649712, 25.872910, 0.0)
(38.655293, 25.900915, 0.0)
(38.647602, 25.907152, 0.0)
(38.638950, 25.916794, 0.0)
(38.610779, 25.995584, 0.0)
(38.583435, 26.032650, 0.0)
(38.598915, 26.053160, 0.0)
(38.573494, 26.047989, 0.0)
(38.570286, 26.007408, 0.0)
(38.590897, 25.999599, 0.0)
(37.673080, 26.119041, 0.0)
(37.551010, 26.201155, 0.0)
(37.527130, 26.243176, 0.0)
(37.528248, 26.283871, 0.0)
(37.761623, 27.151094, 0.0)
(38.358105, 29.542698, 0.0)
(38.326462, 29.770439, 0.0)
(38.300140, 29.806185, 0.0)
(38.286858, 29.900501, 0.0)
(38.258911, 30.034487, 0.0)
(38.318783, 30.110395, 0.0)
(38.339981, 30.181574, 0.0)
(38.345299, 30.260929, 0.0)
(38.363762, 30.316788, 0.0)
(38.376198, 30.352104, 0.0)
(38.390316, 30.410240, 0.0)
(38.402611, 30.503859, 0.0)
(38.391808, 30.582630, 0.0)
(38.394485, 30.612846, 0.0)
(38.402218, 30.676529, 0.0)
(38.423897, 30.697710, 0.0)
(38.446281, 30.730310, 0.0)
(38.461639, 30.781303, 0.0)
(38.494095, 30.847492, 0.0)
(38.670197, 32.974022, 0.0)
(38.703800, 33.318104, 0.0)
(38.739300, 33.356953, 0.0)
(38.692928, 33.431099, 0.0)
(38.671230, 33.470455, 0.0)
(38.662930, 33.508934, 0.0)
(38.698681, 33.540730, 0.0)
(38.694874, 33.562828, 0.0)
(38.993217, 35.382736, 0.0)
(39.001549, 35.611748, 0.0)
(38.974419, 35.636215, 0.0)
(38.942478, 35.693775, 0.0)
(38.952877, 35.679337, 0.0)
(38.936096, 35.673046, 0.0)
(38.927895, 35.666264, 0.0)
(38.915920, 35.725533, 0.0)
(38.823402, 36.587860, 0.0)
(38.797993, 36.699814, 0.0)
(38.799763, 36.676384, 0.0)
(38.799458, 36.688221, 0.0)
(38.814072, 36.698524, 0.0)
(38.776146, 36.633793, 0.0)
(38.789108, 36.612366, 0.0)
(38.806427, 36.592705, 0.0)
(38.803020, 36.590706, 0.0)
(38.835720, 36.566597, 0.0)
(38.793789, 36.619129, 0.0)
(38.800571, 36.646484, 0.0)
(38.795643, 36.649837, 0.0)
(38.791912, 36.630955, 0.0)
(37.955631, 36.815468, 0.0)
(37.651802, 36.844494, 0.0)
(37.655449, 36.801647, 0.0)
(37.660198, 36.786049, 0.0)
(37.618916, 36.712128, 0.0)
(37.637001, 36.553711, 0.0)
(38.125389, 34.897877, 0.0)
(38.110546, 34.638199, 0.0)
(38.081875, 34.492729, 0.0)
(38.090923, 34.326069, 0.0)
(38.082397, 34.245049, 0.0)
(38.066406, 34.126942, 0.0)
(37.608360, 33.126957, 0.0)
(37.560406, 32.133179, 0.0)
(37.535137, 31.969269, 0.0)
(37.541790, 31.874874, 0.0)
(37.492607, 31.726639, 0.0)
(37.474300, 31.640034, 0.0)
(37.476730, 31.551579, 0.0)
(37.468254, 31.431299, 0.0)
(37.498310, 31.387877, 0.0)
(37.493881, 31.294216, 0.0)
(37.513359, 31.202644, 0.0)
(37.507790, 31.171865, 0.0)
(37.468208, 31.045795, 0.0)
(37.471237, 30.893911, 0.0)
(37.394665, 28.733713, 0.0)
(37.288300, 28.463854, 0.0)
(37.266960, 28.444275, 0.0)
(37.272690, 28.436356, 0.0)
(37.279346, 28.409389, 0.0)
(37.261135, 28.323496, 0.0)
(37.048080, 27.339460, 0.0)
(36.953259, 26.514772, 0.0)
(36.936974, 26.420807, 0.0)
(36.917175, 26.430599, 0.0)
(36.909142, 26.460392, 0.0)
(36.898628, 26.384386, 0.0)
(36.820042, 25.528185, 0.0)
(36.790676, 25.457251, 0.0)
(36.807331, 25.453432, 0.0)
(36.774071, 25.421171, 0.0)
(36.777218, 25.438560, 0.0)
(36.741207, 25.429211, 0.0)
(36.745522, 25.406712, 0.0)
(36.763111, 25.410269, 0.0)
(36.748013, 25.440922, 0.0)
(36.733997, 25.463497, 0.0)
(36.749256, 25.448093, 0.0)
(36.734676, 25.464172, 0.0)
(36.705666, 25.504820, 0.0)
(35.649609, 25.932487, 0.0)
(35.478996, 26.054359, 0.0)
(35.475788, 26.106432, 0.0)
(35.446651, 26.183022, 0.0)
(35.435543, 26.259829, 0.0)
(35.485992, 26.372070, 0.0)
(35.483032, 26.481739, 0.0)
(35.488174, 26.575874, 0.0)
(35.728188, 27.067575, 0.0)
(35.998070, 28.034868, 0.0)
(35.974319, 28.167580, 0.0)
(35.962540, 28.216696, 0.0)
(35.952103, 28.305645, 0.0)
(35.990265, 28.327761, 0.0)
(36.108257, 28.374121, 0.0)
(36.110298, 28.421144, 0.0)
(36.095570, 28.514051, 0.0)
(36.091915, 29.969610, 0.0)
(36.131119, 30.236025, 0.0)
(36.126865, 30.318388, 0.0)
(36.109730, 30.349039, 0.0)
(36.143627, 30.359955, 0.0)
(36.124031, 30.471163, 0.0)
(36.118000, 30.552431, 0.0)
(36.124439, 30.665169, 0.0)
(37.111866, 33.097462, 0.0)
(37.147820, 34.287437, 0.0)
(37.134315, 34.372112, 0.0)
(37.108067, 34.376564, 0.0)
(37.109467, 34.412189, 0.0)
(37.111568, 34.429775, 0.0)
(37.107403, 34.538902, 0.0)
(37.115932, 35.960232, 0.0)
(37.100105, 36.107784, 0.0)
(37.084858, 36.091766, 0.0)
(37.064442, 36.099716, 0.0)
(37.043095, 36.055370, 0.0)
(37.052139, 36.080185, 0.0)
(37.040974, 36.076550, 0.0)
(37.021652, 36.098450, 0.0)
(37.025017, 36.081898, 0.0)
(37.018803, 36.759754, 0.0)
(37.007294, 36.901070, 0.0)
(37.016865, 36.872429, 0.0)
(37.018158, 36.866829, 0.0)
(37.038181, 36.876225, 0.0)
(37.020748, 36.921860, 0.0)
(36.980213, 36.963257, 0.0)
(36.983582, 36.970821, 0.0)
(36.987755, 36.989277, 0.0)
(36.982258, 36.975349, 0.0)
(36.965351, 36.975723, 0.0)
(36.934738, 36.947506, 0.0)
(36.850845, 36.952755, 0.0)
(35.642319, 36.500698, 0.0)
(35.522392, 36.446739, 0.0)
(35.497913, 36.400867, 0.0)
(35.500542, 36.354809, 0.0)
(35.529499, 36.288887, 0.0)
(35.504833, 36.252865, 0.0)
(35.488937, 36.126446, 0.0)
(35.971832, 34.753323, 0.0)
(35.867397, 33.660275, 0.0)
(35.845222, 33.482452, 0.0)
(35.824795, 33.485413, 0.0)
(35.826576, 33.418491, 0.0)
(35.848183, 33.271927, 0.0)
(35.842506, 33.249523, 0.0)
(35.843311, 33.192577, 0.0)
(35.851715, 33.148808, 0.0)
(35.867252, 33.089657, 0.0)
(35.840672, 33.058067, 0.0)
(35.595276, 32.258514, 0.0)
(35.384548, 31.364616, 0.0)
(35.347145, 31.248299, 0.0)
(35.302486, 31.265158, 0.0)
(35.277138, 31.173290, 0.0)
(35.303116, 31.076216, 0.0)
(35.295177, 31.027519, 0.0)
(35.256252, 30.914658, 0.0)
(35.273434, 30.772913, 0.0)
(35.285416, 30.730661, 0.0)
(35.309998, 30.665190, 0.0)
(35.017391, 28.046000, 0.0)
(34.948292, 27.647791, 0.0)
(34.917183, 27.696142, 0.0)
(34.901112, 27.654016, 0.0)
(34.876453, 27.586987, 0.0)
(34.893105, 27.555037, 0.0)
(34.895092, 27.518929, 0.0)
(34.887691, 27.406527, 0.0)
(34.609138, 26.071682, 0.0)
(34.583134, 25.968327, 0.0)
(34.554703, 26.025585, 0.0)
(34.482124, 26.057928, 0.0)
(34.455578, 26.065834, 0.0)
(34.500809, 26.023384, 0.0)
(34.455826, 26.007378, 0.0)
(34.445690, 25.967539, 0.0)
(34.463345, 25.945787, 0.0)
(34.461708, 25.955172, 0.0)
(34.424969, 25.988031, 0.0)
(34.420357, 26.051453, 0.0)
(34.409584, 26.060333, 0.0)
(34.389400, 26.067490, 0.0)
(34.395905, 26.070618, 0.0)
(34.354824, 26.158081, 0.0)
(33.534443, 26.673439, 0.0)
(33.461834, 26.740450, 0.0)
(33.455246, 26.756178, 0.0)
(33.440521, 26.800795, 0.0)
(33.520836, 27.279793, 0.0)
(33.471699, 27.936098, 0.0)
(33.489536, 28.004507, 0.0)
(33.529240, 27.994024, 0.0)
(33.545853, 28.051266, 0.0)
(33.554001, 28.110933, 0.0)
(33.565887, 28.163229, 0.0)
(33.573009, 28.239204, 0.0)
(33.585079, 28.359493, 0.0)
(34.192726, 28.982279, 0.0)
(34.305767, 29.700554, 0.0)
(34.306122, 29.812172, 0.0)
(34.312138, 29.850456, 0.0)
(34.338326, 29.965153, 0.0)
(34.331078, 30.007957, 0.0)
(34.076618, 30.571125, 0.0)
(34.333679, 32.659157, 0.0)
(34.357475, 33.048393, 0.0)
(34.287624, 33.150330, 0.0)
(34.671917, 34.621807, 0.0)
(34.800377, 35.083153, 0.0)
(34.743118, 35.090927, 0.0)
(34.743118, 35.090927, 0.0)
(34.766880, 35.093750, 0.0)
(34.751781, 35.119797, 0.0)
(34.742397, 35.118923, 0.0)
(34.750175, 35.143764, 0.0)
(34.762550, 35.169270, 0.0)
(34.751991, 35.169041, 0.0)
(34.782375, 35.189014, 0.0)
(34.492973, 35.750515, 0.0)
(34.795353, 36.387581, 0.0)
(34.862606, 36.479774, 0.0)
(34.872433, 36.448940, 0.0)
(34.872406, 36.506149, 0.0)
(34.880497, 36.491146, 0.0)
(34.888203, 36.522388, 0.0)
(34.891136, 36.538166, 0.0)
(34.895153, 36.534588, 0.0)
(34.922459, 36.530289, 0.0)
(34.899822, 36.559521, 0.0)
(34.849293, 36.584854, 0.0)
(34.857975, 36.590347, 0.0)
(34.875004, 36.620140, 0.0)
(34.855865, 36.625088, 0.0)
(34.837284, 36.592400, 0.0)
(34.842979, 36.577061, 0.0)
(34.828075, 36.552181, 0.0)
(34.819275, 36.533672, 0.0)
(34.805202, 36.518936, 0.0)
(34.021709, 36.758537, 0.0)
(33.910645, 36.751163, 0.0)
(33.901585, 36.683346, 0.0)
(33.905022, 36.616531, 0.0)
(33.914623, 36.567791, 0.0)
(33.904221, 36.441364, 0.0)
(33.930096, 36.121849, 0.0)
(33.701900, 33.582539, 0.0)
(33.612625, 33.268856, 0.0)
(33.610107, 33.205868, 0.0)
(33.547268, 33.132885, 0.0)
(33.522221, 33.035633, 0.0)
(33.598854, 32.948479, 0.0)
(33.544163, 32.922855, 0.0)
(33.492916, 32.806938, 0.0)
(33.570297, 32.712406, 0.0)
(33.554222, 32.586433, 0.0)
(33.514481, 32.500057, 0.0)
(33.509602, 32.406551, 0.0)
(33.478313, 32.178638, 0.0)
(33.208855, 30.163542, 0.0)
(33.133324, 29.882078, 0.0)
(33.117470, 29.837170, 0.0)
(33.112972, 29.743124, 0.0)
(33.130943, 29.693197, 0.0)
(33.091026, 29.616098, 0.0)
(33.078255, 29.498304, 0.0)
(33.139931, 29.274973, 0.0)
(33.229279, 26.659473, 0.0)
(33.158661, 26.448408, 0.0)
(33.136635, 26.439241, 0.0)
(33.136635, 26.439241, 0.0)
(33.126640, 26.415888, 0.0)
(33.125439, 26.338461, 0.0)
(33.136948, 26.301445, 0.0)
(33.143749, 26.307098, 0.0)
(32.711231, 26.131403, 0.0)
(32.674534, 26.120804, 0.0)
(32.667603, 26.126839, 0.0)
(32.649826, 26.129604, 0.0)
(32.660824, 26.118114, 0.0)
(32.688606, 26.106930, 0.0)
(32.696384, 26.112740, 0.0)
(32.680931, 26.122219, 0.0)
(32.666336, 26.106499, 0.0)
(32.699345, 26.084600, 0.0)
(32.710960, 26.080902, 0.0)
(32.696049, 26.114124, 0.0)
(32.689789, 26.134266, 0.0)
(32.726723, 26.164217, 0.0)
(32.703030, 26.186735, 0.0)
(32.669437, 26.176823, 0.0)
(32.531616, 26.229729, 0.0)
(31.659338, 26.590319, 0.0)
(31.584795, 26.675678, 0.0)
(31.555496, 26.726297, 0.0)
(31.561985, 26.790930, 0.0)
(31.531078, 26.884483, 0.0)
(31.516788, 26.954767, 0.0)
(32.121078, 28.212461, 0.0)
(32.567959, 31.094864, 0.0)
(32.446125, 32.130932, 0.0)
(32.349789, 32.223377, 0.0)
(32.338249, 32.238155, 0.0)
(32.358685, 32.357460, 0.0)
(32.338936, 32.393562, 0.0)
(32.314213, 32.418495, 0.0)
(32.354729, 32.434055, 0.0)
(32.361992, 32.460217, 0.0)
(32.349655, 32.504581, 0.0)
(32.365761, 32.507607, 0.0)
(32.396664, 32.514748, 0.0)
(32.366405, 32.568977, 0.0)
(32.388439, 32.629169, 0.0)
(32.372910, 32.707527, 0.0)
(32.411263, 32.742020, 0.0)
(32.430874, 32.788013, 0.0)
(32.406887, 32.803909, 0.0)
(32.457874, 32.857712, 0.0)
(32.470486, 32.891788, 0.0)
(32.466125, 32.944912, 0.0)
(32.767242, 34.107090, 0.0)
(33.235294, 36.010281, 0.0)
(33.309448, 36.178524, 0.0)
(33.322922, 36.158447, 0.0)
(33.254498, 36.207813, 0.0)
(33.278538, 36.144642, 0.0)
(33.418186, 36.767879, 0.0)
(33.372845, 36.884651, 0.0)
(33.366268, 36.865650, 0.0)
(33.372372, 36.830582, 0.0)
(33.370831, 36.849705, 0.0)
(33.354340, 36.864525, 0.0)
(33.174934, 36.983036, 0.0)
(33.143379, 37.018883, 0.0)
(33.173149, 36.985725, 0.0)
(33.158287, 36.980705, 0.0)
(33.149769, 36.984684, 0.0)
(33.135262, 36.966946, 0.0)
(33.117382, 36.994259, 0.0)
(33.132385, 36.992939, 0.0)
(33.074951, 36.992973, 0.0)
(33.065865, 36.970543, 0.0)
(33.099792, 36.921963, 0.0)
(33.093067, 36.922241, 0.0)
(33.061337, 36.917236, 0.0)
(33.078716, 36.876324, 0.0)
(33.084557, 36.870510, 0.0)
(33.055840, 36.887871, 0.0)
(32.430248, 35.709606, 0.0)
(31.924551, 33.732204, 0.0)
(31.797100, 33.624439, 0.0)
(31.764801, 33.669312, 0.0)
(31.739491, 33.669720, 0.0)
(31.734434, 33.655384, 0.0)
(31.726322, 33.623077, 0.0)
(31.720392, 33.639015, 0.0)
(31.733513, 33.605686, 0.0)
(31.719084, 33.552425, 0.0)
(31.734991, 33.507885, 0.0)
(31.722895, 33.473499, 0.0)
(31.679695, 33.394974, 0.0)
(31.673010, 33.322960, 0.0)
(31.713774, 33.290829, 0.0)
(31.740238, 33.203453, 0.0)
(31.734060, 33.149246, 0.0)
(31.716145, 33.002575, 0.0)
(31.739714, 32.938915, 0.0)
(31.483322, 31.480268, 0.0)
(31.407137, 30.898996, 0.0)
(31.365665, 30.832920, 0.0)
(31.300756, 30.817421, 0.0)
(31.309071, 30.741762, 0.0)
(31.327623, 30.675440, 0.0)
(31.325768, 30.630022, 0.0)
(31.327126, 30.536343, 0.0)
(31.440805, 29.650522, 0.0)
(31.485312, 27.642149, 0.0)
(31.431719, 27.517517, 0.0)
(31.422081, 27.484007, 0.0)
(31.405832, 27.428392, 0.0)
(31.416412, 27.364592, 0.0)
(31.438343, 27.388035, 0.0)
(31.423458, 27.378065, 0.0)
(31.069469, 27.388836, 0.0)
(30.752737, 27.311159, 0.0)
(30.726639, 27.305134, 0.0)
(30.721605, 27.284529, 0.0)
(30.745764, 27.240250, 0.0)
(30.762596, 27.170324, 0.0)
(30.743593, 27.175850, 0.0)
(30.703451, 27.195337, 0.0)
(30.723036, 27.215122, 0.0)
(30.710724, 27.244087, 0.0)
(30.679169, 27.231909, 0.0)
(30.683521, 27.222992, 0.0)
(30.703245, 27.187193, 0.0)
(30.698364, 27.223835, 0.0)
(30.673401, 27.246639, 0.0)
(30.654636, 27.253616, 0.0)
(30.653553, 27.376776, 0.0)
(29.958488, 29.428226, 0.0)
(29.929148, 30.278097, 0.0)
(29.940159, 30.439377, 0.0)
(29.924496, 30.482239, 0.0)
(29.878420, 30.520473, 0.0)
(29.899412, 30.571802, 0.0)
(29.952560, 30.624933, 0.0)
(30.528536, 31.427315, 0.0)
(30.860249, 32.980854, 0.0)
(30.858410, 33.166435, 0.0)
(30.857746, 33.228035, 0.0)
(30.865238, 33.269382, 0.0)
(30.868795, 33.287067, 0.0)
(30.889730, 33.314198, 0.0)
(30.893713, 33.339123, 0.0)
(30.909643, 33.356792, 0.0)
(30.885990, 33.371723, 0.0)
(30.884235, 33.399067, 0.0)
(30.908138, 33.412876, 0.0)
(30.927874, 33.451691, 0.0)
(30.921625, 33.473705, 0.0)
(30.951084, 33.512089, 0.0)
(30.957214, 33.580273, 0.0)
(30.930664, 33.585865, 0.0)
(30.945219, 33.630844, 0.0)
(30.612946, 33.997868, 0.0)
(30.587494, 34.094913, 0.0)
(30.610388, 34.152760, 0.0)
(30.660530, 34.163677, 0.0)
(30.688812, 34.218811, 0.0)
(30.687876, 34.232521, 0.0)
(31.063627, 34.351753, 0.0)
(31.439674, 34.906872, 0.0)
(31.473995, 34.978554, 0.0)
(31.477060, 35.006165, 0.0)
(31.431059, 35.052876, 0.0)
(31.417318, 35.077236, 0.0)
(31.470438, 35.026943, 0.0)
(31.456064, 35.047707, 0.0)
(31.427393, 35.060871, 0.0)
(31.474989, 35.052864, 0.0)
(31.482588, 35.114887, 0.0)
(31.451031, 35.101112, 0.0)
(31.449409, 35.085552, 0.0)
(31.441895, 35.062202, 0.0)
(31.428583, 35.071281, 0.0)
(31.435606, 35.063999, 0.0)
(31.429340, 35.084587, 0.0)
(31.432322, 35.079487, 0.0)
(30.764761, 34.689972, 0.0)
(30.344410, 34.264088, 0.0)
(30.322083, 34.247807, 0.0)
(30.288578, 34.291203, 0.0)
(30.281477, 34.271236, 0.0)
(30.245693, 34.271099, 0.0)
(30.232498, 34.235306, 0.0)
(30.273262, 34.173450, 0.0)
(30.233410, 34.156322, 0.0)
(30.179239, 34.122650, 0.0)
(30.190073, 34.064461, 0.0)
(30.198965, 34.056168, 0.0)
(30.144461, 34.038357, 0.0)
(30.151806, 33.956787, 0.0)
(30.188814, 33.876225, 0.0)
(30.167015, 33.852047, 0.0)
(30.116480, 33.804585, 0.0)
(30.120399, 33.753399, 0.0)
(30.097013, 33.648205, 0.0)
(29.665230, 31.618061, 0.0)
(29.587322, 30.716713, 0.0)
(29.562590, 30.658697, 0.0)
(29.545481, 30.648905, 0.0)
(29.542486, 30.610773, 0.0)
(29.503613, 30.551878, 0.0)
(29.605566, 29.167381, 0.0)
(29.445591, 28.412512, 0.0)
(29.430235, 28.359173, 0.0)
(29.414368, 28.374065, 0.0)
(29.431438, 28.400110, 0.0)
(29.203318, 28.263546, 0.0)
(28.845608, 27.772167, 0.0)
(28.840580, 27.628288, 0.0)
(28.848988, 27.590385, 0.0)
(28.839203, 27.585609, 0.0)
(28.846407, 27.581804, 0.0)
(28.839138, 27.589058, 0.0)
(28.818794, 27.627934, 0.0)
(28.843380, 27.603418, 0.0)
(28.837999, 27.638075, 0.0)
(28.846931, 27.637085, 0.0)
(28.851807, 27.625620, 0.0)
(28.861717, 27.564356, 0.0)
(28.876890, 27.535927, 0.0)
(28.883398, 27.552567, 0.0)
(28.854074, 27.573475, 0.0)
(28.870386, 27.616711, 0.0)
(28.924597, 27.610867, 0.0)
(28.870386, 27.616711, 0.0)
(28.862471, 27.533468, 0.0)
(28.862551, 27.568291, 0.0)
(28.862947, 27.580570, 0.0)
(28.866434, 27.596947, 0.0)
(28.873323, 27.660898, 0.0)
(28.852392, 27.709497, 0.0)
(28.806189, 27.740725, 0.0)
(28.814571, 27.770227, 0.0)
(28.772909, 27.869440, 0.0)
(28.768860, 27.970287, 0.0)
(28.598257, 29.188227, 0.0)
(29.010412, 31.034021, 0.0)
(29.279081, 32.393398, 0.0)
(29.343685, 32.808121, 0.0)
(29.292162, 32.893330, 0.0)
(29.305798, 32.920097, 0.0)
(29.322248, 32.922813, 0.0)
(29.325518, 32.982525, 0.0)
(29.311064, 33.000450, 0.0)
(29.349007, 33.031158, 0.0)
(29.386553, 34.782654, 0.0)
(30.039207, 35.864716, 0.0)
(30.101704, 35.966358, 0.0)
(30.107792, 35.974747, 0.0)
(30.109940, 35.959488, 0.0)
(30.099337, 35.955814, 0.0)
(30.102774, 35.950722, 0.0)
(30.152218, 35.968948, 0.0)
(30.151758, 36.000408, 0.0)
(30.099998, 35.971107, 0.0)
(30.121813, 35.933601, 0.0)
(30.153400, 35.960434, 0.0)
(30.112583, 35.924576, 0.0)
(30.038370, 36.126972, 0.0)
(30.157772, 36.746010, 0.0)
(30.172689, 36.886200, 0.0)
(30.152580, 36.871834, 0.0)
(30.159492, 36.863068, 0.0)
(30.180422, 36.932640, 0.0)
(30.176348, 36.946609, 0.0)
(30.196590, 36.980381, 0.0)
(30.208616, 36.997295, 0.0)
(30.202806, 37.025127, 0.0)
(30.223072, 37.047081, 0.0)
(30.219336, 37.099163, 0.0)
(30.215155, 37.135372, 0.0)
(30.237400, 37.156120, 0.0)
(30.257166, 37.177246, 0.0)
(30.278313, 37.140152, 0.0)
(30.321922, 37.138100, 0.0)
(30.331968, 37.173317, 0.0)
(30.330887, 37.186687, 0.0)
(30.354019, 37.212772, 0.0)
(30.385433, 37.242588, 0.0)
(30.366810, 37.285980, 0.0)
(30.384945, 37.249374, 0.0)
(30.438070, 37.255386, 0.0)
(30.452852, 37.270889, 0.0)
(30.495642, 37.274353, 0.0)
(30.445564, 37.263515, 0.0)
(30.485184, 37.300514, 0.0)
(30.498823, 37.309402, 0.0)
(30.478798, 37.346462, 0.0)
(30.500366, 37.816166, 0.0)
(30.524445, 37.870964, 0.0)
(30.509850, 37.818592, 0.0)
(30.540691, 37.709946, 0.0)
(30.570864, 37.711529, 0.0)
(30.559956, 37.732296, 0.0)
(30.517038, 37.737484, 0.0)
(30.522022, 37.744209, 0.0)
(30.542784, 37.771320, 0.0)
(30.460775, 37.727215, 0.0)
(30.484079, 37.659248, 0.0)
(30.484158, 37.628090, 0.0)
(30.469158, 37.626156, 0.0)
(30.470552, 37.689758, 0.0)
(30.476965, 37.704590, 0.0)
(30.527203, 37.753777, 0.0)
(30.505144, 37.721222, 0.0)
(30.469154, 37.702099, 0.0)
(30.476950, 37.705383, 0.0)
(30.622730, 37.547489, 0.0)
(30.329597, 37.461990, 0.0)
(30.187069, 37.523521, 0.0)
(30.226503, 37.500000, 0.0)
(30.233067, 37.522987, 0.0)
(30.217243, 37.564262, 0.0)
(30.203197, 37.551735, 0.0)
(30.263941, 37.548035, 0.0)
(30.275129, 37.549122, 0.0)
(30.246895, 37.536816, 0.0)
(30.282118, 37.521465, 0.0)
(30.315413, 37.564602, 0.0)
(30.306129, 37.562046, 0.0)
(30.301155, 37.548874, 0.0)
(30.363503, 37.567577, 0.0)
(30.368305, 37.561619, 0.0)
