(36.022064, 22.780975, 0.0)
(36.120491, 22.117867, 0.0)
(36.170147, 21.820662, 0.0)
(36.199860, 21.699879, 0.0)
(36.288330, 21.692806, 0.0)
(36.069363, 22.028057, 0.0)
(36.125179, 22.084593, 0.0)
(36.119526, 22.063198, 0.0)
(36.155266, 22.084143, 0.0)
(36.155941, 22.053514, 0.0)
(36.363605, 21.975613, 0.0)
(36.374672, 21.810276, 0.0)
(36.380611, 21.793608, 0.0)
(36.427975, 21.813433, 0.0)
(36.432304, 21.834230, 0.0)
(36.413193, 21.832977, 0.0)
(36.406693, 21.804235, 0.0)
(36.419907, 21.803827, 0.0)
(36.412884, 21.790071, 0.0)
(36.419163, 21.787052, 0.0)
(36.410027, 21.796986, 0.0)
(36.410316, 21.791964, 0.0)
(36.414520, 21.796526, 0.0)
(36.424236, 21.803152, 0.0)
(36.424835, 21.802971, 0.0)
(36.419571, 21.712847, 0.0)
(36.404652, 21.696875, 0.0)
(36.398693, 21.702074, 0.0)
(36.393284, 21.708061, 0.0)
(36.409298, 21.736637, 0.0)
(36.411869, 21.738682, 0.0)
(36.399765, 21.700712, 0.0)
(36.450264, 21.716951, 0.0)
(36.409473, 21.671747, 0.0)
(36.402142, 21.691887, 0.0)
(36.380489, 21.727331, 0.0)
(36.373158, 21.746307, 0.0)
(36.334515, 21.737076, 0.0)
(36.349777, 21.764408, 0.0)
(36.328785, 21.740696, 0.0)
(36.308220, 21.752575, 0.0)
(36.305363, 21.745420, 0.0)
(36.295734, 21.753531, 0.0)
(36.302490, 21.757153, 0.0)
(36.322441, 21.772772, 0.0)
(36.331993, 21.805906, 0.0)
(36.341404, 21.824394, 0.0)
(36.363094, 21.806818, 0.0)
(36.389053, 21.797541, 0.0)
(36.387394, 21.843250, 0.0)
(36.390186, 21.817593, 0.0)
(36.392731, 21.823870, 0.0)
(36.400150, 21.822048, 0.0)
(36.408783, 21.844639, 0.0)
(36.392033, 21.796526, 0.0)
(36.410004, 21.779131, 0.0)
(36.410004, 21.779131, 0.0)
(36.418400, 21.763145, 0.0)
(36.432896, 21.763290, 0.0)
(36.424381, 21.743389, 0.0)
(36.419907, 21.746191, 0.0)
(36.415005, 21.742392, 0.0)
(36.417362, 21.730080, 0.0)
(36.412498, 21.731104, 0.0)
(36.415295, 21.742012, 0.0)
(36.400826, 21.761047, 0.0)
(36.400661, 21.754568, 0.0)
(36.403328, 21.717304, 0.0)
(36.393166, 21.752544, 0.0)
(36.373100, 21.769932, 0.0)
(36.363617, 21.738623, 0.0)
(36.337292, 21.735634, 0.0)
(36.337681, 21.753967, 0.0)
(36.549992, 21.922026, 0.0)
(36.533821, 21.950438, 0.0)
(36.534752, 21.944616, 0.0)
(36.523830, 21.898108, 0.0)
(36.511906, 21.868122, 0.0)
(36.504955, 21.818275, 0.0)
(36.510387, 21.842888, 0.0)
(36.509548, 21.847452, 0.0)
(36.528439, 21.882500, 0.0)
(36.461456, 21.837362, 0.0)
(36.422985, 21.828571, 0.0)
(36.461941, 21.815775, 0.0)
(36.457333, 21.806519, 0.0)
(36.454197, 21.817471, 0.0)
(36.464439, 21.812054, 0.0)
(36.454197, 21.817471, 0.0)
(36.458199, 21.805565, 0.0)
(36.461346, 21.816563, 0.0)
(36.461987, 21.802570, 0.0)
(36.460075, 21.785658, 0.0)
(36.465618, 21.777037, 0.0)
(36.465618, 21.777037, 0.0)
(36.453869, 21.782520, 0.0)
(36.445629, 21.774622, 0.0)
(36.519833, 21.797878, 0.0)
(36.497906, 21.727322, 0.0)
(36.492043, 21.742350, 0.0)
(36.504265, 21.686312, 0.0)
(36.494278, 21.663673, 0.0)
(36.504147, 21.670008, 0.0)
(36.505032, 21.705008, 0.0)
(36.505646, 21.711912, 0.0)
(36.482349, 21.673923, 0.0)
(36.483532, 21.652838, 0.0)
(36.502998, 21.672705, 0.0)
(36.498058, 21.675158, 0.0)
(36.499458, 21.706566, 0.0)
(36.492424, 21.712675, 0.0)
(36.508671, 21.733669, 0.0)
(36.493256, 21.754358, 0.0)
(36.500198, 21.756840, 0.0)
(36.496132, 21.712799, 0.0)
(36.498058, 21.675158, 0.0)
(36.502998, 21.661032, 0.0)
(36.598816, 21.961010, 0.0)
(36.600067, 22.013906, 0.0)
(36.574406, 22.007738, 0.0)
(36.588535, 22.007233, 0.0)
(36.580322, 22.017365, 0.0)
(36.582207, 22.002775, 0.0)
(36.428616, 21.711813, 0.0)
(36.413528, 21.633261, 0.0)
(36.395378, 21.630941, 0.0)
(36.399498, 21.639618, 0.0)
(36.406178, 21.659702, 0.0)
(36.399471, 21.660156, 0.0)
(36.417648, 21.639805, 0.0)
(36.352325, 21.624687, 0.0)
(36.346821, 21.514702, 0.0)
(36.358837, 21.528770, 0.0)
(36.361092, 21.545614, 0.0)
(36.357723, 21.600500, 0.0)
(36.366760, 21.553877, 0.0)
(36.376492, 21.565128, 0.0)
(36.381847, 21.580360, 0.0)
(36.373695, 21.573175, 0.0)
(36.369793, 21.583385, 0.0)
(36.398338, 21.575708, 0.0)
(36.423450, 21.604734, 0.0)
(36.455303, 21.638069, 0.0)
(36.439716, 21.639658, 0.0)
(36.439716, 21.639658, 0.0)
(36.416759, 21.630423, 0.0)
(36.430080, 21.634747, 0.0)
(36.414558, 21.628607, 0.0)
(36.422874, 21.614439, 0.0)
(36.412941, 21.594767, 0.0)
(36.438049, 21.601393, 0.0)
(36.476471, 21.580610, 0.0)
(36.446438, 21.610188, 0.0)
(36.454651, 21.599173, 0.0)
(36.448803, 21.593956, 0.0)
(36.446640, 21.560148, 0.0)
(36.446640, 21.560148, 0.0)
(36.443390, 21.576771, 0.0)
(36.459404, 21.608051, 0.0)
(36.456749, 21.587044, 0.0)
(36.456749, 21.587044, 0.0)
(36.456749, 21.587044, 0.0)
(36.450165, 21.595718, 0.0)
(36.449978, 21.565287, 0.0)
(36.453506, 21.570215, 0.0)
(36.447964, 21.608641, 0.0)
(36.450233, 21.640766, 0.0)
(36.422146, 21.673212, 0.0)
(36.482582, 21.739002, 0.0)
(40.338108, 24.210655, 0.0)
(42.269272, 26.188732, 0.0)
(43.286907, 27.443405, 0.0)
(43.330608, 27.633471, 0.0)
(43.339043, 27.568632, 0.0)
(43.356159, 27.603550, 0.0)
(43.362637, 27.581038, 0.0)
(43.624828, 27.714573, 0.0)
(43.691036, 27.779036, 0.0)
(43.700272, 27.709429, 0.0)
(43.685966, 27.651281, 0.0)
(43.697453, 27.626186, 0.0)
(43.691837, 27.611559, 0.0)
(43.687073, 27.609827, 0.0)
(43.684734, 27.617041, 0.0)
(43.678379, 27.600237, 0.0)
(43.674633, 27.595242, 0.0)
(43.672527, 27.577394, 0.0)
(43.659206, 27.529131, 0.0)
(43.654095, 27.547905, 0.0)
(43.645473, 27.546907, 0.0)
(43.633034, 27.539986, 0.0)
(43.635910, 27.548063, 0.0)
(43.628578, 27.509815, 0.0)
(43.616547, 27.463306, 0.0)
(43.625000, 27.479115, 0.0)
(43.617710, 27.446154, 0.0)
(43.599884, 27.491154, 0.0)
(43.593739, 27.509611, 0.0)
(43.581902, 27.470304, 0.0)
(43.582138, 27.448172, 0.0)
(43.570496, 27.426870, 0.0)
(43.561752, 27.423904, 0.0)
(43.557316, 27.443907, 0.0)
(43.550419, 27.435270, 0.0)
(43.554638, 27.423651, 0.0)
(43.061668, 23.824516, 0.0)
(42.942474, 20.437351, 0.0)
(43.328960, 19.569921, 0.0)
(43.299076, 19.674627, 0.0)
(43.232944, 19.858145, 0.0)
(43.218777, 19.887739, 0.0)
(43.203312, 19.912630, 0.0)
(43.215088, 19.859205, 0.0)
(43.319752, 19.891460, 0.0)
(43.317310, 19.897976, 0.0)
(43.309746, 19.875118, 0.0)
(43.283237, 19.840000, 0.0)
(43.277382, 19.810711, 0.0)
(43.252113, 19.840000, 0.0)
(43.257225, 19.846153, 0.0)
(43.226097, 19.851446, 0.0)
(43.217640, 19.866110, 0.0)
(43.176865, 19.843304, 0.0)
(43.199478, 19.870344, 0.0)
(43.195072, 19.876348, 0.0)
(43.182186, 19.881481, 0.0)
(43.165993, 19.884686, 0.0)
(43.160294, 19.888636, 0.0)
(43.146423, 19.880199, 0.0)
(43.124535, 19.888939, 0.0)
(43.081974, 19.860140, 0.0)
(43.064491, 19.852722, 0.0)
(43.059944, 19.815384, 0.0)
(43.043442, 19.838909, 0.0)
(43.031239, 19.837511, 0.0)
(43.018627, 19.831112, 0.0)
(43.020382, 19.839590, 0.0)
(43.039013, 19.866467, 0.0)
(43.008881, 19.809196, 0.0)
(43.002144, 19.792566, 0.0)
(41.685497, 19.486086, 0.0)
(37.344044, 19.157240, 0.0)
(33.966522, 21.478048, 0.0)
(31.537954, 23.996784, 0.0)
(30.141653, 25.868767, 0.0)
(29.913469, 26.017344, 0.0)
(29.865564, 26.014555, 0.0)
(29.810781, 26.011698, 0.0)
(28.692526, 27.555651, 0.0)
(28.469492, 27.680342, 0.0)
(28.398035, 27.671574, 0.0)
(28.374498, 27.688454, 0.0)
(28.349327, 27.647448, 0.0)
(28.294260, 27.624813, 0.0)
(28.261118, 27.629246, 0.0)
(28.232265, 27.588812, 0.0)
(28.227564, 27.593754, 0.0)
(28.445129, 27.348604, 0.0)
(28.443153, 27.380407, 0.0)
(28.423893, 27.395712, 0.0)
(28.426373, 27.354578, 0.0)
(28.434187, 27.306993, 0.0)
(28.166206, 27.277592, 0.0)
(28.144499, 27.219666, 0.0)
(28.156162, 27.205923, 0.0)
(28.153065, 27.262199, 0.0)
(28.147919, 27.276567, 0.0)
(28.165573, 27.278603, 0.0)
(28.147133, 27.275131, 0.0)
(28.149063, 27.225471, 0.0)
(28.134167, 27.167347, 0.0)
(28.143776, 27.156059, 0.0)
(28.224232, 27.145483, 0.0)
(28.227766, 27.142481, 0.0)
(28.221571, 27.135059, 0.0)
(28.222990, 27.129375, 0.0)
(28.206989, 27.118439, 0.0)
(28.195017, 27.090504, 0.0)
(28.081282, 25.320433, 0.0)
(27.615728, 21.554062, 0.0)
(27.573488, 19.911705, 0.0)
(27.593445, 19.724005, 0.0)
(27.563776, 19.866154, 0.0)
(27.463573, 19.965813, 0.0)
(27.606138, 19.499735, 0.0)
(27.588379, 19.469114, 0.0)
(27.522814, 19.467070, 0.0)
(27.537928, 19.492138, 0.0)
(27.548904, 19.528385, 0.0)
(27.540230, 19.508093, 0.0)
(27.515036, 19.492891, 0.0)
(27.505398, 19.496939, 0.0)
(27.512239, 19.503469, 0.0)
(27.502701, 19.520807, 0.0)
(27.512684, 19.545706, 0.0)
(27.514912, 19.542454, 0.0)
(27.522818, 19.532772, 0.0)
(27.524504, 19.549286, 0.0)
(27.533960, 19.549038, 0.0)
(27.521084, 19.545776, 0.0)
(27.512659, 19.520096, 0.0)
(27.556425, 19.520947, 0.0)
(27.543060, 19.540976, 0.0)
(27.531300, 19.567801, 0.0)
(27.545668, 19.585657, 0.0)
(27.522486, 19.575884, 0.0)
(27.553909, 19.581587, 0.0)
(27.520342, 19.524563, 0.0)
(27.544456, 19.489372, 0.0)
(27.538582, 19.447088, 0.0)
(27.538582, 19.447088, 0.0)
(27.535820, 19.475058, 0.0)
(27.535820, 19.475058, 0.0)
(27.538399, 19.458206, 0.0)
(27.537006, 19.450790, 0.0)
(30.227013, 19.115705, 0.0)
(34.735939, 20.030045, 0.0)
(36.294109, 21.989260, 0.0)
(36.360271, 22.130966, 0.0)
(36.343281, 22.077324, 0.0)
(36.347687, 21.988211, 0.0)
(36.373653, 21.982296, 0.0)
(36.530186, 21.888889, 0.0)
(36.613045, 21.751219, 0.0)
(36.609348, 21.683828, 0.0)
(36.624660, 21.667133, 0.0)
(36.650307, 21.633196, 0.0)
(36.654427, 21.627922, 0.0)
(36.645336, 21.608791, 0.0)
(36.641247, 21.654200, 0.0)
(36.633270, 21.615385, 0.0)
(36.627750, 21.602600, 0.0)
(36.613708, 21.583004, 0.0)
(36.605339, 21.579487, 0.0)
(36.613499, 21.524977, 0.0)
(36.602440, 21.509972, 0.0)
(36.597374, 21.563076, 0.0)
(36.568298, 21.586504, 0.0)
(36.548786, 21.598948, 0.0)
(36.548660, 21.565554, 0.0)
(36.552727, 21.537449, 0.0)
(36.564632, 21.544489, 0.0)
(36.569542, 21.561068, 0.0)
(36.562244, 21.589493, 0.0)
(36.552513, 21.589020, 0.0)
(36.555344, 21.571333, 0.0)
(36.561325, 21.578798, 0.0)
(36.562881, 21.557840, 0.0)
(36.675770, 21.612518, 0.0)
(36.694191, 21.631235, 0.0)
(36.683788, 21.636923, 0.0)
(36.673038, 21.632044, 0.0)
(36.668224, 21.636019, 0.0)
(36.663658, 21.646717, 0.0)
(36.659206, 21.648861, 0.0)
(35.286015, 23.043219, 0.0)
(31.231537, 25.874155, 0.0)
(29.341339, 26.938148, 0.0)
(29.159674, 27.012812, 0.0)
(29.138674, 26.984097, 0.0)
(29.123240, 27.021164, 0.0)
(29.097197, 27.030462, 0.0)
(29.076073, 26.968985, 0.0)
(29.081532, 26.950130, 0.0)
(29.882776, 26.940170, 0.0)
(31.686560, 26.940825, 0.0)
(31.773319, 26.970739, 0.0)
(31.784151, 26.953648, 0.0)
(33.022148, 27.097080, 0.0)
(33.088989, 27.043116, 0.0)
(33.164146, 26.986376, 0.0)
(33.307091, 26.896584, 0.0)
(35.196888, 26.672113, 0.0)
(35.473560, 26.724127, 0.0)
(35.600262, 26.690472, 0.0)
(35.782330, 26.728447, 0.0)
(35.964558, 26.695980, 0.0)
(37.454014, 26.808996, 0.0)
(37.703465, 26.832266, 0.0)
(37.819389, 26.764072, 0.0)
(37.933819, 26.742672, 0.0)
(38.082829, 26.739548, 0.0)
(39.120407, 26.933178, 0.0)
(39.460217, 26.857361, 0.0)
(39.543430, 26.797323, 0.0)
(39.642723, 26.758816, 0.0)
(39.740795, 26.731310, 0.0)
(40.581730, 26.960791, 0.0)
(42.061234, 26.813454, 0.0)
(42.135513, 26.749334, 0.0)
(42.148933, 26.744686, 0.0)
(42.213818, 26.751499, 0.0)
(42.244686, 26.745171, 0.0)
(42.267105, 26.716204, 0.0)
(42.319588, 26.703543, 0.0)
(42.350731, 26.695662, 0.0)
(42.395164, 26.708868, 0.0)
(42.798054, 26.827839, 0.0)
(43.096020, 26.891560, 0.0)
(43.124851, 26.878786, 0.0)
(43.161827, 26.863184, 0.0)
(43.172565, 26.804228, 0.0)
(43.205147, 26.739971, 0.0)
(43.209087, 26.687532, 0.0)
(43.211082, 26.663130, 0.0)
(43.523617, 25.780180, 0.0)
(43.512619, 25.696510, 0.0)
(43.478416, 25.652708, 0.0)
(43.458134, 25.554953, 0.0)
(43.384388, 25.590883, 0.0)
(42.529663, 26.122339, 0.0)
(42.382839, 26.170630, 0.0)
(42.305210, 26.167549, 0.0)
(42.213943, 26.095739, 0.0)
(41.419933, 26.313316, 0.0)
(40.873299, 26.330948, 0.0)
(40.759468, 26.327511, 0.0)
(40.676979, 26.320721, 0.0)
(40.503716, 26.274725, 0.0)
(40.340298, 26.252804, 0.0)
(39.141396, 26.128370, 0.0)
(38.927135, 26.117861, 0.0)
(38.810623, 26.107800, 0.0)
(37.057991, 25.881145, 0.0)
(36.758690, 25.775999, 0.0)
(36.604874, 25.772432, 0.0)
(36.449787, 25.758770, 0.0)
(36.340694, 25.720633, 0.0)
(36.218494, 25.735809, 0.0)
(36.140907, 25.760305, 0.0)
(36.046768, 25.751942, 0.0)
(35.912708, 25.751951, 0.0)
(34.791195, 26.048046, 0.0)
(34.419819, 26.065475, 0.0)
(34.303303, 26.018618, 0.0)
(34.191635, 26.055023, 0.0)
(34.083515, 26.051348, 0.0)
(33.875500, 26.127022, 0.0)
(32.560677, 26.148399, 0.0)
(32.367527, 26.138487, 0.0)
(32.279743, 26.117451, 0.0)
(32.193764, 26.081009, 0.0)
(32.120647, 26.104536, 0.0)
(30.590912, 26.125528, 0.0)
(29.280170, 26.116589, 0.0)
(29.114702, 26.126635, 0.0)
(29.045221, 26.117218, 0.0)
(29.017380, 26.106836, 0.0)
(28.981184, 26.123283, 0.0)
(28.933161, 26.076948, 0.0)
(28.898006, 26.036152, 0.0)
(28.871464, 26.074877, 0.0)
(28.550289, 26.312572, 0.0)
(28.165129, 26.418768, 0.0)
(28.136196, 26.408287, 0.0)
(28.112926, 26.351839, 0.0)
(28.131077, 26.300867, 0.0)
(28.152670, 26.281448, 0.0)
(28.134789, 26.282393, 0.0)
(28.018141, 26.017515, 0.0)
(28.041689, 25.916084, 0.0)
(28.122574, 25.853107, 0.0)
(29.345064, 25.892010, 0.0)
(29.409430, 25.844856, 0.0)
(29.498209, 25.752073, 0.0)
(29.643248, 25.689274, 0.0)
(31.107086, 25.479048, 0.0)
(31.298843, 25.543846, 0.0)
(31.452879, 25.480186, 0.0)
(31.673067, 25.453730, 0.0)
(31.902174, 25.394249, 0.0)
(32.062031, 25.372438, 0.0)
(33.542419, 25.531424, 0.0)
(33.795135, 25.445080, 0.0)
(33.994297, 25.421566, 0.0)
(34.264812, 25.443094, 0.0)
(34.527939, 25.425148, 0.0)
(34.729595, 25.412268, 0.0)
(35.361706, 25.435658, 0.0)
(36.686390, 25.401548, 0.0)
(36.947906, 25.461607, 0.0)
(37.080189, 25.483381, 0.0)
(37.282135, 25.488646, 0.0)
(37.505676, 25.500702, 0.0)
(37.670410, 25.520658, 0.0)
(37.824348, 25.476725, 0.0)
(37.989437, 25.460567, 0.0)
(39.286888, 25.722214, 0.0)
(39.715794, 25.724186, 0.0)
(39.895931, 25.711256, 0.0)
(40.018936, 25.766916, 0.0)
(40.157791, 25.735760, 0.0)
(40.543377, 25.880054, 0.0)
(42.667980, 25.873505, 0.0)
(42.734776, 25.835278, 0.0)
(42.769962, 25.833904, 0.0)
(42.788651, 25.830215, 0.0)
(42.790882, 25.874302, 0.0)
(42.827095, 25.862286, 0.0)
(42.870541, 25.843159, 0.0)
(42.915115, 25.856461, 0.0)
(42.926476, 25.840712, 0.0)
(42.947090, 25.844330, 0.0)
(43.499512, 25.840473, 0.0)
(43.521908, 25.747204, 0.0)
(43.513882, 25.739183, 0.0)
(43.536137, 25.773468, 0.0)
(43.539421, 25.762115, 0.0)
(43.545467, 25.736080, 0.0)
(43.541557, 25.732172, 0.0)
(43.506935, 25.706707, 0.0)
(43.698845, 25.482141, 0.0)
(43.804562, 25.421814, 0.0)
(43.748398, 25.306555, 0.0)
(43.734531, 25.291552, 0.0)
(42.821209, 25.697502, 0.0)
(42.579838, 25.584192, 0.0)
(42.476746, 25.546366, 0.0)
(42.344154, 25.514793, 0.0)
(42.159801, 25.517948, 0.0)
(41.035236, 25.399588, 0.0)
(40.857857, 25.396486, 0.0)
(40.757248, 25.423412, 0.0)
(40.610989, 25.413446, 0.0)
(40.362892, 25.420137, 0.0)
(39.271023, 25.454647, 0.0)
(39.010406, 25.367977, 0.0)
(38.868595, 25.309938, 0.0)
(38.696644, 25.313818, 0.0)
(38.456009, 25.302774, 0.0)
(38.185349, 25.269276, 0.0)
(37.323593, 25.178610, 0.0)
(37.136452, 25.149551, 0.0)
(36.978951, 25.158031, 0.0)
(36.736317, 25.154110, 0.0)
(36.603725, 25.120672, 0.0)
(35.140804, 25.084377, 0.0)
(34.869259, 25.087820, 0.0)
(34.713257, 25.050533, 0.0)
(34.553581, 25.070932, 0.0)
(34.360798, 25.074627, 0.0)
(32.869915, 25.459835, 0.0)
(31.423147, 25.370914, 0.0)
(31.201973, 25.368778, 0.0)
(31.090338, 25.403076, 0.0)
(30.977083, 25.408838, 0.0)
(30.890839, 25.417599, 0.0)
(30.452671, 25.580797, 0.0)
(29.124510, 25.640339, 0.0)
(28.912594, 25.704430, 0.0)
(28.885130, 25.724503, 0.0)
(28.852617, 25.721882, 0.0)
(28.809248, 25.727922, 0.0)
(28.782888, 25.741770, 0.0)
(28.762821, 25.762472, 0.0)
(28.755407, 25.757854, 0.0)
(28.740683, 25.770260, 0.0)
(28.740683, 25.770260, 0.0)
(28.592598, 25.671480, 0.0)
(28.122675, 25.413948, 0.0)
(28.090473, 25.383112, 0.0)
(28.102140, 25.401285, 0.0)
(28.102140, 25.401285, 0.0)
(28.110062, 25.379673, 0.0)
(27.863373, 25.234318, 0.0)
(27.848961, 25.163103, 0.0)
(27.905842, 25.094076, 0.0)
(27.969801, 25.017384, 0.0)
(29.145760, 25.046970, 0.0)
(29.404821, 24.982294, 0.0)
(29.553352, 24.856037, 0.0)
(29.740271, 24.761253, 0.0)
(29.977518, 24.668476, 0.0)
(31.667933, 24.657972, 0.0)
(31.852858, 24.669292, 0.0)
(31.994413, 24.691696, 0.0)
(32.221367, 24.634838, 0.0)
(32.470619, 24.607456, 0.0)
(32.712780, 24.557909, 0.0)
(33.033073, 24.483110, 0.0)
(34.801365, 24.646784, 0.0)
(35.289101, 24.546240, 0.0)
(35.490429, 24.552647, 0.0)
(35.690022, 24.539520, 0.0)
(35.945225, 24.597713, 0.0)
(36.171722, 24.613768, 0.0)
(36.481663, 24.607275, 0.0)
(38.368610, 24.840778, 0.0)
(38.608749, 24.827482, 0.0)
(38.797523, 24.803698, 0.0)
(38.955692, 24.821016, 0.0)
(39.073280, 24.848175, 0.0)
(39.205082, 24.888538, 0.0)
(39.330063, 24.893085, 0.0)
(39.489433, 24.981178, 0.0)
(39.492020, 24.867050, 0.0)
(39.638748, 24.893002, 0.0)
(39.722801, 24.869303, 0.0)
(39.901798, 24.883204, 0.0)
(41.990807, 25.278269, 0.0)
(42.457005, 25.353846, 0.0)
(42.591896, 25.363314, 0.0)
(42.635220, 25.391125, 0.0)
(42.631908, 25.362658, 0.0)
(42.629230, 25.320330, 0.0)
(42.672157, 25.370144, 0.0)
(42.693722, 25.345320, 0.0)
(42.733124, 25.328882, 0.0)
(42.804878, 25.313803, 0.0)
(43.313072, 25.551136, 0.0)
(43.344135, 25.567341, 0.0)
(43.357498, 25.582418, 0.0)
(43.406998, 25.575027, 0.0)
(43.401989, 25.544189, 0.0)
(43.451473, 25.451946, 0.0)
(43.426044, 25.206636, 0.0)
(43.365845, 25.162659, 0.0)
(43.339260, 25.157396, 0.0)
(43.308842, 25.155277, 0.0)
(43.277939, 25.078318, 0.0)
(43.057465, 25.098040, 0.0)
(42.290127, 24.955593, 0.0)
(42.101048, 24.792292, 0.0)
(42.068687, 24.741932, 0.0)
(41.972763, 24.697784, 0.0)
(41.914845, 24.679804, 0.0)
(40.918079, 24.658314, 0.0)
(40.847603, 24.703674, 0.0)
(40.771328, 24.669538, 0.0)
(40.623493, 24.656656, 0.0)
(39.774643, 24.686434, 0.0)
(39.372063, 24.581171, 0.0)
(39.218376, 24.572515, 0.0)
(39.044659, 24.495499, 0.0)
(38.824627, 24.473858, 0.0)
(38.689850, 24.477074, 0.0)
(37.621048, 24.361219, 0.0)
(37.311413, 24.321030, 0.0)
(37.167362, 24.263327, 0.0)
(36.938049, 24.195923, 0.0)
(36.717670, 24.233822, 0.0)
(36.500965, 24.242775, 0.0)
(35.411125, 24.233530, 0.0)
(35.171375, 24.214296, 0.0)
(35.035805, 24.181860, 0.0)
(34.829296, 24.134602, 0.0)
(34.668667, 24.090664, 0.0)
(34.570217, 24.082285, 0.0)
(33.705204, 24.272398, 0.0)
(32.059635, 24.103119, 0.0)
(31.765924, 24.173683, 0.0)
(31.666977, 24.126055, 0.0)
(31.570292, 24.155293, 0.0)
(31.489525, 24.213552, 0.0)
(29.915730, 24.534206, 0.0)
(29.027370, 24.501299, 0.0)
(28.901318, 24.520582, 0.0)
(28.840643, 24.548765, 0.0)
(28.817827, 24.574730, 0.0)
(28.769001, 24.599430, 0.0)
(28.758909, 24.589563, 0.0)
(28.564383, 24.701538, 0.0)
(27.873232, 24.617809, 0.0)
(27.767183, 24.659863, 0.0)
(27.777414, 24.690701, 0.0)
(27.780260, 24.695799, 0.0)
(27.763882, 24.701166, 0.0)
(27.771355, 24.653303, 0.0)
(27.792740, 24.602097, 0.0)
(27.828665, 24.548481, 0.0)
(27.870073, 24.486059, 0.0)
(27.952261, 24.434750, 0.0)
(27.986853, 24.421719, 0.0)
(28.510937, 24.275717, 0.0)
(29.406200, 24.152727, 0.0)
(29.598259, 24.011238, 0.0)
(29.739872, 23.958796, 0.0)
(29.897905, 23.904274, 0.0)
(30.123064, 23.856144, 0.0)
(31.084124, 23.936668, 0.0)
(31.391771, 23.978281, 0.0)
(31.614019, 23.913443, 0.0)
(31.893597, 23.847385, 0.0)
(32.151436, 23.796125, 0.0)
(33.329285, 23.890366, 0.0)
(33.584183, 23.863119, 0.0)
(33.813213, 23.825994, 0.0)
(34.088383, 23.804525, 0.0)
(34.303699, 23.787540, 0.0)
(35.568230, 23.885584, 0.0)
(36.060677, 23.821526, 0.0)
(36.273193, 23.751915, 0.0)
(36.514381, 23.725370, 0.0)
(36.672108, 23.767025, 0.0)
(37.691586, 23.929152, 0.0)
(40.499153, 24.101601, 0.0)
(40.784866, 24.159441, 0.0)
(40.864792, 24.180422, 0.0)
(40.915195, 24.205675, 0.0)
(41.024944, 24.266394, 0.0)
(43.145023, 24.895042, 0.0)
(43.317673, 24.909328, 0.0)
(43.309311, 24.898855, 0.0)
(43.316959, 24.926136, 0.0)
(43.290615, 24.888889, 0.0)
(43.298138, 24.861538, 0.0)
(43.316063, 24.824095, 0.0)
(42.575031, 24.511347, 0.0)
(41.605770, 24.077112, 0.0)
(41.567802, 24.059868, 0.0)
(41.580151, 24.052233, 0.0)
(41.621624, 24.043999, 0.0)
(41.642895, 24.038664, 0.0)
(41.832554, 24.088604, 0.0)
(43.142933, 24.596504, 0.0)
(43.222889, 24.650642, 0.0)
(43.171242, 24.627523, 0.0)
(43.208344, 24.638796, 0.0)
(43.210880, 24.605890, 0.0)
(43.226322, 24.589010, 0.0)
(43.203964, 24.573324, 0.0)
(43.185249, 24.570059, 0.0)
(43.038849, 24.234465, 0.0)
(43.432976, 23.942427, 0.0)
(43.569660, 23.876923, 0.0)
(43.468208, 23.870701, 0.0)
(43.431847, 23.814508, 0.0)
(42.692883, 24.016476, 0.0)
(42.563622, 24.005732, 0.0)
(42.500973, 23.971802, 0.0)
(42.294178, 23.866074, 0.0)
(42.203499, 23.838196, 0.0)
(40.997246, 23.814087, 0.0)
(40.755844, 23.701565, 0.0)
(40.645008, 23.683319, 0.0)
(40.474041, 23.636951, 0.0)
(40.305733, 23.620445, 0.0)
(40.204586, 23.606966, 0.0)
(39.229706, 23.453991, 0.0)
(39.114365, 23.443350, 0.0)
(38.982555, 23.410408, 0.0)
(38.808720, 23.403811, 0.0)
(37.635590, 23.389593, 0.0)
(37.404411, 23.374359, 0.0)
(37.304482, 23.306320, 0.0)
(37.201233, 23.324802, 0.0)
(37.097786, 23.274584, 0.0)
(35.848110, 23.281746, 0.0)
(35.187012, 23.280394, 0.0)
(35.024357, 23.217882, 0.0)
(34.911301, 23.196287, 0.0)
(34.808704, 23.217167, 0.0)
(33.321716, 23.238255, 0.0)
(33.062801, 23.251108, 0.0)
(32.971577, 23.257717, 0.0)
(32.836899, 23.202261, 0.0)
(32.742500, 23.230955, 0.0)
(31.816097, 23.547770, 0.0)
(31.231224, 23.558096, 0.0)
(31.099575, 23.577824, 0.0)
(30.960384, 23.587610, 0.0)
(30.891590, 23.577011, 0.0)
(29.685402, 23.780777, 0.0)
(29.474121, 23.849688, 0.0)
(29.415499, 23.809126, 0.0)
(29.359852, 23.817471, 0.0)
(29.315760, 23.816299, 0.0)
(29.247379, 23.848240, 0.0)
(28.322824, 24.089087, 0.0)
(28.177807, 24.147421, 0.0)
(28.172743, 24.130735, 0.0)
(28.163593, 24.117619, 0.0)
(28.179714, 24.105688, 0.0)
(28.199352, 24.114422, 0.0)
(28.192078, 24.090576, 0.0)
(30.785414, 22.672840, 0.0)
(34.609909, 21.748806, 0.0)
(34.727470, 21.920834, 0.0)
(34.745560, 21.921228, 0.0)
(34.768974, 21.900743, 0.0)
(33.527737, 22.281515, 0.0)
(29.985237, 23.339645, 0.0)
(30.080734, 23.265608, 0.0)
(30.385334, 23.102657, 0.0)
(30.647444, 22.930252, 0.0)
(30.882288, 22.862732, 0.0)
(31.093431, 22.830067, 0.0)
(31.380400, 22.781096, 0.0)
(31.639517, 22.724476, 0.0)
(32.232227, 22.762043, 0.0)
(33.138462, 22.960197, 0.0)
(33.459396, 22.909952, 0.0)
(33.707603, 22.849747, 0.0)
(33.998936, 22.836443, 0.0)
(34.237240, 22.826002, 0.0)
(34.545898, 22.825851, 0.0)
(34.798172, 22.789457, 0.0)
(36.123245, 22.918104, 0.0)
(36.359364, 22.844234, 0.0)
(36.525810, 22.767639, 0.0)
(36.729050, 22.779222, 0.0)
(36.906975, 22.716354, 0.0)
(37.108910, 22.771790, 0.0)
(38.170902, 22.993635, 0.0)
(38.364807, 22.953722, 0.0)
(38.535770, 22.944628, 0.0)
(38.754673, 22.991880, 0.0)
(38.878567, 22.952074, 0.0)
(40.569817, 23.317991, 0.0)
(40.994072, 23.414404, 0.0)
(41.115360, 23.464563, 0.0)
(41.228184, 23.474077, 0.0)
(41.321194, 23.484650, 0.0)
(41.440285, 23.470039, 0.0)
(41.530880, 23.487696, 0.0)
(41.643875, 23.534025, 0.0)
(42.441498, 23.743298, 0.0)
(42.670670, 23.720280, 0.0)
(42.723976, 23.704679, 0.0)
(42.773090, 23.700163, 0.0)
(42.842422, 23.672241, 0.0)
(42.871906, 23.667488, 0.0)
(42.905960, 23.680279, 0.0)
(42.901798, 23.694046, 0.0)
(42.905411, 23.688810, 0.0)
(42.915409, 23.663120, 0.0)
(42.742435, 23.569063, 0.0)
(42.582321, 23.092512, 0.0)
(42.557358, 23.044628, 0.0)
(42.540493, 23.050913, 0.0)
(42.522907, 23.032785, 0.0)
(42.523216, 23.010088, 0.0)
(42.490227, 23.011208, 0.0)
(42.479618, 22.984137, 0.0)
(42.372787, 22.923849, 0.0)
(41.584530, 22.733833, 0.0)
(41.407227, 22.738533, 0.0)
(41.245956, 22.691118, 0.0)
(41.080513, 22.625313, 0.0)
(40.890148, 22.567209, 0.0)
(40.330719, 22.344505, 0.0)
(39.988888, 22.329590, 0.0)
(39.861485, 22.235708, 0.0)
(39.189709, 22.108385, 0.0)
(38.584972, 22.015207, 0.0)
(38.440437, 22.049660, 0.0)
(38.283424, 22.021610, 0.0)
(38.128986, 22.000622, 0.0)
(38.018032, 22.011044, 0.0)
(36.727722, 21.996738, 0.0)
(36.493160, 22.046349, 0.0)
(36.401119, 22.072325, 0.0)
(36.196026, 22.005331, 0.0)
(36.017635, 22.035984, 0.0)
(34.549191, 22.149900, 0.0)
(34.219276, 22.127167, 0.0)
(34.092461, 22.129381, 0.0)
(33.921875, 22.140705, 0.0)
(33.821743, 22.162283, 0.0)
(33.709190, 22.137627, 0.0)
(32.322987, 22.428402, 0.0)
(32.080902, 22.458811, 0.0)
(31.930635, 22.418648, 0.0)
(31.788952, 22.345865, 0.0)
(31.644476, 22.297981, 0.0)
(30.807096, 22.471815, 0.0)
(30.098572, 22.398994, 0.0)
(30.019106, 22.436049, 0.0)
(29.984913, 22.481878, 0.0)
(29.918360, 22.538019, 0.0)
(29.855736, 22.560631, 0.0)
(29.836750, 22.556192, 0.0)
(29.059956, 22.845394, 0.0)
(28.292786, 22.811529, 0.0)
(28.142206, 22.877060, 0.0)
(28.137249, 22.862421, 0.0)
(28.123331, 22.867962, 0.0)
(28.114798, 22.872379, 0.0)
(27.335888, 23.212465, 0.0)
(27.109076, 23.328671, 0.0)
(27.107178, 23.336123, 0.0)
(27.122810, 23.346987, 0.0)
(27.187254, 23.318939, 0.0)
(27.961273, 22.872942, 0.0)
(28.049435, 22.816093, 0.0)
(28.153917, 22.692501, 0.0)
(28.335562, 22.593178, 0.0)
(28.553104, 22.472240, 0.0)
(28.990679, 22.324053, 0.0)
(30.476618, 22.086996, 0.0)
(30.768774, 21.986176, 0.0)
(30.993229, 21.926279, 0.0)
(31.289518, 21.845287, 0.0)
(31.568651, 21.795080, 0.0)
(32.971931, 21.632435, 0.0)
(33.329502, 21.609459, 0.0)
(33.568676, 21.616419, 0.0)
(33.759933, 21.584808, 0.0)
(33.924553, 21.541300, 0.0)
(34.153271, 21.485857, 0.0)
(34.445389, 21.441484, 0.0)
(36.426548, 21.500795, 0.0)
(36.635887, 21.496902, 0.0)
(36.788338, 21.534716, 0.0)
(36.997429, 21.548340, 0.0)
(37.218971, 21.576311, 0.0)
(37.393982, 21.566080, 0.0)
(37.577122, 21.527666, 0.0)
(38.204681, 21.667503, 0.0)
(40.092915, 21.973789, 0.0)
(40.268433, 22.101650, 0.0)
(40.389084, 22.153275, 0.0)
(40.495266, 22.223412, 0.0)
(40.547867, 22.199560, 0.0)
(42.540417, 22.978918, 0.0)
(42.711819, 23.099697, 0.0)
(42.746128, 23.115425, 0.0)
(42.771317, 23.153763, 0.0)
(42.772434, 23.116447, 0.0)
(42.877762, 23.104389, 0.0)
(42.917427, 23.157713, 0.0)
(42.934757, 23.142542, 0.0)
(42.987591, 23.196421, 0.0)
(43.041508, 23.230854, 0.0)
(43.082893, 23.218241, 0.0)
(43.157417, 23.245195, 0.0)
(43.223507, 23.285898, 0.0)
(43.245762, 23.270170, 0.0)
(43.299259, 23.247648, 0.0)
(43.354191, 23.239397, 0.0)
(43.400681, 23.252422, 0.0)
(43.393623, 22.977667, 0.0)
(43.377754, 22.609636, 0.0)
(43.333500, 22.531103, 0.0)
(43.311157, 22.504831, 0.0)
(43.267197, 22.492058, 0.0)
(43.198059, 22.434206, 0.0)
(43.106651, 22.421618, 0.0)
(42.864727, 22.390373, 0.0)
(42.099895, 22.146904, 0.0)
(41.992592, 22.152004, 0.0)
(41.869015, 22.049889, 0.0)
(41.663525, 21.978777, 0.0)
(41.483658, 21.927822, 0.0)
(40.523453, 21.721083, 0.0)
(40.247288, 21.701546, 0.0)
(40.119408, 21.671932, 0.0)
(39.988518, 21.685217, 0.0)
(39.839836, 21.640890, 0.0)
(39.633694, 21.561417, 0.0)
(39.302486, 21.537889, 0.0)
(38.251938, 21.300999, 0.0)
(38.082977, 21.283617, 0.0)
(37.942303, 21.289497, 0.0)
(37.851425, 21.298006, 0.0)
(37.651989, 21.231920, 0.0)
(36.270729, 21.209511, 0.0)
(36.085033, 21.135059, 0.0)
(35.958122, 21.114721, 0.0)
(35.850410, 21.134312, 0.0)
(35.725487, 21.163637, 0.0)
(34.481251, 21.264074, 0.0)
(34.033833, 21.285234, 0.0)
(33.911091, 21.298698, 0.0)
(33.775307, 21.261608, 0.0)
(33.661446, 21.247080, 0.0)
(32.676605, 21.463718, 0.0)
(32.055416, 21.417875, 0.0)
(31.886343, 21.447020, 0.0)
(31.722166, 21.501789, 0.0)
(31.620283, 21.532959, 0.0)
(31.472475, 21.572664, 0.0)
(29.457561, 21.959627, 0.0)
(29.193783, 21.955830, 0.0)
(29.134853, 21.988241, 0.0)
(29.091963, 22.061895, 0.0)
(29.044804, 22.066017, 0.0)
(27.837521, 22.210222, 0.0)
(27.371922, 22.102705, 0.0)
(27.353340, 22.126308, 0.0)
(27.338474, 22.183701, 0.0)
(27.361593, 22.202848, 0.0)
(27.346668, 22.183798, 0.0)
(27.358982, 22.191883, 0.0)
(27.370865, 22.189934, 0.0)
(27.388081, 22.168169, 0.0)
(27.445478, 22.083963, 0.0)
(27.496052, 22.014963, 0.0)
(27.532385, 21.984068, 0.0)
(27.656757, 21.930754, 0.0)
(27.710396, 21.904198, 0.0)
(29.110142, 21.577415, 0.0)
(29.285404, 21.439423, 0.0)
(29.464981, 21.324722, 0.0)
(29.669659, 21.182934, 0.0)
(29.939842, 21.111254, 0.0)
(30.111042, 21.083149, 0.0)
(32.267891, 20.802904, 0.0)
(32.516304, 20.802568, 0.0)
(32.673225, 20.775385, 0.0)
(32.848690, 20.753057, 0.0)
(32.986153, 20.743620, 0.0)
(33.199284, 20.737158, 0.0)
(33.349712, 20.728846, 0.0)
(33.633732, 20.744745, 0.0)
(35.081852, 20.743330, 0.0)
(35.352242, 20.742788, 0.0)
(36.562370, 20.872458, 0.0)
(37.458153, 20.915573, 0.0)
(37.609547, 20.911663, 0.0)
(37.712673, 20.950094, 0.0)
(37.784241, 20.964018, 0.0)
(37.915710, 20.999161, 0.0)
(37.981113, 20.985882, 0.0)
(38.056076, 20.985382, 0.0)
(38.185326, 20.973116, 0.0)
(38.269062, 20.936865, 0.0)
(38.442715, 20.992609, 0.0)
(38.569702, 21.003443, 0.0)
(40.002289, 21.419619, 0.0)
(40.196838, 21.445337, 0.0)
(40.303101, 21.436085, 0.0)
(40.422714, 21.446785, 0.0)
(40.579094, 21.475794, 0.0)
(40.708004, 21.480833, 0.0)
(41.686817, 21.801313, 0.0)
(41.876595, 21.797018, 0.0)
(41.943203, 21.849499, 0.0)
(42.016258, 21.842745, 0.0)
(42.060482, 21.850040, 0.0)
(42.147831, 21.867104, 0.0)
(43.151344, 22.200222, 0.0)
(43.275040, 22.325676, 0.0)
(43.274479, 22.341719, 0.0)
(43.265621, 22.366215, 0.0)
(43.279137, 22.394545, 0.0)
(43.254704, 22.362684, 0.0)
(43.252243, 22.280914, 0.0)
(43.219574, 22.286596, 0.0)
(43.003727, 21.701880, 0.0)
(42.952564, 21.555651, 0.0)
(42.874382, 21.557966, 0.0)
(42.814812, 21.487234, 0.0)
(42.767239, 21.488693, 0.0)
(41.794525, 21.294743, 0.0)
(41.220097, 21.286283, 0.0)
(41.110970, 21.246119, 0.0)
(41.009476, 21.180952, 0.0)
(40.895351, 21.182596, 0.0)
(40.804871, 21.179098, 0.0)
(40.670265, 21.157768, 0.0)
(40.584438, 21.181059, 0.0)
(39.976574, 21.092783, 0.0)
(38.632252, 20.679575, 0.0)
(38.435486, 20.701750, 0.0)
(38.349316, 20.685057, 0.0)
(38.249866, 20.670544, 0.0)
(38.228840, 20.684984, 0.0)
(38.194748, 20.666382, 0.0)
(36.818253, 20.554596, 0.0)
(36.430588, 20.502901, 0.0)
(36.357979, 20.445871, 0.0)
(36.293945, 20.458120, 0.0)
(36.237553, 20.514143, 0.0)
(36.164642, 20.494165, 0.0)
(34.588112, 20.556067, 0.0)
(34.419540, 20.546898, 0.0)
(34.159481, 20.567686, 0.0)
(33.229492, 20.616720, 0.0)
(33.067314, 20.597519, 0.0)
(32.951908, 20.612709, 0.0)
(32.855083, 20.606800, 0.0)
(32.797733, 20.608765, 0.0)
(32.732529, 20.627985, 0.0)
(31.624981, 20.871916, 0.0)
(31.104956, 20.943630, 0.0)
(30.999977, 20.941219, 0.0)
(30.873896, 20.961969, 0.0)
(30.831043, 20.980076, 0.0)
(30.702177, 21.026773, 0.0)
(28.461475, 21.368397, 0.0)
(28.085054, 21.375824, 0.0)
(28.031013, 21.358290, 0.0)
(27.997387, 21.416990, 0.0)
(27.977182, 21.462784, 0.0)
(27.984001, 21.437811, 0.0)
(27.977182, 21.462784, 0.0)
(27.982859, 21.429708, 0.0)
(27.991108, 21.418015, 0.0)
(27.999115, 21.409624, 0.0)
(28.005793, 21.405020, 0.0)
(28.049139, 21.362818, 0.0)
(28.095181, 21.313198, 0.0)
(28.151091, 21.267189, 0.0)
(28.183004, 21.232016, 0.0)
(28.320068, 21.159933, 0.0)
(28.455275, 21.099463, 0.0)
(28.611879, 20.959206, 0.0)
(28.821762, 20.903288, 0.0)
(30.016872, 20.620832, 0.0)
(30.736731, 20.444288, 0.0)
(31.015676, 20.363134, 0.0)
(31.266979, 20.234850, 0.0)
(31.467686, 20.147137, 0.0)
(31.771404, 20.116806, 0.0)
(32.054546, 20.112026, 0.0)
(32.333538, 20.076464, 0.0)
(32.591606, 20.027157, 0.0)
(34.408287, 19.987206, 0.0)
(34.730492, 19.997118, 0.0)
(34.949642, 20.011396, 0.0)
(35.152485, 20.047132, 0.0)
(35.372627, 20.021345, 0.0)
(35.556644, 20.018675, 0.0)
(35.832253, 20.052422, 0.0)
(37.739010, 20.311710, 0.0)
(39.062714, 20.403772, 0.0)
(39.271030, 20.495741, 0.0)
(39.352798, 20.532188, 0.0)
(39.454102, 20.533506, 0.0)
(39.558025, 20.592190, 0.0)
(39.706596, 20.647215, 0.0)
(41.465961, 21.161648, 0.0)
(42.359848, 21.345707, 0.0)
(42.485363, 21.390770, 0.0)
(42.554562, 21.421488, 0.0)
(42.596424, 21.453781, 0.0)
(42.614216, 21.456987, 0.0)
(42.689152, 21.491404, 0.0)
(42.728874, 21.479311, 0.0)
(42.726135, 21.483114, 0.0)
(42.767151, 21.500786, 0.0)
(42.782185, 21.527601, 0.0)
(42.805752, 21.567083, 0.0)
(42.834694, 21.586227, 0.0)
(42.875683, 21.593658, 0.0)
(43.257618, 21.874962, 0.0)
(43.486553, 21.977537, 0.0)
(43.503078, 21.962841, 0.0)
(43.513702, 21.996174, 0.0)
(43.510090, 21.998590, 0.0)
(43.507202, 22.002827, 0.0)
(43.511585, 21.991955, 0.0)
(43.420971, 21.771381, 0.0)
(43.409100, 21.456072, 0.0)
(43.412312, 21.404564, 0.0)
(43.365101, 21.360224, 0.0)
(43.331669, 21.339962, 0.0)
(43.293026, 21.368074, 0.0)
(43.247566, 21.322483, 0.0)
(42.159424, 20.966904, 0.0)
(42.008423, 20.889061, 0.0)
(41.965782, 20.912615, 0.0)
(41.810204, 20.865124, 0.0)
(41.690895, 20.823206, 0.0)
(40.735241, 20.585556, 0.0)
(40.561157, 20.575533, 0.0)
(40.337059, 20.475777, 0.0)
(40.216217, 20.459599, 0.0)
(39.957886, 20.429121, 0.0)
(38.319786, 19.755411, 0.0)
(38.010792, 19.693840, 0.0)
(37.908951, 19.677797, 0.0)
(37.843494, 19.682249, 0.0)
(37.738117, 19.682163, 0.0)
(37.608440, 19.694515, 0.0)
(37.500916, 19.702265, 0.0)
(36.308857, 19.520861, 0.0)
(36.096767, 19.618301, 0.0)
(36.017277, 19.617535, 0.0)
(35.936554, 19.609545, 0.0)
(35.884003, 19.575735, 0.0)
(34.497868, 19.673645, 0.0)
(34.055756, 19.633106, 0.0)
(33.946411, 19.612215, 0.0)
(33.846878, 19.618515, 0.0)
(33.784184, 19.621111, 0.0)
(33.687809, 19.614460, 0.0)
(32.235859, 19.873966, 0.0)
(32.061119, 19.875980, 0.0)
(32.031494, 19.882229, 0.0)
(31.961498, 19.863981, 0.0)
(31.894806, 19.896309, 0.0)
(31.043999, 20.164398, 0.0)
(30.446003, 20.217720, 0.0)
(30.338415, 20.216631, 0.0)
(30.222898, 20.227261, 0.0)
(30.193409, 20.184078, 0.0)
(30.151493, 20.177139, 0.0)
(30.121614, 20.184616, 0.0)
(28.049692, 20.965839, 0.0)
(27.810181, 21.042078, 0.0)
(27.773493, 21.003132, 0.0)
(27.774744, 21.007994, 0.0)
(27.766397, 21.019915, 0.0)
(27.757378, 21.032181, 0.0)
(27.738474, 21.045889, 0.0)
(27.760542, 21.020468, 0.0)
(27.503717, 20.903320, 0.0)
(27.462391, 20.841915, 0.0)
(27.536188, 20.807364, 0.0)
(27.636858, 20.783451, 0.0)
(27.777868, 20.689989, 0.0)
(28.992273, 20.297087, 0.0)
(29.237513, 20.270016, 0.0)
(29.441422, 20.208778, 0.0)
(29.678015, 20.119865, 0.0)
(29.941175, 20.009638, 0.0)
(31.073744, 19.774359, 0.0)
(31.287001, 19.649374, 0.0)
(31.551619, 19.529177, 0.0)
(31.892254, 19.465239, 0.0)
(32.142456, 19.465509, 0.0)
(32.471638, 19.435429, 0.0)
(32.708073, 19.378736, 0.0)
(33.335361, 19.320377, 0.0)
(34.265163, 19.257788, 0.0)
(34.587940, 19.233591, 0.0)
(34.880203, 19.249119, 0.0)
(35.113682, 19.238176, 0.0)
(35.369209, 19.235815, 0.0)
(35.628788, 19.231136, 0.0)
(35.802673, 19.226311, 0.0)
(37.110580, 19.348679, 0.0)
(37.452984, 19.327951, 0.0)
(37.605831, 19.327406, 0.0)
(37.846035, 19.362209, 0.0)
(38.000031, 19.384771, 0.0)
(38.131344, 19.411705, 0.0)
(40.402756, 19.860907, 0.0)
(40.645390, 19.895653, 0.0)
(40.685165, 19.860170, 0.0)
(40.731129, 19.861006, 0.0)
(40.799198, 19.901047, 0.0)
(40.860115, 19.933928, 0.0)
(40.926804, 19.955303, 0.0)
(41.396339, 20.164049, 0.0)
(42.815540, 20.771177, 0.0)
(42.894398, 20.862871, 0.0)
(42.886059, 20.836243, 0.0)
(42.893559, 20.851782, 0.0)
(42.918400, 20.858896, 0.0)
(42.976715, 20.903542, 0.0)
(43.022705, 20.918251, 0.0)
(43.029804, 20.910290, 0.0)
(43.046951, 20.915136, 0.0)
(43.046520, 20.906456, 0.0)
(43.045670, 20.903416, 0.0)
(43.035435, 20.898071, 0.0)
(43.030949, 20.898930, 0.0)
(42.971382, 20.847281, 0.0)
(42.417721, 20.166830, 0.0)
(42.419857, 20.096964, 0.0)
(42.373070, 20.028959, 0.0)
(42.352364, 20.026581, 0.0)
(42.290176, 20.027048, 0.0)
(42.210068, 20.000750, 0.0)
(42.134411, 19.934013, 0.0)
(42.050831, 19.902456, 0.0)
(40.771271, 19.567318, 0.0)
(40.589901, 19.539927, 0.0)
(40.191578, 19.434645, 0.0)
(39.469810, 19.395582, 0.0)
(39.303154, 19.424219, 0.0)
(39.164608, 19.386780, 0.0)
(38.837551, 19.273361, 0.0)
(37.658218, 18.980814, 0.0)
(36.735554, 19.827642, 0.0)
(36.739883, 19.248352, 0.0)
(36.609116, 18.666185, 0.0)
(36.488232, 18.627165, 0.0)
(36.348942, 18.737616, 0.0)
(36.208416, 18.814493, 0.0)
(36.035885, 18.773407, 0.0)
(35.936543, 18.752693, 0.0)
(35.818966, 18.781324, 0.0)
(35.091934, 18.789404, 0.0)
(34.785706, 18.783392, 0.0)
(34.682487, 18.758434, 0.0)
(34.520126, 18.743423, 0.0)
(34.426857, 18.718344, 0.0)
(32.858513, 18.911749, 0.0)
(32.712345, 18.964840, 0.0)
(32.594379, 18.938026, 0.0)
(32.514404, 18.920723, 0.0)
(32.435196, 18.893124, 0.0)
(31.694775, 19.129757, 0.0)
(31.042503, 19.229589, 0.0)
(30.913118, 19.254215, 0.0)
(30.851871, 19.236675, 0.0)
(30.792702, 19.259125, 0.0)
(29.636843, 19.709049, 0.0)
(29.337822, 19.833769, 0.0)
(29.231039, 19.833410, 0.0)
(29.124754, 19.823174, 0.0)
(29.117146, 19.788790, 0.0)
(29.085678, 19.804749, 0.0)
(29.091202, 19.745712, 0.0)
(29.080954, 19.786606, 0.0)
(28.611706, 20.062733, 0.0)
(28.013647, 20.228443, 0.0)
(27.931084, 20.216204, 0.0)
(27.927502, 20.205477, 0.0)
(27.936487, 20.179825, 0.0)
(27.962215, 20.155197, 0.0)
(27.996895, 20.132568, 0.0)
(28.101448, 20.086761, 0.0)
(28.881916, 19.574474, 0.0)
(29.089115, 19.484024, 0.0)
(29.316105, 19.374962, 0.0)
(29.535936, 19.284412, 0.0)
(32.524288, 18.447411, 0.0)
(33.082207, 18.424782, 0.0)
(33.316154, 18.433115, 0.0)
(33.396015, 18.404490, 0.0)
(33.507515, 18.372173, 0.0)
(33.595325, 18.307224, 0.0)
(33.766201, 18.210939, 0.0)
(33.883995, 18.150608, 0.0)
(34.073376, 18.146914, 0.0)
(34.295715, 18.182602, 0.0)
(34.593906, 18.145956, 0.0)
(34.027653, 18.315950, 0.0)
(34.289127, 18.266811, 0.0)
(34.750786, 18.252308, 0.0)
(35.123013, 18.208828, 0.0)
(35.453091, 18.223133, 0.0)
(35.736149, 18.194773, 0.0)
(36.954067, 18.394297, 0.0)
(37.607323, 18.391029, 0.0)
(37.891903, 18.418398, 0.0)
(38.097248, 18.474461, 0.0)
(39.145000, 18.780359, 0.0)
(40.141926, 18.924053, 0.0)
(40.413513, 18.932503, 0.0)
(40.514671, 18.974178, 0.0)
(40.571411, 18.979757, 0.0)
(41.649326, 19.331593, 0.0)
(42.041370, 19.487179, 0.0)
(42.110023, 19.486795, 0.0)
(42.113514, 19.535238, 0.0)
(42.119217, 19.541794, 0.0)
(42.120815, 19.535807, 0.0)
(42.146652, 19.504210, 0.0)
(43.108990, 20.112375, 0.0)
(43.423077, 20.302195, 0.0)
(43.442501, 20.320625, 0.0)
(43.433563, 20.320454, 0.0)
(43.421967, 20.370085, 0.0)
(43.445324, 20.370710, 0.0)
(43.444443, 20.408546, 0.0)
(43.464409, 20.417282, 0.0)
(43.434521, 20.368174, 0.0)
(43.456493, 20.366770, 0.0)
(43.422112, 20.351564, 0.0)
(43.372719, 20.334066, 0.0)
(43.339874, 20.363419, 0.0)
(43.332760, 20.363276, 0.0)
(43.042213, 19.936970, 0.0)
(42.926830, 19.799625, 0.0)
(42.921780, 19.792425, 0.0)
(42.298134, 19.620571, 0.0)
(41.998260, 19.605173, 0.0)
(41.899479, 19.571756, 0.0)
(41.773182, 19.524607, 0.0)
(41.622726, 19.432089, 0.0)
(40.987045, 19.310997, 0.0)
(40.267113, 19.068380, 0.0)
(40.059849, 19.043468, 0.0)
(39.885872, 18.949602, 0.0)
(39.688190, 18.892307, 0.0)
(38.568344, 18.738668, 0.0)
(37.951694, 18.515934, 0.0)
(37.783127, 18.469213, 0.0)
(37.581699, 18.421532, 0.0)
(37.471523, 18.385225, 0.0)
(37.285889, 18.381233, 0.0)
(37.169338, 18.378096, 0.0)
(35.564476, 18.267973, 0.0)
(35.359108, 18.202429, 0.0)
(35.250584, 18.121473, 0.0)
(35.148903, 18.079737, 0.0)
(35.084911, 18.052065, 0.0)
(35.038303, 18.042841, 0.0)
(34.954315, 18.043945, 0.0)
(33.609997, 18.165161, 0.0)
(32.838005, 18.200382, 0.0)
(32.775536, 18.191383, 0.0)
(32.738667, 18.151007, 0.0)
(32.681622, 18.130804, 0.0)
(32.650841, 18.122740, 0.0)
(31.451721, 18.551380, 0.0)
(31.085669, 18.669449, 0.0)
(31.042854, 18.673210, 0.0)
(30.994568, 18.698185, 0.0)
(30.968264, 18.702444, 0.0)
(30.923588, 18.676989, 0.0)
(29.412064, 19.256296, 0.0)
(29.309179, 19.266001, 0.0)
(29.262993, 19.299967, 0.0)
(29.198725, 19.321486, 0.0)
(29.166147, 19.328337, 0.0)
(28.056385, 19.794659, 0.0)
(27.727703, 19.857088, 0.0)
(27.681475, 19.832823, 0.0)
(27.670849, 19.868418, 0.0)
(27.673185, 19.879183, 0.0)
(27.689726, 19.856575, 0.0)
(27.716557, 19.837450, 0.0)
(27.735489, 19.826265, 0.0)
(27.740940, 19.792896, 0.0)
(27.758646, 19.780117, 0.0)
(27.839422, 19.747923, 0.0)
(27.914751, 19.699823, 0.0)
(29.153053, 19.086166, 0.0)
(29.312958, 18.960920, 0.0)
(29.433571, 18.879858, 0.0)
(29.681242, 18.775778, 0.0)
(29.876532, 18.641113, 0.0)
(30.113081, 18.571047, 0.0)
(31.626204, 18.234964, 0.0)
(31.905569, 18.158436, 0.0)
(32.070480, 18.034935, 0.0)
(32.256058, 17.989536, 0.0)
(32.488747, 17.882175, 0.0)
(32.685902, 17.819529, 0.0)
(34.741989, 17.768919, 0.0)
(35.264355, 17.772821, 0.0)
(35.410381, 17.767500, 0.0)
(35.498608, 17.716751, 0.0)
(35.593723, 17.724699, 0.0)
(35.697773, 17.734591, 0.0)
(35.801361, 17.706120, 0.0)
(35.897064, 17.757921, 0.0)
(35.998959, 17.767982, 0.0)
(38.911110, 18.212404, 0.0)
(39.240559, 18.258247, 0.0)
(39.288788, 18.279385, 0.0)
(39.316006, 18.289293, 0.0)
(39.315109, 18.275822, 0.0)
(41.515736, 19.244625, 0.0)
(41.863171, 19.448282, 0.0)
(41.863876, 19.444731, 0.0)
(41.858154, 19.440447, 0.0)
(41.839508, 19.420763, 0.0)
(41.870972, 19.430592, 0.0)
(41.875225, 19.419275, 0.0)
(41.893555, 19.402172, 0.0)
(42.023361, 19.463581, 0.0)
(43.120342, 20.121885, 0.0)
(43.188786, 20.236988, 0.0)
(43.174866, 20.254837, 0.0)
(43.170013, 20.224150, 0.0)
(43.160110, 20.214272, 0.0)
(43.170013, 20.224150, 0.0)
(43.180164, 20.226877, 0.0)
(43.164764, 20.222542, 0.0)
(43.170013, 20.224150, 0.0)
(43.169540, 20.247849, 0.0)
(43.196323, 20.256535, 0.0)
(43.196323, 20.256535, 0.0)
(43.195236, 20.271889, 0.0)
(43.192131, 20.235315, 0.0)
(43.191029, 20.249664, 0.0)
(43.187164, 20.256624, 0.0)
(43.187164, 20.256624, 0.0)
(43.469894, 20.716578, 0.0)
(43.467091, 20.815989, 0.0)
(43.447216, 20.747145, 0.0)
(43.446281, 20.730793, 0.0)
(43.626755, 21.528318, 0.0)
(43.582787, 21.747692, 0.0)
(43.579086, 21.762207, 0.0)
(43.576836, 21.776093, 0.0)
(43.588440, 21.788717, 0.0)
(44.053234, 23.217968, 0.0)
(43.952049, 23.725973, 0.0)
(43.967537, 23.755711, 0.0)
(44.000473, 23.737520, 0.0)
(44.009739, 23.722998, 0.0)
(43.996216, 23.716444, 0.0)
(43.994041, 23.618715, 0.0)
(43.967815, 24.273367, 0.0)
(43.916553, 24.753456, 0.0)
(43.904381, 24.743183, 0.0)
(43.920101, 24.749990, 0.0)
(43.924065, 24.753456, 0.0)
(43.941994, 24.750492, 0.0)
(43.943584, 24.743385, 0.0)
(43.958405, 24.755259, 0.0)
(43.939632, 24.739996, 0.0)
(43.944439, 24.721317, 0.0)
(44.096554, 24.956783, 0.0)
(44.101540, 25.034031, 0.0)
(44.108887, 25.028727, 0.0)
(44.116310, 25.055346, 0.0)
(44.119362, 25.062710, 0.0)
(44.119362, 25.062710, 0.0)
(44.096321, 26.598614, 0.0)
(43.989323, 26.984539, 0.0)
(43.962227, 26.933739, 0.0)
(43.971714, 26.927277, 0.0)
(43.972095, 26.899887, 0.0)
(43.952572, 26.887342, 0.0)
(43.932182, 26.881880, 0.0)
(43.907070, 26.863314, 0.0)
(43.780701, 27.566914, 0.0)
(43.752068, 27.693777, 0.0)
(43.744999, 27.666630, 0.0)
(43.721783, 27.661104, 0.0)
(43.721783, 27.661104, 0.0)
(43.718159, 27.658007, 0.0)
(43.716007, 27.641148, 0.0)
(43.696102, 27.596909, 0.0)
(43.648766, 27.561594, 0.0)
(42.844414, 27.597553, 0.0)
(42.808868, 27.637098, 0.0)
(42.808868, 27.637098, 0.0)
(42.746983, 27.634008, 0.0)
(42.664387, 27.607224, 0.0)
(42.649281, 27.590055, 0.0)
(42.765644, 27.376518, 0.0)
(43.224735, 26.608086, 0.0)
(43.240719, 26.451622, 0.0)
(43.239899, 26.420513, 0.0)
(43.242832, 26.323524, 0.0)
(43.249271, 26.289597, 0.0)
(43.390984, 25.766769, 0.0)
(43.486076, 24.853827, 0.0)
(43.482773, 24.701958, 0.0)
(43.479919, 24.653055, 0.0)
(43.460789, 24.622625, 0.0)
(43.480541, 24.593067, 0.0)
(43.480740, 24.538670, 0.0)
(43.499203, 24.520250, 0.0)
(43.501614, 24.462782, 0.0)
(43.486256, 24.281176, 0.0)
(43.209351, 22.766556, 0.0)
(43.236862, 22.119869, 0.0)
(43.246033, 22.127348, 0.0)
(43.245823, 22.139820, 0.0)
(43.231617, 22.181038, 0.0)
(43.243214, 22.189114, 0.0)
(43.262447, 22.133274, 0.0)
(43.277321, 22.107334, 0.0)
(43.276802, 22.115318, 0.0)
(43.241020, 21.555832, 0.0)
(43.118568, 20.616135, 0.0)
(43.076504, 20.569469, 0.0)
(43.083633, 20.623953, 0.0)
(43.078365, 20.591236, 0.0)
(43.073643, 20.576223, 0.0)
(43.078510, 20.575752, 0.0)
(43.069344, 20.579103, 0.0)
(43.070312, 20.559782, 0.0)
(43.060555, 20.574160, 0.0)
(43.058289, 20.595137, 0.0)
(43.049908, 20.619808, 0.0)
(43.048466, 20.586193, 0.0)
(43.057358, 20.528599, 0.0)
(43.017593, 20.472944, 0.0)
(43.019482, 20.453562, 0.0)
(42.676731, 19.924583, 0.0)
(42.654781, 19.819834, 0.0)
(42.642483, 19.813173, 0.0)
(42.583225, 19.809488, 0.0)
(42.558014, 19.783115, 0.0)
(42.510422, 19.763159, 0.0)
(42.479855, 19.764317, 0.0)
(42.230740, 19.817543, 0.0)
(42.194393, 19.831917, 0.0)
(42.226955, 19.849213, 0.0)
(42.235069, 19.847696, 0.0)
(42.278484, 19.904234, 0.0)
(42.342274, 19.943993, 0.0)
(42.646706, 21.173086, 0.0)
(42.802902, 22.138176, 0.0)
(42.830296, 22.245996, 0.0)
(42.854656, 22.308643, 0.0)
(42.886467, 22.378078, 0.0)
(42.915684, 22.420990, 0.0)
(42.954868, 22.409946, 0.0)
(42.972298, 22.456709, 0.0)
(43.071438, 22.509611, 0.0)
(43.094063, 22.565968, 0.0)
(43.123814, 22.634823, 0.0)
(43.127048, 22.642385, 0.0)
(43.181152, 22.706602, 0.0)
(43.192757, 23.477739, 0.0)
(43.176437, 23.905954, 0.0)
(43.188663, 23.955891, 0.0)
(43.212059, 23.987848, 0.0)
(43.244072, 24.000628, 0.0)
(43.262527, 24.020983, 0.0)
(43.261784, 24.053925, 0.0)
(43.264595, 24.061380, 0.0)
(43.279331, 24.096449, 0.0)
(43.292511, 24.211407, 0.0)
(43.376205, 24.966026, 0.0)
(43.371868, 25.139744, 0.0)
(43.360310, 25.144873, 0.0)
(43.369942, 25.169872, 0.0)
(43.382175, 25.140768, 0.0)
(43.372601, 25.131350, 0.0)
(43.263168, 26.514368, 0.0)
(43.111637, 27.039555, 0.0)
(43.075588, 27.015976, 0.0)
(43.009624, 27.012526, 0.0)
(43.002155, 27.051584, 0.0)
(42.994755, 27.040390, 0.0)
(42.980640, 27.003435, 0.0)
(42.970871, 27.032881, 0.0)
(42.963741, 27.041241, 0.0)
(42.957943, 27.044790, 0.0)
(42.954044, 27.055597, 0.0)
(42.955627, 27.039572, 0.0)
(42.994793, 27.544859, 0.0)
(42.917397, 27.632891, 0.0)
(42.882771, 27.640167, 0.0)
(42.870045, 27.650669, 0.0)
(42.863266, 27.634586, 0.0)
(42.823132, 27.614998, 0.0)
(42.357960, 27.572027, 0.0)
(42.289715, 27.555523, 0.0)
(42.265686, 27.519098, 0.0)
(42.275551, 27.516687, 0.0)
(42.283276, 27.428734, 0.0)
(42.536602, 26.662474, 0.0)
(42.595615, 26.074163, 0.0)
(42.613060, 25.924971, 0.0)
(42.641304, 25.907389, 0.0)
(42.660225, 25.825947, 0.0)
(42.660515, 25.659544, 0.0)
(42.707928, 25.525969, 0.0)
(42.735893, 25.441982, 0.0)
(42.727367, 25.321407, 0.0)
(42.603710, 23.825102, 0.0)
(42.608780, 23.617022, 0.0)
(42.626442, 23.590622, 0.0)
(42.638611, 23.625404, 0.0)
(42.670742, 23.575842, 0.0)
(42.651680, 23.545771, 0.0)
(42.407497, 22.639896, 0.0)
(42.321278, 21.223768, 0.0)
(42.300678, 21.144831, 0.0)
(42.316597, 21.217424, 0.0)
(42.327370, 21.220083, 0.0)
(42.329750, 21.021385, 0.0)
(42.156872, 19.922159, 0.0)
(42.060139, 19.614532, 0.0)
(42.055531, 19.643078, 0.0)
(42.064938, 19.622217, 0.0)
(42.045738, 19.648382, 0.0)
(42.149422, 19.520084, 0.0)
(42.294735, 19.463799, 0.0)
(42.306965, 19.465704, 0.0)
(42.282951, 19.443535, 0.0)
(42.282681, 19.451410, 0.0)
(42.282681, 19.451410, 0.0)
(42.285179, 19.468769, 0.0)
(42.295647, 19.496933, 0.0)
(42.333130, 19.518404, 0.0)
(41.900249, 19.516266, 0.0)
(41.821625, 19.499763, 0.0)
(41.877228, 19.481428, 0.0)
(41.853245, 19.491320, 0.0)
(41.836639, 19.497030, 0.0)
(41.845005, 19.532381, 0.0)
(41.826450, 19.538649, 0.0)
(41.835033, 19.503639, 0.0)
(41.633186, 19.319456, 0.0)
(41.565182, 19.250679, 0.0)
(41.556477, 19.245611, 0.0)
(41.556477, 19.245611, 0.0)
(41.532249, 19.251974, 0.0)
(41.534470, 19.266804, 0.0)
(41.536892, 19.237648, 0.0)
(41.532578, 19.258989, 0.0)
(41.521606, 19.257875, 0.0)
(41.511700, 19.232235, 0.0)
(41.784496, 20.527338, 0.0)
(41.778042, 20.710760, 0.0)
(41.778042, 20.710760, 0.0)
(41.804455, 20.806892, 0.0)
(41.855679, 20.888668, 0.0)
(41.910999, 20.960493, 0.0)
(41.960133, 21.062067, 0.0)
(42.109528, 21.853132, 0.0)
(42.131657, 22.025278, 0.0)
(42.171478, 22.101145, 0.0)
(42.202164, 22.144281, 0.0)
(42.243736, 22.246796, 0.0)
(42.305740, 22.250252, 0.0)
(42.311775, 22.264971, 0.0)
(42.151085, 23.344601, 0.0)
(42.120430, 24.044065, 0.0)
(42.139156, 24.132801, 0.0)
(42.126270, 24.185810, 0.0)
(42.131207, 24.188797, 0.0)
(42.135605, 24.204529, 0.0)
(42.245831, 24.557070, 0.0)
(42.285118, 25.436298, 0.0)
(42.240128, 25.483046, 0.0)
(42.241386, 25.511385, 0.0)
(42.229225, 25.527565, 0.0)
(42.205521, 25.528982, 0.0)
(42.212917, 25.561762, 0.0)
(42.244591, 25.642376, 0.0)
(42.230541, 25.660448, 0.0)
(42.232899, 25.684113, 0.0)
(42.232899, 25.684113, 0.0)
(42.248158, 25.797678, 0.0)
(42.034237, 26.320118, 0.0)
(41.989777, 26.495644, 0.0)
(41.996037, 26.527536, 0.0)
(42.003963, 26.501383, 0.0)
(41.996868, 26.480133, 0.0)
(41.976406, 26.447006, 0.0)
(41.957020, 26.425028, 0.0)
(41.936291, 26.448786, 0.0)
(41.619320, 27.035898, 0.0)
(41.273872, 27.145390, 0.0)
(41.242023, 27.125284, 0.0)
(41.231701, 27.137642, 0.0)
(41.219437, 27.122225, 0.0)
(41.189793, 27.107210, 0.0)
(41.126190, 27.122366, 0.0)
(40.616604, 27.859098, 0.0)
(40.492691, 27.886625, 0.0)
(40.494350, 27.875732, 0.0)
(40.476330, 27.874168, 0.0)
(40.996822, 27.270815, 0.0)
(41.125896, 26.668066, 0.0)
(41.125504, 26.598175, 0.0)
(41.157288, 26.537111, 0.0)
(41.199856, 26.486589, 0.0)
(41.338814, 25.929642, 0.0)
(41.437592, 25.016264, 0.0)
(41.451900, 24.879471, 0.0)
(41.478443, 24.733843, 0.0)
(41.482071, 24.583641, 0.0)
(41.530987, 24.522663, 0.0)
(41.592678, 24.480761, 0.0)
(41.575974, 24.425817, 0.0)
(41.617634, 24.324945, 0.0)
(41.303448, 22.660273, 0.0)
(41.251431, 21.636667, 0.0)
(41.250008, 21.603544, 0.0)
(41.254025, 21.650951, 0.0)
(41.232014, 21.623514, 0.0)
(41.215706, 21.583523, 0.0)
(41.020817, 20.194576, 0.0)
(40.928127, 19.387835, 0.0)
(40.880917, 19.360268, 0.0)
(40.880947, 19.344431, 0.0)
(40.876270, 19.337099, 0.0)
(40.885635, 19.351120, 0.0)
(40.882748, 19.358860, 0.0)
(40.867908, 19.386791, 0.0)
(40.887592, 19.388000, 0.0)
(40.883297, 19.407984, 0.0)
(40.880962, 19.343784, 0.0)
(40.876263, 19.330502, 0.0)
(40.876263, 19.318779, 0.0)
(40.880947, 19.344431, 0.0)
(40.863434, 19.388544, 0.0)
(40.851627, 19.391537, 0.0)
(40.829617, 19.382418, 0.0)
(40.836178, 19.397648, 0.0)
(40.803871, 19.380322, 0.0)
(40.770935, 19.397917, 0.0)
(40.117947, 18.709766, 0.0)
(40.047276, 18.620369, 0.0)
(40.040497, 18.601999, 0.0)
(40.028164, 18.592634, 0.0)
(40.052944, 18.559999, 0.0)
(40.023918, 18.566933, 0.0)
(40.015594, 18.539536, 0.0)
(39.990967, 18.548374, 0.0)
(39.984230, 18.598845, 0.0)
(39.968727, 18.674967, 0.0)
(39.856487, 18.666666, 0.0)
(39.838486, 18.707693, 0.0)
(39.849876, 18.701345, 0.0)
(40.225254, 19.422710, 0.0)
(40.197838, 19.753338, 0.0)
(40.175522, 19.777668, 0.0)
(40.182652, 19.819607, 0.0)
(40.179085, 19.883476, 0.0)
(40.430374, 20.343508, 0.0)
(40.442509, 21.043364, 0.0)
(40.452534, 21.130655, 0.0)
(40.476219, 21.139618, 0.0)
(40.442028, 21.169231, 0.0)
(40.469364, 21.267076, 0.0)
(40.478146, 21.302614, 0.0)
(40.504082, 21.317045, 0.0)
(40.719883, 22.153847, 0.0)
(40.664047, 22.354824, 0.0)
(40.639599, 22.365503, 0.0)
(40.647949, 22.375443, 0.0)
(40.652584, 22.392523, 0.0)
(40.636326, 22.400578, 0.0)
(40.626118, 23.155344, 0.0)
(40.569500, 23.469419, 0.0)
(40.564533, 23.491447, 0.0)
(40.568806, 23.489479, 0.0)
(40.598919, 23.507963, 0.0)
(40.594292, 23.517366, 0.0)
(40.647297, 23.704241, 0.0)
(40.870735, 25.613482, 0.0)
(40.823822, 25.747381, 0.0)
(40.833031, 25.683222, 0.0)
(40.826462, 25.698860, 0.0)
(40.827625, 25.676273, 0.0)
(40.820786, 25.683861, 0.0)
(40.816216, 25.717918, 0.0)
(40.824970, 25.785601, 0.0)
(40.656429, 26.167076, 0.0)
(40.462162, 26.524132, 0.0)
(40.451729, 26.548374, 0.0)
(40.664604, 27.047346, 0.0)
(40.678715, 27.134100, 0.0)
(40.674671, 27.151691, 0.0)
(40.661236, 27.192732, 0.0)
(40.646416, 27.247374, 0.0)
(40.642578, 27.249897, 0.0)
(40.618889, 27.440138, 0.0)
(40.447914, 27.968557, 0.0)
(40.409096, 27.989220, 0.0)
(40.372555, 27.958414, 0.0)
(40.321049, 27.918169, 0.0)
(40.250511, 27.939789, 0.0)
(39.531239, 27.881138, 0.0)
(39.413731, 27.863857, 0.0)
(39.374664, 27.824579, 0.0)
(39.371006, 27.745819, 0.0)
(39.495930, 26.941813, 0.0)
(39.616798, 25.970953, 0.0)
(39.596039, 25.829458, 0.0)
(39.604763, 25.681908, 0.0)
(39.624451, 25.599134, 0.0)
(39.651016, 25.529608, 0.0)
(39.687222, 25.428328, 0.0)
(39.714321, 25.314644, 0.0)
(39.822247, 24.687475, 0.0)
(39.902729, 24.050179, 0.0)
(39.930023, 23.995237, 0.0)
(39.914146, 23.868734, 0.0)
(39.922478, 23.838381, 0.0)
(39.938866, 23.750196, 0.0)
(39.573082, 22.740660, 0.0)
(39.525906, 22.312960, 0.0)
(39.545708, 22.299145, 0.0)
(39.560204, 22.361012, 0.0)
(39.559975, 22.387075, 0.0)
(39.557327, 22.432859, 0.0)
(39.625584, 21.262684, 0.0)
(39.370350, 19.628441, 0.0)
(39.288670, 19.417234, 0.0)
(39.251789, 19.498657, 0.0)
(39.253696, 19.540989, 0.0)
(39.245323, 19.571714, 0.0)
(39.239681, 19.561359, 0.0)
(39.245159, 19.583473, 0.0)
(39.238537, 19.565500, 0.0)
(39.226845, 19.566229, 0.0)
(39.231518, 19.555220, 0.0)
(39.221790, 19.560574, 0.0)
(39.222256, 19.584476, 0.0)
(39.103859, 18.952238, 0.0)
(39.034966, 18.745625, 0.0)
(39.023987, 18.764936, 0.0)
(39.017380, 18.775486, 0.0)
(39.014862, 18.771059, 0.0)
(38.997768, 18.745874, 0.0)
(38.998276, 18.731329, 0.0)
(38.988476, 18.736219, 0.0)
(38.993958, 18.773439, 0.0)
(38.988796, 18.820812, 0.0)
(38.946564, 18.804918, 0.0)
(38.304478, 18.634949, 0.0)
(38.221268, 18.568872, 0.0)
(38.209518, 18.540533, 0.0)
(38.179306, 18.585674, 0.0)
(38.132057, 18.605715, 0.0)
(37.934620, 18.587029, 0.0)
(37.867550, 18.539019, 0.0)
(37.880054, 18.559999, 0.0)
(37.896957, 18.559866, 0.0)
(38.172737, 19.085085, 0.0)
(38.197697, 19.606743, 0.0)
(38.180183, 19.657497, 0.0)
(38.170971, 19.662621, 0.0)
(38.167828, 19.705040, 0.0)
(38.186901, 19.736412, 0.0)
(38.431618, 20.621078, 0.0)
(38.408703, 20.698086, 0.0)
(38.402008, 20.686390, 0.0)
(38.427746, 20.715879, 0.0)
(38.468460, 20.773121, 0.0)
(38.716072, 21.485714, 0.0)
(38.695263, 21.759310, 0.0)
(38.691017, 21.774527, 0.0)
(38.706512, 21.773584, 0.0)
(38.713184, 21.801783, 0.0)
(38.949390, 22.862234, 0.0)
(38.878185, 23.055840, 0.0)
(38.878185, 23.055840, 0.0)
(38.878185, 23.068377, 0.0)
(38.883900, 23.106773, 0.0)
(38.884895, 23.140709, 0.0)
(38.943260, 23.958107, 0.0)
(38.922771, 24.843380, 0.0)
(38.911430, 24.952358, 0.0)
(38.907318, 24.948851, 0.0)
(38.876961, 24.985104, 0.0)
(38.889809, 25.001575, 0.0)
(38.876614, 24.987244, 0.0)
(38.878544, 24.975258, 0.0)
(38.855759, 24.984615, 0.0)
(39.111038, 26.983795, 0.0)
(38.998634, 27.644419, 0.0)
(38.951302, 27.684519, 0.0)
(38.938229, 27.644701, 0.0)
(38.917984, 27.608650, 0.0)
(38.905697, 27.580479, 0.0)
(38.890007, 27.552027, 0.0)
(38.884743, 27.576239, 0.0)
(38.880726, 27.612078, 0.0)
(38.868614, 27.606022, 0.0)
(38.846554, 27.598036, 0.0)
(38.862064, 27.653038, 0.0)
(38.850445, 27.606501, 0.0)
(38.832916, 27.600700, 0.0)
(38.748634, 27.596092, 0.0)
(38.244488, 27.934732, 0.0)
(38.050701, 27.994329, 0.0)
(37.990578, 27.975075, 0.0)
(37.939213, 27.951862, 0.0)
(37.944706, 27.907024, 0.0)
(37.937939, 27.840080, 0.0)
(37.953739, 27.730885, 0.0)
(37.822407, 26.976730, 0.0)
(37.814415, 26.286707, 0.0)
(37.792248, 26.253859, 0.0)
(37.793816, 26.202429, 0.0)
(37.799603, 26.155378, 0.0)
(37.797638, 26.067207, 0.0)
(37.700317, 25.181721, 0.0)
(37.879784, 23.871004, 0.0)
(37.871807, 23.844234, 0.0)
(37.856915, 23.850189, 0.0)
(37.849567, 23.819807, 0.0)
(37.865337, 23.782089, 0.0)
(37.833702, 23.707035, 0.0)
(37.840424, 23.670218, 0.0)
(37.872936, 23.679131, 0.0)
(37.852268, 23.619656, 0.0)
(37.851585, 23.579765, 0.0)
(37.854755, 23.558601, 0.0)
(37.881912, 23.540197, 0.0)
(37.570114, 22.380056, 0.0)
(37.922642, 21.219055, 0.0)
(37.892715, 21.193609, 0.0)
(37.859192, 21.207600, 0.0)
(37.801205, 21.127520, 0.0)
(37.811100, 21.107397, 0.0)
(37.784061, 21.084784, 0.0)
(37.697853, 21.001623, 0.0)
(37.333748, 19.537052, 0.0)
(37.369202, 19.051100, 0.0)
(37.342251, 19.048103, 0.0)
(37.336311, 19.109091, 0.0)
(37.340382, 19.121935, 0.0)
(37.331520, 19.139185, 0.0)
(37.341591, 19.117949, 0.0)
(37.357494, 19.116470, 0.0)
(37.049133, 18.698462, 0.0)
(37.002003, 18.533234, 0.0)
(36.993629, 18.534678, 0.0)
(36.990173, 18.551538, 0.0)
(36.981659, 18.568661, 0.0)
(36.949379, 18.564476, 0.0)
(36.968113, 18.584986, 0.0)
(36.971233, 18.578060, 0.0)
(36.973259, 18.492220, 0.0)
(36.939606, 18.449883, 0.0)
(37.028080, 18.187138, 0.0)
(37.036327, 18.190702, 0.0)
(36.985699, 18.252741, 0.0)
(36.976818, 18.260380, 0.0)
(36.094524, 18.380314, 0.0)
(35.994129, 18.402231, 0.0)
(35.984505, 18.393656, 0.0)
(35.955948, 18.432388, 0.0)
(35.961624, 18.490721, 0.0)
(36.260956, 19.415018, 0.0)
(36.245110, 20.530125, 0.0)
(36.186405, 20.704153, 0.0)
(36.196327, 20.716869, 0.0)
(36.177670, 20.715790, 0.0)
(36.188789, 20.761471, 0.0)
(36.206760, 20.814463, 0.0)
(36.227909, 20.811443, 0.0)
(36.223793, 20.859535, 0.0)
(36.265041, 21.000000, 0.0)
(36.265041, 21.000000, 0.0)
(36.278423, 21.020393, 0.0)
(36.676151, 22.259800, 0.0)
(36.644196, 22.447067, 0.0)
(36.646442, 22.487951, 0.0)
(36.632721, 22.563745, 0.0)
(36.636925, 22.574621, 0.0)
(36.638687, 22.610397, 0.0)
(36.632454, 22.626461, 0.0)
(36.704456, 23.598511, 0.0)
(36.678432, 24.019541, 0.0)
(36.635181, 24.031519, 0.0)
(36.630592, 24.051899, 0.0)
(36.633121, 24.075514, 0.0)
(36.641125, 24.095293, 0.0)
(36.638844, 24.163296, 0.0)
(36.866970, 26.208401, 0.0)
(36.762672, 26.433647, 0.0)
(36.736252, 26.413187, 0.0)
(36.702621, 26.418926, 0.0)
(36.697876, 26.429035, 0.0)
(36.674347, 26.478514, 0.0)
(36.673664, 26.453585, 0.0)
(36.640320, 26.428885, 0.0)
(36.640320, 26.396233, 0.0)
(37.032791, 27.407461, 0.0)
(36.972229, 27.994186, 0.0)
(36.943153, 28.099073, 0.0)
(36.916351, 28.158411, 0.0)
(36.903534, 28.147453, 0.0)
(36.889435, 28.129442, 0.0)
(36.889435, 28.129442, 0.0)
(36.813751, 28.184616, 0.0)
(36.426052, 28.272013, 0.0)
(36.410805, 28.319151, 0.0)
(36.401722, 28.321476, 0.0)
(36.371750, 28.310833, 0.0)
(35.614250, 28.247013, 0.0)
(35.465088, 28.165874, 0.0)
(35.448059, 28.149120, 0.0)
(35.425014, 28.056902, 0.0)
(35.387680, 28.020514, 0.0)
(35.514164, 27.330328, 0.0)
(35.611866, 26.502298, 0.0)
(35.557503, 26.381924, 0.0)
(35.552334, 26.236849, 0.0)
(35.580616, 26.075089, 0.0)
(35.587074, 25.992111, 0.0)
(35.624596, 25.887976, 0.0)
(35.645931, 25.818714, 0.0)
(35.637070, 25.524168, 0.0)
(35.488972, 23.955206, 0.0)
(35.498878, 23.774570, 0.0)
(35.468372, 23.723404, 0.0)
(35.464184, 23.691542, 0.0)
(35.456249, 23.648575, 0.0)
(35.469639, 23.648705, 0.0)
(35.452454, 23.587250, 0.0)
(35.459682, 23.526257, 0.0)
(35.486153, 23.448450, 0.0)
(35.492668, 23.363232, 0.0)
(35.492096, 23.273294, 0.0)
(35.493694, 23.187298, 0.0)
(35.464844, 22.522308, 0.0)
(35.445038, 22.409805, 0.0)
(35.435509, 22.373222, 0.0)
(35.443874, 22.293179, 0.0)
(35.426834, 22.212923, 0.0)
(35.360790, 21.169231, 0.0)
(35.406124, 20.439886, 0.0)
(35.369747, 20.362673, 0.0)
(35.345455, 20.376503, 0.0)
(35.238098, 19.694071, 0.0)
(35.142685, 19.099962, 0.0)
(35.127068, 19.056461, 0.0)
(35.088783, 19.058540, 0.0)
(35.062878, 19.061224, 0.0)
(35.067871, 19.058352, 0.0)
(35.060387, 19.083601, 0.0)
(35.060432, 19.082996, 0.0)
(35.071190, 19.070545, 0.0)
(34.621952, 18.786102, 0.0)
(34.524712, 18.687716, 0.0)
(34.526134, 18.649427, 0.0)
(34.488529, 18.629660, 0.0)
(34.491009, 18.684311, 0.0)
(34.475349, 18.752447, 0.0)
(34.437988, 18.774944, 0.0)
(34.404137, 18.778948, 0.0)
(34.293449, 18.799522, 0.0)
(33.556293, 18.891371, 0.0)
(33.459736, 18.849060, 0.0)
(33.474106, 18.802511, 0.0)
(33.485291, 18.856487, 0.0)
(33.494568, 18.912615, 0.0)
(33.988125, 19.993721, 0.0)
(33.867287, 20.228054, 0.0)
(33.841454, 20.240660, 0.0)
(33.842361, 20.274817, 0.0)
(33.821625, 20.311163, 0.0)
(33.816044, 20.332523, 0.0)
(33.831459, 20.372469, 0.0)
(34.176086, 21.915829, 0.0)
(34.150143, 22.098448, 0.0)
(34.105316, 22.108147, 0.0)
(34.069069, 22.120184, 0.0)
(34.069263, 22.164013, 0.0)
(34.046825, 22.190474, 0.0)
(34.034283, 22.219099, 0.0)
(34.002720, 22.251669, 0.0)
(34.007217, 22.350018, 0.0)
(33.963318, 22.361248, 0.0)
(34.171227, 23.658388, 0.0)
(34.244862, 24.272375, 0.0)
(34.193577, 24.342394, 0.0)
(34.191597, 24.366005, 0.0)
(34.197231, 24.419115, 0.0)
(34.204327, 24.463799, 0.0)
(34.220348, 24.497156, 0.0)
(34.214840, 24.533485, 0.0)
(34.226982, 24.606560, 0.0)
(34.235874, 24.670034, 0.0)
(34.229122, 24.731037, 0.0)
(34.512741, 25.417984, 0.0)
(34.566551, 26.941000, 0.0)
(34.466591, 27.120216, 0.0)
(34.435863, 27.132492, 0.0)
(34.426834, 27.186640, 0.0)
(34.419556, 27.190470, 0.0)
(34.405537, 27.201824, 0.0)
(34.408276, 27.206074, 0.0)
(34.404324, 27.239824, 0.0)
(34.374847, 27.293859, 0.0)
(34.344276, 27.332714, 0.0)
(34.107452, 28.526838, 0.0)
(34.027725, 28.753702, 0.0)
(34.012287, 28.713305, 0.0)
(33.975548, 28.679443, 0.0)
(33.966412, 28.671488, 0.0)
(33.899212, 28.703310, 0.0)
(33.872185, 28.696095, 0.0)
(33.844002, 28.658310, 0.0)
(33.836357, 28.644972, 0.0)
(33.307907, 28.133602, 0.0)
(33.063374, 27.835241, 0.0)
(33.034428, 27.792835, 0.0)
(33.020725, 27.766230, 0.0)
(33.020462, 27.662859, 0.0)
(33.037643, 27.595873, 0.0)
(33.069592, 27.491417, 0.0)
(33.214092, 26.969524, 0.0)
(33.300468, 24.739510, 0.0)
(33.280422, 24.513351, 0.0)
(33.240040, 24.432358, 0.0)
(33.223186, 24.362392, 0.0)
(33.210487, 24.208826, 0.0)
(33.215343, 24.080782, 0.0)
(33.207565, 23.931578, 0.0)
(33.193638, 23.893915, 0.0)
(33.076557, 23.871168, 0.0)
(33.009716, 23.846926, 0.0)
(32.988960, 23.801832, 0.0)
(32.994179, 23.757221, 0.0)
(33.000076, 23.671719, 0.0)
(33.016140, 23.594234, 0.0)
(33.020790, 23.571527, 0.0)
(33.047359, 23.515312, 0.0)
(33.032436, 23.446501, 0.0)
(33.061348, 22.246651, 0.0)
(33.019176, 22.002441, 0.0)
(32.989796, 22.014019, 0.0)
(32.982887, 21.994570, 0.0)
(32.977131, 21.893585, 0.0)
(33.006695, 20.111824, 0.0)
(32.877338, 19.497530, 0.0)
(32.828499, 19.474777, 0.0)
(32.796124, 19.491760, 0.0)
(32.788021, 19.516144, 0.0)
(32.716476, 19.347815, 0.0)
(32.558788, 18.886831, 0.0)
(32.504108, 18.816000, 0.0)
(32.501488, 18.849215, 0.0)
(32.491924, 18.876673, 0.0)
(32.471775, 18.875286, 0.0)
(32.471775, 18.875286, 0.0)
(32.465347, 18.891661, 0.0)
(32.469208, 18.899717, 0.0)
(32.470398, 18.916569, 0.0)
(32.470749, 18.919043, 0.0)
(32.456795, 18.926981, 0.0)
(32.428967, 18.943951, 0.0)
(32.424698, 18.959356, 0.0)
(31.831133, 19.113701, 0.0)
(31.630497, 19.163836, 0.0)
(31.630495, 19.169741, 0.0)
(31.603325, 19.176476, 0.0)
(31.573380, 19.192400, 0.0)
(31.514671, 19.242785, 0.0)
(31.492615, 19.277493, 0.0)
(31.467197, 19.273563, 0.0)
(31.412952, 20.100130, 0.0)
(31.409397, 20.705011, 0.0)
(31.386953, 20.736200, 0.0)
(31.380178, 20.809237, 0.0)
(31.354473, 20.883713, 0.0)
(31.362543, 20.903605, 0.0)
(31.358992, 20.899563, 0.0)
(31.701061, 21.570927, 0.0)
(31.702765, 21.699139, 0.0)
(31.654150, 21.722559, 0.0)
(31.642828, 21.789249, 0.0)
(31.660032, 21.859406, 0.0)
(31.663368, 21.939505, 0.0)
(31.676111, 22.614506, 0.0)
(31.655401, 23.202391, 0.0)
(31.633810, 23.271774, 0.0)
(31.631159, 23.229792, 0.0)
(31.564362, 24.524563, 0.0)
(31.240738, 25.678535, 0.0)
(31.488724, 25.793222, 0.0)
(31.645082, 26.033213, 0.0)
(31.619873, 26.060827, 0.0)
(31.600410, 26.054569, 0.0)
(31.596981, 26.055128, 0.0)
(31.622810, 26.041986, 0.0)
(31.692955, 26.104265, 0.0)
(31.700756, 26.169357, 0.0)
(31.712736, 26.153345, 0.0)
(31.717897, 26.157736, 0.0)
(31.725527, 26.170918, 0.0)
(31.738550, 26.182644, 0.0)
(31.756147, 26.224091, 0.0)
(31.768047, 26.249594, 0.0)
(31.763201, 26.290102, 0.0)
(31.785398, 26.344835, 0.0)
(32.016224, 26.973280, 0.0)
(32.058380, 27.117353, 0.0)
(32.030979, 27.103085, 0.0)
(32.008694, 27.122404, 0.0)
(32.034042, 27.417690, 0.0)
(32.177525, 28.543936, 0.0)
(32.152542, 28.670130, 0.0)
(32.145035, 28.649750, 0.0)
(32.125874, 28.620300, 0.0)
(32.097824, 28.571510, 0.0)
(32.068146, 28.559563, 0.0)
(32.067982, 28.557240, 0.0)
(31.633068, 28.877560, 0.0)
(31.561199, 28.920742, 0.0)
(31.523333, 28.905544, 0.0)
(31.494764, 28.891781, 0.0)
(31.367994, 28.757282, 0.0)
(30.857843, 27.503637, 0.0)
(30.763781, 27.398573, 0.0)
(30.739437, 27.331905, 0.0)
(30.737719, 27.206385, 0.0)
(30.772345, 27.114359, 0.0)
(30.816238, 27.009212, 0.0)
(30.975344, 26.642330, 0.0)
(31.220440, 25.538462, 0.0)
(31.219500, 25.336681, 0.0)
(31.225760, 25.263138, 0.0)
(31.218948, 25.119537, 0.0)
(31.218384, 25.070169, 0.0)
(31.221508, 24.968895, 0.0)
(31.010185, 24.976669, 0.0)
(30.878038, 24.893440, 0.0)
(30.899038, 24.732956, 0.0)
(30.908342, 24.655024, 0.0)
(30.917028, 24.576836, 0.0)
(30.920292, 24.506477, 0.0)
(30.864714, 23.447481, 0.0)
(30.753294, 23.210667, 0.0)
(30.719837, 23.189432, 0.0)
(30.709291, 23.186186, 0.0)
(30.700443, 23.083572, 0.0)
(30.686609, 23.021997, 0.0)
(30.671513, 22.983700, 0.0)
(30.380903, 21.656057, 0.0)
(30.445948, 20.565346, 0.0)
(30.417427, 20.511633, 0.0)
(30.392355, 20.527044, 0.0)
(30.355635, 20.540289, 0.0)
(30.342562, 20.558165, 0.0)
(30.311718, 20.539860, 0.0)
(30.265142, 20.522362, 0.0)
(30.244083, 20.512047, 0.0)
(30.261713, 20.421978, 0.0)
(30.290516, 19.669596, 0.0)
(30.243010, 19.523428, 0.0)
(30.248079, 19.565855, 0.0)
(30.248026, 19.595669, 0.0)
(30.217346, 19.669548, 0.0)
(30.194309, 19.668638, 0.0)
(30.187813, 19.652359, 0.0)
(30.182438, 19.651281, 0.0)
(30.177090, 19.653133, 0.0)
(30.167658, 19.671507, 0.0)
(30.137016, 19.702564, 0.0)
(30.125027, 19.720228, 0.0)
(29.429569, 20.068747, 0.0)
(29.346987, 20.105629, 0.0)
(29.341597, 20.106514, 0.0)
(29.325003, 20.116749, 0.0)
(29.325777, 20.117044, 0.0)
(29.303844, 20.145552, 0.0)
(29.354076, 20.771130, 0.0)
(29.362967, 21.554855, 0.0)
(29.319910, 21.682734, 0.0)
(29.310032, 21.685867, 0.0)
(29.281853, 21.674370, 0.0)
(29.270296, 21.719402, 0.0)
(29.275787, 21.745413, 0.0)
(29.283457, 21.801929, 0.0)
(29.503061, 22.781790, 0.0)
(29.469013, 23.009523, 0.0)
(29.435181, 23.011545, 0.0)
(29.427128, 23.055805, 0.0)
(29.406630, 23.113344, 0.0)
(29.410059, 23.137543, 0.0)
(29.414553, 23.212997, 0.0)
(29.409706, 23.249928, 0.0)
(29.773956, 24.498573, 0.0)
(29.755749, 25.176214, 0.0)
(29.689024, 25.261042, 0.0)
(29.663033, 25.252724, 0.0)
(29.632912, 25.269245, 0.0)
(29.639256, 25.324650, 0.0)
(29.627796, 25.353392, 0.0)
(29.627796, 25.353392, 0.0)
(29.601719, 25.821716, 0.0)
(29.448217, 26.815254, 0.0)
(29.388773, 26.948006, 0.0)
(29.373285, 26.952808, 0.0)
(29.354353, 26.955090, 0.0)
(29.371819, 27.009680, 0.0)
(29.361967, 27.048721, 0.0)
(29.357122, 27.070477, 0.0)
(29.355520, 27.075712, 0.0)
(29.370207, 27.085369, 0.0)
(29.770332, 27.539049, 0.0)
(29.794849, 27.623976, 0.0)
(29.788620, 27.641190, 0.0)
(29.791702, 27.655922, 0.0)
(29.777952, 27.681154, 0.0)
(29.795986, 27.671696, 0.0)
(29.785494, 27.676394, 0.0)
(29.778530, 27.661085, 0.0)
(29.783068, 27.631975, 0.0)
(29.769053, 27.656969, 0.0)
(29.385334, 27.681932, 0.0)
(29.010830, 27.514853, 0.0)
(28.944841, 27.484119, 0.0)
(28.872772, 27.476816, 0.0)
(28.859652, 27.452116, 0.0)
(28.844894, 27.421795, 0.0)
(28.844271, 27.407545, 0.0)
(28.849421, 27.399601, 0.0)
(28.838999, 27.362669, 0.0)
(28.837631, 27.320955, 0.0)
(28.828112, 27.241732, 0.0)
(28.845572, 27.198723, 0.0)
(28.843161, 27.114925, 0.0)
(28.838854, 27.053913, 0.0)
(28.856798, 26.970373, 0.0)
(28.852497, 26.618263, 0.0)
(28.733292, 24.624281, 0.0)
(28.753490, 23.388161, 0.0)
(28.719055, 23.309855, 0.0)
(28.699183, 23.261538, 0.0)
(28.698477, 23.233763, 0.0)
(28.680990, 23.243734, 0.0)
(28.674078, 23.234715, 0.0)
(28.666925, 23.220335, 0.0)
(28.670116, 23.196507, 0.0)
(28.311434, 22.545025, 0.0)
(28.378103, 21.258522, 0.0)
(28.346018, 21.092270, 0.0)
(28.336275, 21.116175, 0.0)
(28.340115, 21.167353, 0.0)
(28.328016, 21.133976, 0.0)
(28.145615, 20.553846, 0.0)
(28.108774, 20.495068, 0.0)
(28.091692, 20.510006, 0.0)
(28.067904, 20.524696, 0.0)
(28.051504, 20.552544, 0.0)
(28.024071, 20.577831, 0.0)
(28.014627, 20.564522, 0.0)
(28.043751, 20.564642, 0.0)
(28.056526, 20.594065, 0.0)
(28.049740, 20.599474, 0.0)
(28.056793, 20.601046, 0.0)
(28.064762, 20.601677, 0.0)
(28.078182, 20.589911, 0.0)
(28.070869, 20.626547, 0.0)
(28.072334, 20.666197, 0.0)
(28.038431, 20.679155, 0.0)
(28.050493, 20.687410, 0.0)
(28.025986, 20.611572, 0.0)
(28.028801, 20.551147, 0.0)
(28.037788, 20.543545, 0.0)
(28.030422, 20.523617, 0.0)
(28.043085, 20.561979, 0.0)
(28.040310, 20.606670, 0.0)
(28.027817, 20.603565, 0.0)
(27.994850, 20.598455, 0.0)
(27.759218, 20.796818, 0.0)
(27.557066, 21.005665, 0.0)
(27.505163, 21.045889, 0.0)
(27.466379, 21.063736, 0.0)
(27.464977, 21.097750, 0.0)
(27.469215, 21.107557, 0.0)
(27.476215, 21.136198, 0.0)
(27.610090, 22.542191, 0.0)
(27.557848, 22.663670, 0.0)
(27.527224, 22.681318, 0.0)
(27.529922, 22.761639, 0.0)
(27.500175, 22.824968, 0.0)
(27.493803, 22.904570, 0.0)
(27.488182, 22.978975, 0.0)
(27.637278, 24.548880, 0.0)
(27.630264, 24.835213, 0.0)
(27.594776, 24.850969, 0.0)
(27.543848, 24.866919, 0.0)
(27.687840, 25.167093, 0.0)
(27.677410, 25.470566, 0.0)
(27.605141, 25.500355, 0.0)
(27.593132, 25.507692, 0.0)
(27.580978, 25.540520, 0.0)
(27.573782, 25.554619, 0.0)
(27.578293, 25.561424, 0.0)
(27.565472, 25.616350, 0.0)
(27.583349, 25.639151, 0.0)
(27.598021, 25.707333, 0.0)
(28.082148, 27.594854, 0.0)
(28.407873, 29.079538, 0.0)
(28.355553, 29.198938, 0.0)
(28.286419, 29.182060, 0.0)
(28.268791, 29.196827, 0.0)
(28.237125, 29.188747, 0.0)
(28.208242, 29.229078, 0.0)
(28.241697, 29.783823, 0.0)
(28.245293, 29.854666, 0.0)
(28.200140, 29.844585, 0.0)
(28.200140, 29.844585, 0.0)
(28.193752, 29.874197, 0.0)
(28.173193, 29.932850, 0.0)
(28.233501, 29.944595, 0.0)
(28.241526, 29.979921, 0.0)
(28.228451, 29.957621, 0.0)
(28.227633, 29.966053, 0.0)
(28.220219, 29.991882, 0.0)
(28.222017, 29.999170, 0.0)
(28.204985, 29.964603, 0.0)
(28.184004, 29.971804, 0.0)
(28.197683, 29.978134, 0.0)
(28.057499, 29.473684, 0.0)
(28.020866, 29.394772, 0.0)
(27.977934, 29.430618, 0.0)
(27.970230, 29.444344, 0.0)
(27.896563, 29.430365, 0.0)
(27.187611, 29.554342, 0.0)
(27.103334, 29.569231, 0.0)
(27.102655, 29.496740, 0.0)
(27.083399, 29.441000, 0.0)
(27.107780, 29.389441, 0.0)
(27.411743, 27.973009, 0.0)
(27.365883, 27.563120, 0.0)
(27.294453, 27.522076, 0.0)
(27.280254, 27.465565, 0.0)
(27.246510, 27.301750, 0.0)
(27.266148, 27.197325, 0.0)
(27.259348, 27.096453, 0.0)
(27.242914, 26.992893, 0.0)
(27.009245, 27.037741, 0.0)
(26.983917, 26.924982, 0.0)
(26.983095, 26.806618, 0.0)
(26.988165, 26.752937, 0.0)
(26.997707, 26.588820, 0.0)
(26.979204, 26.514824, 0.0)
(26.954420, 26.134369, 0.0)
(26.853518, 25.169231, 0.0)
(26.796551, 25.106178, 0.0)
(26.785723, 25.127485, 0.0)
(26.774851, 25.108198, 0.0)
(26.768444, 25.082626, 0.0)
(26.768074, 23.518059, 0.0)
(26.571760, 22.202736, 0.0)
(26.499767, 22.164032, 0.0)
(26.506571, 22.214960, 0.0)
(26.473392, 22.297388, 0.0)
(26.458231, 22.297388, 0.0)
(26.449125, 22.305014, 0.0)
(26.224218, 21.771217, 0.0)
(26.180960, 21.644585, 0.0)
(26.181059, 21.695469, 0.0)
(26.160458, 21.751049, 0.0)
(26.160069, 21.763250, 0.0)
(26.158072, 21.757599, 0.0)
(26.156267, 21.759399, 0.0)
(26.156168, 21.772993, 0.0)
(26.157557, 21.774652, 0.0)
(26.169069, 21.760347, 0.0)
(26.163858, 21.759192, 0.0)
(26.192245, 21.717867, 0.0)
(26.188965, 21.734825, 0.0)
(26.181408, 21.813271, 0.0)
(26.179548, 21.819469, 0.0)
(26.161676, 21.766882, 0.0)
(26.181360, 21.733786, 0.0)
(26.189051, 21.723719, 0.0)
(26.145956, 21.724762, 0.0)
(26.175322, 21.745964, 0.0)
(26.129967, 21.832664, 0.0)
(26.117765, 21.815767, 0.0)
(25.996685, 22.718187, 0.0)
(25.942907, 23.482130, 0.0)
(25.927784, 23.599236, 0.0)
(25.919685, 23.670246, 0.0)
(25.934822, 23.705585, 0.0)
(25.892445, 23.775566, 0.0)
(25.880365, 23.831287, 0.0)
(25.879520, 23.836906, 0.0)
(25.868670, 23.824108, 0.0)
(25.846653, 23.816582, 0.0)
(25.832838, 23.883720, 0.0)
(25.837799, 24.477388, 0.0)
(26.134777, 25.555042, 0.0)
(26.103498, 25.747513, 0.0)
(26.061953, 25.780783, 0.0)
(26.071829, 25.786520, 0.0)
(26.052338, 25.792000, 0.0)
(26.037901, 25.805128, 0.0)
(25.998793, 25.841103, 0.0)
(26.389423, 26.820549, 0.0)
(26.581985, 27.883043, 0.0)
(26.520315, 28.002443, 0.0)
(26.495287, 28.033747, 0.0)
(26.487322, 28.088940, 0.0)
(26.467316, 28.087450, 0.0)
(26.471609, 28.081448, 0.0)
(26.377949, 27.709444, 0.0)
(26.296392, 27.171326, 0.0)
(26.261932, 27.178022, 0.0)
(26.257925, 27.197569, 0.0)
(26.247768, 27.232389, 0.0)
(26.253269, 27.332161, 0.0)
(26.244593, 27.375729, 0.0)
(26.233253, 27.416742, 0.0)
(26.332445, 27.734999, 0.0)
(26.668787, 29.412563, 0.0)
(26.637150, 29.584288, 0.0)
(26.629618, 29.555452, 0.0)
(26.632954, 29.570457, 0.0)
(26.612959, 29.592495, 0.0)
(26.608093, 29.676817, 0.0)
(26.602264, 29.663647, 0.0)
(26.598528, 29.665535, 0.0)
(26.617628, 29.643471, 0.0)
(26.595503, 29.655878, 0.0)
(26.592037, 29.703682, 0.0)
(26.595503, 29.701166, 0.0)
(26.678476, 30.069153, 0.0)
(26.697390, 30.192043, 0.0)
(26.709255, 30.175417, 0.0)
(26.717659, 30.162107, 0.0)
(26.716108, 30.126614, 0.0)
(26.715429, 30.097710, 0.0)
(26.722752, 30.081610, 0.0)
(26.722603, 30.110706, 0.0)
(26.723890, 30.100317, 0.0)
(26.706032, 30.249994, 0.0)
(26.690445, 30.364296, 0.0)
(26.697075, 30.375217, 0.0)
(26.670696, 30.296146, 0.0)
(26.661190, 30.277756, 0.0)
(26.657398, 30.276091, 0.0)
(26.672392, 30.286568, 0.0)
(26.648464, 30.300446, 0.0)
(26.641232, 30.291700, 0.0)
(26.632057, 30.271471, 0.0)
(26.650236, 30.251516, 0.0)
(26.595572, 30.302460, 0.0)
(26.626169, 30.159864, 0.0)
(26.624884, 30.187792, 0.0)
(26.624435, 30.213278, 0.0)
(26.610773, 30.205990, 0.0)
(26.609505, 30.168835, 0.0)
(26.607016, 30.131506, 0.0)
(26.595226, 30.107613, 0.0)
(26.587612, 30.106346, 0.0)
(26.590853, 30.233805, 0.0)
(26.585247, 30.253780, 0.0)
(26.591082, 30.282755, 0.0)
(26.591082, 30.282755, 0.0)
(26.570406, 30.238409, 0.0)
(26.633661, 30.001810, 0.0)
(26.796942, 29.644335, 0.0)
(26.938166, 30.345184, 0.0)
(26.910311, 30.593929, 0.0)
(26.643848, 30.460569, 0.0)
(26.556612, 30.124731, 0.0)
(26.556610, 30.005985, 0.0)
(26.544127, 29.958614, 0.0)
(26.554007, 29.989676, 0.0)
(26.560492, 30.011866, 0.0)
(26.576818, 30.007288, 0.0)
(26.581310, 30.009922, 0.0)
(26.470434, 30.186192, 0.0)
(26.405462, 30.188519, 0.0)
(26.393158, 30.190426, 0.0)
(26.430937, 30.217249, 0.0)
(26.449596, 30.240128, 0.0)
(26.456015, 30.267076, 0.0)
(26.476923, 30.266649, 0.0)
(26.600920, 30.275667, 0.0)
(26.601864, 30.222919, 0.0)
(26.609821, 30.202190, 0.0)
(26.594908, 30.121414, 0.0)
(26.606318, 30.085098, 0.0)
(26.586847, 30.085098, 0.0)
(26.591930, 30.110334, 0.0)
