(33.971836, 24.084110, 0.0)
(33.811039, 22.987953, 0.0)
(33.806007, 22.120710, 0.0)
(33.803841, 21.524189, 0.0)
(33.876190, 21.265242, 0.0)
(34.002769, 21.264914, 0.0)
(34.123711, 21.281757, 0.0)
(34.224602, 21.288301, 0.0)
(34.317673, 21.292307, 0.0)
(34.407600, 21.261621, 0.0)
(34.445614, 21.250000, 0.0)
(33.828281, 21.182739, 0.0)
(33.790329, 21.183455, 0.0)
(33.820938, 21.121262, 0.0)
(33.834045, 21.138184, 0.0)
(33.807190, 21.095667, 0.0)
(33.825245, 21.043934, 0.0)
(33.842888, 21.041109, 0.0)
(33.853565, 21.027693, 0.0)
(34.684345, 20.503683, 0.0)
(34.775795, 20.302792, 0.0)
(34.761562, 20.311878, 0.0)
(34.752804, 20.322172, 0.0)
(34.747608, 20.264643, 0.0)
(34.741947, 20.245604, 0.0)
(34.593662, 20.478918, 0.0)
(34.452477, 21.282141, 0.0)
(34.412544, 21.356876, 0.0)
(34.411327, 21.344530, 0.0)
(34.385933, 21.351126, 0.0)
(34.379578, 21.327179, 0.0)
(34.367554, 21.332668, 0.0)
(34.390797, 21.309464, 0.0)
(35.796650, 21.045628, 0.0)
(35.875244, 20.964897, 0.0)
(35.846054, 21.025116, 0.0)
(35.814831, 21.056147, 0.0)
(35.804779, 21.032713, 0.0)
(34.397953, 21.032589, 0.0)
(34.369781, 21.050840, 0.0)
(34.384113, 21.021051, 0.0)
(34.379562, 21.036289, 0.0)
(34.417023, 21.072969, 0.0)
(34.615772, 20.610044, 0.0)
(34.730328, 20.217529, 0.0)
(34.692356, 20.203447, 0.0)
(34.662930, 20.229490, 0.0)
(34.657677, 20.222649, 0.0)
(34.629410, 20.204641, 0.0)
(34.625084, 20.202585, 0.0)
(34.637115, 20.193104, 0.0)
(34.207779, 20.900623, 0.0)
(34.151375, 20.987507, 0.0)
(34.147583, 20.983175, 0.0)
(34.119118, 20.976027, 0.0)
(34.115040, 20.977554, 0.0)
(34.111324, 20.965641, 0.0)
(34.394112, 21.590075, 0.0)
(34.409122, 21.645826, 0.0)
(34.382130, 21.631601, 0.0)
(34.384041, 21.633051, 0.0)
(34.366985, 21.640072, 0.0)
(34.369072, 21.634148, 0.0)
(34.380604, 21.653725, 0.0)
(34.374985, 21.650948, 0.0)
(34.400368, 21.635111, 0.0)
(34.414207, 21.646467, 0.0)
(34.410942, 21.631920, 0.0)
(34.427475, 21.580172, 0.0)
(34.446011, 21.602648, 0.0)
(34.435997, 21.557161, 0.0)
(34.376709, 21.629763, 0.0)
(34.379524, 21.630884, 0.0)
(34.364262, 21.664341, 0.0)
(34.364262, 21.642855, 0.0)
(34.372795, 21.607412, 0.0)
(34.400349, 21.618853, 0.0)
(34.385662, 21.619164, 0.0)
(34.389538, 21.630470, 0.0)
(34.397095, 21.604294, 0.0)
(34.382458, 21.617046, 0.0)
(34.400597, 21.619619, 0.0)
(34.380402, 21.583883, 0.0)
(34.367702, 21.593920, 0.0)
(34.327972, 21.593056, 0.0)
(34.090496, 21.647255, 0.0)
(34.076656, 21.667692, 0.0)
(34.087883, 21.671854, 0.0)
(34.072987, 21.645006, 0.0)
(34.051746, 21.638830, 0.0)
(34.066792, 21.614799, 0.0)
(34.337605, 21.643702, 0.0)
(34.389645, 21.669338, 0.0)
(34.371849, 21.700405, 0.0)
(34.381424, 21.672688, 0.0)
(34.388889, 21.682478, 0.0)
(34.421009, 21.656506, 0.0)
(34.412804, 21.643538, 0.0)
(34.402134, 21.642061, 0.0)
(34.418190, 21.682051, 0.0)
(34.414951, 21.693066, 0.0)
(34.396729, 21.720955, 0.0)
(34.389183, 21.744127, 0.0)
(34.379440, 21.762474, 0.0)
(34.384964, 21.745174, 0.0)
(34.387943, 21.721392, 0.0)
(34.381725, 21.741083, 0.0)
(34.395359, 21.717211, 0.0)
(34.375053, 21.706512, 0.0)
(34.368122, 21.678276, 0.0)
(34.336117, 21.677700, 0.0)
(34.354523, 21.686699, 0.0)
(34.334740, 21.697800, 0.0)
(34.375145, 21.704647, 0.0)
(34.390244, 21.733297, 0.0)
(34.379719, 21.712803, 0.0)
(34.379147, 21.690161, 0.0)
(34.396999, 21.644335, 0.0)
(34.383774, 21.654377, 0.0)
(34.365108, 21.626633, 0.0)
(34.378151, 21.628595, 0.0)
(34.357521, 21.644152, 0.0)
(34.384758, 21.652422, 0.0)
(34.381081, 21.657063, 0.0)
(34.365437, 21.674355, 0.0)
(34.368877, 21.672886, 0.0)
(34.381905, 21.644503, 0.0)
(34.349758, 21.646519, 0.0)
(34.358536, 21.638899, 0.0)
(34.357018, 21.656696, 0.0)
(34.357552, 21.669569, 0.0)
(34.362694, 21.697155, 0.0)
(34.370018, 21.704416, 0.0)
(34.372547, 21.717392, 0.0)
(34.373135, 21.664793, 0.0)
(34.361774, 21.645128, 0.0)
(34.377441, 21.640333, 0.0)
(34.389500, 21.646023, 0.0)
(34.403355, 21.648005, 0.0)
(34.406868, 21.675190, 0.0)
(34.395908, 21.681728, 0.0)
(34.405266, 21.676094, 0.0)
(34.412037, 21.667114, 0.0)
(34.410179, 21.635445, 0.0)
(34.409199, 21.628487, 0.0)
(34.406616, 21.555918, 0.0)
(34.325256, 21.571133, 0.0)
(34.041508, 23.129379, 0.0)
(33.696301, 22.891142, 0.0)
(34.075039, 21.338854, 0.0)
(34.218018, 21.147882, 0.0)
(34.246971, 21.225733, 0.0)
(34.251907, 21.261209, 0.0)
(34.256126, 21.245070, 0.0)
(34.272549, 21.266829, 0.0)
(34.259724, 21.253273, 0.0)
(34.293766, 21.268686, 0.0)
(34.075077, 21.313124, 0.0)
(34.038631, 21.324844, 0.0)
(34.027706, 21.299974, 0.0)
(34.035603, 21.295975, 0.0)
(33.990479, 21.268944, 0.0)
(33.963707, 21.255739, 0.0)
(33.954052, 21.324919, 0.0)
(33.995842, 21.333193, 0.0)
(33.998646, 21.329231, 0.0)
(33.936092, 21.274607, 0.0)
(33.970303, 21.325533, 0.0)
(34.264183, 21.477959, 0.0)
(34.340759, 21.544075, 0.0)
(34.350414, 21.550156, 0.0)
(34.343163, 21.629601, 0.0)
(34.355278, 21.704165, 0.0)
(34.378727, 21.727432, 0.0)
(34.385731, 21.755346, 0.0)
(34.390182, 21.738047, 0.0)
(34.389553, 21.773129, 0.0)
(34.916916, 21.007229, 0.0)
(37.801003, 19.032633, 0.0)
(40.342804, 19.395884, 0.0)
(40.997524, 19.886971, 0.0)
(40.989689, 19.910902, 0.0)
(40.986061, 19.785677, 0.0)
(40.960369, 19.697748, 0.0)
(41.258804, 20.601917, 0.0)
(41.480762, 24.077841, 0.0)
(41.541035, 26.487154, 0.0)
(41.513206, 27.417751, 0.0)
(41.485115, 27.408426, 0.0)
(41.469769, 27.378195, 0.0)
(41.461838, 27.360126, 0.0)
(41.461693, 27.401796, 0.0)
(41.776253, 28.117878, 0.0)
(41.767555, 28.199673, 0.0)
(41.728199, 28.162357, 0.0)
(41.722393, 28.131315, 0.0)
(41.716450, 28.088749, 0.0)
(41.695148, 28.047489, 0.0)
(41.534500, 28.065014, 0.0)
(41.507771, 28.028414, 0.0)
(41.487228, 27.991776, 0.0)
(41.484047, 27.985970, 0.0)
(41.420021, 27.937372, 0.0)
(41.434742, 28.002699, 0.0)
(41.432713, 28.017622, 0.0)
(41.467304, 28.018194, 0.0)
(41.443779, 28.021696, 0.0)
(41.469017, 28.025421, 0.0)
(41.456856, 28.022730, 0.0)
(41.465332, 28.021441, 0.0)
(41.461693, 28.033007, 0.0)
(41.568089, 26.619240, 0.0)
(41.585911, 21.525070, 0.0)
(41.413433, 19.804768, 0.0)
(41.241158, 19.171282, 0.0)
(41.198051, 19.186558, 0.0)
(41.198563, 19.209980, 0.0)
(41.191933, 19.178232, 0.0)
(41.204697, 19.204229, 0.0)
(41.209717, 19.164961, 0.0)
(41.235992, 19.213934, 0.0)
(41.306747, 19.362259, 0.0)
(41.307186, 19.369057, 0.0)
(41.310921, 19.362217, 0.0)
(41.279739, 19.313173, 0.0)
(41.291573, 19.310675, 0.0)
(41.304852, 19.296322, 0.0)
(41.297688, 19.350000, 0.0)
(41.286274, 19.346727, 0.0)
(41.266457, 19.366749, 0.0)
(41.258915, 19.392984, 0.0)
(41.275604, 19.347887, 0.0)
(41.252995, 19.355570, 0.0)
(41.251480, 19.336212, 0.0)
(41.257397, 19.352987, 0.0)
(41.270779, 19.399405, 0.0)
(41.249977, 19.401657, 0.0)
(41.241413, 19.445204, 0.0)
(41.242886, 19.446154, 0.0)
(41.242928, 19.414331, 0.0)
(41.271416, 19.378853, 0.0)
(41.266705, 19.340261, 0.0)
(41.262569, 19.290443, 0.0)
(41.239651, 19.313049, 0.0)
(41.216805, 19.309299, 0.0)
(41.223019, 19.383698, 0.0)
(41.110336, 19.323528, 0.0)
(36.448772, 18.609545, 0.0)
(31.858738, 20.920547, 0.0)
(28.348804, 23.905764, 0.0)
(26.653000, 25.532751, 0.0)
(26.599655, 26.085251, 0.0)
(26.624590, 26.008316, 0.0)
(26.602295, 25.957539, 0.0)
(26.569235, 25.948828, 0.0)
(26.561575, 25.884129, 0.0)
(25.819952, 26.858017, 0.0)
(25.836287, 27.212378, 0.0)
(25.810986, 27.211866, 0.0)
(25.768055, 27.133200, 0.0)
(25.742380, 27.165937, 0.0)
(25.699753, 27.138462, 0.0)
(25.676622, 27.076496, 0.0)
(25.678247, 27.131483, 0.0)
(25.692768, 27.208149, 0.0)
(25.671455, 27.254038, 0.0)
(25.659618, 27.231125, 0.0)
(25.650627, 27.149651, 0.0)
(25.601402, 27.119310, 0.0)
(25.568455, 27.128826, 0.0)
(25.526012, 27.164133, 0.0)
(25.521782, 27.154972, 0.0)
(25.552872, 27.074713, 0.0)
(25.633457, 26.984615, 0.0)
(25.663721, 26.893301, 0.0)
(25.653130, 26.814877, 0.0)
(25.621651, 26.749651, 0.0)
(25.577961, 26.713453, 0.0)
(25.560970, 26.730433, 0.0)
(25.551804, 26.717747, 0.0)
(25.582016, 26.746325, 0.0)
(25.573881, 26.739717, 0.0)
(25.600943, 26.710133, 0.0)
(25.602533, 26.710325, 0.0)
(25.643599, 25.084827, 0.0)
(25.513618, 20.438602, 0.0)
(25.562813, 19.327158, 0.0)
(25.546965, 19.257509, 0.0)
(25.485338, 19.215036, 0.0)
(25.209879, 18.961006, 0.0)
(25.053694, 18.656429, 0.0)
(25.050688, 18.573828, 0.0)
(25.004595, 18.553661, 0.0)
(24.992634, 18.508619, 0.0)
(24.983965, 18.485085, 0.0)
(24.980574, 18.507042, 0.0)
(24.976490, 18.513418, 0.0)
(24.860201, 18.485470, 0.0)
(24.853390, 18.494244, 0.0)
(24.888453, 18.495291, 0.0)
(24.891825, 18.500219, 0.0)
(24.881281, 18.515976, 0.0)
(24.875254, 18.505047, 0.0)
(24.895529, 18.511236, 0.0)
(24.910309, 18.515854, 0.0)
(24.923691, 18.533075, 0.0)
(24.924646, 18.510546, 0.0)
(24.903059, 18.530397, 0.0)
(24.886286, 18.535707, 0.0)
(24.884380, 18.564764, 0.0)
(25.081621, 18.515673, 0.0)
(25.123493, 18.475491, 0.0)
(25.123625, 18.457071, 0.0)
(25.118343, 18.472261, 0.0)
(25.105822, 18.462507, 0.0)
(25.093447, 18.430227, 0.0)
(25.086386, 18.414444, 0.0)
(25.086386, 18.414444, 0.0)
(25.093922, 18.432665, 0.0)
(25.110748, 18.422802, 0.0)
(25.125916, 18.417984, 0.0)
(25.188301, 18.384523, 0.0)
(26.900360, 18.287682, 0.0)
(32.083591, 19.775936, 0.0)
(34.504154, 21.248224, 0.0)
(34.491024, 21.172064, 0.0)
(34.437656, 21.087711, 0.0)
(34.419205, 21.047569, 0.0)
(34.429245, 20.993345, 0.0)
(33.933201, 21.272661, 0.0)
(33.955620, 21.290106, 0.0)
(33.953926, 21.225012, 0.0)
(33.960537, 21.199673, 0.0)
(33.975460, 21.181646, 0.0)
(33.976051, 21.168133, 0.0)
(33.982906, 21.187012, 0.0)
(33.979443, 21.143057, 0.0)
(33.980698, 21.149181, 0.0)
(33.970955, 21.133436, 0.0)
(34.003990, 21.237848, 0.0)
(34.029869, 21.322475, 0.0)
(34.032703, 21.318926, 0.0)
(34.026203, 21.332308, 0.0)
(34.028984, 21.360291, 0.0)
(34.044140, 21.363033, 0.0)
(34.049263, 21.329077, 0.0)
(34.053764, 21.310186, 0.0)
(34.086239, 21.282881, 0.0)
(34.068169, 21.265783, 0.0)
(34.058006, 21.243076, 0.0)
(34.047718, 21.242426, 0.0)
(34.044094, 21.253641, 0.0)
(34.096474, 21.262747, 0.0)
(34.106770, 21.294680, 0.0)
(34.093590, 21.304588, 0.0)
(34.064339, 21.328140, 0.0)
(34.062523, 21.306772, 0.0)
(34.086884, 21.300613, 0.0)
(34.097942, 21.211077, 0.0)
(34.100376, 21.195604, 0.0)
(33.668331, 21.301628, 0.0)
(28.869720, 23.578808, 0.0)
(26.406992, 25.747021, 0.0)
(25.929054, 26.422239, 0.0)
(25.835073, 26.609407, 0.0)
(25.857391, 26.521555, 0.0)
(25.844627, 26.493113, 0.0)
(25.847380, 26.482729, 0.0)
(25.830381, 26.479555, 0.0)
(26.173901, 26.445637, 0.0)
(27.865768, 26.849146, 0.0)
(27.936417, 26.889744, 0.0)
(27.928699, 26.862558, 0.0)
(27.955406, 26.839760, 0.0)
(30.221910, 26.805077, 0.0)
(30.716917, 26.804512, 0.0)
(30.788183, 26.729176, 0.0)
(30.902117, 26.761768, 0.0)
(30.999645, 26.737253, 0.0)
(31.380575, 26.740740, 0.0)
(33.492668, 26.526491, 0.0)
(33.703190, 26.537710, 0.0)
(33.847946, 26.520044, 0.0)
(34.026512, 26.519001, 0.0)
(34.217052, 26.513462, 0.0)
(34.352226, 26.491261, 0.0)
(34.836128, 26.520897, 0.0)
(37.199677, 26.625511, 0.0)
(37.379299, 26.667204, 0.0)
(37.486588, 26.673372, 0.0)
(37.578716, 26.683235, 0.0)
(37.674049, 26.683317, 0.0)
(37.810196, 26.666529, 0.0)
(38.126850, 26.723288, 0.0)
(40.205120, 26.699011, 0.0)
(40.288845, 26.684763, 0.0)
(40.315639, 26.701525, 0.0)
(40.331017, 26.720947, 0.0)
(40.339622, 26.705248, 0.0)
(40.391300, 26.694447, 0.0)
(40.403698, 26.658968, 0.0)
(40.417252, 26.638622, 0.0)
(40.419418, 26.619616, 0.0)
(40.470264, 26.551716, 0.0)
(40.494171, 26.541348, 0.0)
(40.532341, 26.477871, 0.0)
(40.558712, 26.435972, 0.0)
(40.563049, 26.433958, 0.0)
(41.063583, 26.647749, 0.0)
(41.381195, 26.641844, 0.0)
(41.429310, 26.589525, 0.0)
(41.443653, 26.528574, 0.0)
(41.457977, 26.458710, 0.0)
(41.548508, 23.909521, 0.0)
(41.657238, 22.947493, 0.0)
(41.553520, 22.811419, 0.0)
(41.510338, 22.763668, 0.0)
(41.456905, 22.732584, 0.0)
(40.670742, 22.986080, 0.0)
(40.179733, 24.673588, 0.0)
(40.141457, 24.913551, 0.0)
(40.075855, 24.821524, 0.0)
(39.864239, 24.695612, 0.0)
(38.510983, 25.712843, 0.0)
(38.341404, 25.747478, 0.0)
(38.182137, 25.616795, 0.0)
(37.914829, 25.541416, 0.0)
(37.594723, 25.463745, 0.0)
(36.705395, 25.875059, 0.0)
(36.511257, 25.875511, 0.0)
(36.229366, 25.757835, 0.0)
(35.964687, 25.688251, 0.0)
(35.699734, 25.589674, 0.0)
(35.457306, 25.513546, 0.0)
(35.185513, 25.431118, 0.0)
(33.664196, 25.658642, 0.0)
(33.416851, 25.670073, 0.0)
(33.191624, 25.619665, 0.0)
(32.963242, 25.573259, 0.0)
(32.738110, 25.563532, 0.0)
(32.476978, 25.527939, 0.0)
(32.263851, 25.477089, 0.0)
(30.393957, 25.894728, 0.0)
(29.475733, 26.110294, 0.0)
(29.222935, 26.108274, 0.0)
(29.054577, 26.116034, 0.0)
(28.906073, 26.053041, 0.0)
(28.769205, 26.066715, 0.0)
(28.608253, 26.062365, 0.0)
(28.484484, 25.974905, 0.0)
(28.354200, 26.015903, 0.0)
(28.175091, 25.944471, 0.0)
(28.044655, 25.922571, 0.0)
(26.163393, 25.869726, 0.0)
(26.138432, 25.713215, 0.0)
(26.115791, 25.706955, 0.0)
(26.066174, 25.685192, 0.0)
(26.061953, 25.659960, 0.0)
(26.028753, 25.610256, 0.0)
(25.998583, 25.577370, 0.0)
(25.986053, 25.568636, 0.0)
(25.982332, 25.571064, 0.0)
(25.943542, 25.588051, 0.0)
(25.905516, 25.589264, 0.0)
(25.937513, 25.580137, 0.0)
(25.968208, 25.503077, 0.0)
(25.982765, 25.460690, 0.0)
(26.027840, 25.400944, 0.0)
(26.049505, 25.349119, 0.0)
(26.078268, 25.267551, 0.0)
(28.506569, 24.618881, 0.0)
(28.827745, 24.584274, 0.0)
(28.939499, 24.589743, 0.0)
(29.091290, 24.584703, 0.0)
(29.264919, 24.551907, 0.0)
(29.406630, 24.507738, 0.0)
(29.642509, 24.448729, 0.0)
(31.234722, 24.983549, 0.0)
(31.668236, 25.191771, 0.0)
(31.893379, 25.186520, 0.0)
(32.099312, 25.224535, 0.0)
(32.291298, 25.259861, 0.0)
(32.493675, 25.235800, 0.0)
(32.728386, 25.276674, 0.0)
(32.956253, 25.251822, 0.0)
(33.177608, 25.215683, 0.0)
(33.448494, 25.216413, 0.0)
(33.707317, 25.217863, 0.0)
(33.919365, 25.206898, 0.0)
(34.230869, 25.155827, 0.0)
(36.208988, 25.204248, 0.0)
(36.901363, 25.145815, 0.0)
(37.040401, 25.102165, 0.0)
(37.170464, 25.126726, 0.0)
(37.291279, 25.117615, 0.0)
(37.447014, 25.157692, 0.0)
(37.605125, 25.249729, 0.0)
(37.758530, 25.290529, 0.0)
(37.885143, 25.299862, 0.0)
(38.066845, 25.295124, 0.0)
(38.322842, 25.373186, 0.0)
(40.705688, 25.455704, 0.0)
(40.845886, 25.365681, 0.0)
(40.844528, 25.383139, 0.0)
(40.848789, 25.405344, 0.0)
(40.848789, 25.418100, 0.0)
(40.881859, 25.496357, 0.0)
(40.907608, 25.585348, 0.0)
(40.932995, 25.606400, 0.0)
(40.968227, 25.624971, 0.0)
(40.982994, 25.610725, 0.0)
(41.014385, 25.595432, 0.0)
(41.022270, 25.566204, 0.0)
(41.032375, 25.610130, 0.0)
(41.034138, 25.584427, 0.0)
(41.025536, 25.572927, 0.0)
(41.016125, 25.508997, 0.0)
(40.995457, 25.394302, 0.0)
(41.045986, 25.236265, 0.0)
(41.520084, 24.897305, 0.0)
(41.507359, 24.742081, 0.0)
(41.456169, 24.673603, 0.0)
(41.297729, 24.566053, 0.0)
(39.901951, 24.557442, 0.0)
(39.769733, 24.492098, 0.0)
(39.588478, 24.383297, 0.0)
(39.333797, 24.224001, 0.0)
(39.069939, 24.070442, 0.0)
(37.453003, 23.896328, 0.0)
(37.082489, 23.846767, 0.0)
(36.844543, 23.743217, 0.0)
(36.610165, 23.742807, 0.0)
(36.441437, 23.685610, 0.0)
(36.221519, 23.620386, 0.0)
(35.971333, 23.575333, 0.0)
(35.779716, 23.551893, 0.0)
(35.577927, 23.543106, 0.0)
(35.385860, 23.588060, 0.0)
(32.974281, 23.397036, 0.0)
(30.301931, 23.451975, 0.0)
(30.056746, 23.594156, 0.0)
(29.959097, 23.640980, 0.0)
(29.821814, 23.629957, 0.0)
(29.761585, 23.637283, 0.0)
(29.595772, 23.663380, 0.0)
(29.489077, 23.641691, 0.0)
(27.209467, 24.086588, 0.0)
(26.907467, 24.236349, 0.0)
(26.856874, 24.305925, 0.0)
(26.809412, 24.370689, 0.0)
(26.771103, 24.420452, 0.0)
(26.735691, 24.431282, 0.0)
(26.715080, 24.456472, 0.0)
(26.670996, 24.461613, 0.0)
(26.629288, 24.472921, 0.0)
(26.581553, 24.468227, 0.0)
(27.230215, 24.464876, 0.0)
(27.207098, 24.452808, 0.0)
(27.082726, 24.402206, 0.0)
(26.973112, 24.407522, 0.0)
(26.871754, 24.412003, 0.0)
(26.781250, 24.402784, 0.0)
(26.631708, 24.399603, 0.0)
(26.522837, 24.410114, 0.0)
(26.470737, 24.435341, 0.0)
(25.464506, 24.571892, 0.0)
(25.231884, 24.536373, 0.0)
(25.185097, 24.572863, 0.0)
(25.161449, 24.595692, 0.0)
(25.154722, 24.615385, 0.0)
(25.205395, 24.645519, 0.0)
(25.265903, 24.728903, 0.0)
(25.345285, 24.876699, 0.0)
(25.656630, 24.888412, 0.0)
(27.211695, 24.189583, 0.0)
(27.331379, 24.105593, 0.0)
(27.396706, 24.126600, 0.0)
(27.568535, 24.111839, 0.0)
(27.705683, 24.156130, 0.0)
(27.884495, 24.144716, 0.0)
(29.904541, 24.458765, 0.0)
(30.345650, 24.522127, 0.0)
(30.438845, 24.601015, 0.0)
(30.607405, 24.574009, 0.0)
(30.716431, 24.617744, 0.0)
(30.909706, 24.606632, 0.0)
(31.112335, 24.592865, 0.0)
(31.303303, 24.545317, 0.0)
(31.540562, 24.458620, 0.0)
(31.654978, 24.419647, 0.0)
(32.106247, 24.388891, 0.0)
(35.206383, 24.403658, 0.0)
(35.870045, 24.334276, 0.0)
(35.841759, 24.292105, 0.0)
(35.873684, 24.285793, 0.0)
(36.051853, 24.281702, 0.0)
(36.292068, 24.349205, 0.0)
(36.508965, 24.426855, 0.0)
(36.660656, 24.449396, 0.0)
(36.783779, 24.529823, 0.0)
(36.900986, 24.567614, 0.0)
(37.031876, 24.615385, 0.0)
(37.147858, 24.649685, 0.0)
(37.281216, 24.646873, 0.0)
(39.142097, 25.077112, 0.0)
(39.385078, 25.106548, 0.0)
(39.449791, 25.119635, 0.0)
(39.559566, 25.138086, 0.0)
(39.603695, 25.150251, 0.0)
(39.656441, 25.168837, 0.0)
(39.752968, 25.185020, 0.0)
(39.841179, 25.186632, 0.0)
(39.919949, 25.221468, 0.0)
(40.948490, 25.862564, 0.0)
(41.101574, 25.850750, 0.0)
(41.107384, 25.861246, 0.0)
(41.132851, 25.879148, 0.0)
(41.159271, 25.875990, 0.0)
(41.202412, 25.821915, 0.0)
(41.241390, 25.810268, 0.0)
(41.239090, 25.768301, 0.0)
(41.246399, 25.750906, 0.0)
(41.243416, 25.716808, 0.0)
(41.203819, 25.592558, 0.0)
(41.167202, 25.507692, 0.0)
(41.130577, 25.335903, 0.0)
(41.064018, 25.277752, 0.0)
(41.049522, 25.201242, 0.0)
(40.949921, 25.067434, 0.0)
(39.323460, 24.604130, 0.0)
(39.339275, 24.649805, 0.0)
(39.240921, 24.597916, 0.0)
(39.005424, 24.481266, 0.0)
(38.803669, 24.374537, 0.0)
(38.524254, 24.331772, 0.0)
(38.265945, 24.235832, 0.0)
(38.014683, 24.150600, 0.0)
(37.738369, 24.035349, 0.0)
(37.377209, 23.970379, 0.0)
(37.150230, 23.910839, 0.0)
(36.842537, 23.780777, 0.0)
(36.595966, 23.747818, 0.0)
(35.544514, 24.063303, 0.0)
(35.259365, 24.084162, 0.0)
(34.936939, 24.028687, 0.0)
(34.644100, 24.008841, 0.0)
(34.310493, 23.927731, 0.0)
(34.002384, 23.910786, 0.0)
(33.710262, 23.903374, 0.0)
(33.452755, 23.921755, 0.0)
(33.207714, 23.912874, 0.0)
(32.466682, 24.040886, 0.0)
(31.582769, 24.104670, 0.0)
(31.320200, 24.101309, 0.0)
(31.087559, 24.090036, 0.0)
(30.814360, 24.069912, 0.0)
(30.598572, 24.092463, 0.0)
(30.419718, 24.076496, 0.0)
(30.155975, 24.087023, 0.0)
(28.739885, 24.311312, 0.0)
(28.496572, 24.318350, 0.0)
(28.315460, 24.337637, 0.0)
(28.114187, 24.331434, 0.0)
(27.932438, 24.346199, 0.0)
(27.723038, 24.368275, 0.0)
(27.523115, 24.384768, 0.0)
(27.413740, 24.401339, 0.0)
(26.748381, 24.343529, 0.0)
(25.954790, 24.389702, 0.0)
(25.821514, 24.421263, 0.0)
(25.759136, 24.413477, 0.0)
(25.743200, 24.397478, 0.0)
(25.725269, 24.384239, 0.0)
(25.717764, 24.372238, 0.0)
(25.708403, 24.326571, 0.0)
(25.744810, 24.299311, 0.0)
(25.753777, 24.263803, 0.0)
(25.781940, 24.235382, 0.0)
(25.809771, 24.202862, 0.0)
(25.876501, 24.163883, 0.0)
(25.894972, 24.138325, 0.0)
(26.015022, 24.102741, 0.0)
(27.488586, 23.789726, 0.0)
(27.611223, 23.758329, 0.0)
(27.685362, 23.737215, 0.0)
(27.787252, 23.681570, 0.0)
(27.912329, 23.675714, 0.0)
(28.084095, 23.679832, 0.0)
(28.355818, 23.673615, 0.0)
(30.463619, 23.571144, 0.0)
(30.739109, 23.544556, 0.0)
(31.006317, 23.608688, 0.0)
(31.223305, 23.598112, 0.0)
(31.429338, 23.574471, 0.0)
(31.683529, 23.557543, 0.0)
(31.926699, 23.565599, 0.0)
(32.168297, 23.554579, 0.0)
(32.455944, 23.578173, 0.0)
(32.680317, 23.586544, 0.0)
(34.497108, 23.745298, 0.0)
(34.775841, 23.772520, 0.0)
(34.920242, 23.742155, 0.0)
(35.135181, 23.790876, 0.0)
(35.336460, 23.811901, 0.0)
(35.501373, 23.806061, 0.0)
(35.668072, 23.786806, 0.0)
(36.001987, 23.865503, 0.0)
(37.422092, 24.032911, 0.0)
(37.635204, 24.101067, 0.0)
(37.752464, 24.148869, 0.0)
(37.895149, 24.181051, 0.0)
(38.007919, 24.126469, 0.0)
(38.086147, 24.140446, 0.0)
(38.170650, 24.150427, 0.0)
(39.770912, 24.445057, 0.0)
(39.871311, 24.410162, 0.0)
(39.888008, 24.461975, 0.0)
(39.920616, 24.490818, 0.0)
(40.004860, 24.510664, 0.0)
(40.064648, 24.496239, 0.0)
(40.417107, 24.555376, 0.0)
(41.355499, 24.810711, 0.0)
(41.403416, 24.692665, 0.0)
(41.391090, 24.694298, 0.0)
(41.385670, 24.633274, 0.0)
(41.381382, 24.673819, 0.0)
(41.373894, 24.660942, 0.0)
(41.373894, 24.660942, 0.0)
(41.353390, 24.651176, 0.0)
(41.330338, 24.553299, 0.0)
(41.288311, 24.438301, 0.0)
(41.227646, 24.312864, 0.0)
(41.190983, 24.174152, 0.0)
(41.135830, 24.147625, 0.0)
(41.070137, 24.047956, 0.0)
(39.650284, 23.746572, 0.0)
(39.596294, 23.763041, 0.0)
(39.426723, 23.657858, 0.0)
(39.262276, 23.529547, 0.0)
(39.091766, 23.491142, 0.0)
(38.895741, 23.374939, 0.0)
(38.648159, 23.320532, 0.0)
(38.376007, 23.217060, 0.0)
(38.099716, 23.103296, 0.0)
(37.754948, 23.056988, 0.0)
(36.110741, 23.025101, 0.0)
(35.849007, 22.964014, 0.0)
(35.630108, 22.929312, 0.0)
(35.397915, 22.866287, 0.0)
(35.200836, 22.841152, 0.0)
(35.014385, 22.789618, 0.0)
(34.771606, 22.717539, 0.0)
(34.496162, 22.689949, 0.0)
(34.251884, 22.661264, 0.0)
(33.655300, 22.757830, 0.0)
(32.326061, 22.911623, 0.0)
(32.016933, 22.916576, 0.0)
(31.759315, 22.861803, 0.0)
(31.484970, 22.863054, 0.0)
(31.246859, 22.834461, 0.0)
(31.016941, 22.855000, 0.0)
(30.727982, 22.864014, 0.0)
(30.518076, 22.892717, 0.0)
(30.289715, 22.864683, 0.0)
(29.928387, 22.917511, 0.0)
(28.341831, 23.263309, 0.0)
(28.053949, 23.315943, 0.0)
(27.874807, 23.276754, 0.0)
(27.708124, 23.307863, 0.0)
(27.539524, 23.314417, 0.0)
(27.391167, 23.295870, 0.0)
(27.227604, 23.262011, 0.0)
(27.070770, 23.334719, 0.0)
(25.898674, 23.515966, 0.0)
(25.773285, 23.592661, 0.0)
(25.653978, 23.588970, 0.0)
(25.559677, 23.620701, 0.0)
(25.502512, 23.642370, 0.0)
(25.464479, 23.606657, 0.0)
(25.458851, 23.602310, 0.0)
(25.426239, 23.567616, 0.0)
(25.442774, 23.570215, 0.0)
(25.477568, 23.535532, 0.0)
(24.985298, 23.057405, 0.0)
(24.959469, 22.920839, 0.0)
(24.995256, 22.881271, 0.0)
(25.007948, 22.844231, 0.0)
(26.451904, 22.565176, 0.0)
(27.243206, 22.383009, 0.0)
(27.376417, 22.313639, 0.0)
(27.467340, 22.275307, 0.0)
(27.609974, 22.229586, 0.0)
(27.880190, 22.184616, 0.0)
(30.271397, 22.268337, 0.0)
(30.475918, 22.289209, 0.0)
(30.646719, 22.259729, 0.0)
(30.850586, 22.237865, 0.0)
(31.105917, 22.230852, 0.0)
(31.316952, 22.223665, 0.0)
(31.546534, 22.238447, 0.0)
(31.807180, 22.237411, 0.0)
(32.063961, 22.278074, 0.0)
(32.294022, 22.251665, 0.0)
(32.540394, 22.240805, 0.0)
(32.725842, 22.281481, 0.0)
(32.983978, 22.288656, 0.0)
(33.187485, 22.252966, 0.0)
(35.065392, 22.536482, 0.0)
(35.588669, 22.592466, 0.0)
(35.736034, 22.576115, 0.0)
(35.816505, 22.521301, 0.0)
(35.952038, 22.579021, 0.0)
(36.102100, 22.612564, 0.0)
(36.289799, 22.613441, 0.0)
(36.414429, 22.662706, 0.0)
(38.068634, 23.099098, 0.0)
(38.658081, 23.221487, 0.0)
(38.775875, 23.249348, 0.0)
(38.881737, 23.297773, 0.0)
(38.975796, 23.300169, 0.0)
(39.092655, 23.298580, 0.0)
(39.157276, 23.300728, 0.0)
(39.286354, 23.332628, 0.0)
(39.370861, 23.397238, 0.0)
(40.120029, 23.764606, 0.0)
(41.019096, 24.017138, 0.0)
(41.095276, 24.027222, 0.0)
(41.130737, 24.003136, 0.0)
(41.175758, 23.925360, 0.0)
(41.186897, 23.885048, 0.0)
(41.240513, 23.932081, 0.0)
(41.265026, 23.903898, 0.0)
(41.247284, 23.868464, 0.0)
(41.229679, 23.871899, 0.0)
(41.205395, 23.791590, 0.0)
(41.138168, 23.718115, 0.0)
(41.315819, 23.543745, 0.0)
(41.533848, 23.414654, 0.0)
(41.477772, 23.322464, 0.0)
(41.347836, 23.165987, 0.0)
(40.122395, 22.680679, 0.0)
(39.787235, 22.723118, 0.0)
(39.688747, 22.657845, 0.0)
(39.555698, 22.579857, 0.0)
(39.381321, 22.579433, 0.0)
(39.148018, 22.466372, 0.0)
(38.963047, 22.334272, 0.0)
(38.694351, 22.239246, 0.0)
(36.728401, 21.892477, 0.0)
(36.478451, 21.905403, 0.0)
(36.329002, 21.856316, 0.0)
(36.043709, 21.802513, 0.0)
(35.852207, 21.793291, 0.0)
(35.647884, 21.727995, 0.0)
(35.398891, 21.674955, 0.0)
(35.170601, 21.628372, 0.0)
(34.970951, 21.607071, 0.0)
(34.744320, 21.611483, 0.0)
(34.480114, 21.558975, 0.0)
(34.205811, 21.527458, 0.0)
(33.457325, 21.590727, 0.0)
(32.586277, 21.673870, 0.0)
(32.371719, 21.709822, 0.0)
(32.131973, 21.714550, 0.0)
(31.925327, 21.719887, 0.0)
(31.720856, 21.710499, 0.0)
(31.494167, 21.658873, 0.0)
(30.580372, 21.820738, 0.0)
(29.390661, 22.019707, 0.0)
(29.164816, 22.036301, 0.0)
(28.937901, 22.103561, 0.0)
(28.742134, 22.131338, 0.0)
(28.583073, 22.130859, 0.0)
(28.395674, 22.161291, 0.0)
(28.238409, 22.169167, 0.0)
(27.242153, 22.310349, 0.0)
(26.525986, 22.466106, 0.0)
(26.388664, 22.483322, 0.0)
(26.224791, 22.485332, 0.0)
(26.132584, 22.465973, 0.0)
(26.075508, 22.484268, 0.0)
(26.004515, 22.504463, 0.0)
(25.987185, 22.500244, 0.0)
(25.948389, 22.489012, 0.0)
(25.955988, 22.464237, 0.0)
(25.941900, 22.480646, 0.0)
(25.984385, 22.407194, 0.0)
(26.009201, 22.371367, 0.0)
(26.032444, 22.375187, 0.0)
(25.528576, 21.955948, 0.0)
(25.447247, 21.747858, 0.0)
(25.498583, 21.694296, 0.0)
(25.557409, 21.672438, 0.0)
(26.538729, 21.450550, 0.0)
(27.061005, 21.479580, 0.0)
(27.180010, 21.421638, 0.0)
(27.359564, 21.354074, 0.0)
(27.506573, 21.346552, 0.0)
(29.150814, 21.229837, 0.0)
(29.499762, 21.122961, 0.0)
(29.662605, 21.081182, 0.0)
(29.902851, 21.040380, 0.0)
(30.071806, 21.068930, 0.0)
(30.357376, 21.013155, 0.0)
(30.566139, 21.027424, 0.0)
(30.772100, 21.035248, 0.0)
(32.545158, 21.117315, 0.0)
(32.807888, 21.112217, 0.0)
(33.026943, 21.100182, 0.0)
(33.264931, 21.130840, 0.0)
(33.498096, 21.120903, 0.0)
(33.732689, 21.176538, 0.0)
(33.965492, 21.179873, 0.0)
(34.228760, 21.171562, 0.0)
(34.472588, 21.179953, 0.0)
(35.233265, 21.227816, 0.0)
(37.065422, 21.488077, 0.0)
(37.302250, 21.502321, 0.0)
(37.389400, 21.490583, 0.0)
(37.464165, 21.501438, 0.0)
(37.598888, 21.532648, 0.0)
(39.689690, 22.447147, 0.0)
(41.651863, 23.468744, 0.0)
(41.690491, 23.517273, 0.0)
(41.680523, 23.534962, 0.0)
(41.636452, 23.509140, 0.0)
(41.610672, 23.372717, 0.0)
(41.626930, 23.353191, 0.0)
(41.674282, 23.360392, 0.0)
(41.688820, 23.334284, 0.0)
(41.699127, 23.327810, 0.0)
(41.718369, 23.318556, 0.0)
(41.718369, 23.318556, 0.0)
(41.005878, 22.708549, 0.0)
(40.993458, 22.667793, 0.0)
(41.033604, 22.657650, 0.0)
(41.026691, 22.596386, 0.0)
(40.966694, 22.513960, 0.0)
(40.912331, 22.478205, 0.0)
(40.853523, 22.439934, 0.0)
(40.807980, 22.422993, 0.0)
(40.967999, 22.459131, 0.0)
(41.720703, 22.621956, 0.0)
(41.738914, 22.549509, 0.0)
(41.662769, 22.459723, 0.0)
(40.201191, 21.787838, 0.0)
(40.214806, 21.795202, 0.0)
(40.144695, 21.709181, 0.0)
(39.983116, 21.653072, 0.0)
(39.877846, 21.630209, 0.0)
(39.719711, 21.662167, 0.0)
(39.398846, 21.518412, 0.0)
(38.550987, 21.445417, 0.0)
(38.286438, 21.326082, 0.0)
(38.080097, 21.167032, 0.0)
(37.853161, 21.104540, 0.0)
(37.541111, 21.012997, 0.0)
(37.302361, 20.966482, 0.0)
(36.703674, 20.916224, 0.0)
(35.631927, 20.785503, 0.0)
(35.341728, 20.744925, 0.0)
(35.122227, 20.699860, 0.0)
(34.934902, 20.656219, 0.0)
(34.686546, 20.568275, 0.0)
(34.462029, 20.549036, 0.0)
(34.200691, 20.508709, 0.0)
(32.792507, 20.526409, 0.0)
(32.169525, 20.569006, 0.0)
(31.975363, 20.567465, 0.0)
(31.778635, 20.557091, 0.0)
(31.528288, 20.534363, 0.0)
(31.292635, 20.547098, 0.0)
(31.107523, 20.564619, 0.0)
(29.883070, 20.771814, 0.0)
(28.766874, 20.979702, 0.0)
(28.544561, 21.045694, 0.0)
(28.417566, 21.083353, 0.0)
(28.211031, 21.112638, 0.0)
(28.007936, 21.158669, 0.0)
(27.818605, 21.212423, 0.0)
(27.683552, 21.204655, 0.0)
(27.554186, 21.174702, 0.0)
(27.377127, 21.189316, 0.0)
(26.868521, 21.400661, 0.0)
(26.047907, 21.567991, 0.0)
(25.927084, 21.615294, 0.0)
(25.872787, 21.660093, 0.0)
(25.836967, 21.664930, 0.0)
(25.748405, 21.684303, 0.0)
(25.739386, 21.649727, 0.0)
(25.748264, 21.600477, 0.0)
(25.767231, 21.585245, 0.0)
(25.803650, 21.527052, 0.0)
(25.809349, 21.490322, 0.0)
(25.870304, 21.425962, 0.0)
(25.190525, 21.146545, 0.0)
(25.222715, 21.118008, 0.0)
(25.361067, 21.083464, 0.0)
(25.425760, 21.019848, 0.0)
(26.937086, 20.743366, 0.0)
(27.167759, 20.648151, 0.0)
(27.344313, 20.562206, 0.0)
(27.566204, 20.485775, 0.0)
(27.750910, 20.465668, 0.0)
(28.012886, 20.436504, 0.0)
(28.242569, 20.452618, 0.0)
(29.857418, 20.289680, 0.0)
(30.596069, 20.200369, 0.0)
(30.824299, 20.154898, 0.0)
(31.135946, 20.066170, 0.0)
(31.352785, 20.053923, 0.0)
(31.624762, 19.986282, 0.0)
(31.866924, 19.928102, 0.0)
(32.052902, 19.972914, 0.0)
(32.341366, 20.047920, 0.0)
(32.509529, 20.041998, 0.0)
(33.202702, 20.152037, 0.0)
(34.515110, 20.271624, 0.0)
(34.793659, 20.252375, 0.0)
(34.952156, 20.160311, 0.0)
(35.139866, 20.159382, 0.0)
(35.300785, 20.201645, 0.0)
(35.496525, 20.207455, 0.0)
(35.621780, 20.236784, 0.0)
(37.122486, 20.520279, 0.0)
(39.737358, 21.290516, 0.0)
(39.904938, 21.391544, 0.0)
(39.957767, 21.415384, 0.0)
(39.964718, 21.370409, 0.0)
(40.001968, 21.375902, 0.0)
(40.028030, 21.397757, 0.0)
(40.135853, 21.472139, 0.0)
(41.795559, 22.426722, 0.0)
(41.938957, 22.405487, 0.0)
(41.892014, 22.418562, 0.0)
(41.860039, 22.404230, 0.0)
(41.837273, 22.385571, 0.0)
(41.870789, 22.364338, 0.0)
(41.885677, 22.368238, 0.0)
(41.888382, 22.371967, 0.0)
(41.888435, 22.406088, 0.0)
(41.898876, 22.416410, 0.0)
(41.889832, 22.401716, 0.0)
(41.892807, 22.369858, 0.0)
(41.898106, 22.379555, 0.0)
(41.817509, 22.295202, 0.0)
(41.254364, 21.905115, 0.0)
(40.865223, 20.977852, 0.0)
(41.317104, 21.296652, 0.0)
(41.389835, 21.378386, 0.0)
(41.360558, 21.373983, 0.0)
(41.288624, 21.312395, 0.0)
(39.902126, 20.880657, 0.0)
(39.785950, 20.865980, 0.0)
(39.709484, 20.747700, 0.0)
(37.749519, 20.221539, 0.0)
(37.305855, 20.110769, 0.0)
(37.166595, 20.084583, 0.0)
(36.918171, 20.009092, 0.0)
(36.729328, 19.970806, 0.0)
(36.504318, 19.916134, 0.0)
(37.292816, 20.097290, 0.0)
(37.090229, 20.067986, 0.0)
(36.734215, 19.938461, 0.0)
(36.511784, 19.917751, 0.0)
(36.292759, 19.890301, 0.0)
(35.968941, 19.856220, 0.0)
(35.118435, 19.827854, 0.0)
(34.526695, 19.815109, 0.0)
(34.272331, 19.804148, 0.0)
(33.973988, 19.725824, 0.0)
(33.781189, 19.648031, 0.0)
(33.567612, 19.626392, 0.0)
(33.122650, 19.623013, 0.0)
(31.615801, 19.657856, 0.0)
(31.310728, 19.696184, 0.0)
(31.146935, 19.710831, 0.0)
(30.965052, 19.648897, 0.0)
(30.718548, 19.706614, 0.0)
(30.521742, 19.658148, 0.0)
(29.531107, 19.881096, 0.0)
(27.568853, 20.206335, 0.0)
(27.311708, 20.327291, 0.0)
(27.199230, 20.365128, 0.0)
(27.027168, 20.403887, 0.0)
(26.905973, 20.385128, 0.0)
(26.748343, 20.415318, 0.0)
(26.623587, 20.412886, 0.0)
(26.521639, 20.426489, 0.0)
(26.337917, 20.473192, 0.0)
(26.260433, 20.514898, 0.0)
(26.167244, 20.550770, 0.0)
(26.019791, 20.599218, 0.0)
(25.538473, 20.727709, 0.0)
(25.455940, 20.723547, 0.0)
(25.452997, 20.683401, 0.0)
(25.491968, 20.622055, 0.0)
(25.501198, 20.594372, 0.0)
(25.519621, 20.561852, 0.0)
(25.572628, 20.531513, 0.0)
(25.600298, 20.507383, 0.0)
(25.368500, 20.337891, 0.0)
(25.454121, 20.283775, 0.0)
(25.543959, 20.255781, 0.0)
(25.630196, 20.231804, 0.0)
(25.753891, 20.164942, 0.0)
(27.032253, 19.860777, 0.0)
(28.236603, 19.630770, 0.0)
(28.449389, 19.534529, 0.0)
(28.589048, 19.498270, 0.0)
(28.751095, 19.473194, 0.0)
(28.988924, 19.425014, 0.0)
(29.175053, 19.349895, 0.0)
(29.358656, 19.312332, 0.0)
(30.459560, 19.196062, 0.0)
(31.486891, 19.160616, 0.0)
(31.697287, 19.088785, 0.0)
(31.869587, 19.108004, 0.0)
(32.036541, 19.144352, 0.0)
(32.264854, 19.109177, 0.0)
(32.477810, 19.117594, 0.0)
(32.686920, 19.119213, 0.0)
(32.924854, 19.063677, 0.0)
(34.299923, 19.123947, 0.0)
(34.586063, 19.132441, 0.0)
(34.805248, 19.180752, 0.0)
(35.030952, 19.192917, 0.0)
(35.176678, 19.193460, 0.0)
(35.333519, 19.243614, 0.0)
(35.520287, 19.227484, 0.0)
(37.558144, 19.683472, 0.0)
(37.752403, 19.715343, 0.0)
(37.895096, 19.692959, 0.0)
(38.016174, 19.680679, 0.0)
(38.153141, 19.755661, 0.0)
(38.268803, 19.794535, 0.0)
(38.453716, 19.877766, 0.0)
(38.553558, 19.922647, 0.0)
(41.014103, 21.369133, 0.0)
(41.817806, 21.782707, 0.0)
(41.945641, 21.794750, 0.0)
(41.892738, 21.718563, 0.0)
(41.867683, 21.698694, 0.0)
(41.879230, 21.673347, 0.0)
(41.871471, 21.681448, 0.0)
(41.875248, 21.713892, 0.0)
(41.846909, 21.709091, 0.0)
(41.895611, 21.783243, 0.0)
(41.877319, 21.703014, 0.0)
(41.856812, 21.620052, 0.0)
(41.815334, 21.571436, 0.0)
(41.778492, 21.583380, 0.0)
(41.760262, 21.551937, 0.0)
(41.784969, 21.399290, 0.0)
(41.712406, 21.212782, 0.0)
(41.528053, 21.102262, 0.0)
(40.156399, 20.230173, 0.0)
(40.006607, 20.164835, 0.0)
(39.941463, 19.995724, 0.0)
(39.847591, 19.959581, 0.0)
(39.700497, 19.858318, 0.0)
(39.544613, 19.809139, 0.0)
(39.243938, 19.657724, 0.0)
(39.017536, 19.536226, 0.0)
(38.795364, 19.457842, 0.0)
(37.387569, 19.228708, 0.0)
(37.142864, 19.145300, 0.0)
(36.909882, 19.047588, 0.0)
(36.671463, 19.002827, 0.0)
(36.482029, 18.960953, 0.0)
(36.255795, 18.898138, 0.0)
(36.022167, 18.868200, 0.0)
(35.851109, 18.799446, 0.0)
(35.634029, 18.770473, 0.0)
(34.351513, 18.746078, 0.0)
(33.846886, 18.651321, 0.0)
(33.627010, 18.615845, 0.0)
(33.341732, 18.613394, 0.0)
(33.172844, 18.633484, 0.0)
(32.915897, 18.617098, 0.0)
(32.432636, 18.656805, 0.0)
(30.791265, 18.797720, 0.0)
(30.478571, 18.813028, 0.0)
(30.216711, 18.809511, 0.0)
(30.035158, 18.818659, 0.0)
(29.849447, 18.862450, 0.0)
(29.692028, 18.923908, 0.0)
(29.640471, 18.963293, 0.0)
(28.438120, 19.307299, 0.0)
(27.433525, 19.652519, 0.0)
(27.249846, 19.692846, 0.0)
(27.126585, 19.697052, 0.0)
(27.062059, 19.682356, 0.0)
(26.931234, 19.727852, 0.0)
(26.814362, 19.826378, 0.0)
(26.680183, 19.902842, 0.0)
(26.589695, 19.948519, 0.0)
(25.793056, 20.238955, 0.0)
(25.501814, 20.316153, 0.0)
(25.418011, 20.307961, 0.0)
(25.384586, 20.300514, 0.0)
(25.343443, 20.313553, 0.0)
(25.302757, 20.348181, 0.0)
(25.308352, 20.332096, 0.0)
(25.361855, 20.301682, 0.0)
(25.389614, 20.260117, 0.0)
(25.426731, 20.183107, 0.0)
(25.491352, 20.108414, 0.0)
(25.577789, 20.097239, 0.0)
(25.626173, 20.096565, 0.0)
(26.384449, 19.761211, 0.0)
(27.776974, 19.157377, 0.0)
(27.958399, 19.048372, 0.0)
(28.131176, 19.026854, 0.0)
(28.309771, 18.881418, 0.0)
(28.462852, 18.823471, 0.0)
(28.650181, 18.687265, 0.0)
(28.845148, 18.639404, 0.0)
(29.040049, 18.529976, 0.0)
(29.245802, 18.509109, 0.0)
(30.799282, 18.326790, 0.0)
(31.108019, 18.247011, 0.0)
(31.275429, 18.215921, 0.0)
(31.423208, 18.235500, 0.0)
(31.617781, 18.166372, 0.0)
(31.770735, 18.128057, 0.0)
(31.970581, 18.133869, 0.0)
(32.220417, 18.124296, 0.0)
(34.339737, 18.215946, 0.0)
(34.555729, 18.251787, 0.0)
(34.703781, 18.261925, 0.0)
(34.835663, 18.245102, 0.0)
(35.017635, 18.277349, 0.0)
(35.124969, 18.211340, 0.0)
(35.237869, 18.200802, 0.0)
(35.511009, 18.224545, 0.0)
(39.240078, 19.445471, 0.0)
(40.663307, 20.297007, 0.0)
(40.765839, 20.335484, 0.0)
(40.720932, 20.316166, 0.0)
(40.733192, 20.265587, 0.0)
(40.742802, 20.252491, 0.0)
(39.956062, 19.841074, 0.0)
(39.716434, 19.684566, 0.0)
(39.774715, 19.670218, 0.0)
(39.845467, 19.740604, 0.0)
(39.933537, 19.807865, 0.0)
(41.876259, 21.082621, 0.0)
(42.063213, 21.266645, 0.0)
(41.986851, 21.125916, 0.0)
(41.975739, 21.087883, 0.0)
(41.925667, 20.999931, 0.0)
(41.922558, 20.993889, 0.0)
(41.893383, 20.982336, 0.0)
(41.886444, 20.994392, 0.0)
(41.860783, 20.991261, 0.0)
(41.850349, 20.991138, 0.0)
(41.833164, 20.970501, 0.0)
(41.762905, 20.898245, 0.0)
(41.745266, 20.857294, 0.0)
(41.437168, 20.643003, 0.0)
(40.623440, 19.935211, 0.0)
(40.525936, 19.873642, 0.0)
(40.431396, 19.839676, 0.0)
(40.305325, 19.817829, 0.0)
(40.064007, 19.605095, 0.0)
(37.448826, 18.468885, 0.0)
(37.313667, 18.366917, 0.0)
(37.134651, 18.285814, 0.0)
(37.013355, 18.233068, 0.0)
(36.868176, 18.207397, 0.0)
(36.667046, 18.164162, 0.0)
(36.430164, 18.131664, 0.0)
(36.263584, 18.148054, 0.0)
(36.083714, 18.041380, 0.0)
(35.962410, 17.976107, 0.0)
(35.821369, 17.944683, 0.0)
(35.711143, 17.912270, 0.0)
(34.597614, 17.856493, 0.0)
(33.244907, 17.692387, 0.0)
(33.034710, 17.676220, 0.0)
(32.878613, 17.635794, 0.0)
(32.612007, 17.589952, 0.0)
(32.434200, 17.515404, 0.0)
(32.249641, 17.482340, 0.0)
(31.953756, 17.492006, 0.0)
(31.737474, 17.474550, 0.0)
(31.556246, 17.530714, 0.0)
(31.312965, 17.565969, 0.0)
(28.392660, 18.286865, 0.0)
(27.884821, 18.410826, 0.0)
(27.760345, 18.412977, 0.0)
(27.670776, 18.386385, 0.0)
(27.632467, 18.381853, 0.0)
(27.550829, 18.432547, 0.0)
(27.455114, 18.458773, 0.0)
(27.361042, 18.452608, 0.0)
(27.297976, 18.475750, 0.0)
(27.185371, 18.503941, 0.0)
(27.058748, 18.492376, 0.0)
(26.938292, 18.519751, 0.0)
(26.101618, 18.959467, 0.0)
(25.962940, 19.010784, 0.0)
(25.911440, 19.028265, 0.0)
(25.835882, 19.067146, 0.0)
(25.818026, 19.068945, 0.0)
(25.812418, 19.031549, 0.0)
(25.818413, 18.963646, 0.0)
(25.821280, 18.916153, 0.0)
(25.830872, 18.907692, 0.0)
(25.900139, 18.829098, 0.0)
(25.936092, 18.828842, 0.0)
(26.009815, 18.768526, 0.0)
(26.079281, 18.754189, 0.0)
(26.180620, 18.732363, 0.0)
(26.230801, 18.707693, 0.0)
(26.340885, 18.601248, 0.0)
(26.461868, 18.523890, 0.0)
(26.625540, 18.441803, 0.0)
(26.774366, 18.403996, 0.0)
(26.896183, 18.329786, 0.0)
(29.126017, 17.700939, 0.0)
(29.380049, 17.607811, 0.0)
(29.562830, 17.562447, 0.0)
(29.725868, 17.499966, 0.0)
(29.928076, 17.429565, 0.0)
(30.160858, 17.372511, 0.0)
(30.389158, 17.322058, 0.0)
(30.622900, 17.297148, 0.0)
(32.344364, 17.117722, 0.0)
(34.925179, 17.190683, 0.0)
(35.121868, 17.174999, 0.0)
(35.166016, 17.151262, 0.0)
(35.207787, 17.133604, 0.0)
(35.301212, 17.086245, 0.0)
(35.347527, 17.013968, 0.0)
(35.423779, 17.045292, 0.0)
(35.501621, 17.051489, 0.0)
(35.622662, 17.078253, 0.0)
(35.767597, 17.069714, 0.0)
(35.862846, 17.107693, 0.0)
(37.081459, 17.534971, 0.0)
(40.442902, 19.610256, 0.0)
(40.772816, 19.862938, 0.0)
(40.880798, 19.903574, 0.0)
(40.840343, 19.849808, 0.0)
(40.865242, 19.928576, 0.0)
(40.815994, 19.938461, 0.0)
(40.815994, 19.938461, 0.0)
(40.820854, 19.913166, 0.0)
(40.881573, 19.922709, 0.0)
(41.489429, 20.278702, 0.0)
(41.551456, 20.250185, 0.0)
(41.539341, 20.291031, 0.0)
(41.513844, 20.289339, 0.0)
(41.497059, 20.272375, 0.0)
(41.511070, 20.295330, 0.0)
(41.510937, 20.304981, 0.0)
(41.504917, 20.294737, 0.0)
(41.475712, 20.232119, 0.0)
(41.496243, 20.162430, 0.0)
(41.495972, 20.153057, 0.0)
(41.479179, 20.113388, 0.0)
(41.449642, 20.100863, 0.0)
(41.420425, 20.093334, 0.0)
(40.786129, 19.356028, 0.0)
(40.711426, 19.255857, 0.0)
(40.687241, 19.226509, 0.0)
(40.643517, 19.185907, 0.0)
(38.715759, 18.290300, 0.0)
(37.805092, 17.834179, 0.0)
(37.520599, 17.733551, 0.0)
(37.317287, 17.617104, 0.0)
(37.131584, 17.610229, 0.0)
(36.885265, 17.501875, 0.0)
(36.696041, 17.449348, 0.0)
(36.470726, 17.348114, 0.0)
(36.285252, 17.257267, 0.0)
(36.095936, 17.179090, 0.0)
(35.901844, 17.150488, 0.0)
(35.729683, 17.104120, 0.0)
(35.573761, 17.104347, 0.0)
(35.322178, 17.041620, 0.0)
(35.139183, 17.027788, 0.0)
(34.949207, 17.024549, 0.0)
(34.799133, 17.000641, 0.0)
(33.046665, 16.810507, 0.0)
(31.677275, 16.765556, 0.0)
(31.504654, 16.746805, 0.0)
(31.362394, 16.734407, 0.0)
(31.267078, 16.760471, 0.0)
(31.182505, 16.783791, 0.0)
(31.096184, 16.792126, 0.0)
(31.003557, 16.815384, 0.0)
(30.758560, 16.839054, 0.0)
(28.139095, 17.486971, 0.0)
(27.886715, 17.561785, 0.0)
(27.773367, 17.592060, 0.0)
(27.630110, 17.630146, 0.0)
(27.494122, 17.720835, 0.0)
(27.397017, 17.784199, 0.0)
(27.297884, 17.792133, 0.0)
(27.135851, 17.825359, 0.0)
(27.030869, 17.879824, 0.0)
(26.958803, 17.872667, 0.0)
(26.861259, 17.879517, 0.0)
(26.759863, 17.891527, 0.0)
(25.839901, 18.456947, 0.0)
(25.744028, 18.540354, 0.0)
(25.693548, 18.591688, 0.0)
(25.642948, 18.644880, 0.0)
(25.590185, 18.655224, 0.0)
(25.583086, 18.636175, 0.0)
(25.609756, 18.581099, 0.0)
(25.625919, 18.554981, 0.0)
(25.630909, 18.552114, 0.0)
(25.635876, 18.552982, 0.0)
(25.636757, 18.569824, 0.0)
(25.645372, 18.574621, 0.0)
(25.678272, 18.547045, 0.0)
(26.140055, 18.257252, 0.0)
(30.010647, 16.848890, 0.0)
(30.256151, 16.748125, 0.0)
(30.273731, 16.691380, 0.0)
(30.361902, 16.648306, 0.0)
(30.397818, 16.646475, 0.0)
(28.630156, 17.141069, 0.0)
(28.702412, 17.146950, 0.0)
(28.864534, 17.062290, 0.0)
(28.977682, 16.975082, 0.0)
(29.148119, 16.913258, 0.0)
(29.304890, 16.876036, 0.0)
(30.847820, 16.651043, 0.0)
(31.032560, 16.623943, 0.0)
(31.133192, 16.581085, 0.0)
(31.248308, 16.597054, 0.0)
(31.391136, 16.586325, 0.0)
(32.133198, 16.523520, 0.0)
(33.111645, 16.475374, 0.0)
(33.290646, 16.457932, 0.0)
(33.469910, 16.502928, 0.0)
(33.609383, 16.485121, 0.0)
(33.840858, 16.551830, 0.0)
(37.168308, 17.226425, 0.0)
(37.442101, 17.311846, 0.0)
(37.497364, 17.292486, 0.0)
(37.555565, 17.272152, 0.0)
(37.604992, 17.272146, 0.0)
(37.643185, 17.263451, 0.0)
(37.726154, 17.325281, 0.0)
(37.786724, 17.357384, 0.0)
(37.851570, 17.404068, 0.0)
(38.319401, 17.617380, 0.0)
(40.974827, 19.583126, 0.0)
(41.272423, 19.823324, 0.0)
(41.241734, 19.750820, 0.0)
(41.229366, 19.733164, 0.0)
(41.217854, 19.737249, 0.0)
(41.226421, 19.733334, 0.0)
(41.228088, 19.753061, 0.0)
(41.228622, 19.730503, 0.0)
(41.229252, 19.713713, 0.0)
(41.205265, 19.687071, 0.0)
(41.208168, 19.646086, 0.0)
(41.208168, 19.646086, 0.0)
(41.212036, 19.660614, 0.0)
(41.229252, 19.713713, 0.0)
(41.229897, 19.696627, 0.0)
(41.214214, 19.740084, 0.0)
(41.214565, 19.717554, 0.0)
(41.153736, 19.769876, 0.0)
(40.309471, 19.718218, 0.0)
(40.916374, 20.140326, 0.0)
(41.234852, 20.487293, 0.0)
(41.297386, 20.615877, 0.0)
(41.273167, 20.632257, 0.0)
(41.284069, 20.630646, 0.0)
(41.273167, 20.632257, 0.0)
(41.276623, 20.645315, 0.0)
(41.743351, 22.086153, 0.0)
(41.724194, 22.299652, 0.0)
(41.715446, 22.287109, 0.0)
(41.709717, 22.326660, 0.0)
(41.715687, 22.367458, 0.0)
(41.719673, 22.416521, 0.0)
(41.572254, 22.742407, 0.0)
(41.773708, 24.800194, 0.0)
(41.662800, 25.513773, 0.0)
(41.648113, 25.585871, 0.0)
(41.657528, 25.557093, 0.0)
(41.630791, 25.570997, 0.0)
(41.810318, 24.956850, 0.0)
(41.894730, 24.362711, 0.0)
(41.908535, 24.387650, 0.0)
(41.940624, 24.489796, 0.0)
(41.963188, 24.508690, 0.0)
(41.967392, 24.484669, 0.0)
(41.968170, 24.405479, 0.0)
(42.004665, 24.548880, 0.0)
(41.693607, 26.357855, 0.0)
(41.601780, 27.239113, 0.0)
(41.598064, 27.257961, 0.0)
(41.565880, 27.271103, 0.0)
(41.549000, 27.258337, 0.0)
(41.537506, 27.275097, 0.0)
(41.531925, 27.247227, 0.0)
(41.509468, 27.180149, 0.0)
(41.511322, 27.171764, 0.0)
(41.488373, 27.188551, 0.0)
(41.438663, 27.202736, 0.0)
(41.588631, 27.867683, 0.0)
(41.544922, 28.178755, 0.0)
(41.525757, 28.202003, 0.0)
(41.461246, 28.123245, 0.0)
(41.443417, 28.109585, 0.0)
(41.436462, 28.097355, 0.0)
(41.444206, 28.088673, 0.0)
(41.403584, 28.124523, 0.0)
(41.416275, 28.118933, 0.0)
(41.387638, 28.113161, 0.0)
(41.365208, 28.091845, 0.0)
(41.354252, 28.042414, 0.0)
(41.233028, 27.960598, 0.0)
(38.650249, 27.573402, 0.0)
(38.303490, 27.596006, 0.0)
(38.288670, 27.563181, 0.0)
(38.249580, 27.533005, 0.0)
(40.369335, 27.412832, 0.0)
(41.016266, 27.423828, 0.0)
(41.033195, 27.347107, 0.0)
(41.010609, 27.236717, 0.0)
(41.031551, 27.063114, 0.0)
(41.434563, 25.616549, 0.0)
(41.491074, 25.340855, 0.0)
(41.510010, 25.244123, 0.0)
(41.482632, 25.059042, 0.0)
(41.460949, 24.844364, 0.0)
(41.671684, 24.075104, 0.0)
(41.740757, 22.850159, 0.0)
(41.711624, 22.665812, 0.0)
(41.699093, 22.598680, 0.0)
(41.697392, 22.569397, 0.0)
(41.679932, 22.545738, 0.0)
(41.667641, 22.509907, 0.0)
(41.638145, 22.415329, 0.0)
(41.440887, 20.329124, 0.0)
(41.198563, 19.659044, 0.0)
(41.144508, 19.618681, 0.0)
(41.152233, 19.595888, 0.0)
(41.156071, 19.590883, 0.0)
(41.125519, 19.568674, 0.0)
(41.100918, 19.582781, 0.0)
(41.094700, 19.593386, 0.0)
(41.087254, 19.562815, 0.0)
(41.085239, 19.510994, 0.0)
(41.084137, 19.477072, 0.0)
(41.089752, 19.471369, 0.0)
(41.120708, 19.376169, 0.0)
(41.071018, 19.337301, 0.0)
(41.077457, 19.347692, 0.0)
(41.050888, 19.335144, 0.0)
(41.037418, 19.342890, 0.0)
(41.037418, 19.342890, 0.0)
(41.039341, 19.335026, 0.0)
(41.024689, 19.274767, 0.0)
(41.022480, 19.245584, 0.0)
(41.026588, 19.242361, 0.0)
(41.007664, 19.229767, 0.0)
(41.001350, 19.211502, 0.0)
(41.003689, 19.185934, 0.0)
(40.980812, 19.179768, 0.0)
(40.958008, 19.143801, 0.0)
(40.972378, 19.156895, 0.0)
(40.982712, 19.157639, 0.0)
(40.960915, 19.137897, 0.0)
(40.605011, 18.994871, 0.0)
(40.296665, 18.926390, 0.0)
(40.280632, 18.951027, 0.0)
(40.287403, 18.984499, 0.0)
(40.284462, 19.000465, 0.0)
(40.512394, 19.838512, 0.0)
(40.702827, 20.615791, 0.0)
(40.705811, 20.650202, 0.0)
(40.724270, 20.674526, 0.0)
(40.735142, 20.719526, 0.0)
(40.763081, 20.794823, 0.0)
(40.768238, 20.832685, 0.0)
(40.795219, 20.873846, 0.0)
(41.120136, 21.792454, 0.0)
(41.105274, 22.250744, 0.0)
(41.095192, 22.272249, 0.0)
(41.105274, 22.274187, 0.0)
(41.097267, 22.325289, 0.0)
(41.094711, 22.369728, 0.0)
(41.088726, 22.425491, 0.0)
(41.120682, 22.506060, 0.0)
(40.984150, 23.475224, 0.0)
(40.970810, 23.657608, 0.0)
(40.955730, 23.634628, 0.0)
(40.984634, 23.681051, 0.0)
(40.998592, 23.720951, 0.0)
(41.029106, 23.748020, 0.0)
(41.167362, 24.704115, 0.0)
(41.050224, 25.999317, 0.0)
(41.015511, 26.105520, 0.0)
(41.024315, 26.110186, 0.0)
(40.996975, 26.050032, 0.0)
(41.009209, 26.062553, 0.0)
(40.993839, 26.083565, 0.0)
(40.992638, 26.091633, 0.0)
(40.975208, 26.157949, 0.0)
(40.988167, 26.160118, 0.0)
(40.956654, 26.188072, 0.0)
(40.964493, 26.208622, 0.0)
(40.767632, 27.257223, 0.0)
(40.713985, 27.582451, 0.0)
(40.703995, 27.584888, 0.0)
(40.705879, 27.569857, 0.0)
(40.702339, 27.575323, 0.0)
(40.682194, 27.577761, 0.0)
(40.695454, 27.567421, 0.0)
(40.686440, 27.594984, 0.0)
(40.702171, 27.524422, 0.0)
(40.689590, 27.447052, 0.0)
(40.678226, 27.394873, 0.0)
(40.679871, 27.338346, 0.0)
(40.666752, 27.269403, 0.0)
(40.624336, 27.178926, 0.0)
(39.724640, 26.254452, 0.0)
(39.692913, 26.159821, 0.0)
(39.688343, 26.042109, 0.0)
(39.656467, 25.973085, 0.0)
(39.660244, 25.907541, 0.0)
(39.657082, 25.801016, 0.0)
(39.883991, 25.572514, 0.0)
(40.305641, 24.899208, 0.0)
(40.311306, 24.739731, 0.0)
(40.306404, 24.623695, 0.0)
(40.318893, 24.565514, 0.0)
(40.323700, 24.466026, 0.0)
(40.308083, 24.393911, 0.0)
(40.296715, 24.323526, 0.0)
(40.297421, 24.228668, 0.0)
(40.310524, 24.144657, 0.0)
(40.322155, 24.067537, 0.0)
(40.342354, 23.979660, 0.0)
(40.342091, 23.851049, 0.0)
(40.368092, 23.731340, 0.0)
(40.338303, 23.631489, 0.0)
(40.353809, 23.529160, 0.0)
(40.364197, 23.400637, 0.0)
(40.402550, 22.247732, 0.0)
(40.324867, 21.996990, 0.0)
(40.324875, 21.901442, 0.0)
(40.313522, 21.811302, 0.0)
(40.332275, 21.677025, 0.0)
(40.390907, 21.572924, 0.0)
(40.380711, 21.428873, 0.0)
(40.340981, 20.947777, 0.0)
(40.164318, 19.621283, 0.0)
(40.164188, 19.510931, 0.0)
(40.154518, 19.483177, 0.0)
(40.128029, 19.434965, 0.0)
(40.119778, 19.414881, 0.0)
(40.125679, 19.367508, 0.0)
(40.143391, 19.302391, 0.0)
(40.130825, 19.246284, 0.0)
(40.139538, 19.217199, 0.0)
(40.133076, 19.197849, 0.0)
(40.124561, 19.180098, 0.0)
(40.124561, 19.180098, 0.0)
(40.122643, 19.126154, 0.0)
(40.103497, 19.048685, 0.0)
(40.074490, 18.967236, 0.0)
(40.061848, 18.958912, 0.0)
(40.031639, 18.916973, 0.0)
(39.968990, 18.849592, 0.0)
(39.507088, 18.613789, 0.0)
(39.421795, 18.533409, 0.0)
(39.448170, 18.552706, 0.0)
(39.410950, 18.473175, 0.0)
(39.366737, 18.415094, 0.0)
(39.390682, 18.385521, 0.0)
(39.393364, 18.372194, 0.0)
(39.369053, 18.372112, 0.0)
(39.251137, 18.829416, 0.0)
(39.303932, 19.359493, 0.0)
(39.290276, 19.414938, 0.0)
(39.287731, 19.448763, 0.0)
(39.342606, 19.538124, 0.0)
(39.332687, 19.569231, 0.0)
(39.676601, 20.723923, 0.0)
(39.704941, 20.938957, 0.0)
(39.705147, 20.954737, 0.0)
(39.681042, 20.997238, 0.0)
(39.690506, 21.078949, 0.0)
(39.663662, 21.082083, 0.0)
(39.653465, 21.121368, 0.0)
(39.723572, 21.364592, 0.0)
(39.733448, 22.172951, 0.0)
(39.715546, 22.210089, 0.0)
(39.720051, 22.225334, 0.0)
(39.719532, 22.296587, 0.0)
(39.729340, 22.397871, 0.0)
(39.734409, 22.451555, 0.0)
(39.736336, 22.548988, 0.0)
(39.789738, 24.030600, 0.0)
(39.776451, 24.179516, 0.0)
(39.774933, 24.199446, 0.0)
(39.759182, 24.221943, 0.0)
(39.774818, 24.292307, 0.0)
(39.771770, 24.344748, 0.0)
(39.739426, 24.365974, 0.0)
(39.742931, 24.433416, 0.0)
(39.740700, 25.292629, 0.0)
(39.737797, 25.685059, 0.0)
(39.737797, 25.715988, 0.0)
(39.734165, 25.761578, 0.0)
(39.720329, 25.765549, 0.0)
(39.701057, 25.804506, 0.0)
(39.694706, 25.833754, 0.0)
(39.683037, 26.861837, 0.0)
(39.632896, 27.023701, 0.0)
(39.623066, 27.039099, 0.0)
(39.618725, 27.066668, 0.0)
(39.603428, 27.031252, 0.0)
(39.584259, 27.000000, 0.0)
(39.603191, 26.981392, 0.0)
(39.544304, 26.950378, 0.0)
(39.504967, 26.910742, 0.0)
(39.463219, 26.869034, 0.0)
(39.156757, 26.592800, 0.0)
(38.821198, 25.945801, 0.0)
(38.756706, 25.832155, 0.0)
(38.711121, 25.739408, 0.0)
(38.700359, 25.656849, 0.0)
(38.659401, 25.539047, 0.0)
(38.671070, 26.134537, 0.0)
(38.697216, 26.355804, 0.0)
(38.673409, 26.253845, 0.0)
(38.668064, 26.152332, 0.0)
(38.672874, 26.050919, 0.0)
(38.686848, 25.916561, 0.0)
(38.698685, 25.756945, 0.0)
(38.715431, 25.558067, 0.0)
(38.726822, 25.315298, 0.0)
(38.976551, 24.725109, 0.0)
(39.002987, 24.256857, 0.0)
(38.972904, 24.002748, 0.0)
(38.982300, 23.862217, 0.0)
(39.012581, 23.686054, 0.0)
(39.000130, 23.515213, 0.0)
(39.048126, 23.377701, 0.0)
(39.060867, 23.148922, 0.0)
(39.027798, 22.989300, 0.0)
(39.055008, 22.906353, 0.0)
(39.059540, 22.772251, 0.0)
(39.055000, 22.742048, 0.0)
(39.043930, 22.613077, 0.0)
(39.005394, 21.859943, 0.0)
(38.982971, 21.705318, 0.0)
(38.974277, 21.581415, 0.0)
(39.010029, 21.414547, 0.0)
(38.993698, 21.302103, 0.0)
(38.998287, 21.146313, 0.0)
(38.989033, 21.083120, 0.0)
(38.919502, 19.704760, 0.0)
(38.898983, 19.452991, 0.0)
(38.891666, 19.406452, 0.0)
(38.864403, 19.207783, 0.0)
(38.852703, 19.176649, 0.0)
(38.833572, 19.059200, 0.0)
(38.844673, 18.965710, 0.0)
(38.844669, 18.948923, 0.0)
(38.825134, 18.923828, 0.0)
(38.535645, 18.215385, 0.0)
(38.488159, 17.886848, 0.0)
(38.492710, 17.882528, 0.0)
(38.479908, 17.820555, 0.0)
(38.432388, 17.707260, 0.0)
(38.420818, 17.691187, 0.0)
(38.401642, 17.686352, 0.0)
(38.357243, 17.692812, 0.0)
(38.353191, 17.697960, 0.0)
(38.334515, 17.697271, 0.0)
(38.339191, 17.691187, 0.0)
(38.298485, 17.662992, 0.0)
(37.483768, 17.317757, 0.0)
(37.375206, 17.263834, 0.0)
(37.375164, 17.271948, 0.0)
(37.364841, 17.306787, 0.0)
(37.304047, 17.335384, 0.0)
(37.476982, 17.744026, 0.0)
(37.726704, 18.760204, 0.0)
(37.723991, 18.824833, 0.0)
(37.730679, 18.885469, 0.0)
(37.738064, 18.892872, 0.0)
(37.706161, 18.942692, 0.0)
(37.933933, 19.903004, 0.0)
(37.904404, 20.491436, 0.0)
(37.912750, 20.542274, 0.0)
(37.890743, 20.567364, 0.0)
(37.896492, 20.584616, 0.0)
(37.888157, 20.632942, 0.0)
(37.953823, 20.637083, 0.0)
(37.944515, 20.650122, 0.0)
(38.112709, 22.031109, 0.0)
(38.082287, 22.405266, 0.0)
(38.050423, 22.450409, 0.0)
(38.027210, 22.524971, 0.0)
(38.032112, 22.534887, 0.0)
(38.016453, 22.583530, 0.0)
(37.997295, 22.610027, 0.0)
(37.999001, 22.641899, 0.0)
(38.059322, 23.430841, 0.0)
(38.036865, 23.824673, 0.0)
(38.013283, 23.853453, 0.0)
(38.027328, 23.932507, 0.0)
(37.985649, 24.004766, 0.0)
(38.018433, 25.299494, 0.0)
(37.998798, 25.408199, 0.0)
(37.998798, 25.408199, 0.0)
(37.970757, 25.391596, 0.0)
(37.954975, 25.385525, 0.0)
(37.966885, 25.436766, 0.0)
(37.964142, 25.461277, 0.0)
(37.896877, 26.564430, 0.0)
(37.827866, 26.923016, 0.0)
(37.769012, 26.924633, 0.0)
(37.749939, 26.906914, 0.0)
(37.761295, 26.915043, 0.0)
(37.746555, 26.874319, 0.0)
(37.711426, 26.859535, 0.0)
(37.683819, 26.817863, 0.0)
(37.681564, 26.823107, 0.0)
(37.741138, 27.105469, 0.0)
(37.703739, 27.186068, 0.0)
(37.708817, 27.153442, 0.0)
(37.696697, 27.152277, 0.0)
(37.693111, 27.119753, 0.0)
(37.691135, 26.977747, 0.0)
(37.672890, 26.925512, 0.0)
(37.222462, 26.720879, 0.0)
(37.040382, 26.481663, 0.0)
(36.990368, 26.423077, 0.0)
(36.980259, 26.333817, 0.0)
(36.991310, 26.174503, 0.0)
(36.996178, 26.024149, 0.0)
(36.979107, 25.843967, 0.0)
(37.163864, 24.559893, 0.0)
(37.214062, 23.032536, 0.0)
(37.192810, 22.830391, 0.0)
(37.186157, 22.746572, 0.0)
(37.177612, 22.646154, 0.0)
(37.150238, 22.565886, 0.0)
(37.137859, 22.432131, 0.0)
(37.124596, 22.292646, 0.0)
(37.130848, 22.137062, 0.0)
(37.144161, 22.058908, 0.0)
(37.143402, 21.955317, 0.0)
(37.161472, 21.867434, 0.0)
(37.157455, 21.784321, 0.0)
(37.154205, 21.743200, 0.0)
(37.149384, 21.672037, 0.0)
(37.131073, 21.519369, 0.0)
(37.134270, 21.329231, 0.0)
(37.004936, 20.089750, 0.0)
(37.014610, 19.566324, 0.0)
(36.958668, 19.500500, 0.0)
(36.972744, 19.539030, 0.0)
(36.925713, 19.541229, 0.0)
(36.931599, 19.512180, 0.0)
(36.928474, 19.465742, 0.0)
(36.938034, 19.360794, 0.0)
(37.037273, 18.549955, 0.0)
(36.991402, 17.734333, 0.0)
(36.993092, 17.669043, 0.0)
(37.004433, 17.678528, 0.0)
(37.004433, 17.678528, 0.0)
(36.974541, 17.702875, 0.0)
(36.993649, 17.681292, 0.0)
(36.975262, 17.645866, 0.0)
(36.970169, 17.610289, 0.0)
(36.965984, 17.594248, 0.0)
(36.957569, 17.579805, 0.0)
(36.955872, 17.610506, 0.0)
(36.939621, 17.617794, 0.0)
(36.684666, 17.608688, 0.0)
(36.433975, 17.508844, 0.0)
(36.386307, 17.452942, 0.0)
(36.370602, 17.441055, 0.0)
(36.363018, 17.436592, 0.0)
(36.345531, 17.448126, 0.0)
(35.676422, 17.295238, 0.0)
(35.532337, 17.315952, 0.0)
(35.525921, 17.360525, 0.0)
(35.518158, 17.341816, 0.0)
(35.493999, 17.368664, 0.0)
(35.655445, 17.674208, 0.0)
(35.839878, 18.724947, 0.0)
(35.846287, 18.873505, 0.0)
(35.817940, 18.882874, 0.0)
(35.809898, 18.945961, 0.0)
(35.800201, 19.020628, 0.0)
(36.119251, 20.450176, 0.0)
(36.028259, 20.961473, 0.0)
(36.014191, 21.008650, 0.0)
(36.011436, 20.988470, 0.0)
(36.009979, 21.007442, 0.0)
(36.002136, 21.037949, 0.0)
(35.998993, 21.101271, 0.0)
(35.991821, 21.108498, 0.0)
(35.983810, 21.148148, 0.0)
(35.983810, 21.148148, 0.0)
(36.017353, 21.336283, 0.0)
(36.126362, 22.740112, 0.0)
(36.086571, 22.912344, 0.0)
(36.086781, 22.916876, 0.0)
(36.040504, 22.931637, 0.0)
(36.064655, 23.047161, 0.0)
(36.036919, 23.651245, 0.0)
(36.232086, 25.873646, 0.0)
(36.203419, 26.078156, 0.0)
(36.169289, 26.058741, 0.0)
(36.170937, 26.077192, 0.0)
(36.150127, 26.118309, 0.0)
(36.154087, 26.189564, 0.0)
(36.149006, 26.251709, 0.0)
(36.141457, 26.334675, 0.0)
(36.159649, 26.373207, 0.0)
(36.149757, 26.327177, 0.0)
(36.169155, 26.295437, 0.0)
(36.163692, 26.263226, 0.0)
(36.043964, 26.933367, 0.0)
(35.970974, 27.363768, 0.0)
(35.965336, 27.386909, 0.0)
(35.934868, 27.409151, 0.0)
(35.912781, 27.406189, 0.0)
(35.928333, 27.413557, 0.0)
(35.936352, 27.391035, 0.0)
(35.939705, 27.272421, 0.0)
(35.925003, 27.164103, 0.0)
(35.902950, 27.142246, 0.0)
(35.896011, 27.082212, 0.0)
(35.881634, 27.047939, 0.0)
(35.559273, 27.053461, 0.0)
(35.002270, 27.255871, 0.0)
(34.916069, 27.218552, 0.0)
(34.918831, 27.129101, 0.0)
(34.868980, 26.998297, 0.0)
(34.997063, 26.516195, 0.0)
(35.387527, 24.909569, 0.0)
(35.362488, 24.669601, 0.0)
(35.317768, 24.549051, 0.0)
(35.307720, 24.379688, 0.0)
(35.296131, 24.224579, 0.0)
(35.308113, 24.061539, 0.0)
(35.323513, 23.897215, 0.0)
(35.329144, 23.704927, 0.0)
(35.315063, 23.579760, 0.0)
(35.313976, 23.439796, 0.0)
(35.328762, 23.276804, 0.0)
(35.306221, 23.186121, 0.0)
(35.313137, 23.064814, 0.0)
(35.307297, 22.972858, 0.0)
(35.330593, 22.844952, 0.0)
(35.307327, 22.706587, 0.0)
(35.300179, 22.544767, 0.0)
(35.166313, 21.420889, 0.0)
(35.179379, 20.743505, 0.0)
(35.148338, 20.541361, 0.0)
(35.142574, 20.432314, 0.0)
(35.093990, 20.334425, 0.0)
(35.120453, 20.237047, 0.0)
(35.102314, 20.168167, 0.0)
(35.109550, 19.985573, 0.0)
(35.156013, 19.392881, 0.0)
(35.195267, 18.032881, 0.0)
(35.152443, 17.886740, 0.0)
(35.151024, 17.853825, 0.0)
(35.162247, 17.851212, 0.0)
(35.008862, 17.331371, 0.0)
(34.993267, 16.889050, 0.0)
(34.990551, 16.861538, 0.0)
(34.988083, 16.875214, 0.0)
(34.967030, 16.849653, 0.0)
(34.967682, 16.910305, 0.0)
(34.950756, 16.889582, 0.0)
(34.967030, 16.849653, 0.0)
(34.953758, 16.809231, 0.0)
(34.939049, 16.848295, 0.0)
(34.961246, 16.897514, 0.0)
(34.957283, 16.938086, 0.0)
(34.964508, 16.975798, 0.0)
(34.898952, 16.997458, 0.0)
(34.888596, 16.993008, 0.0)
(34.445389, 16.989363, 0.0)
(34.393444, 17.008961, 0.0)
(34.389126, 16.940706, 0.0)
(34.363632, 16.939611, 0.0)
(34.357868, 16.969572, 0.0)
(34.103733, 17.067114, 0.0)
(33.659256, 17.403276, 0.0)
(33.635868, 17.497110, 0.0)
(33.606968, 17.507935, 0.0)
(33.783974, 18.278732, 0.0)
(33.935558, 19.249231, 0.0)
(33.918621, 19.388235, 0.0)
(33.920197, 19.396564, 0.0)
(33.919403, 19.467154, 0.0)
(33.922993, 19.566587, 0.0)
(33.933060, 19.611048, 0.0)
(33.926670, 19.615646, 0.0)
(33.932365, 20.072241, 0.0)
(33.968975, 20.368483, 0.0)
(33.961056, 20.415649, 0.0)
(33.993675, 20.430769, 0.0)
(33.985119, 20.509090, 0.0)
(34.108006, 21.862785, 0.0)
(34.062920, 22.010620, 0.0)
(34.046906, 22.049204, 0.0)
(34.036312, 22.036734, 0.0)
(34.023777, 22.020557, 0.0)
(34.022007, 22.038412, 0.0)
(33.993797, 22.080952, 0.0)
(33.953896, 23.538340, 0.0)
(34.036118, 24.645439, 0.0)
(33.995274, 24.719799, 0.0)
(33.967232, 24.737535, 0.0)
(33.938442, 24.740732, 0.0)
(33.900772, 24.715286, 0.0)
(33.932915, 24.726992, 0.0)
(33.933258, 24.770258, 0.0)
(33.950722, 24.781485, 0.0)
(33.950142, 24.801481, 0.0)
(34.160728, 26.094328, 0.0)
(34.109573, 26.737110, 0.0)
(34.072819, 26.745655, 0.0)
(34.066410, 26.737963, 0.0)
(34.054741, 26.723986, 0.0)
(34.043770, 26.707497, 0.0)
(34.027962, 26.714497, 0.0)
(34.007301, 26.745100, 0.0)
(33.983284, 26.749233, 0.0)
(33.954842, 27.246319, 0.0)
(33.890377, 27.412144, 0.0)
(33.863464, 27.382467, 0.0)
(33.854771, 27.319710, 0.0)
(33.814423, 27.253017, 0.0)
(33.798824, 27.226822, 0.0)
(33.742474, 27.163757, 0.0)
(33.085674, 26.867657, 0.0)
(32.858814, 26.685907, 0.0)
(32.826729, 26.563978, 0.0)
(32.830193, 26.452457, 0.0)
(32.795227, 26.232910, 0.0)
(32.810535, 26.048323, 0.0)
(32.816906, 25.856445, 0.0)
(33.397053, 23.954929, 0.0)
(33.391136, 23.688034, 0.0)
(33.335064, 23.613342, 0.0)
(33.354561, 23.512136, 0.0)
(33.335419, 23.494513, 0.0)
(33.361813, 23.427385, 0.0)
(33.343037, 23.379536, 0.0)
(33.349976, 23.317188, 0.0)
(33.363728, 23.227427, 0.0)
(32.917442, 22.494421, 0.0)
(32.949089, 22.067526, 0.0)
(32.956963, 21.983860, 0.0)
(32.925549, 21.936325, 0.0)
(32.910362, 21.915958, 0.0)
(32.917992, 21.848780, 0.0)
(32.914730, 21.769793, 0.0)
(32.906734, 21.661539, 0.0)
(32.921360, 21.578247, 0.0)
(32.926651, 21.454100, 0.0)
(32.921902, 21.299923, 0.0)
(32.914242, 21.200001, 0.0)
(32.877834, 21.079250, 0.0)
(32.828590, 20.926783, 0.0)
(32.872131, 19.613375, 0.0)
(32.919846, 19.444334, 0.0)
(32.921120, 19.427505, 0.0)
(32.880653, 19.256903, 0.0)
(32.867569, 19.131516, 0.0)
(32.865543, 19.083612, 0.0)
(32.864208, 18.950483, 0.0)
(32.883694, 18.863012, 0.0)
(32.758816, 17.944040, 0.0)
(32.780212, 17.610733, 0.0)
(32.770714, 17.514219, 0.0)
(32.779034, 17.492779, 0.0)
(32.772427, 17.388035, 0.0)
(32.772995, 17.293827, 0.0)
(32.748001, 17.291729, 0.0)
(32.682156, 17.152376, 0.0)
(32.623970, 16.867283, 0.0)
(32.626339, 16.872505, 0.0)
(32.608109, 16.930719, 0.0)
(32.573883, 16.923866, 0.0)
(32.528740, 16.904886, 0.0)
(32.555496, 16.878233, 0.0)
(32.560051, 16.864578, 0.0)
(31.668684, 16.896290, 0.0)
(31.434719, 16.893850, 0.0)
(31.409046, 16.955698, 0.0)
(31.396765, 16.992222, 0.0)
(31.375786, 17.019199, 0.0)
(31.388403, 17.101076, 0.0)
(31.630499, 18.300365, 0.0)
(31.598076, 18.378145, 0.0)
(31.571337, 18.397907, 0.0)
(31.565649, 18.515385, 0.0)
(31.559298, 18.560110, 0.0)
(31.639668, 19.208525, 0.0)
(31.866285, 20.812357, 0.0)
(31.812439, 20.889107, 0.0)
(31.778328, 20.884493, 0.0)
(31.815397, 20.881481, 0.0)
(31.816490, 20.899240, 0.0)
(31.839716, 20.936316, 0.0)
(31.848457, 20.982885, 0.0)
(31.861082, 21.026562, 0.0)
(31.836590, 21.092213, 0.0)
(31.862801, 21.139732, 0.0)
(31.887312, 21.533775, 0.0)
(31.891193, 22.125370, 0.0)
(31.883101, 22.178509, 0.0)
(31.891151, 22.211124, 0.0)
(31.877619, 22.243652, 0.0)
(31.851955, 22.351770, 0.0)
(31.951170, 23.661324, 0.0)
(31.874844, 23.774395, 0.0)
(31.865126, 23.760683, 0.0)
(31.849771, 23.780174, 0.0)
(31.849771, 23.780174, 0.0)
(32.149944, 25.883364, 0.0)
(32.159664, 26.688150, 0.0)
(32.121136, 26.710592, 0.0)
(32.070881, 26.712450, 0.0)
(32.052979, 26.688946, 0.0)
(32.035957, 26.673830, 0.0)
(32.039764, 26.655174, 0.0)
(32.021885, 26.657623, 0.0)
(32.024128, 26.621876, 0.0)
(32.006176, 26.619837, 0.0)
(32.019165, 26.636396, 0.0)
(32.007492, 26.646729, 0.0)
(31.936256, 26.902344, 0.0)
(31.991735, 27.473272, 0.0)
(31.991112, 27.533010, 0.0)
(31.968119, 27.496811, 0.0)
(31.954712, 27.424007, 0.0)
(31.946684, 27.377375, 0.0)
(31.947458, 27.336634, 0.0)
(31.881802, 27.249266, 0.0)
(30.927923, 26.990805, 0.0)
(30.799936, 26.940289, 0.0)
(30.776182, 26.850082, 0.0)
(30.754616, 26.719297, 0.0)
(30.727089, 26.581064, 0.0)
(31.083715, 24.398666, 0.0)
(31.048210, 23.798286, 0.0)
(31.013119, 23.692677, 0.0)
(30.984739, 23.642578, 0.0)
(30.939650, 23.571289, 0.0)
(30.933863, 23.463520, 0.0)
(30.930384, 23.396465, 0.0)
(30.938011, 23.271955, 0.0)
(30.934925, 23.107891, 0.0)
(30.942673, 23.036507, 0.0)
(30.943604, 22.967567, 0.0)
(30.954882, 22.870045, 0.0)
(30.945440, 22.737133, 0.0)
(30.942795, 22.683926, 0.0)
(30.948399, 22.552401, 0.0)
(30.952360, 22.459534, 0.0)
(30.957233, 22.276922, 0.0)
(30.952690, 22.183006, 0.0)
(30.939737, 22.038313, 0.0)
(30.900974, 21.909040, 0.0)
(30.734318, 21.560799, 0.0)
(30.654150, 20.886646, 0.0)
(30.639435, 20.712727, 0.0)
(30.625711, 20.552320, 0.0)
(30.612913, 20.372511, 0.0)
(30.656214, 18.464348, 0.0)
(30.691385, 17.621056, 0.0)
(30.649527, 17.553463, 0.0)
(30.614614, 17.500908, 0.0)
(30.582701, 17.547716, 0.0)
(30.598219, 17.536133, 0.0)
(30.572716, 17.514896, 0.0)
(30.563511, 17.536575, 0.0)
(30.532455, 17.458532, 0.0)
(30.522358, 17.375067, 0.0)
(30.533934, 17.299496, 0.0)
(30.509228, 17.356983, 0.0)
(30.503370, 17.330420, 0.0)
(30.502268, 17.358692, 0.0)
(30.513042, 17.372339, 0.0)
(30.510372, 17.386959, 0.0)
(30.511950, 17.332415, 0.0)
(30.512543, 17.324657, 0.0)
(30.526068, 17.325766, 0.0)
(30.520231, 17.315012, 0.0)
(30.504780, 17.315441, 0.0)
(30.481945, 17.308115, 0.0)
(29.646172, 17.381905, 0.0)
(29.430695, 17.385872, 0.0)
(29.419416, 17.386036, 0.0)
(29.419416, 17.386036, 0.0)
(29.405161, 17.366535, 0.0)
(29.396175, 17.358265, 0.0)
(29.516916, 18.138388, 0.0)
(29.575378, 19.082668, 0.0)
(29.562735, 19.214479, 0.0)
(29.555611, 19.222000, 0.0)
(29.557858, 19.286503, 0.0)
(29.536655, 19.315542, 0.0)
(29.549652, 19.306206, 0.0)
(29.644159, 20.165680, 0.0)
(29.617281, 20.516600, 0.0)
(29.595778, 20.573111, 0.0)
(29.601446, 20.633833, 0.0)
(29.587385, 20.663099, 0.0)
(29.606001, 20.853945, 0.0)
(30.020220, 22.548084, 0.0)
(29.970726, 22.894226, 0.0)
(29.913351, 22.860390, 0.0)
(29.899906, 22.851202, 0.0)
(29.896532, 22.894680, 0.0)
(29.882679, 22.933022, 0.0)
(29.875122, 22.987955, 0.0)
(29.880903, 23.824112, 0.0)
(30.172350, 25.713366, 0.0)
(30.139729, 25.783142, 0.0)
(30.075237, 25.711807, 0.0)
(30.064293, 25.671255, 0.0)
(30.048874, 25.643713, 0.0)
(30.031580, 25.634270, 0.0)
(30.031002, 25.659786, 0.0)
(30.032608, 25.687912, 0.0)
(30.042719, 25.690838, 0.0)
(29.839996, 25.951591, 0.0)
(29.800537, 26.012100, 0.0)
(29.826811, 26.019518, 0.0)
(29.826077, 26.030281, 0.0)
(29.805264, 26.043156, 0.0)
(29.800547, 26.085396, 0.0)
(29.810310, 26.123365, 0.0)
(30.172363, 27.464003, 0.0)
(30.178568, 27.622608, 0.0)
(30.152285, 27.533199, 0.0)
(30.155083, 27.475422, 0.0)
(30.164907, 27.454758, 0.0)
(30.146656, 27.433884, 0.0)
(30.148058, 27.428890, 0.0)
(30.145588, 27.454433, 0.0)
(30.150845, 27.446707, 0.0)
(30.134806, 27.415798, 0.0)
(30.106539, 27.327499, 0.0)
(30.068716, 27.244656, 0.0)
(29.968082, 27.075083, 0.0)
(29.198040, 25.225697, 0.0)
(29.125727, 25.129499, 0.0)
(29.012827, 25.015566, 0.0)
(28.959763, 24.894753, 0.0)
(28.924614, 24.805243, 0.0)
(28.899452, 24.705530, 0.0)
(28.921295, 24.562033, 0.0)
(28.912405, 24.445349, 0.0)
(28.914213, 24.296947, 0.0)
(28.910652, 24.154196, 0.0)
(28.919094, 24.010221, 0.0)
(28.906660, 23.854084, 0.0)
(28.909224, 23.705742, 0.0)
(28.924564, 23.537081, 0.0)
(28.846493, 23.410784, 0.0)
(28.798758, 23.268017, 0.0)
(28.735294, 23.142904, 0.0)
(28.855862, 21.461754, 0.0)
(28.955872, 20.290682, 0.0)
(28.968323, 20.109785, 0.0)
(28.972218, 20.084368, 0.0)
(28.979692, 20.067350, 0.0)
(28.961573, 20.080650, 0.0)
(28.965233, 20.101532, 0.0)
(28.927094, 20.123739, 0.0)
(28.915018, 20.040007, 0.0)
(28.897310, 19.960402, 0.0)
(28.656597, 19.946932, 0.0)
(28.685303, 19.914005, 0.0)
(28.726713, 19.870432, 0.0)
(28.675838, 19.760544, 0.0)
(29.057169, 17.888239, 0.0)
(29.072193, 17.741100, 0.0)
(29.057137, 17.806677, 0.0)
(29.027086, 17.762238, 0.0)
(29.001022, 17.659046, 0.0)
(28.999762, 17.611530, 0.0)
(28.942757, 17.620281, 0.0)
(28.967424, 17.567219, 0.0)
(28.705774, 18.024832, 0.0)
(28.666622, 18.070114, 0.0)
(28.645395, 18.068960, 0.0)
(28.641201, 18.048412, 0.0)
(28.607868, 18.061113, 0.0)
(28.604549, 18.007570, 0.0)
(28.604717, 17.978842, 0.0)
(28.596611, 17.991322, 0.0)
(28.575336, 17.989744, 0.0)
(28.535894, 18.021339, 0.0)
(28.518646, 18.042147, 0.0)
(27.746771, 18.180080, 0.0)
(27.631525, 18.212454, 0.0)
(27.589066, 18.193319, 0.0)
(27.558140, 18.163921, 0.0)
(27.548973, 18.181265, 0.0)
(27.556316, 18.200335, 0.0)
(27.753187, 18.854202, 0.0)
(27.759417, 19.477266, 0.0)
(27.706123, 19.555407, 0.0)
(27.686115, 19.599779, 0.0)
(27.689100, 19.619629, 0.0)
(27.917826, 20.309771, 0.0)
(27.881128, 20.697536, 0.0)
(27.856222, 20.753719, 0.0)
(27.865942, 20.853151, 0.0)
(27.853262, 20.929914, 0.0)
(27.854994, 20.971575, 0.0)
(27.851669, 21.099718, 0.0)
(27.755825, 22.464024, 0.0)
(27.686064, 22.611771, 0.0)
(27.697172, 22.611761, 0.0)
(27.676737, 22.649250, 0.0)
(27.658382, 22.699615, 0.0)
(27.688131, 22.934801, 0.0)
(28.324446, 24.746592, 0.0)
(28.308332, 24.871094, 0.0)
(28.270273, 24.850506, 0.0)
(28.260900, 24.819374, 0.0)
(28.211714, 24.785542, 0.0)
(28.222258, 24.775791, 0.0)
(28.222363, 24.751974, 0.0)
(28.239014, 24.824097, 0.0)
(28.238380, 24.883492, 0.0)
(28.233955, 24.921366, 0.0)
(28.242054, 24.946924, 0.0)
(28.244389, 24.942755, 0.0)
(28.122608, 25.133848, 0.0)
(27.952688, 25.338072, 0.0)
(27.944317, 25.354574, 0.0)
(27.894451, 25.325098, 0.0)
(27.902554, 25.398046, 0.0)
(27.895903, 25.404367, 0.0)
(27.885736, 25.401073, 0.0)
(27.880608, 25.400629, 0.0)
(27.887825, 25.387884, 0.0)
(27.865479, 25.283978, 0.0)
(27.868349, 25.239021, 0.0)
(27.262249, 25.174726, 0.0)
(27.136780, 25.129709, 0.0)
(27.121523, 25.104454, 0.0)
(27.102734, 25.121748, 0.0)
(27.084705, 25.156418, 0.0)
(27.079277, 25.162231, 0.0)
(27.060831, 25.117949, 0.0)
(27.066332, 25.074209, 0.0)
(27.064409, 25.049450, 0.0)
(27.065966, 24.937956, 0.0)
(27.028090, 24.920916, 0.0)
(27.039282, 24.886688, 0.0)
(27.058332, 24.168514, 0.0)
(27.081604, 22.704742, 0.0)
(27.025333, 22.555704, 0.0)
(27.014288, 22.537125, 0.0)
(26.969744, 22.432678, 0.0)
(26.941513, 22.366571, 0.0)
(26.941193, 22.328899, 0.0)
(26.930960, 22.300894, 0.0)
(26.725784, 23.099850, 0.0)
(26.795435, 23.521151, 0.0)
(26.778736, 23.462296, 0.0)
(26.777662, 23.355156, 0.0)
(26.754293, 23.281679, 0.0)
(26.765095, 23.116219, 0.0)
(26.739246, 22.953362, 0.0)
(26.742735, 22.844728, 0.0)
(26.759750, 22.744616, 0.0)
(26.791529, 22.601961, 0.0)
(26.970316, 22.227877, 0.0)
(27.504145, 20.578850, 0.0)
(27.460730, 20.422516, 0.0)
(27.446100, 20.308674, 0.0)
(27.388828, 20.254375, 0.0)
(27.414562, 20.139069, 0.0)
(27.518900, 18.405920, 0.0)
(27.430635, 18.162638, 0.0)
(27.414507, 18.142220, 0.0)
(27.392069, 18.175886, 0.0)
(27.375282, 18.153992, 0.0)
(27.373919, 18.170357, 0.0)
(27.350397, 18.125109, 0.0)
(26.949839, 18.415911, 0.0)
(26.872789, 18.598637, 0.0)
(26.865051, 18.609356, 0.0)
(26.839066, 18.610510, 0.0)
(26.829706, 18.617332, 0.0)
(26.836853, 18.648666, 0.0)
(26.813942, 18.678446, 0.0)
(26.813696, 18.643196, 0.0)
(26.803915, 18.602774, 0.0)
(26.831390, 18.561802, 0.0)
(26.871033, 18.503923, 0.0)
(26.880875, 18.475302, 0.0)
(26.419441, 18.588585, 0.0)
(26.300327, 18.666134, 0.0)
(26.310654, 18.683973, 0.0)
(26.300032, 18.688677, 0.0)
(26.265495, 18.729004, 0.0)
(26.228983, 18.729824, 0.0)
(26.216681, 18.735527, 0.0)
(26.215263, 18.713125, 0.0)
(26.207657, 18.743170, 0.0)
(25.698042, 20.266161, 0.0)
(25.655415, 20.782272, 0.0)
(25.639259, 20.861288, 0.0)
(25.624159, 20.928602, 0.0)
(25.624113, 20.868763, 0.0)
(25.630152, 20.858536, 0.0)
(25.650440, 20.937906, 0.0)
(26.130569, 21.442301, 0.0)
(26.156895, 21.530159, 0.0)
(26.148651, 21.563173, 0.0)
(26.131338, 21.639818, 0.0)
(26.175020, 21.693438, 0.0)
(26.150698, 21.717636, 0.0)
(25.732872, 22.467972, 0.0)
(25.880119, 23.649925, 0.0)
(25.864645, 23.700209, 0.0)
(25.837902, 23.683071, 0.0)
(25.823509, 23.732069, 0.0)
(25.810583, 23.789045, 0.0)
(25.805645, 23.780874, 0.0)
(25.840818, 25.055622, 0.0)
(25.977093, 25.639347, 0.0)
(25.952557, 25.639008, 0.0)
(25.917540, 25.602652, 0.0)
(25.917347, 25.615330, 0.0)
(25.923586, 25.645424, 0.0)
(25.926998, 25.653362, 0.0)
(25.920149, 25.694056, 0.0)
(25.906124, 25.768332, 0.0)
(25.898470, 25.745264, 0.0)
(25.948408, 25.785330, 0.0)
(25.970251, 25.805128, 0.0)
(25.993467, 25.821417, 0.0)
(25.993307, 25.849798, 0.0)
(26.165308, 26.053656, 0.0)
(26.300957, 26.410458, 0.0)
(26.301071, 26.421589, 0.0)
(26.258013, 26.451046, 0.0)
(26.248970, 26.492107, 0.0)
(26.227386, 26.479698, 0.0)
(26.243078, 26.482592, 0.0)
(26.220263, 26.478138, 0.0)
(26.242659, 26.436594, 0.0)
(26.262493, 26.384975, 0.0)
(25.842085, 25.593090, 0.0)
(25.768988, 25.047226, 0.0)
(25.750130, 24.966166, 0.0)
(25.691360, 24.931746, 0.0)
(25.675213, 24.892843, 0.0)
(25.656080, 24.800652, 0.0)
(25.411440, 22.916189, 0.0)
(25.409807, 21.309191, 0.0)
(25.463989, 20.852678, 0.0)
(25.433338, 20.769169, 0.0)
(25.409067, 20.768976, 0.0)
(25.375771, 20.734568, 0.0)
(25.223295, 21.000069, 0.0)
(25.003181, 21.936682, 0.0)
(24.960867, 21.944725, 0.0)
(24.929855, 21.912682, 0.0)
(24.928963, 21.904888, 0.0)
(24.909582, 21.912739, 0.0)
(24.928638, 21.861259, 0.0)
(25.286934, 20.732182, 0.0)
(25.510073, 19.652678, 0.0)
(25.491144, 19.576303, 0.0)
(25.482513, 19.592834, 0.0)
(25.457581, 19.627182, 0.0)
(25.439230, 19.594713, 0.0)
(25.411074, 19.567860, 0.0)
(25.423111, 19.543175, 0.0)
(25.419590, 19.504601, 0.0)
(25.401834, 19.525909, 0.0)
(25.392469, 19.491014, 0.0)
(25.331465, 19.361013, 0.0)
(25.312988, 19.343493, 0.0)
(25.312988, 19.343493, 0.0)
(25.334961, 19.336367, 0.0)
(25.338478, 19.367702, 0.0)
(25.364162, 19.445034, 0.0)
(25.371248, 19.468182, 0.0)
(25.370783, 19.425550, 0.0)
(25.024599, 19.546051, 0.0)
(24.976349, 19.502048, 0.0)
(25.000240, 19.461775, 0.0)
(24.991962, 19.433872, 0.0)
(25.006594, 19.433558, 0.0)
(25.004517, 19.451841, 0.0)
(25.006239, 19.456432, 0.0)
(24.999229, 19.442564, 0.0)
(25.008556, 19.422514, 0.0)
(25.018597, 19.402473, 0.0)
(24.968418, 19.336073, 0.0)
(24.971483, 19.295897, 0.0)
(24.973789, 19.312586, 0.0)
(24.944897, 19.319174, 0.0)
(24.912918, 19.338295, 0.0)
(24.931028, 19.370747, 0.0)
(24.922827, 19.404589, 0.0)
(24.910393, 19.370247, 0.0)
(24.910809, 19.342999, 0.0)
(24.887169, 19.311691, 0.0)
(24.889662, 19.304016, 0.0)
(24.884914, 19.339577, 0.0)
(24.543180, 20.240774, 0.0)
(24.425699, 20.319342, 0.0)
(24.423300, 20.345064, 0.0)
(24.421679, 20.395187, 0.0)
(24.428225, 20.419603, 0.0)
(24.780737, 21.592489, 0.0)
(24.729746, 21.880049, 0.0)
(24.680902, 21.940718, 0.0)
(24.645998, 21.989305, 0.0)
(24.608957, 22.088522, 0.0)
(24.588867, 22.148682, 0.0)
(24.551634, 22.211020, 0.0)
(24.562387, 22.279327, 0.0)
(24.568161, 22.284685, 0.0)
(24.610659, 22.271276, 0.0)
(24.615723, 22.297661, 0.0)
(24.388554, 23.064919, 0.0)
(24.426893, 23.166964, 0.0)
(24.410965, 23.237879, 0.0)
(24.397495, 23.321575, 0.0)
(24.417786, 23.375246, 0.0)
(24.415224, 23.404631, 0.0)
(24.735134, 24.294626, 0.0)
(24.745270, 24.596416, 0.0)
(24.729137, 24.671722, 0.0)
(24.752466, 24.723316, 0.0)
(24.748365, 24.736332, 0.0)
(24.750605, 24.751238, 0.0)
(24.711887, 25.706751, 0.0)
(24.870007, 26.732891, 0.0)
(24.898287, 26.846025, 0.0)
(24.900883, 26.865347, 0.0)
(24.899694, 26.863535, 0.0)
(24.898960, 26.857845, 0.0)
(24.898203, 26.840469, 0.0)
(24.909542, 26.824776, 0.0)
(24.920570, 26.847580, 0.0)
(24.954121, 26.914803, 0.0)
(25.039169, 27.492403, 0.0)
(25.108757, 27.945478, 0.0)
(25.116594, 27.979738, 0.0)
(25.126923, 27.959347, 0.0)
(25.133505, 27.919184, 0.0)
(25.153582, 27.906635, 0.0)
(25.159912, 27.907784, 0.0)
(25.272055, 28.295256, 0.0)
(25.314230, 28.540152, 0.0)
(25.328672, 28.541325, 0.0)
(25.312792, 28.536858, 0.0)
(25.306715, 28.537170, 0.0)
(25.309074, 28.495670, 0.0)
(25.327789, 28.455751, 0.0)
(25.326599, 28.444075, 0.0)
(25.335495, 28.423204, 0.0)
(25.276176, 28.503738, 0.0)
(25.306341, 28.521122, 0.0)
(25.302471, 28.520954, 0.0)
(25.287605, 28.544729, 0.0)
(25.289690, 28.572216, 0.0)
(25.295614, 28.532850, 0.0)
(25.302790, 28.499670, 0.0)
(25.305195, 28.495584, 0.0)
(25.310585, 28.422216, 0.0)
(25.314375, 28.410412, 0.0)
(25.320738, 28.419136, 0.0)
(25.301966, 28.422165, 0.0)
(25.306501, 28.360495, 0.0)
(25.281895, 28.415733, 0.0)
(25.281704, 28.428915, 0.0)
(25.351255, 28.422319, 0.0)
(25.379019, 28.445496, 0.0)
(25.365631, 28.436405, 0.0)
(25.366997, 28.397137, 0.0)
(25.347860, 28.351259, 0.0)
(25.364229, 28.317858, 0.0)
(25.378090, 28.347136, 0.0)
(25.372997, 28.414371, 0.0)
(25.368423, 28.474892, 0.0)
(25.367771, 28.491953, 0.0)
(25.374720, 28.487684, 0.0)
(25.382324, 28.468941, 0.0)
(25.386055, 28.454731, 0.0)
(25.368786, 28.407965, 0.0)
(25.393888, 28.417900, 0.0)
(25.379725, 28.409924, 0.0)
(25.355516, 28.372620, 0.0)
(25.345324, 28.252121, 0.0)
(25.371412, 27.943195, 0.0)
