(39.313580, 32.848270, 0.0)
(38.637955, 31.869364, 0.0)
(38.583447, 31.509214, 0.0)
(38.143631, 31.664532, 0.0)
(37.615704, 32.024452, 0.0)
(37.594337, 31.937540, 0.0)
(37.565071, 31.859674, 0.0)
(37.577183, 31.833864, 0.0)
(37.584541, 31.807919, 0.0)
(37.559795, 31.754120, 0.0)
(37.558361, 31.729874, 0.0)
(37.561096, 31.701492, 0.0)
(37.595257, 31.714962, 0.0)
(37.639565, 31.709743, 0.0)
(37.654675, 31.675209, 0.0)
(37.652534, 31.683899, 0.0)
(37.666843, 31.707912, 0.0)
(37.647598, 31.745682, 0.0)
(37.656704, 31.752630, 0.0)
(37.672550, 31.729607, 0.0)
(37.695263, 31.755541, 0.0)
(37.700855, 31.723776, 0.0)
(37.699242, 31.710457, 0.0)
(37.697563, 31.710382, 0.0)
(37.692139, 31.699718, 0.0)
(37.699013, 31.751228, 0.0)
(37.704311, 31.735983, 0.0)
(37.698887, 31.751219, 0.0)
(37.698887, 31.751219, 0.0)
(37.693977, 31.749504, 0.0)
(37.696850, 31.754717, 0.0)
(37.689491, 31.748646, 0.0)
(37.689491, 31.748646, 0.0)
(37.678871, 31.759829, 0.0)
(37.073624, 31.814171, 0.0)
(37.028843, 31.825792, 0.0)
(37.073364, 31.819275, 0.0)
(37.099331, 31.812454, 0.0)
(37.121067, 31.819767, 0.0)
(37.141914, 31.815479, 0.0)
(37.668201, 31.881346, 0.0)
(37.721718, 31.883150, 0.0)
(37.705795, 31.837605, 0.0)
(37.687450, 31.842796, 0.0)
(37.679047, 31.858154, 0.0)
(37.671543, 31.868454, 0.0)
(37.664978, 31.894711, 0.0)
(37.664101, 31.906124, 0.0)
(37.666309, 31.918304, 0.0)
(37.660168, 31.921711, 0.0)
(37.664249, 31.945686, 0.0)
(37.621479, 31.954508, 0.0)
(37.628975, 31.985125, 0.0)
(37.634689, 31.960985, 0.0)
(37.800434, 31.944382, 0.0)
(37.894592, 31.915657, 0.0)
(37.858799, 31.905807, 0.0)
(37.858799, 31.905807, 0.0)
(37.862350, 31.899715, 0.0)
(37.879555, 31.898106, 0.0)
(37.864990, 31.870085, 0.0)
(37.657303, 31.907873, 0.0)
(37.624287, 31.939430, 0.0)
(37.638386, 31.943539, 0.0)
(37.602818, 31.902147, 0.0)
(37.621189, 31.929153, 0.0)
(37.601177, 31.928787, 0.0)
(37.594337, 31.926186, 0.0)
(37.601284, 31.928652, 0.0)
(37.583939, 31.923563, 0.0)
(37.580975, 31.919781, 0.0)
(37.580807, 31.910547, 0.0)
(37.556301, 31.867382, 0.0)
(37.580437, 31.882288, 0.0)
(37.556427, 31.861891, 0.0)
(37.536514, 31.897991, 0.0)
(37.565186, 31.899061, 0.0)
(37.585709, 31.884779, 0.0)
(37.591766, 31.863655, 0.0)
(37.589115, 31.853226, 0.0)
(37.751369, 31.809875, 0.0)
(37.786549, 31.820179, 0.0)
(37.752220, 31.820778, 0.0)
(37.761086, 31.827272, 0.0)
(37.752502, 31.829912, 0.0)
(37.754074, 31.844866, 0.0)
(37.757225, 31.855518, 0.0)
(37.758011, 31.824175, 0.0)
(37.759758, 31.822128, 0.0)
(37.751904, 31.804657, 0.0)
(37.572872, 31.863903, 0.0)
(37.562767, 31.890446, 0.0)
(37.559998, 31.880537, 0.0)
(37.524437, 31.862938, 0.0)
(37.516476, 31.859539, 0.0)
(37.486782, 31.876402, 0.0)
(37.489365, 31.869038, 0.0)
(37.492020, 31.873329, 0.0)
(37.756687, 31.767353, 0.0)
(37.800289, 31.704615, 0.0)
(37.788013, 31.699547, 0.0)
(37.779732, 31.739077, 0.0)
(37.763103, 31.753521, 0.0)
(37.735546, 31.798019, 0.0)
(37.708088, 31.801807, 0.0)
(37.680202, 31.831579, 0.0)
(37.667789, 31.828228, 0.0)
(37.668545, 31.812113, 0.0)
(37.661095, 31.799477, 0.0)
(37.645309, 31.819836, 0.0)
(37.687122, 31.821501, 0.0)
(37.629101, 31.815231, 0.0)
(37.680382, 31.841026, 0.0)
(37.616016, 31.854824, 0.0)
(37.427998, 31.976885, 0.0)
(37.408291, 32.012779, 0.0)
(37.415268, 31.969908, 0.0)
(37.416306, 31.950649, 0.0)
(37.431709, 31.948805, 0.0)
(37.409496, 31.937557, 0.0)
(37.409386, 31.938913, 0.0)
(37.416786, 31.926691, 0.0)
(37.417297, 31.910946, 0.0)
(37.431202, 31.910194, 0.0)
(37.585258, 31.879814, 0.0)
(37.606522, 31.861862, 0.0)
(37.597809, 31.858696, 0.0)
(37.588409, 31.877834, 0.0)
(37.574593, 31.884268, 0.0)
(37.574593, 31.864481, 0.0)
(37.567722, 31.866365, 0.0)
(37.573231, 31.848270, 0.0)
(37.480415, 31.852192, 0.0)
(37.373669, 31.874910, 0.0)
(37.360909, 31.860331, 0.0)
(37.335724, 32.483658, 0.0)
(37.502892, 33.353848, 0.0)
(37.464355, 32.523785, 0.0)
(37.387596, 32.020893, 0.0)
(37.385296, 31.844015, 0.0)
(37.403919, 31.814678, 0.0)
(37.405193, 31.825605, 0.0)
(37.411957, 31.837704, 0.0)
(37.388897, 31.835707, 0.0)
(37.388897, 31.835707, 0.0)
(37.404816, 31.839392, 0.0)
(37.410084, 31.843950, 0.0)
(37.385719, 31.843357, 0.0)
(37.391453, 31.844641, 0.0)
(37.392792, 31.855343, 0.0)
(37.398945, 31.864508, 0.0)
(37.421204, 31.865366, 0.0)
(37.446320, 31.878202, 0.0)
(37.455055, 31.887520, 0.0)
(37.298447, 31.910521, 0.0)
(37.290226, 31.903309, 0.0)
(37.292568, 31.896250, 0.0)
(37.285473, 31.893242, 0.0)
(37.256817, 31.888855, 0.0)
(37.269886, 31.915342, 0.0)
(37.266651, 31.905352, 0.0)
(37.255310, 31.923449, 0.0)
(37.277317, 31.916100, 0.0)
(37.286949, 31.908627, 0.0)
(37.280239, 31.900190, 0.0)
(37.282764, 31.912401, 0.0)
(37.704136, 32.070419, 0.0)
(41.020954, 34.294285, 0.0)
(43.175835, 36.552383, 0.0)
(43.950367, 37.266960, 0.0)
(44.031914, 37.420532, 0.0)
(43.976879, 37.442535, 0.0)
(43.972187, 37.449276, 0.0)
(43.986664, 37.478146, 0.0)
(43.993633, 37.481384, 0.0)
(44.000843, 37.493542, 0.0)
(44.007847, 37.504814, 0.0)
(43.992180, 37.516533, 0.0)
(43.985443, 37.542107, 0.0)
(43.985168, 37.553249, 0.0)
(43.985645, 37.633629, 0.0)
(43.984615, 37.647812, 0.0)
(43.992695, 37.661999, 0.0)
(44.042976, 37.648094, 0.0)
(44.069881, 37.407150, 0.0)
(44.076813, 37.391876, 0.0)
(44.076458, 37.401733, 0.0)
(44.055981, 37.380219, 0.0)
(44.076565, 37.392292, 0.0)
(44.055981, 37.380219, 0.0)
(44.064114, 37.383827, 0.0)
(44.075874, 37.378033, 0.0)
(44.089832, 37.381756, 0.0)
(44.116795, 37.366604, 0.0)
(44.223179, 37.260010, 0.0)
(44.293053, 37.130505, 0.0)
(44.272373, 37.104637, 0.0)
(44.305202, 37.102856, 0.0)
(44.298435, 37.120525, 0.0)
(44.306480, 37.122093, 0.0)
(44.324677, 37.112461, 0.0)
(44.339237, 37.086311, 0.0)
(44.342705, 37.044220, 0.0)
(44.361431, 34.755802, 0.0)
(44.570976, 30.936298, 0.0)
(44.525780, 30.247120, 0.0)
(44.579350, 30.358585, 0.0)
(44.575413, 30.350246, 0.0)
(44.579350, 30.358585, 0.0)
(44.579346, 30.327551, 0.0)
(44.598789, 30.317749, 0.0)
(44.616531, 30.259430, 0.0)
(44.663101, 30.278240, 0.0)
(44.629784, 29.967766, 0.0)
(44.604877, 29.768309, 0.0)
(44.595299, 29.747692, 0.0)
(44.615929, 29.781197, 0.0)
(44.608753, 29.797663, 0.0)
(44.615826, 29.782850, 0.0)
(44.623432, 29.751253, 0.0)
(44.633942, 29.731344, 0.0)
(44.654644, 29.745121, 0.0)
(44.651031, 29.709166, 0.0)
(44.640896, 29.689423, 0.0)
(44.695873, 29.731394, 0.0)
(44.636486, 29.653662, 0.0)
(44.760887, 30.367117, 0.0)
(44.684513, 30.525803, 0.0)
(44.661987, 30.513994, 0.0)
(44.667778, 30.516695, 0.0)
(44.653095, 30.507915, 0.0)
(44.656567, 30.486801, 0.0)
(44.656567, 30.486801, 0.0)
(44.666721, 30.495258, 0.0)
(44.664356, 30.508308, 0.0)
(44.669312, 30.548819, 0.0)
(44.660912, 30.529470, 0.0)
(44.629063, 30.544683, 0.0)
(44.623287, 30.585556, 0.0)
(44.613693, 30.602409, 0.0)
(44.610806, 30.592562, 0.0)
(44.617908, 30.612253, 0.0)
(44.576954, 30.573460, 0.0)
(42.229256, 30.610651, 0.0)
(39.191383, 31.348328, 0.0)
(35.882168, 32.974083, 0.0)
(32.737362, 34.364151, 0.0)
(30.887344, 35.034298, 0.0)
(30.597775, 35.178143, 0.0)
(30.586349, 35.080238, 0.0)
(30.533590, 35.048546, 0.0)
(30.533119, 35.000923, 0.0)
(30.513588, 35.020824, 0.0)
(30.491735, 35.053970, 0.0)
(30.483484, 35.062809, 0.0)
(30.483431, 35.076599, 0.0)
(31.354862, 34.209064, 0.0)
(32.159767, 32.899693, 0.0)
(32.139530, 32.735714, 0.0)
(32.065739, 32.740273, 0.0)
(32.034306, 32.744129, 0.0)
(32.005707, 32.729408, 0.0)
(32.005833, 32.737885, 0.0)
(31.992229, 32.730419, 0.0)
(31.967031, 32.719944, 0.0)
(31.968321, 32.742989, 0.0)
(31.964199, 32.747822, 0.0)
(31.536610, 32.448483, 0.0)
(29.772802, 31.585890, 0.0)
(29.178270, 31.583315, 0.0)
(29.100889, 31.567543, 0.0)
(29.109224, 31.578762, 0.0)
(29.108345, 31.532248, 0.0)
(29.096748, 31.515244, 0.0)
(29.079920, 31.527422, 0.0)
(29.068163, 31.525362, 0.0)
(29.066395, 31.528765, 0.0)
(28.842228, 30.945415, 0.0)
(28.307997, 29.793501, 0.0)
(28.237009, 29.675804, 0.0)
(28.243198, 29.667734, 0.0)
(28.239431, 29.658487, 0.0)
(28.231022, 29.620512, 0.0)
(28.246326, 29.605156, 0.0)
(28.252834, 29.607204, 0.0)
(28.238113, 29.554585, 0.0)
(28.267557, 28.968323, 0.0)
(28.231499, 28.837606, 0.0)
(28.248272, 28.808945, 0.0)
(28.253435, 28.754045, 0.0)
(28.240042, 28.713337, 0.0)
(28.248169, 28.696205, 0.0)
(28.251999, 28.681067, 0.0)
(28.207285, 28.672842, 0.0)
(28.192982, 28.690844, 0.0)
(28.233061, 28.545424, 0.0)
(28.193810, 28.485893, 0.0)
(28.139523, 28.510086, 0.0)
(28.107979, 28.519335, 0.0)
(28.064312, 28.538332, 0.0)
(28.067053, 28.561026, 0.0)
(28.054079, 28.578720, 0.0)
(28.054340, 28.572542, 0.0)
(28.053032, 28.609362, 0.0)
(28.016586, 28.602339, 0.0)
(27.993895, 28.613520, 0.0)
(28.030762, 28.598797, 0.0)
(27.981972, 28.579872, 0.0)
(28.008244, 28.557592, 0.0)
(29.464874, 28.142584, 0.0)
(29.920910, 27.978802, 0.0)
(29.902636, 27.919783, 0.0)
(29.879025, 27.898809, 0.0)
(29.856068, 27.870531, 0.0)
(29.853813, 27.879404, 0.0)
(29.969830, 27.865915, 0.0)
(34.393024, 29.548325, 0.0)
(37.948803, 32.198200, 0.0)
(38.201637, 32.497902, 0.0)
(38.066078, 32.411469, 0.0)
(38.027321, 32.330051, 0.0)
(38.066818, 32.304211, 0.0)
(37.992832, 32.267021, 0.0)
(37.965816, 32.268532, 0.0)
(37.955505, 32.270958, 0.0)
(37.691376, 31.948275, 0.0)
(37.662415, 31.857260, 0.0)
(37.653248, 31.851372, 0.0)
(37.623497, 31.849592, 0.0)
(37.622379, 31.823420, 0.0)
(37.595959, 31.817192, 0.0)
(37.575157, 31.815639, 0.0)
(37.543133, 31.805738, 0.0)
(37.535168, 31.830790, 0.0)
(37.535728, 31.838167, 0.0)
(37.533176, 31.825602, 0.0)
(37.543915, 31.831480, 0.0)
(37.524487, 31.818821, 0.0)
(37.550526, 31.827971, 0.0)
(37.524837, 31.832237, 0.0)
(37.521309, 31.834887, 0.0)
(37.525391, 31.832687, 0.0)
(37.512276, 31.837803, 0.0)
(37.498463, 31.856186, 0.0)
(37.495613, 31.843843, 0.0)
(37.501831, 31.850943, 0.0)
(37.521122, 31.842012, 0.0)
(37.532764, 31.777716, 0.0)
(37.580666, 31.727251, 0.0)
(37.587116, 31.721844, 0.0)
(37.574669, 31.729319, 0.0)
(37.558998, 31.781893, 0.0)
(37.548008, 31.785028, 0.0)
(37.543438, 31.795074, 0.0)
(37.534000, 31.788710, 0.0)
(37.531021, 31.794519, 0.0)
(37.522255, 31.811853, 0.0)
(37.502777, 31.831865, 0.0)
(38.058929, 31.870920, 0.0)
(38.821495, 31.973495, 0.0)
(38.881294, 32.000919, 0.0)
(38.837276, 31.989006, 0.0)
(38.809742, 31.974691, 0.0)
(38.171192, 32.297375, 0.0)
(35.106510, 34.640701, 0.0)
(33.162022, 35.980190, 0.0)
(32.949825, 36.152218, 0.0)
(32.947849, 36.022137, 0.0)
(33.130287, 36.144329, 0.0)
(34.791851, 36.526218, 0.0)
(34.910564, 36.552547, 0.0)
(34.894573, 36.531975, 0.0)
(36.982445, 36.885250, 0.0)
(37.971371, 36.879208, 0.0)
(38.093258, 36.895962, 0.0)
(38.226082, 36.906166, 0.0)
(38.333012, 36.890079, 0.0)
(38.489872, 36.900333, 0.0)
(38.569153, 36.932121, 0.0)
(38.741821, 36.937366, 0.0)
(38.862610, 36.933769, 0.0)
(38.985321, 36.908646, 0.0)
(39.134796, 36.902084, 0.0)
(39.218056, 36.942154, 0.0)
(39.803295, 37.071609, 0.0)
(41.617828, 37.240406, 0.0)
(42.262463, 37.400257, 0.0)
(42.354668, 37.402103, 0.0)
(42.376041, 37.399303, 0.0)
(42.406216, 37.402527, 0.0)
(42.462101, 37.397575, 0.0)
(42.487255, 37.410881, 0.0)
(42.511215, 37.389267, 0.0)
(42.539375, 37.375019, 0.0)
(42.580296, 37.376804, 0.0)
(42.593132, 37.345654, 0.0)
(43.281528, 37.407040, 0.0)
(43.562611, 37.433838, 0.0)
(43.567322, 37.443848, 0.0)
(43.595963, 37.423038, 0.0)
(43.635780, 37.437321, 0.0)
(43.655346, 37.386982, 0.0)
(43.703854, 37.311958, 0.0)
(43.722973, 37.304596, 0.0)
(43.813847, 37.260384, 0.0)
(44.100658, 37.028885, 0.0)
(44.139221, 36.961483, 0.0)
(44.128445, 36.991405, 0.0)
(44.147633, 36.983528, 0.0)
(44.140686, 36.935406, 0.0)
(44.175320, 36.907143, 0.0)
(44.156574, 36.898296, 0.0)
(44.149368, 36.863316, 0.0)
(43.310371, 36.927734, 0.0)
(43.211895, 36.935711, 0.0)
(42.413948, 36.849468, 0.0)
(41.725815, 36.918957, 0.0)
(41.520000, 36.881542, 0.0)
(41.445057, 36.885387, 0.0)
(41.331207, 36.868080, 0.0)
(41.187550, 36.793316, 0.0)
(41.112389, 36.810390, 0.0)
(40.979118, 36.735008, 0.0)
(40.836594, 36.726902, 0.0)
(40.696449, 36.744453, 0.0)
(39.206314, 36.852070, 0.0)
(38.049541, 36.901810, 0.0)
(37.839046, 36.880646, 0.0)
(37.774204, 36.837299, 0.0)
(37.642979, 36.870949, 0.0)
(37.534775, 36.898067, 0.0)
(37.458755, 36.892799, 0.0)
(37.377525, 36.936626, 0.0)
(37.194267, 36.950771, 0.0)
(34.584324, 36.950851, 0.0)
(32.405857, 36.775635, 0.0)
(32.042587, 36.653801, 0.0)
(32.045979, 36.581772, 0.0)
(32.016853, 36.562817, 0.0)
(31.981565, 36.494606, 0.0)
(31.991201, 36.492378, 0.0)
(31.954018, 36.464703, 0.0)
(31.945511, 36.456608, 0.0)
(31.925802, 36.406570, 0.0)
(31.870394, 36.379112, 0.0)
(31.863716, 36.369373, 0.0)
(31.849453, 36.359154, 0.0)
(31.865515, 36.347076, 0.0)
(31.799181, 36.333694, 0.0)
(31.785563, 36.318569, 0.0)
(31.455774, 36.321045, 0.0)
(30.039307, 36.254604, 0.0)
(29.861820, 36.287346, 0.0)
(29.797993, 36.255630, 0.0)
(29.775478, 36.244606, 0.0)
(29.722878, 36.240810, 0.0)
(29.706398, 36.252827, 0.0)
(29.706039, 36.192856, 0.0)
(29.674906, 36.160744, 0.0)
(29.126907, 36.080387, 0.0)
(29.057487, 36.018463, 0.0)
(29.043268, 36.014866, 0.0)
(29.048252, 36.009258, 0.0)
(29.041805, 36.004025, 0.0)
(29.033678, 36.001656, 0.0)
(29.047028, 36.011074, 0.0)
(29.059141, 35.988178, 0.0)
(29.078630, 35.906002, 0.0)
(29.140114, 35.833565, 0.0)
(29.657904, 35.709705, 0.0)
(31.432392, 35.549320, 0.0)
(31.584881, 35.488693, 0.0)
(31.611519, 35.467140, 0.0)
(31.625151, 35.436218, 0.0)
(31.690866, 35.400192, 0.0)
(31.726656, 35.391701, 0.0)
(31.753094, 35.395092, 0.0)
(32.939964, 35.482559, 0.0)
(33.254772, 35.563179, 0.0)
(33.432835, 35.550781, 0.0)
(33.587204, 35.556232, 0.0)
(33.827881, 35.571175, 0.0)
(34.724548, 35.691807, 0.0)
(36.074451, 35.787121, 0.0)
(36.335186, 35.778744, 0.0)
(36.508110, 35.847160, 0.0)
(36.641289, 35.859360, 0.0)
(36.780628, 35.875755, 0.0)
(36.917297, 35.996239, 0.0)
(37.064144, 35.987328, 0.0)
(37.201187, 36.055286, 0.0)
(37.536133, 36.121700, 0.0)
(40.052067, 36.563980, 0.0)
(41.665752, 36.882725, 0.0)
(41.949936, 36.981014, 0.0)
(41.957161, 36.906033, 0.0)
(42.021477, 36.850868, 0.0)
(42.058197, 36.838005, 0.0)
(42.078106, 36.852982, 0.0)
(42.107681, 36.841133, 0.0)
(42.094841, 36.872272, 0.0)
(42.111835, 36.870541, 0.0)
(42.842476, 37.010639, 0.0)
(43.727978, 36.929634, 0.0)
(43.802025, 36.906921, 0.0)
(43.787891, 36.873302, 0.0)
(43.781143, 36.861835, 0.0)
(43.750629, 36.844604, 0.0)
(43.817802, 36.852924, 0.0)
(43.852188, 36.849190, 0.0)
(43.859055, 36.847630, 0.0)
(43.497368, 36.701580, 0.0)
(43.319672, 36.574150, 0.0)
(43.393658, 36.495525, 0.0)
(43.460045, 36.420322, 0.0)
(43.504696, 36.395725, 0.0)
(43.563301, 36.367088, 0.0)
(43.648941, 36.344151, 0.0)
(44.135334, 35.952232, 0.0)
(44.160843, 35.868004, 0.0)
(44.144276, 35.925529, 0.0)
(44.135460, 35.867149, 0.0)
(44.150879, 35.853672, 0.0)
(44.151962, 35.813686, 0.0)
(44.160160, 35.810032, 0.0)
(44.138729, 35.799789, 0.0)
(43.101257, 35.805248, 0.0)
(42.994133, 35.766640, 0.0)
(42.953407, 35.785358, 0.0)
(42.810417, 35.763737, 0.0)
(42.667706, 35.710655, 0.0)
(42.519543, 35.647396, 0.0)
(42.403400, 35.633423, 0.0)
(42.191757, 35.599331, 0.0)
(40.181919, 35.526852, 0.0)
(39.828800, 35.441021, 0.0)
(39.695301, 35.439728, 0.0)
(39.576073, 35.431396, 0.0)
(39.445557, 35.480721, 0.0)
(39.353958, 35.445877, 0.0)
(39.143417, 35.494831, 0.0)
(36.197330, 35.415447, 0.0)
(33.551151, 35.270573, 0.0)
(32.898132, 35.393570, 0.0)
(32.794086, 35.408321, 0.0)
(32.726162, 35.350094, 0.0)
(32.723515, 35.346741, 0.0)
(32.699558, 35.428768, 0.0)
(32.688812, 35.414845, 0.0)
(32.698608, 35.429214, 0.0)
(32.711964, 35.430931, 0.0)
(34.163219, 35.286831, 0.0)
(35.480839, 35.226158, 0.0)
(35.527248, 35.175747, 0.0)
(35.367550, 35.244564, 0.0)
(35.293552, 35.246235, 0.0)
(35.164162, 35.202053, 0.0)
(35.090939, 35.212139, 0.0)
(32.969330, 35.567753, 0.0)
(30.912983, 35.717144, 0.0)
(30.701902, 35.795490, 0.0)
(30.674511, 35.783527, 0.0)
(30.625755, 35.796150, 0.0)
(30.603184, 35.767612, 0.0)
(30.595993, 35.756660, 0.0)
(30.593309, 35.709175, 0.0)
(30.580626, 35.762333, 0.0)
(29.891842, 35.704628, 0.0)
(29.140898, 35.742664, 0.0)
(29.051586, 35.742195, 0.0)
(29.042513, 35.702679, 0.0)
(29.020317, 35.685810, 0.0)
(29.020290, 35.650162, 0.0)
(29.016081, 35.637070, 0.0)
(29.009634, 35.605667, 0.0)
(29.015444, 35.572506, 0.0)
(29.017754, 35.572529, 0.0)
(29.006069, 35.506996, 0.0)
(29.023176, 35.486702, 0.0)
(29.042206, 35.437744, 0.0)
(29.060211, 35.369068, 0.0)
(29.083712, 35.302711, 0.0)
(29.131516, 35.280094, 0.0)
(29.188528, 35.176189, 0.0)
(29.373938, 35.108788, 0.0)
(30.286335, 34.644585, 0.0)
(30.413267, 34.600719, 0.0)
(30.515467, 34.554352, 0.0)
(30.604095, 34.546516, 0.0)
(30.846033, 34.491470, 0.0)
(31.847918, 34.474361, 0.0)
(32.063641, 34.472740, 0.0)
(32.212532, 34.489250, 0.0)
(32.403683, 34.467953, 0.0)
(32.943314, 34.461273, 0.0)
(34.106304, 34.499249, 0.0)
(34.374977, 34.513977, 0.0)
(34.592575, 34.484344, 0.0)
(34.803627, 34.548298, 0.0)
(35.996017, 34.648975, 0.0)
(38.716194, 34.916866, 0.0)
(40.452503, 35.163078, 0.0)
(40.752563, 35.131351, 0.0)
(40.782799, 35.134243, 0.0)
(40.797783, 35.116337, 0.0)
(40.841087, 35.208225, 0.0)
(40.863548, 35.219456, 0.0)
(40.911667, 35.285866, 0.0)
(40.941940, 35.313072, 0.0)
(40.941017, 35.231667, 0.0)
(40.965828, 35.229538, 0.0)
(41.001926, 35.241776, 0.0)
(41.970856, 35.665066, 0.0)
(43.445122, 35.917339, 0.0)
(43.709057, 35.917950, 0.0)
(43.671867, 35.875187, 0.0)
(43.678280, 35.868027, 0.0)
(43.697716, 35.867924, 0.0)
(43.684746, 35.882820, 0.0)
(43.056320, 35.774475, 0.0)
(42.403561, 35.675331, 0.0)
(42.377064, 35.659985, 0.0)
(42.417530, 35.643291, 0.0)
(42.445332, 35.630859, 0.0)
(42.465313, 35.621876, 0.0)
(42.520565, 35.611683, 0.0)
(43.968410, 35.937160, 0.0)
(44.096371, 35.906105, 0.0)
(44.096684, 35.892155, 0.0)
(44.095516, 35.889477, 0.0)
(44.104259, 35.900402, 0.0)
(44.096924, 35.879288, 0.0)
(44.099174, 35.887230, 0.0)
(44.116695, 35.876408, 0.0)
(44.131870, 35.913422, 0.0)
(44.119244, 35.888809, 0.0)
(44.094170, 35.891396, 0.0)
(44.074028, 35.818962, 0.0)
(44.069130, 35.769360, 0.0)
(44.019680, 35.758533, 0.0)
(43.246761, 35.352127, 0.0)
(43.123650, 35.337055, 0.0)
(43.089806, 35.257462, 0.0)
(43.006496, 35.182880, 0.0)
(42.932961, 35.144627, 0.0)
(42.560169, 35.045521, 0.0)
(41.755856, 35.068298, 0.0)
(41.544159, 35.068096, 0.0)
(41.470715, 35.030037, 0.0)
(41.334648, 34.978558, 0.0)
(41.237419, 34.986065, 0.0)
(41.144493, 34.938919, 0.0)
(40.769302, 34.873238, 0.0)
(39.113651, 34.801922, 0.0)
(38.873283, 34.770020, 0.0)
(38.793037, 34.747532, 0.0)
(38.665474, 34.759441, 0.0)
(37.182720, 34.847759, 0.0)
(36.467979, 34.685387, 0.0)
(36.372410, 34.668812, 0.0)
(36.304192, 34.655159, 0.0)
(34.405033, 34.742741, 0.0)
(31.853247, 34.734718, 0.0)
(31.071257, 34.684277, 0.0)
(31.001476, 34.490311, 0.0)
(30.979748, 34.447639, 0.0)
(30.964401, 34.419582, 0.0)
(30.955822, 34.448792, 0.0)
(30.929083, 34.442421, 0.0)
(30.939592, 34.451069, 0.0)
(30.943457, 34.441856, 0.0)
(30.946461, 34.438198, 0.0)
(30.951210, 34.425743, 0.0)
(30.961332, 34.425266, 0.0)
(30.935627, 34.426815, 0.0)
(30.936947, 34.392784, 0.0)
(30.922287, 34.403419, 0.0)
(30.931543, 34.426373, 0.0)
(30.907066, 34.422554, 0.0)
(30.839205, 34.523430, 0.0)
(30.835445, 34.525333, 0.0)
(30.815973, 34.547905, 0.0)
(29.342947, 34.620781, 0.0)
(29.056982, 34.612530, 0.0)
(29.071814, 34.641216, 0.0)
(29.037140, 34.633377, 0.0)
(29.011354, 34.633244, 0.0)
(28.994991, 34.641155, 0.0)
(28.981552, 34.650951, 0.0)
(28.964497, 34.693409, 0.0)
(28.963621, 34.688431, 0.0)
(28.963018, 34.681290, 0.0)
(28.949493, 34.685211, 0.0)
(28.997324, 34.627380, 0.0)
(29.057398, 34.548176, 0.0)
(29.129622, 34.501972, 0.0)
(29.156607, 34.435627, 0.0)
(29.853464, 34.064705, 0.0)
(29.978098, 33.952820, 0.0)
(30.038723, 33.986855, 0.0)
(30.162590, 33.947102, 0.0)
(31.556595, 33.892998, 0.0)
(32.112583, 33.891102, 0.0)
(32.308216, 33.827976, 0.0)
(32.438999, 33.784344, 0.0)
(32.617508, 33.737274, 0.0)
(32.783337, 33.724136, 0.0)
(32.944611, 33.667580, 0.0)
(33.130379, 33.676792, 0.0)
(33.323299, 33.643089, 0.0)
(33.505650, 33.657742, 0.0)
(34.832371, 33.634552, 0.0)
(35.540524, 33.649406, 0.0)
(35.715027, 33.610889, 0.0)
(35.953136, 33.634655, 0.0)
(36.117592, 33.663795, 0.0)
(36.351345, 33.652126, 0.0)
(36.639107, 33.737099, 0.0)
(38.743347, 33.863850, 0.0)
(41.278709, 34.447319, 0.0)
(42.013168, 34.618008, 0.0)
(42.123535, 34.648087, 0.0)
(42.164948, 34.609230, 0.0)
(42.193401, 34.596794, 0.0)
(42.257690, 34.618031, 0.0)
(42.319534, 34.613888, 0.0)
(42.335812, 34.637608, 0.0)
(42.392399, 34.647568, 0.0)
(41.386330, 34.409199, 0.0)
(41.252407, 34.348396, 0.0)
(41.341412, 34.379818, 0.0)
(41.432022, 34.382156, 0.0)
(41.484905, 34.398167, 0.0)
(41.545231, 34.391846, 0.0)
(41.617458, 34.401035, 0.0)
(43.100655, 34.933567, 0.0)
(44.000263, 35.079525, 0.0)
(44.009258, 35.193291, 0.0)
(44.021881, 35.197937, 0.0)
(44.040737, 35.210915, 0.0)
(44.059994, 35.188961, 0.0)
(44.063686, 35.247540, 0.0)
(44.057823, 35.246983, 0.0)
(44.065311, 35.233364, 0.0)
(44.059021, 35.220242, 0.0)
(44.040619, 35.184616, 0.0)
(43.952335, 34.671650, 0.0)
(43.915195, 34.587730, 0.0)
(43.933296, 34.622311, 0.0)
(43.909630, 34.631760, 0.0)
(43.850670, 34.640636, 0.0)
(43.854965, 34.627712, 0.0)
(43.848667, 34.590790, 0.0)
(43.807220, 34.613956, 0.0)
(43.121349, 34.204247, 0.0)
(43.015202, 34.158024, 0.0)
(42.974201, 34.177486, 0.0)
(42.898396, 34.134953, 0.0)
(42.761532, 34.076237, 0.0)
(41.850277, 34.084774, 0.0)
(41.593048, 34.135078, 0.0)
(41.471584, 34.060398, 0.0)
(41.343441, 34.305477, 0.0)
(40.420555, 35.746910, 0.0)
(39.057804, 35.412308, 0.0)
(38.762165, 34.782650, 0.0)
(38.690811, 34.124287, 0.0)
(38.556030, 33.884834, 0.0)
(38.457024, 33.729347, 0.0)
(38.363232, 33.639717, 0.0)
(38.289017, 33.581993, 0.0)
(38.210651, 33.543633, 0.0)
(38.134804, 33.508980, 0.0)
(38.081959, 33.470707, 0.0)
(37.927654, 33.434875, 0.0)
(35.701550, 33.415241, 0.0)
(34.338551, 33.296322, 0.0)
(34.164314, 33.189659, 0.0)
(34.062057, 33.128368, 0.0)
(33.984486, 33.115768, 0.0)
(33.897404, 33.110828, 0.0)
(33.807648, 33.058533, 0.0)
(33.762459, 33.096245, 0.0)
(33.710579, 33.085888, 0.0)
(31.615887, 33.277283, 0.0)
(29.722191, 33.650604, 0.0)
(29.359922, 33.634872, 0.0)
(29.328238, 33.567371, 0.0)
(29.319815, 33.567970, 0.0)
(29.300381, 33.571812, 0.0)
(29.310612, 33.583622, 0.0)
(29.297279, 33.562428, 0.0)
(29.321484, 33.587612, 0.0)
(29.310513, 33.580551, 0.0)
(29.334864, 33.592121, 0.0)
(28.667048, 33.468254, 0.0)
(28.603712, 33.293030, 0.0)
(28.609009, 33.286213, 0.0)
(28.564632, 33.332474, 0.0)
(28.447096, 33.370461, 0.0)
(28.400246, 33.398399, 0.0)
(28.415464, 33.376572, 0.0)
(28.464825, 33.347832, 0.0)
(28.510197, 33.319717, 0.0)
(28.528389, 33.306484, 0.0)
(28.548037, 33.278374, 0.0)
(28.568342, 33.268707, 0.0)
(28.604723, 33.265060, 0.0)
(28.630199, 33.280483, 0.0)
(28.625879, 33.269154, 0.0)
(29.548620, 33.082047, 0.0)
(29.979109, 32.933929, 0.0)
(30.000528, 32.923225, 0.0)
(30.124964, 32.911491, 0.0)
(30.312696, 32.823784, 0.0)
(31.235777, 32.861820, 0.0)
(31.771271, 32.863930, 0.0)
(31.927378, 32.808399, 0.0)
(32.075603, 32.774296, 0.0)
(32.278175, 32.723129, 0.0)
(32.448059, 32.661976, 0.0)
(33.732941, 32.618885, 0.0)
(34.905376, 32.596909, 0.0)
(35.065746, 32.559803, 0.0)
(35.173935, 32.529869, 0.0)
(35.368298, 32.465160, 0.0)
(35.454556, 32.472511, 0.0)
(35.549507, 32.491791, 0.0)
(35.702408, 32.524105, 0.0)
(36.635677, 32.536747, 0.0)
(37.687187, 32.340084, 0.0)
(37.952534, 32.386734, 0.0)
(38.083935, 32.378849, 0.0)
(38.275612, 32.419270, 0.0)
(38.471504, 32.437454, 0.0)
(38.689651, 32.460510, 0.0)
(39.216148, 32.578487, 0.0)
(41.861176, 32.738796, 0.0)
(43.425697, 33.077156, 0.0)
(44.083847, 33.627743, 0.0)
(44.156864, 33.723812, 0.0)
(44.172382, 33.733845, 0.0)
(44.187386, 33.714138, 0.0)
(44.193035, 33.745766, 0.0)
(44.212711, 33.785286, 0.0)
(44.238625, 33.822880, 0.0)
(44.192406, 33.799877, 0.0)
(42.768036, 33.430458, 0.0)
(42.789982, 33.482193, 0.0)
(42.883919, 33.419643, 0.0)
(42.944653, 33.421799, 0.0)
(42.974953, 33.421577, 0.0)
(43.033512, 33.375294, 0.0)
(43.325428, 33.492386, 0.0)
(44.195850, 33.916740, 0.0)
(44.317654, 33.975082, 0.0)
(44.367630, 34.009670, 0.0)
(44.406132, 34.027203, 0.0)
(44.406063, 34.007374, 0.0)
(44.435104, 33.988922, 0.0)
(44.443172, 34.000561, 0.0)
(44.447350, 33.989742, 0.0)
(44.441669, 33.985401, 0.0)
(44.436626, 34.004013, 0.0)
(44.426449, 33.985550, 0.0)
(44.406590, 33.960232, 0.0)
(43.975418, 33.460945, 0.0)
(43.722744, 33.130516, 0.0)
(43.675350, 33.081982, 0.0)
(43.539654, 33.033672, 0.0)
(43.475750, 32.979378, 0.0)
(43.386806, 32.960396, 0.0)
(42.275059, 32.900406, 0.0)
(41.981720, 32.876900, 0.0)
(41.791386, 32.770618, 0.0)
(41.653355, 32.745571, 0.0)
(41.497639, 32.670208, 0.0)
(41.353714, 32.676743, 0.0)
(41.224880, 32.698647, 0.0)
(41.075603, 32.689789, 0.0)
(40.753853, 32.678028, 0.0)
(39.751926, 32.489780, 0.0)
(39.519039, 32.521561, 0.0)
(39.396786, 32.534298, 0.0)
(39.269363, 32.518139, 0.0)
(39.054424, 32.498016, 0.0)
(38.888649, 32.451733, 0.0)
(38.765717, 32.421562, 0.0)
(37.820107, 32.299820, 0.0)
(36.232346, 32.143589, 0.0)
(36.038708, 32.159931, 0.0)
(35.943398, 32.132042, 0.0)
(35.824074, 32.143478, 0.0)
(35.657597, 32.147640, 0.0)
(35.528366, 32.159214, 0.0)
(35.380753, 32.157322, 0.0)
(35.168228, 32.126766, 0.0)
(33.218395, 32.246662, 0.0)
(32.687550, 32.349243, 0.0)
(32.616570, 32.368721, 0.0)
(32.471466, 32.350807, 0.0)
(32.369556, 32.377728, 0.0)
(32.206142, 32.430576, 0.0)
(32.135201, 32.452671, 0.0)
(30.696014, 32.664032, 0.0)
(29.739332, 32.897926, 0.0)
(29.598249, 32.903473, 0.0)
(29.523958, 32.887051, 0.0)
(29.507446, 32.885929, 0.0)
(29.467117, 32.878956, 0.0)
(29.386143, 32.931000, 0.0)
(29.344521, 32.941231, 0.0)
(29.177444, 32.862289, 0.0)
(28.594997, 32.436646, 0.0)
(28.530968, 32.387394, 0.0)
(28.502686, 32.434204, 0.0)
(28.479628, 32.431793, 0.0)
(28.483656, 32.428093, 0.0)
(28.481461, 32.361069, 0.0)
(28.483627, 32.362518, 0.0)
(28.540829, 32.302742, 0.0)
(28.587482, 32.289921, 0.0)
(28.605347, 32.214645, 0.0)
(28.699362, 32.157017, 0.0)
(28.862633, 32.068111, 0.0)
(29.806416, 31.785822, 0.0)
(29.963516, 31.731659, 0.0)
(30.059586, 31.669916, 0.0)
(30.267750, 31.582357, 0.0)
(31.460138, 31.579971, 0.0)
(31.746538, 31.554136, 0.0)
(31.866251, 31.562750, 0.0)
(32.106068, 31.559334, 0.0)
(32.298229, 31.544935, 0.0)
(32.545078, 31.488758, 0.0)
(33.548294, 31.536224, 0.0)
(34.336544, 31.467270, 0.0)
(34.561184, 31.442802, 0.0)
(34.752853, 31.453913, 0.0)
(34.944462, 31.444527, 0.0)
(35.233501, 31.466799, 0.0)
(35.463432, 31.506611, 0.0)
(35.727528, 31.557472, 0.0)
(35.998127, 31.557865, 0.0)
(36.256222, 31.560379, 0.0)
(36.561420, 31.535856, 0.0)
(38.253281, 31.731712, 0.0)
(38.599590, 31.804256, 0.0)
(38.791790, 31.830713, 0.0)
(38.977283, 31.967461, 0.0)
(39.219696, 32.040527, 0.0)
(39.393482, 32.076107, 0.0)
(39.546684, 32.098522, 0.0)
(39.710255, 32.115925, 0.0)
(39.916302, 32.158089, 0.0)
(40.119019, 32.201916, 0.0)
(42.223618, 32.443428, 0.0)
(43.296471, 32.759758, 0.0)
(43.393375, 32.868969, 0.0)
(43.399071, 32.890190, 0.0)
(43.431580, 32.879005, 0.0)
(43.465786, 32.902832, 0.0)
(43.499397, 32.928318, 0.0)
(43.558727, 32.981796, 0.0)
(43.529968, 32.938412, 0.0)
(43.587227, 32.943794, 0.0)
(43.623005, 32.947269, 0.0)
(43.658958, 32.965588, 0.0)
(43.753460, 33.017166, 0.0)
(44.561584, 33.241043, 0.0)
(44.641617, 33.242985, 0.0)
(44.637417, 33.294807, 0.0)
(44.637417, 33.294807, 0.0)
(44.649967, 33.273163, 0.0)
(44.663879, 33.306927, 0.0)
(44.675880, 33.292423, 0.0)
(44.699272, 33.286083, 0.0)
(44.684280, 33.251167, 0.0)
(44.685963, 33.225689, 0.0)
(44.692440, 33.150616, 0.0)
(44.694088, 33.144283, 0.0)
(43.872009, 32.565735, 0.0)
(43.743408, 32.439133, 0.0)
(43.726589, 32.373283, 0.0)
(43.623634, 32.286324, 0.0)
(43.517532, 32.104939, 0.0)
(42.700794, 31.898867, 0.0)
(42.025494, 31.723322, 0.0)
(41.849216, 31.654257, 0.0)
(41.747425, 31.596970, 0.0)
(41.633495, 31.568676, 0.0)
(41.457367, 31.538324, 0.0)
(41.322437, 31.535986, 0.0)
(41.200531, 31.513311, 0.0)
(40.963676, 31.450562, 0.0)
(38.593861, 31.133980, 0.0)
(38.298038, 31.128555, 0.0)
(38.129929, 31.100010, 0.0)
(37.994118, 31.060061, 0.0)
(37.903843, 31.053572, 0.0)
(37.761497, 31.064091, 0.0)
(37.640060, 31.049999, 0.0)
(37.518742, 30.990944, 0.0)
(37.232487, 32.387409, 0.0)
(36.678719, 32.584511, 0.0)
(36.139549, 31.922243, 0.0)
(35.787083, 31.350418, 0.0)
(35.638382, 31.044308, 0.0)
(35.518414, 30.875311, 0.0)
(35.377632, 30.792942, 0.0)
(35.230309, 30.745684, 0.0)
(33.688290, 30.871281, 0.0)
(32.260769, 31.039465, 0.0)
(32.120644, 31.140995, 0.0)
(32.056789, 31.153036, 0.0)
(31.938673, 31.168343, 0.0)
(31.879202, 31.197554, 0.0)
(31.764637, 31.237301, 0.0)
(31.674442, 31.234812, 0.0)
(29.864130, 31.635887, 0.0)
(28.733946, 32.057304, 0.0)
(28.543541, 32.144882, 0.0)
(28.528252, 32.153084, 0.0)
(28.489462, 32.185410, 0.0)
(28.493790, 32.197674, 0.0)
(28.475117, 32.181938, 0.0)
(28.481182, 32.188610, 0.0)
(28.467964, 32.184616, 0.0)
(28.458719, 32.180260, 0.0)
(28.434290, 32.189842, 0.0)
(28.424402, 32.161003, 0.0)
(28.460386, 32.148338, 0.0)
(29.310638, 31.488892, 0.0)
(29.476883, 31.419226, 0.0)
(29.519777, 31.374346, 0.0)
(29.644371, 31.279921, 0.0)
(29.713303, 31.195858, 0.0)
(29.815952, 31.136150, 0.0)
(29.907448, 31.067297, 0.0)
(30.018497, 31.018742, 0.0)
(30.122847, 30.982491, 0.0)
(30.258448, 30.944384, 0.0)
(30.408674, 30.856285, 0.0)
(30.577316, 30.800638, 0.0)
(30.764156, 30.730003, 0.0)
(30.960583, 30.668026, 0.0)
(32.502884, 30.370119, 0.0)
(32.921127, 30.278749, 0.0)
(33.072552, 30.215385, 0.0)
(33.281353, 30.212254, 0.0)
(33.502098, 30.179333, 0.0)
(33.996326, 30.227951, 0.0)
(37.085876, 30.704250, 0.0)
(38.312813, 30.980524, 0.0)
(38.538334, 30.999140, 0.0)
(38.686207, 30.996407, 0.0)
(38.784801, 31.029221, 0.0)
(38.908138, 31.021608, 0.0)
(38.987080, 31.045221, 0.0)
(39.092499, 31.044935, 0.0)
(39.187447, 31.093462, 0.0)
(38.441887, 30.697739, 0.0)
(38.588699, 30.708290, 0.0)
(38.799923, 30.741285, 0.0)
(39.023762, 30.751394, 0.0)
(39.258984, 30.832880, 0.0)
(40.054104, 30.899385, 0.0)
(42.726322, 31.805208, 0.0)
(43.501392, 32.224892, 0.0)
(43.601139, 32.331635, 0.0)
(43.605736, 32.367233, 0.0)
(43.611374, 32.366230, 0.0)
(43.630325, 32.389305, 0.0)
(43.639229, 32.375282, 0.0)
(43.655018, 32.385532, 0.0)
(43.686981, 32.416504, 0.0)
(43.679649, 32.389179, 0.0)
(43.717281, 32.369656, 0.0)
(43.727875, 32.337021, 0.0)
(43.732780, 32.390285, 0.0)
(43.749870, 32.381710, 0.0)
(44.396938, 32.382595, 0.0)
(44.635750, 32.343948, 0.0)
(44.643063, 32.373558, 0.0)
(44.644070, 32.397148, 0.0)
(44.654800, 32.419823, 0.0)
(44.663601, 32.402664, 0.0)
(44.674442, 32.455509, 0.0)
(44.677635, 32.454437, 0.0)
(44.668846, 32.437332, 0.0)
(44.664856, 32.477741, 0.0)
(44.662624, 32.491806, 0.0)
(44.668247, 32.469105, 0.0)
(44.664024, 32.470440, 0.0)
(44.046329, 32.007374, 0.0)
(43.749790, 31.784044, 0.0)
(43.692085, 31.714788, 0.0)
(43.640423, 31.678347, 0.0)
(43.506771, 31.522680, 0.0)
(43.283859, 31.253263, 0.0)
(42.268742, 31.925522, 0.0)
(41.679909, 31.307266, 0.0)
(41.449364, 30.697651, 0.0)
(41.282310, 30.455513, 0.0)
(41.200539, 30.411982, 0.0)
(41.068230, 30.371458, 0.0)
(40.956818, 30.362881, 0.0)
(40.740082, 30.289143, 0.0)
(40.602322, 30.329597, 0.0)
(40.469849, 30.293468, 0.0)
(39.543705, 30.189011, 0.0)
(37.219120, 29.967867, 0.0)
(36.947205, 29.988176, 0.0)
(36.880108, 29.977547, 0.0)
(36.767467, 29.945919, 0.0)
(36.704567, 29.972462, 0.0)
(36.606083, 29.974276, 0.0)
(36.534817, 29.986773, 0.0)
(36.501755, 30.033358, 0.0)
(36.478695, 30.052198, 0.0)
(36.396973, 30.043770, 0.0)
(36.311417, 30.015112, 0.0)
(36.294235, 30.024132, 0.0)
(35.978748, 30.008818, 0.0)
(34.098152, 29.931555, 0.0)
(33.867771, 29.972561, 0.0)
(33.819798, 29.995060, 0.0)
(33.736881, 30.031940, 0.0)
(33.670506, 30.061760, 0.0)
(33.429363, 30.116169, 0.0)
(30.980053, 30.661467, 0.0)
(30.062052, 30.921736, 0.0)
(29.982767, 30.974747, 0.0)
(29.979294, 30.973825, 0.0)
(29.969477, 30.977514, 0.0)
(29.942060, 30.982121, 0.0)
(29.904238, 31.026337, 0.0)
(29.107868, 30.974308, 0.0)
(28.172592, 31.053614, 0.0)
(28.091814, 31.105404, 0.0)
(28.095003, 31.165110, 0.0)
(28.110752, 31.133539, 0.0)
(28.114210, 31.150692, 0.0)
(28.116997, 31.118103, 0.0)
(28.100134, 31.148289, 0.0)
(28.134609, 31.083244, 0.0)
(28.127378, 31.087313, 0.0)
(28.126114, 31.040422, 0.0)
(28.192446, 31.026558, 0.0)
(28.265799, 30.967731, 0.0)
(28.302656, 30.901297, 0.0)
(28.418093, 30.819460, 0.0)
(28.516106, 30.711868, 0.0)
(30.030151, 30.043095, 0.0)
(30.224384, 29.999203, 0.0)
(30.309702, 29.947315, 0.0)
(30.428785, 29.908384, 0.0)
(30.619553, 29.855337, 0.0)
(30.760996, 29.806355, 0.0)
(30.944880, 29.806488, 0.0)
(32.335957, 29.771370, 0.0)
(32.592445, 29.722588, 0.0)
(32.726479, 29.648157, 0.0)
(32.983578, 29.592186, 0.0)
(33.179253, 29.564356, 0.0)
(33.380207, 29.529984, 0.0)
(34.652561, 29.474314, 0.0)
(34.984142, 29.454525, 0.0)
(35.210049, 29.449118, 0.0)
(35.460155, 29.426712, 0.0)
(35.729053, 29.377645, 0.0)
(35.943565, 29.393993, 0.0)
(36.533417, 29.369308, 0.0)
(39.232895, 29.671364, 0.0)
(39.774910, 29.752701, 0.0)
(39.921642, 29.797264, 0.0)
(40.025978, 29.835436, 0.0)
(40.140297, 29.822859, 0.0)
(40.574673, 29.896891, 0.0)
(42.759941, 30.692650, 0.0)
(43.566860, 31.204559, 0.0)
(43.664318, 31.279955, 0.0)
(43.686874, 31.299515, 0.0)
(43.701584, 31.296507, 0.0)
(43.731964, 31.303932, 0.0)
(43.724827, 31.314711, 0.0)
(43.729099, 31.330425, 0.0)
(43.762310, 31.313601, 0.0)
(43.769085, 31.324327, 0.0)
(43.747360, 31.364328, 0.0)
(43.800407, 31.376019, 0.0)
(43.812508, 31.429432, 0.0)
(43.844685, 31.449127, 0.0)
(43.860802, 31.486685, 0.0)
(43.886223, 31.499811, 0.0)
(44.408318, 31.720856, 0.0)
(44.525692, 31.758036, 0.0)
(44.592110, 31.868361, 0.0)
(44.590473, 31.874519, 0.0)
(44.599037, 31.878536, 0.0)
(44.608593, 31.870958, 0.0)
(44.608658, 31.853519, 0.0)
(44.591877, 31.810780, 0.0)
(44.579300, 31.801617, 0.0)
(44.557911, 31.786894, 0.0)
(44.557144, 31.732996, 0.0)
(44.516960, 31.658054, 0.0)
(44.462856, 31.606838, 0.0)
(43.725960, 30.863411, 0.0)
(43.530563, 30.637800, 0.0)
(43.528313, 30.581095, 0.0)
(43.428482, 30.540699, 0.0)
(43.337376, 30.406822, 0.0)
(42.263988, 30.023380, 0.0)
(41.440720, 29.767294, 0.0)
(41.319118, 29.708035, 0.0)
(41.200809, 29.574896, 0.0)
(41.119606, 29.498760, 0.0)
(40.986938, 29.500383, 0.0)
(40.891731, 29.419313, 0.0)
(40.756481, 29.354061, 0.0)
(40.636753, 29.330372, 0.0)
(40.528355, 29.310602, 0.0)
(38.903923, 29.074614, 0.0)
(37.760250, 28.910307, 0.0)
(37.555622, 28.840666, 0.0)
(37.494099, 28.814291, 0.0)
(37.366814, 28.798943, 0.0)
(37.305916, 28.798952, 0.0)
(37.210541, 28.786440, 0.0)
(36.959869, 28.781363, 0.0)
(34.582829, 28.884386, 0.0)
(33.770439, 28.880041, 0.0)
(33.679256, 28.872948, 0.0)
(33.686707, 28.835545, 0.0)
(33.657768, 28.842737, 0.0)
(33.626175, 28.851976, 0.0)
(33.581234, 28.847486, 0.0)
(33.522152, 28.842710, 0.0)
(33.456646, 28.848446, 0.0)
(33.395061, 28.876574, 0.0)
(32.977917, 28.957891, 0.0)
(30.703981, 29.413597, 0.0)
(30.186947, 29.547709, 0.0)
(30.172987, 29.532034, 0.0)
(30.152729, 29.533915, 0.0)
(30.137465, 29.565374, 0.0)
(30.111557, 29.605865, 0.0)
(30.036575, 29.646505, 0.0)
(29.994984, 29.647938, 0.0)
(29.955742, 29.677299, 0.0)
(29.771442, 29.733150, 0.0)
(28.383051, 30.132807, 0.0)
(28.215246, 30.204165, 0.0)
(28.213713, 30.204504, 0.0)
(28.185163, 30.186415, 0.0)
(28.193110, 30.180662, 0.0)
(28.196901, 30.219749, 0.0)
(28.211670, 30.214365, 0.0)
(28.232992, 30.226543, 0.0)
(28.244358, 30.226156, 0.0)
(28.293415, 30.149931, 0.0)
(28.444473, 30.056185, 0.0)
(29.593565, 29.323292, 0.0)
(29.695721, 29.220484, 0.0)
(29.786869, 29.202387, 0.0)
(29.904350, 29.115599, 0.0)
(30.052553, 29.045437, 0.0)
(30.165421, 29.016296, 0.0)
(30.334469, 28.918518, 0.0)
(30.491039, 28.848736, 0.0)
(31.662447, 28.477257, 0.0)
(32.846901, 28.259726, 0.0)
(33.057442, 28.190186, 0.0)
(33.196457, 28.165945, 0.0)
(33.346268, 28.113266, 0.0)
(34.604988, 28.639479, 0.0)
(35.711452, 28.894058, 0.0)
(35.902512, 28.834160, 0.0)
(36.047886, 28.803699, 0.0)
(36.152893, 28.784216, 0.0)
(36.369377, 28.732958, 0.0)
(36.551468, 28.708673, 0.0)
(36.711456, 28.711559, 0.0)
(36.848423, 28.709589, 0.0)
(38.106869, 28.634077, 0.0)
(40.114662, 28.780264, 0.0)
(40.332695, 28.847136, 0.0)
(40.366730, 28.845364, 0.0)
(40.424747, 28.815575, 0.0)
(40.451424, 28.837133, 0.0)
(40.520031, 28.857370, 0.0)
(40.569637, 28.852381, 0.0)
(40.607361, 28.878250, 0.0)
(40.654968, 28.895748, 0.0)
(40.741337, 28.941996, 0.0)
(40.783962, 28.963829, 0.0)
(40.882019, 28.940187, 0.0)
(42.216549, 29.538921, 0.0)
(43.661949, 30.311405, 0.0)
(44.038132, 30.647234, 0.0)
(44.064972, 30.679569, 0.0)
(44.114334, 30.691320, 0.0)
(44.167034, 30.670656, 0.0)
(44.146576, 30.646435, 0.0)
(44.154018, 30.620169, 0.0)
(44.160542, 30.616547, 0.0)
(44.131702, 30.656149, 0.0)
(44.142628, 30.658140, 0.0)
(44.161194, 30.688152, 0.0)
(44.144985, 30.712471, 0.0)
(44.186489, 30.727905, 0.0)
(44.321960, 30.421837, 0.0)
(44.370129, 30.424217, 0.0)
(44.453423, 30.486155, 0.0)
(44.457016, 30.516531, 0.0)
(44.484550, 30.552349, 0.0)
(44.541546, 30.587145, 0.0)
(44.501602, 30.567833, 0.0)
(44.505497, 30.587891, 0.0)
(44.472118, 30.536564, 0.0)
(44.423893, 30.505590, 0.0)
(43.175961, 29.727932, 0.0)
(43.066025, 29.520960, 0.0)
(43.019352, 29.453447, 0.0)
(42.942696, 29.399355, 0.0)
(42.887047, 29.361078, 0.0)
(42.774567, 29.269636, 0.0)
(42.622452, 29.176788, 0.0)
(42.507221, 29.134476, 0.0)
(41.054562, 28.557079, 0.0)
(40.730637, 28.467575, 0.0)
(40.612968, 28.377316, 0.0)
(40.492371, 28.324074, 0.0)
(40.370186, 28.286495, 0.0)
(40.264874, 28.331612, 0.0)
(40.121799, 28.251369, 0.0)
(39.967506, 28.191269, 0.0)
(39.866840, 28.202316, 0.0)
(39.296471, 28.066957, 0.0)
(37.740650, 27.695337, 0.0)
(37.515091, 27.643984, 0.0)
(37.434719, 27.640308, 0.0)
(37.327110, 27.641520, 0.0)
(37.226425, 27.630957, 0.0)
(36.850384, 27.613546, 0.0)
(34.068169, 27.672855, 0.0)
(32.876675, 27.853708, 0.0)
(32.686096, 27.870167, 0.0)
(32.669827, 27.824228, 0.0)
(32.635216, 27.831966, 0.0)
(32.602257, 27.822344, 0.0)
(32.587311, 27.816122, 0.0)
(32.520023, 27.833073, 0.0)
(32.480980, 27.840075, 0.0)
(32.466911, 27.847832, 0.0)
(32.437801, 27.883972, 0.0)
(30.542601, 28.251974, 0.0)
(28.949589, 28.628746, 0.0)
(28.653786, 28.825848, 0.0)
(28.640686, 28.805161, 0.0)
(28.623154, 28.751726, 0.0)
(28.615059, 28.753721, 0.0)
(28.598454, 28.754045, 0.0)
(28.590605, 28.784067, 0.0)
(28.551506, 28.858515, 0.0)
(28.537189, 28.881145, 0.0)
(28.521732, 28.892067, 0.0)
(28.500416, 28.912994, 0.0)
(28.502756, 28.898844, 0.0)
(28.489830, 28.912821, 0.0)
(28.488958, 28.920620, 0.0)
(28.499929, 28.926079, 0.0)
(28.479952, 28.962364, 0.0)
(28.508354, 28.916895, 0.0)
(28.518923, 28.895601, 0.0)
(28.545509, 28.876781, 0.0)
(28.572990, 28.827599, 0.0)
(28.583111, 28.792871, 0.0)
(28.711035, 28.724890, 0.0)
(28.765150, 28.602163, 0.0)
(28.963795, 28.492783, 0.0)
(30.352440, 27.751751, 0.0)
(30.596346, 27.646822, 0.0)
(30.930618, 27.525570, 0.0)
(34.068726, 27.160736, 0.0)
(36.989620, 27.234493, 0.0)
(38.083355, 27.339514, 0.0)
(38.170219, 27.356205, 0.0)
(38.218189, 27.271322, 0.0)
(38.302811, 27.289700, 0.0)
(38.359497, 27.315437, 0.0)
(38.387627, 27.302921, 0.0)
(38.372551, 27.241467, 0.0)
(36.164688, 27.182701, 0.0)
(36.207546, 27.152472, 0.0)
(36.318729, 27.107166, 0.0)
(36.488132, 27.061930, 0.0)
(36.651340, 27.060400, 0.0)
(36.774799, 27.044708, 0.0)
(37.000259, 27.086651, 0.0)
(37.084778, 27.083761, 0.0)
(37.300915, 27.104414, 0.0)
(38.872414, 27.408468, 0.0)
(41.265270, 28.238493, 0.0)
(42.282818, 28.863371, 0.0)
(42.427502, 28.900866, 0.0)
(42.493999, 28.936522, 0.0)
(42.533291, 28.928741, 0.0)
(42.553715, 28.967506, 0.0)
(42.586395, 28.986809, 0.0)
(42.605011, 29.010769, 0.0)
(42.650421, 29.064539, 0.0)
(42.707428, 29.077566, 0.0)
(42.736553, 29.079010, 0.0)
(42.790386, 29.055330, 0.0)
(42.858395, 29.107410, 0.0)
(42.862808, 29.083981, 0.0)
(42.883335, 29.085445, 0.0)
(43.069393, 29.097185, 0.0)
(43.606937, 29.295616, 0.0)
(43.692013, 29.414705, 0.0)
(43.736679, 29.440702, 0.0)
(43.789299, 29.476376, 0.0)
(43.880917, 29.593241, 0.0)
(43.915894, 29.639776, 0.0)
(43.924618, 29.605461, 0.0)
(43.939339, 29.640543, 0.0)
(43.949905, 29.700367, 0.0)
(43.948368, 29.676424, 0.0)
(43.959606, 29.601482, 0.0)
(43.815979, 29.369183, 0.0)
(43.569855, 28.844040, 0.0)
(43.552715, 28.809437, 0.0)
(43.536541, 28.738070, 0.0)
(43.486526, 28.678888, 0.0)
(43.453388, 28.670612, 0.0)
(43.427895, 28.676924, 0.0)
(43.392429, 28.616575, 0.0)
(43.377209, 28.565718, 0.0)
(43.308296, 28.495880, 0.0)
(41.854424, 27.613985, 0.0)
(41.667519, 27.579992, 0.0)
(41.601452, 27.513195, 0.0)
(41.449024, 27.404907, 0.0)
(41.334808, 27.356915, 0.0)
(40.660831, 27.208542, 0.0)
(38.546543, 26.519054, 0.0)
(38.311214, 26.400616, 0.0)
(38.227833, 26.315109, 0.0)
(38.131863, 26.281088, 0.0)
(37.188568, 26.394045, 0.0)
(37.117821, 26.403570, 0.0)
(37.089687, 26.366253, 0.0)
(37.012215, 26.365749, 0.0)
(36.942444, 26.371244, 0.0)
(36.898003, 26.367714, 0.0)
(36.847137, 26.364487, 0.0)
(36.797867, 26.305460, 0.0)
(35.496193, 26.096004, 0.0)
(34.397018, 26.051283, 0.0)
(34.276474, 26.008112, 0.0)
(34.232723, 26.007444, 0.0)
(34.141685, 26.038841, 0.0)
(34.044765, 26.053089, 0.0)
(33.904343, 26.100098, 0.0)
(32.697830, 26.424307, 0.0)
(30.385674, 27.090919, 0.0)
(30.029499, 27.237186, 0.0)
(29.877644, 27.361019, 0.0)
(29.827839, 27.339708, 0.0)
(29.806017, 27.382977, 0.0)
(29.802725, 27.389618, 0.0)
(29.831612, 27.379314, 0.0)
(29.831612, 27.379314, 0.0)
(29.843161, 27.375725, 0.0)
(29.848053, 27.376951, 0.0)
(28.796135, 27.696899, 0.0)
(27.964529, 28.002998, 0.0)
(27.846849, 28.063900, 0.0)
(27.846821, 28.073076, 0.0)
(27.829027, 28.068680, 0.0)
(27.829418, 28.083830, 0.0)
(27.827913, 28.086905, 0.0)
(27.828379, 28.100552, 0.0)
(27.852247, 28.110037, 0.0)
(27.855766, 28.126909, 0.0)
(27.869089, 28.110682, 0.0)
(27.905382, 28.113476, 0.0)
(27.920935, 28.127380, 0.0)
(27.943073, 28.095066, 0.0)
(27.978848, 28.059860, 0.0)
(28.038639, 27.994217, 0.0)
(28.326782, 27.837128, 0.0)
(29.121233, 27.387077, 0.0)
(29.260933, 27.311060, 0.0)
(29.492821, 27.172169, 0.0)
(29.661743, 27.083466, 0.0)
(29.890097, 27.000206, 0.0)
(30.130657, 26.904247, 0.0)
(30.842752, 26.695782, 0.0)
(34.411663, 26.106361, 0.0)
(36.800163, 25.990267, 0.0)
(37.116421, 25.982576, 0.0)
(37.215431, 25.896893, 0.0)
(37.331699, 25.861727, 0.0)
(36.525677, 25.838755, 0.0)
(34.604603, 26.051437, 0.0)
(34.666668, 25.975092, 0.0)
(34.847046, 25.917488, 0.0)
(34.967564, 25.876669, 0.0)
(35.186241, 25.853159, 0.0)
(35.366093, 25.829912, 0.0)
(35.471504, 25.818079, 0.0)
(36.812744, 25.890110, 0.0)
(39.616093, 26.509172, 0.0)
(39.922047, 26.682535, 0.0)
(39.998474, 26.636551, 0.0)
(40.110111, 26.678440, 0.0)
(40.170933, 26.689011, 0.0)
(40.188988, 26.717287, 0.0)
(40.287689, 26.755072, 0.0)
(40.349369, 26.802576, 0.0)
(40.370461, 26.807091, 0.0)
(40.428322, 26.844135, 0.0)
(40.866882, 26.965254, 0.0)
(42.901665, 28.211147, 0.0)
(43.846294, 29.060862, 0.0)
(43.922829, 29.089312, 0.0)
(43.920639, 29.019543, 0.0)
(43.953217, 29.056856, 0.0)
(43.951359, 29.065912, 0.0)
(43.951359, 29.136713, 0.0)
(44.002102, 29.225174, 0.0)
(44.015133, 29.288219, 0.0)
(44.022514, 29.319838, 0.0)
(43.999470, 29.182547, 0.0)
(44.015289, 29.176847, 0.0)
(44.017681, 29.211061, 0.0)
(44.025555, 29.161133, 0.0)
(44.046787, 29.201969, 0.0)
(44.060482, 29.249109, 0.0)
(44.255848, 29.340643, 0.0)
(44.335392, 29.409302, 0.0)
(44.321552, 29.364597, 0.0)
(44.363781, 29.342678, 0.0)
(44.361050, 29.332071, 0.0)
(44.362000, 29.323311, 0.0)
(44.366741, 29.324497, 0.0)
(44.370472, 29.311098, 0.0)
(44.370472, 29.311098, 0.0)
(44.376186, 29.407299, 0.0)
(44.702755, 30.717113, 0.0)
(44.743793, 31.742159, 0.0)
(44.673786, 31.753845, 0.0)
(44.724094, 31.761650, 0.0)
(44.742279, 31.777288, 0.0)
(44.719013, 31.781788, 0.0)
(44.694626, 31.846153, 0.0)
(44.707760, 31.915979, 0.0)
(44.712826, 31.954174, 0.0)
(44.737804, 31.984573, 0.0)
(44.814522, 32.057457, 0.0)
(44.742836, 32.140755, 0.0)
(44.851646, 33.444424, 0.0)
(44.723690, 33.972202, 0.0)
(44.657307, 34.024910, 0.0)
(44.637676, 34.010063, 0.0)
(44.618301, 34.061329, 0.0)
(44.585419, 34.034180, 0.0)
(44.554413, 33.993740, 0.0)
(44.545441, 34.042919, 0.0)
(44.520523, 34.054558, 0.0)
(44.524471, 34.083076, 0.0)
(44.512840, 34.120556, 0.0)
(44.516376, 34.170082, 0.0)
(44.497562, 34.263092, 0.0)
(44.502380, 34.272770, 0.0)
(44.509216, 34.316658, 0.0)
(44.514679, 34.356392, 0.0)
(44.608257, 36.027134, 0.0)
(44.419537, 36.478683, 0.0)
(44.396553, 36.508797, 0.0)
(44.375645, 36.502159, 0.0)
(44.385387, 36.483250, 0.0)
(44.375332, 36.491383, 0.0)
(44.346821, 36.512669, 0.0)
(44.345032, 36.519169, 0.0)
(44.347763, 36.517082, 0.0)
(44.353672, 36.532421, 0.0)
(44.355862, 36.498611, 0.0)
(44.367935, 36.510654, 0.0)
(44.372589, 36.555923, 0.0)
(44.391312, 36.591141, 0.0)
(44.394791, 36.612629, 0.0)
(44.392719, 36.641235, 0.0)
(44.376091, 36.661251, 0.0)
(44.373379, 36.633114, 0.0)
(44.359558, 36.600029, 0.0)
(44.346989, 36.626350, 0.0)
(44.288025, 36.657581, 0.0)
(44.275356, 36.663944, 0.0)
(44.273220, 36.658161, 0.0)
(43.875023, 36.752159, 0.0)
(43.670189, 37.075054, 0.0)
(43.659046, 37.114574, 0.0)
(43.650116, 37.103210, 0.0)
(43.654396, 37.091499, 0.0)
(43.654095, 37.087585, 0.0)
(43.987427, 35.565346, 0.0)
(44.260307, 34.206303, 0.0)
(44.265617, 34.134708, 0.0)
(44.287113, 34.072975, 0.0)
(44.341820, 33.968765, 0.0)
(44.338619, 33.815205, 0.0)
(44.381687, 33.652260, 0.0)
(44.420380, 33.530933, 0.0)
(44.424221, 33.484272, 0.0)
(44.435749, 33.388931, 0.0)
(44.444180, 33.331654, 0.0)
(44.433624, 33.259239, 0.0)
(44.482437, 33.226036, 0.0)
(44.467052, 33.166344, 0.0)
(44.472271, 33.093071, 0.0)
(44.461502, 32.998154, 0.0)
(44.499149, 32.892307, 0.0)
(44.558418, 32.018028, 0.0)
(44.265007, 30.316822, 0.0)
(44.251404, 30.181309, 0.0)
(44.259083, 30.275593, 0.0)
(44.259083, 30.275593, 0.0)
(44.280869, 30.253384, 0.0)
(44.282082, 30.209915, 0.0)
(44.291939, 30.191715, 0.0)
(44.299011, 30.155237, 0.0)
(44.316582, 30.082743, 0.0)
(44.345028, 30.109392, 0.0)
(44.376560, 30.114840, 0.0)
(44.377552, 30.088867, 0.0)
(44.375938, 30.105223, 0.0)
(44.366138, 30.068159, 0.0)
(44.358273, 30.040030, 0.0)
(44.311192, 29.522320, 0.0)
(44.154892, 28.912786, 0.0)
(44.095020, 28.889139, 0.0)
(44.097359, 28.899614, 0.0)
(44.107471, 28.957956, 0.0)
(44.117115, 28.973991, 0.0)
(44.103275, 28.905846, 0.0)
(44.103275, 28.905846, 0.0)
(44.110706, 28.900255, 0.0)
(44.145813, 28.893654, 0.0)
(44.147900, 28.877602, 0.0)
(44.162334, 28.913214, 0.0)
(44.162807, 28.892519, 0.0)
(44.136536, 28.870972, 0.0)
(44.126408, 28.887142, 0.0)
(44.138474, 28.913540, 0.0)
(44.121906, 28.945576, 0.0)
(44.121906, 28.945576, 0.0)
(44.094059, 28.958809, 0.0)
(43.606499, 28.668770, 0.0)
(43.725029, 29.105827, 0.0)
(43.771580, 29.687912, 0.0)
(43.678967, 29.753599, 0.0)
(43.672600, 29.828548, 0.0)
(43.678921, 29.901983, 0.0)
(43.664680, 29.965250, 0.0)
(43.659451, 30.030172, 0.0)
(43.648785, 30.085730, 0.0)
(43.697929, 30.181070, 0.0)
(43.669369, 30.375492, 0.0)
(43.821163, 30.919937, 0.0)
(43.994888, 32.147884, 0.0)
(43.812565, 32.633099, 0.0)
(43.795048, 32.750656, 0.0)
(43.763004, 32.792309, 0.0)
(43.732067, 32.806366, 0.0)
(43.740185, 32.858349, 0.0)
(43.735878, 32.876812, 0.0)
(43.721626, 32.915302, 0.0)
(43.704227, 32.939178, 0.0)
(43.666504, 33.020081, 0.0)
(43.627220, 33.076168, 0.0)
(43.658764, 33.088696, 0.0)
(43.654739, 33.158127, 0.0)
(43.650394, 33.217598, 0.0)
(43.650711, 33.252922, 0.0)
(43.645851, 34.146729, 0.0)
(43.537060, 35.920601, 0.0)
(43.440536, 36.125694, 0.0)
(43.413013, 36.100048, 0.0)
(43.387810, 36.136547, 0.0)
(43.381752, 36.155655, 0.0)
(43.347729, 36.189297, 0.0)
(43.249687, 36.209076, 0.0)
(43.226727, 36.229969, 0.0)
(43.232578, 36.220055, 0.0)
(43.252262, 36.196941, 0.0)
(43.231632, 36.213551, 0.0)
(43.228096, 36.235867, 0.0)
(43.227863, 36.239403, 0.0)
(43.236271, 36.220497, 0.0)
(43.237648, 36.232147, 0.0)
(43.239544, 36.216404, 0.0)
(43.242821, 36.182652, 0.0)
(43.230011, 36.214748, 0.0)
(43.218746, 36.211143, 0.0)
(43.221088, 36.230083, 0.0)
(43.236412, 36.277504, 0.0)
(43.227688, 36.336002, 0.0)
(43.230515, 36.323761, 0.0)
(43.242729, 36.315422, 0.0)
(43.254826, 36.243690, 0.0)
(43.251080, 36.218769, 0.0)
(43.236477, 36.211792, 0.0)
(43.098866, 36.218582, 0.0)
(42.428513, 36.166729, 0.0)
(42.377960, 36.134064, 0.0)
(42.372841, 36.128891, 0.0)
(42.358688, 36.107872, 0.0)
(42.364750, 36.059521, 0.0)
(42.564671, 35.749466, 0.0)
(42.841663, 35.476658, 0.0)
(42.877300, 35.379929, 0.0)
(42.899017, 35.263756, 0.0)
(42.933495, 35.137413, 0.0)
(42.937553, 34.847313, 0.0)
(43.193802, 33.309666, 0.0)
(43.180954, 32.928490, 0.0)
(43.219524, 32.883873, 0.0)
(43.267170, 32.804989, 0.0)
(43.279617, 32.772663, 0.0)
(43.286972, 32.667847, 0.0)
(43.272038, 32.008736, 0.0)
(43.272533, 30.409117, 0.0)
(43.249607, 30.252779, 0.0)
(43.257397, 30.232882, 0.0)
(43.270782, 30.184231, 0.0)
(43.276810, 30.151098, 0.0)
(43.285526, 30.132521, 0.0)
(43.285049, 30.104977, 0.0)
(43.300896, 30.060455, 0.0)
(43.310677, 30.034546, 0.0)
(43.335049, 30.006283, 0.0)
(43.361248, 30.022282, 0.0)
(43.259068, 29.631016, 0.0)
(43.147556, 28.620913, 0.0)
(43.036972, 28.380518, 0.0)
(43.014679, 28.370846, 0.0)
(43.051212, 28.389025, 0.0)
(43.051212, 28.389025, 0.0)
(43.065910, 28.327787, 0.0)
(43.068241, 28.315540, 0.0)
(43.051617, 28.382044, 0.0)
(43.051212, 28.389025, 0.0)
(43.040974, 28.378126, 0.0)
(43.047523, 28.365782, 0.0)
(43.045025, 28.352980, 0.0)
(43.030003, 28.315018, 0.0)
(43.067806, 28.305481, 0.0)
(43.073120, 28.286125, 0.0)
(43.117462, 28.316208, 0.0)
(43.058506, 28.290821, 0.0)
(42.879719, 28.150122, 0.0)
(42.665699, 27.819242, 0.0)
(42.658958, 27.781538, 0.0)
(42.650288, 27.778461, 0.0)
(42.652943, 27.761370, 0.0)
(42.649799, 27.765844, 0.0)
(42.646564, 27.769857, 0.0)
(42.605198, 27.768250, 0.0)
(42.563717, 27.780005, 0.0)
(42.529339, 27.765408, 0.0)
(42.489796, 27.789667, 0.0)
(42.293098, 27.738159, 0.0)
(42.339634, 28.934719, 0.0)
(42.474281, 30.234339, 0.0)
(42.359585, 30.429100, 0.0)
(42.349903, 30.437435, 0.0)
(42.330597, 30.478506, 0.0)
(42.319702, 30.532761, 0.0)
(42.318409, 30.615385, 0.0)
(42.320778, 30.715652, 0.0)
(42.334160, 30.777044, 0.0)
(42.333225, 30.880985, 0.0)
(42.318153, 30.961853, 0.0)
(42.318245, 31.087374, 0.0)
(42.498863, 31.565035, 0.0)
(42.771065, 32.768764, 0.0)
(42.718441, 32.933880, 0.0)
(42.691467, 32.937420, 0.0)
(42.691673, 32.978691, 0.0)
(42.680145, 33.013760, 0.0)
(42.658047, 33.016376, 0.0)
(42.633366, 33.017525, 0.0)
(42.633034, 33.054821, 0.0)
(42.864571, 35.012905, 0.0)
(42.461456, 36.148975, 0.0)
(42.394211, 36.223740, 0.0)
(42.397369, 36.141178, 0.0)
(42.396526, 36.134659, 0.0)
(42.389111, 36.120071, 0.0)
(42.395916, 36.115883, 0.0)
(42.362076, 36.086727, 0.0)
(42.374279, 36.080051, 0.0)
(42.374279, 36.080051, 0.0)
(42.370895, 36.076569, 0.0)
(42.390526, 36.067993, 0.0)
(42.388908, 36.099346, 0.0)
(42.378666, 36.093971, 0.0)
(42.377853, 36.074089, 0.0)
(42.367508, 36.085831, 0.0)
(42.329948, 36.097786, 0.0)
(42.323662, 36.133232, 0.0)
(42.305992, 36.136707, 0.0)
(42.281601, 36.170296, 0.0)
(42.262161, 36.197994, 0.0)
(42.274384, 36.187679, 0.0)
(42.253658, 36.187645, 0.0)
(42.251072, 36.203407, 0.0)
(42.262920, 36.217789, 0.0)
(42.238792, 36.181271, 0.0)
(41.833988, 36.103733, 0.0)
(41.698898, 36.090210, 0.0)
(41.707420, 36.091911, 0.0)
(41.686924, 36.105289, 0.0)
(41.683891, 36.107891, 0.0)
(41.688667, 36.109123, 0.0)
(41.669849, 36.053669, 0.0)
(41.674015, 36.051266, 0.0)
(41.695000, 35.992638, 0.0)
(41.681778, 35.905712, 0.0)
(41.639324, 35.831978, 0.0)
(41.425190, 35.527370, 0.0)
(41.417522, 35.441463, 0.0)
(41.454201, 35.332851, 0.0)
(41.437012, 35.152908, 0.0)
(41.427025, 34.999619, 0.0)
(41.443378, 34.884907, 0.0)
(41.785748, 34.357285, 0.0)
(41.812382, 34.185726, 0.0)
(41.830585, 34.092953, 0.0)
(41.820789, 33.639576, 0.0)
(41.775223, 31.036928, 0.0)
(41.790073, 30.042330, 0.0)
(41.764145, 29.969231, 0.0)
(41.769039, 29.969841, 0.0)
(41.773754, 29.931417, 0.0)
(41.775478, 29.889318, 0.0)
(41.782021, 29.879917, 0.0)
(41.796749, 29.896120, 0.0)
(41.817413, 29.882858, 0.0)
(41.831150, 29.831501, 0.0)
(41.842144, 29.764475, 0.0)
(41.863136, 29.736973, 0.0)
(41.859558, 29.721937, 0.0)
(41.876678, 29.691803, 0.0)
(41.879993, 29.672304, 0.0)
(41.859783, 29.642227, 0.0)
(41.839954, 29.641214, 0.0)
(41.842655, 29.611916, 0.0)
(41.832176, 29.569027, 0.0)
(41.872883, 29.233120, 0.0)
(41.870178, 28.493317, 0.0)
(41.874477, 28.448853, 0.0)
(41.871479, 28.458151, 0.0)
(41.869160, 28.450899, 0.0)
(41.862087, 28.436548, 0.0)
(41.847244, 28.405354, 0.0)
(41.840023, 28.366886, 0.0)
(41.645443, 27.873732, 0.0)
(41.494087, 27.403046, 0.0)
(41.458706, 27.339186, 0.0)
(41.453205, 27.371523, 0.0)
(41.454189, 27.331125, 0.0)
(41.454189, 27.331125, 0.0)
(41.446701, 27.369610, 0.0)
(41.448261, 27.385967, 0.0)
(41.464096, 27.378927, 0.0)
(41.465309, 27.376469, 0.0)
(41.468708, 27.333717, 0.0)
(41.466866, 27.324509, 0.0)
(41.469868, 27.312971, 0.0)
(41.463814, 27.309402, 0.0)
(41.458260, 27.314489, 0.0)
(41.428165, 27.333778, 0.0)
(40.506256, 27.242739, 0.0)
(40.381905, 27.187857, 0.0)
(40.381905, 27.187857, 0.0)
(40.358078, 27.195490, 0.0)
(40.354038, 27.228653, 0.0)
(40.332439, 27.261700, 0.0)
(40.343067, 27.343697, 0.0)
(40.956970, 28.565243, 0.0)
(41.075752, 29.831579, 0.0)
(41.043983, 30.109016, 0.0)
(41.041870, 30.128696, 0.0)
(41.036938, 30.245575, 0.0)
(41.004349, 30.284552, 0.0)
(40.994450, 30.357180, 0.0)
(40.985088, 30.412333, 0.0)
(40.958191, 30.485895, 0.0)
(40.977943, 30.584732, 0.0)
(40.969536, 30.676865, 0.0)
(40.954437, 30.758371, 0.0)
(40.929356, 30.868563, 0.0)
(40.912868, 30.923347, 0.0)
(40.995136, 31.666145, 0.0)
(41.003944, 32.488682, 0.0)
(40.956799, 32.591904, 0.0)
(40.931248, 32.599976, 0.0)
(40.923813, 32.686619, 0.0)
(40.907116, 32.712780, 0.0)
(40.893730, 32.759762, 0.0)
(40.900013, 32.798145, 0.0)
(40.907185, 32.837627, 0.0)
(41.189224, 34.859173, 0.0)
(40.919903, 36.471428, 0.0)
(40.750175, 36.650993, 0.0)
(40.729698, 36.598900, 0.0)
(40.709354, 36.574207, 0.0)
(40.698517, 36.566639, 0.0)
(40.666069, 36.508072, 0.0)
(40.631626, 36.488647, 0.0)
(40.630390, 36.450573, 0.0)
(40.658398, 36.486488, 0.0)
(40.664822, 36.478886, 0.0)
(40.668644, 36.510952, 0.0)
(40.673351, 36.526146, 0.0)
(40.651199, 36.589760, 0.0)
(40.609867, 36.591351, 0.0)
(40.595684, 36.593292, 0.0)
(40.588993, 36.592625, 0.0)
(40.581806, 36.598663, 0.0)
(40.589344, 36.606022, 0.0)
(40.584465, 36.601440, 0.0)
(40.569908, 36.620811, 0.0)
(40.569824, 36.632046, 0.0)
(40.563412, 36.634014, 0.0)
(40.548252, 36.653732, 0.0)
(40.530128, 36.607342, 0.0)
(40.142330, 36.251747, 0.0)
(40.088741, 36.248566, 0.0)
(40.102264, 36.260777, 0.0)
(40.119671, 36.297123, 0.0)
(40.106045, 36.263229, 0.0)
(40.102688, 36.181438, 0.0)
(40.098804, 36.170155, 0.0)
(40.111607, 36.238918, 0.0)
(39.781101, 34.424206, 0.0)
(39.791637, 30.381037, 0.0)
(40.133751, 29.661354, 0.0)
(40.138447, 29.650623, 0.0)
(40.133503, 29.614201, 0.0)
(40.142284, 29.578304, 0.0)
(40.124287, 29.552773, 0.0)
(40.123981, 29.542301, 0.0)
(40.141460, 29.531649, 0.0)
(40.124500, 29.520000, 0.0)
(40.139843, 29.509735, 0.0)
(40.116856, 29.469007, 0.0)
(40.109936, 29.429817, 0.0)
(39.890835, 28.571268, 0.0)
(39.824234, 28.202774, 0.0)
(39.818287, 28.175947, 0.0)
(39.815456, 28.173220, 0.0)
(39.813869, 28.240967, 0.0)
(39.814613, 28.217325, 0.0)
(39.826176, 28.220329, 0.0)
(39.828789, 28.226742, 0.0)
(39.825573, 28.182671, 0.0)
(39.855530, 28.159433, 0.0)
(39.865292, 28.093082, 0.0)
(39.878048, 28.053524, 0.0)
(39.900223, 28.055746, 0.0)
(39.865635, 27.683599, 0.0)
(39.750687, 27.267855, 0.0)
(39.697071, 27.204947, 0.0)
(39.702942, 27.188183, 0.0)
(39.711174, 27.176077, 0.0)
(39.701920, 27.154930, 0.0)
(39.703037, 27.116589, 0.0)
(39.725628, 27.090403, 0.0)
(39.741707, 27.070814, 0.0)
(39.741276, 27.077555, 0.0)
(39.743389, 27.076286, 0.0)
(39.731792, 27.056843, 0.0)
(39.738708, 27.037565, 0.0)
(39.722927, 27.015215, 0.0)
(39.677334, 27.014353, 0.0)
(39.665558, 26.980694, 0.0)
(39.657066, 26.967522, 0.0)
(39.664215, 26.986713, 0.0)
(39.665558, 26.980694, 0.0)
(39.662273, 26.998098, 0.0)
(39.636879, 27.015049, 0.0)
(39.630432, 27.006880, 0.0)
(39.607304, 27.016361, 0.0)
(39.585247, 27.035051, 0.0)
(39.578793, 27.044710, 0.0)
(39.578091, 27.067545, 0.0)
(38.983807, 27.090815, 0.0)
(38.816288, 27.201353, 0.0)
(38.665031, 27.248747, 0.0)
(38.654545, 27.272350, 0.0)
(38.640305, 27.287157, 0.0)
(38.647129, 27.312580, 0.0)
(38.626572, 27.382278, 0.0)
(38.925976, 28.510174, 0.0)
(38.917694, 28.725258, 0.0)
(38.902752, 28.746830, 0.0)
(38.921093, 28.938192, 0.0)
(38.909172, 29.059034, 0.0)
(38.926178, 29.188759, 0.0)
(39.397907, 30.613722, 0.0)
(39.366184, 31.014549, 0.0)
(39.294594, 31.058193, 0.0)
(39.282501, 31.082802, 0.0)
(39.275242, 31.172554, 0.0)
(39.252083, 31.276562, 0.0)
(39.253082, 31.430557, 0.0)
(39.224686, 31.569420, 0.0)
(39.231049, 31.628708, 0.0)
(39.243752, 31.767101, 0.0)
(39.443958, 34.098980, 0.0)
(39.229923, 35.482964, 0.0)
(39.102692, 35.595428, 0.0)
(39.056770, 35.572514, 0.0)
(39.044891, 35.561047, 0.0)
(39.004223, 35.568592, 0.0)
(38.991383, 35.569229, 0.0)
(38.970451, 35.568295, 0.0)
(38.978924, 35.536598, 0.0)
(38.975224, 35.536762, 0.0)
(38.979435, 35.519470, 0.0)
(38.983597, 35.490513, 0.0)
(38.988659, 35.493130, 0.0)
(38.991024, 35.527176, 0.0)
(38.991585, 35.527279, 0.0)
(38.994869, 35.529644, 0.0)
(39.011230, 35.526169, 0.0)
(39.011276, 35.520794, 0.0)
(39.003288, 35.496532, 0.0)
(39.040062, 35.558014, 0.0)
(39.151241, 36.480061, 0.0)
(39.065090, 37.112747, 0.0)
(38.951851, 37.181522, 0.0)
(38.936756, 37.190071, 0.0)
(38.940842, 37.183125, 0.0)
(38.930176, 37.164486, 0.0)
(38.907368, 37.136646, 0.0)
(38.885750, 37.112110, 0.0)
(38.882027, 37.125275, 0.0)
(38.877663, 37.117008, 0.0)
(38.864040, 37.126293, 0.0)
(38.854145, 37.138203, 0.0)
(38.857033, 37.121361, 0.0)
(37.983727, 36.763542, 0.0)
(37.780025, 36.578293, 0.0)
(37.764862, 36.538601, 0.0)
(37.715115, 36.528721, 0.0)
(37.696487, 36.338116, 0.0)
(37.920124, 35.521591, 0.0)
(38.143520, 33.554672, 0.0)
(38.110619, 33.391251, 0.0)
(38.106514, 33.294022, 0.0)
(38.186028, 33.194908, 0.0)
(38.145073, 32.952843, 0.0)
(37.843170, 29.917345, 0.0)
(37.841427, 29.001499, 0.0)
(37.815155, 28.886673, 0.0)
(37.855633, 28.893942, 0.0)
(37.852146, 28.868015, 0.0)
(37.854145, 28.936987, 0.0)
(37.864674, 28.878981, 0.0)
(37.850605, 28.856213, 0.0)
(37.853729, 28.804277, 0.0)
(37.835300, 28.785694, 0.0)
(37.810707, 28.762705, 0.0)
(37.817417, 28.777113, 0.0)
(37.811649, 28.783892, 0.0)
(37.839359, 28.792791, 0.0)
(37.844315, 28.810257, 0.0)
(37.845547, 28.794903, 0.0)
(37.875889, 28.352957, 0.0)
(37.779037, 27.696793, 0.0)
(37.766857, 27.668287, 0.0)
(37.763641, 27.673391, 0.0)
(37.747444, 27.649843, 0.0)
(37.736217, 27.672850, 0.0)
(37.717701, 27.688593, 0.0)
(37.764874, 27.701956, 0.0)
(37.789993, 27.678152, 0.0)
(37.796978, 27.616905, 0.0)
(37.794292, 27.543835, 0.0)
(37.796127, 27.511456, 0.0)
(37.780716, 27.505724, 0.0)
(37.784145, 27.500170, 0.0)
(37.789707, 27.511023, 0.0)
(37.299332, 27.229490, 0.0)
(37.176983, 26.954090, 0.0)
(37.183578, 26.895956, 0.0)
(37.172287, 26.901859, 0.0)
(37.192768, 26.896215, 0.0)
(37.190983, 26.884706, 0.0)
(37.194077, 26.858505, 0.0)
(37.194359, 26.875076, 0.0)
(37.195110, 26.879192, 0.0)
(37.170799, 26.867311, 0.0)
(37.173012, 26.851839, 0.0)
(37.137100, 26.884214, 0.0)
(37.113953, 26.857836, 0.0)
(37.079029, 26.870092, 0.0)
(37.055878, 26.894873, 0.0)
(37.037560, 26.913164, 0.0)
(37.007160, 26.965496, 0.0)
(36.972675, 27.025023, 0.0)
(36.707813, 27.476748, 0.0)
(36.655506, 28.615499, 0.0)
(36.550426, 28.746765, 0.0)
(36.534164, 28.758524, 0.0)
(36.521740, 28.795540, 0.0)
(36.532600, 28.901812, 0.0)
(36.516563, 28.972351, 0.0)
(36.533073, 29.053394, 0.0)
(36.614704, 29.175600, 0.0)
(36.620308, 29.231379, 0.0)
(36.620743, 29.332289, 0.0)
(36.657192, 29.402010, 0.0)
(36.667610, 29.431253, 0.0)
(37.268021, 30.745804, 0.0)
(37.341240, 31.677755, 0.0)
(37.303196, 31.844988, 0.0)
(37.281700, 31.889248, 0.0)
(37.269028, 31.934179, 0.0)
(37.227062, 31.958307, 0.0)
(37.233768, 31.990469, 0.0)
(37.201797, 32.113846, 0.0)
(37.588181, 33.907104, 0.0)
(37.521389, 34.919918, 0.0)
(37.357571, 34.972950, 0.0)
(37.307320, 34.868134, 0.0)
(37.300053, 34.986565, 0.0)
(37.312363, 35.014851, 0.0)
(37.334621, 35.021584, 0.0)
(37.332470, 35.018150, 0.0)
(37.332218, 35.038574, 0.0)
(37.320431, 35.008183, 0.0)
(37.321358, 35.012581, 0.0)
(37.310844, 35.026554, 0.0)
(37.321762, 35.071953, 0.0)
(37.300343, 35.124859, 0.0)
(37.257572, 35.105434, 0.0)
(37.287323, 35.103691, 0.0)
(37.303436, 35.137177, 0.0)
(37.145985, 35.729416, 0.0)
(37.166515, 36.865326, 0.0)
(37.150997, 37.018299, 0.0)
(37.106689, 36.985889, 0.0)
(37.069939, 37.018509, 0.0)
(37.073673, 37.053146, 0.0)
(37.106644, 37.006634, 0.0)
(37.069462, 36.990108, 0.0)
(37.068333, 36.958164, 0.0)
(37.063099, 36.890984, 0.0)
(37.062824, 36.864098, 0.0)
(37.055336, 36.899570, 0.0)
(37.041782, 36.938496, 0.0)
(37.055878, 36.932762, 0.0)
(37.007935, 36.937840, 0.0)
(36.386372, 36.912975, 0.0)
(36.169674, 36.824295, 0.0)
(36.149693, 36.802120, 0.0)
(36.128120, 36.803028, 0.0)
(36.118778, 36.675900, 0.0)
(36.081608, 35.485409, 0.0)
(35.879169, 30.766914, 0.0)
(35.805218, 29.140619, 0.0)
(35.780903, 29.115950, 0.0)
(35.756031, 29.136679, 0.0)
(35.767570, 29.107140, 0.0)
(35.759689, 29.085604, 0.0)
(35.775303, 29.040714, 0.0)
(35.758934, 29.012262, 0.0)
(35.773582, 29.001225, 0.0)
(35.738888, 28.989626, 0.0)
(35.724945, 28.994993, 0.0)
(35.719204, 28.960154, 0.0)
(35.722885, 28.895023, 0.0)
(35.746353, 28.907923, 0.0)
(35.741760, 28.909452, 0.0)
(35.590954, 28.568186, 0.0)
(35.411648, 27.328070, 0.0)
(35.410080, 27.236082, 0.0)
(35.405167, 27.282297, 0.0)
(35.390648, 27.269459, 0.0)
(35.383354, 27.300135, 0.0)
(35.372330, 27.286963, 0.0)
(35.372330, 27.286963, 0.0)
(35.379532, 27.253092, 0.0)
(35.397587, 27.226498, 0.0)
(35.377251, 27.175589, 0.0)
(35.375046, 27.158117, 0.0)
(35.390228, 27.154139, 0.0)
(35.398697, 27.148220, 0.0)
(35.398697, 27.148220, 0.0)
(35.418842, 27.138203, 0.0)
(35.139885, 26.924616, 0.0)
(34.985466, 26.847763, 0.0)
(35.030182, 26.786795, 0.0)
(35.038597, 26.777172, 0.0)
(35.070297, 26.805712, 0.0)
(35.053329, 26.813364, 0.0)
(35.032612, 26.816587, 0.0)
(35.022747, 26.766779, 0.0)
(35.026222, 26.719841, 0.0)
(35.013134, 26.657549, 0.0)
(35.016045, 26.641962, 0.0)
(35.034760, 26.648067, 0.0)
(35.031540, 26.637480, 0.0)
(34.731140, 26.703947, 0.0)
(34.279007, 26.746374, 0.0)
(34.243534, 26.717657, 0.0)
(34.249878, 26.698307, 0.0)
(34.241962, 26.708773, 0.0)
(34.201031, 26.701359, 0.0)
(34.190907, 26.679972, 0.0)
(34.177803, 26.688200, 0.0)
(34.150448, 26.679504, 0.0)
(34.131390, 26.674534, 0.0)
(34.115582, 26.730402, 0.0)
(34.386894, 27.555288, 0.0)
(34.618656, 28.289923, 0.0)
(34.531059, 28.336773, 0.0)
(34.523640, 28.400858, 0.0)
(34.518562, 28.454521, 0.0)
(34.525471, 28.551502, 0.0)
(34.547543, 28.634836, 0.0)
(34.547497, 28.746622, 0.0)
(34.566967, 28.806984, 0.0)
(34.561066, 28.929752, 0.0)
(34.596046, 29.033070, 0.0)
(34.594078, 29.123699, 0.0)
(34.630669, 29.262815, 0.0)
(35.007511, 31.333895, 0.0)
(35.119743, 32.127449, 0.0)
(35.111233, 32.202522, 0.0)
(35.077850, 32.240589, 0.0)
(34.990765, 32.289951, 0.0)
(34.964016, 32.358097, 0.0)
(34.979782, 32.400459, 0.0)
(35.001976, 32.428467, 0.0)
(35.040039, 32.498192, 0.0)
(35.172527, 32.786175, 0.0)
(35.743385, 35.009930, 0.0)
(35.700352, 35.795284, 0.0)
(35.631989, 35.765221, 0.0)
(35.585770, 35.780483, 0.0)
(35.523632, 35.775375, 0.0)
(35.499889, 35.803123, 0.0)
(35.484081, 35.821201, 0.0)
(35.469288, 35.844227, 0.0)
(35.489788, 35.825108, 0.0)
(35.491470, 35.772060, 0.0)
(35.498814, 35.736008, 0.0)
(35.470066, 35.576214, 0.0)
(35.477455, 35.686115, 0.0)
(35.491661, 35.747959, 0.0)
(35.467983, 35.814491, 0.0)
(35.494411, 35.777584, 0.0)
(35.518776, 35.702671, 0.0)
(35.513805, 35.686005, 0.0)
(35.506149, 35.646984, 0.0)
(35.501163, 35.639259, 0.0)
(35.510864, 35.646839, 0.0)
(34.872036, 36.402607, 0.0)
(34.696125, 36.563725, 0.0)
(34.676594, 36.576298, 0.0)
(34.682079, 36.558414, 0.0)
(34.698380, 36.523109, 0.0)
(34.688499, 36.522877, 0.0)
(34.667900, 36.520618, 0.0)
(34.657993, 36.496201, 0.0)
(34.655006, 36.521763, 0.0)
(34.650604, 36.449646, 0.0)
(34.656002, 36.436661, 0.0)
(34.668175, 36.454323, 0.0)
(34.658047, 36.438446, 0.0)
(34.659779, 36.432304, 0.0)
(34.136681, 34.362347, 0.0)
(33.892479, 31.798143, 0.0)
(33.802876, 31.268686, 0.0)
(33.799400, 31.288319, 0.0)
(33.732506, 31.298405, 0.0)
(33.718815, 31.292093, 0.0)
(33.718277, 31.293365, 0.0)
(33.416183, 29.964422, 0.0)
(33.367836, 28.188152, 0.0)
(33.387848, 28.039400, 0.0)
(33.398209, 28.038280, 0.0)
(33.375420, 28.033604, 0.0)
(33.357906, 28.019341, 0.0)
(33.414143, 28.005459, 0.0)
(33.384594, 27.990826, 0.0)
(33.378036, 27.974472, 0.0)
(33.398888, 27.981047, 0.0)
(33.382950, 27.970192, 0.0)
(33.396988, 27.984037, 0.0)
(33.403584, 27.993298, 0.0)
(33.388393, 27.987692, 0.0)
(33.388393, 27.987692, 0.0)
(33.405048, 28.004021, 0.0)
(33.390560, 28.018414, 0.0)
(33.361534, 28.033062, 0.0)
(33.351795, 28.028622, 0.0)
(33.355270, 28.025562, 0.0)
(33.375614, 28.055048, 0.0)
(33.384010, 28.048704, 0.0)
(33.389496, 28.066978, 0.0)
(33.389496, 28.066978, 0.0)
(33.391365, 28.061991, 0.0)
(33.390846, 28.038504, 0.0)
(33.150707, 27.923300, 0.0)
(32.587517, 27.217583, 0.0)
(32.532169, 27.095619, 0.0)
(32.550232, 27.092947, 0.0)
(32.544933, 27.083120, 0.0)
(32.563549, 27.070293, 0.0)
(32.595009, 27.060333, 0.0)
(32.613770, 27.029036, 0.0)
(32.651222, 26.998264, 0.0)
(32.651310, 26.941538, 0.0)
(32.626808, 26.934135, 0.0)
(32.632660, 26.937664, 0.0)
(32.592209, 26.914993, 0.0)
(32.596020, 26.899652, 0.0)
(32.611057, 26.889622, 0.0)
(32.608910, 26.900589, 0.0)
(32.598236, 26.898951, 0.0)
(32.600403, 26.893808, 0.0)
(32.587292, 26.918434, 0.0)
(32.587578, 26.952869, 0.0)
(32.197487, 27.421167, 0.0)
(32.134216, 27.697521, 0.0)
(32.121719, 27.732574, 0.0)
(32.124660, 27.782654, 0.0)
(32.128498, 27.811785, 0.0)
(32.376118, 28.207760, 0.0)
(32.846622, 29.721664, 0.0)
(32.791851, 30.026653, 0.0)
(32.738071, 30.100351, 0.0)
(32.696293, 30.212250, 0.0)
(32.696415, 30.315748, 0.0)
(32.727612, 30.387465, 0.0)
(32.735687, 30.475039, 0.0)
(32.745216, 30.536524, 0.0)
(32.749897, 30.595627, 0.0)
(32.754509, 30.665436, 0.0)
(32.760468, 30.726189, 0.0)
(32.793518, 30.772364, 0.0)
(32.758957, 30.856497, 0.0)
(33.222374, 31.921755, 0.0)
(33.701687, 34.481640, 0.0)
(33.679359, 34.779964, 0.0)
(33.641705, 34.766521, 0.0)
(33.598133, 34.782742, 0.0)
(33.595604, 34.744194, 0.0)
(33.568493, 34.763538, 0.0)
(33.545132, 34.790447, 0.0)
(33.537827, 34.784954, 0.0)
(33.513947, 34.774284, 0.0)
(33.513542, 34.751755, 0.0)
(33.506695, 34.757214, 0.0)
(33.506130, 34.781914, 0.0)
(33.511036, 34.804874, 0.0)
(33.476910, 34.871601, 0.0)
(33.485233, 34.911366, 0.0)
(33.487358, 34.921814, 0.0)
(33.489300, 34.944336, 0.0)
(33.483910, 35.003136, 0.0)
(33.478481, 35.050938, 0.0)
(33.516422, 35.060993, 0.0)
(33.535175, 35.089119, 0.0)
(33.520920, 35.174328, 0.0)
(33.764751, 36.980324, 0.0)
(33.790913, 37.292309, 0.0)
(33.777744, 37.236439, 0.0)
(33.716961, 37.237049, 0.0)
(33.692558, 37.194923, 0.0)
(33.671734, 37.159374, 0.0)
(33.661228, 37.166481, 0.0)
(33.673042, 37.199898, 0.0)
(33.664944, 37.152424, 0.0)
(33.670609, 37.110252, 0.0)
(33.663330, 37.050713, 0.0)
(33.645130, 37.006203, 0.0)
(33.647144, 36.993332, 0.0)
(33.009903, 36.477604, 0.0)
(32.786686, 36.232277, 0.0)
(32.802769, 36.194973, 0.0)
(32.813019, 36.138802, 0.0)
(32.786751, 36.197033, 0.0)
(32.810299, 36.272877, 0.0)
(32.805130, 36.204285, 0.0)
(31.448149, 33.621464, 0.0)
(31.131580, 31.230698, 0.0)
(31.409010, 30.790180, 0.0)
(31.418253, 30.849136, 0.0)
(31.394241, 30.852644, 0.0)
(31.393644, 30.848175, 0.0)
(31.414663, 30.826735, 0.0)
(31.422249, 30.802332, 0.0)
(31.429575, 30.785183, 0.0)
(31.438097, 30.746309, 0.0)
(31.420372, 30.730240, 0.0)
(31.426075, 30.718632, 0.0)
(31.420601, 30.702291, 0.0)
(31.421427, 30.685511, 0.0)
(31.447010, 30.666088, 0.0)
(31.460957, 30.641420, 0.0)
(31.462152, 30.623810, 0.0)
(31.455805, 30.596960, 0.0)
(31.455805, 30.596960, 0.0)
(31.467491, 30.593250, 0.0)
(31.478544, 30.593304, 0.0)
(31.493692, 30.491455, 0.0)
(31.528034, 28.876154, 0.0)
(31.373171, 28.194658, 0.0)
(31.337063, 28.211201, 0.0)
(31.330666, 28.218935, 0.0)
(31.313473, 28.218145, 0.0)
(31.278643, 28.216902, 0.0)
(31.254080, 28.212925, 0.0)
(31.241901, 28.238317, 0.0)
(31.215620, 28.257362, 0.0)
(31.142317, 28.231512, 0.0)
(31.149403, 28.220551, 0.0)
(31.126123, 28.190804, 0.0)
(31.082205, 28.155960, 0.0)
(31.089346, 28.114454, 0.0)
(31.097904, 28.066345, 0.0)
(31.120937, 28.065376, 0.0)
(31.143217, 28.048258, 0.0)
(31.147991, 28.049658, 0.0)
(31.147991, 28.049658, 0.0)
(31.148066, 28.049231, 0.0)
(31.175205, 28.032938, 0.0)
(31.188625, 28.005196, 0.0)
(31.198801, 28.003191, 0.0)
(31.192511, 27.997147, 0.0)
(31.180986, 28.003038, 0.0)
(31.177427, 27.987736, 0.0)
(31.149263, 28.026930, 0.0)
(31.130541, 28.052641, 0.0)
(31.107656, 28.051456, 0.0)
(31.106491, 28.090448, 0.0)
(30.867735, 29.161383, 0.0)
(30.888500, 30.144379, 0.0)
(30.837046, 30.239908, 0.0)
(30.823517, 30.236267, 0.0)
(30.811787, 30.271294, 0.0)
(30.804115, 30.332699, 0.0)
(30.813217, 30.360682, 0.0)
(30.827887, 30.416147, 0.0)
(30.827980, 30.421404, 0.0)
(30.839220, 30.452091, 0.0)
(30.837549, 30.476156, 0.0)
(30.870108, 30.477201, 0.0)
(30.876377, 30.493498, 0.0)
(30.884932, 30.532379, 0.0)
(30.886967, 30.589375, 0.0)
(30.889929, 30.626993, 0.0)
(30.871653, 30.678324, 0.0)
(30.885603, 30.681204, 0.0)
(31.176291, 31.444387, 0.0)
(31.916025, 34.071922, 0.0)
(31.950600, 34.484238, 0.0)
(31.900057, 34.495308, 0.0)
(31.887991, 34.471336, 0.0)
(31.849380, 34.473259, 0.0)
(31.805271, 34.452389, 0.0)
(31.796223, 34.438866, 0.0)
(31.799726, 34.448551, 0.0)
(31.812840, 34.478142, 0.0)
(31.838289, 34.460949, 0.0)
(31.832836, 34.512486, 0.0)
(31.817242, 34.555466, 0.0)
(31.827478, 34.591125, 0.0)
(31.824389, 34.600632, 0.0)
(31.845634, 34.649723, 0.0)
(31.848377, 34.678993, 0.0)
(31.817469, 34.739273, 0.0)
(31.840481, 34.740395, 0.0)
(31.776157, 34.880322, 0.0)
(31.538925, 35.758949, 0.0)
(31.497683, 35.944344, 0.0)
(31.504776, 35.888416, 0.0)
(31.467361, 35.890800, 0.0)
(31.435993, 35.990112, 0.0)
(31.412287, 36.051590, 0.0)
(31.372984, 36.028873, 0.0)
(31.356508, 36.107765, 0.0)
(31.349897, 36.123005, 0.0)
(31.346033, 36.129883, 0.0)
(31.346874, 36.130135, 0.0)
(31.356522, 36.121738, 0.0)
(31.355972, 36.154335, 0.0)
(31.355812, 36.141064, 0.0)
(31.336109, 36.214897, 0.0)
(31.305836, 36.259350, 0.0)
(31.303907, 36.263153, 0.0)
(31.316187, 36.254002, 0.0)
(31.312788, 36.223770, 0.0)
(31.330011, 36.169788, 0.0)
(31.311844, 36.198544, 0.0)
(31.297640, 36.242966, 0.0)
(31.259096, 36.219082, 0.0)
(30.937874, 35.801804, 0.0)
(30.895868, 35.659748, 0.0)
(30.877745, 35.518097, 0.0)
(30.864403, 35.432602, 0.0)
(30.831739, 35.294544, 0.0)
(30.809626, 34.839470, 0.0)
(30.628798, 34.352226, 0.0)
(30.615250, 34.220509, 0.0)
(30.591503, 34.108578, 0.0)
(30.539658, 34.017845, 0.0)
(30.533443, 33.986534, 0.0)
(30.518776, 33.897598, 0.0)
(30.519608, 33.795540, 0.0)
(30.303202, 32.843998, 0.0)
(29.976160, 30.897018, 0.0)
(30.066330, 30.221058, 0.0)
(30.108643, 30.205584, 0.0)
(30.077463, 30.231735, 0.0)
(30.063190, 30.262285, 0.0)
(30.043549, 30.261747, 0.0)
(30.044493, 30.261959, 0.0)
(30.060642, 30.246704, 0.0)
(30.064619, 30.265911, 0.0)
(30.129765, 30.248943, 0.0)
(30.107409, 30.249573, 0.0)
(30.131384, 30.198385, 0.0)
(30.144901, 30.167673, 0.0)
(30.139164, 30.105476, 0.0)
(30.169950, 30.035244, 0.0)
(30.198542, 30.010056, 0.0)
(30.190817, 30.001038, 0.0)
(29.775803, 29.742285, 0.0)
(29.689518, 28.820942, 0.0)
(29.522079, 28.139877, 0.0)
(29.491816, 28.084890, 0.0)
(29.459883, 28.113602, 0.0)
(29.434483, 28.095087, 0.0)
(29.425936, 28.096489, 0.0)
(29.422812, 28.093433, 0.0)
(29.412390, 28.068712, 0.0)
(29.420584, 28.036768, 0.0)
(29.431288, 28.036526, 0.0)
(29.394190, 28.007193, 0.0)
(29.395016, 28.001741, 0.0)
(29.365412, 27.981289, 0.0)
(29.370193, 27.969498, 0.0)
(29.377213, 27.967194, 0.0)
(29.362082, 27.980623, 0.0)
(29.356228, 28.016745, 0.0)
(29.327375, 28.033382, 0.0)
(29.297953, 28.056862, 0.0)
(29.317123, 28.076790, 0.0)
(29.297297, 28.103951, 0.0)
(29.293257, 28.132513, 0.0)
(29.289122, 28.160486, 0.0)
(29.293327, 28.338211, 0.0)
(29.474573, 30.301815, 0.0)
(30.012728, 32.104607, 0.0)
(30.158796, 32.707085, 0.0)
(30.139130, 32.759949, 0.0)
(30.082529, 32.815346, 0.0)
(30.042818, 32.820721, 0.0)
(30.003883, 32.827274, 0.0)
(29.997328, 32.853172, 0.0)
(30.006422, 32.870705, 0.0)
(29.996523, 32.893738, 0.0)
(29.984741, 32.898056, 0.0)
(29.988550, 32.930210, 0.0)
(29.997555, 32.951481, 0.0)
(29.996183, 32.944126, 0.0)
(29.996183, 32.944126, 0.0)
(29.988466, 32.954971, 0.0)
(29.973124, 32.971630, 0.0)
(29.979084, 32.987190, 0.0)
(29.974373, 32.994083, 0.0)
(29.970001, 32.999630, 0.0)
(29.958546, 33.013626, 0.0)
(29.952330, 33.064342, 0.0)
(29.970335, 33.075012, 0.0)
(29.967405, 33.084076, 0.0)
(29.994930, 33.083965, 0.0)
(30.016699, 33.055225, 0.0)
(30.011982, 33.062099, 0.0)
(30.014349, 33.059105, 0.0)
(29.983145, 33.119133, 0.0)
(29.982529, 33.127010, 0.0)
(29.976425, 33.177292, 0.0)
(29.965519, 33.200169, 0.0)
(29.961523, 33.220402, 0.0)
(29.952417, 33.230240, 0.0)
(29.954590, 33.226803, 0.0)
(29.960377, 33.242340, 0.0)
(29.950050, 33.261246, 0.0)
(29.972500, 33.275196, 0.0)
(29.943670, 33.292244, 0.0)
(29.943020, 33.305595, 0.0)
(29.932211, 33.324516, 0.0)
(29.936291, 33.308781, 0.0)
(29.918451, 33.316399, 0.0)
(29.936111, 33.288940, 0.0)
(29.932766, 33.269501, 0.0)
(29.124594, 33.196625, 0.0)
(28.869987, 33.167194, 0.0)
(28.854876, 33.189289, 0.0)
(28.855286, 33.184666, 0.0)
(28.840059, 33.166943, 0.0)
(28.861174, 33.132477, 0.0)
(28.872137, 33.063530, 0.0)
(28.867039, 33.034069, 0.0)
(28.854431, 33.018734, 0.0)
(28.853355, 33.041180, 0.0)
(28.846672, 33.041000, 0.0)
(28.845085, 33.032093, 0.0)
(28.852528, 33.015034, 0.0)
(28.833643, 33.004375, 0.0)
(28.816973, 32.998135, 0.0)
(28.814503, 33.003078, 0.0)
(29.124853, 33.526207, 0.0)
(29.452185, 34.770309, 0.0)
(29.405458, 34.875130, 0.0)
(29.330902, 34.797806, 0.0)
(29.283312, 34.811184, 0.0)
(29.237965, 34.814625, 0.0)
(29.217236, 34.731907, 0.0)
(29.182840, 34.693058, 0.0)
(29.172100, 34.540489, 0.0)
(28.738667, 33.551277, 0.0)
(28.625050, 33.365482, 0.0)
(28.597488, 33.285595, 0.0)
(28.543774, 33.268810, 0.0)
(28.518990, 33.203232, 0.0)
(28.499611, 31.894629, 0.0)
(28.116312, 29.907692, 0.0)
(28.084583, 29.686403, 0.0)
(28.101009, 29.684626, 0.0)
(28.090076, 29.655128, 0.0)
(28.076370, 29.684078, 0.0)
(28.121607, 29.648233, 0.0)
(28.117132, 29.609129, 0.0)
(28.095667, 29.598866, 0.0)
(28.088795, 29.566933, 0.0)
(28.096973, 29.543201, 0.0)
(28.110554, 29.504097, 0.0)
(28.147469, 29.475798, 0.0)
(28.145451, 29.441050, 0.0)
(28.139292, 29.422138, 0.0)
(28.125093, 29.431536, 0.0)
(28.098890, 29.448023, 0.0)
(28.052761, 29.378498, 0.0)
(27.848877, 28.407619, 0.0)
(27.754444, 28.237974, 0.0)
(27.717604, 28.300833, 0.0)
(27.692286, 28.304274, 0.0)
(27.689604, 28.339882, 0.0)
(27.685705, 28.346460, 0.0)
(27.667355, 28.354010, 0.0)
(27.658077, 28.351263, 0.0)
(27.650944, 28.360865, 0.0)
(27.627598, 28.371662, 0.0)
(27.615114, 28.382740, 0.0)
(27.633198, 28.378727, 0.0)
(27.651596, 28.365116, 0.0)
(27.649538, 28.341805, 0.0)
(27.625019, 28.318344, 0.0)
(27.618366, 28.310873, 0.0)
(27.614433, 28.331398, 0.0)
(27.585218, 28.331285, 0.0)
(27.576523, 28.336170, 0.0)
(27.593849, 28.366135, 0.0)
(27.599710, 28.426153, 0.0)
(27.995041, 29.837412, 0.0)
(28.173662, 31.290636, 0.0)
(28.148020, 32.196209, 0.0)
(28.079334, 32.402798, 0.0)
(28.050722, 32.436245, 0.0)
(28.006208, 32.507313, 0.0)
(27.997417, 32.574783, 0.0)
(27.990374, 32.621929, 0.0)
(27.970551, 32.722267, 0.0)
(27.974329, 32.766243, 0.0)
(27.976452, 32.799107, 0.0)
(27.980726, 32.807072, 0.0)
(27.989613, 32.818890, 0.0)
(27.974884, 32.816975, 0.0)
(27.984137, 32.858185, 0.0)
(27.974003, 32.879074, 0.0)
(27.957331, 32.916080, 0.0)
(27.953463, 32.957684, 0.0)
(27.950205, 32.994537, 0.0)
(27.956404, 33.021355, 0.0)
(27.967091, 33.067863, 0.0)
(27.968170, 33.096775, 0.0)
(27.996393, 33.114986, 0.0)
(28.012596, 33.155968, 0.0)
(28.103601, 33.427513, 0.0)
(28.578365, 35.130173, 0.0)
(28.913092, 36.276020, 0.0)
(28.843481, 36.432804, 0.0)
(28.819542, 36.399746, 0.0)
(28.828728, 36.400036, 0.0)
(28.803768, 36.309250, 0.0)
(28.806265, 36.281887, 0.0)
(28.808933, 36.256947, 0.0)
(28.797913, 36.256748, 0.0)
(28.806040, 36.273109, 0.0)
(28.789728, 36.309082, 0.0)
(28.760267, 36.344139, 0.0)
(28.753496, 36.351223, 0.0)
(28.742466, 36.326145, 0.0)
(28.760511, 36.285290, 0.0)
(28.779118, 36.253952, 0.0)
(28.768833, 36.234524, 0.0)
(28.791227, 36.283360, 0.0)
(28.791994, 36.273071, 0.0)
(28.791227, 36.283360, 0.0)
(28.774977, 36.315727, 0.0)
(28.773563, 36.332138, 0.0)
(28.791071, 36.321838, 0.0)
(29.855999, 36.009987, 0.0)
(30.503304, 36.186813, 0.0)
(30.523718, 36.240559, 0.0)
(30.508747, 36.136311, 0.0)
(30.508785, 36.121784, 0.0)
(30.506842, 36.106766, 0.0)
(31.279123, 35.983883, 0.0)
(31.707043, 35.995777, 0.0)
(31.731565, 35.931911, 0.0)
(31.705446, 35.883640, 0.0)
(31.724621, 35.893658, 0.0)
(31.727095, 35.915607, 0.0)
(31.720888, 35.903492, 0.0)
(31.728390, 35.892342, 0.0)
(32.181133, 35.519516, 0.0)
(33.533043, 34.666317, 0.0)
(34.374157, 34.224018, 0.0)
(34.459583, 34.175014, 0.0)
(34.449783, 34.176022, 0.0)
(34.450081, 34.176105, 0.0)
(34.440159, 34.176243, 0.0)
(34.626232, 34.095207, 0.0)
(36.147114, 33.446884, 0.0)
(37.823605, 33.074020, 0.0)
(37.898399, 33.028225, 0.0)
(37.878902, 33.026619, 0.0)
(37.884708, 33.068802, 0.0)
(37.885464, 33.059933, 0.0)
(37.889664, 33.075943, 0.0)
(37.900192, 33.087418, 0.0)
(37.905312, 33.075920, 0.0)
(37.915497, 33.104473, 0.0)
(37.922249, 33.068264, 0.0)
(37.866497, 33.523689, 0.0)
(38.136181, 34.698303, 0.0)
(38.559555, 34.143787, 0.0)
(38.704189, 34.291779, 0.0)
(38.458027, 34.487778, 0.0)
(38.370930, 33.688591, 0.0)
(38.274178, 33.256645, 0.0)
(38.237095, 33.040756, 0.0)
(38.189503, 32.899990, 0.0)
