(36.110523, 27.557270, 0.0)
(36.153137, 26.844582, 0.0)
(36.199158, 26.367666, 0.0)
(36.174866, 26.027452, 0.0)
(36.167923, 25.776716, 0.0)
(36.152733, 27.384905, 0.0)
(36.586441, 28.895105, 0.0)
(36.704895, 27.532633, 0.0)
(36.657764, 26.893661, 0.0)
(36.597034, 26.577364, 0.0)
(36.644104, 26.308823, 0.0)
(36.574825, 26.174480, 0.0)
(36.593761, 26.015718, 0.0)
(36.567062, 25.947327, 0.0)
(36.567570, 25.976597, 0.0)
(36.585865, 25.932796, 0.0)
(36.554676, 25.954634, 0.0)
(36.591881, 25.962599, 0.0)
(36.610825, 25.958042, 0.0)
(36.633183, 25.914190, 0.0)
(36.616005, 25.903170, 0.0)
(36.621269, 25.900988, 0.0)
(36.608315, 25.876558, 0.0)
(36.601078, 25.876183, 0.0)
(36.606041, 25.862188, 0.0)
(36.622940, 25.904360, 0.0)
(36.621948, 25.875374, 0.0)
(36.604614, 25.848372, 0.0)
(36.602699, 25.797379, 0.0)
(36.598587, 25.780968, 0.0)
(36.595665, 25.781328, 0.0)
(36.605095, 25.775499, 0.0)
(36.582363, 25.782541, 0.0)
(36.581024, 25.774553, 0.0)
(36.585354, 25.782951, 0.0)
(36.590809, 25.783419, 0.0)
(36.606697, 25.764265, 0.0)
(36.601994, 25.728514, 0.0)
(36.604961, 25.706766, 0.0)
(36.585693, 25.700172, 0.0)
(36.582832, 25.696522, 0.0)
(36.601974, 25.645035, 0.0)
(36.604725, 25.671297, 0.0)
(36.619141, 25.661539, 0.0)
(36.629063, 25.650398, 0.0)
(36.649834, 25.642645, 0.0)
(36.648617, 25.581646, 0.0)
(36.658806, 25.557880, 0.0)
(36.694679, 25.409710, 0.0)
(36.702633, 25.336182, 0.0)
(36.683670, 25.312632, 0.0)
(36.700241, 25.264751, 0.0)
(36.717842, 25.233351, 0.0)
(36.742661, 25.182987, 0.0)
(36.711136, 25.268202, 0.0)
(36.688187, 25.269400, 0.0)
(36.685783, 25.297461, 0.0)
(36.707649, 25.265327, 0.0)
(36.690338, 25.241682, 0.0)
(36.686401, 25.294794, 0.0)
(36.658035, 25.239384, 0.0)
(36.654881, 25.199924, 0.0)
(36.656601, 25.217625, 0.0)
(36.660282, 25.249037, 0.0)
(36.668110, 25.245352, 0.0)
(36.671719, 25.304037, 0.0)
(36.674843, 25.289433, 0.0)
(36.673019, 25.223562, 0.0)
(36.670002, 25.251513, 0.0)
(36.661434, 25.307659, 0.0)
(36.658020, 25.311108, 0.0)
(36.646133, 25.342535, 0.0)
(36.662930, 25.347023, 0.0)
(36.651325, 25.377138, 0.0)
(36.665340, 25.346560, 0.0)
(36.666813, 25.340864, 0.0)
(36.663258, 25.396566, 0.0)
(36.653381, 25.421627, 0.0)
(36.664871, 25.402771, 0.0)
(36.650436, 25.435898, 0.0)
(36.641262, 25.434916, 0.0)
(36.620182, 25.457359, 0.0)
(36.618771, 25.474482, 0.0)
(36.592968, 25.422808, 0.0)
(36.594292, 25.451923, 0.0)
(36.611374, 25.488850, 0.0)
(36.632225, 25.498077, 0.0)
(36.628242, 25.504513, 0.0)
(36.603199, 25.504730, 0.0)
(36.597076, 25.472097, 0.0)
(36.576775, 25.462557, 0.0)
(36.571430, 25.442234, 0.0)
(36.558758, 25.478609, 0.0)
(36.555470, 25.549292, 0.0)
(36.554417, 25.459822, 0.0)
(36.551739, 25.464857, 0.0)
(36.546993, 25.526398, 0.0)
(36.552734, 25.551657, 0.0)
(36.550583, 25.561262, 0.0)
(36.543648, 25.540768, 0.0)
(36.422527, 25.891335, 0.0)
(36.425682, 25.972527, 0.0)
(36.453693, 26.023384, 0.0)
(36.453693, 26.023384, 0.0)
(36.539742, 26.076714, 0.0)
(36.542736, 26.059753, 0.0)
(36.467472, 25.995525, 0.0)
(36.478355, 25.961025, 0.0)
(36.474266, 25.927845, 0.0)
(36.471050, 25.811733, 0.0)
(36.477512, 25.716282, 0.0)
(36.441174, 25.694981, 0.0)
(36.474541, 25.616606, 0.0)
(36.437115, 25.582001, 0.0)
(36.422260, 25.519396, 0.0)
(36.497829, 25.447023, 0.0)
(36.553379, 25.443995, 0.0)
(36.537334, 25.313282, 0.0)
(36.548195, 25.318085, 0.0)
(36.579170, 25.314760, 0.0)
(36.550766, 25.324272, 0.0)
(36.538799, 25.338377, 0.0)
(36.544811, 25.317846, 0.0)
(36.545483, 25.313414, 0.0)
(36.546360, 25.343477, 0.0)
(36.550488, 25.322582, 0.0)
(36.548592, 25.378687, 0.0)
(36.550156, 25.360956, 0.0)
(36.530949, 25.377161, 0.0)
(36.529537, 25.420811, 0.0)
(36.491032, 25.340172, 0.0)
(36.473030, 25.350674, 0.0)
(36.480141, 25.351524, 0.0)
(36.487816, 25.348738, 0.0)
(36.503975, 25.353365, 0.0)
(36.548904, 25.258873, 0.0)
(36.559650, 25.302441, 0.0)
(36.572010, 25.294651, 0.0)
(36.558949, 25.256655, 0.0)
(36.551769, 25.270153, 0.0)
(36.557358, 25.302315, 0.0)
(36.546696, 25.339605, 0.0)
(36.554050, 25.333929, 0.0)
(36.559956, 25.336626, 0.0)
(36.545059, 25.359476, 0.0)
(36.563126, 25.341209, 0.0)
(36.570408, 25.337303, 0.0)
(36.570343, 25.349297, 0.0)
(36.573353, 25.319963, 0.0)
(36.580647, 25.350868, 0.0)
(36.554497, 25.413788, 0.0)
(36.573101, 25.411736, 0.0)
(36.576859, 25.404427, 0.0)
(36.553219, 25.383093, 0.0)
(36.506001, 25.346981, 0.0)
(36.494980, 25.389915, 0.0)
(36.433292, 25.395735, 0.0)
(36.400742, 25.409445, 0.0)
(36.398243, 25.401842, 0.0)
(36.400532, 25.482130, 0.0)
(36.380230, 26.805639, 0.0)
(36.287106, 25.768141, 0.0)
(36.358040, 25.419456, 0.0)
(36.368137, 25.448990, 0.0)
(36.376995, 25.424549, 0.0)
(36.362236, 25.423931, 0.0)
(36.334980, 25.444132, 0.0)
(36.339031, 25.511471, 0.0)
(36.347786, 25.512516, 0.0)
(36.354996, 25.527477, 0.0)
(36.370705, 25.533449, 0.0)
(36.360031, 25.526321, 0.0)
(36.354748, 25.547459, 0.0)
(37.280609, 26.176275, 0.0)
(40.292927, 29.033520, 0.0)
(41.977341, 30.677170, 0.0)
(42.291637, 30.995541, 0.0)
(42.295891, 30.969290, 0.0)
(42.306679, 30.916050, 0.0)
(42.281250, 30.861420, 0.0)
(42.124439, 31.016266, 0.0)
(41.817341, 31.593845, 0.0)
(41.810036, 30.978577, 0.0)
(41.863819, 30.711926, 0.0)
(41.872219, 30.665541, 0.0)
(41.887787, 30.722662, 0.0)
(41.888275, 30.728354, 0.0)
(41.887760, 30.718931, 0.0)
(41.902458, 30.702520, 0.0)
(41.907394, 30.725668, 0.0)
(41.907280, 30.699320, 0.0)
(41.903908, 30.704060, 0.0)
(41.898746, 30.708519, 0.0)
(41.888981, 30.709856, 0.0)
(41.886703, 30.733500, 0.0)
(41.894012, 30.759289, 0.0)
(41.895504, 30.762426, 0.0)
(41.889828, 30.727873, 0.0)
(41.923759, 30.224731, 0.0)
(42.362396, 25.713507, 0.0)
(42.510136, 23.040279, 0.0)
(42.333092, 22.699520, 0.0)
(42.296726, 22.807308, 0.0)
(42.309742, 22.833466, 0.0)
(42.346447, 22.972242, 0.0)
(42.353958, 23.019131, 0.0)
(42.324524, 23.086264, 0.0)
(42.763638, 23.385176, 0.0)
(42.784245, 23.516851, 0.0)
(42.767715, 23.460400, 0.0)
(42.760738, 23.470308, 0.0)
(42.759007, 23.499065, 0.0)
(42.765488, 23.497175, 0.0)
(42.745640, 23.533545, 0.0)
(41.272964, 23.672895, 0.0)
(40.718884, 23.676390, 0.0)
(40.719208, 23.670294, 0.0)
(40.741474, 23.644196, 0.0)
(40.742043, 23.632267, 0.0)
(40.769939, 23.586689, 0.0)
(40.776714, 23.584585, 0.0)
(40.763050, 23.617712, 0.0)
(40.751446, 23.624519, 0.0)
(40.752773, 23.606777, 0.0)
(40.752033, 23.612429, 0.0)
(40.758968, 23.587301, 0.0)
(40.758926, 23.612911, 0.0)
(40.753613, 23.600962, 0.0)
(40.754101, 23.599640, 0.0)
(40.713207, 23.563551, 0.0)
(40.254463, 23.535921, 0.0)
(38.784271, 23.419060, 0.0)
(38.731991, 23.397348, 0.0)
(38.776642, 23.381701, 0.0)
(38.793568, 23.381720, 0.0)
(38.801823, 23.380049, 0.0)
(38.777691, 23.352598, 0.0)
(38.748756, 23.336226, 0.0)
(38.754276, 23.340660, 0.0)
(38.707932, 23.346842, 0.0)
(38.694530, 23.349215, 0.0)
(38.710888, 23.353540, 0.0)
(39.152317, 23.383398, 0.0)
(41.761513, 23.687088, 0.0)
(42.114689, 23.686447, 0.0)
(42.092670, 23.729425, 0.0)
(42.052094, 23.733915, 0.0)
(42.030304, 23.701172, 0.0)
(42.026421, 23.702543, 0.0)
(41.989975, 23.718098, 0.0)
(41.959476, 23.728409, 0.0)
(40.703030, 23.819445, 0.0)
(37.521149, 25.117624, 0.0)
(34.315723, 26.397297, 0.0)
(31.613180, 27.556786, 0.0)
(31.125237, 27.998131, 0.0)
(31.097719, 27.979811, 0.0)
(31.071236, 27.987724, 0.0)
(31.082361, 28.046173, 0.0)
(30.707794, 28.896267, 0.0)
(30.485056, 29.436880, 0.0)
(30.419550, 29.468355, 0.0)
(30.393299, 29.440187, 0.0)
(30.381144, 29.452595, 0.0)
(30.366600, 29.471045, 0.0)
(30.337872, 29.462309, 0.0)
(30.312346, 29.496651, 0.0)
(30.270212, 29.501633, 0.0)
(30.208122, 29.512911, 0.0)
(30.180727, 29.545006, 0.0)
(30.155846, 29.531376, 0.0)
(30.163801, 29.535671, 0.0)
(30.143600, 29.527719, 0.0)
(30.115520, 29.525814, 0.0)
(30.085375, 28.653545, 0.0)
(29.821230, 24.896040, 0.0)
(29.915655, 23.516459, 0.0)
(29.911600, 23.538040, 0.0)
(29.881147, 23.655283, 0.0)
(29.883743, 23.717892, 0.0)
(29.892521, 23.743849, 0.0)
(29.880604, 23.746607, 0.0)
(29.837221, 23.619177, 0.0)
(29.707390, 22.756960, 0.0)
(29.634302, 22.751228, 0.0)
(29.619097, 22.848339, 0.0)
(29.606256, 22.878942, 0.0)
(29.560116, 22.897522, 0.0)
(29.538506, 22.904671, 0.0)
(29.494509, 22.867023, 0.0)
(29.457554, 22.896021, 0.0)
(29.426661, 22.945269, 0.0)
(29.261911, 23.060104, 0.0)
(29.257940, 23.059217, 0.0)
(29.269884, 23.051449, 0.0)
(29.255018, 23.063545, 0.0)
(29.251940, 23.065613, 0.0)
(29.212696, 23.071434, 0.0)
(29.178679, 23.064188, 0.0)
(29.202312, 23.081718, 0.0)
(29.214821, 23.090038, 0.0)
(29.235283, 23.097914, 0.0)
(29.259804, 23.079834, 0.0)
(29.261091, 23.032120, 0.0)
(29.223513, 23.031569, 0.0)
(29.273117, 23.021772, 0.0)
(29.474445, 23.052824, 0.0)
(30.699476, 24.054108, 0.0)
(30.745487, 24.184238, 0.0)
(30.683424, 24.094095, 0.0)
(30.773291, 24.012459, 0.0)
(34.286797, 25.193966, 0.0)
(36.664749, 26.271486, 0.0)
(36.689003, 26.227818, 0.0)
(36.577217, 26.156380, 0.0)
(36.547550, 26.143362, 0.0)
(36.511768, 26.085421, 0.0)
(36.463753, 26.069536, 0.0)
(36.214874, 25.876787, 0.0)
(36.196533, 25.854034, 0.0)
(36.192677, 25.863708, 0.0)
(36.189754, 25.838766, 0.0)
(36.231895, 25.801765, 0.0)
(36.219147, 25.778606, 0.0)
(36.237492, 25.753529, 0.0)
(36.250710, 25.710571, 0.0)
(36.298538, 25.652037, 0.0)
(36.265133, 25.611126, 0.0)
(36.280037, 25.536415, 0.0)
(36.282303, 25.614391, 0.0)
(36.287136, 25.582237, 0.0)
(36.283161, 25.564835, 0.0)
(36.264904, 25.539408, 0.0)
(36.278694, 25.529671, 0.0)
(36.283878, 25.549858, 0.0)
(36.317890, 25.525337, 0.0)
(36.333290, 25.545103, 0.0)
(36.386269, 25.554502, 0.0)
(36.376038, 25.529837, 0.0)
(36.336750, 25.537851, 0.0)
(36.308792, 25.511360, 0.0)
(36.282475, 25.480913, 0.0)
(36.323204, 25.493078, 0.0)
(36.313332, 25.491385, 0.0)
(36.343140, 25.493929, 0.0)
(36.325314, 25.502684, 0.0)
(36.325577, 25.530323, 0.0)
(35.893879, 25.727810, 0.0)
(32.932133, 26.999464, 0.0)
(30.301361, 28.785290, 0.0)
(30.005690, 29.121809, 0.0)
(30.036524, 29.124029, 0.0)
(30.033855, 29.075174, 0.0)
(29.990505, 29.054010, 0.0)
(29.967157, 29.110262, 0.0)
(29.934866, 29.103189, 0.0)
(29.936718, 29.085697, 0.0)
(29.959141, 29.065981, 0.0)
(30.889187, 29.096523, 0.0)
(32.547718, 29.187782, 0.0)
(32.602356, 29.223177, 0.0)
(32.577740, 29.220907, 0.0)
(32.584949, 29.190205, 0.0)
(32.631672, 29.212816, 0.0)
(32.647686, 29.225037, 0.0)
(33.834602, 29.754454, 0.0)
(34.423283, 30.021547, 0.0)
(34.491241, 30.039450, 0.0)
(34.574684, 30.057577, 0.0)
(34.612457, 30.054625, 0.0)
(34.706192, 30.006662, 0.0)
(36.698215, 30.095810, 0.0)
(37.489723, 30.121222, 0.0)
(37.575443, 30.108223, 0.0)
(37.591148, 30.126417, 0.0)
(37.619411, 30.181313, 0.0)
(37.675774, 30.180912, 0.0)
(37.786472, 30.179766, 0.0)
(39.730865, 30.350624, 0.0)
(40.483765, 30.416945, 0.0)
(40.542702, 30.439077, 0.0)
(40.583988, 30.472961, 0.0)
(40.601982, 30.490843, 0.0)
(40.646988, 30.494396, 0.0)
(40.676285, 30.518745, 0.0)
(40.724380, 30.532850, 0.0)
(40.776485, 30.546211, 0.0)
(40.787201, 30.575874, 0.0)
(40.805916, 30.602978, 0.0)
(40.827011, 30.610058, 0.0)
(40.855820, 30.615820, 0.0)
(40.980793, 30.622444, 0.0)
(42.083969, 30.548504, 0.0)
(42.188309, 30.583305, 0.0)
(42.160675, 30.626316, 0.0)
(42.150146, 30.645399, 0.0)
(42.157902, 30.660412, 0.0)
(42.198036, 30.657967, 0.0)
(42.203621, 30.695271, 0.0)
(42.169682, 30.661610, 0.0)
(42.142925, 30.621773, 0.0)
(42.149487, 30.618200, 0.0)
(42.143120, 30.581387, 0.0)
(42.124687, 30.544819, 0.0)
(42.066444, 30.521551, 0.0)
(42.031670, 30.472984, 0.0)
(41.628613, 30.390261, 0.0)
(40.888603, 30.267378, 0.0)
(39.848755, 30.066673, 0.0)
(38.735920, 29.734606, 0.0)
(38.609962, 29.675745, 0.0)
(38.525963, 29.680717, 0.0)
(38.445461, 29.652651, 0.0)
(38.284523, 29.644640, 0.0)
(38.156895, 29.618408, 0.0)
(38.101418, 29.576668, 0.0)
(38.482323, 29.776520, 0.0)
(38.498562, 29.830030, 0.0)
(38.339764, 29.753334, 0.0)
(38.179134, 29.706373, 0.0)
(38.065094, 29.689919, 0.0)
(36.644711, 29.756279, 0.0)
(36.446205, 29.661251, 0.0)
(36.316910, 29.636923, 0.0)
(36.163940, 29.641768, 0.0)
(35.989941, 29.665743, 0.0)
(35.925289, 29.654282, 0.0)
(34.642303, 29.813299, 0.0)
(32.626495, 29.607306, 0.0)
(32.454216, 29.595686, 0.0)
(32.426605, 29.577753, 0.0)
(32.346024, 29.579634, 0.0)
(32.304020, 29.599928, 0.0)
(32.271744, 29.613594, 0.0)
(32.233368, 29.616983, 0.0)
(32.190517, 29.608412, 0.0)
(30.797808, 29.568714, 0.0)
(30.465757, 29.397020, 0.0)
(30.554377, 29.453468, 0.0)
(30.468164, 29.339134, 0.0)
(30.470793, 29.357777, 0.0)
(30.433214, 29.350840, 0.0)
(30.448902, 29.321589, 0.0)
(30.448095, 29.301388, 0.0)
(30.452005, 29.285753, 0.0)
(30.410183, 29.255369, 0.0)
(30.383524, 29.242424, 0.0)
(30.382380, 29.295977, 0.0)
(30.353539, 29.290686, 0.0)
(30.334295, 29.282681, 0.0)
(30.357895, 29.270931, 0.0)
(30.375267, 29.250898, 0.0)
(30.423161, 29.255350, 0.0)
(30.442842, 29.224775, 0.0)
(30.433424, 29.145220, 0.0)
(30.492563, 29.163094, 0.0)
(30.501104, 29.180115, 0.0)
(30.916065, 29.026276, 0.0)
(33.125870, 28.808235, 0.0)
(33.355404, 28.784409, 0.0)
(33.393814, 28.739605, 0.0)
(33.513626, 28.728331, 0.0)
(33.666759, 28.749813, 0.0)
(33.727459, 28.750103, 0.0)
(33.799717, 28.772783, 0.0)
(33.900707, 28.780058, 0.0)
(33.940647, 28.787928, 0.0)
(34.045860, 28.761793, 0.0)
(34.227226, 28.774952, 0.0)
(34.940495, 28.811417, 0.0)
(36.615170, 28.849058, 0.0)
(36.791225, 28.910034, 0.0)
(36.804737, 28.941988, 0.0)
(36.927773, 28.984915, 0.0)
(37.003281, 28.988512, 0.0)
(37.154350, 29.007195, 0.0)
(37.222843, 29.051727, 0.0)
(37.988277, 29.248289, 0.0)
(39.735394, 29.431049, 0.0)
(39.881756, 29.503439, 0.0)
(39.885040, 29.526335, 0.0)
(39.900658, 29.524529, 0.0)
(39.911785, 29.503679, 0.0)
(39.951511, 29.512218, 0.0)
(41.020756, 29.641609, 0.0)
(41.510487, 29.659948, 0.0)
(41.517506, 29.741156, 0.0)
(41.501789, 29.739561, 0.0)
(41.475788, 29.737137, 0.0)
(41.290493, 29.767244, 0.0)
(40.889797, 29.706558, 0.0)
(40.908569, 29.674156, 0.0)
(40.954346, 29.678034, 0.0)
(41.008476, 29.675335, 0.0)
(41.057903, 29.670176, 0.0)
(41.113361, 29.668055, 0.0)
(41.142624, 29.650875, 0.0)
(41.198734, 29.681288, 0.0)
(41.778973, 29.557570, 0.0)
(41.850555, 29.598124, 0.0)
(41.841030, 29.614201, 0.0)
(41.830383, 29.561325, 0.0)
(41.805729, 29.557251, 0.0)
(41.807980, 29.504314, 0.0)
(41.772686, 29.492140, 0.0)
(41.738613, 29.445187, 0.0)
(41.723373, 29.442608, 0.0)
(41.696518, 29.402357, 0.0)
(41.664165, 29.342379, 0.0)
(41.631729, 29.289627, 0.0)
(40.422867, 28.973589, 0.0)
(39.977985, 28.754236, 0.0)
(39.925240, 28.709909, 0.0)
(39.760105, 28.579407, 0.0)
(38.997601, 29.745798, 0.0)
(36.386009, 29.542633, 0.0)
(36.561192, 28.827305, 0.0)
(36.554081, 28.419935, 0.0)
(36.440063, 28.272047, 0.0)
(36.287590, 28.183001, 0.0)
(36.261631, 28.111334, 0.0)
(36.197060, 28.102148, 0.0)
(36.135735, 28.116476, 0.0)
(36.025829, 28.107214, 0.0)
(34.021275, 28.534332, 0.0)
(32.677113, 28.458170, 0.0)
(32.507530, 28.420790, 0.0)
(32.500675, 28.393961, 0.0)
(32.458633, 28.346073, 0.0)
(32.414448, 28.356518, 0.0)
(32.403774, 28.372885, 0.0)
(32.399090, 28.375124, 0.0)
(32.396843, 28.360355, 0.0)
(32.324398, 28.381599, 0.0)
(32.289764, 28.385376, 0.0)
(32.256958, 28.385630, 0.0)
(32.238140, 28.403696, 0.0)
(32.181232, 28.394278, 0.0)
(31.916687, 28.470438, 0.0)
(30.932692, 28.465548, 0.0)
(30.848915, 28.482359, 0.0)
(30.848198, 28.495752, 0.0)
(30.756868, 28.469135, 0.0)
(30.758884, 28.448629, 0.0)
(30.734104, 28.493076, 0.0)
(30.794886, 28.460409, 0.0)
(30.931114, 28.413916, 0.0)
(30.909430, 28.401262, 0.0)
(30.871090, 28.436239, 0.0)
(30.729826, 28.432915, 0.0)
(30.195803, 28.192381, 0.0)
(29.962633, 28.001986, 0.0)
(30.069418, 27.936363, 0.0)
(30.150578, 27.956758, 0.0)
(30.183998, 27.913923, 0.0)
(30.240881, 27.905706, 0.0)
(30.217552, 27.890102, 0.0)
(30.286030, 27.807053, 0.0)
(30.328199, 27.777052, 0.0)
(30.450727, 27.731468, 0.0)
(32.187283, 27.456068, 0.0)
(32.401146, 27.416422, 0.0)
(32.501572, 27.460449, 0.0)
(32.634537, 27.482506, 0.0)
(32.873074, 27.460897, 0.0)
(32.993687, 27.491167, 0.0)
(33.243496, 27.549358, 0.0)
(33.507950, 27.592949, 0.0)
(35.075264, 27.663292, 0.0)
(35.341103, 27.790045, 0.0)
(35.422958, 27.867990, 0.0)
(35.525185, 27.885477, 0.0)
(35.726097, 27.863819, 0.0)
(35.867420, 27.910059, 0.0)
(36.055672, 27.919743, 0.0)
(36.214005, 27.942272, 0.0)
(36.391064, 27.990021, 0.0)
(37.925362, 28.184776, 0.0)
(38.551605, 28.227249, 0.0)
(38.560600, 28.258852, 0.0)
(38.578453, 28.259865, 0.0)
(38.639999, 28.228767, 0.0)
(38.978477, 28.352219, 0.0)
(41.084908, 28.895411, 0.0)
(41.293999, 28.971884, 0.0)
(41.249378, 28.989462, 0.0)
(41.194969, 29.038191, 0.0)
(41.165291, 29.026302, 0.0)
(41.215523, 29.026007, 0.0)
(41.249912, 29.052650, 0.0)
(41.262043, 29.041391, 0.0)
(41.276161, 29.041744, 0.0)
(41.292126, 29.039225, 0.0)
(41.318764, 29.013094, 0.0)
(41.294933, 28.990536, 0.0)
(41.339687, 28.963743, 0.0)
(41.389408, 28.953138, 0.0)
(41.442322, 28.945936, 0.0)
(41.504562, 28.929077, 0.0)
(41.793617, 28.764679, 0.0)
(41.910881, 28.745052, 0.0)
(41.912758, 28.770687, 0.0)
(41.900909, 28.740063, 0.0)
(41.863201, 28.729725, 0.0)
(41.874390, 28.706392, 0.0)
(41.852283, 28.666161, 0.0)
(41.860497, 28.607325, 0.0)
(41.838970, 28.578461, 0.0)
(41.831718, 28.530102, 0.0)
(41.802258, 28.494720, 0.0)
(41.758053, 28.404152, 0.0)
(41.720440, 28.403244, 0.0)
(41.672867, 28.350161, 0.0)
(39.973869, 27.783720, 0.0)
(39.605156, 27.480516, 0.0)
(39.435249, 27.458445, 0.0)
(39.214890, 27.302084, 0.0)
(38.978802, 27.314322, 0.0)
(38.750690, 27.267073, 0.0)
(38.569321, 27.250582, 0.0)
(38.658207, 27.354053, 0.0)
(38.569618, 27.393072, 0.0)
(38.450397, 27.362822, 0.0)
(38.214832, 27.325710, 0.0)
(38.099495, 27.294380, 0.0)
(38.013763, 27.341637, 0.0)
(37.874218, 27.344900, 0.0)
(37.697296, 27.386721, 0.0)
(35.621269, 27.450027, 0.0)
(34.988396, 27.420147, 0.0)
(34.836838, 27.431114, 0.0)
(34.771862, 27.438509, 0.0)
(34.599209, 27.493374, 0.0)
(34.459507, 27.563326, 0.0)
(34.301521, 27.600943, 0.0)
(33.039421, 27.991022, 0.0)
(31.649652, 28.048326, 0.0)
(31.521267, 28.053900, 0.0)
(31.481817, 28.103737, 0.0)
(31.458109, 28.135456, 0.0)
(31.427813, 28.148895, 0.0)
(31.426697, 28.185680, 0.0)
(31.420677, 28.174149, 0.0)
(31.411894, 28.154514, 0.0)
(31.385670, 28.132736, 0.0)
(31.346668, 28.083427, 0.0)
(31.313305, 28.008364, 0.0)
(30.889376, 28.095539, 0.0)
(30.064518, 27.760319, 0.0)
(30.016279, 27.699842, 0.0)
(30.034384, 27.721008, 0.0)
(30.046326, 27.699156, 0.0)
(30.061859, 27.673681, 0.0)
(30.056744, 27.632357, 0.0)
(30.022438, 27.598356, 0.0)
(29.999512, 27.622618, 0.0)
(29.995602, 27.617517, 0.0)
(30.015192, 27.636696, 0.0)
(30.025579, 27.587795, 0.0)
(30.267872, 27.358137, 0.0)
(30.753908, 26.819481, 0.0)
(30.839359, 26.698748, 0.0)
(30.853289, 26.730053, 0.0)
(30.888294, 26.738953, 0.0)
(30.942867, 26.684740, 0.0)
(31.007957, 26.708244, 0.0)
(31.932400, 26.639158, 0.0)
(32.913521, 26.670324, 0.0)
(33.127392, 26.687408, 0.0)
(33.224407, 26.668377, 0.0)
(33.393246, 26.626486, 0.0)
(33.585991, 26.568945, 0.0)
(33.648750, 26.598690, 0.0)
(34.030846, 28.006895, 0.0)
(34.890369, 29.363672, 0.0)
(34.808380, 28.835732, 0.0)
(35.100235, 28.219816, 0.0)
(35.237778, 27.843386, 0.0)
(35.392063, 27.596992, 0.0)
(35.865295, 27.448418, 0.0)
(37.401348, 27.326590, 0.0)
(37.612160, 27.190039, 0.0)
(37.778393, 27.133024, 0.0)
(37.844566, 27.216997, 0.0)
(37.936218, 27.244347, 0.0)
(38.529221, 27.388134, 0.0)
(40.328568, 27.533604, 0.0)
(40.439064, 27.574028, 0.0)
(40.431461, 27.585863, 0.0)
(40.444611, 27.600969, 0.0)
(40.472687, 27.667618, 0.0)
(40.500580, 27.671331, 0.0)
(40.490257, 27.702518, 0.0)
(40.612682, 27.801542, 0.0)
(41.948586, 28.342106, 0.0)
(42.086796, 28.410713, 0.0)
(42.071808, 28.422968, 0.0)
(42.082058, 28.419346, 0.0)
(42.102810, 28.399946, 0.0)
(42.128357, 28.392559, 0.0)
(42.122295, 28.361685, 0.0)
(42.100380, 28.362017, 0.0)
(42.080116, 28.377285, 0.0)
(42.095512, 28.355045, 0.0)
(42.099163, 28.321993, 0.0)
(42.114628, 28.342129, 0.0)
(42.481247, 27.980684, 0.0)
(42.528408, 27.896257, 0.0)
(42.502213, 27.881708, 0.0)
(42.467957, 27.884058, 0.0)
(42.399235, 27.854342, 0.0)
(42.374493, 27.862127, 0.0)
(42.298115, 27.848234, 0.0)
(42.208275, 27.808941, 0.0)
(42.120518, 27.787479, 0.0)
(41.944839, 27.793201, 0.0)
(40.548870, 27.275726, 0.0)
(40.349808, 27.230677, 0.0)
(40.134270, 27.184059, 0.0)
(39.915909, 27.132963, 0.0)
(39.670048, 27.030119, 0.0)
(39.415848, 27.013157, 0.0)
(39.173138, 26.994076, 0.0)
(38.968147, 26.992144, 0.0)
(38.755085, 27.005856, 0.0)
(38.560375, 27.061661, 0.0)
(38.337105, 27.069954, 0.0)
(38.148476, 27.062609, 0.0)
(37.998619, 27.060808, 0.0)
(37.813507, 27.033396, 0.0)
(37.449810, 27.037836, 0.0)
(35.593086, 26.818008, 0.0)
(35.356304, 26.867908, 0.0)
(35.271564, 26.888205, 0.0)
(35.133068, 26.865810, 0.0)
(34.987709, 26.931324, 0.0)
(34.846668, 26.878458, 0.0)
(34.707695, 26.899509, 0.0)
(34.535458, 26.916252, 0.0)
(34.443645, 26.956715, 0.0)
(34.291389, 26.935341, 0.0)
(34.203281, 26.925835, 0.0)
(33.892929, 27.028900, 0.0)
(32.447033, 27.071911, 0.0)
(32.301758, 27.146696, 0.0)
(32.223984, 27.180759, 0.0)
(32.159294, 27.174295, 0.0)
(32.088051, 27.199848, 0.0)
(32.050426, 27.193380, 0.0)
(32.059155, 27.174719, 0.0)
(32.031475, 27.169800, 0.0)
(30.854462, 27.042498, 0.0)
(30.480936, 26.903786, 0.0)
(30.498888, 26.854439, 0.0)
(30.407301, 26.929878, 0.0)
(30.392958, 26.924328, 0.0)
(30.371340, 26.904711, 0.0)
(30.371382, 26.893679, 0.0)
(30.315134, 26.863611, 0.0)
(29.824606, 26.901190, 0.0)
(29.840481, 26.842934, 0.0)
(29.878244, 26.845173, 0.0)
(29.926702, 26.794291, 0.0)
(29.988529, 26.743248, 0.0)
(30.093338, 26.729187, 0.0)
(30.168858, 26.695978, 0.0)
(30.245621, 26.683708, 0.0)
(30.362814, 26.651255, 0.0)
(31.409775, 26.330790, 0.0)
(32.112854, 26.193573, 0.0)
(32.343918, 26.226772, 0.0)
(32.527718, 26.197134, 0.0)
(32.784920, 26.125944, 0.0)
(33.018501, 26.081175, 0.0)
(33.193295, 26.116615, 0.0)
(33.367260, 26.144329, 0.0)
(33.529171, 26.087721, 0.0)
(33.655457, 26.128443, 0.0)
(33.960560, 26.052731, 0.0)
(35.202885, 26.105099, 0.0)
(35.311264, 26.059052, 0.0)
(35.421032, 26.086418, 0.0)
(35.616928, 26.129726, 0.0)
(35.811829, 26.152267, 0.0)
(35.978642, 26.153299, 0.0)
(36.126064, 26.177967, 0.0)
(36.364475, 26.193445, 0.0)
(37.576878, 26.373230, 0.0)
(37.817154, 26.459654, 0.0)
(37.772640, 26.540792, 0.0)
(37.732487, 26.563076, 0.0)
(37.856190, 26.639486, 0.0)
(39.814903, 26.969694, 0.0)
(40.052738, 27.105618, 0.0)
(40.112598, 27.139580, 0.0)
(40.210140, 27.205894, 0.0)
(40.270390, 27.237442, 0.0)
(40.349030, 27.200176, 0.0)
(40.493126, 27.182417, 0.0)
(42.199051, 27.680122, 0.0)
(42.424335, 27.719635, 0.0)
(42.369942, 27.748178, 0.0)
(42.353504, 27.765099, 0.0)
(42.332741, 27.786139, 0.0)
(42.320217, 27.822348, 0.0)
(42.324947, 27.817425, 0.0)
(42.338070, 27.838730, 0.0)
(42.342152, 27.840244, 0.0)
(42.331913, 27.818253, 0.0)
(42.328579, 27.814976, 0.0)
(42.329338, 27.821487, 0.0)
(42.325089, 27.823999, 0.0)
(42.307854, 27.774960, 0.0)
(42.314354, 27.794634, 0.0)
(42.280468, 27.757607, 0.0)
(42.241463, 27.697294, 0.0)
(42.212147, 27.631569, 0.0)
(42.149643, 27.611406, 0.0)
(42.009026, 27.543028, 0.0)
(41.850792, 27.558941, 0.0)
(41.744976, 27.495874, 0.0)
(39.971630, 26.583534, 0.0)
(39.451618, 26.241632, 0.0)
(39.281895, 26.129910, 0.0)
(39.066422, 26.093355, 0.0)
(38.827438, 26.060905, 0.0)
(38.602783, 26.034725, 0.0)
(38.398090, 25.998663, 0.0)
(38.215626, 25.985399, 0.0)
(38.056545, 25.945446, 0.0)
(38.048386, 26.028910, 0.0)
(38.663601, 26.399269, 0.0)
(38.486286, 26.415712, 0.0)
(38.242897, 26.357197, 0.0)
(38.077206, 26.322695, 0.0)
(37.942047, 26.270315, 0.0)
(37.861214, 26.274082, 0.0)
(37.804989, 26.269539, 0.0)
(36.258774, 26.121834, 0.0)
(35.791790, 26.000505, 0.0)
(35.634495, 25.969542, 0.0)
(35.401241, 25.982941, 0.0)
(35.295216, 25.935114, 0.0)
(35.206814, 25.982296, 0.0)
(32.923164, 26.185944, 0.0)
(32.025932, 25.966108, 0.0)
(31.881071, 25.973957, 0.0)
(31.841604, 26.034533, 0.0)
(31.781591, 26.050987, 0.0)
(31.782246, 26.049391, 0.0)
(31.740076, 26.080908, 0.0)
(31.712856, 26.053814, 0.0)
(31.672476, 26.059082, 0.0)
(31.615725, 26.116419, 0.0)
(31.529583, 26.148170, 0.0)
(31.460365, 26.129704, 0.0)
(31.304932, 26.164238, 0.0)
(31.089699, 26.238802, 0.0)
(30.090002, 26.210096, 0.0)
(29.937464, 26.205667, 0.0)
(29.943943, 26.197332, 0.0)
(29.867214, 26.288502, 0.0)
(29.778975, 26.326410, 0.0)
(29.722359, 26.360611, 0.0)
(29.686230, 26.382986, 0.0)
(29.691357, 26.380322, 0.0)
(29.694296, 26.404459, 0.0)
(29.738136, 26.422182, 0.0)
(29.725756, 26.417456, 0.0)
(29.743929, 26.392504, 0.0)
(29.779821, 26.393356, 0.0)
(29.830887, 26.405035, 0.0)
(29.841833, 26.436310, 0.0)
(29.974293, 26.366327, 0.0)
(31.324432, 25.860836, 0.0)
(31.680418, 25.784853, 0.0)
(31.822296, 25.827435, 0.0)
(32.085114, 25.785406, 0.0)
(32.274345, 25.774424, 0.0)
(32.497726, 25.814524, 0.0)
(34.503487, 28.288593, 0.0)
(34.114513, 27.120453, 0.0)
(34.267349, 26.368263, 0.0)
(34.416531, 25.917994, 0.0)
(34.541641, 25.653399, 0.0)
(34.688766, 25.534985, 0.0)
(34.773396, 25.449816, 0.0)
(34.930542, 25.476456, 0.0)
(35.965958, 25.666178, 0.0)
(36.459446, 25.726929, 0.0)
(36.601765, 25.740526, 0.0)
(36.734386, 25.791283, 0.0)
(37.515022, 25.939072, 0.0)
(38.755695, 26.158503, 0.0)
(38.911171, 26.157476, 0.0)
(38.995411, 26.123848, 0.0)
(39.078053, 26.180220, 0.0)
(39.112694, 26.226955, 0.0)
(39.195129, 26.275206, 0.0)
(39.287693, 26.279148, 0.0)
(39.420101, 26.333319, 0.0)
(41.108231, 26.886366, 0.0)
(41.551884, 26.921892, 0.0)
(41.639572, 26.901518, 0.0)
(41.652866, 26.893970, 0.0)
(41.740566, 26.927738, 0.0)
(41.824524, 26.929920, 0.0)
(41.850433, 26.944643, 0.0)
(41.830681, 26.952337, 0.0)
(41.765308, 27.012802, 0.0)
(41.693512, 27.013359, 0.0)
(42.139328, 26.888895, 0.0)
(42.321587, 26.757982, 0.0)
(42.310658, 26.762442, 0.0)
(42.321716, 26.740150, 0.0)
(42.290058, 26.732307, 0.0)
(42.303997, 26.698534, 0.0)
(42.328854, 26.652815, 0.0)
(42.316406, 26.636843, 0.0)
(42.288147, 26.605900, 0.0)
(42.261738, 26.556498, 0.0)
(42.218082, 26.534456, 0.0)
(42.153885, 26.503019, 0.0)
(42.032360, 26.441105, 0.0)
(41.974049, 26.423939, 0.0)
(41.866711, 26.361086, 0.0)
(40.394249, 25.876528, 0.0)
(40.123417, 25.787060, 0.0)
(39.950184, 25.721689, 0.0)
(39.821758, 25.637320, 0.0)
(39.713493, 25.549177, 0.0)
(39.584099, 25.508163, 0.0)
(39.500450, 25.432287, 0.0)
(39.314793, 25.407198, 0.0)
(39.168449, 25.393538, 0.0)
(39.051716, 25.424692, 0.0)
(38.843143, 25.407267, 0.0)
(37.065636, 25.136908, 0.0)
(36.857700, 25.119110, 0.0)
(36.754162, 25.117107, 0.0)
(36.643852, 25.129833, 0.0)
(36.495117, 25.168163, 0.0)
(36.322277, 25.177195, 0.0)
(36.178852, 25.222906, 0.0)
(36.025200, 25.238510, 0.0)
(35.902420, 25.262550, 0.0)
(34.633404, 25.302950, 0.0)
(34.000965, 25.202103, 0.0)
(33.804882, 25.219780, 0.0)
(33.682838, 25.260326, 0.0)
(33.545433, 25.269341, 0.0)
(32.346313, 25.660789, 0.0)
(30.074472, 25.964794, 0.0)
(29.897118, 25.965044, 0.0)
(29.896421, 25.980360, 0.0)
(29.809851, 26.022661, 0.0)
(29.819382, 26.010822, 0.0)
(29.891077, 25.970579, 0.0)
(29.893869, 25.987949, 0.0)
(29.877832, 25.894386, 0.0)
(29.848854, 25.915712, 0.0)
(29.804140, 25.923439, 0.0)
(29.784159, 25.938799, 0.0)
(29.776791, 25.965174, 0.0)
(29.626621, 26.012806, 0.0)
(29.257372, 25.757963, 0.0)
(29.241137, 25.715107, 0.0)
(29.230959, 25.744612, 0.0)
(29.227781, 25.728806, 0.0)
(29.246161, 25.709286, 0.0)
(29.280020, 25.678150, 0.0)
(29.296143, 25.668186, 0.0)
(29.336214, 25.628880, 0.0)
(29.405687, 25.584801, 0.0)
(29.502764, 25.586975, 0.0)
(29.559671, 25.541265, 0.0)
(30.822184, 25.016298, 0.0)
(31.612972, 24.848806, 0.0)
(31.770836, 24.830618, 0.0)
(31.958948, 24.804081, 0.0)
(32.125622, 24.798847, 0.0)
(32.347847, 24.756044, 0.0)
(32.597878, 24.761030, 0.0)
(32.852604, 24.752001, 0.0)
(33.116856, 24.697826, 0.0)
(33.333069, 24.661463, 0.0)
(33.605476, 24.618671, 0.0)
(33.916183, 24.594379, 0.0)
(35.209709, 24.564615, 0.0)
(35.488636, 24.514212, 0.0)
(35.642284, 24.528393, 0.0)
(35.763348, 24.530638, 0.0)
(35.887535, 24.545883, 0.0)
(36.025639, 24.600674, 0.0)
(36.256634, 24.623545, 0.0)
(36.436455, 24.659859, 0.0)
(38.688671, 25.002960, 0.0)
(39.290638, 25.175167, 0.0)
(39.452374, 25.251282, 0.0)
(39.508583, 25.309809, 0.0)
(39.540073, 25.336346, 0.0)
(39.609718, 25.356094, 0.0)
(39.700638, 25.347368, 0.0)
(41.188839, 25.921957, 0.0)
(42.327717, 26.273962, 0.0)
(42.430931, 26.337591, 0.0)
(42.401806, 26.366693, 0.0)
(42.398136, 26.347643, 0.0)
(42.415977, 26.341965, 0.0)
(42.446701, 26.334913, 0.0)
(42.451866, 26.340233, 0.0)
(42.463837, 26.354811, 0.0)
(42.482269, 26.315958, 0.0)
(42.493591, 26.289597, 0.0)
(42.529800, 26.278502, 0.0)
(42.551144, 26.336206, 0.0)
(42.588680, 26.287457, 0.0)
(42.638557, 26.298189, 0.0)
(42.669701, 26.303040, 0.0)
(42.659336, 26.322495, 0.0)
(42.920292, 26.156618, 0.0)
(42.979500, 26.109131, 0.0)
(42.930260, 26.087097, 0.0)
(42.902302, 26.032490, 0.0)
(42.857101, 26.039337, 0.0)
(42.780369, 25.991728, 0.0)
(42.668095, 25.912291, 0.0)
(42.577347, 25.888288, 0.0)
(42.495213, 25.813246, 0.0)
(42.359375, 25.758808, 0.0)
(42.246593, 25.731342, 0.0)
(41.985355, 25.676580, 0.0)
(40.631683, 25.092484, 0.0)
(40.434502, 25.020672, 0.0)
(40.242641, 24.947104, 0.0)
(40.002102, 24.853947, 0.0)
(39.813320, 24.790024, 0.0)
(39.590019, 24.754190, 0.0)
(39.382080, 24.611923, 0.0)
(39.148220, 24.578537, 0.0)
(38.873730, 24.500912, 0.0)
(38.624748, 24.477686, 0.0)
(38.225529, 24.410561, 0.0)
(37.034538, 24.094801, 0.0)
(36.903004, 24.139236, 0.0)
(36.737114, 24.143621, 0.0)
(36.459736, 24.086704, 0.0)
(36.313820, 24.094522, 0.0)
(36.183132, 24.057531, 0.0)
(35.981873, 24.042307, 0.0)
(35.813431, 24.038364, 0.0)
(35.262775, 24.137758, 0.0)
(34.295437, 24.155256, 0.0)
(34.086319, 24.152758, 0.0)
(33.907436, 24.175381, 0.0)
(33.718567, 24.196011, 0.0)
(33.607231, 24.303635, 0.0)
(33.451962, 24.298855, 0.0)
(31.778225, 24.478315, 0.0)
(31.422573, 24.513586, 0.0)
(31.297316, 24.519791, 0.0)
(31.212372, 24.562265, 0.0)
(31.205013, 24.515202, 0.0)
(31.147121, 24.553759, 0.0)
(31.067568, 24.536463, 0.0)
(30.296480, 24.724539, 0.0)
(29.952332, 24.690651, 0.0)
(29.926577, 24.659576, 0.0)
(29.887951, 24.662327, 0.0)
(29.881105, 24.663750, 0.0)
(29.879215, 24.680183, 0.0)
(29.865696, 24.674351, 0.0)
(29.781830, 24.749901, 0.0)
(29.356295, 24.733179, 0.0)
(29.339926, 24.757061, 0.0)
(29.340448, 24.745562, 0.0)
(29.368380, 24.705181, 0.0)
(29.438385, 24.658894, 0.0)
(29.471273, 24.673580, 0.0)
(29.520472, 24.602449, 0.0)
(30.894785, 24.111166, 0.0)
(31.254065, 23.994923, 0.0)
(31.373964, 24.012955, 0.0)
(31.539185, 23.970661, 0.0)
(31.728548, 23.936596, 0.0)
(31.910910, 23.923552, 0.0)
(32.100101, 23.928326, 0.0)
(32.440552, 23.913036, 0.0)
(32.685707, 23.915522, 0.0)
(32.870808, 23.848293, 0.0)
(33.127541, 23.854387, 0.0)
(33.372433, 23.796837, 0.0)
(34.093502, 23.734360, 0.0)
(35.358414, 23.739750, 0.0)
(35.233570, 23.674952, 0.0)
(35.372986, 23.697191, 0.0)
(35.532055, 23.681585, 0.0)
(35.645164, 23.688751, 0.0)
(35.759884, 23.655384, 0.0)
(35.969654, 23.711061, 0.0)
(36.245228, 23.728094, 0.0)
(38.967426, 25.620094, 0.0)
(38.993008, 24.603199, 0.0)
(39.097084, 24.109619, 0.0)
(39.238277, 24.068804, 0.0)
(39.377922, 24.127497, 0.0)
(39.452072, 24.142115, 0.0)
(40.800034, 24.877733, 0.0)
(41.073921, 25.061213, 0.0)
(41.142395, 25.163244, 0.0)
(41.163322, 25.195536, 0.0)
(41.488705, 25.314590, 0.0)
(42.214901, 25.464731, 0.0)
(42.306477, 25.517485, 0.0)
(42.303524, 25.541035, 0.0)
(42.324562, 25.501263, 0.0)
(42.308960, 25.545979, 0.0)
(42.332771, 25.547930, 0.0)
(42.382996, 25.508745, 0.0)
(42.653069, 25.304241, 0.0)
(42.639187, 25.266638, 0.0)
(42.614117, 25.273193, 0.0)
(42.597755, 25.357708, 0.0)
(42.598354, 25.250349, 0.0)
(42.350853, 25.051401, 0.0)
(42.089298, 24.893732, 0.0)
(42.061146, 24.796867, 0.0)
(41.988808, 24.772923, 0.0)
(41.930046, 24.705624, 0.0)
(41.845627, 24.679577, 0.0)
(41.725960, 24.643787, 0.0)
(41.617756, 24.604038, 0.0)
(41.445484, 24.529356, 0.0)
(41.293041, 24.440376, 0.0)
(41.005596, 24.332113, 0.0)
(40.158569, 24.144560, 0.0)
(39.529751, 24.068779, 0.0)
(39.254314, 24.015440, 0.0)
(39.006233, 24.008526, 0.0)
(38.745949, 23.918236, 0.0)
(38.509079, 23.895254, 0.0)
(38.372562, 23.877356, 0.0)
(38.198689, 23.836708, 0.0)
(37.958015, 23.754517, 0.0)
(37.801212, 23.729593, 0.0)
(37.596149, 23.717539, 0.0)
(37.336380, 23.722025, 0.0)
(37.123417, 23.709219, 0.0)
(36.908329, 23.687683, 0.0)
(35.905949, 23.581724, 0.0)
(35.151272, 23.308115, 0.0)
(34.896179, 23.316164, 0.0)
(34.713135, 23.352724, 0.0)
(34.523895, 23.302565, 0.0)
(34.381546, 23.291140, 0.0)
(34.221008, 23.290392, 0.0)
(34.072929, 23.344360, 0.0)
(33.932652, 23.319960, 0.0)
(32.438072, 23.530584, 0.0)
(30.642994, 23.810431, 0.0)
(30.528908, 23.870920, 0.0)
(30.539557, 23.904478, 0.0)
(30.524958, 23.897585, 0.0)
(30.475733, 23.899462, 0.0)
(30.426901, 23.872423, 0.0)
(30.390985, 23.892559, 0.0)
(30.359386, 23.925529, 0.0)
(30.330585, 23.925798, 0.0)
(29.470377, 24.110075, 0.0)
(29.395187, 24.095627, 0.0)
(29.426678, 24.112471, 0.0)
(29.427549, 24.107281, 0.0)
(29.440092, 24.108751, 0.0)
(29.423986, 24.135986, 0.0)
(29.399635, 24.142466, 0.0)
(29.373901, 24.143080, 0.0)
(29.388716, 24.177916, 0.0)
(29.380081, 24.123884, 0.0)
(29.389919, 24.143827, 0.0)
(29.416510, 24.123077, 0.0)
(29.438559, 24.102934, 0.0)
(29.503794, 24.066549, 0.0)
(30.605045, 23.364199, 0.0)
(30.912172, 23.261345, 0.0)
(31.016882, 23.250624, 0.0)
(31.162189, 23.231817, 0.0)
(31.319328, 23.185366, 0.0)
(31.486946, 23.160292, 0.0)
(31.779919, 23.138842, 0.0)
(33.878902, 22.917334, 0.0)
(35.222878, 22.940235, 0.0)
(35.457085, 22.948004, 0.0)
(35.572758, 22.945820, 0.0)
(36.005619, 22.977514, 0.0)
(36.727730, 22.977514, 0.0)
(36.569450, 22.915159, 0.0)
(35.859684, 25.237434, 0.0)
(35.528324, 23.548876, 0.0)
(35.684719, 22.882915, 0.0)
(35.873463, 22.793846, 0.0)
(36.017422, 22.880404, 0.0)
(36.194889, 22.941845, 0.0)
(36.300797, 23.028801, 0.0)
(37.227104, 23.287622, 0.0)
(38.191143, 23.460293, 0.0)
(38.360416, 23.505287, 0.0)
(38.423710, 23.498974, 0.0)
(40.013119, 24.086416, 0.0)
(40.782890, 24.404137, 0.0)
(40.916019, 24.519024, 0.0)
(40.948322, 24.518944, 0.0)
(40.970222, 24.521856, 0.0)
(40.987770, 24.537849, 0.0)
(41.018234, 24.573566, 0.0)
(41.059223, 24.608614, 0.0)
(42.239471, 25.005213, 0.0)
(42.372723, 25.000521, 0.0)
(42.376125, 25.047913, 0.0)
(42.372906, 25.033947, 0.0)
(42.415527, 25.008131, 0.0)
(42.456219, 25.046663, 0.0)
(42.488728, 25.010433, 0.0)
(42.500370, 25.060198, 0.0)
(42.519325, 25.046280, 0.0)
(42.529480, 25.021025, 0.0)
(42.505283, 25.036558, 0.0)
(42.491592, 25.036278, 0.0)
(42.504833, 24.953909, 0.0)
(42.471981, 24.855074, 0.0)
(42.444275, 24.831459, 0.0)
(42.353073, 24.866583, 0.0)
(42.286510, 24.818247, 0.0)
(42.222305, 24.813620, 0.0)
(41.812805, 24.591486, 0.0)
(40.843147, 23.944939, 0.0)
(40.696102, 23.845570, 0.0)
(40.483711, 23.780918, 0.0)
(40.277458, 23.697285, 0.0)
(40.012310, 23.583841, 0.0)
(39.739372, 23.526394, 0.0)
(39.496613, 23.465055, 0.0)
(39.195702, 23.422619, 0.0)
(38.895596, 23.372307, 0.0)
(38.629539, 23.328804, 0.0)
(38.330566, 23.337923, 0.0)
(38.005272, 23.322975, 0.0)
(37.748310, 23.312620, 0.0)
(37.527458, 23.305988, 0.0)
(37.357975, 23.271730, 0.0)
(37.123123, 23.213078, 0.0)
(36.857193, 23.144880, 0.0)
(36.629322, 23.132122, 0.0)
(34.172840, 22.727644, 0.0)
(33.819099, 22.745729, 0.0)
(33.671307, 22.812588, 0.0)
(33.522415, 22.877766, 0.0)
(33.308605, 22.906523, 0.0)
(33.192474, 22.922335, 0.0)
(33.059429, 22.969007, 0.0)
(32.225277, 23.198135, 0.0)
(30.154482, 23.441099, 0.0)
(30.021942, 23.550034, 0.0)
(30.031767, 23.563276, 0.0)
(30.006603, 23.598598, 0.0)
(29.978781, 23.626112, 0.0)
(29.936224, 23.633612, 0.0)
(29.904020, 23.636494, 0.0)
(29.890049, 23.652081, 0.0)
(29.881920, 23.664206, 0.0)
(29.877756, 23.652729, 0.0)
(29.856560, 23.633657, 0.0)
(29.816051, 23.636843, 0.0)
(29.816595, 23.649569, 0.0)
(29.774483, 23.703125, 0.0)
(29.640961, 23.740171, 0.0)
(28.995729, 23.748003, 0.0)
(28.972475, 23.743956, 0.0)
(29.000961, 23.697836, 0.0)
(29.022650, 23.694588, 0.0)
(29.039642, 23.669003, 0.0)
(29.055901, 23.651680, 0.0)
(29.085396, 23.643242, 0.0)
(29.117254, 23.641584, 0.0)
(29.132113, 23.644115, 0.0)
(29.627592, 23.423557, 0.0)
(31.131626, 22.856329, 0.0)
(31.308285, 22.797436, 0.0)
(31.493917, 22.781061, 0.0)
(31.743599, 22.696875, 0.0)
(32.006237, 22.655176, 0.0)
(32.259499, 22.608782, 0.0)
(32.568996, 22.548845, 0.0)
(32.877277, 22.505648, 0.0)
(33.073677, 22.504993, 0.0)
(33.279827, 22.521654, 0.0)
(33.478432, 22.502237, 0.0)
(33.633434, 22.334036, 0.0)
(34.046818, 24.415102, 0.0)
(0.000000, 0.000000, 1.0)
(34.724236, 22.888540, 0.0)
(34.990673, 22.279882, 0.0)
(35.191471, 22.159084, 0.0)
(35.427639, 22.230747, 0.0)
(35.637123, 22.326227, 0.0)
(35.890175, 22.432600, 0.0)
(38.121441, 22.938221, 0.0)
(38.386715, 22.989025, 0.0)
(38.539822, 23.036510, 0.0)
(38.622086, 23.099678, 0.0)
(38.711140, 23.156796, 0.0)
(40.812923, 24.010872, 0.0)
(41.513817, 24.249760, 0.0)
(41.566868, 24.267311, 0.0)
(41.570694, 24.275194, 0.0)
(41.580734, 24.309204, 0.0)
(41.565899, 24.332146, 0.0)
(41.569912, 24.335979, 0.0)
(41.581711, 24.423265, 0.0)
(41.586807, 24.401775, 0.0)
(41.567253, 24.395388, 0.0)
(41.573826, 24.404993, 0.0)
(41.612564, 24.357620, 0.0)
(41.653225, 24.315001, 0.0)
(41.778099, 24.385172, 0.0)
(42.280331, 24.507248, 0.0)
(42.306190, 24.533176, 0.0)
(42.286686, 24.550507, 0.0)
(42.272514, 24.552536, 0.0)
(42.260799, 24.566929, 0.0)
(42.290024, 24.526361, 0.0)
(42.307899, 24.503586, 0.0)
(42.286613, 24.482954, 0.0)
(42.252052, 24.412468, 0.0)
(42.242050, 24.363462, 0.0)
(42.147835, 24.310528, 0.0)
(39.889141, 22.993378, 0.0)
(39.723186, 22.956837, 0.0)
(39.726517, 22.981127, 0.0)
(39.680870, 22.990435, 0.0)
(39.597252, 22.983368, 0.0)
(39.530472, 22.967077, 0.0)
(39.413876, 22.973951, 0.0)
(39.302685, 22.920427, 0.0)
(39.159561, 22.889004, 0.0)
(39.070286, 22.871447, 0.0)
(38.890476, 22.831573, 0.0)
(38.744816, 22.828564, 0.0)
(35.827648, 22.264580, 0.0)
(33.190594, 22.108074, 0.0)
(33.035469, 22.247202, 0.0)
(33.010876, 22.260946, 0.0)
(32.944073, 22.276035, 0.0)
(32.919266, 22.247704, 0.0)
(32.893353, 22.235538, 0.0)
(32.887539, 22.241018, 0.0)
(32.882130, 22.290598, 0.0)
(32.865902, 22.320827, 0.0)
(32.847073, 22.338461, 0.0)
(32.826168, 22.364117, 0.0)
(32.792923, 22.375526, 0.0)
(32.762466, 22.364222, 0.0)
(32.715973, 22.344406, 0.0)
(32.629967, 22.347582, 0.0)
(32.580257, 22.368065, 0.0)
(32.532631, 22.395712, 0.0)
(32.487576, 22.404318, 0.0)
(32.411884, 22.419678, 0.0)
(31.250530, 22.693041, 0.0)
(30.131092, 22.934082, 0.0)
(30.007093, 22.958391, 0.0)
(29.940008, 23.022371, 0.0)
(29.867880, 23.036936, 0.0)
(29.799528, 23.053858, 0.0)
(29.745579, 23.040001, 0.0)
(29.718309, 23.082914, 0.0)
(29.672258, 23.108637, 0.0)
(29.622528, 23.142979, 0.0)
(29.547186, 23.146141, 0.0)
(29.526482, 23.161190, 0.0)
(29.498707, 23.163807, 0.0)
(29.500874, 23.158783, 0.0)
(29.559639, 23.128950, 0.0)
(29.284754, 23.279621, 0.0)
(28.843372, 23.199520, 0.0)
(28.800375, 23.217184, 0.0)
(28.828089, 23.224691, 0.0)
(28.827917, 23.224463, 0.0)
(28.843502, 23.209877, 0.0)
(28.900883, 23.193960, 0.0)
(29.158300, 23.043091, 0.0)
(32.275928, 22.152735, 0.0)
(32.686874, 22.142963, 0.0)
(32.766788, 22.091188, 0.0)
(32.897526, 21.978966, 0.0)
(33.027222, 21.893450, 0.0)
(33.075615, 21.799606, 0.0)
(33.112576, 21.802355, 0.0)
(33.121643, 21.849537, 0.0)
(33.123802, 21.898941, 0.0)
(33.123718, 21.978384, 0.0)
(33.145462, 22.018824, 0.0)
(32.872086, 21.921957, 0.0)
(32.921009, 21.806377, 0.0)
(33.117203, 21.704805, 0.0)
(33.292603, 21.640720, 0.0)
(34.752178, 21.561363, 0.0)
(34.879272, 21.535505, 0.0)
(34.887024, 21.563152, 0.0)
(34.960705, 21.649483, 0.0)
(35.044502, 21.667034, 0.0)
(37.116585, 22.011204, 0.0)
(37.511620, 22.082411, 0.0)
(37.569363, 22.070513, 0.0)
(37.625694, 22.039118, 0.0)
(37.719852, 22.034864, 0.0)
(37.796082, 22.080341, 0.0)
(37.820190, 22.094650, 0.0)
(38.263664, 22.279631, 0.0)
(40.018211, 22.946363, 0.0)
(40.121696, 22.976625, 0.0)
(40.125420, 22.974964, 0.0)
(40.132221, 22.971169, 0.0)
(40.143848, 22.945444, 0.0)
(40.183784, 22.863455, 0.0)
(40.205078, 22.835228, 0.0)
(40.261383, 22.831318, 0.0)
(41.833939, 23.449017, 0.0)
(41.949276, 23.485125, 0.0)
(41.861053, 23.583860, 0.0)
(41.759716, 23.627455, 0.0)
(41.700825, 23.613695, 0.0)
(41.753910, 23.596865, 0.0)
(41.820984, 23.613520, 0.0)
(41.787823, 23.587276, 0.0)
(41.749271, 23.576326, 0.0)
(41.764294, 23.540558, 0.0)
(41.786591, 23.593182, 0.0)
(41.781487, 23.557419, 0.0)
(41.767742, 23.538351, 0.0)
(41.742035, 23.568672, 0.0)
(41.741261, 23.522884, 0.0)
(41.758049, 23.497181, 0.0)
(41.756485, 23.515343, 0.0)
(41.710014, 23.546423, 0.0)
(41.673222, 23.542614, 0.0)
(41.535355, 23.876509, 0.0)
(41.129787, 26.039371, 0.0)
(41.055111, 26.501009, 0.0)
(41.073956, 26.471125, 0.0)
(41.032993, 26.426346, 0.0)
(40.967354, 26.423197, 0.0)
(40.927185, 26.387691, 0.0)
(40.897614, 26.393122, 0.0)
(40.958523, 26.349617, 0.0)
(41.540161, 27.640009, 0.0)
(41.541744, 29.688604, 0.0)
(41.383648, 30.036774, 0.0)
(41.379597, 29.915405, 0.0)
(41.393497, 29.834244, 0.0)
(41.413837, 29.721865, 0.0)
(40.807728, 29.491747, 0.0)
(39.084965, 29.087132, 0.0)
(38.329987, 29.267746, 0.0)
(37.420376, 29.500299, 0.0)
(37.379688, 29.509638, 0.0)
(37.466728, 29.480114, 0.0)
(37.486954, 29.378971, 0.0)
(37.488979, 29.270144, 0.0)
(37.463261, 29.303604, 0.0)
(37.500973, 29.265888, 0.0)
(37.549522, 29.259367, 0.0)
(37.569332, 29.231428, 0.0)
(37.594009, 29.250244, 0.0)
(37.588799, 29.241875, 0.0)
(37.597095, 29.229265, 0.0)
(38.534428, 30.271544, 0.0)
(38.775452, 30.409571, 0.0)
(38.758606, 30.399597, 0.0)
(38.752960, 30.402287, 0.0)
(38.746323, 30.393986, 0.0)
(38.731941, 30.400803, 0.0)
(40.091511, 30.810160, 0.0)
(41.259594, 30.844187, 0.0)
(41.320591, 30.910862, 0.0)
(41.280079, 30.908039, 0.0)
(41.255196, 30.913328, 0.0)
(41.250385, 30.900229, 0.0)
(41.237488, 30.897867, 0.0)
(41.196716, 30.965242, 0.0)
(41.134411, 30.957430, 0.0)
(41.123333, 30.955370, 0.0)
(41.128345, 30.940994, 0.0)
(41.108925, 30.940638, 0.0)
(41.097466, 30.934044, 0.0)
(41.046665, 30.879681, 0.0)
(38.396965, 30.759136, 0.0)
(37.963974, 30.417873, 0.0)
(37.955139, 30.334204, 0.0)
(37.966682, 30.273548, 0.0)
(40.199196, 30.092518, 0.0)
(41.270813, 30.058317, 0.0)
(41.311207, 30.082077, 0.0)
(41.241329, 30.067738, 0.0)
(41.229012, 30.055567, 0.0)
(41.260452, 30.042122, 0.0)
(41.283634, 30.040470, 0.0)
(41.267319, 30.017391, 0.0)
(41.531986, 28.959650, 0.0)
(41.708126, 27.784657, 0.0)
(41.665947, 27.696867, 0.0)
(41.642746, 27.681150, 0.0)
(41.643021, 27.653250, 0.0)
(41.622128, 27.680397, 0.0)
(41.600990, 27.624269, 0.0)
(41.576187, 27.594635, 0.0)
(41.578106, 27.571627, 0.0)
(41.585884, 27.502918, 0.0)
(41.599289, 27.439676, 0.0)
(41.616409, 27.306412, 0.0)
(41.722462, 26.942434, 0.0)
(42.076778, 26.287600, 0.0)
(42.135139, 25.675945, 0.0)
(42.176014, 25.299530, 0.0)
(42.231762, 25.196215, 0.0)
(42.187481, 25.269194, 0.0)
(42.132874, 25.581146, 0.0)
(42.100609, 24.652391, 0.0)
(42.142342, 24.381596, 0.0)
(42.150902, 24.340429, 0.0)
(42.315880, 24.276823, 0.0)
(42.328434, 24.257875, 0.0)
(42.207870, 24.268496, 0.0)
(42.192833, 24.307592, 0.0)
(42.179768, 24.318470, 0.0)
(42.191879, 24.249523, 0.0)
(42.180397, 24.218466, 0.0)
(42.135326, 24.217999, 0.0)
(41.913570, 23.854652, 0.0)
(41.727287, 23.049309, 0.0)
(41.695976, 23.143759, 0.0)
(41.672409, 23.189589, 0.0)
(41.643677, 23.206308, 0.0)
(41.594700, 23.227972, 0.0)
(41.552597, 23.172779, 0.0)
(41.488190, 23.135078, 0.0)
(41.462154, 23.193302, 0.0)
(41.645267, 23.992308, 0.0)
(41.593246, 25.274090, 0.0)
(41.576622, 25.381508, 0.0)
(41.521351, 25.443102, 0.0)
(41.476627, 25.461390, 0.0)
(41.485825, 25.445858, 0.0)
(41.524986, 25.511448, 0.0)
(41.582096, 25.568098, 0.0)
(41.954033, 26.037910, 0.0)
(42.020996, 26.133661, 0.0)
(42.018082, 26.136883, 0.0)
(41.966728, 26.194775, 0.0)
(41.940742, 26.261055, 0.0)
(41.792938, 27.167433, 0.0)
(41.707485, 28.239172, 0.0)
(41.662552, 28.425306, 0.0)
(41.641617, 28.337729, 0.0)
(41.617409, 28.336609, 0.0)
(41.607952, 28.339001, 0.0)
(41.595978, 28.384035, 0.0)
(41.548004, 28.346598, 0.0)
(41.541996, 28.340416, 0.0)
(41.545162, 28.409985, 0.0)
(41.524525, 28.455385, 0.0)
(41.513680, 28.459665, 0.0)
(41.518940, 28.443378, 0.0)
(41.515148, 28.466034, 0.0)
(41.518204, 28.462992, 0.0)
(41.514965, 28.451843, 0.0)
(41.621838, 28.786667, 0.0)
(41.594898, 29.660019, 0.0)
(41.579353, 29.710394, 0.0)
(41.553013, 29.690876, 0.0)
(41.547173, 29.706388, 0.0)
(41.552303, 29.695833, 0.0)
(41.541512, 29.697981, 0.0)
(41.147018, 30.142776, 0.0)
(41.078999, 30.405861, 0.0)
(41.104248, 30.399010, 0.0)
(41.088726, 30.377638, 0.0)
(41.070709, 30.371397, 0.0)
(41.071732, 30.355797, 0.0)
(41.061119, 30.354605, 0.0)
(41.049973, 30.364258, 0.0)
(41.046616, 30.326605, 0.0)
(41.026020, 30.324697, 0.0)
(40.998119, 30.339649, 0.0)
(40.979897, 30.338303, 0.0)
(40.934200, 30.351545, 0.0)
(40.903812, 30.343672, 0.0)
(40.934628, 30.296591, 0.0)
(40.884159, 30.312868, 0.0)
(40.853519, 30.312542, 0.0)
(40.828583, 30.273722, 0.0)
(40.796402, 30.253756, 0.0)
(40.781170, 30.186827, 0.0)
(40.758087, 30.129951, 0.0)
(40.728397, 30.046610, 0.0)
(40.619057, 29.342928, 0.0)
(40.664577, 28.718714, 0.0)
(40.697968, 28.672352, 0.0)
(40.715649, 28.659142, 0.0)
(40.739754, 28.535124, 0.0)
(40.775318, 28.447287, 0.0)
(40.839478, 28.344034, 0.0)
(40.842010, 28.201719, 0.0)
(40.859947, 28.166550, 0.0)
(40.934460, 28.015139, 0.0)
(41.112461, 27.712172, 0.0)
(41.118435, 27.637564, 0.0)
(41.124756, 27.617685, 0.0)
(41.110550, 27.492453, 0.0)
(41.149693, 27.423777, 0.0)
(41.168983, 27.337301, 0.0)
(41.171051, 27.199234, 0.0)
(41.350506, 26.191156, 0.0)
(41.430840, 25.866798, 0.0)
(41.435905, 25.849716, 0.0)
(41.452702, 25.762140, 0.0)
(41.452023, 25.738316, 0.0)
(41.459656, 25.700415, 0.0)
(41.447456, 25.633137, 0.0)
(41.450371, 25.572382, 0.0)
(41.460876, 25.445028, 0.0)
(41.455166, 25.415384, 0.0)
(41.323990, 25.408859, 0.0)
(41.226479, 25.411016, 0.0)
(41.182495, 25.458141, 0.0)
(41.130138, 25.378981, 0.0)
(41.023605, 23.983326, 0.0)
(40.999325, 23.757843, 0.0)
(40.933578, 23.802544, 0.0)
(40.883495, 23.824524, 0.0)
(40.857788, 23.777891, 0.0)
(40.853058, 23.761133, 0.0)
(40.846298, 23.774939, 0.0)
(40.853237, 23.767883, 0.0)
(40.826332, 23.740623, 0.0)
(40.726734, 23.754240, 0.0)
(40.706070, 23.731987, 0.0)
(40.731716, 23.629971, 0.0)
(40.803097, 24.248789, 0.0)
(40.236671, 26.537865, 0.0)
(39.856377, 26.945276, 0.0)
(39.791405, 26.912374, 0.0)
(39.775112, 26.879597, 0.0)
(39.767006, 26.867624, 0.0)
(39.763821, 26.821848, 0.0)
(39.814220, 26.794424, 0.0)
(39.863682, 26.690384, 0.0)
(39.908482, 26.710592, 0.0)
(39.916618, 26.721973, 0.0)
(39.911404, 26.751797, 0.0)
(39.892101, 26.793531, 0.0)
(40.035313, 26.904898, 0.0)
(40.502083, 27.056789, 0.0)
(40.544537, 27.075943, 0.0)
(40.588398, 27.053091, 0.0)
(40.621559, 27.041805, 0.0)
(40.837910, 26.696379, 0.0)
(41.030441, 25.842735, 0.0)
(41.037823, 25.812899, 0.0)
(40.991070, 25.910486, 0.0)
(40.870285, 25.988541, 0.0)
(40.809280, 26.028301, 0.0)
(40.677788, 26.730549, 0.0)
(40.617588, 27.547718, 0.0)
(40.636444, 27.714479, 0.0)
(40.713680, 27.771282, 0.0)
(40.722137, 27.720242, 0.0)
(40.721684, 27.756157, 0.0)
(40.716637, 27.736847, 0.0)
(40.712948, 27.804276, 0.0)
(40.624996, 27.867683, 0.0)
(39.360664, 29.505175, 0.0)
(39.165310, 29.579535, 0.0)
(39.266048, 29.528925, 0.0)
(39.272766, 29.510448, 0.0)
(39.289764, 29.489290, 0.0)
(39.431782, 29.434834, 0.0)
(40.214272, 28.896145, 0.0)
(40.290737, 28.946745, 0.0)
(40.213703, 28.970463, 0.0)
(40.192787, 28.941687, 0.0)
(40.193020, 28.934807, 0.0)
(40.181595, 28.927727, 0.0)
(40.182915, 28.940748, 0.0)
(40.174362, 28.950687, 0.0)
(39.909603, 28.692009, 0.0)
(39.690022, 28.060909, 0.0)
(39.663433, 28.076902, 0.0)
(39.639019, 28.098747, 0.0)
(39.624046, 28.104307, 0.0)
(39.612671, 28.104033, 0.0)
(39.607056, 28.098778, 0.0)
(39.586884, 28.098272, 0.0)
(39.577602, 28.111469, 0.0)
(39.579109, 28.054022, 0.0)
(39.639568, 28.010269, 0.0)
(39.683598, 27.924368, 0.0)
(39.722485, 27.889631, 0.0)
(39.760181, 27.811251, 0.0)
(39.755848, 27.767557, 0.0)
(39.755882, 27.751143, 0.0)
(39.734657, 27.655622, 0.0)
(39.743996, 27.573355, 0.0)
(39.782997, 27.524475, 0.0)
(39.777084, 27.321815, 0.0)
(40.406403, 26.095602, 0.0)
(40.445854, 25.916531, 0.0)
(40.430290, 25.911596, 0.0)
(40.403927, 25.833961, 0.0)
(40.392532, 25.811180, 0.0)
(40.390530, 25.789862, 0.0)
(40.377544, 25.725067, 0.0)
(40.387127, 25.642370, 0.0)
(40.399357, 25.588888, 0.0)
(40.389778, 25.557899, 0.0)
(40.384083, 25.513540, 0.0)
(40.365524, 25.463095, 0.0)
(40.329796, 25.450121, 0.0)
(40.205338, 24.836817, 0.0)
(40.188602, 24.687590, 0.0)
(40.249039, 24.646387, 0.0)
(40.269749, 24.574739, 0.0)
(40.298702, 24.499548, 0.0)
(40.323101, 24.459501, 0.0)
(40.317921, 24.344534, 0.0)
(40.399807, 23.590258, 0.0)
(40.391865, 22.800716, 0.0)
(40.349285, 22.871603, 0.0)
(40.331757, 22.877390, 0.0)
(40.294605, 22.901867, 0.0)
(40.257008, 22.892797, 0.0)
(40.252731, 22.892307, 0.0)
(40.271507, 22.870348, 0.0)
(40.261391, 22.819296, 0.0)
(40.185173, 22.035606, 0.0)
(40.169212, 22.043104, 0.0)
(40.172695, 22.078693, 0.0)
(40.137478, 22.069023, 0.0)
(40.109135, 22.092033, 0.0)
(40.078430, 22.098543, 0.0)
(40.046856, 22.117983, 0.0)
(40.031101, 22.147856, 0.0)
(40.017048, 22.155476, 0.0)
(39.999691, 22.179178, 0.0)
(39.927097, 22.207335, 0.0)
(39.835793, 22.187485, 0.0)
(39.821053, 22.229378, 0.0)
(39.778774, 22.267620, 0.0)
(39.770741, 22.319857, 0.0)
(39.743031, 22.331451, 0.0)
(39.698978, 24.065075, 0.0)
(39.616539, 24.712105, 0.0)
(39.566784, 24.790821, 0.0)
(39.551193, 24.827972, 0.0)
(39.567600, 24.866823, 0.0)
(39.553368, 24.924274, 0.0)
(39.543575, 24.944021, 0.0)
(39.663273, 24.997183, 0.0)
(39.748596, 25.025785, 0.0)
(39.745255, 25.058983, 0.0)
(39.723515, 25.096504, 0.0)
(39.736374, 25.159101, 0.0)
(39.751854, 25.192295, 0.0)
(39.759933, 25.192268, 0.0)
(39.738472, 25.243118, 0.0)
(39.735561, 25.206871, 0.0)
(39.647984, 25.911127, 0.0)
(39.516628, 27.829367, 0.0)
(39.513626, 28.496338, 0.0)
(39.448189, 28.469570, 0.0)
(39.441952, 28.417210, 0.0)
(39.466839, 28.412741, 0.0)
(39.414001, 28.419487, 0.0)
(39.417496, 28.381811, 0.0)
(39.431221, 28.362467, 0.0)
(39.457481, 28.334150, 0.0)
(39.494450, 28.341244, 0.0)
(39.552860, 28.391445, 0.0)
(39.514977, 28.368324, 0.0)
(39.527985, 28.404926, 0.0)
(39.535778, 28.372889, 0.0)
(39.544834, 28.424326, 0.0)
(39.499603, 28.491013, 0.0)
(39.208408, 29.925869, 0.0)
(39.319996, 30.748245, 0.0)
(39.326893, 30.265907, 0.0)
(39.339085, 29.933065, 0.0)
(39.281300, 29.707951, 0.0)
(39.258617, 29.539793, 0.0)
(39.225250, 29.460814, 0.0)
(39.185379, 29.402020, 0.0)
(39.170158, 29.347044, 0.0)
(39.151123, 29.266758, 0.0)
(39.098827, 29.284449, 0.0)
(39.071175, 29.254391, 0.0)
(39.017239, 29.232088, 0.0)
(39.010746, 29.160925, 0.0)
(39.036964, 29.110222, 0.0)
(39.057484, 29.023890, 0.0)
(39.077164, 28.946806, 0.0)
(39.104538, 28.812542, 0.0)
(39.096569, 28.700914, 0.0)
(39.127251, 28.595562, 0.0)
(39.116848, 28.463526, 0.0)
(39.116570, 28.383974, 0.0)
(38.732220, 27.978947, 0.0)
(38.695171, 27.479040, 0.0)
(38.790035, 27.253036, 0.0)
(38.825657, 27.158197, 0.0)
(38.792435, 27.064308, 0.0)
(38.756245, 26.965952, 0.0)
(38.712162, 26.874691, 0.0)
(38.665565, 26.815466, 0.0)
(38.769436, 26.280464, 0.0)
(38.894806, 24.948681, 0.0)
(38.907864, 24.741152, 0.0)
(38.878880, 24.672190, 0.0)
(38.850807, 24.601328, 0.0)
(38.826069, 24.539194, 0.0)
(38.835400, 24.474308, 0.0)
(38.798241, 24.456186, 0.0)
(38.754498, 24.401423, 0.0)
(38.706898, 24.351833, 0.0)
(38.720455, 24.285154, 0.0)
(38.740425, 24.225428, 0.0)
(38.795383, 24.179607, 0.0)
(38.860630, 23.196922, 0.0)
(38.842632, 22.917545, 0.0)
(38.735245, 22.969040, 0.0)
(38.643368, 23.018198, 0.0)
(38.552921, 23.017153, 0.0)
(38.527950, 22.918890, 0.0)
(38.407166, 22.456558, 0.0)
(38.359837, 22.047297, 0.0)
(38.464779, 22.013290, 0.0)
(38.492920, 22.039406, 0.0)
(38.499210, 22.048454, 0.0)
(38.485924, 22.059643, 0.0)
(38.460739, 22.071436, 0.0)
(38.422043, 22.084352, 0.0)
(38.398033, 22.088036, 0.0)
(38.418251, 22.057493, 0.0)
(38.470089, 21.489899, 0.0)
(38.463943, 21.461794, 0.0)
(38.417828, 21.537718, 0.0)
(38.274704, 21.567400, 0.0)
(38.163139, 21.615818, 0.0)
(38.065823, 21.637777, 0.0)
(37.974762, 21.701757, 0.0)
(37.927883, 21.774595, 0.0)
(37.908688, 21.846634, 0.0)
(37.862743, 23.190720, 0.0)
(37.816875, 23.576069, 0.0)
(37.777710, 23.654423, 0.0)
(37.782101, 23.761129, 0.0)
(37.778896, 23.881706, 0.0)
(37.783085, 24.000729, 0.0)
(37.784477, 24.136997, 0.0)
(37.785072, 24.183613, 0.0)
(37.798237, 24.254213, 0.0)
(37.819790, 24.254118, 0.0)
(37.835850, 24.249548, 0.0)
(38.030525, 24.749180, 0.0)
(38.077362, 24.866064, 0.0)
(38.103001, 24.936743, 0.0)
(38.093887, 25.002991, 0.0)
(38.119251, 25.045649, 0.0)
(38.130650, 25.080973, 0.0)
(37.899494, 26.401569, 0.0)
(37.798168, 27.322756, 0.0)
(37.786686, 27.334948, 0.0)
(37.782326, 27.306646, 0.0)
(37.798878, 27.349216, 0.0)
(38.027035, 27.086521, 0.0)
(38.068737, 27.049538, 0.0)
(38.061882, 27.081573, 0.0)
(38.042927, 27.108843, 0.0)
(38.046795, 27.128437, 0.0)
(38.048805, 27.154703, 0.0)
(37.796131, 28.040237, 0.0)
(37.599342, 28.682854, 0.0)
(37.550888, 28.757368, 0.0)
(37.543514, 28.738749, 0.0)
(37.526283, 28.751348, 0.0)
(37.514034, 28.793409, 0.0)
(37.542160, 28.840302, 0.0)
(37.556107, 28.883211, 0.0)
(37.555393, 28.860891, 0.0)
(37.538639, 28.885834, 0.0)
(37.540470, 28.989370, 0.0)
(37.559975, 29.367746, 0.0)
(37.515362, 29.413328, 0.0)
(37.435219, 29.394848, 0.0)
(37.438107, 29.386522, 0.0)
(37.443981, 29.379730, 0.0)
(37.423893, 29.370026, 0.0)
(37.361923, 29.423729, 0.0)
(37.269295, 29.462351, 0.0)
(37.246841, 29.405365, 0.0)
(37.131744, 29.411266, 0.0)
(37.033352, 29.420078, 0.0)
(37.014023, 29.359686, 0.0)
(36.978333, 29.311939, 0.0)
(36.968182, 29.250128, 0.0)
(36.944878, 29.130703, 0.0)
(36.968346, 28.983030, 0.0)
(36.949387, 28.865061, 0.0)
(36.971985, 28.698732, 0.0)
(36.931496, 28.525209, 0.0)
(36.966095, 28.247143, 0.0)
(36.968903, 28.002048, 0.0)
(37.130619, 27.521711, 0.0)
(37.180546, 27.221014, 0.0)
(37.212261, 27.049000, 0.0)
(37.211994, 26.918379, 0.0)
(37.219154, 26.832289, 0.0)
(37.190365, 26.729393, 0.0)
(37.199970, 26.611359, 0.0)
(37.165386, 26.501646, 0.0)
(37.164928, 26.322847, 0.0)
(37.056412, 26.001940, 0.0)
(37.049355, 25.150253, 0.0)
(37.108177, 24.997545, 0.0)
(37.084534, 24.910706, 0.0)
(37.036339, 24.827124, 0.0)
(36.999786, 24.757824, 0.0)
(36.999863, 24.695957, 0.0)
(37.058487, 23.869017, 0.0)
(37.103634, 23.365623, 0.0)
(37.121513, 23.266384, 0.0)
(37.108810, 23.200500, 0.0)
(37.062176, 23.092638, 0.0)
(37.008423, 23.041849, 0.0)
(36.989948, 22.992430, 0.0)
(36.940311, 22.934006, 0.0)
(36.904179, 22.909956, 0.0)
(36.824928, 22.830650, 0.0)
(36.752022, 22.802887, 0.0)
(36.705982, 22.755388, 0.0)
(36.674259, 21.931784, 0.0)
(36.663174, 21.694580, 0.0)
(36.658024, 21.772961, 0.0)
(36.687355, 21.760794, 0.0)
(36.643291, 21.764486, 0.0)
(36.622101, 21.768688, 0.0)
(36.588406, 21.758736, 0.0)
(36.566120, 21.741262, 0.0)
(36.640888, 21.393875, 0.0)
(36.651016, 21.294641, 0.0)
(36.635674, 21.229895, 0.0)
(36.612961, 21.237576, 0.0)
(36.551899, 21.238514, 0.0)
(36.477219, 21.274012, 0.0)
(36.340214, 21.308338, 0.0)
(36.309212, 21.379126, 0.0)
(36.255817, 21.459782, 0.0)
(35.925381, 22.059464, 0.0)
(35.876457, 22.149714, 0.0)
(35.850201, 22.259861, 0.0)
(35.833675, 22.354563, 0.0)
(35.784328, 22.470842, 0.0)
(35.783924, 22.645712, 0.0)
(36.040192, 23.596903, 0.0)
(36.020897, 23.748743, 0.0)
(36.006496, 23.785219, 0.0)
(36.024265, 23.861107, 0.0)
(36.056236, 23.963474, 0.0)
(36.100487, 24.017191, 0.0)
(36.100388, 24.015432, 0.0)
(36.095951, 24.061350, 0.0)
(36.043636, 23.996216, 0.0)
(36.062260, 24.101261, 0.0)
(35.904747, 25.063337, 0.0)
(35.832096, 25.396015, 0.0)
(35.852203, 25.441565, 0.0)
(35.835567, 25.489643, 0.0)
(35.851013, 25.600000, 0.0)
(35.836296, 25.693287, 0.0)
(35.855644, 25.809925, 0.0)
(35.835369, 25.970913, 0.0)
(35.861401, 26.050148, 0.0)
(35.880199, 26.396339, 0.0)
(36.030434, 28.346939, 0.0)
(36.009899, 28.535080, 0.0)
(36.014194, 28.439299, 0.0)
(36.028698, 28.407267, 0.0)
(36.056911, 28.398235, 0.0)
(36.070530, 28.425499, 0.0)
(36.083237, 28.424923, 0.0)
(36.084568, 28.424484, 0.0)
(36.067768, 28.441076, 0.0)
(36.066589, 28.489231, 0.0)
(36.100193, 28.537006, 0.0)
(35.784138, 29.150150, 0.0)
(35.767239, 29.158962, 0.0)
(35.760433, 29.128492, 0.0)
(35.753712, 29.092985, 0.0)
(35.765099, 29.120659, 0.0)
(35.742668, 29.171225, 0.0)
(35.721031, 29.234507, 0.0)
(35.691978, 29.281239, 0.0)
(35.590733, 29.259449, 0.0)
(35.541065, 29.266335, 0.0)
(35.520828, 29.235525, 0.0)
(35.487530, 29.190033, 0.0)
(35.373478, 29.155102, 0.0)
(35.334545, 29.146667, 0.0)
(35.315182, 29.126644, 0.0)
(35.239113, 29.094553, 0.0)
(35.230064, 29.041763, 0.0)
(35.147610, 28.940027, 0.0)
(35.128208, 28.751406, 0.0)
(35.111130, 28.517347, 0.0)
(35.045055, 28.312542, 0.0)
(35.058582, 28.037880, 0.0)
(34.963043, 27.821218, 0.0)
(34.959976, 27.618988, 0.0)
(34.973297, 27.436708, 0.0)
(34.916069, 27.278788, 0.0)
(34.859497, 27.111958, 0.0)
(34.856670, 26.953691, 0.0)
(34.840004, 26.806877, 0.0)
(34.803761, 26.685003, 0.0)
(34.744999, 26.610954, 0.0)
(34.790367, 26.436148, 0.0)
(34.820004, 26.351677, 0.0)
(34.669731, 25.570488, 0.0)
(34.671776, 25.026087, 0.0)
(34.702164, 24.944611, 0.0)
(34.675865, 24.853264, 0.0)
(34.678383, 24.730373, 0.0)
(34.692028, 24.625402, 0.0)
(34.721836, 24.445950, 0.0)
(34.770149, 24.097727, 0.0)
(34.896706, 22.639511, 0.0)
(34.869053, 22.459389, 0.0)
(34.796890, 22.484457, 0.0)
(34.810387, 22.521776, 0.0)
(34.793896, 22.522856, 0.0)
(34.795231, 22.489716, 0.0)
(34.795040, 22.433252, 0.0)
(34.795120, 22.433376, 0.0)
(34.789089, 22.362732, 0.0)
(34.782654, 22.328869, 0.0)
(34.764015, 22.293770, 0.0)
(34.768150, 22.262457, 0.0)
(34.749809, 22.236681, 0.0)
(34.611481, 22.037346, 0.0)
(34.535130, 21.708134, 0.0)
(34.527225, 21.688099, 0.0)
(34.501751, 21.689575, 0.0)
(34.474850, 21.686106, 0.0)
(34.436855, 21.664951, 0.0)
(34.379177, 21.654968, 0.0)
(34.367321, 21.670330, 0.0)
(34.304726, 21.725414, 0.0)
(34.238503, 21.715891, 0.0)
(34.178284, 21.704947, 0.0)
(33.877594, 21.840797, 0.0)
(33.600471, 21.994263, 0.0)
(33.595375, 22.033333, 0.0)
(33.608032, 22.092562, 0.0)
(33.626846, 22.158340, 0.0)
(33.636940, 22.196762, 0.0)
(33.648720, 22.273046, 0.0)
(33.657597, 22.327293, 0.0)
(33.667175, 22.405552, 0.0)
(34.075527, 23.288275, 0.0)
(34.142044, 23.941904, 0.0)
(34.137772, 24.033211, 0.0)
(34.130291, 24.101456, 0.0)
(34.115471, 24.166662, 0.0)
(34.142075, 24.230364, 0.0)
(34.110794, 24.223972, 0.0)
(34.108212, 24.203344, 0.0)
(34.121342, 24.338982, 0.0)
(33.960361, 24.984062, 0.0)
(33.933193, 25.074654, 0.0)
(33.940025, 25.086397, 0.0)
(33.903942, 25.205225, 0.0)
(33.936207, 25.255384, 0.0)
(33.952503, 25.358601, 0.0)
(33.966549, 25.508602, 0.0)
(33.978119, 25.549343, 0.0)
(33.933067, 25.665501, 0.0)
(33.981716, 25.771019, 0.0)
(34.373108, 27.389772, 0.0)
(34.280880, 28.082422, 0.0)
(34.231678, 28.146994, 0.0)
(34.222290, 28.171097, 0.0)
(34.199974, 28.192122, 0.0)
(33.921543, 29.425541, 0.0)
(34.008678, 30.528954, 0.0)
(34.001629, 30.266260, 0.0)
(33.962608, 29.878656, 0.0)
(33.971851, 29.738844, 0.0)
(33.920513, 29.689352, 0.0)
(33.877853, 29.704607, 0.0)
(33.888298, 29.697815, 0.0)
(33.872467, 29.651445, 0.0)
(33.863350, 29.616480, 0.0)
(33.826942, 29.584068, 0.0)
(33.810951, 29.573362, 0.0)
(33.732338, 29.582516, 0.0)
(33.723343, 29.566793, 0.0)
(33.711269, 29.575369, 0.0)
(33.705589, 29.556175, 0.0)
(33.669708, 29.554691, 0.0)
(32.747768, 29.527369, 0.0)
(32.567520, 29.488743, 0.0)
(32.543282, 29.370953, 0.0)
(32.507008, 29.293833, 0.0)
(32.559242, 29.076468, 0.0)
(32.570576, 28.933960, 0.0)
(32.864120, 28.380865, 0.0)
(32.971691, 27.855362, 0.0)
(32.977974, 27.687574, 0.0)
(32.958618, 27.595930, 0.0)
(32.957714, 27.465912, 0.0)
(32.947792, 27.363344, 0.0)
(32.929424, 27.212324, 0.0)
(32.919704, 27.073006, 0.0)
(32.933701, 26.951721, 0.0)
(32.993572, 26.820608, 0.0)
(33.033501, 26.682878, 0.0)
(33.054016, 26.579357, 0.0)
(33.032089, 26.412640, 0.0)
(33.088150, 26.171795, 0.0)
(33.075768, 26.101572, 0.0)
(32.882248, 25.424891, 0.0)
(32.854137, 25.014925, 0.0)
(32.778400, 24.931675, 0.0)
(32.665630, 24.819340, 0.0)
(32.553551, 24.756769, 0.0)
(32.495800, 24.688402, 0.0)
(32.773026, 23.948545, 0.0)
(33.021088, 22.966114, 0.0)
(33.077606, 22.858164, 0.0)
(33.104141, 22.783968, 0.0)
(33.119949, 22.722898, 0.0)
(33.087765, 22.648165, 0.0)
(33.090107, 22.632410, 0.0)
(33.079155, 22.548113, 0.0)
(33.105453, 22.518087, 0.0)
(33.115742, 22.438953, 0.0)
(33.086033, 22.392401, 0.0)
(32.813805, 21.995382, 0.0)
(32.742603, 21.775566, 0.0)
(32.731632, 21.777294, 0.0)
(32.698151, 21.811678, 0.0)
(32.656845, 21.815207, 0.0)
(32.603573, 21.839607, 0.0)
(32.555267, 21.837902, 0.0)
(32.504597, 21.854704, 0.0)
(32.481880, 21.873505, 0.0)
(32.430862, 21.840382, 0.0)
(32.424736, 21.879799, 0.0)
(32.345909, 21.878618, 0.0)
(32.299816, 21.926737, 0.0)
(32.243793, 21.931742, 0.0)
(32.193089, 21.941984, 0.0)
(32.181793, 21.977686, 0.0)
(32.156353, 22.008940, 0.0)
(31.766300, 22.659388, 0.0)
(31.690416, 23.128529, 0.0)
(31.659073, 23.232798, 0.0)
(31.629101, 23.211035, 0.0)
(31.639212, 23.252718, 0.0)
(31.658491, 23.362993, 0.0)
(32.060143, 23.771214, 0.0)
(32.131874, 23.919933, 0.0)
(32.125771, 23.972670, 0.0)
(32.135571, 24.033234, 0.0)
(32.263180, 25.053711, 0.0)
(32.005112, 26.407112, 0.0)
(32.129059, 27.091805, 0.0)
(32.219753, 27.100592, 0.0)
(32.294746, 26.754770, 0.0)
(32.294582, 26.492687, 0.0)
(32.290131, 26.349943, 0.0)
(32.262260, 26.215733, 0.0)
(32.254368, 26.215212, 0.0)
(32.197372, 26.347744, 0.0)
(31.848618, 27.669643, 0.0)
(31.839279, 27.758118, 0.0)
(31.841318, 27.710745, 0.0)
(31.848034, 27.708582, 0.0)
(31.845184, 27.713322, 0.0)
(31.836290, 27.724216, 0.0)
(31.831196, 27.764130, 0.0)
(31.855270, 27.785633, 0.0)
(31.821440, 27.808748, 0.0)
(31.924589, 27.786667, 0.0)
(32.039837, 27.659447, 0.0)
(32.054581, 27.638762, 0.0)
(32.075325, 27.631153, 0.0)
(32.099243, 27.635265, 0.0)
(32.105896, 27.653973, 0.0)
(32.160522, 28.896374, 0.0)
(32.185692, 29.283985, 0.0)
(32.180370, 29.262022, 0.0)
(32.168289, 29.185480, 0.0)
(32.120537, 29.232317, 0.0)
(32.156025, 29.259987, 0.0)
(32.153366, 29.256445, 0.0)
(32.137142, 29.263405, 0.0)
(32.107101, 29.273674, 0.0)
(32.095657, 29.304972, 0.0)
(31.936651, 29.339287, 0.0)
(31.872053, 29.389557, 0.0)
(31.856159, 29.392605, 0.0)
(31.820227, 29.381275, 0.0)
(31.811529, 29.303171, 0.0)
(31.768148, 29.251539, 0.0)
(31.252514, 28.724283, 0.0)
(31.034040, 27.993162, 0.0)
(31.045837, 27.833286, 0.0)
(31.052967, 27.732496, 0.0)
(31.064648, 27.690601, 0.0)
(31.135155, 27.655041, 0.0)
(31.139790, 27.577707, 0.0)
(31.109619, 27.459442, 0.0)
(31.095383, 27.339361, 0.0)
(31.051119, 27.252924, 0.0)
(30.998426, 27.222862, 0.0)
(30.888050, 27.148195, 0.0)
(30.793283, 27.031887, 0.0)
(30.731089, 26.998631, 0.0)
(30.580006, 27.045292, 0.0)
(30.254070, 27.057507, 0.0)
(29.990108, 27.095322, 0.0)
(29.921566, 26.990559, 0.0)
(30.002073, 26.935902, 0.0)
(30.113247, 26.813164, 0.0)
(30.229177, 26.729374, 0.0)
(30.224180, 26.593349, 0.0)
(30.278559, 26.476629, 0.0)
(30.333981, 26.433451, 0.0)
(30.403664, 25.960026, 0.0)
(30.468060, 25.255314, 0.0)
(30.607710, 25.089108, 0.0)
(30.733620, 24.973585, 0.0)
(30.827633, 24.828741, 0.0)
(30.933220, 24.693848, 0.0)
(31.009569, 24.606693, 0.0)
(31.019964, 24.556776, 0.0)
(31.072283, 24.444359, 0.0)
(31.169586, 24.404991, 0.0)
(31.380808, 23.835054, 0.0)
(31.455984, 23.142551, 0.0)
(31.487963, 23.002035, 0.0)
(31.495459, 22.972895, 0.0)
(31.581949, 22.907393, 0.0)
(31.644560, 22.797997, 0.0)
(31.650055, 22.790298, 0.0)
(31.639444, 22.781723, 0.0)
(31.616024, 22.788467, 0.0)
(31.576132, 22.804926, 0.0)
(31.550785, 22.811502, 0.0)
(31.527889, 22.813494, 0.0)
(31.542290, 22.824207, 0.0)
(31.553391, 22.840345, 0.0)
(31.546188, 22.864023, 0.0)
(31.527905, 22.866194, 0.0)
(31.509462, 22.909752, 0.0)
(31.470600, 22.946323, 0.0)
(31.402691, 22.980799, 0.0)
(31.363550, 23.039539, 0.0)
(31.326775, 23.055513, 0.0)
(31.326031, 23.070450, 0.0)
(31.178461, 23.510649, 0.0)
(30.924274, 25.242115, 0.0)
(30.890945, 25.430641, 0.0)
(30.848389, 25.390802, 0.0)
(30.838320, 25.394701, 0.0)
(30.914886, 25.407757, 0.0)
(30.986746, 25.417084, 0.0)
(31.054277, 25.377502, 0.0)
(31.022547, 25.408100, 0.0)
(31.039688, 25.397072, 0.0)
(31.092073, 25.427725, 0.0)
(31.138954, 25.416624, 0.0)
(31.159155, 25.409246, 0.0)
(31.175880, 25.409567, 0.0)
(31.253237, 25.389479, 0.0)
(31.336496, 25.345078, 0.0)
(31.375784, 25.394764, 0.0)
(31.371855, 25.384655, 0.0)
(31.293369, 25.441122, 0.0)
(31.560606, 26.031000, 0.0)
(31.610395, 26.416355, 0.0)
(31.582676, 26.522774, 0.0)
(31.580793, 26.643801, 0.0)
(31.587496, 26.737391, 0.0)
(31.563423, 26.832298, 0.0)
(31.540272, 26.884373, 0.0)
(31.519800, 27.027512, 0.0)
(30.963705, 28.046951, 0.0)
(30.799200, 28.847372, 0.0)
(30.804220, 28.932076, 0.0)
(30.734852, 28.940832, 0.0)
(30.736687, 28.959276, 0.0)
(30.771614, 28.977381, 0.0)
(30.801191, 28.989277, 0.0)
(30.825794, 28.997419, 0.0)
(31.280207, 28.781254, 0.0)
(31.756506, 28.557287, 0.0)
(31.787590, 28.542830, 0.0)
(31.804674, 28.546957, 0.0)
(31.791346, 28.561726, 0.0)
(31.781744, 28.569666, 0.0)
(31.777843, 28.570976, 0.0)
(31.775110, 28.555698, 0.0)
(31.735888, 28.606350, 0.0)
(31.739687, 28.602890, 0.0)
(31.723127, 28.620584, 0.0)
(31.699682, 28.610674, 0.0)
(30.994204, 28.259172, 0.0)
(30.913265, 28.040413, 0.0)
(30.894934, 28.051718, 0.0)
(30.865622, 28.030453, 0.0)
(30.842861, 28.023254, 0.0)
(30.828913, 27.991753, 0.0)
(30.839857, 27.958549, 0.0)
(30.832054, 27.956915, 0.0)
(30.847414, 27.893705, 0.0)
(30.822578, 27.836168, 0.0)
(30.890892, 27.751379, 0.0)
(30.965843, 27.544935, 0.0)
(31.281065, 26.515236, 0.0)
(31.303347, 26.270872, 0.0)
(31.341692, 26.150375, 0.0)
(31.305826, 25.984833, 0.0)
(31.296219, 25.854265, 0.0)
(31.323898, 25.767246, 0.0)
(31.320015, 25.657074, 0.0)
(31.253458, 25.569309, 0.0)
(31.210371, 25.487206, 0.0)
(31.265350, 25.470619, 0.0)
(31.290739, 25.363705, 0.0)
(31.290451, 25.291487, 0.0)
(31.290861, 25.252390, 0.0)
(31.353609, 25.152296, 0.0)
(31.387529, 25.061865, 0.0)
(31.389841, 24.853004, 0.0)
(31.320181, 24.105350, 0.0)
(31.384537, 23.933361, 0.0)
(31.383932, 23.853146, 0.0)
(31.323881, 23.824055, 0.0)
(31.325203, 23.736900, 0.0)
(31.319784, 23.678066, 0.0)
(31.344521, 23.590483, 0.0)
(31.336432, 23.527832, 0.0)
(31.389961, 23.476053, 0.0)
(31.357851, 23.046736, 0.0)
(31.415363, 22.413067, 0.0)
(31.423405, 22.387888, 0.0)
(31.436985, 22.344660, 0.0)
(31.464973, 22.330032, 0.0)
(31.436096, 22.314806, 0.0)
(31.426643, 22.306519, 0.0)
(31.410505, 22.275496, 0.0)
(31.394690, 22.292692, 0.0)
(31.380333, 22.290922, 0.0)
(31.346289, 22.302853, 0.0)
(31.264467, 22.292128, 0.0)
(31.195837, 22.351635, 0.0)
(31.162016, 22.364429, 0.0)
(31.128481, 22.379021, 0.0)
(31.023300, 22.792807, 0.0)
(30.943281, 23.167421, 0.0)
(30.879139, 23.230419, 0.0)
(30.840883, 23.252390, 0.0)
(30.804075, 23.442755, 0.0)
(30.887039, 24.035114, 0.0)
(30.985214, 24.215214, 0.0)
(31.050919, 24.156322, 0.0)
(31.038248, 24.080805, 0.0)
(31.013733, 24.134148, 0.0)
(30.993111, 24.447409, 0.0)
(31.107931, 28.029432, 0.0)
(30.678167, 28.121183, 0.0)
(30.553373, 27.205662, 0.0)
(30.917692, 26.551702, 0.0)
(30.946375, 26.093952, 0.0)
(30.920425, 25.876060, 0.0)
(30.545242, 26.107304, 0.0)
(30.473021, 26.092651, 0.0)
(30.429338, 26.006887, 0.0)
(30.390898, 25.967607, 0.0)
(30.378309, 25.916979, 0.0)
(30.393064, 25.884924, 0.0)
(30.426386, 25.825340, 0.0)
(30.515425, 25.794973, 0.0)
(30.551245, 25.787785, 0.0)
(30.585516, 25.865953, 0.0)
(30.614592, 25.937105, 0.0)
(30.962276, 27.066715, 0.0)
(30.931328, 27.274628, 0.0)
(30.923620, 27.239134, 0.0)
(30.928757, 27.290459, 0.0)
(30.931652, 27.281008, 0.0)
(30.798944, 27.494381, 0.0)
(30.663206, 28.095743, 0.0)
(30.662731, 28.183844, 0.0)
(30.711191, 28.144611, 0.0)
(30.722876, 28.169722, 0.0)
(30.999271, 28.208290, 0.0)
(31.081844, 28.281580, 0.0)
(31.038530, 28.282064, 0.0)
(30.988085, 28.260597, 0.0)
(31.000500, 28.264896, 0.0)
(31.035814, 28.268042, 0.0)
(31.039011, 28.318520, 0.0)
(31.052534, 28.341942, 0.0)
(30.786037, 28.482025, 0.0)
(30.725161, 28.577490, 0.0)
(30.728935, 28.596825, 0.0)
(30.712494, 28.609804, 0.0)
(30.705446, 28.608007, 0.0)
(30.712494, 28.609804, 0.0)
(30.705683, 28.632488, 0.0)
(30.667253, 28.625628, 0.0)
(30.632843, 28.600718, 0.0)
(30.564955, 28.605600, 0.0)
(30.549284, 28.615063, 0.0)
(30.530399, 28.633104, 0.0)
(30.531271, 28.581923, 0.0)
(30.547590, 28.553524, 0.0)
(30.257505, 26.915285, 0.0)
(30.287863, 25.723238, 0.0)
(30.325525, 25.582621, 0.0)
(30.250963, 25.564102, 0.0)
(30.217245, 25.554808, 0.0)
(30.213408, 25.460869, 0.0)
(30.243744, 25.421829, 0.0)
(30.251686, 25.428205, 0.0)
(30.256468, 25.367592, 0.0)
(30.303009, 25.829113, 0.0)
(30.282799, 25.994305, 0.0)
(30.262001, 25.956276, 0.0)
(30.275892, 25.930056, 0.0)
(30.289736, 25.895895, 0.0)
(30.318792, 25.843931, 0.0)
(30.305473, 25.813227, 0.0)
(30.293318, 25.691563, 0.0)
(30.180538, 25.669821, 0.0)
(30.131716, 25.997982, 0.0)
(30.011055, 25.782057, 0.0)
(30.109333, 25.265839, 0.0)
(30.101534, 24.688915, 0.0)
(30.105885, 24.375755, 0.0)
(30.064636, 25.092613, 0.0)
(30.076406, 26.859062, 0.0)
(30.217024, 25.409834, 0.0)
(30.280661, 24.399258, 0.0)
(30.293844, 24.109552, 0.0)
(30.302959, 24.060951, 0.0)
(30.359442, 24.101851, 0.0)
(30.375080, 24.118290, 0.0)
(30.382017, 24.101196, 0.0)
(30.186090, 23.273794, 0.0)
(30.138186, 23.135311, 0.0)
(30.137304, 23.181133, 0.0)
(30.098953, 23.184006, 0.0)
(30.092537, 23.173626, 0.0)
(30.092211, 23.145422, 0.0)
(30.170778, 22.589350, 0.0)
(30.208685, 22.300850, 0.0)
(30.182383, 22.310312, 0.0)
(30.132799, 22.358974, 0.0)
(30.081301, 22.402807, 0.0)
(30.067610, 22.418472, 0.0)
(30.069668, 22.396761, 0.0)
(30.020102, 22.420479, 0.0)
(29.960600, 22.451073, 0.0)
(29.951185, 22.467285, 0.0)
(29.928068, 22.484735, 0.0)
(29.857954, 22.795153, 0.0)
(29.718689, 25.064732, 0.0)
(30.064512, 26.118919, 0.0)
(30.077414, 26.385717, 0.0)
(29.993534, 26.383659, 0.0)
(29.913893, 26.382107, 0.0)
(29.888611, 26.423471, 0.0)
(29.853123, 26.437326, 0.0)
(29.833838, 26.477839, 0.0)
(29.818283, 26.487276, 0.0)
(29.828568, 26.505306, 0.0)
(29.876938, 26.475677, 0.0)
(29.878384, 26.533058, 0.0)
(29.895271, 26.537533, 0.0)
(30.010599, 26.916939, 0.0)
(30.124632, 27.367466, 0.0)
(30.091434, 27.428438, 0.0)
(30.020054, 27.451178, 0.0)
(29.937130, 27.439024, 0.0)
(29.904354, 27.484106, 0.0)
(29.908119, 27.499559, 0.0)
(29.933010, 27.555304, 0.0)
(29.936255, 27.560236, 0.0)
(29.930593, 27.610308, 0.0)
(29.922285, 27.604910, 0.0)
(29.900623, 27.601774, 0.0)
(29.879728, 27.639727, 0.0)
(29.889050, 27.642727, 0.0)
(29.916862, 27.649025, 0.0)
(29.881741, 27.691284, 0.0)
(29.817387, 27.876005, 0.0)
(29.947475, 29.132404, 0.0)
(30.388439, 31.214615, 0.0)
(30.344593, 30.988285, 0.0)
(30.337730, 30.664474, 0.0)
(30.384281, 30.492634, 0.0)
(30.351206, 30.418674, 0.0)
(30.291233, 30.277317, 0.0)
(30.309748, 30.266891, 0.0)
(30.321655, 30.261515, 0.0)
(30.310371, 30.215572, 0.0)
(30.295643, 30.184105, 0.0)
(30.281866, 30.155115, 0.0)
(30.291800, 30.094954, 0.0)
(30.298372, 30.071030, 0.0)
(30.309954, 30.058197, 0.0)
(30.307257, 30.014700, 0.0)
(30.301468, 29.983433, 0.0)
(30.284304, 29.982285, 0.0)
(30.220537, 30.012947, 0.0)
(30.011183, 30.141438, 0.0)
(29.940409, 30.091160, 0.0)
(29.963131, 30.017183, 0.0)
(29.986166, 30.004637, 0.0)
(29.958685, 29.986965, 0.0)
(29.954741, 29.988216, 0.0)
(29.967520, 29.997559, 0.0)
(29.964592, 29.944214, 0.0)
(29.978752, 29.922539, 0.0)
(29.979362, 29.925274, 0.0)
(29.975117, 29.930273, 0.0)
(29.963398, 29.932755, 0.0)
(29.973185, 29.930531, 0.0)
(29.965319, 29.907223, 0.0)
(29.968925, 29.914574, 0.0)
(29.977304, 29.877197, 0.0)
(29.975491, 29.831078, 0.0)
(29.980484, 29.815805, 0.0)
(29.976822, 29.816151, 0.0)
(29.976591, 29.806965, 0.0)
(30.002634, 29.800556, 0.0)
(30.030561, 29.771235, 0.0)
(30.039972, 29.782400, 0.0)
(30.038502, 29.773584, 0.0)
(30.011911, 29.782124, 0.0)
(30.024290, 29.774845, 0.0)
(30.026583, 29.767996, 0.0)
(30.075499, 29.776138, 0.0)
(30.489019, 29.496622, 0.0)
(31.731804, 28.416204, 0.0)
(32.020344, 28.053669, 0.0)
(32.071362, 28.078054, 0.0)
(32.092724, 28.113878, 0.0)
(32.133190, 28.109295, 0.0)
(32.187580, 28.083313, 0.0)
(32.222897, 28.072685, 0.0)
(31.424660, 28.720869, 0.0)
(30.950989, 29.193052, 0.0)
(30.926702, 29.191988, 0.0)
(30.954821, 29.196173, 0.0)
(30.963793, 29.222197, 0.0)
(30.954592, 29.235973, 0.0)
