(33.303562, 25.848991, 0.0)
(33.380375, 25.910030, 0.0)
(34.307106, 25.774731, 0.0)
(34.626888, 25.788528, 0.0)
(34.636868, 25.732649, 0.0)
(34.683731, 25.723810, 0.0)
(34.731369, 25.713045, 0.0)
(34.771431, 25.641722, 0.0)
(34.776508, 25.661108, 0.0)
(34.786831, 25.633085, 0.0)
(34.805283, 25.611809, 0.0)
(34.808292, 25.608791, 0.0)
(34.823486, 25.621859, 0.0)
(34.850819, 25.641754, 0.0)
(34.359848, 25.620512, 0.0)
(34.328415, 25.666462, 0.0)
(34.371407, 25.673344, 0.0)
(34.376080, 25.687117, 0.0)
(34.376080, 25.687117, 0.0)
(34.773415, 25.573900, 0.0)
(34.822922, 25.571402, 0.0)
(34.803261, 25.575230, 0.0)
(34.780746, 25.567625, 0.0)
(34.775326, 25.537325, 0.0)
(34.762718, 25.545582, 0.0)
(34.790699, 25.566048, 0.0)
(34.758385, 25.580915, 0.0)
(34.742477, 25.561613, 0.0)
(34.751846, 25.556534, 0.0)
(34.757687, 25.524189, 0.0)
(34.746944, 25.528341, 0.0)
(34.737026, 25.489639, 0.0)
(34.743965, 25.510406, 0.0)
(34.759552, 25.523247, 0.0)
(34.745094, 25.515244, 0.0)
(34.737434, 25.522936, 0.0)
(34.748970, 25.528698, 0.0)
(34.743965, 25.510406, 0.0)
(34.739300, 25.494177, 0.0)
(34.744438, 25.523077, 0.0)
(34.574299, 25.601851, 0.0)
(34.518208, 25.636971, 0.0)
(34.509205, 25.634556, 0.0)
(34.521259, 25.642851, 0.0)
(34.522919, 25.648659, 0.0)
(34.549465, 25.669914, 0.0)
(34.542065, 25.685320, 0.0)
(34.515163, 25.642170, 0.0)
(34.442303, 25.857550, 0.0)
(34.416454, 25.530195, 0.0)
(34.526752, 25.483234, 0.0)
(34.526306, 25.587502, 0.0)
(34.529694, 25.626932, 0.0)
(34.567383, 25.654284, 0.0)
(34.592716, 25.697630, 0.0)
(34.570942, 25.702393, 0.0)
(34.572327, 25.704182, 0.0)
(34.598995, 25.725079, 0.0)
(34.606110, 25.696215, 0.0)
(34.621025, 25.571154, 0.0)
(34.624611, 25.593410, 0.0)
(34.629333, 25.599064, 0.0)
(34.602043, 25.550308, 0.0)
(34.631092, 25.534952, 0.0)
(34.642544, 25.492895, 0.0)
(34.639519, 25.488634, 0.0)
(34.638870, 25.510445, 0.0)
(34.650883, 25.511522, 0.0)
(34.658115, 25.517782, 0.0)
(34.663586, 25.504076, 0.0)
(34.636513, 25.467968, 0.0)
(34.644619, 25.432781, 0.0)
(34.648254, 25.437111, 0.0)
(34.648254, 25.429306, 0.0)
(34.635643, 25.421408, 0.0)
(34.633003, 25.424101, 0.0)
(34.645672, 25.426914, 0.0)
(34.633003, 25.424101, 0.0)
(34.772633, 25.453749, 0.0)
(34.793102, 25.460222, 0.0)
(34.808266, 25.475649, 0.0)
(34.792343, 25.449490, 0.0)
(34.795792, 25.454224, 0.0)
(34.804958, 25.471680, 0.0)
(34.664833, 25.577045, 0.0)
(34.645702, 25.601927, 0.0)
(34.658195, 25.609560, 0.0)
(34.657574, 25.609522, 0.0)
(34.647934, 25.609467, 0.0)
(34.656567, 25.614147, 0.0)
(34.666111, 25.640636, 0.0)
(34.656544, 25.664753, 0.0)
(34.653084, 25.673527, 0.0)
(34.661873, 25.667465, 0.0)
(34.763172, 25.701227, 0.0)
(34.780556, 25.690758, 0.0)
(34.766308, 25.694944, 0.0)
(34.766308, 25.694944, 0.0)
(34.774239, 25.746552, 0.0)
(34.778225, 25.741671, 0.0)
(34.768177, 25.730686, 0.0)
(34.753082, 25.718832, 0.0)
(34.777966, 25.729864, 0.0)
(34.760284, 25.672398, 0.0)
(34.775246, 25.658823, 0.0)
(34.779675, 25.660746, 0.0)
(34.775246, 25.658823, 0.0)
(34.769779, 25.673710, 0.0)
(34.773537, 25.681290, 0.0)
(34.757656, 25.694145, 0.0)
(34.747700, 25.692135, 0.0)
(34.743279, 25.693336, 0.0)
(34.726196, 25.697010, 0.0)
(34.741608, 25.735161, 0.0)
(34.750237, 25.721081, 0.0)
(34.738304, 25.740343, 0.0)
(34.688698, 25.750357, 0.0)
(34.704041, 25.757420, 0.0)
(34.699139, 25.759104, 0.0)
(34.696846, 25.753899, 0.0)
(34.683773, 25.760963, 0.0)
(34.673592, 25.803379, 0.0)
(34.683578, 25.833807, 0.0)
(34.416443, 25.770264, 0.0)
(34.405800, 25.750427, 0.0)
(34.409576, 25.762810, 0.0)
(34.390751, 25.783077, 0.0)
(34.367287, 25.783852, 0.0)
(34.334160, 25.750868, 0.0)
(34.330750, 25.750469, 0.0)
(34.466000, 25.742844, 0.0)
(34.586826, 25.733763, 0.0)
(34.596424, 25.707260, 0.0)
(34.590683, 25.700848, 0.0)
(34.603077, 25.703342, 0.0)
(34.593842, 25.704889, 0.0)
(34.599842, 25.782167, 0.0)
(34.592190, 25.776072, 0.0)
(34.604668, 25.772375, 0.0)
(34.489140, 25.784868, 0.0)
(34.404873, 25.884075, 0.0)
(34.356850, 25.841263, 0.0)
(34.367580, 25.837339, 0.0)
(34.375137, 25.865288, 0.0)
(34.375137, 25.865288, 0.0)
(34.373470, 25.869474, 0.0)
(34.409336, 25.880470, 0.0)
(34.644913, 25.870470, 0.0)
(34.653099, 25.849508, 0.0)
(34.654057, 25.804451, 0.0)
(34.662457, 25.819525, 0.0)
(34.679096, 25.840284, 0.0)
(34.435158, 25.847170, 0.0)
(34.449139, 25.858070, 0.0)
(34.469208, 25.845810, 0.0)
(34.474052, 25.842016, 0.0)
(34.477936, 25.826365, 0.0)
(34.487652, 25.816784, 0.0)
(34.497902, 25.786373, 0.0)
(34.484013, 25.750017, 0.0)
(34.504284, 25.731565, 0.0)
(34.517273, 25.796423, 0.0)
(34.519592, 25.801008, 0.0)
(34.513653, 25.788404, 0.0)
(34.729153, 25.776876, 0.0)
(34.745918, 25.787668, 0.0)
(34.739849, 25.754494, 0.0)
(34.737461, 25.727566, 0.0)
(34.725979, 25.724400, 0.0)
(34.749657, 25.728792, 0.0)
(34.738544, 25.734301, 0.0)
(34.735138, 25.754328, 0.0)
(34.719017, 25.756748, 0.0)
(34.697422, 25.791199, 0.0)
(34.700180, 25.819225, 0.0)
(34.708179, 25.788769, 0.0)
(34.691513, 25.821800, 0.0)
(34.700916, 25.821089, 0.0)
(34.689823, 25.834164, 0.0)
(34.693012, 25.816690, 0.0)
(34.695496, 25.802185, 0.0)
(34.692703, 25.811096, 0.0)
(34.688267, 25.779543, 0.0)
(36.885155, 27.129948, 0.0)
(39.944614, 29.267164, 0.0)
(41.379421, 30.304823, 0.0)
(41.443913, 30.398663, 0.0)
(41.414928, 30.367374, 0.0)
(41.401920, 30.309242, 0.0)
(42.275108, 31.271441, 0.0)
(42.701744, 31.572622, 0.0)
(42.736851, 31.582180, 0.0)
(42.724918, 31.612900, 0.0)
(42.700710, 31.594778, 0.0)
(42.667171, 31.544365, 0.0)
(42.690727, 31.604252, 0.0)
(42.757389, 31.622732, 0.0)
(42.732483, 31.613907, 0.0)
(42.696011, 31.552671, 0.0)
(42.679802, 31.525171, 0.0)
(42.677513, 31.518881, 0.0)
(42.657860, 31.506716, 0.0)
(42.650108, 31.512133, 0.0)
(42.649685, 31.459543, 0.0)
(42.633774, 31.472242, 0.0)
(42.623322, 31.448517, 0.0)
(42.621769, 31.470245, 0.0)
(42.626793, 31.437433, 0.0)
(42.621410, 31.456491, 0.0)
(42.611015, 31.501820, 0.0)
(42.603294, 31.478331, 0.0)
(42.589958, 31.464083, 0.0)
(42.584854, 31.429609, 0.0)
(42.582783, 31.435659, 0.0)
(42.569164, 31.424210, 0.0)
(42.556133, 31.416035, 0.0)
(42.551105, 31.411575, 0.0)
(42.541248, 31.397461, 0.0)
(42.509399, 31.431446, 0.0)
(42.521072, 31.453096, 0.0)
(42.001286, 28.142612, 0.0)
(41.427933, 24.847715, 0.0)
(41.283340, 24.219469, 0.0)
(41.301579, 24.193638, 0.0)
(41.332115, 24.235357, 0.0)
(41.354427, 24.234278, 0.0)
(41.372421, 24.207144, 0.0)
(41.400314, 24.224895, 0.0)
(40.769001, 23.491873, 0.0)
(40.222649, 22.558975, 0.0)
(40.197971, 22.510599, 0.0)
(40.233162, 22.557953, 0.0)
(40.269295, 22.597502, 0.0)
(40.283169, 22.621481, 0.0)
(40.275047, 22.583157, 0.0)
(40.304394, 22.612099, 0.0)
(40.314999, 22.585835, 0.0)
(40.348518, 22.600039, 0.0)
(40.336506, 22.590611, 0.0)
(39.831947, 22.214550, 0.0)
(39.796734, 22.219442, 0.0)
(39.798237, 22.182724, 0.0)
(39.797722, 22.169661, 0.0)
(39.802185, 22.158632, 0.0)
(39.800911, 22.177290, 0.0)
(39.795578, 22.202528, 0.0)
(39.796532, 22.203760, 0.0)
(39.792419, 22.207180, 0.0)
(39.795578, 22.202528, 0.0)
(39.794476, 22.194872, 0.0)
(39.795792, 22.176224, 0.0)
(39.804066, 22.179333, 0.0)
(39.796207, 22.161144, 0.0)
(39.797810, 22.178724, 0.0)
(39.822342, 22.185522, 0.0)
(39.876644, 22.233732, 0.0)
(39.771713, 22.228537, 0.0)
(36.645210, 24.292244, 0.0)
(33.090389, 27.664503, 0.0)
(30.167650, 30.074875, 0.0)
(27.865879, 31.543528, 0.0)
(27.082796, 32.060005, 0.0)
(26.964275, 32.114380, 0.0)
(26.898607, 32.088924, 0.0)
(26.852657, 32.080910, 0.0)
(26.823061, 32.065926, 0.0)
(26.791756, 32.057995, 0.0)
(26.806358, 31.998291, 0.0)
(26.811544, 31.983419, 0.0)
(26.823645, 31.974840, 0.0)
(26.829885, 31.984589, 0.0)
(26.841122, 31.994675, 0.0)
(26.842516, 31.971519, 0.0)
(26.832047, 31.964834, 0.0)
(26.833651, 31.952396, 0.0)
(26.815001, 31.898283, 0.0)
(26.790764, 31.845894, 0.0)
(26.806944, 31.815069, 0.0)
(26.802280, 31.851627, 0.0)
(26.767128, 31.835180, 0.0)
(26.763618, 31.808643, 0.0)
(26.771528, 31.802814, 0.0)
(26.766970, 31.787693, 0.0)
(26.761366, 31.770639, 0.0)
(26.765585, 31.753845, 0.0)
(26.764280, 31.735151, 0.0)
(26.761818, 31.756508, 0.0)
(26.766542, 31.735352, 0.0)
(26.756384, 31.779036, 0.0)
(26.761366, 31.733517, 0.0)
(26.761141, 31.727379, 0.0)
(26.761141, 31.727379, 0.0)
(26.763691, 31.710979, 0.0)
(26.768764, 31.663855, 0.0)
(26.771572, 31.640951, 0.0)
(26.024883, 28.936968, 0.0)
(25.766550, 25.802595, 0.0)
(25.717716, 24.242201, 0.0)
(25.623512, 24.070749, 0.0)
(25.589809, 24.092108, 0.0)
(25.544628, 24.042431, 0.0)
(25.524044, 24.052374, 0.0)
(25.528383, 24.045759, 0.0)
(25.455935, 23.959335, 0.0)
(24.713491, 23.264540, 0.0)
(24.491528, 23.247129, 0.0)
(24.455919, 23.281898, 0.0)
(24.457493, 23.324757, 0.0)
(24.446255, 23.336718, 0.0)
(24.442219, 23.342678, 0.0)
(24.750198, 23.482014, 0.0)
(25.481224, 23.432297, 0.0)
(25.772348, 23.321619, 0.0)
(25.777451, 23.321186, 0.0)
(25.770035, 23.338388, 0.0)
(25.788195, 23.373888, 0.0)
(25.805775, 23.385733, 0.0)
(25.810488, 23.380220, 0.0)
(25.817617, 23.393349, 0.0)
(25.834702, 23.390553, 0.0)
(25.829979, 23.389463, 0.0)
(25.835768, 23.366461, 0.0)
(25.833096, 23.337196, 0.0)
(25.844398, 23.316530, 0.0)
(25.848827, 23.318243, 0.0)
(25.860535, 23.332243, 0.0)
(25.848232, 23.364147, 0.0)
(25.846336, 23.314890, 0.0)
(25.854715, 23.306826, 0.0)
(25.859442, 23.307726, 0.0)
(25.895153, 23.288712, 0.0)
(28.110910, 23.874039, 0.0)
(33.292866, 26.230154, 0.0)
(34.833733, 26.663349, 0.0)
(34.975494, 26.637486, 0.0)
(34.964756, 26.565948, 0.0)
(34.777283, 26.032688, 0.0)
(34.759850, 25.971680, 0.0)
(34.770493, 25.959972, 0.0)
(34.781494, 25.935581, 0.0)
(34.778481, 25.901066, 0.0)
(34.790462, 25.883173, 0.0)
(34.789436, 25.878975, 0.0)
(34.792046, 25.874258, 0.0)
(34.854424, 25.723572, 0.0)
(34.841454, 25.718353, 0.0)
(34.833096, 25.712841, 0.0)
(34.828327, 25.713572, 0.0)
(34.794907, 25.743505, 0.0)
(34.792641, 25.737661, 0.0)
(34.777283, 25.722303, 0.0)
(34.777283, 25.722303, 0.0)
(34.778049, 25.716383, 0.0)
(34.761929, 25.704985, 0.0)
(34.749630, 25.700542, 0.0)
(34.759548, 25.720884, 0.0)
(34.737862, 25.780384, 0.0)
(34.718395, 25.793304, 0.0)
(34.719326, 25.792561, 0.0)
(34.730526, 25.815208, 0.0)
(34.722221, 25.809443, 0.0)
(34.713028, 25.811796, 0.0)
(34.707466, 25.783316, 0.0)
(34.705421, 25.792906, 0.0)
(34.712677, 25.787523, 0.0)
(34.692940, 25.807459, 0.0)
(34.700508, 25.790630, 0.0)
(34.700508, 25.790630, 0.0)
(34.713493, 25.810188, 0.0)
(32.412697, 27.643885, 0.0)
(29.315243, 30.622805, 0.0)
(27.182829, 32.253452, 0.0)
(26.572847, 32.639557, 0.0)
(26.418810, 32.616879, 0.0)
(26.445684, 32.616032, 0.0)
(26.430422, 32.602417, 0.0)
(26.426395, 32.608196, 0.0)
(26.410984, 32.549980, 0.0)
(26.797920, 32.507950, 0.0)
(29.521328, 32.297977, 0.0)
(29.779749, 32.238186, 0.0)
(29.846010, 32.226257, 0.0)
(29.906162, 32.206215, 0.0)
(29.967329, 32.209843, 0.0)
(30.098509, 32.197514, 0.0)
(31.439198, 32.210888, 0.0)
(32.300907, 32.083805, 0.0)
(32.509396, 32.063026, 0.0)
(32.730164, 32.006645, 0.0)
(32.923061, 31.996244, 0.0)
(35.259422, 31.971830, 0.0)
(35.575272, 31.956188, 0.0)
(35.757034, 31.969736, 0.0)
(35.888165, 31.966221, 0.0)
(36.042652, 31.971495, 0.0)
(36.236534, 31.955713, 0.0)
(36.300056, 31.950977, 0.0)
(37.682106, 31.878624, 0.0)
(37.753414, 31.592562, 0.0)
(37.876427, 31.608437, 0.0)
(38.215908, 31.600122, 0.0)
(39.366608, 31.466549, 0.0)
(39.608910, 31.451576, 0.0)
(39.712368, 31.448381, 0.0)
(39.795540, 31.413887, 0.0)
(39.868584, 31.375910, 0.0)
(41.138012, 31.188711, 0.0)
(41.623245, 31.092726, 0.0)
(41.723228, 31.102306, 0.0)
(41.758228, 31.126650, 0.0)
(41.797371, 31.091898, 0.0)
(42.496410, 31.239613, 0.0)
(42.555107, 31.222845, 0.0)
(42.542416, 31.200001, 0.0)
(42.561211, 31.168594, 0.0)
(42.563114, 31.219292, 0.0)
(42.555424, 31.221598, 0.0)
(42.550568, 31.180361, 0.0)
(42.568787, 31.191208, 0.0)
(42.573627, 31.153515, 0.0)
(42.679432, 30.617262, 0.0)
(42.696526, 30.485312, 0.0)
(42.703209, 30.472040, 0.0)
(42.697098, 30.457586, 0.0)
(42.680721, 30.405430, 0.0)
(42.680546, 30.404541, 0.0)
(42.685268, 30.413523, 0.0)
(41.103577, 30.629522, 0.0)
(39.746391, 31.080793, 0.0)
(39.548965, 31.109327, 0.0)
(39.449238, 31.079290, 0.0)
(39.368858, 31.036720, 0.0)
(39.269810, 31.052011, 0.0)
(39.185661, 31.048670, 0.0)
(39.083546, 31.035217, 0.0)
(38.957581, 31.082132, 0.0)
(38.867702, 31.088690, 0.0)
(38.657539, 31.088627, 0.0)
(38.543179, 31.110802, 0.0)
(38.459717, 31.138826, 0.0)
(38.174026, 31.123854, 0.0)
(36.939178, 31.210125, 0.0)
(36.700680, 31.208027, 0.0)
(36.546112, 31.188156, 0.0)
(36.386799, 31.201950, 0.0)
(35.273262, 31.305626, 0.0)
(34.872112, 31.406193, 0.0)
(34.669346, 31.454285, 0.0)
(34.487316, 31.443022, 0.0)
(34.327164, 31.439430, 0.0)
(33.877171, 31.495626, 0.0)
(32.420532, 31.605049, 0.0)
(32.134758, 31.599745, 0.0)
(32.023315, 31.606981, 0.0)
(31.899200, 31.646601, 0.0)
(31.804358, 31.702789, 0.0)
(31.709116, 31.736813, 0.0)
(30.712276, 31.837175, 0.0)
(29.726267, 31.907171, 0.0)
(29.543583, 31.905952, 0.0)
(29.476862, 31.928373, 0.0)
(29.361837, 31.926773, 0.0)
(29.347795, 31.903889, 0.0)
(29.296301, 31.943823, 0.0)
(28.241159, 32.174301, 0.0)
(26.529913, 32.372242, 0.0)
(26.394840, 32.422386, 0.0)
(26.408558, 32.419041, 0.0)
(26.386457, 32.444687, 0.0)
(26.355963, 32.392845, 0.0)
(26.365328, 32.420528, 0.0)
(26.365686, 32.456722, 0.0)
(26.335712, 32.459362, 0.0)
(26.336712, 32.420307, 0.0)
(26.342777, 32.410004, 0.0)
(26.336185, 32.405209, 0.0)
(26.345945, 32.396053, 0.0)
(26.351223, 32.396286, 0.0)
(26.360811, 32.371704, 0.0)
(25.864424, 31.663536, 0.0)
(25.851622, 31.468225, 0.0)
(25.860868, 31.448713, 0.0)
(25.950357, 31.376963, 0.0)
(28.783438, 30.953489, 0.0)
(29.113276, 30.972015, 0.0)
(29.290216, 30.930342, 0.0)
(29.490345, 30.872894, 0.0)
(29.783237, 30.829231, 0.0)
(29.952513, 30.778320, 0.0)
(30.249651, 30.741590, 0.0)
(30.461515, 30.690725, 0.0)
(30.598057, 30.668945, 0.0)
(30.731705, 30.630701, 0.0)
(30.920134, 30.634367, 0.0)
(31.144930, 30.638041, 0.0)
(31.328276, 30.605352, 0.0)
(32.655228, 30.539032, 0.0)
(33.151146, 30.576143, 0.0)
(33.394512, 30.552420, 0.0)
(33.631489, 30.527010, 0.0)
(33.889046, 30.500549, 0.0)
(34.080162, 30.476078, 0.0)
(34.933678, 30.509031, 0.0)
(36.465939, 30.473768, 0.0)
(36.777645, 30.482952, 0.0)
(36.910751, 30.453411, 0.0)
(37.064053, 30.474306, 0.0)
(37.175423, 30.449770, 0.0)
(37.309227, 30.437914, 0.0)
(37.506603, 30.466480, 0.0)
(38.299030, 30.479177, 0.0)
(39.739414, 30.318502, 0.0)
(39.998726, 30.377083, 0.0)
(40.044781, 30.381615, 0.0)
(40.094269, 30.369339, 0.0)
(40.158779, 30.343195, 0.0)
(40.211750, 30.353979, 0.0)
(40.263439, 30.357544, 0.0)
(41.405796, 30.421253, 0.0)
(41.748409, 30.371265, 0.0)
(41.787758, 30.352480, 0.0)
(41.805958, 30.397633, 0.0)
(41.818352, 30.381609, 0.0)
(41.820381, 30.361319, 0.0)
(41.832306, 30.378941, 0.0)
(41.851978, 30.338694, 0.0)
(41.863953, 30.363499, 0.0)
(41.867020, 30.364801, 0.0)
(42.198635, 30.516266, 0.0)
(42.393085, 30.591372, 0.0)
(42.386894, 30.565886, 0.0)
(42.379055, 30.563856, 0.0)
(42.394707, 30.529984, 0.0)
(42.453152, 30.415195, 0.0)
(42.621300, 29.532549, 0.0)
(42.634605, 29.413197, 0.0)
(42.627888, 29.384754, 0.0)
(42.635628, 29.396687, 0.0)
(42.629589, 29.376022, 0.0)
(42.627888, 29.384754, 0.0)
(40.987820, 29.772808, 0.0)
(40.796082, 29.888184, 0.0)
(40.679913, 29.885576, 0.0)
(40.531254, 29.897675, 0.0)
(40.350075, 29.848644, 0.0)
(40.243034, 29.857721, 0.0)
(38.733974, 29.950993, 0.0)
(37.137817, 30.077732, 0.0)
(36.835758, 30.081459, 0.0)
(36.656792, 30.114046, 0.0)
(36.450203, 30.074682, 0.0)
(36.367935, 30.078655, 0.0)
(36.246773, 30.072956, 0.0)
(36.121754, 30.088024, 0.0)
(36.016182, 30.114765, 0.0)
(35.853611, 30.106627, 0.0)
(35.730865, 30.126141, 0.0)
(35.624931, 30.155146, 0.0)
(35.495403, 30.188013, 0.0)
(35.380619, 30.166515, 0.0)
(34.305145, 30.218634, 0.0)
(34.056034, 30.246376, 0.0)
(33.916374, 30.226780, 0.0)
(33.780083, 30.251104, 0.0)
(33.609955, 30.275841, 0.0)
(33.147087, 30.398930, 0.0)
(32.102543, 30.428259, 0.0)
(31.843994, 30.431103, 0.0)
(31.691328, 30.385122, 0.0)
(31.525661, 30.429937, 0.0)
(31.399433, 30.428221, 0.0)
(29.665855, 30.679256, 0.0)
(29.254492, 30.693140, 0.0)
(29.147202, 30.726660, 0.0)
(29.090176, 30.726273, 0.0)
(28.503450, 30.925951, 0.0)
(26.622486, 31.480391, 0.0)
(26.245121, 31.537125, 0.0)
(26.196405, 31.510820, 0.0)
(26.199667, 31.522381, 0.0)
(26.176470, 31.506788, 0.0)
(26.176611, 31.540422, 0.0)
(26.174423, 31.503201, 0.0)
(26.174423, 31.503201, 0.0)
(26.170174, 31.509052, 0.0)
(26.139156, 31.482620, 0.0)
(26.141441, 31.477207, 0.0)
(26.134903, 31.457821, 0.0)
(26.167221, 31.489849, 0.0)
(26.174791, 31.468197, 0.0)
(26.189651, 31.451727, 0.0)
(26.428053, 31.098993, 0.0)
(26.560467, 30.159138, 0.0)
(26.604090, 30.041332, 0.0)
(26.705330, 29.966850, 0.0)
(26.761524, 29.923922, 0.0)
(26.917114, 29.842951, 0.0)
(27.030731, 29.758938, 0.0)
(28.612440, 29.508638, 0.0)
(29.619774, 29.421747, 0.0)
(29.903986, 29.392496, 0.0)
(30.157516, 29.372318, 0.0)
(30.393421, 29.288078, 0.0)
(30.557226, 29.266640, 0.0)
(30.728012, 29.292307, 0.0)
(30.908831, 29.242649, 0.0)
(31.132753, 29.204868, 0.0)
(31.345320, 29.162840, 0.0)
(32.393703, 29.147417, 0.0)
(33.384571, 29.143974, 0.0)
(33.684761, 29.110973, 0.0)
(34.029354, 29.135557, 0.0)
(34.301147, 29.149921, 0.0)
(34.541218, 29.104473, 0.0)
(34.792263, 29.075024, 0.0)
(35.005711, 29.112469, 0.0)
(35.234039, 29.094860, 0.0)
(35.442902, 29.100403, 0.0)
(37.188789, 29.219545, 0.0)
(37.577213, 29.221813, 0.0)
(37.713139, 29.208601, 0.0)
(37.859516, 29.226387, 0.0)
(38.048325, 29.223888, 0.0)
(38.265533, 29.271088, 0.0)
(38.428036, 29.260958, 0.0)
(38.594624, 29.322433, 0.0)
(38.804314, 29.303802, 0.0)
(40.074955, 29.325188, 0.0)
(40.246796, 29.314365, 0.0)
(40.314552, 29.307636, 0.0)
(40.416355, 29.243258, 0.0)
(40.513287, 29.281338, 0.0)
(40.589237, 29.347704, 0.0)
(40.846649, 29.400000, 0.0)
(41.953415, 29.439903, 0.0)
(42.087727, 29.475332, 0.0)
(42.087955, 29.528124, 0.0)
(42.101498, 29.470881, 0.0)
(42.123936, 29.469677, 0.0)
(42.158211, 29.497025, 0.0)
(42.163734, 29.503792, 0.0)
(42.179737, 29.506268, 0.0)
(42.187984, 29.509619, 0.0)
(42.560345, 29.394571, 0.0)
(42.673344, 29.359726, 0.0)
(42.675587, 29.366154, 0.0)
(42.662651, 29.326956, 0.0)
(42.593075, 28.992687, 0.0)
(42.483425, 28.376806, 0.0)
(42.461323, 28.317324, 0.0)
(42.472832, 28.323780, 0.0)
(42.413342, 28.303326, 0.0)
(40.355362, 28.270437, 0.0)
(40.058586, 28.320072, 0.0)
(39.946064, 28.270002, 0.0)
(39.726604, 28.235456, 0.0)
(39.478859, 28.215500, 0.0)
(39.345570, 28.143003, 0.0)
(39.178833, 28.179459, 0.0)
(37.608002, 28.313465, 0.0)
(37.346016, 28.280577, 0.0)
(37.204086, 28.265339, 0.0)
(37.030334, 28.280527, 0.0)
(36.884453, 28.303007, 0.0)
(36.764778, 28.297400, 0.0)
(36.639801, 28.329639, 0.0)
(36.505096, 28.310654, 0.0)
(36.382393, 28.328732, 0.0)
(36.264252, 28.340265, 0.0)
(36.162308, 28.350412, 0.0)
(36.033642, 28.340727, 0.0)
(35.841869, 28.376810, 0.0)
(35.733631, 28.389072, 0.0)
(34.148468, 28.822447, 0.0)
(33.878841, 28.937380, 0.0)
(33.718277, 28.916481, 0.0)
(33.588345, 28.923264, 0.0)
(33.472191, 28.893007, 0.0)
(33.230583, 28.959566, 0.0)
(31.938627, 29.069975, 0.0)
(31.683399, 29.084700, 0.0)
(31.588985, 29.103870, 0.0)
(30.056622, 29.262815, 0.0)
(29.204882, 29.330757, 0.0)
(29.036358, 29.366037, 0.0)
(28.948849, 29.415771, 0.0)
(28.535517, 29.554794, 0.0)
(26.959692, 29.923746, 0.0)
(26.718918, 30.015333, 0.0)
(26.696453, 30.031601, 0.0)
(26.683012, 30.022923, 0.0)
(26.644470, 30.013948, 0.0)
(26.649139, 30.003601, 0.0)
(26.647711, 29.961746, 0.0)
(26.633335, 29.943304, 0.0)
(26.619333, 29.937529, 0.0)
(26.023041, 29.933083, 0.0)
(25.716793, 29.860224, 0.0)
(25.667065, 29.887428, 0.0)
(25.662476, 29.908123, 0.0)
(25.683025, 29.843451, 0.0)
(25.682800, 29.832035, 0.0)
(25.684605, 29.793606, 0.0)
(25.710983, 29.772202, 0.0)
(25.742516, 29.754765, 0.0)
(25.484106, 29.378571, 0.0)
(25.557060, 29.330111, 0.0)
(25.650412, 29.286240, 0.0)
(25.728415, 29.250637, 0.0)
(27.319994, 28.793293, 0.0)
(27.729170, 28.725527, 0.0)
(27.985004, 28.506660, 0.0)
(28.347498, 28.373333, 0.0)
(28.667253, 28.323893, 0.0)
(29.057629, 28.251371, 0.0)
(29.387939, 28.183840, 0.0)
(29.826662, 28.162851, 0.0)
(30.226168, 28.125553, 0.0)
(30.593193, 28.071020, 0.0)
(30.942032, 28.036812, 0.0)
(31.284243, 27.989206, 0.0)
(31.614737, 27.950695, 0.0)
(31.987484, 27.933464, 0.0)
(33.619133, 27.915655, 0.0)
(33.966694, 27.854212, 0.0)
(34.251404, 27.823835, 0.0)
(34.495167, 27.826103, 0.0)
(34.715889, 27.830257, 0.0)
(34.919880, 27.865143, 0.0)
(35.129116, 27.854486, 0.0)
(35.345528, 27.924786, 0.0)
(35.481659, 27.928392, 0.0)
(35.601105, 27.934027, 0.0)
(35.758362, 27.960691, 0.0)
(37.503696, 28.031500, 0.0)
(37.786411, 27.956545, 0.0)
(37.901127, 27.934416, 0.0)
(38.095650, 27.997593, 0.0)
(38.273579, 28.026770, 0.0)
(38.459415, 28.024338, 0.0)
(39.034683, 28.099190, 0.0)
(39.913334, 28.072727, 0.0)
(40.137409, 28.068998, 0.0)
(40.250111, 27.996105, 0.0)
(40.396400, 28.010595, 0.0)
(40.512974, 28.035999, 0.0)
(41.527840, 28.383095, 0.0)
(41.680031, 28.317440, 0.0)
(41.759678, 28.311710, 0.0)
(41.811478, 28.319874, 0.0)
(41.846809, 28.291729, 0.0)
(41.938763, 28.321129, 0.0)
(41.988438, 28.376616, 0.0)
(42.727013, 28.311184, 0.0)
(42.910282, 28.322004, 0.0)
(42.926098, 28.353516, 0.0)
(42.917763, 28.377258, 0.0)
(42.931793, 28.325104, 0.0)
(42.907970, 28.280539, 0.0)
(42.937836, 28.300434, 0.0)
(42.911823, 27.541155, 0.0)
(42.918201, 27.350500, 0.0)
(42.904144, 27.366026, 0.0)
(42.890713, 27.349930, 0.0)
(42.858891, 27.344482, 0.0)
(41.444782, 27.240692, 0.0)
(41.146957, 27.271988, 0.0)
(41.027344, 27.277363, 0.0)
(40.860531, 27.267931, 0.0)
(40.676895, 27.314974, 0.0)
(40.501984, 27.192091, 0.0)
(40.334667, 27.160484, 0.0)
(40.152264, 27.165478, 0.0)
(39.139011, 27.345806, 0.0)
(38.833923, 27.441961, 0.0)
(38.651974, 27.392569, 0.0)
(38.437798, 27.390209, 0.0)
(38.261452, 27.370377, 0.0)
(38.130108, 27.353424, 0.0)
(37.988937, 27.330303, 0.0)
(37.784199, 27.336130, 0.0)
(36.312443, 27.341120, 0.0)
(36.079082, 27.352823, 0.0)
(35.904163, 27.354292, 0.0)
(35.773540, 27.351196, 0.0)
(35.621971, 27.347431, 0.0)
(34.358299, 27.436316, 0.0)
(33.588303, 27.503180, 0.0)
(33.423431, 27.526327, 0.0)
(33.284557, 27.497581, 0.0)
(33.098076, 27.529024, 0.0)
(32.190548, 27.708019, 0.0)
(31.235786, 27.869493, 0.0)
(31.018980, 27.892811, 0.0)
(30.900299, 27.897585, 0.0)
(30.787523, 27.916063, 0.0)
(30.729315, 27.908571, 0.0)
(29.717005, 28.124758, 0.0)
(28.925461, 28.334429, 0.0)
(28.837727, 28.378155, 0.0)
(28.740919, 28.377497, 0.0)
(28.653891, 28.407509, 0.0)
(27.944286, 28.591541, 0.0)
(27.208517, 28.728611, 0.0)
(27.089859, 28.791609, 0.0)
(27.034319, 28.831413, 0.0)
(27.025309, 28.832853, 0.0)
(26.981701, 28.872341, 0.0)
(26.323509, 29.081966, 0.0)
(26.123850, 29.119377, 0.0)
(26.117140, 29.096420, 0.0)
(26.110172, 29.076660, 0.0)
(26.107916, 29.063585, 0.0)
(26.113684, 29.060509, 0.0)
(26.125103, 28.975275, 0.0)
(26.142582, 28.923632, 0.0)
(26.142719, 28.903208, 0.0)
(26.186741, 28.930285, 0.0)
(26.179853, 28.885185, 0.0)
(26.034155, 28.464693, 0.0)
(26.044504, 28.425323, 0.0)
(26.114447, 28.393147, 0.0)
(26.197088, 28.347012, 0.0)
(26.383389, 28.261208, 0.0)
(27.517979, 27.797096, 0.0)
(27.945034, 27.625242, 0.0)
(28.195141, 27.536217, 0.0)
(28.455496, 27.468294, 0.0)
(28.737946, 27.380657, 0.0)
(29.050011, 27.286366, 0.0)
(29.361837, 27.185102, 0.0)
(29.640036, 27.144312, 0.0)
(30.769102, 26.910433, 0.0)
(31.284391, 26.808929, 0.0)
(31.570234, 26.777237, 0.0)
(31.860086, 26.786589, 0.0)
(32.093174, 26.757750, 0.0)
(32.333019, 26.720795, 0.0)
(32.611393, 26.728832, 0.0)
(33.856712, 26.677782, 0.0)
(34.151562, 26.624350, 0.0)
(34.372948, 26.623865, 0.0)
(34.672943, 26.636667, 0.0)
(35.214012, 26.650681, 0.0)
(36.122749, 26.664165, 0.0)
(36.379398, 26.654375, 0.0)
(36.527786, 26.688152, 0.0)
(36.708008, 26.706678, 0.0)
(36.977787, 26.709726, 0.0)
(38.331249, 26.773445, 0.0)
(38.621372, 26.776257, 0.0)
(38.782417, 26.809166, 0.0)
(38.939384, 26.811573, 0.0)
(39.119003, 26.859592, 0.0)
(39.208549, 26.875042, 0.0)
(39.360634, 26.893175, 0.0)
(40.457138, 26.972828, 0.0)
(40.606167, 26.973854, 0.0)
(40.705460, 26.988018, 0.0)
(40.788418, 27.086063, 0.0)
(40.855431, 27.064333, 0.0)
(41.208561, 27.067610, 0.0)
(41.840992, 27.107164, 0.0)
(41.917824, 27.115494, 0.0)
(41.967522, 27.102564, 0.0)
(42.010036, 27.086504, 0.0)
(42.048016, 27.122982, 0.0)
(42.048016, 27.122982, 0.0)
(42.044441, 27.099506, 0.0)
(42.472355, 27.216990, 0.0)
(42.800392, 27.160839, 0.0)
(42.830750, 27.165924, 0.0)
(42.828617, 27.157642, 0.0)
(42.804314, 27.156099, 0.0)
(42.265610, 26.542202, 0.0)
(42.010658, 26.268238, 0.0)
(41.927685, 26.146446, 0.0)
(41.892212, 26.159182, 0.0)
(41.831684, 26.097176, 0.0)
(41.704784, 26.035238, 0.0)
(41.316086, 26.031746, 0.0)
(40.247192, 26.085720, 0.0)
(40.078110, 26.155773, 0.0)
(39.922329, 26.170574, 0.0)
(39.799911, 26.165089, 0.0)
(39.620808, 26.136793, 0.0)
(39.535412, 26.082531, 0.0)
(38.714409, 26.189192, 0.0)
(37.985825, 26.326155, 0.0)
(37.761635, 26.335882, 0.0)
(37.601871, 26.314207, 0.0)
(37.439404, 26.340548, 0.0)
(37.281433, 26.368063, 0.0)
(36.998379, 26.317823, 0.0)
(35.619991, 26.224556, 0.0)
(35.269814, 26.210918, 0.0)
(35.149376, 26.220367, 0.0)
(34.971649, 26.202686, 0.0)
(34.834152, 26.228519, 0.0)
(34.676662, 26.262020, 0.0)
(34.546352, 26.248028, 0.0)
(33.774590, 26.307339, 0.0)
(32.905552, 26.382835, 0.0)
(32.733059, 26.376156, 0.0)
(32.617023, 26.365561, 0.0)
(32.523357, 26.424236, 0.0)
(32.373356, 26.462900, 0.0)
(30.837372, 26.688026, 0.0)
(30.582226, 26.790417, 0.0)
(30.520567, 26.784838, 0.0)
(30.446644, 26.751091, 0.0)
(30.349024, 26.767778, 0.0)
(29.637693, 26.988361, 0.0)
(28.518898, 27.382099, 0.0)
(28.363268, 27.426672, 0.0)
(28.292566, 27.468174, 0.0)
(28.204758, 27.466005, 0.0)
(28.174715, 27.457258, 0.0)
(28.148003, 27.461220, 0.0)
(28.135115, 27.445923, 0.0)
(28.102743, 27.448467, 0.0)
(27.879007, 27.599260, 0.0)
(27.219046, 27.916105, 0.0)
(27.112139, 27.969231, 0.0)
(27.112535, 27.930725, 0.0)
(27.135403, 27.897120, 0.0)
(27.245090, 27.196169, 0.0)
(27.146866, 26.691765, 0.0)
(27.137535, 26.654457, 0.0)
(27.163692, 26.678341, 0.0)
(27.178097, 26.696548, 0.0)
(27.272207, 26.943119, 0.0)
(27.678234, 26.347288, 0.0)
(28.011255, 26.342974, 0.0)
(28.255180, 26.367420, 0.0)
(28.491468, 26.293661, 0.0)
(28.715849, 26.235817, 0.0)
(28.962234, 26.156034, 0.0)
(29.269869, 26.046926, 0.0)
(29.567528, 26.006290, 0.0)
(29.876736, 25.975780, 0.0)
(30.180954, 25.937323, 0.0)
(30.488924, 25.874638, 0.0)
(31.245230, 25.892097, 0.0)
(32.322414, 25.942736, 0.0)
(32.676922, 25.904762, 0.0)
(32.948765, 25.833338, 0.0)
(33.264530, 25.797371, 0.0)
(33.515877, 25.789036, 0.0)
(33.732319, 25.742315, 0.0)
(34.012360, 25.752314, 0.0)
(34.245090, 25.767326, 0.0)
(35.565300, 25.704443, 0.0)
(35.941746, 25.669752, 0.0)
(36.167221, 25.677114, 0.0)
(36.378540, 25.677305, 0.0)
(36.529263, 25.604664, 0.0)
(36.721260, 25.668694, 0.0)
(38.166130, 25.753351, 0.0)
(38.524158, 25.797968, 0.0)
(38.671349, 25.751343, 0.0)
(38.824390, 25.827085, 0.0)
(38.983849, 25.840965, 0.0)
(39.163582, 25.818930, 0.0)
(39.300194, 25.830875, 0.0)
(39.418694, 25.891676, 0.0)
(40.559361, 25.944971, 0.0)
(40.786781, 25.999060, 0.0)
(40.886013, 25.995584, 0.0)
(40.944103, 26.041075, 0.0)
(40.993206, 26.039474, 0.0)
(41.493313, 26.119036, 0.0)
(41.971581, 26.224953, 0.0)
(42.032314, 26.220362, 0.0)
(42.050095, 26.246323, 0.0)
(42.078384, 26.258665, 0.0)
(42.112442, 26.280704, 0.0)
(42.688534, 26.352774, 0.0)
(42.753448, 26.346287, 0.0)
(42.724537, 26.318308, 0.0)
(42.756283, 26.332737, 0.0)
(42.736229, 26.366514, 0.0)
(42.717625, 26.320831, 0.0)
(42.676220, 26.221279, 0.0)
(42.650227, 26.180513, 0.0)
(42.622841, 26.176798, 0.0)
(42.598194, 26.250217, 0.0)
(41.840012, 25.864765, 0.0)
(41.255737, 25.665720, 0.0)
(41.079498, 25.553631, 0.0)
(40.929020, 25.544559, 0.0)
(40.818188, 25.480753, 0.0)
(40.671730, 25.377956, 0.0)
(39.465733, 25.228022, 0.0)
(38.832554, 25.257402, 0.0)
(38.590591, 25.236073, 0.0)
(38.337715, 25.196945, 0.0)
(38.193985, 25.179958, 0.0)
(38.048096, 25.197708, 0.0)
(37.926746, 25.134916, 0.0)
(37.761848, 25.117762, 0.0)
(37.623207, 25.067236, 0.0)
(37.487617, 25.074383, 0.0)
(36.383579, 25.063511, 0.0)
(36.126530, 25.041943, 0.0)
(35.970287, 25.041767, 0.0)
(35.831375, 25.073210, 0.0)
(35.648258, 25.061604, 0.0)
(35.540874, 25.035324, 0.0)
(33.959793, 25.047400, 0.0)
(33.717140, 25.098326, 0.0)
(33.602955, 25.066582, 0.0)
(33.429867, 25.092714, 0.0)
(33.346893, 25.084082, 0.0)
(31.787785, 25.382946, 0.0)
(31.192822, 25.489853, 0.0)
(31.074442, 25.537760, 0.0)
(30.931438, 25.622641, 0.0)
(30.831593, 25.586298, 0.0)
(30.524475, 25.649889, 0.0)
(29.168995, 25.906723, 0.0)
(28.967062, 25.982906, 0.0)
(28.886442, 26.000122, 0.0)
(28.816175, 26.000624, 0.0)
(28.777668, 26.036272, 0.0)
(27.681194, 26.384935, 0.0)
(27.278349, 26.512278, 0.0)
(27.154839, 26.538364, 0.0)
(27.087690, 26.550327, 0.0)
(27.087685, 26.572100, 0.0)
(27.046497, 26.559845, 0.0)
(27.050646, 26.501865, 0.0)
(26.180649, 26.972576, 0.0)
(25.421680, 27.251167, 0.0)
(25.355394, 27.289238, 0.0)
(25.373390, 27.267334, 0.0)
(25.383022, 27.279377, 0.0)
(25.397318, 27.259748, 0.0)
(25.416096, 27.261402, 0.0)
(26.193005, 26.493351, 0.0)
(26.428799, 26.137159, 0.0)
(26.507265, 26.062391, 0.0)
(26.574181, 25.988691, 0.0)
(26.664619, 25.943697, 0.0)
(26.805075, 25.866072, 0.0)
(27.027765, 25.788147, 0.0)
(27.188864, 25.684395, 0.0)
(28.789564, 25.441078, 0.0)
(29.168520, 25.320831, 0.0)
(29.413702, 25.221752, 0.0)
(29.794321, 25.184034, 0.0)
(30.156208, 25.091446, 0.0)
(30.537539, 25.005487, 0.0)
(32.470901, 24.776218, 0.0)
(32.928497, 24.704058, 0.0)
(33.265919, 24.661600, 0.0)
(33.519917, 24.705757, 0.0)
(33.808773, 24.636066, 0.0)
(34.051674, 24.652386, 0.0)
(34.245377, 24.604815, 0.0)
(34.470848, 24.645267, 0.0)
(34.678501, 24.639950, 0.0)
(34.885170, 24.678680, 0.0)
(35.081474, 24.669310, 0.0)
(35.263680, 24.665977, 0.0)
(35.406799, 24.699570, 0.0)
(35.605274, 24.665501, 0.0)
(36.178753, 24.657843, 0.0)
(37.225136, 24.547865, 0.0)
(37.425022, 24.508453, 0.0)
(37.598621, 24.539810, 0.0)
(37.756710, 24.561232, 0.0)
(37.888943, 24.556353, 0.0)
(37.991436, 24.556696, 0.0)
(38.089985, 24.581472, 0.0)
(39.702656, 24.941889, 0.0)
(40.172489, 24.976072, 0.0)
(40.254276, 24.908997, 0.0)
(40.326591, 24.908333, 0.0)
(40.394394, 24.915667, 0.0)
(40.474686, 24.935837, 0.0)
(40.518406, 24.946396, 0.0)
(41.631306, 25.275431, 0.0)
(42.461830, 25.614216, 0.0)
(42.544472, 25.579922, 0.0)
(42.557537, 25.612082, 0.0)
(42.562183, 25.644957, 0.0)
(42.574463, 25.656458, 0.0)
(42.564156, 25.651625, 0.0)
(42.566196, 25.631882, 0.0)
(42.548294, 25.634331, 0.0)
(42.543354, 25.609524, 0.0)
(42.538986, 25.618153, 0.0)
(42.539555, 25.631762, 0.0)
(42.526684, 25.619320, 0.0)
(42.497780, 25.617125, 0.0)
(42.013916, 25.100233, 0.0)
(41.884361, 24.808056, 0.0)
(41.868076, 24.782492, 0.0)
(41.829521, 24.747129, 0.0)
(41.742989, 24.729406, 0.0)
(41.663868, 24.659174, 0.0)
(41.605499, 24.624699, 0.0)
(40.765289, 24.387302, 0.0)
(39.580460, 24.240414, 0.0)
(39.364365, 24.183840, 0.0)
(39.246986, 24.148888, 0.0)
(39.086189, 24.132122, 0.0)
(38.986553, 24.112713, 0.0)
(38.872581, 24.108360, 0.0)
(38.751194, 24.058718, 0.0)
(38.589401, 24.018856, 0.0)
(38.517662, 24.023249, 0.0)
(38.322739, 23.928398, 0.0)
(37.445698, 23.800039, 0.0)
(36.853310, 23.747433, 0.0)
(36.685467, 23.738306, 0.0)
(36.583786, 23.733639, 0.0)
(36.423695, 23.752272, 0.0)
(34.794273, 23.845930, 0.0)
(34.397076, 23.889482, 0.0)
(34.245216, 23.892385, 0.0)
(34.050335, 23.902170, 0.0)
(33.946136, 23.880007, 0.0)
(33.847443, 23.869682, 0.0)
(32.283001, 24.103006, 0.0)
(32.006916, 24.190367, 0.0)
(31.870647, 24.200455, 0.0)
(31.754068, 24.196980, 0.0)
(31.641872, 24.206573, 0.0)
(30.307535, 24.509655, 0.0)
(29.537519, 24.696875, 0.0)
(29.457596, 24.717434, 0.0)
(29.344954, 24.688961, 0.0)
(29.256945, 24.711777, 0.0)
(28.890383, 24.858181, 0.0)
(27.498461, 25.362473, 0.0)
(27.150066, 25.471062, 0.0)
(27.097429, 25.495300, 0.0)
(27.060450, 25.510838, 0.0)
(27.012691, 25.559967, 0.0)
(26.945715, 25.634937, 0.0)
(26.764105, 25.674419, 0.0)
(25.873774, 25.907297, 0.0)
(25.786152, 25.945663, 0.0)
(25.782064, 25.942839, 0.0)
(25.766668, 25.937878, 0.0)
(25.777016, 25.941223, 0.0)
(25.771215, 25.934584, 0.0)
(25.813274, 25.945435, 0.0)
(25.824928, 25.938650, 0.0)
(25.828897, 25.913834, 0.0)
(25.842892, 25.902843, 0.0)
(26.857143, 25.204395, 0.0)
(27.099260, 24.954618, 0.0)
(27.350653, 24.974697, 0.0)
(27.581511, 24.998240, 0.0)
(27.976347, 24.903507, 0.0)
(29.039072, 24.467785, 0.0)
(29.379808, 24.357664, 0.0)
(30.038692, 24.138973, 0.0)
(31.701473, 23.559706, 0.0)
(32.116619, 23.427725, 0.0)
(32.528347, 23.434370, 0.0)
(32.905048, 23.443138, 0.0)
(33.311089, 23.428427, 0.0)
(33.595074, 23.361780, 0.0)
(33.962273, 23.310196, 0.0)
(34.223972, 23.279737, 0.0)
(34.492466, 23.262964, 0.0)
(34.777493, 23.268349, 0.0)
(34.981148, 23.272993, 0.0)
(35.231468, 23.226725, 0.0)
(35.441875, 23.277636, 0.0)
(35.641808, 23.276670, 0.0)
(35.873241, 23.293524, 0.0)
(36.014599, 23.315815, 0.0)
(36.197212, 23.326696, 0.0)
(36.771847, 23.389484, 0.0)
(38.399734, 23.707363, 0.0)
(38.681210, 23.710886, 0.0)
(38.831688, 23.684889, 0.0)
(38.992172, 23.742657, 0.0)
(39.195858, 23.783373, 0.0)
(39.321991, 23.835320, 0.0)
(39.414761, 23.866619, 0.0)
(39.504101, 23.874578, 0.0)
(39.690327, 23.894423, 0.0)
(40.548210, 23.954943, 0.0)
(40.762066, 23.993244, 0.0)
(40.826271, 24.054012, 0.0)
(40.904911, 24.071747, 0.0)
(40.965527, 24.088675, 0.0)
(41.323757, 24.228748, 0.0)
(41.819859, 24.357391, 0.0)
(41.943741, 24.391378, 0.0)
(41.939240, 24.418335, 0.0)
(41.923958, 24.429359, 0.0)
(41.930664, 24.437435, 0.0)
(42.457169, 24.430937, 0.0)
(42.597900, 24.457001, 0.0)
(42.585106, 24.444176, 0.0)
(42.560169, 24.468332, 0.0)
(42.532387, 24.413006, 0.0)
(42.508522, 24.402428, 0.0)
(42.019268, 23.687103, 0.0)
(41.729572, 23.367722, 0.0)
(41.659016, 23.299633, 0.0)
(41.641121, 23.307287, 0.0)
(41.634830, 23.372866, 0.0)
(41.600174, 23.343397, 0.0)
(41.580544, 23.320173, 0.0)
(41.046730, 23.274715, 0.0)
(40.263172, 23.298433, 0.0)
(40.092697, 23.314365, 0.0)
(39.952904, 23.214069, 0.0)
(39.856724, 23.208214, 0.0)
(39.687206, 23.160522, 0.0)
(39.619831, 23.104734, 0.0)
(39.522312, 23.105846, 0.0)
(38.202934, 22.889370, 0.0)
(37.955620, 22.874897, 0.0)
(37.726723, 22.812508, 0.0)
(37.606049, 22.741440, 0.0)
(37.466103, 22.719202, 0.0)
(37.065880, 22.737345, 0.0)
(35.809872, 22.713448, 0.0)
(35.524704, 22.652084, 0.0)
(35.371220, 22.618673, 0.0)
(35.208092, 22.602959, 0.0)
(35.060917, 22.614794, 0.0)
(33.764339, 22.737041, 0.0)
(33.095596, 22.796412, 0.0)
(32.990032, 22.779308, 0.0)
(32.798557, 22.739132, 0.0)
(32.672421, 22.745447, 0.0)
(32.386433, 22.806896, 0.0)
(30.388231, 23.289679, 0.0)
(29.997564, 23.389980, 0.0)
(29.831327, 23.388819, 0.0)
(29.765495, 23.381620, 0.0)
(29.715853, 23.391768, 0.0)
(29.667007, 23.406939, 0.0)
(29.624773, 23.390032, 0.0)
(29.535059, 23.419100, 0.0)
(28.215351, 23.818968, 0.0)
(28.071785, 23.875082, 0.0)
(28.061771, 23.883659, 0.0)
(28.006451, 23.904274, 0.0)
(27.981041, 23.898462, 0.0)
(27.889780, 23.912172, 0.0)
(26.668428, 24.419634, 0.0)
(26.416267, 24.532152, 0.0)
(26.397827, 24.509806, 0.0)
(26.378408, 24.514767, 0.0)
(26.404402, 24.541656, 0.0)
(25.913612, 23.461575, 0.0)
(25.999434, 23.455191, 0.0)
(26.101767, 23.615746, 0.0)
(26.199957, 23.614815, 0.0)
(26.295799, 23.590975, 0.0)
(26.399580, 23.572588, 0.0)
(26.513216, 23.485289, 0.0)
(26.626228, 23.458675, 0.0)
(26.762526, 23.368996, 0.0)
(26.992903, 23.293736, 0.0)
(27.224991, 23.204975, 0.0)
(28.641825, 22.337559, 0.0)
(29.512730, 21.887266, 0.0)
(29.848959, 21.736826, 0.0)
(30.184845, 21.695621, 0.0)
(30.521446, 21.643225, 0.0)
(30.865835, 21.560595, 0.0)
(31.136393, 21.519714, 0.0)
(31.428911, 21.456778, 0.0)
(31.721460, 21.447090, 0.0)
(32.022316, 21.430233, 0.0)
(32.289154, 21.410685, 0.0)
(32.520065, 21.409439, 0.0)
(32.797977, 21.443834, 0.0)
(33.095421, 21.421570, 0.0)
(33.344688, 21.417263, 0.0)
(33.651356, 21.423653, 0.0)
(33.928040, 21.432966, 0.0)
(34.334000, 21.505535, 0.0)
(34.858410, 22.048597, 0.0)
(35.114758, 22.107943, 0.0)
(35.250511, 22.064180, 0.0)
(35.434566, 22.078238, 0.0)
(35.578846, 22.104385, 0.0)
(35.713219, 22.081549, 0.0)
(37.030212, 22.101099, 0.0)
(37.234772, 22.074423, 0.0)
(37.338264, 22.044308, 0.0)
(37.447861, 22.070768, 0.0)
(37.580040, 22.129801, 0.0)
(38.639271, 22.189011, 0.0)
(39.313473, 22.216061, 0.0)
(39.560032, 22.250198, 0.0)
(39.672024, 22.274076, 0.0)
(39.737324, 22.243357, 0.0)
(39.793911, 22.238506, 0.0)
(40.606663, 22.356045, 0.0)
(41.055126, 22.517824, 0.0)
(41.099674, 22.528330, 0.0)
(41.128265, 22.545729, 0.0)
(41.158024, 22.556170, 0.0)
(41.985271, 22.885563, 0.0)
(42.194374, 23.071180, 0.0)
(42.204136, 23.022335, 0.0)
(42.195850, 23.029509, 0.0)
(42.203537, 23.030218, 0.0)
(42.209934, 22.999706, 0.0)
(42.168320, 22.996189, 0.0)
(42.157715, 22.983311, 0.0)
(42.135082, 23.010580, 0.0)
(41.580048, 22.307346, 0.0)
(41.390312, 21.961693, 0.0)
(41.347832, 21.941765, 0.0)
(41.289421, 21.932022, 0.0)
(41.231407, 21.950562, 0.0)
(41.125916, 21.885437, 0.0)
(39.592583, 21.644039, 0.0)
(39.402409, 21.613495, 0.0)
(39.204491, 21.551542, 0.0)
(38.969463, 21.482679, 0.0)
(38.792950, 21.464615, 0.0)
(38.656212, 21.461691, 0.0)
(38.404568, 21.422825, 0.0)
(38.295395, 21.397196, 0.0)
(37.757622, 21.304043, 0.0)
(37.060093, 21.320755, 0.0)
(36.888645, 21.284180, 0.0)
(36.772789, 21.272190, 0.0)
(36.699421, 21.267456, 0.0)
(36.552193, 21.258522, 0.0)
(36.475933, 21.263672, 0.0)
(36.343044, 21.287285, 0.0)
(36.237007, 21.282648, 0.0)
(35.273987, 21.412924, 0.0)
(34.724930, 21.445921, 0.0)
(34.567074, 21.487446, 0.0)
(34.405106, 21.459087, 0.0)
(34.310917, 21.488127, 0.0)
(34.090427, 21.558355, 0.0)
(32.292107, 21.788271, 0.0)
(31.999086, 21.809231, 0.0)
(31.863539, 21.782804, 0.0)
(31.755672, 21.775431, 0.0)
(31.672956, 21.782467, 0.0)
(30.785463, 21.993017, 0.0)
(29.563435, 22.262966, 0.0)
(29.430325, 22.333097, 0.0)
(29.328247, 22.356892, 0.0)
(29.249136, 22.355469, 0.0)
(28.578762, 22.640985, 0.0)
(27.759348, 22.901075, 0.0)
(27.662113, 22.963648, 0.0)
(27.604803, 22.950375, 0.0)
(27.564468, 22.941916, 0.0)
(27.536886, 22.972734, 0.0)
(27.502832, 22.969307, 0.0)
(27.487799, 22.994770, 0.0)
(27.482386, 22.985140, 0.0)
(27.487513, 22.983719, 0.0)
(27.488586, 22.976942, 0.0)
(27.482624, 22.956060, 0.0)
(27.471943, 22.949022, 0.0)
(27.477566, 22.973972, 0.0)
(27.456144, 22.962717, 0.0)
(27.442209, 22.962070, 0.0)
(27.447844, 22.907551, 0.0)
(27.469704, 22.891739, 0.0)
(27.465673, 22.899052, 0.0)
(27.446348, 22.838041, 0.0)
(27.039942, 22.638947, 0.0)
(27.056864, 22.592976, 0.0)
(27.227917, 22.544395, 0.0)
(27.348209, 22.460835, 0.0)
(27.499464, 22.404558, 0.0)
(27.720774, 22.370302, 0.0)
(27.948004, 22.280390, 0.0)
(28.198673, 22.181767, 0.0)
(28.430681, 22.081936, 0.0)
(28.688892, 21.981039, 0.0)
(28.943239, 21.892342, 0.0)
(30.096788, 21.263056, 0.0)
(30.519009, 21.071636, 0.0)
(30.801744, 21.022942, 0.0)
(31.068308, 20.981939, 0.0)
(31.330681, 20.905851, 0.0)
(31.601633, 20.879604, 0.0)
(31.795923, 20.845070, 0.0)
(32.062099, 20.803837, 0.0)
(32.312138, 20.751480, 0.0)
(32.763401, 20.719654, 0.0)
(34.187916, 20.653826, 0.0)
(34.475662, 20.624132, 0.0)
(34.636299, 20.606770, 0.0)
(34.908966, 20.629026, 0.0)
(35.072952, 20.658358, 0.0)
(35.240875, 20.652611, 0.0)
(35.433411, 20.647068, 0.0)
(36.362946, 20.804419, 0.0)
(37.158905, 20.867163, 0.0)
(37.372459, 20.849035, 0.0)
(37.469028, 20.831335, 0.0)
(37.622826, 20.842123, 0.0)
(37.764412, 20.877184, 0.0)
(38.998436, 21.068598, 0.0)
(39.227123, 21.144545, 0.0)
(39.325283, 21.178453, 0.0)
(39.430809, 21.210373, 0.0)
(39.491589, 21.287136, 0.0)
(39.717907, 21.327927, 0.0)
(40.487499, 21.569601, 0.0)
(40.588181, 21.599815, 0.0)
(40.628517, 21.627310, 0.0)
(40.656536, 21.661539, 0.0)
(40.766861, 21.690109, 0.0)
(41.915134, 22.037151, 0.0)
(42.031227, 22.142458, 0.0)
(42.029106, 22.121550, 0.0)
(42.049023, 22.132404, 0.0)
(42.052666, 22.158119, 0.0)
(42.476578, 22.248835, 0.0)
(42.531223, 22.213367, 0.0)
(42.520042, 22.216885, 0.0)
(42.487186, 22.205667, 0.0)
(42.473442, 22.168383, 0.0)
(42.420967, 22.130711, 0.0)
(41.484093, 21.348976, 0.0)
(41.266434, 21.252924, 0.0)
(41.249176, 21.232008, 0.0)
(41.214924, 21.259541, 0.0)
(41.099289, 21.195715, 0.0)
(39.319363, 20.604486, 0.0)
(38.271690, 20.492464, 0.0)
(38.042545, 20.458052, 0.0)
(37.902554, 20.448483, 0.0)
(37.741074, 20.456745, 0.0)
(37.555740, 20.439560, 0.0)
(37.431892, 20.394094, 0.0)
(37.317680, 20.414827, 0.0)
(37.242294, 20.396154, 0.0)
(37.086945, 20.411051, 0.0)
(36.973988, 20.366667, 0.0)
(36.815151, 20.373814, 0.0)
(35.590122, 20.318260, 0.0)
(35.177094, 20.334476, 0.0)
(35.028606, 20.331930, 0.0)
(34.903713, 20.332560, 0.0)
(34.735973, 20.319281, 0.0)
(34.586216, 20.333078, 0.0)
(33.751026, 20.465086, 0.0)
(32.557732, 20.586958, 0.0)
(32.397411, 20.637928, 0.0)
(32.290863, 20.637611, 0.0)
(32.168480, 20.610491, 0.0)
(32.091354, 20.586044, 0.0)
(31.004446, 20.856213, 0.0)
(30.480309, 21.013983, 0.0)
(30.326281, 21.070650, 0.0)
(30.230906, 21.112610, 0.0)
(30.196531, 21.097944, 0.0)
(29.808947, 21.182735, 0.0)
(28.052340, 21.790079, 0.0)
(27.424629, 21.930889, 0.0)
(27.315205, 21.953806, 0.0)
(27.294218, 21.955753, 0.0)
(27.260422, 21.981474, 0.0)
(27.234652, 22.029785, 0.0)
(27.234652, 22.029785, 0.0)
(27.234652, 22.029785, 0.0)
(27.240210, 22.027479, 0.0)
(26.652830, 22.317303, 0.0)
(25.985199, 22.632885, 0.0)
(25.917164, 22.671753, 0.0)
(25.917164, 22.671753, 0.0)
(25.903868, 22.688276, 0.0)
(25.903889, 22.694988, 0.0)
(25.903868, 22.688276, 0.0)
(25.903868, 22.688276, 0.0)
(25.903868, 22.688276, 0.0)
(25.936735, 22.682980, 0.0)
(25.935728, 22.683140, 0.0)
(25.483250, 22.654757, 0.0)
(25.158058, 22.653433, 0.0)
(25.201349, 22.600000, 0.0)
(25.441332, 22.466103, 0.0)
(27.447250, 21.456612, 0.0)
(27.686642, 21.330034, 0.0)
(27.946011, 21.207052, 0.0)
(28.165886, 21.148359, 0.0)
(28.453903, 20.973494, 0.0)
(28.740337, 20.903770, 0.0)
(28.984743, 20.817930, 0.0)
(29.221354, 20.745701, 0.0)
(29.503122, 20.633121, 0.0)
(29.687628, 20.532347, 0.0)
(29.869757, 20.493725, 0.0)
(30.092249, 20.410048, 0.0)
(30.905468, 20.155993, 0.0)
(31.753372, 19.993383, 0.0)
(31.990904, 19.964691, 0.0)
(32.230312, 19.932976, 0.0)
(32.412312, 19.910271, 0.0)
(32.564507, 19.891644, 0.0)
(32.862282, 19.824514, 0.0)
(34.103439, 19.799999, 0.0)
(34.284691, 19.761389, 0.0)
(34.478611, 19.773077, 0.0)
(34.600578, 19.738462, 0.0)
(34.746647, 19.754232, 0.0)
(35.826042, 19.795584, 0.0)
(36.390022, 19.906073, 0.0)
(36.559418, 19.936863, 0.0)
(36.693130, 19.960979, 0.0)
(36.815216, 19.991663, 0.0)
(37.118927, 20.016277, 0.0)
(39.019398, 20.290667, 0.0)
(39.288006, 20.400120, 0.0)
(39.415409, 20.394949, 0.0)
(39.478119, 20.418413, 0.0)
(39.571106, 20.468349, 0.0)
(39.610439, 20.514685, 0.0)
(39.647312, 20.498737, 0.0)
(39.674568, 20.506367, 0.0)
(39.742260, 20.514729, 0.0)
(41.061760, 20.984919, 0.0)
(41.597641, 21.245249, 0.0)
(41.649326, 21.288689, 0.0)
(41.649326, 21.288689, 0.0)
(41.671600, 21.322340, 0.0)
(41.685760, 21.323519, 0.0)
(41.717495, 21.341423, 0.0)
(41.703274, 21.321938, 0.0)
(41.703671, 21.314632, 0.0)
(41.723965, 21.306343, 0.0)
(41.716099, 21.278168, 0.0)
(41.732498, 21.274725, 0.0)
(41.739861, 21.324902, 0.0)
(41.709236, 21.325283, 0.0)
(41.674942, 21.313122, 0.0)
(41.657333, 21.319901, 0.0)
(41.664249, 21.337973, 0.0)
(41.651505, 21.390520, 0.0)
(42.341969, 22.393280, 0.0)
(42.983761, 23.939438, 0.0)
(43.013027, 24.096842, 0.0)
(43.017666, 24.130022, 0.0)
(43.015289, 24.141481, 0.0)
(43.020142, 24.148304, 0.0)
(43.036037, 24.180817, 0.0)
(43.038506, 24.207148, 0.0)
(43.532837, 25.098053, 0.0)
(43.622910, 25.726061, 0.0)
(43.626431, 25.848427, 0.0)
(43.634682, 25.893147, 0.0)
(43.594398, 25.925095, 0.0)
(43.594398, 25.925095, 0.0)
(43.603027, 25.932272, 0.0)
(43.577919, 25.939255, 0.0)
(43.554386, 25.936363, 0.0)
(43.561996, 25.952936, 0.0)
(43.541061, 25.951353, 0.0)
(43.882977, 27.344332, 0.0)
(43.887375, 27.829943, 0.0)
(43.832695, 27.851681, 0.0)
(43.819996, 27.857172, 0.0)
(43.817211, 27.918888, 0.0)
(43.800762, 27.907038, 0.0)
(43.795006, 27.917673, 0.0)
(43.790672, 27.918716, 0.0)
(43.788925, 27.920595, 0.0)
(43.791039, 27.947371, 0.0)
(43.790176, 28.008226, 0.0)
(43.617794, 30.274248, 0.0)
(43.530544, 30.384277, 0.0)
(43.486057, 30.315790, 0.0)
(43.447342, 30.330853, 0.0)
(43.445534, 30.342564, 0.0)
(43.453426, 30.342316, 0.0)
(43.435520, 30.327852, 0.0)
(43.423782, 30.298958, 0.0)
(43.427505, 30.296228, 0.0)
(43.437313, 30.285038, 0.0)
(43.405750, 30.245487, 0.0)
(43.402431, 30.239258, 0.0)
(43.396320, 30.275311, 0.0)
(43.389107, 30.273201, 0.0)
(43.385956, 30.277990, 0.0)
(43.483215, 31.091497, 0.0)
(43.473423, 31.130718, 0.0)
(43.472210, 31.123011, 0.0)
(43.438896, 31.108681, 0.0)
(43.432011, 31.120199, 0.0)
(43.429707, 31.126312, 0.0)
(43.428997, 31.133982, 0.0)
(43.410625, 31.149221, 0.0)
(43.420399, 31.164015, 0.0)
(43.110149, 29.126799, 0.0)
(43.022274, 28.450495, 0.0)
(43.052856, 28.414137, 0.0)
(43.061932, 28.324175, 0.0)
(43.071136, 28.284170, 0.0)
(43.087482, 28.233183, 0.0)
(43.070034, 28.169756, 0.0)
(43.021923, 27.493179, 0.0)
(42.844166, 26.148252, 0.0)
(42.822651, 26.016380, 0.0)
(42.811768, 26.001619, 0.0)
(42.807529, 25.886549, 0.0)
(42.802605, 25.822895, 0.0)
(42.798790, 25.792105, 0.0)
(42.789467, 25.694359, 0.0)
(42.774567, 25.665688, 0.0)
(42.853390, 25.489510, 0.0)
(43.017166, 25.115084, 0.0)
(43.010963, 25.057590, 0.0)
(43.004398, 25.067280, 0.0)
(42.997272, 25.042685, 0.0)
(42.997025, 25.034138, 0.0)
(43.005779, 24.984615, 0.0)
(42.797619, 24.112665, 0.0)
(42.558765, 22.948923, 0.0)
(42.541538, 22.930920, 0.0)
(42.536705, 22.958271, 0.0)
(42.527889, 22.941380, 0.0)
(42.516510, 22.968407, 0.0)
(42.529675, 22.991243, 0.0)
(42.350655, 23.324963, 0.0)
(42.100040, 22.482052, 0.0)
(42.133095, 22.563314, 0.0)
(42.188572, 22.613871, 0.0)
(42.140869, 22.567902, 0.0)
(42.139305, 22.566923, 0.0)
(42.123741, 22.561064, 0.0)
(42.133003, 22.517397, 0.0)
(42.089394, 21.803684, 0.0)
(42.061405, 21.727974, 0.0)
(42.061405, 21.727974, 0.0)
(42.049679, 21.738878, 0.0)
(42.033279, 21.732815, 0.0)
(42.050095, 21.751125, 0.0)
(42.057724, 21.738514, 0.0)
(42.071014, 21.755604, 0.0)
(42.100521, 21.732914, 0.0)
(42.077396, 21.691603, 0.0)
(42.075363, 21.711510, 0.0)
(42.088573, 21.720764, 0.0)
(42.179966, 21.746820, 0.0)
(42.164806, 21.767443, 0.0)
(41.979385, 22.039375, 0.0)
(42.017479, 22.314308, 0.0)
(42.013691, 22.339512, 0.0)
(42.010384, 22.352438, 0.0)
(42.000233, 22.381828, 0.0)
(42.027184, 22.533056, 0.0)
(42.558578, 24.123077, 0.0)
(42.636120, 25.029881, 0.0)
(42.622543, 25.161892, 0.0)
(42.602612, 25.241087, 0.0)
(42.614029, 25.302410, 0.0)
(42.609695, 25.370306, 0.0)
(42.599121, 25.444960, 0.0)
(42.605190, 25.522804, 0.0)
(42.607548, 25.565248, 0.0)
(42.589321, 25.639326, 0.0)
(42.588909, 25.686920, 0.0)
(42.585491, 25.717251, 0.0)
(42.580883, 25.749832, 0.0)
(42.581734, 25.778763, 0.0)
(42.575932, 25.810490, 0.0)
(42.589725, 25.866724, 0.0)
(42.599403, 25.920069, 0.0)
(42.585022, 25.913778, 0.0)
(42.566475, 25.965128, 0.0)
(42.630672, 26.230511, 0.0)
(42.835281, 27.621466, 0.0)
(42.800007, 27.760017, 0.0)
(42.798504, 27.772024, 0.0)
(42.815189, 27.876583, 0.0)
(42.796997, 27.952805, 0.0)
(42.783409, 27.928373, 0.0)
(42.786629, 27.945150, 0.0)
(42.983990, 29.217560, 0.0)
(42.929028, 29.419191, 0.0)
(42.878109, 29.355587, 0.0)
(42.895836, 29.395290, 0.0)
(42.879040, 29.432707, 0.0)
(42.871067, 29.430349, 0.0)
(42.870396, 29.440859, 0.0)
(42.856239, 29.408649, 0.0)
(42.857479, 29.388069, 0.0)
(42.731121, 29.437395, 0.0)
(42.598843, 29.755796, 0.0)
(42.592648, 29.826143, 0.0)
(42.579166, 29.808748, 0.0)
(42.541981, 29.837015, 0.0)
(42.524902, 29.830040, 0.0)
(42.524902, 29.830040, 0.0)
(42.522240, 29.793777, 0.0)
(42.180935, 30.145601, 0.0)
(41.895954, 30.892864, 0.0)
(41.858627, 30.954123, 0.0)
(41.788086, 30.928127, 0.0)
(41.762451, 30.932442, 0.0)
(41.732719, 30.928074, 0.0)
(41.709999, 30.932287, 0.0)
(41.719959, 30.919312, 0.0)
(41.727833, 30.915775, 0.0)
(41.830181, 30.388958, 0.0)
(41.938507, 28.838715, 0.0)
(41.945484, 28.724754, 0.0)
(41.929760, 28.569124, 0.0)
(41.943703, 28.480000, 0.0)
(41.944462, 28.421301, 0.0)
(41.937874, 28.350252, 0.0)
(41.949848, 28.270504, 0.0)
(41.974037, 28.141792, 0.0)
(41.985691, 28.045088, 0.0)
(42.095352, 27.319929, 0.0)
(42.119480, 26.808735, 0.0)
(42.131657, 26.667959, 0.0)
(42.144650, 26.593195, 0.0)
(42.143513, 26.465248, 0.0)
(42.143776, 26.403059, 0.0)
(42.145035, 26.365034, 0.0)
(42.163704, 26.307602, 0.0)
(42.160355, 26.258823, 0.0)
(42.148312, 26.183073, 0.0)
(42.045353, 25.656805, 0.0)
(41.943939, 25.145508, 0.0)
(41.910244, 25.005068, 0.0)
(41.894581, 24.971102, 0.0)
(41.890316, 24.923828, 0.0)
(41.866821, 24.368479, 0.0)
(41.769730, 23.293276, 0.0)
(41.765057, 23.202950, 0.0)
(41.739182, 23.187693, 0.0)
(41.719223, 23.175831, 0.0)
(41.709476, 23.145678, 0.0)
(41.701645, 23.096767, 0.0)
(41.727520, 23.066734, 0.0)
(41.709106, 23.033680, 0.0)
(41.118340, 21.729074, 0.0)
(40.992004, 21.278633, 0.0)
(40.982704, 21.262825, 0.0)
(40.988747, 21.269760, 0.0)
(40.965782, 21.235249, 0.0)
(40.953583, 21.235432, 0.0)
(40.980206, 21.254080, 0.0)
(40.947376, 21.243351, 0.0)
(40.961052, 21.249437, 0.0)
(40.927040, 21.256950, 0.0)
(40.785080, 20.996458, 0.0)
(40.708698, 20.820036, 0.0)
(40.696453, 20.846329, 0.0)
(40.688080, 20.864777, 0.0)
(40.686108, 20.892080, 0.0)
(40.673317, 20.912256, 0.0)
(40.644932, 20.908186, 0.0)
(40.646912, 20.935169, 0.0)
(40.629662, 20.971970, 0.0)
(40.925873, 22.703634, 0.0)
(40.894421, 22.917555, 0.0)
(40.888348, 22.975496, 0.0)
(40.864891, 23.056635, 0.0)
(40.844433, 23.080936, 0.0)
(40.830769, 23.110235, 0.0)
(40.830769, 23.110235, 0.0)
(40.874149, 23.276386, 0.0)
(41.284451, 25.329298, 0.0)
(41.482761, 27.308994, 0.0)
(41.543396, 28.385426, 0.0)
(41.475235, 28.483257, 0.0)
(41.416794, 28.476208, 0.0)
(41.359264, 28.533232, 0.0)
(41.360081, 28.506788, 0.0)
(41.360081, 28.506788, 0.0)
(41.351814, 28.480955, 0.0)
(41.383080, 28.167984, 0.0)
(41.456432, 27.593386, 0.0)
(41.429173, 27.589502, 0.0)
(41.433094, 27.631344, 0.0)
(41.438278, 27.653198, 0.0)
(41.426594, 27.689714, 0.0)
(41.412498, 27.704586, 0.0)
(41.419727, 27.697186, 0.0)
(41.436985, 27.713587, 0.0)
(41.429123, 27.785494, 0.0)
(41.415867, 27.768974, 0.0)
(41.432209, 27.746977, 0.0)
(41.425728, 27.793478, 0.0)
(41.437000, 27.813652, 0.0)
(41.432659, 27.851210, 0.0)
(41.443489, 27.896667, 0.0)
(41.466370, 27.925808, 0.0)
(41.493168, 28.073616, 0.0)
(41.607761, 30.060440, 0.0)
(41.489605, 30.631674, 0.0)
(41.435642, 30.631227, 0.0)
(41.394882, 30.636909, 0.0)
(41.383793, 30.639187, 0.0)
(41.386166, 30.656261, 0.0)
(41.384922, 30.645256, 0.0)
(41.382996, 30.652157, 0.0)
(41.377720, 30.664421, 0.0)
(41.376404, 30.690800, 0.0)
(41.369148, 30.682352, 0.0)
(41.382317, 30.694033, 0.0)
(41.368961, 30.703049, 0.0)
(41.348122, 30.718971, 0.0)
(41.339573, 30.762533, 0.0)
(41.332710, 30.753708, 0.0)
(41.250942, 31.021736, 0.0)
(41.210037, 31.202269, 0.0)
(41.187817, 31.175987, 0.0)
(41.166000, 31.174479, 0.0)
(41.187027, 31.144939, 0.0)
(40.649723, 31.124842, 0.0)
(39.996357, 31.294359, 0.0)
(39.927921, 31.309374, 0.0)
(39.919380, 31.314251, 0.0)
(39.895443, 31.272907, 0.0)
(39.806805, 31.254242, 0.0)
(40.171879, 30.322042, 0.0)
(40.383930, 29.437103, 0.0)
(40.366596, 29.231554, 0.0)
(40.328037, 29.084993, 0.0)
(40.342983, 28.936171, 0.0)
(40.333050, 28.755096, 0.0)
(40.406548, 28.352448, 0.0)
(40.559860, 27.562361, 0.0)
(40.536633, 27.332809, 0.0)
(40.497246, 27.140070, 0.0)
(40.505173, 27.044918, 0.0)
(40.499668, 26.964926, 0.0)
(40.497448, 26.883944, 0.0)
(40.520203, 26.818493, 0.0)
(40.521950, 26.768915, 0.0)
(40.536003, 26.651512, 0.0)
(40.529392, 26.372089, 0.0)
(40.466583, 25.421608, 0.0)
(40.488701, 25.251749, 0.0)
(40.474598, 25.206297, 0.0)
(40.465473, 25.108429, 0.0)
(40.494701, 25.025145, 0.0)
(40.503517, 24.908026, 0.0)
(40.511562, 24.851538, 0.0)
(40.382607, 23.863596, 0.0)
(40.375210, 23.591042, 0.0)
(40.366524, 23.536581, 0.0)
(40.355949, 23.524696, 0.0)
(40.362770, 23.462605, 0.0)
(40.368858, 23.423309, 0.0)
(40.318092, 23.004196, 0.0)
(40.145683, 22.040949, 0.0)
(40.131107, 21.891098, 0.0)
(40.120579, 21.877968, 0.0)
(40.113922, 21.854877, 0.0)
(40.114792, 21.813091, 0.0)
(40.108753, 21.796778, 0.0)
(39.180096, 20.044415, 0.0)
(39.175575, 20.067503, 0.0)
(39.171314, 20.073519, 0.0)
(39.172314, 20.082684, 0.0)
(39.154076, 20.098673, 0.0)
(38.626663, 20.143589, 0.0)
(38.559193, 20.161356, 0.0)
(38.559193, 20.161356, 0.0)
(38.537113, 20.173870, 0.0)
(38.528900, 20.193270, 0.0)
(38.535175, 20.253876, 0.0)
(38.572781, 20.462471, 0.0)
(39.445087, 23.045275, 0.0)
(39.536732, 23.611076, 0.0)
(39.514866, 23.736641, 0.0)
(39.511662, 23.807093, 0.0)
(39.497841, 23.825785, 0.0)
(39.499851, 23.890366, 0.0)
(39.513016, 23.913422, 0.0)
(39.503338, 23.872604, 0.0)
(39.569687, 23.799145, 0.0)
(39.586376, 23.836039, 0.0)
(39.579365, 23.860004, 0.0)
(39.569687, 23.928205, 0.0)
(39.550945, 23.965263, 0.0)
(39.551811, 23.990206, 0.0)
(39.550243, 24.026976, 0.0)
(39.544773, 24.026831, 0.0)
(39.547707, 24.073339, 0.0)
(39.672985, 24.497519, 0.0)
(39.795128, 25.832911, 0.0)
(39.799137, 26.015337, 0.0)
(39.750923, 26.094608, 0.0)
(39.744160, 26.122028, 0.0)
(39.752434, 26.222139, 0.0)
(39.756149, 26.313999, 0.0)
(39.736042, 26.340755, 0.0)
(39.849472, 27.291668, 0.0)
(39.810196, 27.543512, 0.0)
(39.768234, 27.546452, 0.0)
(39.754517, 27.585300, 0.0)
(39.735546, 27.613466, 0.0)
(39.729984, 27.630770, 0.0)
(39.729984, 27.630770, 0.0)
(39.714535, 27.680618, 0.0)
(39.725048, 27.734735, 0.0)
(39.715202, 27.796871, 0.0)
(39.932709, 29.873421, 0.0)
(39.885826, 30.043596, 0.0)
(39.859665, 30.063753, 0.0)
(39.857445, 30.066105, 0.0)
(39.819519, 30.087528, 0.0)
(39.813694, 30.081064, 0.0)
(39.805779, 30.086370, 0.0)
(39.802338, 30.097746, 0.0)
(39.797176, 30.263756, 0.0)
(39.757881, 31.345264, 0.0)
(39.719242, 31.465935, 0.0)
(39.660049, 31.438812, 0.0)
(39.633087, 31.410376, 0.0)
(39.617340, 31.381025, 0.0)
(39.583435, 31.364355, 0.0)
(38.267620, 31.623529, 0.0)
(38.154751, 31.675913, 0.0)
(38.146732, 31.693727, 0.0)
(38.139244, 31.608727, 0.0)
(38.128056, 31.493292, 0.0)
(38.171341, 28.925472, 0.0)
(38.192974, 28.624851, 0.0)
(38.173496, 28.551989, 0.0)
(38.135048, 28.483847, 0.0)
(38.130470, 28.339619, 0.0)
(38.479088, 27.744640, 0.0)
(38.713642, 27.325031, 0.0)
(38.721859, 27.250767, 0.0)
(38.734665, 27.114143, 0.0)
(38.743549, 27.053909, 0.0)
(38.746967, 26.939077, 0.0)
(38.776199, 26.852381, 0.0)
(38.765247, 26.776495, 0.0)
(38.786102, 26.750416, 0.0)
(38.778366, 26.634886, 0.0)
(38.800251, 26.569193, 0.0)
(38.808678, 26.520639, 0.0)
(38.760578, 25.815619, 0.0)
(38.684593, 25.206020, 0.0)
(38.688660, 25.090357, 0.0)
(38.696476, 25.018938, 0.0)
(38.668182, 25.003744, 0.0)
(38.655071, 24.907370, 0.0)
(38.662895, 24.860043, 0.0)
(38.666855, 24.855536, 0.0)
(38.667576, 24.563402, 0.0)
(38.556400, 23.616146, 0.0)
(38.504917, 23.529886, 0.0)
(38.507393, 23.517982, 0.0)
(38.480217, 23.472467, 0.0)
(38.446678, 22.956738, 0.0)
(38.105888, 21.785025, 0.0)
(38.068306, 21.596455, 0.0)
(38.041321, 21.588289, 0.0)
(38.018120, 21.548937, 0.0)
(38.000774, 21.499756, 0.0)
(38.013882, 21.477144, 0.0)
(38.002312, 21.461100, 0.0)
(37.955433, 21.110662, 0.0)
(37.690582, 20.227203, 0.0)
(37.643242, 20.222618, 0.0)
(37.644875, 20.230553, 0.0)
(37.643253, 20.237673, 0.0)
(37.646980, 20.198885, 0.0)
(37.640610, 20.194462, 0.0)
(37.631954, 20.159817, 0.0)
(37.620758, 20.160555, 0.0)
(37.618752, 20.186432, 0.0)
(37.617817, 20.231674, 0.0)
(37.614338, 20.267847, 0.0)
(37.606853, 20.284998, 0.0)
(37.460865, 20.403131, 0.0)
(37.055267, 20.914953, 0.0)
(36.994221, 20.969690, 0.0)
(36.974876, 21.027653, 0.0)
(36.941456, 21.028797, 0.0)
(36.928490, 21.105757, 0.0)
(36.925484, 21.148409, 0.0)
(36.921886, 21.181723, 0.0)
(36.919376, 21.214762, 0.0)
(36.930618, 21.255983, 0.0)
(37.173645, 21.943241, 0.0)
(37.541405, 24.031813, 0.0)
(37.506813, 24.364168, 0.0)
(37.481403, 24.468687, 0.0)
(37.447491, 24.487432, 0.0)
(37.446682, 24.525930, 0.0)
(37.433125, 24.567369, 0.0)
(37.422192, 24.577978, 0.0)
(37.424175, 24.608232, 0.0)
(37.428947, 24.612411, 0.0)
(37.456646, 24.702959, 0.0)
(37.446419, 24.744543, 0.0)
(37.468525, 24.792095, 0.0)
(37.471714, 24.841490, 0.0)
(37.482292, 24.863777, 0.0)
(37.621799, 25.387363, 0.0)
(37.803467, 26.294430, 0.0)
(37.769299, 26.406115, 0.0)
(37.787117, 26.388927, 0.0)
(37.802498, 26.396896, 0.0)
(37.802498, 26.396896, 0.0)
(37.780155, 26.396652, 0.0)
(37.782375, 26.419142, 0.0)
(37.801403, 26.592291, 0.0)
(38.172749, 28.862795, 0.0)
(38.120213, 29.106691, 0.0)
(38.069206, 29.073399, 0.0)
(38.063450, 29.084675, 0.0)
(38.059376, 29.088417, 0.0)
(38.038422, 29.047512, 0.0)
(38.024822, 29.082787, 0.0)
(37.996513, 29.119955, 0.0)
(37.995438, 29.139647, 0.0)
(37.984165, 29.104046, 0.0)
(37.939995, 29.147356, 0.0)
(37.980415, 31.032726, 0.0)
(37.893375, 31.332893, 0.0)
(37.857101, 31.326248, 0.0)
(37.827690, 31.345121, 0.0)
(37.763561, 31.382929, 0.0)
(37.757858, 31.365227, 0.0)
(37.753777, 31.366671, 0.0)
(37.734421, 31.350742, 0.0)
(37.701389, 31.307169, 0.0)
(37.747032, 31.284475, 0.0)
(37.687477, 31.252150, 0.0)
(36.878124, 31.165878, 0.0)
(36.782825, 31.222027, 0.0)
(36.780926, 31.258398, 0.0)
(36.756187, 31.229191, 0.0)
(36.784157, 31.132637, 0.0)
(36.743210, 29.791615, 0.0)
(36.708740, 28.429762, 0.0)
(36.673603, 28.213234, 0.0)
(36.680534, 28.146980, 0.0)
(36.689415, 28.066036, 0.0)
(36.652115, 27.966864, 0.0)
(36.633190, 27.859022, 0.0)
(36.634338, 27.805452, 0.0)
(36.663219, 27.721241, 0.0)
(36.659863, 27.644283, 0.0)
(36.680721, 27.574661, 0.0)
(36.688915, 27.516157, 0.0)
(36.621811, 26.723867, 0.0)
(36.538559, 26.030270, 0.0)
(36.524071, 25.906815, 0.0)
(36.520138, 25.898687, 0.0)
(36.509682, 25.863041, 0.0)
(36.513451, 25.882505, 0.0)
(36.517063, 25.865490, 0.0)
(36.511547, 25.841400, 0.0)
(36.518291, 25.854198, 0.0)
(36.519272, 25.860664, 0.0)
(36.434155, 24.436052, 0.0)
(36.350452, 24.190727, 0.0)
(36.338646, 24.179176, 0.0)
(36.333225, 24.123671, 0.0)
(36.346821, 24.084881, 0.0)
(36.360031, 24.076807, 0.0)
(36.089012, 22.906975, 0.0)
(35.885361, 21.989529, 0.0)
(35.832958, 21.947840, 0.0)
(35.828403, 21.965572, 0.0)
(35.799297, 21.966009, 0.0)
(35.797592, 21.942072, 0.0)
(35.792171, 21.883711, 0.0)
(35.800266, 21.887598, 0.0)
(35.759579, 20.862474, 0.0)
(35.730251, 20.724915, 0.0)
(35.704811, 20.752602, 0.0)
(35.700626, 20.765923, 0.0)
(35.669411, 20.763321, 0.0)
(35.691433, 20.747253, 0.0)
(35.696949, 20.774891, 0.0)
(35.664429, 20.789188, 0.0)
(35.669224, 20.776556, 0.0)
(35.425846, 19.905756, 0.0)
(35.276363, 19.788773, 0.0)
(35.263016, 19.817471, 0.0)
(35.236046, 19.812445, 0.0)
(35.236046, 19.812445, 0.0)
(35.253868, 19.820374, 0.0)
(35.291603, 19.851089, 0.0)
(35.266167, 19.868250, 0.0)
(35.191212, 19.973627, 0.0)
(35.046650, 21.477112, 0.0)
(35.003769, 21.663067, 0.0)
(34.984276, 21.646574, 0.0)
(34.971870, 21.682425, 0.0)
(34.984051, 21.703800, 0.0)
(34.976704, 21.756609, 0.0)
(34.964947, 21.813406, 0.0)
(34.976254, 21.856739, 0.0)
(34.973476, 21.871304, 0.0)
(34.984375, 22.011076, 0.0)
(35.269062, 24.064322, 0.0)
(35.283581, 24.697844, 0.0)
(35.205410, 24.778076, 0.0)
(35.191658, 24.799999, 0.0)
(35.185905, 24.860952, 0.0)
(35.182644, 24.869122, 0.0)
(35.168346, 24.887388, 0.0)
(35.163795, 24.887787, 0.0)
(35.208961, 24.956711, 0.0)
(35.203823, 24.970291, 0.0)
(35.202366, 24.976450, 0.0)
(35.206165, 25.022223, 0.0)
(35.213978, 25.057781, 0.0)
(35.234268, 25.094854, 0.0)
(35.234901, 25.107693, 0.0)
(35.238041, 25.122204, 0.0)
(35.806328, 26.391172, 0.0)
(35.821705, 27.025942, 0.0)
(35.794006, 27.125647, 0.0)
(35.786354, 27.117693, 0.0)
(35.785561, 27.133217, 0.0)
(35.775108, 27.151951, 0.0)
(35.764317, 27.163284, 0.0)
(35.770145, 27.163801, 0.0)
(35.760433, 27.193277, 0.0)
(35.739498, 27.178461, 0.0)
(35.755291, 27.170361, 0.0)
(35.720135, 27.170258, 0.0)
(35.706562, 27.174339, 0.0)
(35.699070, 27.205168, 0.0)
(35.686787, 27.204437, 0.0)
(35.672550, 27.232975, 0.0)
(35.640774, 27.260731, 0.0)
(35.945824, 28.567322, 0.0)
(36.100689, 30.686741, 0.0)
(36.063354, 30.863871, 0.0)
(36.043850, 30.858131, 0.0)
(35.981037, 30.887238, 0.0)
(36.000931, 30.890505, 0.0)
(35.963272, 30.899412, 0.0)
(35.927345, 30.900604, 0.0)
(35.924725, 30.908964, 0.0)
(35.918247, 30.900204, 0.0)
(35.912556, 30.895546, 0.0)
(35.909821, 30.900419, 0.0)
(35.884045, 30.906706, 0.0)
(34.212055, 31.555164, 0.0)
(33.985729, 31.648914, 0.0)
(33.933907, 31.585995, 0.0)
(33.842274, 31.539968, 0.0)
(33.828247, 31.482908, 0.0)
(34.299995, 29.406683, 0.0)
(34.282326, 29.175304, 0.0)
(34.261967, 29.115736, 0.0)
(34.281807, 29.014891, 0.0)
(34.276836, 28.921911, 0.0)
(34.308979, 28.749928, 0.0)
(34.519676, 27.294811, 0.0)
(34.509403, 27.126778, 0.0)
(34.493740, 27.058588, 0.0)
(34.478439, 26.932491, 0.0)
(34.468632, 26.856947, 0.0)
(34.451984, 26.777258, 0.0)
(34.461075, 26.694506, 0.0)
(34.459835, 26.597483, 0.0)
(34.452698, 26.517675, 0.0)
(34.439919, 26.418049, 0.0)
(34.443600, 26.351210, 0.0)
(34.284939, 25.862896, 0.0)
(34.151234, 25.267372, 0.0)
(34.087578, 25.116776, 0.0)
(34.071949, 25.096317, 0.0)
(34.078026, 25.043655, 0.0)
(34.085037, 24.930370, 0.0)
(34.068405, 24.858818, 0.0)
(34.048668, 24.439493, 0.0)
(33.940681, 23.138462, 0.0)
(33.833069, 23.065472, 0.0)
(33.821430, 23.053528, 0.0)
(33.806667, 22.989325, 0.0)
(33.810978, 22.963840, 0.0)
(33.837379, 22.939898, 0.0)
(33.808796, 22.868486, 0.0)
(33.442329, 21.694160, 0.0)
(33.364635, 21.505808, 0.0)
(33.331509, 21.481152, 0.0)
(33.350574, 21.479462, 0.0)
(33.357281, 21.490616, 0.0)
(33.354290, 21.484573, 0.0)
(33.205849, 20.897520, 0.0)
(33.076530, 20.463823, 0.0)
(33.054604, 20.470011, 0.0)
(33.029213, 20.524822, 0.0)
(33.030472, 20.537113, 0.0)
(33.030472, 20.537113, 0.0)
(33.019321, 20.519596, 0.0)
(33.019321, 20.519596, 0.0)
(33.015087, 20.524578, 0.0)
(33.018757, 20.554976, 0.0)
(33.027241, 20.595625, 0.0)
(33.018185, 20.617067, 0.0)
(32.983734, 20.615570, 0.0)
(32.984859, 20.630770, 0.0)
(32.788651, 20.783590, 0.0)
(32.575874, 21.360994, 0.0)
(32.519302, 21.429531, 0.0)
(32.489910, 21.445627, 0.0)
(32.483650, 21.445370, 0.0)
(32.494293, 21.475372, 0.0)
(32.489147, 21.539829, 0.0)
(32.663570, 22.562084, 0.0)
(32.677708, 23.194311, 0.0)
(32.650414, 23.264214, 0.0)
(32.640827, 23.327448, 0.0)
(32.649174, 23.491844, 0.0)
(32.650414, 23.510368, 0.0)
(32.631435, 23.566027, 0.0)
(32.631348, 23.590761, 0.0)
(32.662300, 23.673845, 0.0)
(32.664772, 23.738207, 0.0)
(32.664787, 23.766926, 0.0)
(32.693058, 24.885841, 0.0)
(32.780174, 25.539680, 0.0)
(32.746635, 25.602396, 0.0)
(32.744801, 25.687998, 0.0)
(32.756336, 25.726627, 0.0)
(32.745155, 25.790024, 0.0)
(32.741219, 25.814201, 0.0)
(33.049480, 26.190653, 0.0)
(33.531387, 27.411806, 0.0)
(33.534000, 27.579300, 0.0)
(33.529682, 27.575930, 0.0)
(33.520271, 27.608683, 0.0)
(33.495659, 27.597967, 0.0)
(33.517006, 27.591854, 0.0)
(33.524597, 27.629425, 0.0)
(33.508381, 27.661472, 0.0)
(33.482925, 27.674200, 0.0)
(33.508404, 27.658834, 0.0)
(33.482021, 28.719114, 0.0)
(33.510471, 29.467207, 0.0)
(33.508423, 29.552458, 0.0)
(33.481544, 29.566338, 0.0)
(33.474819, 29.575644, 0.0)
(33.468143, 29.558622, 0.0)
(33.454243, 29.564520, 0.0)
(33.458668, 29.563732, 0.0)
(33.453243, 29.570507, 0.0)
(33.458332, 29.633703, 0.0)
(33.950790, 31.570831, 0.0)
(33.918858, 31.724859, 0.0)
(33.882694, 31.710407, 0.0)
(33.871826, 31.720848, 0.0)
(33.853695, 31.746775, 0.0)
(33.847382, 31.742336, 0.0)
(33.836403, 31.683010, 0.0)
(33.794186, 31.631414, 0.0)
(33.773865, 31.654617, 0.0)
(33.474384, 31.720549, 0.0)
(32.390495, 31.764433, 0.0)
(32.235611, 31.157261, 0.0)
(32.298119, 30.360283, 0.0)
(32.245449, 29.960495, 0.0)
(32.251266, 29.919312, 0.0)
(32.280296, 29.796545, 0.0)
(32.325943, 29.646402, 0.0)
(32.356838, 29.484949, 0.0)
(32.380104, 29.347584, 0.0)
(32.208248, 28.442909, 0.0)
(32.140591, 27.745173, 0.0)
(32.141502, 27.556103, 0.0)
(32.141285, 27.470686, 0.0)
(32.107040, 27.375139, 0.0)
(32.117008, 27.311132, 0.0)
(32.104027, 27.254725, 0.0)
(32.134045, 27.180981, 0.0)
(32.123539, 27.177092, 0.0)
(32.133385, 27.132929, 0.0)
(31.819618, 26.039225, 0.0)
(31.668921, 25.038570, 0.0)
(31.651358, 24.915743, 0.0)
(31.634228, 24.831274, 0.0)
(31.620712, 24.780697, 0.0)
(31.622015, 24.702608, 0.0)
(31.630058, 24.657692, 0.0)
(31.614216, 24.574360, 0.0)
(31.448244, 23.292158, 0.0)
(31.328741, 23.056814, 0.0)
(31.289618, 23.056202, 0.0)
(31.296162, 22.995188, 0.0)
(31.296162, 22.995188, 0.0)
(31.284075, 22.982224, 0.0)
(31.294676, 22.954494, 0.0)
(31.294735, 22.926533, 0.0)
(31.093742, 21.851505, 0.0)
(30.976053, 21.198986, 0.0)
(30.943022, 21.173368, 0.0)
(30.948559, 21.176107, 0.0)
(30.944788, 21.181572, 0.0)
(30.928900, 21.195000, 0.0)
(30.911634, 21.177391, 0.0)
(30.895283, 21.159712, 0.0)
(30.997068, 20.442623, 0.0)
(30.936810, 20.150446, 0.0)
(30.910494, 20.162426, 0.0)
(30.917946, 20.180431, 0.0)
(30.899107, 20.230770, 0.0)
(30.883400, 20.221365, 0.0)
(30.880848, 20.189442, 0.0)
(30.871834, 20.222271, 0.0)
(30.847488, 20.265965, 0.0)
(30.847206, 20.299673, 0.0)
(30.827835, 20.338291, 0.0)
(30.785273, 20.360632, 0.0)
(30.088799, 21.318918, 0.0)
(29.928528, 21.457544, 0.0)
(29.909023, 21.460869, 0.0)
(29.906464, 21.512135, 0.0)
(29.910219, 21.524714, 0.0)
(29.954748, 21.538141, 0.0)
(29.974377, 21.555592, 0.0)
(30.077297, 22.287783, 0.0)
(30.265451, 23.631952, 0.0)
(30.267393, 23.827337, 0.0)
(30.251183, 23.863968, 0.0)
(30.237465, 23.939344, 0.0)
(30.225420, 23.964626, 0.0)
(30.241022, 24.020416, 0.0)
(30.272282, 24.050404, 0.0)
(30.271078, 24.093420, 0.0)
(30.272856, 24.123077, 0.0)
(30.296295, 24.220226, 0.0)
(30.312029, 24.266569, 0.0)
(30.846510, 25.718323, 0.0)
(30.867897, 26.208239, 0.0)
(30.819061, 26.227278, 0.0)
(30.819708, 26.265583, 0.0)
(30.823706, 26.296003, 0.0)
(30.831543, 26.339468, 0.0)
(30.834076, 26.370239, 0.0)
(30.829414, 26.449001, 0.0)
(30.823326, 26.530533, 0.0)
(30.833895, 26.561647, 0.0)
(30.863317, 26.676231, 0.0)
(31.013723, 28.152203, 0.0)
(30.984104, 28.283173, 0.0)
(30.946732, 28.230059, 0.0)
(30.924833, 28.268158, 0.0)
(30.923191, 28.280289, 0.0)
(30.922499, 28.310560, 0.0)
(30.922499, 28.310560, 0.0)
(30.922201, 28.304340, 0.0)
(30.919323, 28.311523, 0.0)
(31.344566, 29.398777, 0.0)
(31.722717, 31.352518, 0.0)
(31.680943, 31.460108, 0.0)
(31.651558, 31.460461, 0.0)
(31.611526, 31.441334, 0.0)
(31.602062, 31.419876, 0.0)
(31.620573, 31.453592, 0.0)
(31.631090, 31.471546, 0.0)
(31.622408, 31.471140, 0.0)
(31.603140, 31.447073, 0.0)
(31.595867, 31.433983, 0.0)
(31.587009, 31.443245, 0.0)
(31.580799, 31.460424, 0.0)
(31.519608, 31.463421, 0.0)
(31.470995, 31.447899, 0.0)
(31.467669, 31.447590, 0.0)
(31.434902, 31.406694, 0.0)
(31.400890, 31.409231, 0.0)
(31.404381, 31.420151, 0.0)
(31.399807, 31.447008, 0.0)
(31.380762, 31.422518, 0.0)
(31.364004, 31.419178, 0.0)
(30.604725, 30.416714, 0.0)
(30.360172, 29.967365, 0.0)
(30.291386, 29.915253, 0.0)
(30.233097, 29.778282, 0.0)
(30.204947, 29.693386, 0.0)
(30.184139, 29.578281, 0.0)
(30.123062, 29.430548, 0.0)
(29.709761, 28.751356, 0.0)
(29.589167, 28.305517, 0.0)
(29.575628, 28.235422, 0.0)
(29.617899, 28.134659, 0.0)
(29.610992, 28.024591, 0.0)
(29.613379, 27.935173, 0.0)
(29.600817, 27.823589, 0.0)
(29.610914, 27.757784, 0.0)
(29.606121, 27.641239, 0.0)
(29.621304, 27.574381, 0.0)
(29.621857, 27.432537, 0.0)
(29.632975, 26.419554, 0.0)
(29.555647, 25.740984, 0.0)
(29.510578, 25.618710, 0.0)
(29.500854, 25.507317, 0.0)
(29.477625, 25.474148, 0.0)
(29.492300, 25.444666, 0.0)
(29.510557, 25.422081, 0.0)
(29.506029, 25.391123, 0.0)
(29.475660, 25.206938, 0.0)
(29.269974, 24.299500, 0.0)
(29.258970, 24.149574, 0.0)
(29.250235, 24.120327, 0.0)
(29.244091, 24.039370, 0.0)
(29.242443, 24.020514, 0.0)
(29.223337, 23.984310, 0.0)
(28.933578, 22.733856, 0.0)
(28.874550, 22.361958, 0.0)
(28.843685, 22.339397, 0.0)
(28.852680, 22.312462, 0.0)
(28.853222, 22.291269, 0.0)
(28.853222, 22.291269, 0.0)
(28.853222, 22.291269, 0.0)
(28.845119, 22.264271, 0.0)
(28.856640, 22.262398, 0.0)
(28.856064, 22.269684, 0.0)
(28.792303, 22.234879, 0.0)
(28.633408, 22.142088, 0.0)
(28.612202, 22.104458, 0.0)
(28.637571, 22.079231, 0.0)
(28.628325, 22.116922, 0.0)
(28.616425, 22.136042, 0.0)
(28.616255, 22.143751, 0.0)
(28.607700, 22.146105, 0.0)
(28.596874, 22.181196, 0.0)
(28.602053, 22.636602, 0.0)
(28.700731, 23.786644, 0.0)
(28.764017, 24.865574, 0.0)
(28.703966, 25.115786, 0.0)
(28.638752, 25.160877, 0.0)
(28.573298, 25.204561, 0.0)
(28.575779, 25.232437, 0.0)
(28.567364, 25.255114, 0.0)
(28.577530, 25.281210, 0.0)
(28.631964, 25.325270, 0.0)
(28.668098, 25.404753, 0.0)
(28.671953, 25.431444, 0.0)
(28.672426, 25.438223, 0.0)
(28.698431, 25.472202, 0.0)
(28.724373, 25.494061, 0.0)
(28.746548, 25.495123, 0.0)
(28.749727, 25.500174, 0.0)
(28.607523, 26.364622, 0.0)
(28.597708, 26.579199, 0.0)
(28.572170, 26.621239, 0.0)
(28.585218, 26.652128, 0.0)
(28.576675, 26.670891, 0.0)
(28.583929, 26.685369, 0.0)
(28.577360, 26.745125, 0.0)
(28.599207, 26.748323, 0.0)
(28.615517, 26.772329, 0.0)
(28.626249, 26.837769, 0.0)
(28.838753, 27.833763, 0.0)
(28.903185, 28.451191, 0.0)
(28.901836, 28.543568, 0.0)
(28.883257, 28.572865, 0.0)
(28.880180, 28.634102, 0.0)
(28.885574, 28.644194, 0.0)
(28.895596, 28.656773, 0.0)
(28.897736, 28.712128, 0.0)
(28.912033, 28.750555, 0.0)
(29.537689, 30.227890, 0.0)
(29.678038, 31.053862, 0.0)
(29.652906, 31.152029, 0.0)
(29.649969, 31.131054, 0.0)
(29.609196, 31.146950, 0.0)
(29.944044, 31.757685, 0.0)
(30.190170, 32.600475, 0.0)
(30.199877, 32.709133, 0.0)
(30.167559, 32.624577, 0.0)
(30.149153, 32.598236, 0.0)
(30.123220, 32.550343, 0.0)
(30.078274, 32.516144, 0.0)
(28.154158, 30.226562, 0.0)
(28.237534, 30.075485, 0.0)
(28.285084, 30.092630, 0.0)
(28.242836, 30.094152, 0.0)
(28.242216, 29.981113, 0.0)
(28.254969, 29.983141, 0.0)
(28.240511, 29.958447, 0.0)
(28.240179, 29.934067, 0.0)
(28.249317, 29.907486, 0.0)
(28.262350, 29.885948, 0.0)
(28.286373, 29.863106, 0.0)
(28.309238, 29.814665, 0.0)
(28.323151, 29.800053, 0.0)
(28.329109, 29.770111, 0.0)
(28.336336, 29.757360, 0.0)
(28.340168, 29.716879, 0.0)
(28.341608, 29.697342, 0.0)
(28.311176, 29.664495, 0.0)
(28.311903, 29.635279, 0.0)
(28.303366, 29.591772, 0.0)
(28.059685, 29.049971, 0.0)
(27.915041, 28.711674, 0.0)
(27.871832, 28.626652, 0.0)
(27.862963, 28.542339, 0.0)
(27.841208, 28.469421, 0.0)
(27.851917, 28.365490, 0.0)
(27.789093, 27.511438, 0.0)
(27.669802, 26.954412, 0.0)
(27.651459, 26.825617, 0.0)
(27.642185, 26.728062, 0.0)
(27.618221, 26.615238, 0.0)
(27.612251, 26.572578, 0.0)
(27.626461, 26.539639, 0.0)
(27.358353, 25.110191, 0.0)
(27.307180, 24.785318, 0.0)
(27.300520, 24.777000, 0.0)
(27.313131, 24.727894, 0.0)
(27.313131, 24.727894, 0.0)
(27.285355, 24.674261, 0.0)
(27.286556, 24.635582, 0.0)
(27.288706, 24.004112, 0.0)
(27.263472, 23.215750, 0.0)
(27.254667, 23.178413, 0.0)
(27.250294, 23.203409, 0.0)
(27.244783, 23.186398, 0.0)
(27.247217, 23.198057, 0.0)
(27.241997, 23.156647, 0.0)
(27.239714, 23.144384, 0.0)
(27.229927, 22.552444, 0.0)
(27.209349, 22.425419, 0.0)
(27.223364, 22.429836, 0.0)
(27.228760, 22.467440, 0.0)
(27.229641, 22.492887, 0.0)
(27.235144, 22.533251, 0.0)
(27.213934, 22.563446, 0.0)
(27.229927, 22.552444, 0.0)
(27.236502, 22.549263, 0.0)
(27.306238, 23.170347, 0.0)
(27.463737, 24.186964, 0.0)
(27.415392, 24.249531, 0.0)
(27.378456, 24.255854, 0.0)
(27.373455, 24.268476, 0.0)
(27.367275, 24.310652, 0.0)
(27.370399, 24.315514, 0.0)
(27.369038, 24.355589, 0.0)
(27.092363, 25.373632, 0.0)
(27.041538, 27.595079, 0.0)
(26.966583, 28.108425, 0.0)
(26.920609, 28.216101, 0.0)
(26.916292, 28.242165, 0.0)
(26.906902, 28.248138, 0.0)
(26.906902, 28.248138, 0.0)
(26.908670, 28.301538, 0.0)
(26.925964, 28.298700, 0.0)
(26.931284, 28.332478, 0.0)
(26.925724, 28.357035, 0.0)
(26.928883, 28.378496, 0.0)
(26.935549, 28.415827, 0.0)
(26.946573, 28.410936, 0.0)
(26.954021, 28.393660, 0.0)
(27.012804, 28.386108, 0.0)
(27.031055, 28.380569, 0.0)
(27.031055, 28.380569, 0.0)
(27.044947, 28.388712, 0.0)
(27.065348, 28.380182, 0.0)
(27.106308, 28.433445, 0.0)
(27.140858, 28.452902, 0.0)
(27.160679, 28.467226, 0.0)
(27.184204, 28.484684, 0.0)
(27.201874, 28.469967, 0.0)
(27.210438, 28.462698, 0.0)
(27.217880, 28.449368, 0.0)
(27.237606, 28.436192, 0.0)
(27.236282, 28.429958, 0.0)
(27.307323, 30.361095, 0.0)
(27.479860, 31.739794, 0.0)
(27.446381, 31.941416, 0.0)
(27.416174, 31.995106, 0.0)
(27.384808, 32.031433, 0.0)
(27.377542, 31.992731, 0.0)
(27.517019, 32.293530, 0.0)
(27.759163, 32.680199, 0.0)
(27.776554, 32.742867, 0.0)
(27.772823, 32.746277, 0.0)
(27.767342, 32.757210, 0.0)
(27.772551, 32.756111, 0.0)
(27.769352, 32.750050, 0.0)
(27.766825, 32.728470, 0.0)
(27.766403, 32.694393, 0.0)
(27.714890, 32.661297, 0.0)
(27.688799, 32.643230, 0.0)
(27.680325, 32.606983, 0.0)
(27.686853, 32.613491, 0.0)
(27.682861, 32.590019, 0.0)
(27.665953, 32.550056, 0.0)
(27.648746, 32.544792, 0.0)
(27.678734, 32.489880, 0.0)
(27.696196, 32.450600, 0.0)
(27.681755, 32.427704, 0.0)
(27.342564, 32.622524, 0.0)
(27.026985, 32.653370, 0.0)
(27.021194, 32.606411, 0.0)
(26.988060, 32.561398, 0.0)
(26.981033, 32.598286, 0.0)
(26.673187, 30.759291, 0.0)
(26.585707, 30.413572, 0.0)
(26.549910, 30.409185, 0.0)
(26.540751, 30.324030, 0.0)
(26.514137, 30.237354, 0.0)
(26.537485, 30.166704, 0.0)
(26.526991, 30.099527, 0.0)
(26.521183, 30.032614, 0.0)
(26.298128, 29.461447, 0.0)
(26.052048, 28.542940, 0.0)
(25.989241, 28.497370, 0.0)
(25.974476, 28.373943, 0.0)
(25.949604, 28.302896, 0.0)
(25.953554, 28.238596, 0.0)
(25.953373, 28.188709, 0.0)
(25.924507, 28.096783, 0.0)
(25.931875, 28.068132, 0.0)
(25.941784, 28.021429, 0.0)
(25.940969, 27.992376, 0.0)
(25.936876, 27.900885, 0.0)
(25.925436, 27.852468, 0.0)
(25.928642, 27.809019, 0.0)
(25.923620, 27.765944, 0.0)
(25.723934, 26.653021, 0.0)
(25.643721, 26.297436, 0.0)
(25.637781, 26.258331, 0.0)
(25.627943, 26.168772, 0.0)
(25.633652, 26.097996, 0.0)
(25.625284, 26.059797, 0.0)
(25.641026, 25.987640, 0.0)
(25.656368, 25.952255, 0.0)
(25.695702, 25.945150, 0.0)
(25.703342, 25.935518, 0.0)
(25.515301, 25.129622, 0.0)
(25.476305, 24.979193, 0.0)
(25.478853, 24.984344, 0.0)
(25.472874, 24.929554, 0.0)
(25.470844, 24.920378, 0.0)
(25.478458, 24.909267, 0.0)
(25.470760, 24.927073, 0.0)
(25.493721, 24.773476, 0.0)
(25.489340, 24.480778, 0.0)
(25.485447, 24.463158, 0.0)
(25.491255, 24.468649, 0.0)
(25.494587, 24.479868, 0.0)
(25.474630, 24.483366, 0.0)
(25.482008, 24.501894, 0.0)
(25.501818, 24.507368, 0.0)
(25.508524, 24.514027, 0.0)
(25.607777, 24.988726, 0.0)
(25.840609, 26.258026, 0.0)
(25.853436, 27.398035, 0.0)
(25.825644, 27.550037, 0.0)
(25.775024, 27.578753, 0.0)
(25.727510, 27.651594, 0.0)
(25.707472, 27.704685, 0.0)
(25.714159, 27.701702, 0.0)
(25.726959, 27.700104, 0.0)
(25.727701, 27.693727, 0.0)
(25.749128, 27.701885, 0.0)
(25.761724, 27.709068, 0.0)
(25.592020, 28.608387, 0.0)
(25.786636, 30.046471, 0.0)
(25.846420, 30.478825, 0.0)
(25.824627, 30.536701, 0.0)
(25.805691, 30.563572, 0.0)
(25.806229, 30.597475, 0.0)
(25.796726, 30.603134, 0.0)
(25.805553, 30.592482, 0.0)
(25.799797, 30.583103, 0.0)
(25.853767, 30.099865, 0.0)
(25.830669, 29.680363, 0.0)
(25.777948, 29.613127, 0.0)
(25.801317, 29.627192, 0.0)
(25.797207, 29.628448, 0.0)
(25.793112, 29.625898, 0.0)
(25.765450, 29.642567, 0.0)
(25.756311, 29.621649, 0.0)
(25.745897, 29.656595, 0.0)
(25.763992, 29.677048, 0.0)
(25.755150, 29.679121, 0.0)
(25.754841, 29.659254, 0.0)
(25.797129, 29.724566, 0.0)
(25.949738, 30.963638, 0.0)
(25.994312, 31.382662, 0.0)
(25.974806, 31.418940, 0.0)
(25.967640, 31.507692, 0.0)
(25.960340, 31.545828, 0.0)
(25.960096, 31.539454, 0.0)
(25.945753, 31.567488, 0.0)
(25.946026, 31.573832, 0.0)
(25.962946, 31.597338, 0.0)
(25.970016, 31.597916, 0.0)
(25.968620, 31.602442, 0.0)
(25.980900, 31.608013, 0.0)
(25.976376, 31.602068, 0.0)
(25.998674, 31.611797, 0.0)
(26.031887, 31.679472, 0.0)
(26.613438, 33.293549, 0.0)
(26.623619, 33.371235, 0.0)
(26.610004, 33.369659, 0.0)
(26.601738, 33.393497, 0.0)
(26.606905, 33.426960, 0.0)
(26.595192, 33.380203, 0.0)
(26.558563, 33.294518, 0.0)
(26.541283, 33.273018, 0.0)
(26.531813, 33.255981, 0.0)
(26.515591, 33.226234, 0.0)
(26.529947, 33.218124, 0.0)
(26.527031, 33.175922, 0.0)
(26.563274, 33.198437, 0.0)
(26.563137, 33.171692, 0.0)
(26.557556, 33.190025, 0.0)
(26.555538, 33.189190, 0.0)
(26.548334, 33.188915, 0.0)
(26.554564, 33.160320, 0.0)
(26.559202, 33.118954, 0.0)
(26.559546, 33.073711, 0.0)
(26.550226, 33.059460, 0.0)
(26.567091, 33.039181, 0.0)
(26.570173, 33.029335, 0.0)
(26.575111, 33.009354, 0.0)
(26.576550, 33.019955, 0.0)
(26.584389, 33.051044, 0.0)
(26.584389, 33.051044, 0.0)
(26.578074, 33.043903, 0.0)
(26.467455, 32.931721, 0.0)
(26.456152, 32.909321, 0.0)
(26.444990, 32.914227, 0.0)
