(34.676128, 30.404057, 0.0)
(34.560558, 29.543613, 0.0)
(33.987598, 29.616901, 0.0)
(33.925816, 29.482317, 0.0)
(33.948936, 29.276316, 0.0)
(33.962631, 29.183743, 0.0)
(34.027855, 29.154089, 0.0)
(34.046452, 29.069756, 0.0)
(34.062485, 29.023333, 0.0)
(34.091377, 28.952232, 0.0)
(34.126736, 28.899519, 0.0)
(34.151657, 28.867329, 0.0)
(34.170734, 28.825304, 0.0)
(34.179550, 28.849026, 0.0)
(34.479984, 28.691402, 0.0)
(34.548443, 28.668961, 0.0)
(34.550743, 28.714693, 0.0)
(34.587597, 28.731443, 0.0)
(34.621902, 28.746712, 0.0)
(34.632927, 28.787909, 0.0)
(34.633064, 28.796541, 0.0)
(34.636971, 28.818058, 0.0)
(34.631798, 28.804173, 0.0)
(34.624908, 28.795204, 0.0)
(34.645351, 28.809872, 0.0)
(34.650223, 28.831640, 0.0)
(34.650066, 28.830927, 0.0)
(34.655102, 28.831043, 0.0)
(34.651718, 28.810257, 0.0)
(34.650394, 28.822407, 0.0)
(34.637360, 28.818384, 0.0)
(34.638718, 28.813450, 0.0)
(34.596386, 28.799377, 0.0)
(34.618870, 30.132891, 0.0)
(34.488064, 29.410034, 0.0)
(34.447701, 28.959982, 0.0)
(34.464252, 28.774675, 0.0)
(34.453045, 28.653082, 0.0)
(34.425617, 28.600718, 0.0)
(34.425304, 28.527243, 0.0)
(34.414303, 28.525747, 0.0)
(34.405262, 28.537134, 0.0)
(34.408794, 28.611847, 0.0)
(34.401966, 28.627012, 0.0)
(34.476078, 28.732502, 0.0)
(34.466816, 28.960466, 0.0)
(34.477242, 28.981730, 0.0)
(34.490154, 28.988699, 0.0)
(34.512783, 29.015764, 0.0)
(34.509064, 29.016850, 0.0)
(34.510593, 29.030455, 0.0)
(34.523518, 29.043074, 0.0)
(34.542625, 29.086811, 0.0)
(34.555565, 29.105608, 0.0)
(34.562992, 29.121979, 0.0)
(34.570225, 29.137075, 0.0)
(34.579433, 29.153225, 0.0)
(34.564476, 29.087870, 0.0)
(34.565514, 29.062731, 0.0)
(34.572475, 29.049210, 0.0)
(34.574738, 29.061747, 0.0)
(34.579838, 29.085110, 0.0)
(34.583366, 29.131922, 0.0)
(34.579086, 29.089849, 0.0)
(34.569729, 29.059959, 0.0)
(34.562565, 29.033371, 0.0)
(34.575489, 29.005625, 0.0)
(34.502617, 28.839397, 0.0)
(34.499283, 28.799999, 0.0)
(34.493217, 28.779589, 0.0)
(34.492085, 28.775082, 0.0)
(34.501545, 28.790009, 0.0)
(34.485233, 28.820665, 0.0)
(34.483219, 28.787376, 0.0)
(34.479103, 28.799999, 0.0)
(34.482635, 28.805588, 0.0)
(34.478832, 28.749022, 0.0)
(34.488899, 28.728046, 0.0)
(34.480778, 28.742132, 0.0)
(34.480778, 28.742132, 0.0)
(34.488388, 28.759308, 0.0)
(34.509468, 28.747253, 0.0)
(34.524971, 28.715410, 0.0)
(34.527798, 28.696774, 0.0)
(35.182732, 28.604713, 0.0)
(35.294689, 28.604170, 0.0)
(35.285069, 28.585691, 0.0)
(35.283508, 28.589750, 0.0)
(35.188728, 28.583267, 0.0)
(34.576427, 28.625629, 0.0)
(34.525501, 28.641361, 0.0)
(34.519714, 28.655674, 0.0)
(34.475876, 28.670673, 0.0)
(34.466484, 28.740278, 0.0)
(34.465214, 28.753429, 0.0)
(34.428192, 28.718563, 0.0)
(34.580879, 30.505926, 0.0)
(34.800102, 31.437887, 0.0)
(34.597725, 30.710262, 0.0)
(34.508183, 30.099260, 0.0)
(34.462826, 29.650576, 0.0)
(34.438492, 29.315947, 0.0)
(34.482128, 29.123583, 0.0)
(34.448254, 28.940931, 0.0)
(34.439430, 28.847643, 0.0)
(34.441387, 28.781977, 0.0)
(34.447968, 28.758257, 0.0)
(34.459534, 28.800249, 0.0)
(34.472378, 28.798262, 0.0)
(34.466721, 28.806490, 0.0)
(34.481743, 28.831753, 0.0)
(34.489605, 28.864326, 0.0)
(34.523605, 28.827290, 0.0)
(34.550209, 28.807959, 0.0)
(34.550228, 28.748718, 0.0)
(34.570503, 28.670713, 0.0)
(34.595188, 28.651449, 0.0)
(34.921146, 28.550072, 0.0)
(34.958870, 28.489710, 0.0)
(34.961342, 28.465290, 0.0)
(34.958401, 28.491474, 0.0)
(34.985767, 28.535028, 0.0)
(34.971272, 28.574053, 0.0)
(34.949440, 28.643330, 0.0)
(34.939243, 28.637022, 0.0)
(34.917061, 28.584539, 0.0)
(34.823338, 29.382538, 0.0)
(34.874981, 31.039497, 0.0)
(34.694805, 30.022177, 0.0)
(34.618343, 29.328245, 0.0)
(34.625305, 28.860191, 0.0)
(34.645817, 28.647224, 0.0)
(34.618240, 28.532879, 0.0)
(34.607403, 28.520451, 0.0)
(34.617683, 28.532488, 0.0)
(34.604630, 28.495665, 0.0)
(35.196056, 31.342245, 0.0)
(34.810650, 30.149044, 0.0)
(34.705605, 29.369692, 0.0)
(34.692135, 28.866411, 0.0)
(34.668011, 28.606638, 0.0)
(34.672375, 28.493570, 0.0)
(34.673733, 28.463533, 0.0)
(34.690338, 28.423120, 0.0)
(34.711277, 28.409306, 0.0)
(34.710369, 28.385384, 0.0)
(34.698952, 28.380323, 0.0)
(34.710152, 28.396822, 0.0)
(34.725662, 28.428932, 0.0)
(34.721012, 28.419724, 0.0)
(34.739834, 28.409904, 0.0)
(34.721661, 28.409065, 0.0)
(34.719498, 28.432783, 0.0)
(34.736217, 28.481255, 0.0)
(34.678871, 28.490723, 0.0)
(34.642834, 28.453312, 0.0)
(34.686146, 28.478363, 0.0)
(34.668839, 28.468130, 0.0)
(34.722664, 28.500977, 0.0)
(34.693726, 28.534260, 0.0)
(34.745697, 28.597670, 0.0)
(34.793858, 28.707014, 0.0)
(35.239010, 28.752617, 0.0)
(35.456944, 28.760229, 0.0)
(35.512894, 28.748520, 0.0)
(35.492897, 28.699606, 0.0)
(35.486706, 28.687473, 0.0)
(35.471951, 28.669304, 0.0)
(35.491852, 28.666849, 0.0)
(35.431873, 28.648790, 0.0)
(35.397873, 28.644270, 0.0)
(35.443428, 28.667206, 0.0)
(38.202579, 31.039225, 0.0)
(40.544086, 33.765491, 0.0)
(41.533249, 35.176456, 0.0)
(41.618496, 35.400463, 0.0)
(41.604458, 35.458340, 0.0)
(41.634529, 35.426003, 0.0)
(41.621132, 35.409153, 0.0)
(41.861485, 35.782383, 0.0)
(41.855965, 35.821342, 0.0)
(41.849094, 35.873230, 0.0)
(41.830883, 35.877525, 0.0)
(41.771259, 35.785107, 0.0)
(41.738758, 35.722584, 0.0)
(41.715622, 35.607811, 0.0)
(41.703735, 35.514442, 0.0)
(41.663807, 35.448444, 0.0)
(41.658257, 35.436951, 0.0)
(41.625092, 35.389290, 0.0)
(41.613049, 35.399212, 0.0)
(41.619343, 35.434540, 0.0)
(41.612850, 35.469078, 0.0)
(41.584389, 35.455009, 0.0)
(41.564976, 35.468666, 0.0)
(41.552792, 35.446888, 0.0)
(41.544785, 35.416981, 0.0)
(41.533489, 35.484844, 0.0)
(41.518154, 35.493477, 0.0)
(41.510254, 35.508877, 0.0)
(41.871185, 36.225574, 0.0)
(42.010429, 36.411526, 0.0)
(41.989334, 36.359188, 0.0)
(41.952892, 36.383060, 0.0)
(41.950958, 36.402786, 0.0)
(41.919304, 36.422295, 0.0)
(41.909691, 36.434425, 0.0)
(41.931778, 36.416805, 0.0)
(41.616528, 35.315769, 0.0)
(41.558132, 35.222477, 0.0)
(41.587166, 35.242794, 0.0)
(41.577755, 35.230724, 0.0)
(41.568687, 35.211109, 0.0)
(41.562389, 35.211788, 0.0)
(41.541203, 35.181557, 0.0)
(40.469200, 33.859715, 0.0)
(38.076271, 31.288593, 0.0)
(35.382259, 29.097727, 0.0)
(32.913582, 27.846779, 0.0)
(32.456642, 27.762695, 0.0)
(32.371563, 27.771931, 0.0)
(32.330597, 27.739811, 0.0)
(32.290092, 27.727684, 0.0)
(31.281250, 29.910095, 0.0)
(29.239676, 32.948132, 0.0)
(28.728188, 33.292309, 0.0)
(28.580717, 33.356464, 0.0)
(28.505264, 33.334049, 0.0)
(28.477285, 33.347061, 0.0)
(28.451412, 33.355930, 0.0)
(28.426130, 33.341698, 0.0)
(29.718370, 30.822178, 0.0)
(32.837910, 26.692533, 0.0)
(36.204056, 26.175873, 0.0)
(38.559555, 26.928560, 0.0)
(38.741058, 26.911066, 0.0)
(38.746948, 26.906782, 0.0)
(38.754005, 26.876497, 0.0)
(40.001095, 27.113865, 0.0)
(41.075207, 27.601536, 0.0)
(41.129837, 27.601902, 0.0)
(41.057575, 27.511024, 0.0)
(41.020481, 27.478899, 0.0)
(40.944302, 27.433041, 0.0)
(40.929878, 27.411581, 0.0)
(40.910782, 27.374262, 0.0)
(40.899166, 27.345240, 0.0)
(38.674828, 27.713253, 0.0)
(35.277325, 28.349159, 0.0)
(32.494225, 28.908329, 0.0)
(30.511194, 29.788891, 0.0)
(30.267998, 29.856224, 0.0)
(30.168945, 29.836645, 0.0)
(29.762421, 30.660179, 0.0)
(28.079689, 33.447529, 0.0)
(27.588169, 33.793369, 0.0)
(27.435366, 33.787880, 0.0)
(27.383547, 33.737453, 0.0)
(26.902693, 34.191303, 0.0)
(26.687849, 34.434242, 0.0)
(26.657789, 34.457706, 0.0)
(26.623226, 34.454544, 0.0)
(26.590971, 34.471375, 0.0)
(26.540314, 34.795982, 0.0)
(26.512926, 34.906719, 0.0)
(26.507170, 34.895927, 0.0)
(26.498274, 34.909111, 0.0)
(26.495598, 34.915924, 0.0)
(26.506866, 34.940571, 0.0)
(26.514584, 34.977333, 0.0)
(26.529221, 35.017647, 0.0)
(26.555197, 35.052982, 0.0)
(26.571774, 35.103165, 0.0)
(27.885172, 34.856533, 0.0)
(28.820910, 34.956207, 0.0)
(28.939238, 35.100666, 0.0)
(28.952362, 35.225376, 0.0)
(28.923679, 35.271446, 0.0)
(28.930468, 35.352955, 0.0)
(28.977444, 35.443005, 0.0)
(28.752903, 35.758797, 0.0)
(28.721260, 35.873394, 0.0)
(28.717703, 35.908787, 0.0)
(28.715448, 35.949909, 0.0)
(28.733627, 35.987370, 0.0)
(28.717793, 36.060734, 0.0)
(28.643713, 36.108727, 0.0)
(28.635126, 36.129772, 0.0)
(28.635126, 36.129772, 0.0)
(28.635807, 36.133251, 0.0)
(28.640585, 36.115952, 0.0)
(28.644062, 36.137451, 0.0)
(28.657864, 36.162914, 0.0)
(28.684185, 36.207024, 0.0)
(29.611427, 35.415638, 0.0)
(32.865299, 32.384117, 0.0)
(35.490089, 30.231596, 0.0)
(37.039135, 28.881779, 0.0)
(37.096851, 28.630239, 0.0)
(37.094990, 28.636589, 0.0)
(37.109585, 28.578617, 0.0)
(37.127983, 28.570429, 0.0)
(37.164810, 28.575342, 0.0)
(37.198536, 28.635361, 0.0)
(37.167034, 28.659803, 0.0)
(37.160389, 28.786280, 0.0)
(34.053539, 30.845882, 0.0)
(31.606462, 31.167110, 0.0)
(31.340986, 31.199026, 0.0)
(31.271955, 31.183903, 0.0)
(29.451065, 29.040598, 0.0)
(28.465401, 27.727434, 0.0)
(28.258602, 27.652239, 0.0)
(28.154909, 27.664986, 0.0)
(28.068438, 27.655605, 0.0)
(27.333117, 27.271080, 0.0)
(26.919489, 27.095329, 0.0)
(26.809326, 27.087839, 0.0)
(26.740520, 27.115875, 0.0)
(26.658752, 27.088186, 0.0)
(26.639559, 27.067297, 0.0)
(26.675566, 27.069370, 0.0)
(30.054073, 27.166029, 0.0)
(30.322161, 27.167515, 0.0)
(30.371178, 27.126844, 0.0)
(32.571136, 28.197910, 0.0)
(34.052753, 28.953070, 0.0)
(34.174458, 28.943378, 0.0)
(34.198376, 28.884687, 0.0)
(34.219269, 28.886728, 0.0)
(34.240566, 28.874630, 0.0)
(34.245567, 28.849232, 0.0)
(34.249134, 28.858477, 0.0)
(34.230404, 28.891012, 0.0)
(34.604946, 30.872391, 0.0)
(35.357887, 31.741539, 0.0)
(35.053837, 30.645496, 0.0)
(34.973824, 29.924160, 0.0)
(34.982437, 29.501539, 0.0)
(34.984669, 29.287100, 0.0)
(34.991520, 29.220469, 0.0)
(35.011871, 29.141851, 0.0)
(35.011524, 29.099789, 0.0)
(35.016026, 29.056091, 0.0)
(35.022575, 29.043900, 0.0)
(35.013294, 29.068508, 0.0)
(35.001797, 29.051086, 0.0)
(35.007759, 29.066238, 0.0)
(35.016651, 28.974073, 0.0)
(34.857803, 28.931938, 0.0)
(34.595219, 28.963861, 0.0)
(34.582638, 28.977913, 0.0)
(34.581627, 28.994358, 0.0)
(34.585251, 28.997375, 0.0)
(34.605072, 29.013859, 0.0)
(34.581108, 28.979427, 0.0)
(34.573864, 28.977528, 0.0)
(34.570091, 28.959198, 0.0)
(34.460583, 29.007429, 0.0)
(31.959215, 30.941742, 0.0)
(29.455727, 32.555973, 0.0)
(28.366962, 33.005848, 0.0)
(28.144341, 33.074100, 0.0)
(28.085268, 33.107822, 0.0)
(27.963243, 33.174942, 0.0)
(26.906542, 35.067936, 0.0)
(26.753855, 35.299149, 0.0)
(26.816998, 35.327614, 0.0)
(27.109529, 35.386196, 0.0)
(29.065741, 35.416786, 0.0)
(29.252262, 35.709145, 0.0)
(29.359526, 35.884899, 0.0)
(29.759012, 35.954468, 0.0)
(31.486542, 35.899185, 0.0)
(31.892307, 35.923771, 0.0)
(35.311790, 35.913727, 0.0)
(37.684856, 35.942154, 0.0)
(39.121864, 35.753689, 0.0)
(39.316586, 35.422737, 0.0)
(39.365986, 35.277611, 0.0)
(39.409096, 35.211319, 0.0)
(39.445087, 35.219925, 0.0)
(39.459976, 35.273544, 0.0)
(37.265636, 35.769001, 0.0)
(36.877579, 35.848396, 0.0)
(36.863098, 35.811451, 0.0)
(36.899105, 35.816841, 0.0)
(36.993778, 35.843628, 0.0)
(37.067631, 35.854641, 0.0)
(37.196087, 35.909378, 0.0)
(38.747509, 36.271358, 0.0)
(38.863682, 36.321796, 0.0)
(38.941528, 36.258213, 0.0)
(39.049480, 36.280464, 0.0)
(39.073277, 36.294327, 0.0)
(39.112045, 36.291840, 0.0)
(39.169453, 36.274071, 0.0)
(39.692516, 36.300610, 0.0)
(39.896557, 36.262054, 0.0)
(39.960670, 36.249359, 0.0)
(40.017410, 36.199230, 0.0)
(40.072002, 36.261009, 0.0)
(40.464668, 36.295769, 0.0)
(41.178623, 36.036854, 0.0)
(41.276691, 35.844162, 0.0)
(41.302643, 35.737125, 0.0)
(41.294163, 35.698040, 0.0)
(41.294289, 35.691631, 0.0)
(41.274685, 35.674240, 0.0)
(41.243961, 35.665825, 0.0)
(41.229675, 35.587055, 0.0)
(41.505054, 35.247593, 0.0)
(41.486336, 35.080051, 0.0)
(41.380516, 35.146717, 0.0)
(38.936886, 36.560093, 0.0)
(38.804237, 36.253334, 0.0)
(38.775047, 36.005932, 0.0)
(38.690277, 35.829929, 0.0)
(38.631866, 35.690651, 0.0)
(38.528511, 35.513252, 0.0)
(38.404552, 35.421917, 0.0)
(38.264736, 35.396416, 0.0)
(38.125599, 35.424732, 0.0)
(37.970337, 35.401039, 0.0)
(35.156807, 35.730953, 0.0)
(34.286720, 35.717857, 0.0)
(34.039433, 35.650871, 0.0)
(33.862282, 35.585106, 0.0)
(33.677711, 35.522797, 0.0)
(33.569103, 35.531818, 0.0)
(33.404228, 35.528778, 0.0)
(33.254463, 35.489574, 0.0)
(33.167194, 35.508804, 0.0)
(33.027908, 35.515938, 0.0)
(32.870361, 35.531609, 0.0)
(32.799053, 35.519077, 0.0)
(32.651131, 35.532085, 0.0)
(32.544811, 35.532688, 0.0)
(32.417610, 35.545097, 0.0)
(31.609686, 35.756287, 0.0)
(30.486652, 35.895290, 0.0)
(30.219654, 35.860786, 0.0)
(29.993862, 35.867805, 0.0)
(29.796507, 35.839386, 0.0)
(29.665716, 35.831371, 0.0)
(29.374889, 35.862843, 0.0)
(27.559000, 35.420456, 0.0)
(27.005524, 34.533676, 0.0)
(26.615961, 33.852093, 0.0)
(26.531084, 33.550770, 0.0)
(26.492746, 33.493790, 0.0)
(26.491398, 33.524979, 0.0)
(26.478998, 33.577244, 0.0)
(26.478004, 33.641762, 0.0)
(26.478483, 33.624664, 0.0)
(26.477451, 33.641933, 0.0)
(27.056498, 33.784615, 0.0)
(27.165264, 33.928329, 0.0)
(27.180687, 33.971252, 0.0)
(27.191525, 34.042278, 0.0)
(27.235966, 34.087227, 0.0)
(27.256910, 34.087227, 0.0)
(27.304626, 34.116817, 0.0)
(27.408804, 34.156864, 0.0)
(29.905251, 33.966946, 0.0)
(30.373747, 34.125233, 0.0)
(30.601973, 34.295567, 0.0)
(30.760408, 34.408562, 0.0)
(30.850809, 34.441895, 0.0)
(30.983820, 34.514111, 0.0)
(31.081442, 34.585701, 0.0)
(31.242775, 34.614742, 0.0)
(31.331425, 34.617573, 0.0)
(31.454044, 34.648087, 0.0)
(31.648315, 34.684994, 0.0)
(31.815992, 34.766026, 0.0)
(31.951509, 34.793941, 0.0)
(32.168480, 34.802784, 0.0)
(32.293167, 34.808922, 0.0)
(32.535992, 34.818180, 0.0)
(34.223011, 35.019295, 0.0)
(34.671192, 34.992279, 0.0)
(36.203091, 35.217537, 0.0)
(36.711494, 35.158920, 0.0)
(36.917347, 34.992249, 0.0)
(37.053204, 34.973942, 0.0)
(37.159245, 34.978493, 0.0)
(37.270084, 35.022964, 0.0)
(37.438931, 35.000019, 0.0)
(37.569874, 34.993961, 0.0)
(37.678200, 34.962578, 0.0)
(37.804871, 34.995087, 0.0)
(37.899643, 35.001637, 0.0)
(38.035458, 35.036556, 0.0)
(38.233852, 35.050846, 0.0)
(40.091755, 35.632904, 0.0)
(40.922169, 35.473976, 0.0)
(41.035931, 35.236084, 0.0)
(41.101681, 35.078671, 0.0)
(41.112804, 35.016590, 0.0)
(41.148800, 34.903934, 0.0)
(41.171917, 34.863960, 0.0)
(41.170368, 34.794632, 0.0)
(41.177223, 34.818497, 0.0)
(41.177807, 34.773094, 0.0)
(41.208332, 34.846428, 0.0)
(41.714890, 34.993908, 0.0)
(41.741135, 35.002075, 0.0)
(41.723534, 34.971512, 0.0)
(41.701405, 34.900581, 0.0)
(41.659763, 34.844788, 0.0)
(41.611572, 34.791409, 0.0)
(41.590282, 34.759655, 0.0)
(41.574974, 34.742367, 0.0)
(41.540165, 34.682964, 0.0)
(40.642441, 34.289230, 0.0)
(40.524220, 34.245350, 0.0)
(40.443356, 34.339352, 0.0)
(40.318283, 34.551430, 0.0)
(39.821419, 36.436771, 0.0)
(38.622494, 35.742241, 0.0)
(38.648422, 35.030186, 0.0)
(38.571342, 34.669720, 0.0)
(38.438755, 34.443752, 0.0)
(38.299194, 34.377098, 0.0)
(38.185669, 34.407227, 0.0)
(38.079556, 34.406712, 0.0)
(37.953541, 34.408028, 0.0)
(37.789848, 34.378738, 0.0)
(36.569923, 34.613018, 0.0)
(36.266609, 34.636410, 0.0)
(36.069645, 34.625889, 0.0)
(35.835644, 34.602039, 0.0)
(35.614223, 34.587601, 0.0)
(35.366013, 34.581745, 0.0)
(35.170677, 34.575512, 0.0)
(34.080074, 34.887272, 0.0)
(32.874992, 34.940575, 0.0)
(32.622601, 34.855885, 0.0)
(32.320553, 34.824909, 0.0)
(32.094048, 34.793762, 0.0)
(31.917616, 34.775322, 0.0)
(31.666925, 34.786949, 0.0)
(31.447001, 34.820583, 0.0)
(31.256081, 34.793598, 0.0)
(31.074232, 34.723480, 0.0)
(30.878899, 34.736889, 0.0)
(28.793587, 35.055958, 0.0)
(28.196226, 34.866459, 0.0)
(27.975918, 34.527275, 0.0)
(27.792032, 34.294769, 0.0)
(27.657526, 34.155293, 0.0)
(27.496346, 34.117428, 0.0)
(27.380283, 34.037220, 0.0)
(27.279350, 33.990803, 0.0)
(27.182980, 33.987846, 0.0)
(27.127396, 33.959503, 0.0)
(27.048637, 33.949135, 0.0)
(26.992664, 33.928699, 0.0)
(26.969053, 33.918579, 0.0)
(26.960205, 33.930771, 0.0)
(26.968876, 33.946312, 0.0)
(26.973749, 33.922100, 0.0)
(26.975365, 33.954239, 0.0)
(26.997818, 33.915035, 0.0)
(27.036308, 33.885574, 0.0)
(27.100660, 33.881210, 0.0)
(27.176903, 33.946426, 0.0)
(27.287483, 33.983044, 0.0)
(27.418242, 33.996723, 0.0)
(27.653896, 33.975273, 0.0)
(27.828453, 33.961048, 0.0)
(27.949898, 33.956085, 0.0)
(28.165064, 33.995888, 0.0)
(30.170326, 33.420670, 0.0)
(30.787355, 33.377533, 0.0)
(31.110554, 33.355000, 0.0)
(31.275530, 33.386600, 0.0)
(31.416101, 33.419716, 0.0)
(31.609915, 33.408276, 0.0)
(31.751507, 33.450039, 0.0)
(31.972841, 33.385429, 0.0)
(32.137642, 33.386944, 0.0)
(32.282101, 33.350204, 0.0)
(33.765930, 33.481556, 0.0)
(34.263313, 33.477859, 0.0)
(34.540943, 33.440887, 0.0)
(34.753010, 33.476616, 0.0)
(35.026501, 33.525219, 0.0)
(35.222527, 33.520054, 0.0)
(35.413685, 33.518517, 0.0)
(35.636822, 33.519203, 0.0)
(37.073322, 33.817944, 0.0)
(37.304111, 33.825134, 0.0)
(37.448261, 33.774410, 0.0)
(37.559929, 33.729462, 0.0)
(37.735294, 33.702827, 0.0)
(38.925255, 34.162125, 0.0)
(40.896000, 34.484676, 0.0)
(41.432171, 34.388378, 0.0)
(41.507568, 34.334755, 0.0)
(41.535015, 34.300339, 0.0)
(41.551384, 34.261494, 0.0)
(41.901978, 34.247055, 0.0)
(41.946083, 34.227146, 0.0)
(41.921566, 34.211304, 0.0)
(41.912727, 34.223576, 0.0)
(41.894871, 34.196007, 0.0)
(41.827530, 34.196972, 0.0)
(41.808838, 34.188786, 0.0)
(41.796318, 34.168610, 0.0)
(41.767784, 34.121990, 0.0)
(41.754105, 34.110115, 0.0)
(41.450424, 33.980278, 0.0)
(40.959717, 33.657185, 0.0)
(40.919624, 33.565659, 0.0)
(40.905117, 33.552292, 0.0)
(40.832996, 33.489510, 0.0)
(40.756531, 33.436401, 0.0)
(40.690483, 33.346966, 0.0)
(40.433414, 33.798889, 0.0)
(38.840420, 33.938072, 0.0)
(38.582104, 33.473457, 0.0)
(38.466423, 33.144691, 0.0)
(38.360241, 32.979900, 0.0)
(38.213924, 32.828445, 0.0)
(36.913715, 32.584560, 0.0)
(35.447353, 31.995977, 0.0)
(35.265678, 31.666443, 0.0)
(35.188751, 31.457464, 0.0)
(35.109646, 31.413612, 0.0)
(35.073128, 31.422485, 0.0)
(35.024822, 31.483355, 0.0)
(34.991318, 31.511040, 0.0)
(34.972637, 31.538048, 0.0)
(34.900448, 31.621881, 0.0)
(34.842304, 31.646704, 0.0)
(34.573814, 32.204155, 0.0)
(34.347404, 32.306068, 0.0)
(34.223621, 32.407227, 0.0)
(34.028389, 32.403477, 0.0)
(33.712433, 32.427952, 0.0)
(33.452858, 32.457401, 0.0)
(32.156239, 32.799129, 0.0)
(31.167513, 32.905392, 0.0)
(30.825855, 32.910892, 0.0)
(30.587578, 32.887012, 0.0)
(30.311262, 32.874645, 0.0)
(30.069378, 32.815926, 0.0)
(29.963966, 32.827507, 0.0)
(29.753986, 32.859291, 0.0)
(29.514494, 32.920155, 0.0)
(29.307844, 33.004200, 0.0)
(29.037308, 33.047279, 0.0)
(27.201149, 33.308960, 0.0)
(26.897259, 33.037239, 0.0)
(26.781498, 32.752502, 0.0)
(26.665737, 32.642441, 0.0)
(26.621925, 32.587482, 0.0)
(26.591137, 32.556412, 0.0)
(26.564711, 32.531662, 0.0)
(26.525051, 32.511223, 0.0)
(26.525398, 32.498764, 0.0)
(26.480125, 32.497795, 0.0)
(26.478046, 32.481380, 0.0)
(26.476709, 32.455074, 0.0)
(26.484341, 32.372578, 0.0)
(26.484957, 32.376575, 0.0)
(26.501171, 32.380039, 0.0)
(26.525957, 32.376423, 0.0)
(26.718004, 32.379269, 0.0)
(29.034180, 31.601503, 0.0)
(29.227451, 31.744987, 0.0)
(29.400583, 31.775085, 0.0)
(29.633816, 31.734594, 0.0)
(29.807688, 31.714979, 0.0)
(29.950520, 31.711180, 0.0)
(30.147987, 31.701496, 0.0)
(30.387297, 31.655161, 0.0)
(30.585127, 31.644934, 0.0)
(30.787184, 31.647217, 0.0)
(30.988134, 31.653980, 0.0)
(31.204344, 31.648657, 0.0)
(31.390074, 31.614058, 0.0)
(31.615412, 31.623028, 0.0)
(31.839048, 31.651123, 0.0)
(32.647732, 31.931738, 0.0)
(39.133583, 34.077431, 0.0)
(39.447765, 33.400890, 0.0)
(39.570454, 32.860157, 0.0)
(39.602367, 32.516277, 0.0)
(39.624092, 32.339699, 0.0)
(39.702744, 32.250778, 0.0)
(39.728271, 32.253857, 0.0)
(41.383926, 33.054890, 0.0)
(41.542751, 33.154884, 0.0)
(41.550514, 33.194958, 0.0)
(41.541309, 33.195286, 0.0)
(41.538464, 33.160015, 0.0)
(41.529270, 33.150478, 0.0)
(41.526863, 33.154507, 0.0)
(41.502964, 33.164436, 0.0)
(41.383850, 33.173996, 0.0)
(41.037361, 33.167431, 0.0)
(41.043030, 33.144920, 0.0)
(41.068497, 33.154999, 0.0)
(41.080925, 33.147694, 0.0)
(41.105595, 33.153118, 0.0)
(41.135517, 33.181931, 0.0)
(41.218796, 33.214851, 0.0)
(41.300728, 33.224457, 0.0)
(41.320702, 33.211411, 0.0)
(41.366371, 33.220398, 0.0)
(41.395672, 33.272545, 0.0)
(41.422771, 33.254486, 0.0)
(41.436302, 33.201641, 0.0)
(41.419106, 33.151501, 0.0)
(40.795223, 32.568977, 0.0)
(40.157646, 31.716284, 0.0)
(40.075768, 31.617540, 0.0)
(40.058941, 31.619833, 0.0)
(40.005478, 31.582186, 0.0)
(39.960018, 31.508526, 0.0)
(39.803722, 31.524296, 0.0)
(38.988014, 33.144398, 0.0)
(38.633389, 32.394753, 0.0)
(38.546974, 31.969051, 0.0)
(38.470253, 31.635328, 0.0)
(38.416943, 31.483921, 0.0)
(38.344200, 31.424143, 0.0)
(38.224293, 31.372541, 0.0)
(36.774696, 31.418150, 0.0)
(36.356873, 31.399332, 0.0)
(36.099861, 31.342710, 0.0)
(35.984909, 31.359676, 0.0)
(35.839539, 31.301655, 0.0)
(35.691975, 31.294785, 0.0)
(35.531223, 31.283230, 0.0)
(35.338039, 31.246668, 0.0)
(35.243336, 31.228739, 0.0)
(35.076511, 31.187819, 0.0)
(33.468311, 31.340307, 0.0)
(33.195217, 31.348284, 0.0)
(33.075901, 31.255354, 0.0)
(32.953793, 31.274477, 0.0)
(32.814491, 31.684347, 0.0)
(29.731306, 33.267658, 0.0)
(29.483181, 32.440746, 0.0)
(29.351587, 31.887346, 0.0)
(29.248800, 31.574469, 0.0)
(29.148609, 31.459009, 0.0)
(29.070782, 31.366909, 0.0)
(28.989510, 31.370371, 0.0)
(28.846264, 31.388243, 0.0)
(28.762903, 31.377392, 0.0)
(28.721811, 31.343231, 0.0)
(28.685968, 31.326948, 0.0)
(28.593632, 31.355663, 0.0)
(27.209455, 31.832670, 0.0)
(27.038620, 31.752003, 0.0)
(26.951805, 31.627230, 0.0)
(26.930845, 31.576185, 0.0)
(26.920794, 31.539625, 0.0)
(26.905178, 31.538895, 0.0)
(26.903534, 31.515459, 0.0)
(26.891457, 31.494568, 0.0)
(26.890173, 31.488258, 0.0)
(26.924603, 31.446423, 0.0)
(26.964874, 31.462816, 0.0)
(27.031919, 31.461224, 0.0)
(27.132776, 31.479612, 0.0)
(27.255678, 31.466711, 0.0)
(27.415474, 31.435654, 0.0)
(28.962488, 30.866560, 0.0)
(30.573658, 30.495869, 0.0)
(30.791712, 30.489246, 0.0)
(31.003275, 30.523077, 0.0)
(31.132103, 30.557981, 0.0)
(31.252193, 30.578159, 0.0)
(31.348572, 30.580727, 0.0)
(31.482365, 30.539793, 0.0)
(31.616348, 30.527161, 0.0)
(31.774282, 30.504824, 0.0)
(31.884190, 30.509583, 0.0)
(34.273090, 30.477674, 0.0)
(36.308350, 30.576767, 0.0)
(36.543030, 30.549532, 0.0)
(36.646431, 30.570591, 0.0)
(36.756149, 30.574335, 0.0)
(36.856743, 30.607159, 0.0)
(36.939659, 30.628445, 0.0)
(37.262207, 30.687765, 0.0)
(39.769306, 31.738266, 0.0)
(41.204037, 32.601616, 0.0)
(41.512070, 32.737663, 0.0)
(41.499672, 32.711376, 0.0)
(41.511738, 32.703636, 0.0)
(41.498474, 32.677917, 0.0)
(41.827003, 32.638325, 0.0)
(41.902916, 32.639206, 0.0)
(41.860840, 32.605949, 0.0)
(41.777042, 32.584343, 0.0)
(41.724056, 32.541279, 0.0)
(41.705524, 32.457691, 0.0)
(41.721542, 32.528080, 0.0)
(41.711781, 32.527596, 0.0)
(41.684948, 32.486355, 0.0)
(41.662613, 32.499016, 0.0)
(41.636963, 32.542725, 0.0)
(41.552147, 32.526463, 0.0)
(41.554970, 32.517586, 0.0)
(41.555061, 32.483112, 0.0)
(41.539494, 32.452255, 0.0)
(41.493275, 32.417870, 0.0)
(40.661869, 32.913376, 0.0)
(40.789810, 32.601227, 0.0)
(40.800865, 31.802990, 0.0)
(40.788586, 31.571072, 0.0)
(40.739883, 31.611771, 0.0)
(40.712353, 31.603214, 0.0)
(40.660095, 31.591656, 0.0)
(40.643585, 31.574308, 0.0)
(40.567825, 31.514885, 0.0)
(40.502251, 31.507303, 0.0)
(40.451912, 31.499641, 0.0)
(40.359436, 31.462799, 0.0)
(37.385197, 30.433926, 0.0)
(36.746460, 30.895695, 0.0)
(35.584515, 31.739674, 0.0)
(35.534382, 31.184084, 0.0)
(35.431873, 30.711208, 0.0)
(35.400738, 30.423115, 0.0)
(35.317780, 30.249491, 0.0)
(35.248623, 30.191273, 0.0)
(35.231384, 30.126245, 0.0)
(35.205826, 30.083807, 0.0)
(35.127918, 30.011328, 0.0)
(35.064201, 29.979742, 0.0)
(35.024723, 29.927422, 0.0)
(34.961155, 29.898933, 0.0)
(34.900715, 29.898060, 0.0)
(34.849228, 29.869650, 0.0)
(33.361290, 30.110939, 0.0)
(32.232903, 30.111622, 0.0)
(32.000427, 29.945770, 0.0)
(31.879642, 29.847559, 0.0)
(31.467690, 29.838980, 0.0)
(28.379822, 30.421818, 0.0)
(26.638914, 30.777416, 0.0)
(26.428885, 30.769230, 0.0)
(26.337584, 30.775414, 0.0)
(26.194994, 30.814772, 0.0)
(26.990677, 30.502977, 0.0)
(27.104183, 30.493036, 0.0)
(27.038422, 30.512362, 0.0)
(26.974878, 30.510536, 0.0)
(26.910812, 30.537151, 0.0)
(26.804592, 30.537077, 0.0)
(26.740950, 30.567310, 0.0)
(26.681437, 30.594633, 0.0)
(25.719925, 30.880116, 0.0)
(25.619474, 30.945385, 0.0)
(25.624506, 30.890308, 0.0)
(25.598169, 30.876020, 0.0)
(26.006382, 30.657808, 0.0)
(26.904943, 30.277197, 0.0)
(26.989813, 30.254295, 0.0)
(27.055147, 30.258114, 0.0)
(27.146244, 30.215248, 0.0)
(27.239014, 30.200293, 0.0)
(27.374706, 30.185764, 0.0)
(27.556616, 30.180037, 0.0)
(27.737467, 30.119118, 0.0)
(27.924559, 30.060427, 0.0)
(28.153294, 30.010437, 0.0)
(28.442490, 29.919127, 0.0)
(28.681639, 29.864515, 0.0)
(28.964142, 29.840164, 0.0)
(31.780140, 29.691208, 0.0)
(35.054935, 29.912432, 0.0)
(37.449589, 30.503347, 0.0)
(38.978146, 31.002502, 0.0)
(39.833389, 31.365879, 0.0)
(39.961334, 31.433361, 0.0)
(40.034698, 31.397757, 0.0)
(40.078308, 31.423113, 0.0)
(40.132278, 31.415237, 0.0)
(39.309628, 30.995722, 0.0)
(35.152813, 29.641281, 0.0)
(34.860157, 29.562508, 0.0)
(35.086349, 29.537827, 0.0)
(35.277966, 29.530170, 0.0)
(35.511047, 29.526171, 0.0)
(35.757835, 29.515465, 0.0)
(36.014366, 29.559795, 0.0)
(36.289047, 29.651640, 0.0)
(36.461170, 29.674917, 0.0)
(36.708893, 29.739771, 0.0)
(36.919930, 29.826031, 0.0)
(37.212730, 29.854897, 0.0)
(38.559711, 30.321547, 0.0)
(38.843399, 30.405306, 0.0)
(39.051174, 30.480425, 0.0)
(39.213600, 30.531778, 0.0)
(39.392288, 30.550007, 0.0)
(39.557476, 30.630964, 0.0)
(39.724129, 30.701769, 0.0)
(41.015106, 31.383699, 0.0)
(41.586998, 31.719238, 0.0)
(41.658451, 31.722338, 0.0)
(41.701080, 31.745890, 0.0)
(41.782616, 31.771832, 0.0)
(41.785355, 31.767693, 0.0)
(41.794022, 31.729231, 0.0)
(41.791637, 31.721830, 0.0)
(41.784416, 31.709475, 0.0)
(41.774033, 31.692970, 0.0)
(41.754387, 31.623213, 0.0)
(41.666801, 31.545321, 0.0)
(41.627045, 31.459082, 0.0)
(40.609467, 30.651566, 0.0)
(40.397045, 30.380716, 0.0)
(40.320473, 30.198212, 0.0)
(40.162823, 30.106218, 0.0)
(40.068077, 30.082268, 0.0)
(39.943462, 29.970293, 0.0)
(39.798618, 29.915867, 0.0)
(39.561672, 29.858053, 0.0)
(39.420799, 29.780630, 0.0)
(39.264290, 29.740627, 0.0)
(39.038723, 29.623854, 0.0)
(38.848091, 29.622784, 0.0)
(38.598465, 29.538462, 0.0)
(38.370342, 29.501030, 0.0)
(38.139248, 29.452576, 0.0)
(37.312256, 29.336576, 0.0)
(36.549229, 29.225849, 0.0)
(36.231075, 29.140829, 0.0)
(35.956913, 29.113747, 0.0)
(35.682877, 29.054094, 0.0)
(35.467144, 29.038019, 0.0)
(35.171120, 29.001972, 0.0)
(34.860119, 28.989054, 0.0)
(34.554558, 28.922049, 0.0)
(34.293591, 28.955482, 0.0)
(33.437332, 28.962774, 0.0)
(32.034054, 29.004421, 0.0)
(31.602871, 28.977671, 0.0)
(31.280800, 28.986038, 0.0)
(30.998541, 28.994560, 0.0)
(30.748697, 29.029661, 0.0)
(30.434242, 29.068159, 0.0)
(30.152895, 29.145750, 0.0)
(29.846909, 29.151205, 0.0)
(29.572668, 29.174896, 0.0)
(29.288595, 29.194984, 0.0)
(29.026014, 29.213512, 0.0)
(28.803556, 29.258856, 0.0)
(28.558174, 29.312325, 0.0)
(28.317801, 29.335949, 0.0)
(28.097111, 29.385538, 0.0)
(27.966982, 29.447578, 0.0)
(26.649429, 29.927771, 0.0)
(26.008524, 30.066822, 0.0)
(25.837900, 30.064548, 0.0)
(25.709345, 30.043839, 0.0)
(26.148643, 29.720610, 0.0)
(26.177494, 29.685194, 0.0)
(26.120613, 29.667141, 0.0)
(26.101955, 29.651999, 0.0)
(26.145327, 29.663794, 0.0)
(26.864403, 29.268269, 0.0)
(29.127855, 28.264513, 0.0)
(30.971247, 29.890409, 0.0)
(33.372139, 29.515430, 0.0)
(33.064995, 28.903275, 0.0)
(32.316925, 28.392586, 0.0)
(31.454449, 28.032242, 0.0)
(29.887756, 28.182896, 0.0)
(29.774536, 28.306726, 0.0)
(30.030083, 28.257418, 0.0)
(29.985025, 28.225220, 0.0)
(30.026112, 28.148397, 0.0)
(30.311642, 28.081455, 0.0)
(30.649075, 28.030996, 0.0)
(30.410900, 28.188921, 0.0)
(30.630280, 28.228403, 0.0)
(30.963259, 28.236547, 0.0)
(31.548258, 28.133396, 0.0)
(32.115929, 28.127655, 0.0)
(32.386948, 28.155474, 0.0)
(32.686901, 28.178219, 0.0)
(33.010551, 28.223875, 0.0)
(33.249985, 28.260746, 0.0)
(34.209614, 28.390522, 0.0)
(35.459919, 28.542177, 0.0)
(35.827759, 28.611393, 0.0)
(36.112164, 28.682190, 0.0)
(36.402725, 28.792542, 0.0)
(36.709248, 28.809797, 0.0)
(36.963802, 28.858881, 0.0)
(37.241993, 28.925571, 0.0)
(37.541985, 29.020918, 0.0)
(37.829712, 29.010738, 0.0)
(38.108459, 29.120678, 0.0)
(38.389450, 29.224356, 0.0)
(38.745468, 29.393391, 0.0)
(39.025726, 29.404581, 0.0)
(40.066925, 29.865108, 0.0)
(41.097103, 30.414042, 0.0)
(41.254059, 30.504488, 0.0)
(41.332672, 30.532215, 0.0)
(41.407551, 30.575525, 0.0)
(41.461842, 30.614244, 0.0)
(41.501793, 30.619452, 0.0)
(41.531864, 30.623407, 0.0)
(41.586391, 30.653168, 0.0)
(41.597191, 30.646154, 0.0)
(41.623837, 30.614819, 0.0)
(41.639858, 30.597376, 0.0)
(41.635735, 30.598721, 0.0)
(41.607342, 30.577503, 0.0)
(41.556374, 30.516861, 0.0)
(41.449966, 30.442848, 0.0)
(40.446873, 29.461855, 0.0)
(40.359322, 29.356274, 0.0)
(40.275181, 29.179895, 0.0)
(40.156681, 29.055044, 0.0)
(40.055740, 29.045055, 0.0)
(39.952911, 28.950615, 0.0)
(39.761982, 28.903555, 0.0)
(39.557331, 28.711609, 0.0)
(38.906528, 28.494726, 0.0)
(39.401535, 29.659300, 0.0)
(38.370758, 28.647087, 0.0)
(38.014385, 28.116184, 0.0)
(37.808167, 28.059616, 0.0)
(37.592636, 28.039888, 0.0)
(37.338287, 28.050837, 0.0)
(37.050682, 27.976721, 0.0)
(36.817348, 27.953285, 0.0)
(36.515743, 27.900812, 0.0)
(36.162815, 27.844116, 0.0)
(35.838150, 27.814137, 0.0)
(35.533070, 27.736177, 0.0)
(35.177097, 27.680977, 0.0)
(33.856255, 27.687763, 0.0)
(33.071411, 27.722603, 0.0)
(32.708527, 27.763321, 0.0)
(32.388355, 27.773165, 0.0)
(32.082241, 27.765921, 0.0)
(31.852911, 27.798056, 0.0)
(31.580381, 27.816551, 0.0)
(31.332920, 27.843348, 0.0)
(31.076029, 27.843214, 0.0)
(28.819435, 28.422382, 0.0)
(28.103218, 28.592571, 0.0)
(27.868027, 28.645536, 0.0)
(27.718199, 28.726526, 0.0)
(27.588411, 28.791599, 0.0)
(27.478662, 28.864214, 0.0)
(27.321894, 28.936596, 0.0)
(26.079855, 29.384438, 0.0)
(25.917307, 29.409168, 0.0)
(25.838366, 29.374949, 0.0)
(25.804525, 29.392879, 0.0)
(25.799927, 29.409973, 0.0)
(25.767759, 29.433163, 0.0)
(25.768963, 29.428186, 0.0)
(25.751661, 29.437344, 0.0)
(25.697718, 29.438868, 0.0)
(25.703005, 29.451544, 0.0)
(28.042006, 28.513895, 0.0)
(28.087725, 28.403107, 0.0)
(28.098814, 28.324453, 0.0)
(28.115116, 28.305080, 0.0)
(28.126602, 28.305740, 0.0)
(28.154932, 28.304462, 0.0)
(28.220303, 28.330860, 0.0)
(28.278460, 28.296694, 0.0)
(28.396896, 28.261778, 0.0)
(28.534023, 28.168087, 0.0)
(28.752783, 28.060566, 0.0)
(28.046839, 28.127001, 0.0)
(28.244564, 28.075453, 0.0)
(28.536821, 28.008652, 0.0)
(28.872374, 27.919250, 0.0)
(29.187504, 27.867500, 0.0)
(29.514868, 27.770031, 0.0)
(29.884621, 27.697321, 0.0)
(30.230570, 27.639561, 0.0)
(30.554586, 27.599379, 0.0)
(30.868723, 27.549417, 0.0)
(31.151096, 27.498066, 0.0)
(31.500971, 27.477404, 0.0)
(32.858620, 27.453140, 0.0)
(33.648453, 27.454971, 0.0)
(33.941212, 27.440346, 0.0)
(34.249134, 27.501154, 0.0)
(34.497990, 27.488218, 0.0)
(34.793430, 27.486235, 0.0)
(35.072868, 27.485399, 0.0)
(35.393013, 27.548405, 0.0)
(35.599552, 27.574787, 0.0)
(35.905457, 27.618725, 0.0)
(36.378094, 27.750841, 0.0)
(38.991528, 28.538113, 0.0)
(39.464378, 28.753040, 0.0)
(39.615093, 28.851389, 0.0)
(39.785053, 28.988264, 0.0)
(40.431496, 29.332518, 0.0)
(41.833477, 30.348936, 0.0)
(41.903557, 30.345480, 0.0)
(41.874535, 30.300890, 0.0)
(41.831997, 30.233261, 0.0)
(41.788445, 30.168840, 0.0)
(41.756752, 30.154474, 0.0)
(41.767696, 30.132864, 0.0)
(41.481049, 29.882582, 0.0)
(40.797310, 29.322075, 0.0)
(40.803692, 29.212322, 0.0)
(40.884552, 29.251657, 0.0)
(40.927288, 29.264708, 0.0)
(40.966572, 29.224028, 0.0)
(41.028603, 29.257975, 0.0)
(41.057720, 29.263489, 0.0)
(41.062668, 29.272810, 0.0)
(41.041584, 29.251680, 0.0)
(41.000141, 29.217985, 0.0)
(40.985138, 29.155886, 0.0)
(40.897247, 29.113287, 0.0)
(41.004200, 28.680162, 0.0)
(40.906654, 28.534206, 0.0)
(40.847786, 28.460073, 0.0)
(40.745377, 28.379135, 0.0)
(39.549191, 27.397554, 0.0)
(39.361656, 27.082066, 0.0)
(39.269852, 26.959028, 0.0)
(39.201893, 26.912395, 0.0)
(39.138180, 26.890577, 0.0)
(38.152298, 26.862282, 0.0)
(37.267406, 27.124640, 0.0)
(36.409504, 26.974306, 0.0)
(35.822601, 26.646830, 0.0)
(35.302738, 26.699783, 0.0)
(35.017410, 26.672840, 0.0)
(34.868484, 26.666189, 0.0)
(34.805687, 26.637661, 0.0)
(34.716805, 26.611610, 0.0)
(32.288937, 26.624510, 0.0)
(31.058908, 26.597750, 0.0)
(30.839157, 26.581699, 0.0)
(30.790289, 26.600204, 0.0)
(30.722239, 26.606478, 0.0)
(30.477051, 26.356800, 0.0)
(30.410444, 25.931973, 0.0)
(30.329189, 25.882290, 0.0)
(30.258001, 25.895214, 0.0)
(30.194284, 25.891453, 0.0)
(30.155048, 25.884575, 0.0)
(30.116657, 25.877998, 0.0)
(30.071529, 25.857462, 0.0)
(30.030226, 25.856447, 0.0)
(29.995974, 25.834236, 0.0)
(30.221128, 25.107693, 0.0)
(30.252293, 24.940882, 0.0)
(30.182659, 24.914557, 0.0)
(30.138309, 24.934681, 0.0)
(30.122402, 24.947973, 0.0)
(30.100258, 24.946404, 0.0)
(30.082994, 24.974558, 0.0)
(28.219177, 26.986652, 0.0)
(27.525728, 27.478027, 0.0)
(27.351877, 27.461340, 0.0)
(27.284925, 27.428186, 0.0)
(27.203262, 27.454029, 0.0)
(27.193380, 27.478727, 0.0)
(27.160139, 27.514193, 0.0)
(27.144268, 27.544487, 0.0)
(27.126989, 27.555368, 0.0)
(27.111172, 27.563507, 0.0)
(26.653584, 27.441952, 0.0)
(26.593401, 27.460175, 0.0)
(26.609661, 27.454384, 0.0)
(26.632992, 27.449942, 0.0)
(26.688887, 27.431026, 0.0)
(26.755941, 27.394699, 0.0)
(26.855963, 27.342382, 0.0)
(26.968283, 27.313023, 0.0)
(27.166143, 27.270460, 0.0)
(28.930962, 26.983063, 0.0)
(29.540377, 26.903959, 0.0)
(29.849375, 26.806370, 0.0)
(30.201746, 26.716162, 0.0)
(30.536362, 26.647585, 0.0)
(30.955904, 26.613894, 0.0)
(31.320427, 26.578165, 0.0)
(31.665096, 26.556784, 0.0)
(32.044155, 26.520121, 0.0)
(32.388573, 26.492262, 0.0)
(35.104347, 26.569937, 0.0)
(37.583374, 26.924036, 0.0)
(38.962963, 27.393736, 0.0)
(39.529156, 27.677616, 0.0)
(39.662102, 27.686008, 0.0)
(39.734287, 27.685471, 0.0)
(39.784233, 27.694563, 0.0)
(40.719482, 27.694118, 0.0)
(41.042866, 27.658503, 0.0)
(41.006596, 27.596867, 0.0)
(40.920502, 27.446466, 0.0)
(40.839474, 27.365240, 0.0)
(40.792953, 27.317440, 0.0)
(40.442413, 27.211021, 0.0)
(39.548820, 27.216633, 0.0)
(39.530968, 27.206240, 0.0)
(39.597305, 27.181755, 0.0)
(39.651402, 27.206509, 0.0)
(39.772278, 27.266182, 0.0)
(39.846115, 27.278055, 0.0)
(39.971416, 27.340702, 0.0)
(40.569881, 28.298180, 0.0)
(40.705257, 28.378447, 0.0)
(40.879940, 28.473169, 0.0)
(41.027767, 28.538160, 0.0)
(41.235542, 28.731350, 0.0)
(41.330074, 28.787312, 0.0)
(40.816383, 28.554989, 0.0)
(40.861397, 28.561483, 0.0)
(40.945129, 28.577492, 0.0)
(40.985111, 28.604197, 0.0)
(40.985111, 28.604197, 0.0)
(40.972042, 28.578337, 0.0)
(40.688515, 28.570587, 0.0)
(39.919800, 27.706577, 0.0)
(39.818153, 27.451143, 0.0)
(39.982216, 27.105652, 0.0)
(39.851524, 27.076290, 0.0)
(39.905731, 27.070595, 0.0)
(39.928513, 27.144722, 0.0)
(39.897381, 27.148848, 0.0)
(39.788158, 27.090427, 0.0)
(39.683773, 27.008547, 0.0)
(37.962044, 26.590607, 0.0)
(36.457306, 26.312469, 0.0)
(35.371109, 26.039801, 0.0)
(34.172203, 26.534916, 0.0)
(34.397812, 25.897379, 0.0)
(34.528717, 25.892002, 0.0)
(34.545734, 26.004072, 0.0)
(34.460964, 26.029076, 0.0)
(35.373760, 26.199703, 0.0)
(35.671730, 26.215620, 0.0)
(35.516850, 26.210827, 0.0)
(35.297890, 26.177317, 0.0)
(35.031860, 26.153070, 0.0)
(34.810345, 26.142168, 0.0)
(34.104004, 26.148634, 0.0)
(32.798931, 26.164373, 0.0)
(32.548206, 26.115690, 0.0)
(32.290062, 26.026957, 0.0)
(32.140369, 25.984070, 0.0)
(31.960171, 26.010555, 0.0)
(31.796230, 26.075779, 0.0)
(31.613827, 26.083757, 0.0)
(30.564583, 26.310095, 0.0)
(29.474268, 26.440622, 0.0)
(29.225433, 26.459564, 0.0)
(29.027412, 26.492579, 0.0)
(28.846014, 26.499809, 0.0)
(27.535545, 26.881409, 0.0)
(26.614954, 27.137800, 0.0)
(26.382383, 27.173866, 0.0)
(26.163471, 27.156284, 0.0)
(26.028406, 27.049671, 0.0)
(26.035337, 27.031969, 0.0)
(25.986002, 27.019386, 0.0)
(25.925589, 27.012785, 0.0)
(25.902805, 26.994003, 0.0)
(26.020538, 26.895058, 0.0)
(26.275082, 26.765017, 0.0)
(26.938169, 26.376657, 0.0)
(28.571735, 26.574554, 0.0)
(34.113373, 26.071909, 0.0)
(34.563786, 25.264456, 0.0)
(34.447235, 25.201757, 0.0)
(34.227829, 25.143505, 0.0)
(33.531773, 25.096743, 0.0)
(33.771984, 25.253395, 0.0)
(33.544064, 24.996840, 0.0)
(33.362225, 25.095161, 0.0)
(33.305714, 25.191628, 0.0)
(33.369442, 25.203463, 0.0)
(33.478588, 25.192492, 0.0)
(33.558163, 25.230770, 0.0)
(32.148556, 25.417307, 0.0)
(32.267536, 25.431108, 0.0)
(32.552296, 25.442089, 0.0)
(32.865189, 25.391563, 0.0)
(33.129517, 25.371712, 0.0)
(33.401787, 25.347204, 0.0)
(35.257900, 25.711727, 0.0)
(36.190418, 25.832848, 0.0)
(36.455421, 25.844204, 0.0)
(36.686924, 25.912254, 0.0)
(36.855679, 25.874788, 0.0)
(37.036205, 25.860249, 0.0)
(37.233799, 25.858948, 0.0)
(37.427258, 25.902998, 0.0)
(37.589310, 25.976377, 0.0)
(39.500946, 26.891699, 0.0)
(40.709511, 27.664921, 0.0)
(40.816631, 27.701077, 0.0)
(40.801582, 27.677616, 0.0)
(40.787586, 27.671579, 0.0)
(40.751747, 27.642046, 0.0)
(41.164478, 28.049650, 0.0)
(41.317062, 28.255796, 0.0)
(41.250668, 28.185318, 0.0)
(41.205948, 28.146585, 0.0)
(41.195854, 28.137173, 0.0)
(41.164101, 28.083603, 0.0)
(41.023766, 27.910627, 0.0)
(40.991161, 27.774359, 0.0)
(40.970604, 27.757465, 0.0)
(40.721264, 27.936165, 0.0)
(40.455929, 28.259253, 0.0)
(40.387516, 27.293221, 0.0)
(39.940807, 26.760000, 0.0)
(39.536423, 26.588902, 0.0)
(39.414181, 26.452261, 0.0)
(39.339470, 26.402887, 0.0)
(37.948940, 26.475641, 0.0)
(36.913376, 25.463686, 0.0)
(36.671318, 25.143236, 0.0)
(36.624279, 25.088083, 0.0)
(36.534103, 25.079487, 0.0)
(36.480286, 25.090181, 0.0)
(36.410679, 25.112576, 0.0)
(36.357422, 25.062937, 0.0)
(36.296291, 25.016417, 0.0)
(36.211479, 25.011181, 0.0)
(36.164024, 24.985580, 0.0)
(35.959480, 24.991684, 0.0)
(32.913536, 25.279398, 0.0)
(30.219816, 25.656301, 0.0)
(29.451948, 25.694777, 0.0)
(29.302113, 25.653259, 0.0)
(29.278862, 25.590549, 0.0)
(29.252102, 25.525835, 0.0)
(29.219589, 25.513525, 0.0)
(29.169561, 25.502092, 0.0)
(29.113214, 25.463907, 0.0)
(31.545427, 24.995070, 0.0)
(31.649193, 25.040258, 0.0)
(31.557465, 25.084005, 0.0)
(31.522305, 25.127310, 0.0)
(31.458775, 25.156736, 0.0)
(31.361654, 25.093990, 0.0)
(31.257626, 25.072189, 0.0)
(31.192530, 25.071716, 0.0)
(30.794853, 25.158621, 0.0)
(28.933002, 25.571869, 0.0)
(28.689457, 25.645451, 0.0)
(28.547651, 25.685310, 0.0)
(28.486208, 25.722858, 0.0)
(28.398428, 25.762661, 0.0)
(28.295710, 25.823265, 0.0)
(28.100679, 25.852633, 0.0)
(26.363764, 26.672310, 0.0)
(26.197765, 26.746674, 0.0)
(26.152294, 26.745378, 0.0)
(26.115465, 26.778360, 0.0)
(26.082819, 26.821947, 0.0)
(26.076206, 26.835793, 0.0)
(26.059053, 26.836590, 0.0)
(26.557148, 26.411057, 0.0)
(26.846344, 26.149910, 0.0)
(26.884218, 26.078724, 0.0)
(26.888744, 26.076281, 0.0)
(26.897444, 26.078382, 0.0)
(26.937387, 26.077002, 0.0)
(27.004528, 26.044827, 0.0)
(28.877384, 25.531178, 0.0)
(29.802847, 25.383348, 0.0)
(29.987867, 25.357759, 0.0)
(30.125231, 25.307335, 0.0)
(30.249662, 25.243425, 0.0)
(30.359573, 25.208691, 0.0)
(30.501209, 25.170540, 0.0)
(30.644529, 25.179705, 0.0)
(30.785738, 25.179579, 0.0)
(30.912125, 25.204779, 0.0)
(31.047318, 25.181757, 0.0)
(31.161880, 25.133488, 0.0)
(31.294630, 25.097881, 0.0)
(31.474447, 25.089458, 0.0)
(31.621140, 25.078682, 0.0)
(31.784422, 25.059877, 0.0)
(31.976198, 25.021267, 0.0)
(33.133331, 25.050121, 0.0)
(36.214752, 25.535999, 0.0)
(36.703442, 25.635454, 0.0)
(36.835014, 25.670111, 0.0)
(36.934998, 25.672668, 0.0)
(37.028732, 25.672247, 0.0)
(37.127766, 25.692436, 0.0)
(37.225143, 25.687361, 0.0)
(37.390858, 25.724346, 0.0)
(37.519524, 25.777067, 0.0)
(37.648441, 25.779066, 0.0)
(37.762062, 25.831375, 0.0)
(37.923641, 25.884140, 0.0)
(38.206196, 25.975792, 0.0)
(40.108051, 27.072048, 0.0)
(40.391003, 27.216599, 0.0)
(40.454407, 27.230141, 0.0)
(40.501312, 27.222527, 0.0)
(40.448772, 27.188520, 0.0)
(40.859089, 27.541197, 0.0)
(40.966015, 27.650381, 0.0)
(40.958599, 27.643078, 0.0)
(40.880638, 27.560463, 0.0)
(40.854923, 27.519598, 0.0)
(40.823421, 27.470636, 0.0)
(40.814320, 27.456026, 0.0)
(40.828484, 27.472504, 0.0)
(40.805531, 27.470634, 0.0)
(40.807110, 27.495453, 0.0)
(40.784050, 27.482109, 0.0)
(40.773972, 27.395517, 0.0)
(40.771858, 27.327999, 0.0)
(40.721733, 27.296274, 0.0)
(40.724113, 27.291775, 0.0)
(40.694721, 27.287912, 0.0)
(40.651081, 27.290401, 0.0)
(40.631443, 27.297167, 0.0)
(40.631805, 27.237175, 0.0)
(40.622997, 27.239113, 0.0)
(40.767632, 27.556572, 0.0)
(41.257298, 29.876463, 0.0)
(41.269627, 30.022669, 0.0)
(41.288727, 30.038229, 0.0)
(41.288727, 30.038229, 0.0)
(41.288685, 30.071283, 0.0)
(41.294121, 30.118423, 0.0)
(41.299812, 30.154142, 0.0)
(41.293247, 30.166212, 0.0)
(41.304394, 30.188099, 0.0)
(41.303440, 30.187204, 0.0)
(41.292076, 30.181692, 0.0)
(41.552605, 31.403103, 0.0)
(41.691822, 33.974133, 0.0)
(41.357235, 35.206703, 0.0)
(41.242554, 35.371933, 0.0)
(41.216385, 35.341457, 0.0)
(41.195755, 35.286083, 0.0)
(41.192780, 35.277981, 0.0)
(41.123764, 35.807728, 0.0)
(41.346092, 35.410488, 0.0)
(41.243832, 34.430588, 0.0)
(41.268955, 34.161537, 0.0)
(41.265095, 34.153397, 0.0)
(41.268219, 34.185669, 0.0)
(41.280537, 34.214947, 0.0)
(41.324432, 34.234886, 0.0)
(41.283443, 34.235096, 0.0)
(41.358276, 36.133442, 0.0)
(41.246864, 36.384869, 0.0)
(41.224068, 36.306152, 0.0)
(41.201168, 36.355095, 0.0)
(41.203030, 36.331207, 0.0)
(41.180355, 36.337872, 0.0)
(41.172710, 36.333672, 0.0)
(40.359013, 36.533333, 0.0)
(40.282787, 36.526241, 0.0)
(40.308857, 36.540550, 0.0)
(40.292679, 36.537029, 0.0)
(40.286995, 36.528076, 0.0)
(40.288029, 36.487427, 0.0)
(40.282372, 36.473076, 0.0)
(40.262428, 36.466923, 0.0)
(40.664070, 36.553246, 0.0)
(40.702251, 36.546143, 0.0)
(40.681786, 36.521500, 0.0)
(40.659794, 36.443016, 0.0)
(40.604244, 36.401417, 0.0)
(40.544662, 36.443333, 0.0)
(40.511002, 36.426117, 0.0)
(40.489998, 36.374859, 0.0)
(40.703587, 35.615929, 0.0)
(40.935085, 34.456169, 0.0)
(40.928612, 34.290386, 0.0)
(40.923321, 34.234051, 0.0)
(40.920113, 34.134911, 0.0)
(40.928734, 34.059753, 0.0)
(41.013618, 32.948269, 0.0)
(40.864437, 30.918810, 0.0)
(41.090218, 30.245850, 0.0)
(41.140717, 30.260979, 0.0)
(41.171745, 30.227901, 0.0)
(41.186634, 30.168280, 0.0)
(41.190060, 30.099670, 0.0)
(41.187172, 30.023094, 0.0)
(41.205868, 30.014618, 0.0)
(41.208920, 29.992769, 0.0)
(41.434418, 30.662207, 0.0)
(41.417152, 30.702099, 0.0)
(41.377991, 30.644117, 0.0)
(41.389927, 30.582857, 0.0)
(41.383965, 30.567833, 0.0)
(40.754585, 29.097555, 0.0)
(40.594353, 27.650387, 0.0)
(40.492672, 27.372972, 0.0)
(40.408844, 27.290518, 0.0)
(40.355328, 27.255480, 0.0)
(40.320854, 27.227140, 0.0)
(40.297207, 27.218590, 0.0)
(40.280407, 27.204582, 0.0)
(40.080738, 27.285822, 0.0)
(39.981224, 26.991142, 0.0)
(39.829414, 26.866325, 0.0)
(40.092098, 27.170696, 0.0)
(40.301754, 27.430857, 0.0)
(40.305412, 27.420425, 0.0)
(40.314964, 27.427692, 0.0)
(40.331303, 27.468746, 0.0)
(40.294598, 27.451733, 0.0)
(40.293587, 27.406401, 0.0)
(40.284908, 27.380995, 0.0)
(40.291870, 27.372799, 0.0)
(40.242886, 27.342196, 0.0)
(40.246216, 27.356453, 0.0)
(39.985100, 27.235542, 0.0)
(39.731705, 27.051073, 0.0)
(39.676979, 26.990860, 0.0)
(39.656418, 26.978462, 0.0)
(39.658371, 26.968288, 0.0)
(39.648483, 26.946569, 0.0)
(39.301712, 27.199381, 0.0)
(39.608974, 27.905910, 0.0)
(39.870415, 28.614395, 0.0)
(40.235508, 30.478935, 0.0)
(40.476727, 32.592152, 0.0)
(40.465427, 33.317818, 0.0)
(40.425507, 33.337627, 0.0)
(40.405399, 33.329136, 0.0)
(40.383289, 33.332073, 0.0)
(40.381458, 33.337833, 0.0)
(40.545956, 31.301521, 0.0)
(40.670834, 30.881163, 0.0)
(40.654755, 30.944056, 0.0)
(40.641521, 31.038052, 0.0)
(40.632774, 31.063986, 0.0)
(40.633099, 31.136459, 0.0)
(40.641598, 31.220072, 0.0)
(40.647400, 31.290970, 0.0)
(40.643166, 31.359369, 0.0)
(40.646809, 31.390669, 0.0)
(40.641945, 31.419237, 0.0)
(40.653065, 31.518492, 0.0)
(40.641808, 31.578022, 0.0)
(40.650524, 31.713112, 0.0)
(40.141777, 32.963123, 0.0)
(40.043034, 33.061512, 0.0)
(40.052467, 33.048073, 0.0)
(40.043980, 33.100262, 0.0)
(40.043678, 33.105083, 0.0)
(40.651054, 35.327728, 0.0)
(40.563416, 36.359207, 0.0)
(40.484364, 36.378262, 0.0)
(40.479660, 36.277184, 0.0)
(40.463211, 36.260132, 0.0)
(40.452133, 36.229595, 0.0)
(40.446304, 36.200405, 0.0)
(40.431015, 36.188278, 0.0)
(40.406513, 36.165310, 0.0)
(40.390495, 36.166515, 0.0)
(40.292313, 36.352097, 0.0)
(40.235474, 36.349796, 0.0)
(40.235157, 36.337955, 0.0)
(40.232105, 36.271282, 0.0)
(40.214222, 36.266666, 0.0)
(40.210564, 36.244759, 0.0)
(40.198086, 36.228500, 0.0)
(40.197990, 36.222454, 0.0)
(40.196999, 36.228756, 0.0)
(40.191406, 36.238785, 0.0)
(39.209682, 35.741016, 0.0)
(39.085075, 35.656063, 0.0)
(39.046757, 35.613228, 0.0)
(39.021614, 35.578556, 0.0)
(38.996635, 35.493164, 0.0)
(39.603024, 34.539055, 0.0)
(39.850185, 33.947403, 0.0)
(39.823570, 33.683098, 0.0)
(39.805141, 33.565166, 0.0)
(39.806541, 33.536125, 0.0)
(39.802147, 33.444817, 0.0)
(39.839294, 33.384274, 0.0)
(39.829857, 33.303833, 0.0)
(39.847805, 33.251247, 0.0)
(39.884136, 33.220955, 0.0)
(39.882801, 32.101288, 0.0)
(39.890003, 31.979687, 0.0)
(39.932140, 32.016026, 0.0)
(39.943413, 31.929491, 0.0)
(39.932377, 31.856014, 0.0)
(39.962105, 31.831196, 0.0)
(39.978771, 31.853271, 0.0)
(39.985085, 31.827026, 0.0)
(40.133228, 31.391935, 0.0)
(40.317356, 31.166828, 0.0)
(40.357136, 31.113373, 0.0)
(40.003403, 29.600122, 0.0)
(39.961575, 27.689419, 0.0)
(39.908096, 26.644758, 0.0)
(39.845085, 26.540922, 0.0)
(39.778572, 26.508970, 0.0)
(39.684189, 26.460585, 0.0)
(39.654282, 26.449165, 0.0)
(39.642380, 26.454720, 0.0)
(39.612347, 26.439934, 0.0)
(39.617401, 26.413176, 0.0)
(40.205776, 27.727427, 0.0)
(40.224319, 27.841330, 0.0)
(40.236259, 27.777662, 0.0)
(40.226673, 27.763865, 0.0)
(40.212620, 27.747501, 0.0)
(40.537956, 27.697094, 0.0)
(40.932365, 28.039097, 0.0)
(40.933475, 28.031639, 0.0)
(40.072701, 27.464567, 0.0)
(39.142624, 27.016144, 0.0)
(39.058678, 26.932232, 0.0)
(39.101009, 26.941628, 0.0)
(39.084660, 26.910269, 0.0)
(39.096832, 26.506432, 0.0)
(39.027554, 26.273338, 0.0)
(39.027119, 26.288637, 0.0)
(39.001484, 26.310081, 0.0)
(38.993198, 26.344187, 0.0)
(38.955513, 26.336748, 0.0)
(38.938145, 26.293602, 0.0)
(38.912407, 26.270414, 0.0)
(38.352871, 26.573650, 0.0)
(38.263065, 26.997431, 0.0)
(38.315559, 27.068230, 0.0)
(38.381092, 27.195099, 0.0)
(38.395061, 27.279448, 0.0)
(38.478054, 27.353373, 0.0)
(38.533371, 27.451761, 0.0)
(39.468311, 28.364582, 0.0)
(39.662857, 28.533243, 0.0)
(39.727638, 28.609669, 0.0)
(39.782925, 28.730492, 0.0)
(39.224148, 27.692308, 0.0)
(38.419277, 25.964607, 0.0)
(38.159935, 25.478399, 0.0)
(38.122189, 25.445713, 0.0)
(38.076977, 25.370657, 0.0)
(38.037659, 25.290480, 0.0)
(38.004555, 25.240715, 0.0)
(38.745403, 26.498648, 0.0)
(39.648457, 29.576809, 0.0)
(39.830025, 30.040258, 0.0)
(39.856907, 30.042385, 0.0)
(39.890003, 30.045839, 0.0)
(39.882484, 30.048836, 0.0)
(39.890278, 30.111328, 0.0)
(40.592293, 33.165127, 0.0)
(40.476299, 35.227180, 0.0)
(40.293705, 35.665184, 0.0)
(40.217232, 35.481934, 0.0)
(40.173477, 35.366749, 0.0)
(40.110271, 35.410988, 0.0)
(40.086071, 35.464336, 0.0)
(40.072807, 35.465359, 0.0)
(40.045921, 35.463188, 0.0)
(40.008835, 35.413109, 0.0)
(39.993080, 35.404289, 0.0)
(39.998692, 35.377346, 0.0)
(39.977528, 35.349640, 0.0)
(39.980915, 35.332512, 0.0)
(39.988613, 35.366001, 0.0)
(39.979660, 35.331795, 0.0)
(39.961868, 35.377247, 0.0)
(39.977707, 35.376125, 0.0)
(39.969383, 35.388859, 0.0)
(39.942257, 35.382759, 0.0)
(39.931305, 35.379265, 0.0)
(39.906330, 35.389801, 0.0)
(39.914551, 35.309254, 0.0)
(39.899254, 35.344158, 0.0)
(39.086704, 34.063736, 0.0)
(37.780891, 30.730860, 0.0)
(37.343033, 28.822691, 0.0)
(37.197254, 28.504883, 0.0)
(37.184982, 28.557472, 0.0)
(37.187965, 28.570017, 0.0)
(37.183891, 28.566355, 0.0)
(37.195129, 28.560474, 0.0)
(37.220589, 28.612871, 0.0)
(37.249252, 28.648386, 0.0)
(37.308838, 28.706417, 0.0)
(37.808746, 27.492672, 0.0)
(37.987598, 27.250326, 0.0)
(38.035290, 27.259922, 0.0)
(38.046669, 27.248226, 0.0)
(38.055592, 27.195650, 0.0)
(38.061989, 27.194040, 0.0)
(38.754223, 28.229515, 0.0)
(39.012222, 29.036066, 0.0)
(39.003662, 29.085758, 0.0)
(38.993198, 29.043121, 0.0)
(38.982380, 28.944126, 0.0)
(38.922497, 28.857351, 0.0)
(38.948498, 28.829136, 0.0)
(38.936604, 28.831955, 0.0)
(38.782913, 28.532396, 0.0)
(38.434517, 27.670164, 0.0)
(38.381504, 27.609585, 0.0)
(38.377514, 27.611183, 0.0)
(38.381504, 27.609585, 0.0)
(38.377499, 27.623030, 0.0)
(38.359482, 27.617136, 0.0)
(38.622200, 27.855455, 0.0)
(38.989750, 28.236452, 0.0)
(38.999863, 28.248404, 0.0)
(38.985146, 28.210819, 0.0)
(38.972778, 28.213018, 0.0)
(38.233444, 27.563833, 0.0)
(38.067368, 27.081106, 0.0)
(38.236034, 26.753963, 0.0)
(38.408600, 26.544086, 0.0)
(38.376911, 26.489761, 0.0)
(38.402443, 26.477213, 0.0)
(38.437260, 26.480383, 0.0)
(38.422234, 26.423508, 0.0)
(38.414436, 26.391895, 0.0)
(38.411427, 26.358372, 0.0)
(38.404171, 26.340271, 0.0)
(38.394394, 26.346285, 0.0)
(38.371635, 26.340294, 0.0)
(38.378330, 26.314329, 0.0)
(38.350521, 26.332964, 0.0)
(38.285748, 26.302408, 0.0)
(38.287167, 26.336000, 0.0)
(37.649071, 26.532701, 0.0)
(37.573299, 26.557720, 0.0)
(37.565907, 26.545841, 0.0)
(37.565907, 26.545841, 0.0)
(37.540707, 26.566317, 0.0)
(37.530197, 26.583443, 0.0)
(37.538929, 26.652500, 0.0)
(37.997002, 27.483191, 0.0)
(38.284771, 29.220364, 0.0)
(38.215107, 29.406115, 0.0)
(38.164452, 29.502012, 0.0)
(38.108925, 29.565424, 0.0)
(38.419647, 30.528824, 0.0)
(38.948879, 33.765850, 0.0)
(38.911255, 35.007511, 0.0)
(38.731018, 35.078850, 0.0)
(38.646881, 35.006714, 0.0)
(38.585098, 35.066002, 0.0)
(38.750340, 35.767628, 0.0)
(38.652222, 36.365971, 0.0)
(38.631733, 36.329945, 0.0)
(38.617531, 36.304199, 0.0)
(38.559269, 36.345848, 0.0)
(38.578785, 36.377804, 0.0)
(38.343231, 35.658356, 0.0)
(38.291813, 35.496353, 0.0)
(38.290676, 35.496193, 0.0)
(38.283527, 35.508606, 0.0)
(38.439476, 34.499409, 0.0)
(38.481697, 33.082840, 0.0)
(38.453773, 32.810688, 0.0)
(38.451309, 32.812271, 0.0)
(38.459717, 32.892216, 0.0)
(38.901005, 34.906895, 0.0)
(38.775608, 36.017185, 0.0)
(38.715431, 36.078239, 0.0)
(38.687542, 36.100491, 0.0)
(38.667976, 36.132984, 0.0)
(38.577969, 36.295956, 0.0)
(38.488014, 36.478310, 0.0)
(38.455883, 36.444736, 0.0)
(38.455154, 36.467159, 0.0)
(38.413033, 36.531120, 0.0)
(38.424316, 36.547821, 0.0)
(38.426586, 36.546303, 0.0)
(38.465630, 36.010227, 0.0)
(38.444233, 35.909210, 0.0)
(38.440552, 35.888943, 0.0)
(38.415562, 35.850319, 0.0)
(38.393284, 35.763668, 0.0)
(37.647415, 35.530659, 0.0)
(37.169807, 35.368740, 0.0)
(37.109436, 35.207996, 0.0)
(37.056736, 35.078297, 0.0)
(37.027401, 35.012951, 0.0)
(36.986111, 34.993885, 0.0)
(37.614151, 32.932270, 0.0)
(37.608547, 30.587723, 0.0)
(37.559269, 28.986904, 0.0)
(37.507584, 28.122156, 0.0)
(37.480221, 28.088888, 0.0)
(37.498714, 28.180775, 0.0)
(37.534645, 28.159590, 0.0)
(37.529194, 28.141956, 0.0)
(37.532459, 28.153999, 0.0)
(37.539478, 28.138617, 0.0)
(36.959225, 26.772669, 0.0)
(36.775211, 26.160480, 0.0)
(36.735752, 26.057209, 0.0)
(36.715500, 26.023691, 0.0)
(36.709591, 26.028690, 0.0)
(36.686062, 26.010088, 0.0)
(36.677460, 26.014246, 0.0)
(36.696972, 25.996641, 0.0)
(36.670109, 25.962637, 0.0)
(36.637852, 25.890755, 0.0)
(36.647614, 25.857080, 0.0)
(36.646423, 25.844419, 0.0)
(36.646526, 25.845573, 0.0)
(37.585419, 26.323151, 0.0)
(37.738163, 26.477148, 0.0)
(37.751163, 26.454966, 0.0)
(37.755604, 26.460644, 0.0)
(37.762459, 26.454052, 0.0)
(36.959591, 26.107473, 0.0)
(36.875122, 26.050508, 0.0)
(36.881306, 26.036762, 0.0)
(36.890144, 26.013166, 0.0)
(36.881401, 26.024805, 0.0)
(36.884201, 26.043310, 0.0)
(36.881401, 26.024805, 0.0)
(36.903927, 26.043894, 0.0)
(37.033585, 26.541805, 0.0)
(37.041096, 26.561012, 0.0)
(37.007034, 26.507301, 0.0)
(37.015057, 26.515013, 0.0)
(37.012039, 26.520819, 0.0)
(37.008125, 26.522375, 0.0)
(37.002628, 26.510769, 0.0)
(36.949760, 26.471306, 0.0)
(36.941250, 26.448112, 0.0)
(36.932423, 26.455149, 0.0)
(36.908913, 26.437372, 0.0)
(36.905315, 26.440512, 0.0)
(36.895081, 26.447546, 0.0)
(36.082897, 26.605902, 0.0)
(35.930210, 26.628088, 0.0)
(35.899494, 26.751509, 0.0)
(35.895248, 26.790762, 0.0)
(35.867538, 26.845539, 0.0)
(35.848789, 26.841116, 0.0)
(35.850651, 26.876755, 0.0)
(35.860023, 26.922745, 0.0)
(36.447891, 27.651281, 0.0)
(36.432014, 27.824577, 0.0)
(36.437008, 27.864309, 0.0)
(36.454254, 27.968050, 0.0)
(36.432262, 28.029968, 0.0)
(36.421761, 28.138887, 0.0)
(36.651989, 29.127745, 0.0)
(36.610577, 29.272707, 0.0)
(36.593727, 29.336535, 0.0)
(36.564484, 29.390245, 0.0)
(36.571152, 29.454399, 0.0)
(36.547638, 29.593544, 0.0)
(36.667744, 30.245256, 0.0)
(36.728245, 31.694786, 0.0)
(36.601196, 31.777922, 0.0)
(36.600307, 33.018593, 0.0)
(36.529697, 32.248013, 0.0)
(36.503658, 31.836296, 0.0)
(36.467094, 31.704538, 0.0)
(36.537598, 31.764400, 0.0)
(36.533459, 31.856596, 0.0)
(36.545391, 31.891403, 0.0)
(36.961441, 33.647949, 0.0)
(37.077686, 35.469086, 0.0)
(36.995026, 35.698372, 0.0)
(36.968872, 35.718143, 0.0)
(36.948387, 35.885818, 0.0)
(36.950958, 35.955437, 0.0)
(36.909546, 35.988056, 0.0)
(36.827374, 36.494968, 0.0)
(36.774399, 36.549923, 0.0)
(36.765427, 36.515564, 0.0)
(36.754925, 36.431129, 0.0)
(36.751480, 36.427521, 0.0)
(36.742085, 36.425003, 0.0)
(36.737316, 36.404858, 0.0)
(36.727795, 36.423519, 0.0)
(36.711308, 36.421329, 0.0)
(36.683346, 36.344780, 0.0)
(36.664982, 36.311745, 0.0)
(35.570908, 36.206890, 0.0)
(35.334564, 36.094048, 0.0)
(35.255322, 35.980812, 0.0)
(35.229557, 35.933979, 0.0)
(35.202862, 35.936954, 0.0)
(35.283386, 35.549713, 0.0)
(35.871136, 34.006153, 0.0)
(35.825668, 33.733646, 0.0)
(35.803722, 33.520298, 0.0)
(35.793785, 33.335651, 0.0)
(35.733028, 33.220036, 0.0)
(35.737911, 33.052200, 0.0)
(35.714218, 32.988834, 0.0)
(35.702042, 32.956722, 0.0)
(35.691814, 32.958080, 0.0)
(35.694759, 32.931179, 0.0)
(35.645714, 32.997864, 0.0)
(35.610710, 32.999504, 0.0)
(35.558121, 32.927837, 0.0)
(35.673473, 32.637264, 0.0)
(35.717655, 31.704967, 0.0)
(35.655418, 31.348883, 0.0)
(35.612938, 31.243280, 0.0)
(35.568623, 31.226141, 0.0)
(35.478413, 31.216755, 0.0)
(35.369461, 31.268589, 0.0)
(35.315769, 31.274662, 0.0)
(35.264236, 31.265673, 0.0)
(35.232040, 31.214443, 0.0)
(35.196590, 31.191608, 0.0)
(35.159325, 31.193762, 0.0)
(35.146355, 31.155649, 0.0)
(35.122936, 31.156786, 0.0)
(35.105343, 31.153074, 0.0)
(35.068253, 31.109467, 0.0)
(35.040825, 30.421665, 0.0)
(35.132847, 27.548424, 0.0)
(35.119404, 27.277012, 0.0)
(35.157986, 27.278769, 0.0)
(35.189037, 27.192987, 0.0)
(35.201096, 27.117416, 0.0)
(35.167984, 26.664408, 0.0)
(35.169464, 26.622906, 0.0)
(35.206268, 26.626720, 0.0)
(34.972038, 26.205359, 0.0)
(34.906010, 26.099522, 0.0)
(34.875111, 26.054546, 0.0)
(34.840237, 26.038902, 0.0)
(34.820999, 26.026499, 0.0)
(34.808231, 26.014284, 0.0)
(34.803467, 26.001539, 0.0)
(34.767975, 25.976198, 0.0)
(34.757263, 26.022198, 0.0)
(34.711258, 26.078604, 0.0)
(34.641491, 26.103161, 0.0)
(34.610870, 26.204109, 0.0)
(34.599930, 26.233170, 0.0)
(34.599499, 26.304575, 0.0)
(34.593079, 26.402433, 0.0)
(34.588909, 26.444870, 0.0)
(34.597290, 26.556128, 0.0)
(34.638897, 26.662443, 0.0)
(34.584763, 27.316216, 0.0)
(34.450066, 27.607134, 0.0)
(34.205189, 28.112694, 0.0)
(34.631874, 29.487667, 0.0)
(34.525055, 28.583117, 0.0)
(34.489902, 28.216583, 0.0)
(34.539795, 28.266666, 0.0)
(34.569374, 28.409399, 0.0)
(34.584839, 28.544744, 0.0)
(34.599392, 28.721399, 0.0)
(34.610855, 29.115959, 0.0)
(34.653046, 29.673702, 0.0)
(34.645451, 29.834400, 0.0)
(34.651424, 29.881916, 0.0)
(34.679722, 30.013258, 0.0)
(34.648865, 30.325891, 0.0)
(34.643955, 30.562357, 0.0)
(34.677086, 30.707611, 0.0)
(34.669285, 30.734205, 0.0)
(34.698257, 30.859936, 0.0)
(34.901188, 31.994200, 0.0)
(34.888229, 32.182785, 0.0)
(34.866341, 32.234447, 0.0)
(34.849403, 32.333530, 0.0)
(34.841785, 32.417446, 0.0)
(34.840179, 32.522034, 0.0)
(34.820927, 32.650188, 0.0)
(35.035370, 33.623734, 0.0)
(35.081272, 34.365410, 0.0)
(35.143795, 34.617638, 0.0)
(35.131836, 34.732990, 0.0)
(35.145004, 34.865959, 0.0)
(35.101440, 34.991283, 0.0)
(35.100277, 35.107357, 0.0)
(35.105747, 36.166660, 0.0)
(34.998581, 36.724983, 0.0)
(34.966316, 36.797424, 0.0)
(34.934727, 36.791012, 0.0)
(34.883564, 36.786289, 0.0)
(34.868286, 36.803612, 0.0)
(34.848656, 36.810257, 0.0)
(34.806702, 36.829128, 0.0)
(33.972134, 36.656647, 0.0)
(33.732437, 36.669830, 0.0)
(33.705170, 36.631912, 0.0)
(33.681435, 36.613796, 0.0)
(33.696457, 36.579739, 0.0)
(33.990429, 35.027462, 0.0)
(33.907104, 34.324612, 0.0)
(33.810860, 34.060272, 0.0)
(33.747475, 33.899536, 0.0)
(33.731827, 33.759449, 0.0)
(33.696259, 33.644337, 0.0)
(33.674477, 33.535583, 0.0)
(33.683052, 33.437927, 0.0)
(33.651852, 33.320217, 0.0)
(33.654602, 33.180748, 0.0)
(33.941154, 32.187561, 0.0)
(33.867023, 31.794872, 0.0)
(33.848114, 31.605728, 0.0)
(33.786629, 31.502296, 0.0)
(33.744205, 31.436008, 0.0)
(33.740513, 31.103170, 0.0)
(33.755035, 29.222672, 0.0)
(33.692745, 28.960506, 0.0)
(33.660229, 29.031145, 0.0)
(33.630245, 29.037506, 0.0)
(33.623158, 28.994173, 0.0)
(33.620102, 28.942366, 0.0)
(33.567356, 28.032864, 0.0)
(33.530136, 27.335228, 0.0)
(33.497940, 27.266790, 0.0)
(33.496586, 27.319080, 0.0)
(33.484028, 27.324696, 0.0)
(33.481335, 26.986542, 0.0)
(33.428516, 26.457823, 0.0)
(33.392132, 26.391876, 0.0)
(33.377045, 26.384787, 0.0)
(33.366882, 26.382805, 0.0)
(33.341042, 26.352942, 0.0)
(33.328087, 26.329784, 0.0)
(33.328114, 26.313522, 0.0)
(33.339203, 26.304958, 0.0)
(33.357983, 26.296654, 0.0)
(33.321274, 26.278332, 0.0)
(32.823303, 25.811886, 0.0)
(32.773872, 25.745216, 0.0)
(32.776230, 25.690512, 0.0)
(32.767792, 25.659990, 0.0)
(32.736984, 25.643438, 0.0)
(32.718922, 25.658724, 0.0)
(32.706150, 25.648424, 0.0)
(32.697197, 25.667040, 0.0)
(32.699036, 25.662052, 0.0)
(32.667995, 25.620686, 0.0)
(32.629681, 25.604664, 0.0)
(32.637337, 25.656647, 0.0)
(32.614666, 25.732700, 0.0)
(32.429398, 27.959999, 0.0)
(32.291470, 28.972805, 0.0)
(32.181957, 29.143574, 0.0)
(32.181137, 29.196516, 0.0)
(32.195057, 29.263552, 0.0)
(32.159565, 29.315100, 0.0)
(32.229240, 29.229643, 0.0)
(32.537735, 28.962706, 0.0)
(32.336834, 28.827963, 0.0)
(32.106747, 29.370926, 0.0)
(32.060482, 28.779984, 0.0)
(32.179913, 28.499603, 0.0)
(32.208225, 28.629969, 0.0)
(32.236263, 28.754023, 0.0)
(32.257648, 28.824091, 0.0)
(32.279423, 28.898113, 0.0)
(32.272781, 28.998098, 0.0)
(32.291595, 29.057892, 0.0)
(32.344994, 29.167219, 0.0)
(32.553711, 30.215145, 0.0)
(32.545902, 30.412622, 0.0)
(32.527405, 30.491518, 0.0)
(32.534073, 30.559952, 0.0)
(32.551105, 30.655817, 0.0)
(32.491413, 30.675442, 0.0)
(32.658104, 32.394871, 0.0)
(33.005554, 34.929714, 0.0)
(33.093010, 34.725719, 0.0)
(33.028130, 34.466152, 0.0)
(32.987854, 34.242588, 0.0)
(32.957081, 34.190941, 0.0)
(32.944630, 35.490284, 0.0)
(32.915009, 37.076328, 0.0)
(32.844120, 37.248207, 0.0)
(32.807766, 37.276527, 0.0)
(32.827965, 37.369671, 0.0)
(32.823555, 37.412601, 0.0)
(32.789661, 37.508282, 0.0)
(33.081436, 37.598053, 0.0)
(33.067032, 37.591591, 0.0)
(33.052933, 37.590012, 0.0)
(33.035667, 37.594234, 0.0)
(33.035839, 37.584663, 0.0)
(33.014523, 37.571106, 0.0)
(33.002186, 37.556744, 0.0)
(33.001240, 37.565960, 0.0)
(32.990242, 37.578724, 0.0)
(32.964222, 37.591816, 0.0)
(32.949383, 37.605473, 0.0)
(31.922182, 37.580582, 0.0)
(31.520899, 37.526321, 0.0)
(31.430326, 37.364815, 0.0)
(31.371719, 37.274311, 0.0)
(31.385389, 37.215744, 0.0)
(31.351002, 37.293159, 0.0)
(31.855453, 37.342026, 0.0)
(30.906681, 31.447985, 0.0)
(30.682720, 30.116787, 0.0)
(30.633698, 29.523077, 0.0)
(30.647320, 29.437990, 0.0)
(30.660444, 29.492167, 0.0)
(30.676308, 29.541550, 0.0)
(30.701431, 29.552401, 0.0)
(30.701235, 29.562077, 0.0)
(31.241915, 28.547791, 0.0)
(31.416746, 27.011259, 0.0)
(31.398094, 26.739626, 0.0)
(31.391336, 26.739092, 0.0)
(31.367592, 26.736433, 0.0)
(31.336863, 26.715136, 0.0)
(31.307169, 26.684301, 0.0)
(31.311697, 26.689425, 0.0)
(31.297394, 26.677017, 0.0)
(31.286749, 26.687439, 0.0)
(31.304085, 26.693569, 0.0)
(31.309835, 27.660997, 0.0)
(31.230816, 27.758276, 0.0)
(31.213652, 27.705502, 0.0)
(31.195229, 27.679804, 0.0)
(31.189400, 27.636116, 0.0)
(31.163267, 27.626513, 0.0)
(31.155092, 27.150730, 0.0)
(31.141733, 27.070229, 0.0)
(31.114613, 27.104753, 0.0)
(31.109421, 27.061193, 0.0)
(31.083010, 27.034670, 0.0)
(31.070747, 27.019579, 0.0)
(31.063971, 26.946215, 0.0)
(31.080378, 26.292589, 0.0)
(31.011856, 26.198093, 0.0)
(30.975687, 26.147146, 0.0)
(30.929502, 26.149553, 0.0)
(30.940056, 26.145496, 0.0)
(30.923271, 26.163107, 0.0)
(30.847931, 26.168964, 0.0)
(30.836586, 26.172211, 0.0)
(30.827543, 26.167881, 0.0)
(30.808617, 26.173491, 0.0)
(30.803244, 26.203207, 0.0)
(30.791023, 26.230310, 0.0)
(30.415821, 27.957426, 0.0)
(30.087780, 28.469526, 0.0)
(29.967813, 28.546097, 0.0)
(29.956562, 28.514883, 0.0)
(29.935205, 28.538462, 0.0)
(29.947977, 28.640560, 0.0)
(29.972929, 28.739559, 0.0)
(29.977268, 28.799669, 0.0)
(30.010462, 28.886705, 0.0)
(30.020134, 28.927896, 0.0)
(30.042826, 29.024956, 0.0)
(30.056520, 29.065710, 0.0)
(30.099485, 29.135580, 0.0)
(30.103874, 29.205465, 0.0)
(29.999117, 29.289843, 0.0)
(30.045666, 30.435263, 0.0)
(29.987623, 31.443258, 0.0)
(30.194263, 31.124529, 0.0)
(30.172943, 30.685879, 0.0)
(30.198965, 30.415642, 0.0)
(30.217804, 30.428923, 0.0)
(30.245392, 30.436483, 0.0)
(30.252319, 30.494349, 0.0)
(30.260187, 30.567011, 0.0)
(30.293039, 30.695206, 0.0)
(30.654293, 33.039661, 0.0)
(30.620012, 33.746780, 0.0)
(30.568624, 33.892235, 0.0)
(30.535973, 33.983196, 0.0)
(30.494205, 34.028481, 0.0)
(30.498648, 34.094749, 0.0)
(30.494366, 34.123692, 0.0)
(30.481983, 34.146656, 0.0)
(30.477779, 34.179642, 0.0)
(30.482889, 34.186493, 0.0)
(30.485672, 34.198898, 0.0)
(30.491522, 34.303173, 0.0)
(31.075365, 35.870525, 0.0)
(31.082489, 36.170261, 0.0)
(31.052500, 36.283585, 0.0)
(31.064840, 36.349480, 0.0)
(30.823748, 36.674885, 0.0)
(30.780779, 36.832047, 0.0)
(30.756193, 36.876339, 0.0)
(30.747324, 36.916462, 0.0)
(30.742302, 36.955410, 0.0)
(30.735069, 36.995598, 0.0)
(30.688936, 37.061691, 0.0)
(30.676744, 37.078064, 0.0)
(30.655615, 37.108826, 0.0)
(30.462662, 37.155754, 0.0)
(29.616898, 37.103821, 0.0)
(29.465693, 37.110294, 0.0)
(29.423595, 37.062756, 0.0)
(29.406116, 37.045963, 0.0)
(29.360716, 37.028572, 0.0)
(29.446541, 35.605656, 0.0)
(29.322323, 35.304657, 0.0)
(29.237783, 34.985222, 0.0)
(29.182827, 34.673813, 0.0)
(29.129036, 34.457172, 0.0)
(29.166471, 33.848171, 0.0)
(28.569056, 31.171919, 0.0)
(28.514843, 28.462885, 0.0)
(28.425705, 27.813740, 0.0)
(28.397820, 27.791971, 0.0)
(28.376085, 27.850460, 0.0)
(28.354773, 27.869318, 0.0)
(28.294872, 27.888472, 0.0)
(28.292810, 27.898405, 0.0)
(28.293627, 27.906908, 0.0)
(28.273540, 27.912231, 0.0)
(28.282259, 27.915945, 0.0)
(29.447899, 29.787640, 0.0)
(29.454424, 30.029251, 0.0)
(29.417238, 30.016825, 0.0)
(29.417297, 29.978174, 0.0)
(29.427532, 29.936867, 0.0)
(29.365835, 29.750504, 0.0)
(29.180918, 28.487116, 0.0)
(29.085226, 28.381641, 0.0)
(29.070904, 28.388371, 0.0)
(29.058313, 28.318708, 0.0)
(29.034691, 28.287092, 0.0)
(29.019793, 28.286533, 0.0)
(29.035038, 28.289286, 0.0)
(29.584412, 27.922375, 0.0)
(29.620302, 27.856474, 0.0)
(29.589960, 27.822969, 0.0)
(29.559124, 27.738651, 0.0)
(29.543539, 27.730192, 0.0)
(29.269213, 27.215048, 0.0)
(29.225723, 27.063055, 0.0)
(29.195656, 27.145512, 0.0)
(29.187243, 27.121300, 0.0)
(29.131079, 27.133581, 0.0)
(29.094698, 27.135042, 0.0)
(29.090153, 27.119732, 0.0)
(29.078390, 27.083912, 0.0)
(29.069483, 27.077703, 0.0)
(29.064146, 27.056177, 0.0)
(29.044666, 27.052547, 0.0)
(29.005419, 27.053808, 0.0)
(29.011818, 27.087467, 0.0)
(28.241001, 27.455908, 0.0)
(28.161617, 27.477180, 0.0)
(28.181690, 27.496082, 0.0)
(28.152540, 27.540560, 0.0)
(28.172991, 27.544453, 0.0)
(28.783558, 28.525736, 0.0)
(28.919247, 30.304234, 0.0)
(28.835600, 30.504513, 0.0)
(28.788973, 30.563251, 0.0)
(28.763256, 30.611132, 0.0)
(28.727264, 30.623108, 0.0)
(28.732016, 30.640032, 0.0)
(28.765141, 30.692545, 0.0)
(28.802040, 30.744585, 0.0)
(28.800512, 30.782871, 0.0)
(28.369764, 30.564207, 0.0)
(28.271435, 30.597517, 0.0)
(28.238150, 30.627077, 0.0)
(28.231041, 30.575911, 0.0)
(28.196009, 30.588898, 0.0)
(28.202347, 30.614523, 0.0)
(28.202572, 30.622917, 0.0)
(28.223412, 30.676508, 0.0)
(28.235455, 30.716871, 0.0)
(28.463266, 31.660278, 0.0)
(28.471872, 31.837053, 0.0)
(28.425547, 31.921299, 0.0)
(28.434748, 32.006355, 0.0)
(28.424541, 32.002880, 0.0)
(28.420929, 32.010387, 0.0)
(29.392839, 34.255207, 0.0)
(29.450474, 35.325672, 0.0)
(29.335625, 35.574352, 0.0)
(29.305876, 35.721249, 0.0)
(29.264553, 35.907932, 0.0)
(29.231977, 36.080460, 0.0)
(29.059223, 36.585495, 0.0)
(28.983528, 36.684395, 0.0)
(28.958103, 36.693092, 0.0)
(28.914759, 36.742588, 0.0)
(28.934446, 36.769371, 0.0)
(28.908024, 36.746464, 0.0)
(28.890207, 36.776714, 0.0)
(28.844667, 35.822376, 0.0)
(28.735718, 35.644020, 0.0)
(28.630260, 35.616627, 0.0)
(28.591286, 35.542042, 0.0)
(28.534584, 35.479870, 0.0)
(28.526258, 35.479240, 0.0)
(28.495228, 35.463684, 0.0)
(28.472126, 35.457230, 0.0)
(28.455475, 35.467049, 0.0)
(28.416319, 35.541485, 0.0)
(27.794115, 35.967316, 0.0)
(27.674803, 35.970013, 0.0)
(27.639534, 35.919632, 0.0)
(27.615685, 35.888897, 0.0)
(27.591810, 35.847755, 0.0)
(27.547092, 35.771946, 0.0)
(27.553188, 35.702297, 0.0)
(27.721327, 34.811012, 0.0)
(27.660629, 34.507294, 0.0)
(27.642338, 34.304600, 0.0)
(27.659801, 34.099415, 0.0)
(27.645020, 33.862862, 0.0)
(27.644184, 33.648289, 0.0)
(27.755554, 32.967812, 0.0)
(28.012682, 31.688728, 0.0)
(27.947077, 31.458187, 0.0)
(27.921307, 31.414845, 0.0)
(27.896967, 31.392675, 0.0)
(27.900084, 31.331236, 0.0)
(27.488388, 30.893887, 0.0)
(27.461679, 30.777630, 0.0)
(27.457119, 30.665634, 0.0)
(27.400906, 30.599888, 0.0)
(27.376850, 30.520676, 0.0)
(27.975544, 29.274540, 0.0)
(28.072758, 27.795197, 0.0)
(28.035000, 27.390921, 0.0)
(28.005320, 27.361193, 0.0)
(27.964439, 27.366982, 0.0)
(27.936417, 27.399267, 0.0)
(27.934193, 27.371143, 0.0)
(27.924553, 27.317926, 0.0)
(27.903696, 27.286486, 0.0)
(27.901609, 27.272331, 0.0)
(27.891453, 27.249460, 0.0)
(27.549240, 27.620291, 0.0)
(27.317444, 27.914671, 0.0)
(27.291061, 27.908714, 0.0)
(27.270185, 27.884861, 0.0)
(27.261915, 27.845232, 0.0)
(27.253242, 27.800600, 0.0)
(27.256186, 27.673649, 0.0)
(27.617586, 27.017521, 0.0)
(27.611166, 26.918926, 0.0)
(27.586912, 26.902851, 0.0)
(27.565304, 26.898634, 0.0)
(27.560408, 26.899845, 0.0)
(27.554718, 26.897041, 0.0)
(27.547461, 26.863691, 0.0)
(27.526419, 26.814255, 0.0)
(27.508913, 26.792133, 0.0)
(27.496931, 26.785942, 0.0)
(26.751333, 27.287855, 0.0)
(26.549458, 27.503021, 0.0)
(26.540142, 27.516745, 0.0)
(26.371248, 27.902807, 0.0)
(26.549116, 29.065510, 0.0)
(26.778044, 29.881330, 0.0)
(26.914417, 30.695816, 0.0)
(27.053076, 31.918938, 0.0)
(27.343912, 32.804626, 0.0)
(27.646582, 33.358757, 0.0)
(27.724194, 33.467102, 0.0)
(27.677540, 33.543522, 0.0)
(27.632259, 33.625202, 0.0)
(27.591558, 33.678532, 0.0)
(27.573097, 33.697750, 0.0)
(27.560694, 33.681252, 0.0)
(27.549120, 33.657269, 0.0)
(27.558411, 33.682743, 0.0)
(27.538919, 33.706245, 0.0)
(27.529108, 33.701649, 0.0)
(27.527044, 33.695053, 0.0)
(27.505964, 33.701447, 0.0)
(27.500006, 33.725014, 0.0)
(27.496420, 33.819901, 0.0)
(27.520067, 34.188351, 0.0)
(27.388517, 35.265186, 0.0)
(27.319658, 35.409611, 0.0)
(27.245258, 35.143375, 0.0)
(27.247643, 34.718220, 0.0)
(27.156919, 34.366695, 0.0)
(27.165445, 34.178581, 0.0)
(27.096272, 34.066433, 0.0)
(27.087551, 34.046257, 0.0)
(27.084246, 34.051064, 0.0)
(27.087227, 34.043011, 0.0)
(27.056866, 34.048489, 0.0)
(27.072351, 34.077122, 0.0)
(27.102737, 34.126759, 0.0)
(27.112370, 34.072617, 0.0)
(27.149111, 34.091389, 0.0)
(27.166990, 34.154312, 0.0)
(27.375952, 34.707386, 0.0)
(27.525686, 36.002232, 0.0)
(27.498692, 36.263344, 0.0)
(27.463354, 36.276443, 0.0)
(27.461725, 36.271950, 0.0)
(27.429380, 36.305897, 0.0)
(27.403864, 36.359867, 0.0)
(27.388857, 36.384525, 0.0)
(27.305613, 35.726849, 0.0)
(27.202696, 33.968822, 0.0)
(26.955217, 32.838707, 0.0)
(26.779190, 32.295971, 0.0)
(26.716450, 32.085102, 0.0)
(26.624483, 31.622196, 0.0)
(26.450220, 31.129128, 0.0)
(26.465113, 30.577579, 0.0)
(26.403883, 30.499403, 0.0)
(26.145014, 30.621113, 0.0)
(26.148020, 30.572920, 0.0)
(26.142891, 30.525230, 0.0)
(26.115694, 30.495932, 0.0)
(26.022636, 30.056417, 0.0)
(26.243971, 28.947557, 0.0)
(26.140915, 28.125965, 0.0)
(26.102402, 27.713923, 0.0)
(26.123549, 27.545328, 0.0)
(26.092419, 27.535793, 0.0)
(25.997688, 27.887825, 0.0)
(26.122297, 28.488134, 0.0)
(26.318247, 29.482729, 0.0)
(26.204323, 29.737213, 0.0)
(26.147577, 29.671509, 0.0)
(26.091928, 29.630856, 0.0)
(26.062796, 29.615385, 0.0)
(26.061790, 29.610964, 0.0)
(26.041117, 29.640173, 0.0)
(26.023006, 29.604080, 0.0)
(26.137352, 28.490843, 0.0)
(26.133188, 28.180246, 0.0)
(26.095318, 28.184971, 0.0)
(26.084078, 28.192657, 0.0)
(26.200005, 27.849543, 0.0)
(26.232313, 27.783463, 0.0)
(26.219721, 27.778730, 0.0)
(26.190088, 27.770262, 0.0)
(26.183220, 27.738182, 0.0)
(26.195715, 27.753752, 0.0)
(26.182631, 27.776276, 0.0)
(26.183428, 27.759739, 0.0)
(26.028330, 27.667141, 0.0)
(25.934723, 27.597982, 0.0)
(25.928368, 27.550631, 0.0)
(25.922892, 27.562061, 0.0)
(25.928526, 27.574003, 0.0)
(25.916973, 27.578821, 0.0)
(25.920004, 27.609926, 0.0)
(25.909954, 27.626707, 0.0)
(25.894173, 27.626917, 0.0)
(25.900986, 27.624763, 0.0)
(25.903011, 27.629889, 0.0)
(25.898880, 27.616358, 0.0)
(25.890993, 27.613104, 0.0)
(25.884647, 27.625561, 0.0)
(25.884338, 27.620626, 0.0)
(25.863823, 27.637800, 0.0)
(25.854204, 27.655655, 0.0)
(25.522039, 28.577631, 0.0)
(25.424517, 29.798721, 0.0)
(25.350748, 29.959541, 0.0)
(25.327240, 29.944597, 0.0)
(25.306835, 29.915220, 0.0)
(25.294863, 29.946056, 0.0)
(25.296021, 29.980442, 0.0)
(25.282885, 30.031111, 0.0)
(25.381241, 30.294317, 0.0)
(25.771702, 31.729511, 0.0)
(25.681112, 31.846804, 0.0)
(25.634979, 31.848286, 0.0)
(25.605316, 31.844992, 0.0)
(25.590965, 31.863913, 0.0)
(25.556620, 31.876043, 0.0)
(25.557533, 31.894547, 0.0)
(25.547262, 31.912273, 0.0)
(25.551636, 31.936098, 0.0)
(25.555443, 31.973412, 0.0)
(25.564852, 31.982296, 0.0)
(25.562750, 31.986357, 0.0)
(25.575394, 31.984987, 0.0)
(25.573370, 31.937260, 0.0)
(25.562836, 31.907940, 0.0)
(25.556307, 31.912838, 0.0)
(25.570557, 31.940437, 0.0)
(25.671886, 32.377064, 0.0)
(26.048050, 33.579926, 0.0)
(26.054878, 33.703308, 0.0)
(26.007830, 33.730103, 0.0)
(25.991087, 33.787327, 0.0)
(25.952213, 33.852619, 0.0)
(26.318659, 35.316849, 0.0)
(26.313272, 35.686005, 0.0)
(26.318413, 35.754055, 0.0)
(26.300779, 35.897770, 0.0)
(26.296724, 36.033592, 0.0)
(26.314501, 36.590981, 0.0)
(26.294298, 36.844982, 0.0)
(26.334286, 36.985264, 0.0)
(26.357132, 37.052475, 0.0)
(26.380016, 37.130505, 0.0)
(26.395094, 37.156292, 0.0)
(26.437275, 37.257195, 0.0)
(26.433559, 37.296627, 0.0)
(26.435675, 37.353313, 0.0)
(26.430462, 37.390347, 0.0)
(26.446840, 37.388947, 0.0)
(26.446840, 37.388947, 0.0)
(26.452763, 37.386551, 0.0)
(26.510956, 37.399540, 0.0)
(26.491787, 37.409130, 0.0)
(26.456331, 37.400112, 0.0)
(26.454409, 37.371155, 0.0)
(26.449514, 37.358883, 0.0)
(26.435028, 37.337502, 0.0)
(26.440695, 37.334877, 0.0)
(26.438322, 37.344345, 0.0)
(26.431944, 37.571095, 0.0)
(26.431566, 37.634068, 0.0)
(26.417530, 37.655815, 0.0)
(26.411404, 37.638672, 0.0)
(26.399784, 37.640430, 0.0)
(26.398792, 37.642048, 0.0)
(26.399012, 37.642685, 0.0)
(26.404692, 37.634068, 0.0)
(26.392996, 37.599998, 0.0)
(26.387863, 37.589161, 0.0)
(26.395241, 37.595417, 0.0)
(26.405298, 37.612022, 0.0)
(26.416454, 37.636494, 0.0)
(26.401560, 37.623589, 0.0)
(26.401665, 37.622322, 0.0)
(26.392359, 37.629066, 0.0)
(26.406443, 37.612446, 0.0)
(26.419046, 37.606800, 0.0)
(26.451380, 37.604603, 0.0)
(26.432114, 37.616409, 0.0)
(26.420950, 37.645267, 0.0)
(26.452436, 37.942379, 0.0)
(26.379438, 38.353848, 0.0)
(26.422819, 38.198257, 0.0)
(26.405918, 37.958473, 0.0)
(26.334471, 37.869267, 0.0)
(26.342060, 37.778160, 0.0)
(26.321644, 37.693115, 0.0)
(26.333897, 37.556896, 0.0)
(26.319893, 37.514141, 0.0)
