(37.664490, 36.144253, 0.0)
(37.469219, 34.600494, 0.0)
(37.544575, 34.167873, 0.0)
(37.620163, 34.115692, 0.0)
(37.682671, 34.118565, 0.0)
(37.740208, 35.052307, 0.0)
(37.737961, 35.473778, 0.0)
(37.747169, 35.509991, 0.0)
(37.747204, 35.545811, 0.0)
(37.783169, 35.571827, 0.0)
(37.756798, 35.576355, 0.0)
(37.737942, 35.539024, 0.0)
(37.823635, 35.553356, 0.0)
(37.804134, 35.600128, 0.0)
(37.794582, 35.594063, 0.0)
(37.830288, 35.565063, 0.0)
(37.842373, 35.539982, 0.0)
(37.846012, 35.609848, 0.0)
(37.808281, 35.591072, 0.0)
(37.847214, 35.614258, 0.0)
(37.848263, 35.625816, 0.0)
(37.851662, 35.609669, 0.0)
(37.849030, 35.561993, 0.0)
(37.890385, 35.540482, 0.0)
(37.904198, 35.532555, 0.0)
(37.904198, 35.532555, 0.0)
(37.907642, 35.543720, 0.0)
(37.905670, 35.531326, 0.0)
(37.916428, 35.510445, 0.0)
(37.905022, 35.492687, 0.0)
(37.871288, 35.476868, 0.0)
(37.885471, 35.446579, 0.0)
(37.894478, 35.444878, 0.0)
(37.854397, 35.347610, 0.0)
(37.851784, 35.339527, 0.0)
(37.940563, 35.334679, 0.0)
(37.884106, 35.328995, 0.0)
(37.912674, 35.318817, 0.0)
(37.920940, 35.382030, 0.0)
(37.899460, 35.312435, 0.0)
(37.871639, 35.284565, 0.0)
(37.908916, 35.271183, 0.0)
(37.923252, 35.244865, 0.0)
(37.972301, 35.187084, 0.0)
(37.986202, 35.200001, 0.0)
(38.010437, 35.192894, 0.0)
(37.983059, 35.192936, 0.0)
(37.947598, 35.187103, 0.0)
(38.000927, 35.157005, 0.0)
(38.001911, 35.191795, 0.0)
(37.977360, 35.162811, 0.0)
(37.979393, 35.182518, 0.0)
(37.869152, 35.141609, 0.0)
(37.792297, 35.160240, 0.0)
(37.795849, 35.147743, 0.0)
(37.880306, 35.161221, 0.0)
(37.906128, 35.142353, 0.0)
(37.814373, 35.109432, 0.0)
(37.847763, 35.058784, 0.0)
(37.896683, 35.115143, 0.0)
(37.836540, 35.138947, 0.0)
(37.838978, 35.147503, 0.0)
(37.840847, 35.204216, 0.0)
(37.840294, 35.250282, 0.0)
(37.842003, 35.245659, 0.0)
(37.786552, 35.281372, 0.0)
(37.837811, 35.314323, 0.0)
(37.826324, 35.302917, 0.0)
(37.806610, 35.274303, 0.0)
(37.841377, 35.310913, 0.0)
(37.847080, 35.316620, 0.0)
(37.801292, 35.296894, 0.0)
(37.800663, 35.312050, 0.0)
(37.791302, 35.319412, 0.0)
(37.765545, 35.327957, 0.0)
(37.696583, 35.343822, 0.0)
(37.700161, 35.368771, 0.0)
(37.718189, 35.368038, 0.0)
(37.709976, 35.412319, 0.0)
(37.705906, 35.423431, 0.0)
(37.720112, 35.355751, 0.0)
(37.721550, 35.398083, 0.0)
(37.715580, 35.395844, 0.0)
(37.707825, 35.383682, 0.0)
(37.683521, 35.411507, 0.0)
(37.682350, 35.416168, 0.0)
(37.680794, 35.385109, 0.0)
(37.661148, 35.360832, 0.0)
(37.670574, 35.358032, 0.0)
(37.657825, 35.378048, 0.0)
(37.667282, 35.387836, 0.0)
(37.703720, 35.376934, 0.0)
(37.681049, 35.417912, 0.0)
(37.666451, 35.416782, 0.0)
(37.684536, 35.409473, 0.0)
(37.684231, 35.414577, 0.0)
(37.683857, 35.415142, 0.0)
(37.755062, 35.423450, 0.0)
(37.679325, 35.421635, 0.0)
(37.689091, 35.425533, 0.0)
(37.722252, 35.433338, 0.0)
(37.703194, 35.458427, 0.0)
(37.650551, 35.494045, 0.0)
(37.657055, 35.498592, 0.0)
(37.664204, 35.523056, 0.0)
(37.684322, 35.458595, 0.0)
(37.581409, 35.515541, 0.0)
(37.485947, 35.609917, 0.0)
(37.483967, 35.607590, 0.0)
(37.507389, 35.577213, 0.0)
(37.501083, 35.571053, 0.0)
(37.546356, 35.685257, 0.0)
(37.585300, 35.687149, 0.0)
(37.607544, 35.623096, 0.0)
(37.636482, 35.589745, 0.0)
(37.661041, 35.546124, 0.0)
(37.684402, 35.497974, 0.0)
(37.703529, 35.498028, 0.0)
(37.700012, 35.499649, 0.0)
(37.712059, 35.490665, 0.0)
(37.689125, 35.506348, 0.0)
(37.671124, 35.524357, 0.0)
(37.680134, 35.487614, 0.0)
(37.652000, 35.454189, 0.0)
(37.717201, 35.464584, 0.0)
(37.731087, 35.476421, 0.0)
(37.706554, 35.414112, 0.0)
(37.704681, 35.425514, 0.0)
(37.768448, 35.426735, 0.0)
(37.693275, 35.488781, 0.0)
(37.691402, 35.483841, 0.0)
(37.739838, 35.458771, 0.0)
(37.700653, 35.494205, 0.0)
(37.700413, 35.532600, 0.0)
(37.675159, 35.469276, 0.0)
(37.698574, 35.519142, 0.0)
(37.704269, 35.543793, 0.0)
(37.695744, 35.538864, 0.0)
(37.661579, 35.551521, 0.0)
(37.659847, 35.560650, 0.0)
(37.642406, 35.603859, 0.0)
(37.659935, 35.630543, 0.0)
(37.638462, 35.572231, 0.0)
(37.593285, 35.672516, 0.0)
(37.629402, 35.678375, 0.0)
(37.624535, 35.693874, 0.0)
(37.618439, 35.678459, 0.0)
(37.626877, 35.664467, 0.0)
(37.633842, 35.680527, 0.0)
(37.609207, 35.684093, 0.0)
(37.616394, 35.682396, 0.0)
(37.649426, 35.697346, 0.0)
(37.598804, 35.696087, 0.0)
(37.618790, 35.701389, 0.0)
(37.646179, 35.701954, 0.0)
(37.633930, 35.710598, 0.0)
(37.652153, 35.715107, 0.0)
(37.644753, 35.712692, 0.0)
(37.637314, 35.713364, 0.0)
(37.638058, 35.657143, 0.0)
(37.633377, 35.669765, 0.0)
(37.600822, 35.656525, 0.0)
(37.613979, 35.659405, 0.0)
(37.617764, 35.660091, 0.0)
(37.615429, 35.663109, 0.0)
(37.615685, 35.681278, 0.0)
(37.618713, 35.714478, 0.0)
(37.628124, 35.705490, 0.0)
(37.632732, 35.732613, 0.0)
(37.637890, 35.700909, 0.0)
(37.641247, 35.698917, 0.0)
(37.622269, 35.751171, 0.0)
(37.625019, 35.708252, 0.0)
(37.618496, 35.729031, 0.0)
(37.615105, 35.725769, 0.0)
(37.621136, 35.725677, 0.0)
(37.615105, 35.725769, 0.0)
(37.653397, 35.717655, 0.0)
(37.651783, 35.712681, 0.0)
(37.644764, 35.708050, 0.0)
(37.643131, 35.712429, 0.0)
(37.582695, 35.724068, 0.0)
(37.572159, 35.735611, 0.0)
(37.592419, 35.712738, 0.0)
(37.601658, 35.710701, 0.0)
(37.602665, 35.684616, 0.0)
(37.683659, 35.689255, 0.0)
(41.218128, 37.380573, 0.0)
(43.583008, 39.559093, 0.0)
(44.567684, 40.722023, 0.0)
(44.635174, 40.772182, 0.0)
(44.640224, 40.815704, 0.0)
(44.628510, 40.811890, 0.0)
(45.000164, 41.372307, 0.0)
(45.049225, 41.481674, 0.0)
(45.054516, 41.454742, 0.0)
(45.069653, 41.414513, 0.0)
(45.093266, 41.380905, 0.0)
(45.069653, 41.414513, 0.0)
(45.046150, 41.552414, 0.0)
(45.055202, 41.553009, 0.0)
(45.062450, 41.542336, 0.0)
(45.081158, 41.532360, 0.0)
(45.063942, 41.562164, 0.0)
(45.050774, 41.498962, 0.0)
(45.028923, 41.469559, 0.0)
(45.018486, 41.455673, 0.0)
(45.029591, 41.494743, 0.0)
(44.998741, 41.499088, 0.0)
(45.003311, 41.469982, 0.0)
(44.982677, 41.480949, 0.0)
(44.954376, 41.508438, 0.0)
(44.963554, 41.523132, 0.0)
(44.952179, 41.485100, 0.0)
(44.948631, 41.511715, 0.0)
(44.926331, 41.506165, 0.0)
(44.896778, 41.498463, 0.0)
(44.910458, 41.494003, 0.0)
(44.898540, 41.466686, 0.0)
(44.891239, 41.476486, 0.0)
(44.858284, 41.503811, 0.0)
(44.747086, 40.090031, 0.0)
(44.433567, 35.748005, 0.0)
(43.990395, 32.842602, 0.0)
(43.904266, 32.759716, 0.0)
(43.911987, 32.802132, 0.0)
(43.960209, 32.835720, 0.0)
(44.305321, 32.785275, 0.0)
(44.402027, 32.749847, 0.0)
(44.410378, 32.771618, 0.0)
(44.417042, 32.779488, 0.0)
(44.380444, 32.795223, 0.0)
(44.398518, 32.757210, 0.0)
(44.452656, 32.740997, 0.0)
(44.408478, 32.750374, 0.0)
(44.412563, 32.761604, 0.0)
(44.411995, 32.724785, 0.0)
(44.412354, 32.690891, 0.0)
(44.405052, 32.672363, 0.0)
(44.388382, 32.639534, 0.0)
(44.372444, 32.620872, 0.0)
(44.384708, 32.633648, 0.0)
(44.370842, 32.629768, 0.0)
(44.348022, 32.608990, 0.0)
(44.370842, 32.629768, 0.0)
(44.339870, 32.614582, 0.0)
(44.335411, 32.628971, 0.0)
(44.352825, 32.617783, 0.0)
(44.344292, 32.632401, 0.0)
(44.416470, 32.641975, 0.0)
(44.375832, 32.644432, 0.0)
(44.359791, 32.649155, 0.0)
(44.348240, 32.675034, 0.0)
(44.331036, 32.668556, 0.0)
(44.340450, 32.705296, 0.0)
(44.346275, 32.705883, 0.0)
(44.388725, 32.678547, 0.0)
(44.396828, 32.651878, 0.0)
(44.357311, 32.585392, 0.0)
(40.685093, 31.329800, 0.0)
(36.220501, 31.154757, 0.0)
(32.539627, 31.983318, 0.0)
(30.283878, 32.859467, 0.0)
(30.038490, 32.941570, 0.0)
(30.062557, 32.856434, 0.0)
(30.041826, 32.802658, 0.0)
(30.062105, 32.774853, 0.0)
(30.071692, 32.696457, 0.0)
(29.977041, 32.664356, 0.0)
(29.989401, 32.633411, 0.0)
(29.984535, 32.731609, 0.0)
(28.853800, 35.842159, 0.0)
(28.928028, 38.443878, 0.0)
(29.426794, 40.722214, 0.0)
(29.404667, 40.894779, 0.0)
(29.367565, 40.797459, 0.0)
(29.570822, 40.935604, 0.0)
(29.998632, 41.537090, 0.0)
(30.001640, 41.607719, 0.0)
(29.966501, 41.585033, 0.0)
(29.940943, 41.556110, 0.0)
(29.716145, 41.775772, 0.0)
(29.686632, 41.794159, 0.0)
(29.671759, 41.771423, 0.0)
(29.663523, 41.779274, 0.0)
(29.677786, 41.801804, 0.0)
(29.657883, 41.783001, 0.0)
(29.626122, 41.732723, 0.0)
(29.645935, 41.737190, 0.0)
(29.611795, 41.787346, 0.0)
(29.620773, 41.799282, 0.0)
(29.635845, 41.799900, 0.0)
(29.626997, 41.814198, 0.0)
(29.586990, 41.792267, 0.0)
(29.594891, 41.777527, 0.0)
(29.591749, 41.776009, 0.0)
(29.532209, 40.759396, 0.0)
(29.271492, 36.267540, 0.0)
(28.989723, 33.426548, 0.0)
(28.807333, 33.112427, 0.0)
(28.778208, 33.081413, 0.0)
(28.782866, 33.080887, 0.0)
(28.551376, 33.016724, 0.0)
(28.469282, 33.064796, 0.0)
(28.477362, 33.078640, 0.0)
(28.466530, 33.062992, 0.0)
(28.477425, 33.019958, 0.0)
(28.471613, 32.990517, 0.0)
(28.473804, 33.018913, 0.0)
(28.448622, 33.034637, 0.0)
(28.458782, 33.007908, 0.0)
(28.472509, 33.024345, 0.0)
(28.438156, 33.040623, 0.0)
(28.428280, 33.022484, 0.0)
(28.437435, 33.007381, 0.0)
(28.456703, 32.965424, 0.0)
(28.456703, 32.965424, 0.0)
(28.434843, 32.967033, 0.0)
(28.473810, 32.972782, 0.0)
(28.465931, 33.007927, 0.0)
(28.467916, 32.997959, 0.0)
(28.493057, 32.979618, 0.0)
(28.474749, 32.960808, 0.0)
(28.477551, 32.937603, 0.0)
(28.517576, 32.935905, 0.0)
(28.519985, 32.896454, 0.0)
(28.534918, 32.869423, 0.0)
(28.539663, 32.858482, 0.0)
(28.561752, 32.845505, 0.0)
(28.530577, 32.882015, 0.0)
(28.531237, 32.894684, 0.0)
(28.555895, 32.926105, 0.0)
(28.528646, 32.924751, 0.0)
(30.338701, 32.736172, 0.0)
(35.029655, 33.813377, 0.0)
(36.491428, 34.661449, 0.0)
(36.627956, 34.743706, 0.0)
(36.675083, 34.755234, 0.0)
(37.719429, 35.625980, 0.0)
(37.771935, 35.693417, 0.0)
(37.756378, 35.711819, 0.0)
(37.724522, 35.659077, 0.0)
(37.777905, 35.637562, 0.0)
(37.773506, 35.626667, 0.0)
(37.768089, 35.573433, 0.0)
(37.794128, 35.581051, 0.0)
(37.800076, 35.629539, 0.0)
(37.763725, 35.642406, 0.0)
(37.774567, 35.617092, 0.0)
(37.795761, 35.653931, 0.0)
(37.786232, 35.643078, 0.0)
(37.789597, 35.613537, 0.0)
(37.800140, 35.607117, 0.0)
(37.789898, 35.630657, 0.0)
(37.797001, 35.617157, 0.0)
(37.776421, 35.650524, 0.0)
(37.762901, 35.653084, 0.0)
(37.776737, 35.679798, 0.0)
(37.772430, 35.693638, 0.0)
(37.776203, 35.683483, 0.0)
(37.755810, 35.720329, 0.0)
(37.744701, 35.741024, 0.0)
(37.770844, 35.726871, 0.0)
(37.758301, 35.744419, 0.0)
(37.754974, 35.722183, 0.0)
(37.750546, 35.733963, 0.0)
(37.757267, 35.737907, 0.0)
(37.766094, 35.731087, 0.0)
(37.794094, 35.738461, 0.0)
(37.782700, 35.741539, 0.0)
(37.768787, 35.749687, 0.0)
(37.797092, 35.777359, 0.0)
(37.681988, 35.740818, 0.0)
(34.402252, 37.452202, 0.0)
(31.807114, 39.726280, 0.0)
(30.796997, 40.690079, 0.0)
(30.607862, 40.784031, 0.0)
(30.523176, 40.802761, 0.0)
(30.519701, 40.822338, 0.0)
(30.446035, 40.837372, 0.0)
(30.453838, 40.848473, 0.0)
(31.373777, 40.984455, 0.0)
(32.881519, 41.195328, 0.0)
(32.967865, 41.166492, 0.0)
(32.969166, 41.170090, 0.0)
(32.986977, 41.181072, 0.0)
(33.047318, 41.152840, 0.0)
(35.326916, 41.389233, 0.0)
(35.416229, 41.413399, 0.0)
(35.454075, 41.420952, 0.0)
(35.514450, 41.388424, 0.0)
(35.537193, 41.358170, 0.0)
(36.999947, 41.363224, 0.0)
(37.148930, 41.356113, 0.0)
(37.216660, 41.346107, 0.0)
(37.246357, 41.352703, 0.0)
(37.257645, 41.396004, 0.0)
(38.597160, 41.314724, 0.0)
(38.988625, 41.298264, 0.0)
(39.058998, 41.294880, 0.0)
(39.131062, 41.271889, 0.0)
(39.172024, 41.216568, 0.0)
(39.990795, 41.244446, 0.0)
(40.991768, 41.051147, 0.0)
(41.024426, 41.049755, 0.0)
(41.016933, 41.046852, 0.0)
(41.061031, 41.044376, 0.0)
(41.124550, 41.065136, 0.0)
(42.916183, 40.961540, 0.0)
(43.038002, 40.958057, 0.0)
(43.028282, 40.918316, 0.0)
(43.026375, 40.929974, 0.0)
(43.034492, 40.949223, 0.0)
(43.038589, 40.985153, 0.0)
(43.067760, 41.006203, 0.0)
(43.090618, 40.970856, 0.0)
(43.885262, 41.123680, 0.0)
(44.508961, 41.180611, 0.0)
(44.579746, 41.157833, 0.0)
(44.596706, 41.186462, 0.0)
(44.586140, 41.178959, 0.0)
(44.596817, 41.166164, 0.0)
(44.578739, 41.195538, 0.0)
(44.579800, 41.184261, 0.0)
(44.579800, 41.184261, 0.0)
(44.770245, 41.110584, 0.0)
(44.907829, 40.918957, 0.0)
(44.911282, 40.914856, 0.0)
(44.921230, 40.902145, 0.0)
(44.905666, 40.912861, 0.0)
(44.897427, 40.892433, 0.0)
(44.895824, 40.852551, 0.0)
(43.614063, 40.430969, 0.0)
(43.370129, 40.387188, 0.0)
(43.355659, 40.393543, 0.0)
(43.319717, 40.399895, 0.0)
(43.281017, 40.424965, 0.0)
(43.220039, 40.473026, 0.0)
(42.657341, 40.636551, 0.0)
(42.561413, 40.606083, 0.0)
(42.478050, 40.643330, 0.0)
(42.379723, 40.675598, 0.0)
(41.856663, 40.646648, 0.0)
(40.695965, 40.619511, 0.0)
(40.530651, 40.677170, 0.0)
(40.434879, 40.684780, 0.0)
(40.322014, 40.694130, 0.0)
(40.253922, 40.659767, 0.0)
(40.172192, 40.656822, 0.0)
(38.292236, 40.654221, 0.0)
(38.019032, 40.708935, 0.0)
(37.986217, 40.732475, 0.0)
(37.973015, 40.723785, 0.0)
(37.932915, 40.764481, 0.0)
(37.260090, 40.883362, 0.0)
(35.542301, 40.808914, 0.0)
(35.363384, 40.850971, 0.0)
(35.389355, 40.864670, 0.0)
(35.300694, 40.834377, 0.0)
(35.272518, 40.781757, 0.0)
(33.185516, 41.076054, 0.0)
(32.286350, 41.122486, 0.0)
(32.133877, 41.082748, 0.0)
(32.160835, 41.071968, 0.0)
(32.154823, 41.074207, 0.0)
(32.038895, 41.067368, 0.0)
(30.505772, 41.061581, 0.0)
(30.328547, 41.119602, 0.0)
(30.282839, 41.129948, 0.0)
(30.273687, 41.149498, 0.0)
(30.258738, 41.144108, 0.0)
(30.222679, 41.127293, 0.0)
(30.178474, 41.182709, 0.0)
(29.897842, 41.263012, 0.0)
(29.475349, 41.241890, 0.0)
(29.468140, 41.228947, 0.0)
(29.460247, 41.246616, 0.0)
(29.446232, 41.200092, 0.0)
(29.419598, 41.232624, 0.0)
(29.414248, 41.244648, 0.0)
(29.409056, 41.227898, 0.0)
(29.316442, 41.096619, 0.0)
(29.179585, 40.738461, 0.0)
(29.121275, 40.714733, 0.0)
(29.099062, 40.731342, 0.0)
(29.115374, 40.736927, 0.0)
(29.817141, 40.463161, 0.0)
(30.961721, 40.115116, 0.0)
(31.107168, 40.096043, 0.0)
(32.917927, 39.937031, 0.0)
(33.860081, 39.946243, 0.0)
(34.013157, 39.968521, 0.0)
(34.067116, 39.951675, 0.0)
(34.099010, 39.989807, 0.0)
(33.677551, 40.181980, 0.0)
(32.347523, 40.479256, 0.0)
(32.271893, 40.508038, 0.0)
(34.216236, 40.444412, 0.0)
(34.572388, 40.407795, 0.0)
(34.621178, 40.414257, 0.0)
(36.073406, 40.384766, 0.0)
(36.290897, 40.379883, 0.0)
(36.334843, 40.419785, 0.0)
(36.379147, 40.380627, 0.0)
(36.398224, 40.375240, 0.0)
(37.131859, 40.371841, 0.0)
(38.000099, 40.247486, 0.0)
(38.141529, 40.263863, 0.0)
(38.158070, 40.287575, 0.0)
(38.195866, 40.291313, 0.0)
(38.232395, 40.282352, 0.0)
(38.271118, 40.241009, 0.0)
(38.343330, 40.240379, 0.0)
(40.155106, 40.230770, 0.0)
(40.378422, 40.236763, 0.0)
(40.466927, 40.228855, 0.0)
(40.500889, 40.202232, 0.0)
(40.536644, 40.118717, 0.0)
(41.318573, 40.241634, 0.0)
(42.422756, 40.071079, 0.0)
(42.534546, 40.026375, 0.0)
(42.540043, 40.052277, 0.0)
(42.559921, 40.082954, 0.0)
(42.559448, 40.102745, 0.0)
(42.687660, 40.108929, 0.0)
(44.218353, 40.038681, 0.0)
(44.355587, 40.018501, 0.0)
(44.346588, 40.034611, 0.0)
(44.356384, 39.999165, 0.0)
(44.372440, 39.995144, 0.0)
(44.378048, 39.988735, 0.0)
(44.366131, 40.014683, 0.0)
(44.347073, 40.008205, 0.0)
(44.406227, 40.016171, 0.0)
(44.430401, 40.038746, 0.0)
(44.703106, 39.944603, 0.0)
(44.916046, 39.799191, 0.0)
(44.893707, 39.774696, 0.0)
(44.849915, 39.805279, 0.0)
(44.832321, 39.812199, 0.0)
(44.831333, 39.796547, 0.0)
(44.857395, 39.795380, 0.0)
(44.824913, 39.753098, 0.0)
(43.242481, 39.342896, 0.0)
(43.242275, 39.393700, 0.0)
(42.304939, 39.365253, 0.0)
(41.114212, 39.363914, 0.0)
(41.018810, 39.406960, 0.0)
(41.013138, 39.459206, 0.0)
(40.934944, 39.491653, 0.0)
(40.786957, 39.543697, 0.0)
(40.745358, 39.594719, 0.0)
(40.684952, 39.627876, 0.0)
(40.626015, 39.571720, 0.0)
(40.609566, 39.545105, 0.0)
(40.540916, 39.519535, 0.0)
(40.401867, 39.657547, 0.0)
(37.833214, 39.248470, 0.0)
(37.586128, 39.283077, 0.0)
(37.615292, 39.379826, 0.0)
(37.546009, 39.410744, 0.0)
(37.481911, 39.453041, 0.0)
(37.466038, 39.431377, 0.0)
(37.465591, 39.475471, 0.0)
(37.168362, 39.525852, 0.0)
(35.483021, 39.689552, 0.0)
(35.297432, 39.738678, 0.0)
(35.285286, 39.744377, 0.0)
(35.249237, 39.772758, 0.0)
(35.141239, 39.775158, 0.0)
(35.104588, 39.772736, 0.0)
(35.083664, 39.813095, 0.0)
(35.029072, 39.761932, 0.0)
(34.982460, 39.743629, 0.0)
(34.331448, 40.005394, 0.0)
(33.796898, 40.064877, 0.0)
(33.712379, 40.086525, 0.0)
(33.672295, 40.083511, 0.0)
(31.610754, 40.370857, 0.0)
(30.317320, 40.448929, 0.0)
(30.155832, 40.481911, 0.0)
(30.156328, 40.466354, 0.0)
(30.156633, 40.404629, 0.0)
(29.509336, 40.324356, 0.0)
(29.194033, 40.263184, 0.0)
(29.171595, 40.219196, 0.0)
(29.145653, 40.212521, 0.0)
(29.130583, 40.192665, 0.0)
(29.135378, 40.137154, 0.0)
(29.126448, 40.181667, 0.0)
(29.057062, 40.197632, 0.0)
(29.071844, 40.119865, 0.0)
(29.093573, 40.162071, 0.0)
(29.088728, 40.190102, 0.0)
(29.067013, 40.118366, 0.0)
(31.413877, 39.128670, 0.0)
(32.564255, 38.841160, 0.0)
(32.668781, 38.765217, 0.0)
(32.694031, 38.745308, 0.0)
(32.715206, 38.758858, 0.0)
(32.739628, 38.769402, 0.0)
(32.739120, 38.797840, 0.0)
(32.748512, 38.812958, 0.0)
(30.470018, 39.017773, 0.0)
(29.808523, 39.064510, 0.0)
(29.723650, 39.052425, 0.0)
(29.741791, 39.035507, 0.0)
(30.134214, 39.023281, 0.0)
(31.972717, 38.960922, 0.0)
(32.109459, 39.023529, 0.0)
(32.158779, 39.023098, 0.0)
(32.196560, 39.025562, 0.0)
(34.406883, 38.937992, 0.0)
(34.756771, 38.971825, 0.0)
(34.910343, 38.963882, 0.0)
(34.985870, 39.010460, 0.0)
(35.091599, 38.985706, 0.0)
(35.972706, 39.081161, 0.0)
(36.779762, 39.027275, 0.0)
(36.876110, 39.083141, 0.0)
(36.961449, 39.068802, 0.0)
(36.999432, 39.054100, 0.0)
(38.668621, 39.126217, 0.0)
(38.832970, 39.138767, 0.0)
(38.851292, 39.180405, 0.0)
(38.875145, 39.244308, 0.0)
(38.928162, 39.201832, 0.0)
(39.606842, 39.246544, 0.0)
(41.075859, 39.244476, 0.0)
(41.216412, 39.244320, 0.0)
(41.184303, 39.244698, 0.0)
(41.223282, 39.276691, 0.0)
(41.250523, 39.313164, 0.0)
(42.863800, 39.520569, 0.0)
(43.376213, 39.554092, 0.0)
(43.425873, 39.500324, 0.0)
(43.411797, 39.557446, 0.0)
(43.410362, 39.512478, 0.0)
(43.401276, 39.456135, 0.0)
(43.621323, 39.574963, 0.0)
(44.434128, 39.772144, 0.0)
(44.571552, 39.777954, 0.0)
(44.549122, 39.840027, 0.0)
(44.561951, 39.838928, 0.0)
(44.626049, 39.768509, 0.0)
(44.648537, 39.699818, 0.0)
(44.648689, 39.692043, 0.0)
(44.654434, 39.727089, 0.0)
(44.638386, 39.665188, 0.0)
(44.614796, 39.623558, 0.0)
(44.619057, 39.631779, 0.0)
(44.628689, 39.371849, 0.0)
(44.618050, 39.181160, 0.0)
(44.619923, 39.128597, 0.0)
(44.620777, 39.094330, 0.0)
(44.617619, 39.066093, 0.0)
(43.905289, 38.482964, 0.0)
(43.952946, 38.514935, 0.0)
(43.938358, 38.486992, 0.0)
(42.761581, 38.296734, 0.0)
(42.693760, 38.377003, 0.0)
(42.612957, 38.378986, 0.0)
(42.610470, 38.367523, 0.0)
(42.543678, 38.352947, 0.0)
(42.494694, 38.384563, 0.0)
(41.969669, 38.449955, 0.0)
(41.853615, 38.499901, 0.0)
(41.775677, 38.508961, 0.0)
(40.388966, 38.385586, 0.0)
(39.851269, 38.400730, 0.0)
(39.789639, 38.425228, 0.0)
(39.766350, 38.392433, 0.0)
(39.714935, 38.375996, 0.0)
(38.364407, 38.347599, 0.0)
(37.928825, 38.373028, 0.0)
(37.835323, 38.403419, 0.0)
(37.819592, 38.414898, 0.0)
(37.767410, 38.453186, 0.0)
(37.732578, 38.470425, 0.0)
(36.860191, 38.617523, 0.0)
(36.503159, 38.675991, 0.0)
(36.466522, 38.710255, 0.0)
(35.756687, 38.800480, 0.0)
(34.372150, 38.877583, 0.0)
(34.196026, 38.966629, 0.0)
(33.915943, 39.025642, 0.0)
(31.677593, 39.191887, 0.0)
(31.502171, 39.260399, 0.0)
(31.427896, 39.252193, 0.0)
(31.396770, 39.266735, 0.0)
(31.069803, 39.338745, 0.0)
(29.587748, 39.464008, 0.0)
(29.381969, 39.472790, 0.0)
(29.429714, 39.454998, 0.0)
(29.418890, 39.471561, 0.0)
(29.423759, 39.469315, 0.0)
(29.432659, 39.441154, 0.0)
(29.405794, 39.445580, 0.0)
(29.389399, 39.463043, 0.0)
(29.414167, 39.452415, 0.0)
(29.380959, 39.432171, 0.0)
(28.711296, 39.377930, 0.0)
(28.501646, 39.311394, 0.0)
(28.483511, 39.306698, 0.0)
(28.469082, 39.328262, 0.0)
(28.492239, 39.348232, 0.0)
(28.473179, 39.392654, 0.0)
(28.453270, 39.380878, 0.0)
(28.511530, 39.371086, 0.0)
(28.512333, 39.312218, 0.0)
(28.537842, 39.273567, 0.0)
(29.784409, 38.587410, 0.0)
(29.895061, 38.529652, 0.0)
(29.895578, 38.532684, 0.0)
(29.964777, 38.535835, 0.0)
(30.776693, 38.446686, 0.0)
(32.746445, 38.133595, 0.0)
(32.941124, 38.107410, 0.0)
(33.022690, 38.097256, 0.0)
(33.011570, 38.062347, 0.0)
(32.988777, 38.022900, 0.0)
(33.050526, 38.032951, 0.0)
(33.081043, 38.069572, 0.0)
(34.576244, 37.891541, 0.0)
(35.354469, 37.845421, 0.0)
(35.446571, 37.820908, 0.0)
(35.465546, 37.773983, 0.0)
(35.539791, 37.700619, 0.0)
(35.596474, 37.684952, 0.0)
(37.368824, 37.675575, 0.0)
(37.602715, 37.666424, 0.0)
(37.617382, 37.622063, 0.0)
(37.638611, 37.620567, 0.0)
(37.637638, 37.665070, 0.0)
(37.611443, 37.672596, 0.0)
(37.707787, 37.616367, 0.0)
(39.443947, 37.793011, 0.0)
(41.041199, 37.861050, 0.0)
(41.176575, 37.818390, 0.0)
(41.175026, 37.823219, 0.0)
(41.209145, 37.891998, 0.0)
(41.195583, 37.878799, 0.0)
(41.238804, 37.859608, 0.0)
(43.101540, 38.250999, 0.0)
(43.244686, 38.312920, 0.0)
(43.244686, 38.301281, 0.0)
(43.286507, 38.248653, 0.0)
(43.280613, 38.250736, 0.0)
(43.282249, 38.289867, 0.0)
(44.032608, 38.569927, 0.0)
(44.666351, 38.630516, 0.0)
(44.718800, 38.644608, 0.0)
(44.735779, 38.558773, 0.0)
(44.683617, 38.523880, 0.0)
(44.729412, 38.564472, 0.0)
(44.735558, 38.533756, 0.0)
(44.738487, 38.481861, 0.0)
(44.753384, 38.528606, 0.0)
(44.763882, 38.532993, 0.0)
(44.753342, 38.523952, 0.0)
(44.752022, 38.532139, 0.0)
(44.960121, 37.934422, 0.0)
(45.024548, 37.778172, 0.0)
(44.959274, 37.788059, 0.0)
(44.939034, 37.787434, 0.0)
(44.915829, 37.819027, 0.0)
(43.825924, 37.332458, 0.0)
(42.004581, 36.584728, 0.0)
(41.988789, 36.667599, 0.0)
(42.040539, 36.724384, 0.0)
(42.039742, 36.705719, 0.0)
(42.018341, 36.731983, 0.0)
(42.010426, 36.734978, 0.0)
(41.972969, 36.711697, 0.0)
(41.953777, 36.701584, 0.0)
(42.750595, 37.430454, 0.0)
(42.716946, 37.451527, 0.0)
(42.599350, 37.433174, 0.0)
(42.550026, 37.526871, 0.0)
(41.537041, 37.479519, 0.0)
(41.484035, 37.536839, 0.0)
(41.443188, 37.534328, 0.0)
(41.313797, 37.494820, 0.0)
(41.267292, 37.478397, 0.0)
(40.085789, 37.311424, 0.0)
(39.908154, 37.335171, 0.0)
(39.861736, 37.322514, 0.0)
(39.754929, 37.347633, 0.0)
(39.151344, 37.336430, 0.0)
(38.088223, 37.281052, 0.0)
(37.867619, 37.255005, 0.0)
(37.771633, 37.306221, 0.0)
(37.345169, 37.265823, 0.0)
(35.689133, 37.217327, 0.0)
(35.486370, 37.226143, 0.0)
(35.464169, 37.207127, 0.0)
(35.413139, 37.162422, 0.0)
(35.323135, 37.194218, 0.0)
(32.451588, 37.309227, 0.0)
(31.174767, 37.370029, 0.0)
(30.939720, 37.394505, 0.0)
(30.943182, 37.392365, 0.0)
(30.917835, 37.423195, 0.0)
(29.786266, 37.747791, 0.0)
(28.743122, 37.928139, 0.0)
(28.588987, 37.998787, 0.0)
(28.550228, 38.002613, 0.0)
(28.562416, 38.042179, 0.0)
(28.562595, 38.057827, 0.0)
(28.548433, 38.073837, 0.0)
(28.592085, 38.009193, 0.0)
(28.588242, 38.006893, 0.0)
(28.591379, 38.017139, 0.0)
(28.606586, 38.022095, 0.0)
(28.616789, 38.010017, 0.0)
(28.639133, 38.011913, 0.0)
(28.632858, 38.005508, 0.0)
(28.639244, 38.001637, 0.0)
(28.631750, 38.003792, 0.0)
(28.637238, 37.980598, 0.0)
(28.635893, 38.000626, 0.0)
(28.720568, 37.972347, 0.0)
(28.788641, 37.910709, 0.0)
(28.804001, 37.889446, 0.0)
(28.807495, 37.899101, 0.0)
(30.065863, 37.252495, 0.0)
(30.202747, 37.203773, 0.0)
(30.255133, 37.235016, 0.0)
(30.308361, 37.220898, 0.0)
(30.416523, 37.211578, 0.0)
(31.298491, 37.176212, 0.0)
(31.480089, 37.138416, 0.0)
(31.651585, 37.138462, 0.0)
(33.013447, 37.010963, 0.0)
(33.185253, 37.032322, 0.0)
(33.230247, 37.010784, 0.0)
(33.303787, 37.020958, 0.0)
(33.365940, 37.026291, 0.0)
(35.152740, 36.879982, 0.0)
(35.687687, 36.859123, 0.0)
(35.784771, 36.855301, 0.0)
(35.776283, 36.891605, 0.0)
(35.791908, 36.851345, 0.0)
(36.040295, 36.814983, 0.0)
(37.074108, 36.849068, 0.0)
(37.218006, 36.786282, 0.0)
(37.275440, 36.748264, 0.0)
(37.275288, 36.753819, 0.0)
(37.524719, 36.779385, 0.0)
(38.405758, 36.947174, 0.0)
(38.523083, 36.961433, 0.0)
(38.540730, 36.937035, 0.0)
(40.306793, 37.024540, 0.0)
(40.612656, 37.014469, 0.0)
(40.655865, 36.971180, 0.0)
(40.650009, 36.894463, 0.0)
(40.696739, 36.878136, 0.0)
(42.260719, 37.053043, 0.0)
(42.505058, 37.016350, 0.0)
(42.505672, 37.010143, 0.0)
(42.570728, 37.029106, 0.0)
(42.572819, 37.070957, 0.0)
(42.587875, 37.034351, 0.0)
(42.595562, 37.024815, 0.0)
(42.851898, 37.110279, 0.0)
(43.958469, 37.341301, 0.0)
(44.045227, 37.369755, 0.0)
(44.024956, 37.365299, 0.0)
(44.057804, 37.379692, 0.0)
(44.080036, 37.396450, 0.0)
(44.181068, 37.340359, 0.0)
(44.904427, 37.007732, 0.0)
(45.002068, 37.002129, 0.0)
(44.964619, 37.012932, 0.0)
(44.961464, 37.040386, 0.0)
(44.935322, 37.064938, 0.0)
(44.912037, 37.083778, 0.0)
(44.861721, 37.104183, 0.0)
(44.861332, 37.075302, 0.0)
(44.857655, 37.105934, 0.0)
(44.810204, 37.124187, 0.0)
(44.619347, 37.021164, 0.0)
(43.936024, 36.694138, 0.0)
(43.894024, 36.656082, 0.0)
(42.806839, 36.388882, 0.0)
(42.702160, 36.485416, 0.0)
(42.692127, 36.496765, 0.0)
(42.640209, 36.490368, 0.0)
(42.064991, 36.409103, 0.0)
(39.170692, 36.052979, 0.0)
(38.382439, 36.095634, 0.0)
(38.309845, 36.103943, 0.0)
(38.328789, 36.115307, 0.0)
(38.303638, 36.106369, 0.0)
(38.315857, 36.092094, 0.0)
(38.307320, 36.058929, 0.0)
(39.995422, 36.438416, 0.0)
(40.029922, 36.435112, 0.0)
(39.807861, 36.419319, 0.0)
(39.683846, 36.405079, 0.0)
(39.540966, 36.432194, 0.0)
(39.430088, 36.405727, 0.0)
(37.750683, 36.296661, 0.0)
(37.544785, 36.354206, 0.0)
(37.456482, 36.369778, 0.0)
(37.263386, 36.401783, 0.0)
(37.168667, 36.440105, 0.0)
(36.342575, 36.421085, 0.0)
(35.552486, 36.445465, 0.0)
(35.395824, 36.461285, 0.0)
(35.267521, 36.471996, 0.0)
(34.961376, 36.542622, 0.0)
(33.815376, 36.597477, 0.0)
(33.645714, 36.655754, 0.0)
(33.548702, 36.621716, 0.0)
(33.493610, 36.588173, 0.0)
(32.586533, 36.846916, 0.0)
(31.092373, 37.140678, 0.0)
(30.853380, 37.197720, 0.0)
(30.788620, 37.208721, 0.0)
(30.788607, 37.219357, 0.0)
(30.750849, 37.236324, 0.0)
(29.232040, 37.454250, 0.0)
(28.858006, 37.448364, 0.0)
(28.790569, 37.483921, 0.0)
(28.812391, 37.456966, 0.0)
(28.821699, 37.444260, 0.0)
(28.812969, 37.430004, 0.0)
(28.800318, 37.408794, 0.0)
(28.793715, 37.446930, 0.0)
(28.767460, 37.432457, 0.0)
(28.759476, 37.404110, 0.0)
(28.776817, 37.347446, 0.0)
(28.747131, 37.358898, 0.0)
(28.519930, 37.153675, 0.0)
(28.508543, 37.074730, 0.0)
(28.494663, 37.096462, 0.0)
(28.509764, 37.106575, 0.0)
(28.550833, 37.088936, 0.0)
(28.594728, 37.043045, 0.0)
(30.279102, 36.591213, 0.0)
(30.535332, 36.547150, 0.0)
(30.613337, 36.495613, 0.0)
(30.744707, 36.481304, 0.0)
(30.831127, 36.460838, 0.0)
(31.145725, 36.450203, 0.0)
(31.914972, 36.289032, 0.0)
(32.025074, 36.268631, 0.0)
(32.537987, 36.194267, 0.0)
(33.414181, 36.032982, 0.0)
(33.542542, 36.024837, 0.0)
(33.612473, 36.033009, 0.0)
(33.662186, 36.022213, 0.0)
(33.736237, 35.995636, 0.0)
(35.032612, 35.814732, 0.0)
(35.171806, 35.827778, 0.0)
(35.863770, 35.873547, 0.0)
(36.929806, 35.806904, 0.0)
(37.017300, 35.814255, 0.0)
(37.036510, 35.832771, 0.0)
(37.126392, 35.824570, 0.0)
(37.237640, 35.760021, 0.0)
(38.532646, 35.824963, 0.0)
(38.625797, 35.876186, 0.0)
(38.638081, 35.882408, 0.0)
(39.494518, 36.071774, 0.0)
(40.244534, 36.114212, 0.0)
(40.312927, 36.139141, 0.0)
(40.338379, 36.179733, 0.0)
(40.362926, 36.136726, 0.0)
(40.593258, 36.241600, 0.0)
(41.733963, 36.336285, 0.0)
(41.863335, 36.303097, 0.0)
(41.874226, 36.278778, 0.0)
(41.870480, 36.314472, 0.0)
(41.878563, 36.319790, 0.0)
(43.324085, 36.612789, 0.0)
(43.416828, 36.670708, 0.0)
(43.454418, 36.708561, 0.0)
(43.488270, 36.684738, 0.0)
(43.495808, 36.655659, 0.0)
(43.548393, 36.586578, 0.0)
(43.574959, 36.584614, 0.0)
(44.261257, 36.791893, 0.0)
(44.524952, 36.826946, 0.0)
(44.565094, 36.797489, 0.0)
(44.576946, 36.793484, 0.0)
(44.587826, 36.775383, 0.0)
(44.572067, 36.789532, 0.0)
(44.571144, 36.753098, 0.0)
(44.524040, 36.757313, 0.0)
(44.499355, 36.769836, 0.0)
(44.543610, 36.781540, 0.0)
(44.677238, 36.348946, 0.0)
(44.622631, 36.214291, 0.0)
(43.830299, 35.817669, 0.0)
(43.667770, 35.801292, 0.0)
(43.620949, 35.795494, 0.0)
(43.598011, 35.805206, 0.0)
(43.307076, 35.842113, 0.0)
(42.872189, 35.789989, 0.0)
(42.774044, 35.780499, 0.0)
(41.757038, 35.499043, 0.0)
(41.587605, 35.541908, 0.0)
(41.454460, 35.607723, 0.0)
(41.255611, 35.613716, 0.0)
(41.167652, 35.616997, 0.0)
(40.469490, 35.581512, 0.0)
(39.882179, 35.412563, 0.0)
(39.761204, 35.440102, 0.0)
(39.717892, 35.414818, 0.0)
(39.565750, 35.426292, 0.0)
(39.005779, 35.387691, 0.0)
(38.621964, 35.340954, 0.0)
(38.467022, 35.336468, 0.0)
(38.332359, 35.382298, 0.0)
(36.957008, 35.382690, 0.0)
(36.809978, 35.433990, 0.0)
(36.365318, 35.531231, 0.0)
(35.678352, 35.544521, 0.0)
(35.574471, 35.593754, 0.0)
(35.511364, 35.555302, 0.0)
(35.398037, 35.593395, 0.0)
(34.589596, 35.691399, 0.0)
(32.828560, 35.845348, 0.0)
(32.645672, 35.864525, 0.0)
(32.602779, 35.894783, 0.0)
(32.528393, 35.922173, 0.0)
(32.519070, 35.959610, 0.0)
(32.458153, 36.009441, 0.0)
(30.800253, 36.362976, 0.0)
(30.430019, 36.478699, 0.0)
(30.386408, 36.462936, 0.0)
(30.337029, 36.442535, 0.0)
(30.305332, 36.456200, 0.0)
(29.840536, 36.666668, 0.0)
(28.793961, 36.838161, 0.0)
(28.657494, 36.902771, 0.0)
(28.634708, 36.931919, 0.0)
(28.611197, 36.937298, 0.0)
(28.597265, 36.937698, 0.0)
(28.573982, 36.919155, 0.0)
(28.541079, 36.916588, 0.0)
(27.904894, 36.952930, 0.0)
(27.800047, 36.895016, 0.0)
(27.812017, 36.864868, 0.0)
(27.837601, 36.870922, 0.0)
(27.866940, 36.833042, 0.0)
(27.890923, 36.781193, 0.0)
(27.875673, 36.795078, 0.0)
(28.789684, 36.414673, 0.0)
(29.306229, 36.234943, 0.0)
(29.344683, 36.182362, 0.0)
(29.460398, 36.128288, 0.0)
(29.551558, 36.059536, 0.0)
(30.031193, 35.921188, 0.0)
(30.844952, 35.682278, 0.0)
(30.983122, 35.662308, 0.0)
(31.094172, 35.659100, 0.0)
(31.157764, 35.616001, 0.0)
(31.225531, 35.589161, 0.0)
(32.657394, 35.250244, 0.0)
(32.840664, 35.183758, 0.0)
(32.860584, 35.188316, 0.0)
(32.879330, 35.192375, 0.0)
(32.951653, 35.236965, 0.0)
(34.635674, 34.918186, 0.0)
(34.994198, 34.826557, 0.0)
(35.042957, 34.759907, 0.0)
(35.109062, 34.711979, 0.0)
(35.134068, 34.787140, 0.0)
(35.889889, 34.769230, 0.0)
(36.677315, 34.701077, 0.0)
(36.776978, 34.706806, 0.0)
(36.764439, 34.716209, 0.0)
(37.779373, 34.765583, 0.0)
(38.194363, 34.797596, 0.0)
(38.287224, 34.833153, 0.0)
(38.287235, 34.827213, 0.0)
(38.581615, 34.891216, 0.0)
(40.104664, 35.110394, 0.0)
(40.230068, 35.108456, 0.0)
(40.234470, 35.107246, 0.0)
(40.238857, 35.110489, 0.0)
(40.257126, 35.129025, 0.0)
(41.381950, 35.307854, 0.0)
(41.659557, 35.367050, 0.0)
(41.703598, 35.372204, 0.0)
(41.700317, 35.366684, 0.0)
(41.700401, 35.395569, 0.0)
(41.722095, 35.423969, 0.0)
(42.890232, 35.624660, 0.0)
(43.361118, 35.676113, 0.0)
(43.431705, 35.671303, 0.0)
(43.451118, 35.692978, 0.0)
(43.429779, 35.694355, 0.0)
(43.995869, 35.895248, 0.0)
(44.393063, 35.966152, 0.0)
(44.397701, 35.970100, 0.0)
(44.391899, 35.964005, 0.0)
(44.377846, 35.971958, 0.0)
(44.377846, 35.971958, 0.0)
(44.386127, 35.963844, 0.0)
(44.352348, 36.015869, 0.0)
(44.357113, 36.016396, 0.0)
(44.319305, 36.015911, 0.0)
(44.198536, 35.995323, 0.0)
(43.419052, 35.421875, 0.0)
(43.364067, 35.372242, 0.0)
(43.327396, 35.375637, 0.0)
(42.696587, 35.057014, 0.0)
(42.529587, 35.020824, 0.0)
(42.443787, 34.944420, 0.0)
(42.370850, 34.925636, 0.0)
(42.264656, 34.927471, 0.0)
(42.155815, 34.944042, 0.0)
(42.117062, 34.870708, 0.0)
(41.039692, 34.601540, 0.0)
(40.834126, 34.603310, 0.0)
(40.784927, 34.543591, 0.0)
(40.729832, 34.485619, 0.0)
(40.687939, 34.466419, 0.0)
(40.065151, 34.438019, 0.0)
(38.521900, 34.134903, 0.0)
(38.371578, 34.102871, 0.0)
(38.371578, 34.102871, 0.0)
(38.312782, 34.092571, 0.0)
(38.249184, 34.061604, 0.0)
(38.244736, 34.042244, 0.0)
(36.025372, 34.090466, 0.0)
(35.666508, 34.076836, 0.0)
(35.618496, 34.012123, 0.0)
(35.602718, 34.110092, 0.0)
(33.772442, 34.487473, 0.0)
(30.663368, 35.184818, 0.0)
(30.153967, 35.409451, 0.0)
(30.018627, 35.430920, 0.0)
(29.947580, 35.449043, 0.0)
(29.905336, 35.483437, 0.0)
(29.892181, 35.457966, 0.0)
(29.890106, 35.464832, 0.0)
(32.095631, 34.841557, 0.0)
(32.129547, 34.793667, 0.0)
(31.986935, 34.868744, 0.0)
(31.908035, 34.885033, 0.0)
(31.798338, 34.900352, 0.0)
(31.379803, 35.049599, 0.0)
(30.387283, 35.321156, 0.0)
(30.190775, 35.387829, 0.0)
(30.180122, 35.368736, 0.0)
(30.131605, 35.407864, 0.0)
(29.668097, 35.660049, 0.0)
(28.829863, 35.893974, 0.0)
(28.747622, 35.895546, 0.0)
(28.732178, 35.898663, 0.0)
(28.715752, 35.900291, 0.0)
(28.695944, 35.911491, 0.0)
(28.695944, 35.911491, 0.0)
(27.993868, 36.133354, 0.0)
(27.880959, 36.178520, 0.0)
(27.878546, 36.191216, 0.0)
(27.875738, 36.216255, 0.0)
(28.288645, 35.882877, 0.0)
(28.900434, 35.461475, 0.0)
(28.960247, 35.391075, 0.0)
(28.965296, 35.393688, 0.0)
(29.092474, 35.374012, 0.0)
(29.135517, 35.359219, 0.0)
(30.827682, 34.751411, 0.0)
(31.045254, 34.688972, 0.0)
(31.103870, 34.699299, 0.0)
(31.171133, 34.628906, 0.0)
(31.176788, 34.680927, 0.0)
(32.049801, 34.475739, 0.0)
(32.983288, 34.221107, 0.0)
(33.100471, 34.191917, 0.0)
(33.142235, 34.164021, 0.0)
(33.570976, 34.099834, 0.0)
(36.321396, 33.745632, 0.0)
(36.519512, 33.733292, 0.0)
(36.510212, 33.678974, 0.0)
(36.534500, 33.677761, 0.0)
(36.538578, 33.674568, 0.0)
(36.878376, 33.661411, 0.0)
(38.725990, 33.772758, 0.0)
(38.869385, 33.782921, 0.0)
(38.851177, 33.744629, 0.0)
(38.953812, 33.654762, 0.0)
(39.026363, 33.681393, 0.0)
(39.111923, 33.690449, 0.0)
(39.136837, 33.692959, 0.0)
(39.127087, 33.711411, 0.0)
(39.139709, 33.688244, 0.0)
(40.341923, 33.940128, 0.0)
(40.992405, 34.045250, 0.0)
(41.081284, 34.054619, 0.0)
(41.059601, 34.029884, 0.0)
(41.068844, 34.048561, 0.0)
(41.634251, 34.208797, 0.0)
(43.463818, 35.032734, 0.0)
(43.702072, 35.170212, 0.0)
(43.667583, 35.052769, 0.0)
(43.722614, 35.052307, 0.0)
(43.740738, 35.026379, 0.0)
(43.729240, 35.042797, 0.0)
(43.751244, 35.016361, 0.0)
(43.728664, 35.037430, 0.0)
(43.726597, 35.024284, 0.0)
(43.747078, 35.004280, 0.0)
(43.747356, 35.013134, 0.0)
(43.720798, 35.044575, 0.0)
(43.888035, 35.088112, 0.0)
(44.142914, 35.010891, 0.0)
(44.178677, 34.954597, 0.0)
(44.151749, 34.928852, 0.0)
(44.160576, 34.927498, 0.0)
(44.208660, 34.987068, 0.0)
(44.115059, 34.928356, 0.0)
(44.223553, 34.950035, 0.0)
(44.010864, 34.824837, 0.0)
(43.362942, 34.432854, 0.0)
(43.316643, 34.408459, 0.0)
(43.304939, 34.338791, 0.0)
(43.264351, 34.341038, 0.0)
(43.131630, 34.342705, 0.0)
(41.968735, 33.955521, 0.0)
(41.852287, 33.847645, 0.0)
(41.833778, 33.850010, 0.0)
(41.753876, 33.853882, 0.0)
(41.702457, 33.864483, 0.0)
(41.667580, 33.844036, 0.0)
(41.617126, 33.802090, 0.0)
(41.521435, 33.778522, 0.0)
(41.436787, 33.781979, 0.0)
(38.631115, 33.255650, 0.0)
(38.055130, 33.159657, 0.0)
(37.948605, 33.113968, 0.0)
(37.766747, 33.105816, 0.0)
(37.686653, 33.099667, 0.0)
(34.675079, 33.265583, 0.0)
(33.868320, 33.348537, 0.0)
(33.681385, 33.374737, 0.0)
(33.690136, 33.330139, 0.0)
(33.656876, 33.376766, 0.0)
(33.618404, 33.345074, 0.0)
(33.615288, 33.340282, 0.0)
(33.611729, 33.345341, 0.0)
(33.562607, 33.355106, 0.0)
(33.436909, 33.403378, 0.0)
(33.385036, 33.418625, 0.0)
(33.379440, 33.421574, 0.0)
(33.221027, 33.394226, 0.0)
(31.973473, 33.882183, 0.0)
(30.368547, 34.390057, 0.0)
(30.142328, 34.460026, 0.0)
(30.106901, 34.438240, 0.0)
(30.088877, 34.332344, 0.0)
(29.978172, 34.364120, 0.0)
(28.550961, 34.805862, 0.0)
(28.371607, 34.839138, 0.0)
(28.384489, 34.802368, 0.0)
(28.391041, 34.831013, 0.0)
(28.371607, 34.827816, 0.0)
(28.373827, 34.784985, 0.0)
(28.387821, 34.801868, 0.0)
(28.375385, 34.807739, 0.0)
(28.354872, 34.769482, 0.0)
(28.388521, 34.779751, 0.0)
(28.407818, 34.746006, 0.0)
(28.400476, 34.755608, 0.0)
(28.386684, 34.801060, 0.0)
(28.822247, 34.379642, 0.0)
(29.123894, 34.086876, 0.0)
(29.116213, 34.055500, 0.0)
(29.118437, 34.043682, 0.0)
(29.134712, 34.056606, 0.0)
(29.172834, 33.980820, 0.0)
(29.193325, 33.960873, 0.0)
(29.224043, 34.026142, 0.0)
(29.287090, 34.011608, 0.0)
(30.331173, 33.723076, 0.0)
(30.662109, 33.628231, 0.0)
(30.734972, 33.625595, 0.0)
(30.767414, 33.622578, 0.0)
(30.850374, 33.602821, 0.0)
(32.943253, 33.169559, 0.0)
(33.629955, 33.000622, 0.0)
(33.676258, 33.008705, 0.0)
(33.709480, 32.999279, 0.0)
(33.760860, 33.009232, 0.0)
(34.575027, 32.937729, 0.0)
(36.354900, 32.771442, 0.0)
(36.479122, 32.722565, 0.0)
(36.486755, 32.720703, 0.0)
(36.560005, 32.702656, 0.0)
(36.578224, 32.685280, 0.0)
(37.836159, 32.634609, 0.0)
(38.807259, 32.772247, 0.0)
(38.945251, 32.819992, 0.0)
(38.896667, 32.807594, 0.0)
(38.963093, 32.788212, 0.0)
(38.962841, 32.818100, 0.0)
(38.953995, 32.822376, 0.0)
(40.506992, 33.149834, 0.0)
(41.846912, 33.504341, 0.0)
(42.017979, 33.504745, 0.0)
(42.188557, 33.574650, 0.0)
(42.194221, 33.535999, 0.0)
(42.181271, 33.486153, 0.0)
(43.158886, 34.023701, 0.0)
(44.150795, 34.604919, 0.0)
(44.273941, 34.592979, 0.0)
(44.233204, 34.574020, 0.0)
(44.235653, 34.559349, 0.0)
(44.272533, 34.549679, 0.0)
(44.312851, 34.470303, 0.0)
(44.331806, 34.450348, 0.0)
(44.373528, 34.430668, 0.0)
(44.323105, 34.448914, 0.0)
(44.340298, 34.448128, 0.0)
(44.381207, 34.463905, 0.0)
(44.372314, 34.466270, 0.0)
(44.334103, 34.472309, 0.0)
(44.374802, 34.456837, 0.0)
(44.403877, 34.443359, 0.0)
(44.401009, 34.408684, 0.0)
(44.377884, 34.350060, 0.0)
(44.368889, 34.342575, 0.0)
(44.368023, 34.313847, 0.0)
(44.335442, 34.331944, 0.0)
(43.167027, 33.444061, 0.0)
(43.155373, 33.345776, 0.0)
(43.138050, 33.291275, 0.0)
(43.143356, 33.264179, 0.0)
(43.140442, 33.240238, 0.0)
(43.023979, 33.149158, 0.0)
(42.943031, 33.089249, 0.0)
(42.944370, 33.094891, 0.0)
(42.780674, 33.129921, 0.0)
(41.710754, 32.757816, 0.0)
(41.579815, 32.691124, 0.0)
(41.509071, 32.671440, 0.0)
(41.478031, 32.624329, 0.0)
(41.462090, 32.618191, 0.0)
(41.288704, 32.555912, 0.0)
(39.490265, 32.179382, 0.0)
(39.394852, 32.185352, 0.0)
(39.366982, 32.193153, 0.0)
(39.351395, 32.186516, 0.0)
(39.296371, 32.185482, 0.0)
(39.245068, 32.125122, 0.0)
(38.206100, 31.999434, 0.0)
(37.526585, 31.893314, 0.0)
(37.434727, 31.871088, 0.0)
(37.387386, 31.906727, 0.0)
(37.322048, 31.951649, 0.0)
(35.748669, 32.183712, 0.0)
(34.591515, 32.297222, 0.0)
(34.452286, 32.324177, 0.0)
(34.395264, 32.374214, 0.0)
(34.338699, 32.363968, 0.0)
(34.338699, 32.363968, 0.0)
(33.522903, 32.536091, 0.0)
(31.983051, 32.789459, 0.0)
(31.823103, 32.853237, 0.0)
(31.753872, 32.859291, 0.0)
(31.655401, 32.886959, 0.0)
(31.619335, 32.922440, 0.0)
(31.589081, 32.949451, 0.0)
(30.864986, 33.247005, 0.0)
(29.552660, 33.635464, 0.0)
(29.379385, 33.725117, 0.0)
(29.373713, 33.686832, 0.0)
(29.383059, 33.688705, 0.0)
(29.481337, 33.653194, 0.0)
(29.507444, 33.694088, 0.0)
(28.281361, 34.141327, 0.0)
(28.092485, 34.275845, 0.0)
(28.043297, 34.317993, 0.0)
(28.024307, 34.314793, 0.0)
(27.955193, 34.353485, 0.0)
(27.917677, 34.355446, 0.0)
(27.945105, 34.341324, 0.0)
(27.966560, 34.321678, 0.0)
(27.922262, 34.333397, 0.0)
(27.986462, 34.323853, 0.0)
(28.133007, 34.204815, 0.0)
(28.574541, 33.837101, 0.0)
(28.633020, 33.723557, 0.0)
(28.631559, 33.705631, 0.0)
(28.675617, 33.699818, 0.0)
(28.726086, 33.611416, 0.0)
(29.837454, 33.149036, 0.0)
(30.445538, 32.928822, 0.0)
(30.566650, 32.919098, 0.0)
(30.600607, 32.903809, 0.0)
(30.669537, 32.907372, 0.0)
(30.847570, 32.815945, 0.0)
(31.875851, 32.338520, 0.0)
(32.001427, 32.286545, 0.0)
(32.058624, 32.264084, 0.0)
(32.086960, 32.226051, 0.0)
(33.209225, 31.986574, 0.0)
(33.503696, 31.923172, 0.0)
(33.564339, 31.918291, 0.0)
(33.594940, 31.892662, 0.0)
(33.613403, 31.873795, 0.0)
(35.369343, 31.712997, 0.0)
(35.582451, 31.688133, 0.0)
(35.602898, 31.673227, 0.0)
(35.610378, 31.635887, 0.0)
(36.531364, 31.610256, 0.0)
(38.044975, 31.580563, 0.0)
(38.200283, 31.601101, 0.0)
(38.111179, 31.605560, 0.0)
(38.176178, 31.600737, 0.0)
(38.503853, 31.649454, 0.0)
(40.341450, 31.975136, 0.0)
(40.582367, 31.928556, 0.0)
(40.588081, 31.930407, 0.0)
(40.538033, 31.969393, 0.0)
(40.556374, 31.978624, 0.0)
(40.543049, 31.989691, 0.0)
(40.607418, 32.047436, 0.0)
(41.358692, 32.323193, 0.0)
(41.621357, 32.480255, 0.0)
(41.681587, 32.490398, 0.0)
(41.711456, 32.481579, 0.0)
(41.680782, 32.482887, 0.0)
(41.920910, 32.524868, 0.0)
(42.358383, 32.753380, 0.0)
(42.392998, 32.817532, 0.0)
(42.453381, 32.812710, 0.0)
(42.456188, 32.804554, 0.0)
(43.410984, 33.365383, 0.0)
(43.785477, 33.489964, 0.0)
(43.803623, 33.494152, 0.0)
(43.804520, 33.490185, 0.0)
(43.808975, 33.462879, 0.0)
(43.755463, 33.463882, 0.0)
(43.735111, 33.481052, 0.0)
(43.727917, 33.495987, 0.0)
(43.678375, 33.502274, 0.0)
(43.656902, 33.502529, 0.0)
(43.663593, 33.497299, 0.0)
(43.506695, 33.438702, 0.0)
(42.548477, 32.649818, 0.0)
(42.447002, 32.593784, 0.0)
(42.417118, 32.536190, 0.0)
(42.456158, 32.483589, 0.0)
(42.357864, 32.514309, 0.0)
(41.231998, 32.177532, 0.0)
(40.635666, 32.036125, 0.0)
(40.503147, 31.995714, 0.0)
(40.449944, 31.967384, 0.0)
(40.431210, 31.973761, 0.0)
(40.352119, 31.913815, 0.0)
(38.737606, 31.652111, 0.0)
(38.161823, 31.577427, 0.0)
(38.124748, 31.545424, 0.0)
(38.109955, 31.530069, 0.0)
(38.064796, 31.531708, 0.0)
(38.020096, 31.486208, 0.0)
(37.935978, 31.505817, 0.0)
(37.834572, 31.477703, 0.0)
(37.699303, 31.444885, 0.0)
(37.638977, 31.458462, 0.0)
(35.766563, 31.452070, 0.0)
(35.645779, 31.414154, 0.0)
(35.623203, 31.345652, 0.0)
(35.596661, 31.387350, 0.0)
(35.503830, 31.295694, 0.0)
(33.334770, 31.633881, 0.0)
(32.781231, 31.725466, 0.0)
(32.707394, 31.735399, 0.0)
(32.690933, 31.729635, 0.0)
(32.692997, 31.715492, 0.0)
(32.626446, 31.753845, 0.0)
(32.545578, 31.766830, 0.0)
(32.541008, 31.776836, 0.0)
(30.317360, 32.536549, 0.0)
(30.094145, 32.598877, 0.0)
(30.086760, 32.598705, 0.0)
(30.072748, 32.596649, 0.0)
(29.982485, 32.688774, 0.0)
(28.744425, 33.127926, 0.0)
(28.621277, 33.161934, 0.0)
(28.624588, 33.172947, 0.0)
(28.581505, 33.218273, 0.0)
(28.548956, 33.216797, 0.0)
(28.528173, 33.233978, 0.0)
(28.539953, 33.256512, 0.0)
(28.525328, 33.255119, 0.0)
(27.967630, 33.523506, 0.0)
(27.853270, 33.531799, 0.0)
(27.909866, 33.536377, 0.0)
(27.899351, 33.551342, 0.0)
(27.866365, 33.553062, 0.0)
(27.856882, 33.558975, 0.0)
(27.927181, 33.546886, 0.0)
(28.144152, 33.378666, 0.0)
(28.679256, 33.042744, 0.0)
(28.709520, 32.995983, 0.0)
(28.746407, 32.972961, 0.0)
(28.742979, 33.006905, 0.0)
(28.759016, 33.031914, 0.0)
(29.821930, 32.584854, 0.0)
(30.757948, 32.216347, 0.0)
(30.912001, 32.133415, 0.0)
(30.974051, 32.100899, 0.0)
(30.975828, 32.117916, 0.0)
(31.032970, 32.092060, 0.0)
(31.047474, 32.108448, 0.0)
(31.762737, 31.914314, 0.0)
(32.393471, 31.671255, 0.0)
(32.478531, 31.619230, 0.0)
(32.480927, 31.616110, 0.0)
(32.496346, 31.600771, 0.0)
(32.535778, 31.580690, 0.0)
(33.763771, 31.425835, 0.0)
(34.116272, 31.326315, 0.0)
(34.226891, 31.285011, 0.0)
(34.212364, 31.291853, 0.0)
(34.581066, 31.252577, 0.0)
(36.512424, 31.141039, 0.0)
(36.625210, 31.094130, 0.0)
(36.644516, 31.075514, 0.0)
(36.685619, 31.035479, 0.0)
(36.713657, 31.020473, 0.0)
(38.043892, 31.188826, 0.0)
(38.835476, 31.347561, 0.0)
(38.876141, 31.349869, 0.0)
(38.867542, 31.304747, 0.0)
(38.894512, 31.280016, 0.0)
(38.937893, 31.290344, 0.0)
(40.368946, 31.604963, 0.0)
(40.549549, 31.585890, 0.0)
(40.591881, 31.595747, 0.0)
(40.607456, 31.595556, 0.0)
(40.600399, 31.594215, 0.0)
(41.238194, 31.724886, 0.0)
(42.200832, 32.153847, 0.0)
(42.276905, 32.241024, 0.0)
(42.263161, 32.173328, 0.0)
(42.308727, 32.159019, 0.0)
(42.311050, 32.167240, 0.0)
(43.374439, 32.757263, 0.0)
(43.579063, 32.878262, 0.0)
(43.585918, 32.887360, 0.0)
(43.592609, 32.934345, 0.0)
(43.499142, 32.901443, 0.0)
(43.495068, 32.817265, 0.0)
(43.515381, 32.897884, 0.0)
(43.482388, 32.909950, 0.0)
(43.495922, 32.849110, 0.0)
(43.783413, 33.097645, 0.0)
(43.847588, 33.181370, 0.0)
(43.823254, 33.185337, 0.0)
(43.817734, 33.177258, 0.0)
(43.850399, 33.171268, 0.0)
(43.812740, 33.192234, 0.0)
(44.084217, 33.817810, 0.0)
(44.304600, 34.662590, 0.0)
(44.299725, 34.738747, 0.0)
(44.300297, 34.690586, 0.0)
(44.300858, 34.679432, 0.0)
(44.490673, 35.315540, 0.0)
(44.680965, 36.823395, 0.0)
(44.696476, 36.923748, 0.0)
(44.663090, 36.835117, 0.0)
(44.651718, 36.797970, 0.0)
(44.668240, 36.825966, 0.0)
(44.659958, 36.844227, 0.0)
(44.650391, 36.788811, 0.0)
(44.684315, 36.773479, 0.0)
(44.729095, 36.738461, 0.0)
(44.677128, 36.758072, 0.0)
(44.677128, 36.758072, 0.0)
(44.663765, 36.861538, 0.0)
(44.734783, 37.482456, 0.0)
(44.712189, 37.605412, 0.0)
(44.780647, 38.093483, 0.0)
(44.772820, 38.339931, 0.0)
(44.836205, 38.377621, 0.0)
(44.852524, 38.378941, 0.0)
(44.829479, 38.852566, 0.0)
(44.920849, 39.407589, 0.0)
(44.905064, 39.482422, 0.0)
(44.886650, 39.445824, 0.0)
(44.895683, 39.414902, 0.0)
(44.883743, 39.400040, 0.0)
(44.876175, 39.563694, 0.0)
(44.857098, 40.740601, 0.0)
(44.838081, 40.788113, 0.0)
(44.847370, 40.761276, 0.0)
(44.847164, 40.750740, 0.0)
(44.810928, 40.739952, 0.0)
(44.830269, 40.684872, 0.0)
(44.827171, 40.675449, 0.0)
(44.814095, 40.657581, 0.0)
(44.811867, 40.679825, 0.0)
(44.782978, 40.677792, 0.0)
(44.817890, 40.652767, 0.0)
(44.868889, 41.119770, 0.0)
(44.799496, 41.204258, 0.0)
(44.794956, 41.182098, 0.0)
(44.783138, 41.186954, 0.0)
(44.760479, 41.238899, 0.0)
(44.707764, 41.240238, 0.0)
(44.698704, 41.269943, 0.0)
(44.684090, 41.279945, 0.0)
(44.658203, 41.274387, 0.0)
(44.377186, 41.601055, 0.0)
(44.364174, 41.625095, 0.0)
(44.390266, 41.624989, 0.0)
(44.371750, 41.667423, 0.0)
(44.367439, 41.655411, 0.0)
(44.362637, 41.644222, 0.0)
(44.321308, 40.820690, 0.0)
(44.197281, 40.322346, 0.0)
(44.245167, 40.353142, 0.0)
(44.212498, 40.318081, 0.0)
(44.223438, 39.841988, 0.0)
(44.228329, 39.369534, 0.0)
(44.228317, 39.008377, 0.0)
(44.265976, 38.631676, 0.0)
(44.312366, 38.564705, 0.0)
(44.328323, 38.534771, 0.0)
(44.358109, 38.538906, 0.0)
(44.379417, 38.527786, 0.0)
(44.411148, 38.479073, 0.0)
(44.433872, 38.397884, 0.0)
(44.378418, 37.951725, 0.0)
(44.398170, 37.255310, 0.0)
(44.394764, 37.169231, 0.0)
(44.364914, 37.166172, 0.0)
(44.297985, 36.489048, 0.0)
(44.229389, 35.590282, 0.0)
(44.187057, 35.471676, 0.0)
(44.182755, 35.503479, 0.0)
(44.194012, 35.450413, 0.0)
(44.224792, 35.447010, 0.0)
(44.189072, 35.106602, 0.0)
(44.161530, 34.945358, 0.0)
(44.193058, 34.971241, 0.0)
(44.208092, 34.973255, 0.0)
(44.217968, 34.973118, 0.0)
(44.224968, 35.012241, 0.0)
(44.055229, 34.015675, 0.0)
(43.817596, 33.578632, 0.0)
(43.708172, 33.181705, 0.0)
(43.512337, 32.906586, 0.0)
(43.514450, 32.845737, 0.0)
(43.547935, 32.863235, 0.0)
(43.572418, 32.904007, 0.0)
(43.599201, 32.913658, 0.0)
(43.599010, 32.904613, 0.0)
(43.608440, 32.888641, 0.0)
(43.624722, 32.842152, 0.0)
(43.645645, 32.836922, 0.0)
(43.686501, 32.829865, 0.0)
(43.691280, 32.805763, 0.0)
(43.685986, 32.770042, 0.0)
(43.671955, 32.773628, 0.0)
(43.543758, 32.666523, 0.0)
(43.228756, 32.281960, 0.0)
(43.202065, 32.262093, 0.0)
(43.207268, 32.339340, 0.0)
(43.187832, 32.316978, 0.0)
(43.244194, 32.329624, 0.0)
(43.244194, 32.329624, 0.0)
(43.259167, 32.351528, 0.0)
(43.237743, 32.626934, 0.0)
(43.290306, 33.150810, 0.0)
(43.287834, 33.226948, 0.0)
(43.287834, 33.226948, 0.0)
(43.271820, 33.237606, 0.0)
(43.612865, 33.944775, 0.0)
(43.700008, 34.561245, 0.0)
(43.686440, 34.566368, 0.0)
(43.660160, 34.543591, 0.0)
(43.649731, 34.551743, 0.0)
(43.752144, 35.134151, 0.0)
(43.797867, 35.716469, 0.0)
(43.861492, 35.765301, 0.0)
(43.790359, 35.745430, 0.0)
(43.776680, 35.741840, 0.0)
(43.781364, 35.747673, 0.0)
(43.764160, 35.787830, 0.0)
(43.785934, 35.757359, 0.0)
(43.795761, 35.926739, 0.0)
(43.946602, 36.652016, 0.0)
(44.032478, 36.783150, 0.0)
(44.009640, 36.737206, 0.0)
(43.925194, 36.869503, 0.0)
(43.811947, 37.368889, 0.0)
(43.812012, 37.559196, 0.0)
(43.851257, 38.071148, 0.0)
(43.845039, 38.127007, 0.0)
(43.821785, 38.116890, 0.0)
(43.857674, 38.122021, 0.0)
(44.004139, 38.495869, 0.0)
(44.082680, 39.217720, 0.0)
(44.116089, 39.300640, 0.0)
(44.096439, 39.311916, 0.0)
(44.073048, 39.378288, 0.0)
(44.042419, 39.263729, 0.0)
(44.010044, 39.452991, 0.0)
(44.099804, 40.404484, 0.0)
(44.115608, 40.497356, 0.0)
(44.111115, 40.498917, 0.0)
(44.106522, 40.484558, 0.0)
(44.140705, 40.454693, 0.0)
(44.157314, 40.434994, 0.0)
(44.132782, 40.392673, 0.0)
(44.157368, 40.382034, 0.0)
(43.940117, 40.643982, 0.0)
(43.924805, 40.725155, 0.0)
(43.935833, 40.732101, 0.0)
(43.946327, 40.734066, 0.0)
(43.944786, 40.711990, 0.0)
(43.938786, 40.722195, 0.0)
(43.967670, 40.708569, 0.0)
(43.936218, 40.698673, 0.0)
(43.954994, 40.689705, 0.0)
(43.968300, 40.685188, 0.0)
(43.938789, 40.692673, 0.0)
(43.978649, 40.634239, 0.0)
(43.986916, 40.598103, 0.0)
(43.972462, 40.574097, 0.0)
(43.992687, 40.587509, 0.0)
(43.577579, 39.734951, 0.0)
(43.467041, 39.020824, 0.0)
(43.479794, 38.979156, 0.0)
(43.476723, 39.008690, 0.0)
(43.476334, 38.982941, 0.0)
(43.483974, 38.967022, 0.0)
(43.483688, 38.977276, 0.0)
(43.472832, 38.995899, 0.0)
(43.472832, 38.995899, 0.0)
(43.487862, 38.965130, 0.0)
(43.487598, 38.981068, 0.0)
(43.526165, 37.687794, 0.0)
(43.544445, 37.430355, 0.0)
(43.537308, 37.400806, 0.0)
(43.543724, 37.414257, 0.0)
(43.517220, 37.422756, 0.0)
(43.483334, 36.636665, 0.0)
(43.483471, 36.112324, 0.0)
(43.446308, 36.110832, 0.0)
(43.436512, 36.102776, 0.0)
(43.457527, 36.102566, 0.0)
(43.464211, 36.062202, 0.0)
(43.490181, 36.040459, 0.0)
(43.516941, 36.057007, 0.0)
(43.344154, 35.107140, 0.0)
(43.191017, 33.902550, 0.0)
(43.178150, 33.835094, 0.0)
(43.191299, 33.870186, 0.0)
(43.222874, 33.807831, 0.0)
(42.988937, 33.119095, 0.0)
(42.907478, 32.857670, 0.0)
(42.957134, 32.899899, 0.0)
(42.947369, 32.869637, 0.0)
(42.956676, 32.907642, 0.0)
(42.948700, 32.890377, 0.0)
(42.953987, 32.888615, 0.0)
(42.722828, 32.376949, 0.0)
(42.687901, 32.143456, 0.0)
(42.687901, 32.143456, 0.0)
(42.684254, 32.166855, 0.0)
(42.689682, 32.231823, 0.0)
(42.678955, 32.242828, 0.0)
(42.662930, 32.222946, 0.0)
(42.684284, 32.231083, 0.0)
(42.683037, 32.234272, 0.0)
(42.691456, 32.225006, 0.0)
(42.659908, 32.193047, 0.0)
(42.390442, 32.021332, 0.0)
(42.397385, 31.943377, 0.0)
(42.397976, 31.906414, 0.0)
(42.407394, 31.954185, 0.0)
(42.038784, 31.854717, 0.0)
(41.996456, 31.837675, 0.0)
(42.034264, 31.868370, 0.0)
(42.013466, 31.878370, 0.0)
(42.010010, 31.906706, 0.0)
(42.321491, 32.582996, 0.0)
(42.495567, 33.282734, 0.0)
(42.510178, 33.391972, 0.0)
(42.520042, 33.359577, 0.0)
(42.529671, 33.379135, 0.0)
(42.525616, 33.357555, 0.0)
(43.058922, 35.147640, 0.0)
(42.869831, 35.449516, 0.0)
(42.789818, 35.523479, 0.0)
(42.802311, 35.589371, 0.0)
(42.862892, 35.634724, 0.0)
(42.861916, 35.699146, 0.0)
(42.825504, 35.639202, 0.0)
(42.859344, 35.723679, 0.0)
(42.869534, 35.763153, 0.0)
(42.789829, 35.758511, 0.0)
(42.986668, 36.154213, 0.0)
(43.187870, 37.217636, 0.0)
(43.145161, 37.286530, 0.0)
(43.146782, 37.268383, 0.0)
(43.158211, 37.263248, 0.0)
(43.215740, 37.261326, 0.0)
(43.116154, 37.345139, 0.0)
(42.929161, 37.668762, 0.0)
(42.902832, 37.718342, 0.0)
(42.892097, 37.726810, 0.0)
(42.915779, 37.721012, 0.0)
(42.953594, 38.465427, 0.0)
(42.988682, 39.555267, 0.0)
(42.912922, 40.579510, 0.0)
(42.893036, 40.717739, 0.0)
(42.857208, 40.678158, 0.0)
(42.873501, 40.728653, 0.0)
(42.847103, 40.734303, 0.0)
(42.829910, 40.735554, 0.0)
(42.852596, 40.751606, 0.0)
(42.851875, 40.772202, 0.0)
(42.829216, 40.735199, 0.0)
(42.796398, 40.716042, 0.0)
(42.837391, 40.679993, 0.0)
(42.765854, 40.757191, 0.0)
(42.687294, 40.740444, 0.0)
(42.725994, 40.772552, 0.0)
(42.706638, 40.760105, 0.0)
(42.701153, 40.750877, 0.0)
(42.748058, 40.815689, 0.0)
(42.709892, 41.010017, 0.0)
(42.687881, 41.004025, 0.0)
(42.754795, 41.055290, 0.0)
(42.742321, 41.069992, 0.0)
(42.712715, 41.041405, 0.0)
(42.315178, 41.186054, 0.0)
(42.253372, 41.197010, 0.0)
(42.268951, 41.183464, 0.0)
(42.266537, 41.188461, 0.0)
(42.262386, 41.207428, 0.0)
(42.240906, 41.193699, 0.0)
(42.260345, 39.819080, 0.0)
(42.319698, 38.884953, 0.0)
(42.316387, 38.771149, 0.0)
(42.310791, 38.764797, 0.0)
(42.325512, 38.730637, 0.0)
(42.322170, 38.673504, 0.0)
(42.328613, 38.627903, 0.0)
(42.339542, 38.652081, 0.0)
(42.342083, 37.855820, 0.0)
(42.392418, 37.112122, 0.0)
(42.399277, 37.007957, 0.0)
(42.410629, 36.993626, 0.0)
(42.421581, 36.898975, 0.0)
(42.429985, 36.823029, 0.0)
(42.375568, 35.673248, 0.0)
(42.354244, 35.444500, 0.0)
(42.362984, 35.443928, 0.0)
(42.382397, 35.453442, 0.0)
(42.325916, 35.191471, 0.0)
(42.180229, 33.974068, 0.0)
(42.094662, 33.429398, 0.0)
(42.069881, 33.405895, 0.0)
(42.042507, 33.435265, 0.0)
(42.070805, 33.479427, 0.0)
(42.004333, 33.474358, 0.0)
(42.004375, 33.474995, 0.0)
(41.961666, 33.485992, 0.0)
(41.940735, 33.208096, 0.0)
(41.873718, 32.880371, 0.0)
(41.835938, 32.820950, 0.0)
(41.842251, 32.786766, 0.0)
(41.746323, 32.322868, 0.0)
(41.432503, 31.558691, 0.0)
(41.335754, 31.449318, 0.0)
(41.347702, 31.458746, 0.0)
(41.360611, 31.492708, 0.0)
(41.366459, 31.465946, 0.0)
(41.350834, 31.508417, 0.0)
(41.345680, 31.488087, 0.0)
(41.470737, 31.307468, 0.0)
(41.477112, 31.339346, 0.0)
(41.479237, 31.352785, 0.0)
(41.510460, 31.396597, 0.0)
(41.490150, 31.387844, 0.0)
(41.472267, 31.380621, 0.0)
(41.394615, 31.384615, 0.0)
(40.889938, 31.252926, 0.0)
(40.844933, 31.231659, 0.0)
(40.899284, 31.170553, 0.0)
(40.911037, 31.212025, 0.0)
(40.861553, 31.264376, 0.0)
(40.875397, 31.279375, 0.0)
(40.858120, 31.281118, 0.0)
(40.911800, 31.925959, 0.0)
(40.821625, 32.307209, 0.0)
(40.847229, 32.298042, 0.0)
(40.868362, 32.279636, 0.0)
(40.867023, 32.282551, 0.0)
(40.865498, 32.325596, 0.0)
(40.860611, 32.335991, 0.0)
(41.149639, 33.223095, 0.0)
(41.154568, 33.462646, 0.0)
(41.170715, 33.481377, 0.0)
(41.065678, 33.501984, 0.0)
(41.062771, 33.556450, 0.0)
(41.161121, 33.623272, 0.0)
(41.418171, 34.907631, 0.0)
(41.384007, 35.025558, 0.0)
(41.360256, 34.989693, 0.0)
(41.372105, 35.021408, 0.0)
(41.347775, 35.062305, 0.0)
(41.323185, 35.066467, 0.0)
(41.323261, 35.073338, 0.0)
(41.712093, 36.220554, 0.0)
(41.679047, 36.342823, 0.0)
(41.670975, 36.298531, 0.0)
(41.654297, 36.307198, 0.0)
(41.635113, 36.304989, 0.0)
(41.314640, 37.063602, 0.0)
(41.287888, 37.222046, 0.0)
(41.287590, 37.246914, 0.0)
(41.588558, 37.918125, 0.0)
(41.603729, 38.026558, 0.0)
(41.594643, 37.975788, 0.0)
(41.618149, 38.012920, 0.0)
(41.776127, 38.941719, 0.0)
(41.765083, 40.533039, 0.0)
(41.734474, 40.611885, 0.0)
(41.702991, 40.622330, 0.0)
(41.653099, 40.634319, 0.0)
(41.668125, 40.601662, 0.0)
(41.662979, 40.614960, 0.0)
(41.639439, 40.609474, 0.0)
(41.625793, 40.617916, 0.0)
(41.640167, 40.599087, 0.0)
(41.651817, 40.585133, 0.0)
(41.635849, 40.647545, 0.0)
(41.617275, 40.700825, 0.0)
(41.626434, 40.690125, 0.0)
(41.632401, 40.703468, 0.0)
(41.204323, 40.957859, 0.0)
(41.155071, 40.989735, 0.0)
(41.126381, 40.971321, 0.0)
(41.173889, 40.997414, 0.0)
(41.188213, 41.030769, 0.0)
(41.160759, 40.995392, 0.0)
(41.163052, 41.001492, 0.0)
(41.187370, 41.047478, 0.0)
(40.611244, 40.288315, 0.0)
(40.560383, 40.114380, 0.0)
(40.557316, 40.088074, 0.0)
(40.533791, 40.078632, 0.0)
(40.511539, 40.027287, 0.0)
(40.608383, 39.493362, 0.0)
(40.706657, 38.636486, 0.0)
(40.676826, 38.554607, 0.0)
(40.647865, 38.529709, 0.0)
(40.657520, 38.452213, 0.0)
(40.678013, 38.430134, 0.0)
(40.680920, 38.381332, 0.0)
(40.668282, 38.377499, 0.0)
(40.707844, 38.362202, 0.0)
(40.700428, 38.317314, 0.0)
(40.718929, 38.308655, 0.0)
(40.802124, 37.233829, 0.0)
(40.780426, 36.786053, 0.0)
(40.806248, 36.760448, 0.0)
(40.781898, 36.751308, 0.0)
(40.776989, 36.735298, 0.0)
(40.733967, 35.939938, 0.0)
(40.735481, 35.217094, 0.0)
(40.732391, 35.162540, 0.0)
(40.717232, 35.166115, 0.0)
(40.726013, 35.111282, 0.0)
(40.736477, 35.096874, 0.0)
(40.773193, 35.013298, 0.0)
(40.745792, 34.909386, 0.0)
(40.441814, 33.908138, 0.0)
(40.407570, 33.827450, 0.0)
(40.439484, 33.830181, 0.0)
(40.453419, 33.797882, 0.0)
(40.363808, 32.735321, 0.0)
(40.319237, 32.375500, 0.0)
(40.304806, 32.347393, 0.0)
(40.313286, 32.357681, 0.0)
(40.395466, 32.364521, 0.0)
(39.998459, 31.353846, 0.0)
(39.932846, 31.071037, 0.0)
(39.886395, 31.035959, 0.0)
(39.912899, 31.093271, 0.0)
(39.860432, 31.112804, 0.0)
(39.880684, 31.107313, 0.0)
(39.699562, 30.899858, 0.0)
(39.555840, 30.561064, 0.0)
(39.528038, 30.513988, 0.0)
(39.513885, 30.520075, 0.0)
(39.502228, 30.575878, 0.0)
(39.503586, 30.601667, 0.0)
(39.509274, 30.626682, 0.0)
(39.509274, 30.626682, 0.0)
(39.478355, 30.634029, 0.0)
(39.089241, 30.649906, 0.0)
(38.864796, 30.553095, 0.0)
(38.794712, 30.577059, 0.0)
(38.807800, 30.600584, 0.0)
(38.814926, 30.627947, 0.0)
(38.832737, 30.752205, 0.0)
(38.905922, 31.674702, 0.0)
(38.897278, 31.802280, 0.0)
(39.171413, 32.663773, 0.0)
(39.204838, 33.018787, 0.0)
(39.210098, 33.061226, 0.0)
(39.227661, 33.102314, 0.0)
(39.405502, 33.567413, 0.0)
(39.447300, 33.707577, 0.0)
(39.416637, 33.731800, 0.0)
(39.396996, 33.761230, 0.0)
(39.714935, 34.422279, 0.0)
(39.843334, 35.170238, 0.0)
(39.837078, 35.257175, 0.0)
(39.820580, 35.191891, 0.0)
(39.766228, 35.279404, 0.0)
(39.647526, 35.587830, 0.0)
(39.570232, 36.213856, 0.0)
(39.514500, 36.301731, 0.0)
(39.535240, 36.375435, 0.0)
(39.754818, 36.921570, 0.0)
(39.769535, 37.018944, 0.0)
(39.771732, 36.981426, 0.0)
(39.769154, 36.997269, 0.0)
(39.768417, 36.996971, 0.0)
(39.799675, 37.011166, 0.0)
(39.801987, 37.059990, 0.0)
(39.951290, 37.498375, 0.0)
(40.166298, 38.369812, 0.0)
(40.182026, 38.445637, 0.0)
(40.178761, 38.436741, 0.0)
(39.978527, 39.027157, 0.0)
(39.954082, 39.585976, 0.0)
(39.965500, 39.655079, 0.0)
(39.925819, 39.635471, 0.0)
(39.926743, 39.605392, 0.0)
(40.189789, 40.609402, 0.0)
(40.157776, 40.726219, 0.0)
(40.165882, 40.726345, 0.0)
(40.231529, 40.724693, 0.0)
(40.219204, 40.740330, 0.0)
(40.230286, 40.714176, 0.0)
(40.199459, 40.702358, 0.0)
(40.191002, 40.733932, 0.0)
(40.096252, 40.749687, 0.0)
(39.656979, 40.765354, 0.0)
(39.570957, 40.847538, 0.0)
(39.561935, 40.858044, 0.0)
(39.578007, 40.827919, 0.0)
(39.578846, 40.814484, 0.0)
(39.583527, 40.810223, 0.0)
(39.585270, 40.827427, 0.0)
(39.568645, 40.833195, 0.0)
(39.575367, 40.841770, 0.0)
(38.972469, 39.844303, 0.0)
(38.855808, 39.165939, 0.0)
(38.786819, 39.105186, 0.0)
(38.769714, 39.106934, 0.0)
(38.792629, 39.113430, 0.0)
(38.792629, 39.113430, 0.0)
(38.774567, 39.072365, 0.0)
(38.792343, 39.080433, 0.0)
(38.742012, 39.043297, 0.0)
(38.873505, 38.018036, 0.0)
(38.851475, 37.770763, 0.0)
(38.857857, 37.764675, 0.0)
(38.845463, 37.715015, 0.0)
(38.875019, 37.226486, 0.0)
(38.909523, 37.145226, 0.0)
(38.899754, 37.151207, 0.0)
(38.894348, 37.139462, 0.0)
(38.895443, 37.112255, 0.0)
(38.910980, 37.087627, 0.0)
(38.905476, 37.090908, 0.0)
(38.906372, 37.096859, 0.0)
(38.882328, 36.871979, 0.0)
(38.640499, 35.474503, 0.0)
(38.582333, 35.412479, 0.0)
(38.451878, 34.223793, 0.0)
(38.357971, 34.035259, 0.0)
(38.348698, 34.000309, 0.0)
(38.359665, 33.990459, 0.0)
(38.372490, 33.992176, 0.0)
(38.169090, 32.623230, 0.0)
(37.989357, 31.375149, 0.0)
(37.963306, 31.340023, 0.0)
(37.929630, 31.378202, 0.0)
(37.919075, 31.390997, 0.0)
(37.929985, 31.430691, 0.0)
(37.932739, 31.410919, 0.0)
(37.958015, 31.369068, 0.0)
(37.993366, 31.350988, 0.0)
(38.018909, 31.332350, 0.0)
(38.004406, 31.303698, 0.0)
(38.024849, 31.320477, 0.0)
(38.010010, 31.328234, 0.0)
(38.015446, 31.327042, 0.0)
(38.054150, 31.242088, 0.0)
(38.034878, 30.726694, 0.0)
(38.050396, 30.630514, 0.0)
(38.038494, 30.627895, 0.0)
(38.018597, 30.598661, 0.0)
(38.028557, 30.606903, 0.0)
(38.022617, 30.658863, 0.0)
(37.981560, 30.676840, 0.0)
(37.076866, 30.634371, 0.0)
(37.023216, 30.625530, 0.0)
(37.046852, 30.644485, 0.0)
(36.987064, 30.597876, 0.0)
(37.003983, 30.612650, 0.0)
(37.003983, 30.612650, 0.0)
(36.966370, 30.625175, 0.0)
(37.018459, 30.763620, 0.0)
(37.198223, 31.703836, 0.0)
(37.151684, 31.779724, 0.0)
(37.161415, 31.753206, 0.0)
(37.170719, 31.748835, 0.0)
(37.178730, 31.900557, 0.0)
(37.452286, 32.956749, 0.0)
(37.419655, 33.077801, 0.0)
(37.431305, 33.094147, 0.0)
(37.413403, 33.136753, 0.0)
(37.386864, 33.225735, 0.0)
(37.424053, 33.597290, 0.0)
(37.610130, 34.876888, 0.0)
(37.519260, 35.127571, 0.0)
(37.477131, 35.109688, 0.0)
(37.486382, 35.129047, 0.0)
(37.524471, 35.160828, 0.0)
(37.510437, 35.110912, 0.0)
(37.501148, 35.179401, 0.0)
(37.496971, 35.160122, 0.0)
(37.709106, 35.696110, 0.0)
(37.904236, 36.402828, 0.0)
(37.894176, 36.545326, 0.0)
(37.909985, 36.506149, 0.0)
(37.858677, 36.507950, 0.0)
(37.859486, 36.542156, 0.0)
(37.847641, 36.572216, 0.0)
(37.739895, 36.849186, 0.0)
(37.740955, 37.767033, 0.0)
(37.718987, 37.931667, 0.0)
(37.699242, 37.908550, 0.0)
(37.664700, 37.936924, 0.0)
(37.659039, 37.951107, 0.0)
(37.811489, 38.617687, 0.0)
(37.756798, 39.326698, 0.0)
(37.732883, 39.416653, 0.0)
(37.730778, 39.389442, 0.0)
(37.777451, 39.696358, 0.0)
(37.861618, 40.591587, 0.0)
(37.858288, 40.664692, 0.0)
(37.858372, 40.687401, 0.0)
(37.847172, 40.715199, 0.0)
(37.840443, 40.749073, 0.0)
(37.804031, 41.052910, 0.0)
(37.790089, 41.061676, 0.0)
(37.787693, 41.108418, 0.0)
(37.805351, 41.088371, 0.0)
(37.788055, 41.088947, 0.0)
(37.392418, 41.341660, 0.0)
(37.298618, 41.407974, 0.0)
(37.274609, 41.441444, 0.0)
(37.284050, 41.425823, 0.0)
(37.264973, 41.445774, 0.0)
(37.253727, 41.430809, 0.0)
(37.250164, 41.396957, 0.0)
(37.228050, 41.314037, 0.0)
(36.822979, 39.987541, 0.0)
(36.720921, 39.918598, 0.0)
(36.728615, 39.908466, 0.0)
(36.714298, 39.898258, 0.0)
(36.714066, 39.861580, 0.0)
(36.703514, 39.880516, 0.0)
(36.679222, 39.883209, 0.0)
(36.771900, 39.131023, 0.0)
(36.867020, 38.744755, 0.0)
(36.867592, 38.743641, 0.0)
(36.867188, 38.686695, 0.0)
(36.901455, 38.617981, 0.0)
(36.896927, 38.626957, 0.0)
(36.811020, 37.774391, 0.0)
(36.728050, 37.612385, 0.0)
(36.727993, 37.623791, 0.0)
(36.701023, 37.599300, 0.0)
(36.688225, 37.591549, 0.0)
(36.753242, 37.528591, 0.0)
(36.696125, 37.336452, 0.0)
(36.482487, 35.685448, 0.0)
(36.465191, 35.404148, 0.0)
(36.437439, 35.349186, 0.0)
(36.386059, 35.393940, 0.0)
(36.385555, 35.434372, 0.0)
(36.419464, 35.445301, 0.0)
(36.395920, 35.464386, 0.0)
(36.412788, 35.506588, 0.0)
(36.430225, 35.520897, 0.0)
(36.362587, 34.991608, 0.0)
(36.377769, 34.011360, 0.0)
(36.363735, 33.980724, 0.0)
(36.318913, 33.969231, 0.0)
(36.309978, 33.990746, 0.0)
(36.248779, 33.408783, 0.0)
(36.119164, 32.193249, 0.0)
(36.027229, 32.061680, 0.0)
(36.010189, 32.154575, 0.0)
(35.998222, 32.144970, 0.0)
(36.004398, 32.156696, 0.0)
(35.864040, 31.989166, 0.0)
(35.396832, 31.184900, 0.0)
(35.298237, 31.087976, 0.0)
(35.285538, 31.133701, 0.0)
(35.213428, 31.157007, 0.0)
(35.255905, 31.155354, 0.0)
(35.239563, 31.147350, 0.0)
(35.189880, 31.158697, 0.0)
(35.193001, 31.169064, 0.0)
(35.196342, 31.171598, 0.0)
(35.205162, 31.140797, 0.0)
(35.209198, 31.139807, 0.0)
(35.209198, 31.139807, 0.0)
(35.205162, 31.140797, 0.0)
(35.113930, 31.189493, 0.0)
(34.707855, 31.314671, 0.0)
(34.648609, 31.361187, 0.0)
(34.639866, 31.323889, 0.0)
(34.636440, 31.308456, 0.0)
(35.054474, 32.421722, 0.0)
(35.030548, 32.780334, 0.0)
(34.988609, 32.850044, 0.0)
(34.941284, 32.844803, 0.0)
(34.930992, 32.913319, 0.0)
(34.905712, 32.908955, 0.0)
(34.939365, 32.951187, 0.0)
(35.303890, 33.804806, 0.0)
(35.323711, 33.873264, 0.0)
(35.320843, 33.848549, 0.0)
(35.351891, 33.887337, 0.0)
(35.348911, 33.838013, 0.0)
(35.255348, 34.375217, 0.0)
(35.227779, 34.369583, 0.0)
(35.344601, 35.449898, 0.0)
(35.280579, 35.614502, 0.0)
(35.293251, 35.599133, 0.0)
(35.294067, 35.617271, 0.0)
(35.255764, 35.623276, 0.0)
(35.264641, 35.606899, 0.0)
(35.851135, 36.693783, 0.0)
(35.986176, 37.441803, 0.0)
(35.944012, 37.545582, 0.0)
(35.915421, 37.558105, 0.0)
(35.921329, 37.580536, 0.0)
(35.900784, 37.568840, 0.0)
(35.936787, 37.561382, 0.0)
(35.883244, 37.543629, 0.0)
(35.593441, 38.356895, 0.0)
(35.553066, 38.557152, 0.0)
(35.524029, 38.539463, 0.0)
(35.503456, 38.526184, 0.0)
(35.674816, 39.010784, 0.0)
(35.972736, 40.264523, 0.0)
(35.953552, 40.391872, 0.0)
(35.952309, 40.334694, 0.0)
(35.953346, 40.380882, 0.0)
(35.897881, 40.404396, 0.0)
(35.885757, 40.404083, 0.0)
(35.871124, 40.387611, 0.0)
(35.832088, 40.397507, 0.0)
(35.842651, 40.423691, 0.0)
(35.695499, 40.788773, 0.0)
(35.370556, 41.399456, 0.0)
(35.311863, 41.468304, 0.0)
(35.299946, 41.468651, 0.0)
(35.284645, 41.485447, 0.0)
(35.276520, 41.473347, 0.0)
(35.258198, 41.484741, 0.0)
(35.230209, 41.536121, 0.0)
(35.214653, 41.532566, 0.0)
(35.220043, 41.522705, 0.0)
(34.838680, 41.502586, 0.0)
(34.669254, 41.318077, 0.0)
(34.646229, 41.305004, 0.0)
(34.642685, 41.282547, 0.0)
(34.642685, 41.282547, 0.0)
(34.624550, 41.301514, 0.0)
(34.537971, 40.301830, 0.0)
(34.465374, 39.809223, 0.0)
(34.435947, 39.753189, 0.0)
(34.441818, 39.718136, 0.0)
(34.453865, 39.619125, 0.0)
(34.462395, 38.730274, 0.0)
(34.456593, 38.600964, 0.0)
(34.573330, 37.589264, 0.0)
(34.536636, 37.337269, 0.0)
(34.506252, 37.281876, 0.0)
(34.514217, 37.225788, 0.0)
(34.513653, 37.222286, 0.0)
(34.504223, 37.162178, 0.0)
(34.547779, 37.090012, 0.0)
(34.386520, 36.616688, 0.0)
(34.348545, 36.564774, 0.0)
(34.304146, 36.545815, 0.0)
(34.329090, 36.501354, 0.0)
(34.392689, 36.014595, 0.0)
(34.362682, 35.439476, 0.0)
(34.335258, 35.347496, 0.0)
(34.330414, 35.306698, 0.0)
(34.316734, 34.704266, 0.0)
(34.256195, 33.289925, 0.0)
(34.126381, 32.388607, 0.0)
(34.125183, 32.359196, 0.0)
(34.054646, 32.464657, 0.0)
(34.028046, 32.481823, 0.0)
(34.030872, 32.490620, 0.0)
(33.975491, 32.454082, 0.0)
(34.001091, 32.464890, 0.0)
(34.016323, 32.489864, 0.0)
(33.984989, 32.495369, 0.0)
(33.994511, 32.496037, 0.0)
(33.973026, 32.540794, 0.0)
(33.955612, 32.565590, 0.0)
(33.872471, 32.452354, 0.0)
(33.683525, 31.650000, 0.0)
(33.592213, 31.521944, 0.0)
(33.597610, 31.521832, 0.0)
(33.579819, 31.533672, 0.0)
(33.572746, 31.551556, 0.0)
(33.532833, 31.533249, 0.0)
(33.671665, 30.949568, 0.0)
(33.645588, 30.814169, 0.0)
(33.610664, 30.865406, 0.0)
(33.620918, 30.881798, 0.0)
(33.642624, 30.870903, 0.0)
(33.585976, 30.877430, 0.0)
(33.105400, 31.039608, 0.0)
(32.558914, 31.232265, 0.0)
(32.507050, 31.252249, 0.0)
(32.497017, 31.266762, 0.0)
(32.490997, 31.298912, 0.0)
(32.590012, 32.362919, 0.0)
(32.527000, 32.554634, 0.0)
(32.536606, 32.541664, 0.0)
(32.768375, 33.144707, 0.0)
(32.745232, 33.309658, 0.0)
(32.780170, 33.644676, 0.0)
(32.733463, 33.741879, 0.0)
(32.989658, 34.842503, 0.0)
(33.070930, 35.347031, 0.0)
(33.081463, 35.391926, 0.0)
(33.074024, 35.411747, 0.0)
(33.039173, 35.458832, 0.0)
(33.013813, 35.485790, 0.0)
(33.022003, 35.498383, 0.0)
(33.000454, 35.504372, 0.0)
(33.017715, 35.560795, 0.0)
(33.156246, 36.726345, 0.0)
(33.145744, 36.935024, 0.0)
(33.152157, 36.912189, 0.0)
(33.147816, 36.936306, 0.0)
(33.136913, 36.955330, 0.0)
(33.130142, 36.972878, 0.0)
(33.126221, 36.994221, 0.0)
(33.177898, 37.518780, 0.0)
(33.258564, 38.202068, 0.0)
(33.238098, 38.267490, 0.0)
(33.269588, 38.287125, 0.0)
(33.249649, 38.289703, 0.0)
(33.196594, 38.296169, 0.0)
(33.256828, 38.790390, 0.0)
(33.286461, 39.080017, 0.0)
(33.259460, 39.113464, 0.0)
(33.218300, 39.102581, 0.0)
(33.243092, 39.455471, 0.0)
(33.289249, 40.272820, 0.0)
(33.253319, 40.405621, 0.0)
(33.450340, 40.933067, 0.0)
(33.441940, 41.029209, 0.0)
(33.426964, 41.004047, 0.0)
(33.445122, 40.975239, 0.0)
(33.421570, 40.992283, 0.0)
(33.404812, 41.009838, 0.0)
(33.402557, 40.987625, 0.0)
(33.413727, 40.992992, 0.0)
(32.746880, 41.401886, 0.0)
(32.718681, 41.580322, 0.0)
(32.729149, 41.571430, 0.0)
(32.699875, 41.565357, 0.0)
(32.659248, 41.576797, 0.0)
(32.647945, 41.580032, 0.0)
(32.637093, 41.610107, 0.0)
(32.629814, 41.628582, 0.0)
(32.607761, 41.635525, 0.0)
(32.600681, 41.656582, 0.0)
(32.283638, 41.419323, 0.0)
(32.169003, 40.968502, 0.0)
(32.114342, 40.950211, 0.0)
(32.111305, 40.961002, 0.0)
(32.043476, 40.921909, 0.0)
(32.048534, 40.893833, 0.0)
(32.053780, 40.902744, 0.0)
(32.173309, 40.257702, 0.0)
(32.243889, 39.368568, 0.0)
(32.201611, 39.308594, 0.0)
(32.113434, 39.316723, 0.0)
(32.092773, 39.276539, 0.0)
(32.083942, 39.224693, 0.0)
(32.084106, 38.684273, 0.0)
(32.088303, 38.283726, 0.0)
(32.069126, 38.241638, 0.0)
(32.054237, 38.154682, 0.0)
(32.052483, 38.109131, 0.0)
(32.071697, 37.938625, 0.0)
(32.182926, 36.582634, 0.0)
(32.124226, 36.373547, 0.0)
(32.093159, 36.330151, 0.0)
(32.065491, 36.357990, 0.0)
(32.080517, 35.555233, 0.0)
(32.070484, 34.700249, 0.0)
(32.050175, 34.575150, 0.0)
(32.014523, 34.561729, 0.0)
(32.021992, 34.594284, 0.0)
(32.012466, 34.659531, 0.0)
(31.994308, 34.669823, 0.0)
(31.774487, 34.951035, 0.0)
(31.719601, 35.067970, 0.0)
(31.721041, 35.042370, 0.0)
(31.733156, 35.045506, 0.0)
(31.721676, 35.038788, 0.0)
(31.993486, 33.896423, 0.0)
(31.828531, 32.950478, 0.0)
(31.745005, 32.854504, 0.0)
(31.736383, 32.861832, 0.0)
(31.746058, 32.830845, 0.0)
(31.740225, 32.775265, 0.0)
(31.729410, 32.751255, 0.0)
(31.759491, 32.757252, 0.0)
(31.710781, 32.726185, 0.0)
(31.680761, 32.726593, 0.0)
(31.448530, 32.070705, 0.0)
(31.166878, 31.854576, 0.0)
(31.208344, 31.820736, 0.0)
(31.221792, 31.833405, 0.0)
(31.151718, 31.864351, 0.0)
(31.120016, 31.865313, 0.0)
(31.114216, 31.865734, 0.0)
(31.142050, 31.870377, 0.0)
(30.696838, 32.013092, 0.0)
(30.620728, 32.025196, 0.0)
(30.616072, 32.038898, 0.0)
(30.587366, 32.039360, 0.0)
(30.633244, 32.413120, 0.0)
(30.775192, 33.823475, 0.0)
(30.715284, 34.095222, 0.0)
(30.953419, 34.573952, 0.0)
(30.944963, 34.778854, 0.0)
(30.918898, 34.814842, 0.0)
(30.842453, 34.890339, 0.0)
(30.871426, 34.951073, 0.0)
(30.848022, 34.971817, 0.0)
(30.855190, 34.942608, 0.0)
(30.852230, 34.999607, 0.0)
(30.847549, 35.063011, 0.0)
(30.815865, 35.098454, 0.0)
(30.819727, 35.125629, 0.0)
(31.141838, 36.309162, 0.0)
(31.213242, 37.468647, 0.0)
(31.138136, 37.604847, 0.0)
(31.078535, 37.595364, 0.0)
(31.067234, 37.610401, 0.0)
(31.033365, 37.636772, 0.0)
(30.964237, 37.660538, 0.0)
(30.942266, 37.706749, 0.0)
(30.946405, 37.745724, 0.0)
(31.157837, 38.374901, 0.0)
(31.258698, 38.980961, 0.0)
(31.250307, 39.078323, 0.0)
(31.199148, 39.106834, 0.0)
(31.192270, 39.476700, 0.0)
(31.232786, 40.606514, 0.0)
(31.202250, 40.658115, 0.0)
(31.202791, 40.646431, 0.0)
(31.176517, 40.650864, 0.0)
(31.144793, 40.658924, 0.0)
(31.123787, 40.640511, 0.0)
(31.122961, 40.665203, 0.0)
(31.097612, 40.700577, 0.0)
(31.094809, 40.696346, 0.0)
(31.085539, 40.691467, 0.0)
(31.080317, 40.699596, 0.0)
(31.066380, 40.696228, 0.0)
(31.222519, 41.022038, 0.0)
(31.249357, 41.097752, 0.0)
(31.224068, 41.114376, 0.0)
(31.212116, 41.115871, 0.0)
(31.227644, 41.111549, 0.0)
(31.209486, 41.119179, 0.0)
(30.696341, 40.594841, 0.0)
(30.628904, 40.540077, 0.0)
(30.597210, 40.545002, 0.0)
(30.641792, 40.500046, 0.0)
(30.603197, 40.524525, 0.0)
(30.564787, 40.551781, 0.0)
(30.519428, 40.562305, 0.0)
(30.525562, 40.551186, 0.0)
(30.506886, 40.544346, 0.0)
(30.482914, 40.514278, 0.0)
(30.133991, 40.077534, 0.0)
(30.087643, 40.035755, 0.0)
(30.009550, 40.056721, 0.0)
(30.057398, 40.047031, 0.0)
(30.080359, 40.042446, 0.0)
(30.072321, 40.038284, 0.0)
(30.095602, 40.019264, 0.0)
(30.108885, 40.042576, 0.0)
(30.090542, 40.032677, 0.0)
(30.100945, 40.026596, 0.0)
(29.932556, 39.595661, 0.0)
(29.927616, 39.528465, 0.0)
(29.938978, 39.480606, 0.0)
(29.925251, 39.477222, 0.0)
(29.925251, 39.477222, 0.0)
(30.021749, 38.815960, 0.0)
(30.241632, 37.974983, 0.0)
(30.247488, 37.861404, 0.0)
(30.297667, 37.214832, 0.0)
(30.301504, 36.081020, 0.0)
(30.288420, 36.016266, 0.0)
(30.264744, 35.938461, 0.0)
(30.197075, 35.907089, 0.0)
(30.152491, 35.923809, 0.0)
(30.176394, 35.945408, 0.0)
(30.137133, 35.950306, 0.0)
(30.131004, 35.963600, 0.0)
(29.827311, 35.186295, 0.0)
(29.713459, 35.040661, 0.0)
(29.705599, 35.094906, 0.0)
(29.723669, 35.127499, 0.0)
(29.660004, 35.131790, 0.0)
(29.689867, 34.919445, 0.0)
(29.798027, 34.075417, 0.0)
(29.772343, 34.002960, 0.0)
(29.798306, 33.987156, 0.0)
(29.747999, 34.054718, 0.0)
(29.613501, 33.394665, 0.0)
(29.643469, 32.568615, 0.0)
(29.610674, 32.524387, 0.0)
(29.629389, 32.529510, 0.0)
(29.600046, 32.527119, 0.0)
(29.604862, 32.543430, 0.0)
(29.613585, 32.562454, 0.0)
(29.606997, 32.574142, 0.0)
(29.602190, 32.565506, 0.0)
(29.596844, 32.584126, 0.0)
(29.616417, 32.569801, 0.0)
(29.560848, 32.579609, 0.0)
(29.561472, 32.565956, 0.0)
(29.575802, 32.584126, 0.0)
(29.291494, 32.740414, 0.0)
(29.155769, 32.776825, 0.0)
(29.157784, 32.820934, 0.0)
(29.123817, 32.840038, 0.0)
(29.120134, 32.853168, 0.0)
(28.712128, 33.236786, 0.0)
(28.660643, 33.267811, 0.0)
(28.608864, 33.302563, 0.0)
(28.640644, 33.251232, 0.0)
(28.731327, 33.801731, 0.0)
(28.939260, 35.276394, 0.0)
(28.912373, 35.656422, 0.0)
(28.853426, 35.700550, 0.0)
(28.836342, 35.756828, 0.0)
(28.835958, 35.775066, 0.0)
(28.907299, 36.065624, 0.0)
(28.923500, 36.398945, 0.0)
(28.910421, 36.431763, 0.0)
(28.891077, 36.467766, 0.0)
(28.894119, 36.577572, 0.0)
(29.067148, 36.662331, 0.0)
(29.046629, 36.707813, 0.0)
(29.011257, 36.780567, 0.0)
(28.953699, 37.056225, 0.0)
(29.027508, 37.497757, 0.0)
(29.022932, 37.526798, 0.0)
(29.175688, 38.033566, 0.0)
(29.158638, 38.466553, 0.0)
(29.308905, 38.802555, 0.0)
(29.340496, 39.085491, 0.0)
(29.290546, 39.188038, 0.0)
(29.273617, 39.223240, 0.0)
(29.270548, 39.212650, 0.0)
(29.288260, 39.221222, 0.0)
(29.294838, 39.208366, 0.0)
(29.284575, 39.197487, 0.0)
(28.980875, 39.659679, 0.0)
(28.965288, 39.715866, 0.0)
(28.943483, 39.691792, 0.0)
(28.931934, 39.675564, 0.0)
(28.899517, 39.699051, 0.0)
(28.904520, 39.726097, 0.0)
(28.892233, 39.705795, 0.0)
(28.894968, 39.686272, 0.0)
(28.908432, 39.723289, 0.0)
(28.896133, 39.714664, 0.0)
(28.917883, 39.764957, 0.0)
(29.432816, 40.612602, 0.0)
(29.470364, 41.762375, 0.0)
(29.502890, 42.149380, 0.0)
(29.470690, 42.167835, 0.0)
(29.456209, 42.161030, 0.0)
(29.449255, 42.150951, 0.0)
(29.438021, 42.165810, 0.0)
(29.420425, 42.175755, 0.0)
(29.403345, 42.156570, 0.0)
(29.393055, 42.184662, 0.0)
(29.359831, 42.212780, 0.0)
(29.367697, 42.227749, 0.0)
(29.376774, 42.195992, 0.0)
(29.369268, 42.182800, 0.0)
(29.335529, 42.249889, 0.0)
(29.055180, 42.344604, 0.0)
(29.034431, 42.308647, 0.0)
(29.053553, 42.259315, 0.0)
(28.977295, 41.701778, 0.0)
(28.793238, 39.501152, 0.0)
(28.701153, 39.383049, 0.0)
(28.693495, 39.387753, 0.0)
(28.668425, 39.349167, 0.0)
(28.621038, 39.323078, 0.0)
(28.633171, 39.336884, 0.0)
(28.610338, 39.324158, 0.0)
(28.593449, 39.301777, 0.0)
(28.583563, 39.286789, 0.0)
(28.596962, 39.283859, 0.0)
(28.593054, 38.741249, 0.0)
(28.572849, 37.513756, 0.0)
(28.502304, 37.369900, 0.0)
(28.477373, 37.367332, 0.0)
(28.445641, 37.323944, 0.0)
(28.452620, 37.337994, 0.0)
(28.459879, 37.333023, 0.0)
(28.452368, 37.281033, 0.0)
(28.263140, 36.188068, 0.0)
(28.195652, 36.189892, 0.0)
(28.156832, 36.196064, 0.0)
(28.132290, 36.202473, 0.0)
(28.161758, 36.214115, 0.0)
(28.131021, 36.113308, 0.0)
(28.138309, 34.488777, 0.0)
(28.120378, 34.002930, 0.0)
(28.075573, 33.970711, 0.0)
(28.083031, 34.004608, 0.0)
(28.070593, 34.017555, 0.0)
(28.072660, 33.999813, 0.0)
(28.057899, 33.979912, 0.0)
(28.062042, 34.009743, 0.0)
(28.067072, 33.998219, 0.0)
(28.051353, 33.985813, 0.0)
(28.048382, 34.029579, 0.0)
(28.041067, 34.049007, 0.0)
(28.056463, 33.996170, 0.0)
(28.037428, 33.990147, 0.0)
(28.006992, 34.039871, 0.0)
(28.006992, 34.039871, 0.0)
(28.008453, 34.013691, 0.0)
(27.992292, 33.997486, 0.0)
(27.753759, 33.730080, 0.0)
(27.697239, 33.730473, 0.0)
(27.680243, 33.804955, 0.0)
(27.706785, 33.805130, 0.0)
(27.697868, 33.805302, 0.0)
(27.663671, 33.805817, 0.0)
(27.656124, 33.780563, 0.0)
(27.567169, 33.800640, 0.0)
(27.563454, 33.852188, 0.0)
(27.582985, 33.850056, 0.0)
(27.527845, 33.855782, 0.0)
(27.511833, 33.850540, 0.0)
(27.367764, 34.536697, 0.0)
(27.507017, 35.537628, 0.0)
(27.446659, 36.180553, 0.0)
(27.403112, 36.274990, 0.0)
(27.361296, 36.330830, 0.0)
(27.328106, 36.362530, 0.0)
(27.314184, 36.397442, 0.0)
(27.503834, 36.860489, 0.0)
(27.864004, 37.570557, 0.0)
(27.794628, 37.762897, 0.0)
(27.758329, 37.783951, 0.0)
(27.735756, 37.821980, 0.0)
(27.697929, 37.850346, 0.0)
(27.658678, 37.826084, 0.0)
(27.643234, 37.816818, 0.0)
(27.630674, 37.812817, 0.0)
(27.491371, 37.745049, 0.0)
(27.441576, 37.635765, 0.0)
(27.351385, 37.630013, 0.0)
(27.340551, 37.584831, 0.0)
(27.384295, 37.581680, 0.0)
(27.780882, 38.759731, 0.0)
(27.791674, 39.233841, 0.0)
(27.979710, 40.130192, 0.0)
(28.076834, 40.598465, 0.0)
(27.986221, 40.612041, 0.0)
(27.936543, 40.595940, 0.0)
(27.900723, 40.582481, 0.0)
(27.856108, 40.586708, 0.0)
(27.862614, 40.577667, 0.0)
(27.867317, 40.527222, 0.0)
(27.855236, 40.480469, 0.0)
(27.861868, 40.480915, 0.0)
(27.850361, 40.445057, 0.0)
(27.893202, 41.096703, 0.0)
(27.893364, 41.682545, 0.0)
(27.852709, 41.702595, 0.0)
(27.884394, 41.652435, 0.0)
(27.864771, 41.676693, 0.0)
(27.843121, 41.674580, 0.0)
(27.878096, 41.631355, 0.0)
(27.850319, 41.707241, 0.0)
(28.163963, 42.096527, 0.0)
(28.397863, 42.349163, 0.0)
(28.376682, 42.407467, 0.0)
(28.302614, 42.441730, 0.0)
(28.309135, 42.427212, 0.0)
(28.318388, 42.420399, 0.0)
(28.283371, 42.421970, 0.0)
(28.279217, 42.427425, 0.0)
(28.299826, 42.418846, 0.0)
(28.278744, 42.432648, 0.0)
(28.269415, 42.430771, 0.0)
(28.283739, 42.697659, 0.0)
(28.239256, 42.746155, 0.0)
(28.253962, 42.767406, 0.0)
(28.237682, 42.783978, 0.0)
(28.256313, 42.762321, 0.0)
(28.265604, 42.732765, 0.0)
(28.265743, 42.754051, 0.0)
(28.256870, 42.783211, 0.0)
(28.256870, 42.783211, 0.0)
(28.277067, 42.780964, 0.0)
(28.264112, 42.789902, 0.0)
(28.228291, 42.770409, 0.0)
(28.261162, 42.762199, 0.0)
