(31.061056, 25.260801, 0.0)
(31.049335, 24.611664, 0.0)
(31.177286, 24.413216, 0.0)
(31.213823, 24.397543, 0.0)
(31.271986, 24.387133, 0.0)
(31.312164, 24.402264, 0.0)
(31.326611, 24.407566, 0.0)
(31.420780, 24.430365, 0.0)
(31.424080, 24.495213, 0.0)
(31.488398, 24.542540, 0.0)
(31.538229, 24.529406, 0.0)
(31.583992, 24.588978, 0.0)
(31.630058, 24.574360, 0.0)
(31.627716, 24.548393, 0.0)
(31.645306, 24.538494, 0.0)
(31.630468, 24.579283, 0.0)
(31.602968, 24.561872, 0.0)
(31.605539, 24.583328, 0.0)
(31.627415, 24.546814, 0.0)
(31.622961, 24.545729, 0.0)
(31.638023, 24.547663, 0.0)
(31.642952, 24.536686, 0.0)
(31.617813, 24.531006, 0.0)
(31.613520, 24.540091, 0.0)
(31.600006, 24.595671, 0.0)
(31.587177, 24.589090, 0.0)
(31.611643, 24.560926, 0.0)
(31.618021, 24.547039, 0.0)
(31.595425, 24.555679, 0.0)
(31.593531, 24.574015, 0.0)
(31.617420, 24.577671, 0.0)
(31.602312, 24.588308, 0.0)
(31.571154, 24.609650, 0.0)
(31.580257, 24.598343, 0.0)
(31.555649, 24.600904, 0.0)
(29.593018, 24.136528, 0.0)
(29.419312, 24.116695, 0.0)
(29.436878, 24.117205, 0.0)
(29.436878, 24.117205, 0.0)
(29.426517, 24.135586, 0.0)
(29.435537, 24.146711, 0.0)
(29.407433, 24.139780, 0.0)
(31.284779, 24.496521, 0.0)
(31.510529, 24.522966, 0.0)
(31.517279, 24.482124, 0.0)
(31.515282, 24.488766, 0.0)
(31.517944, 24.533924, 0.0)
(31.521799, 24.567215, 0.0)
(31.517708, 24.523943, 0.0)
(31.512037, 25.224771, 0.0)
(31.345041, 24.653057, 0.0)
(31.413033, 24.341446, 0.0)
(31.451672, 24.431723, 0.0)
(31.422537, 24.491928, 0.0)
(31.437332, 24.526709, 0.0)
(31.436085, 24.520710, 0.0)
(31.442457, 24.499891, 0.0)
(31.428877, 24.472855, 0.0)
(31.433218, 24.465919, 0.0)
(31.440039, 24.484207, 0.0)
(31.451113, 24.504736, 0.0)
(31.474358, 24.499767, 0.0)
(31.496826, 24.468639, 0.0)
(31.487949, 24.498671, 0.0)
(31.511911, 24.415987, 0.0)
(31.504263, 24.410257, 0.0)
(31.518713, 24.442112, 0.0)
(31.516087, 24.474157, 0.0)
(31.507000, 24.469023, 0.0)
(31.521437, 24.447790, 0.0)
(31.546343, 24.456764, 0.0)
(31.539965, 24.435543, 0.0)
(31.520107, 24.412546, 0.0)
(31.514500, 24.408070, 0.0)
(31.506231, 24.427059, 0.0)
(31.520790, 24.474937, 0.0)
(31.533203, 24.486008, 0.0)
(31.514900, 24.483208, 0.0)
(31.533859, 24.483601, 0.0)
(31.513071, 24.486797, 0.0)
(31.522015, 24.435661, 0.0)
(31.519142, 24.408831, 0.0)
(31.498745, 24.409147, 0.0)
(31.501209, 24.420052, 0.0)
(31.489859, 24.454906, 0.0)
(31.488400, 24.475407, 0.0)
(31.488895, 24.466396, 0.0)
(31.482603, 24.462570, 0.0)
(31.495895, 24.419168, 0.0)
(31.496220, 24.379734, 0.0)
(31.461584, 24.415005, 0.0)
(31.476746, 24.430296, 0.0)
(31.476746, 24.430296, 0.0)
(31.498962, 24.436146, 0.0)
(31.485188, 24.434616, 0.0)
(31.488077, 24.440865, 0.0)
(31.454996, 24.424908, 0.0)
(31.471512, 24.379976, 0.0)
(31.473289, 24.369719, 0.0)
(31.476524, 24.374582, 0.0)
(31.480795, 24.409147, 0.0)
(31.489552, 24.413729, 0.0)
(31.475445, 24.418556, 0.0)
(31.475393, 24.413269, 0.0)
(31.471512, 24.415962, 0.0)
(31.470139, 24.387041, 0.0)
(31.471220, 24.406719, 0.0)
(31.458752, 24.429106, 0.0)
(31.458204, 24.431643, 0.0)
(31.465492, 24.454639, 0.0)
(31.468208, 24.475605, 0.0)
(31.468784, 24.496687, 0.0)
(31.473494, 24.506374, 0.0)
(31.454453, 24.496092, 0.0)
(31.463066, 24.428583, 0.0)
(31.477209, 24.407282, 0.0)
(31.470278, 24.385513, 0.0)
(31.464773, 24.395428, 0.0)
(31.454563, 24.366709, 0.0)
(31.466940, 24.334957, 0.0)
(31.464863, 24.307304, 0.0)
(31.476763, 24.297935, 0.0)
(31.458582, 24.321161, 0.0)
(31.456623, 24.315235, 0.0)
(31.467859, 24.309687, 0.0)
(31.458214, 24.327412, 0.0)
(31.451805, 24.333466, 0.0)
(31.458439, 24.347281, 0.0)
(31.459854, 24.332514, 0.0)
(31.449955, 24.348801, 0.0)
(31.447325, 24.326056, 0.0)
(31.450245, 24.357952, 0.0)
(31.457541, 24.369719, 0.0)
(31.457830, 24.379406, 0.0)
(31.468838, 24.400839, 0.0)
(31.458273, 24.389151, 0.0)
(31.444021, 24.375845, 0.0)
(31.461397, 24.372002, 0.0)
(31.466404, 24.348185, 0.0)
(31.477509, 24.331535, 0.0)
(31.454823, 24.313389, 0.0)
(31.443411, 24.304125, 0.0)
(31.434998, 24.307020, 0.0)
(31.444407, 24.297737, 0.0)
(31.465525, 24.294432, 0.0)
(31.410318, 24.255407, 0.0)
(31.362112, 24.911631, 0.0)
(31.318911, 24.319561, 0.0)
(31.372122, 24.339846, 0.0)
(31.387163, 24.396486, 0.0)
(31.424639, 24.420303, 0.0)
(31.424328, 24.396856, 0.0)
(31.407667, 24.373280, 0.0)
(31.390072, 24.350235, 0.0)
(31.393307, 24.373611, 0.0)
(31.397650, 24.366451, 0.0)
(31.405987, 24.374434, 0.0)
(31.419752, 24.394009, 0.0)
(31.426466, 24.381620, 0.0)
(31.414152, 24.382252, 0.0)
(31.421644, 24.332052, 0.0)
(31.559042, 24.177143, 0.0)
(31.567738, 24.174690, 0.0)
(31.566298, 24.169037, 0.0)
(31.562191, 24.170891, 0.0)
(31.562191, 24.170891, 0.0)
(31.567738, 24.174690, 0.0)
(31.560488, 24.171782, 0.0)
(31.544762, 24.157869, 0.0)
(31.539194, 24.168421, 0.0)
(31.539335, 24.162752, 0.0)
(34.884052, 26.264990, 0.0)
(37.416088, 28.630177, 0.0)
(38.266575, 29.634760, 0.0)
(38.276463, 29.616091, 0.0)
(38.273449, 29.621828, 0.0)
(38.283489, 29.615446, 0.0)
(38.260559, 29.611288, 0.0)
(38.245171, 29.602207, 0.0)
(38.240635, 29.623154, 0.0)
(38.241272, 29.611008, 0.0)
(38.227234, 29.606558, 0.0)
(38.222519, 29.597458, 0.0)
(38.203438, 29.608427, 0.0)
(38.197109, 29.600643, 0.0)
(38.189419, 29.604477, 0.0)
(38.198853, 29.579144, 0.0)
(38.209469, 29.497351, 0.0)
(38.211235, 29.490570, 0.0)
(38.209469, 29.497351, 0.0)
(38.483913, 29.950480, 0.0)
(38.509880, 29.999804, 0.0)
(38.486397, 29.984325, 0.0)
(38.474747, 29.998487, 0.0)
(38.422794, 29.888050, 0.0)
(38.400974, 29.846403, 0.0)
(38.397526, 29.867958, 0.0)
(38.358517, 29.836786, 0.0)
(38.360405, 29.848259, 0.0)
(38.362724, 29.854212, 0.0)
(38.396828, 29.841349, 0.0)
(38.382198, 29.770271, 0.0)
(38.380814, 29.742365, 0.0)
(38.400837, 29.718788, 0.0)
(38.376347, 29.730169, 0.0)
(38.378586, 29.736206, 0.0)
(38.370583, 29.726482, 0.0)
(38.380650, 29.701204, 0.0)
(38.446960, 27.714027, 0.0)
(38.492565, 23.765671, 0.0)
(38.263680, 22.321321, 0.0)
(38.235344, 22.270725, 0.0)
(38.228554, 22.276625, 0.0)
(38.211330, 22.246155, 0.0)
(38.220436, 22.181482, 0.0)
(38.253349, 22.166052, 0.0)
(38.331371, 22.172398, 0.0)
(38.462536, 22.236914, 0.0)
(38.460030, 22.238220, 0.0)
(38.451744, 22.259007, 0.0)
(38.449444, 22.150660, 0.0)
(38.430290, 22.157829, 0.0)
(38.433414, 22.167345, 0.0)
(38.423595, 22.157001, 0.0)
(38.427013, 22.167131, 0.0)
(38.412903, 22.213106, 0.0)
(38.417248, 22.203680, 0.0)
(38.353401, 22.164011, 0.0)
(38.331203, 22.169682, 0.0)
(38.306358, 22.170630, 0.0)
(38.105042, 22.178394, 0.0)
(38.033268, 22.489796, 0.0)
(38.042080, 22.480616, 0.0)
(38.044540, 22.446653, 0.0)
(38.086235, 22.455309, 0.0)
(38.089539, 22.438009, 0.0)
(38.071064, 22.392881, 0.0)
(38.072697, 22.389273, 0.0)
(38.071350, 22.374968, 0.0)
(38.062943, 22.344704, 0.0)
(38.062943, 22.344704, 0.0)
(38.066517, 22.311409, 0.0)
(38.064728, 22.297733, 0.0)
(38.046051, 22.312296, 0.0)
(38.031021, 22.327841, 0.0)
(37.724392, 22.251633, 0.0)
(33.383022, 21.382996, 0.0)
(29.938505, 22.791136, 0.0)
(27.229416, 24.693836, 0.0)
(25.319521, 28.239155, 0.0)
(24.852634, 29.531393, 0.0)
(24.712919, 29.575109, 0.0)
(24.660210, 29.569345, 0.0)
(24.471016, 29.623238, 0.0)
(23.335009, 30.133867, 0.0)
(23.200693, 30.141798, 0.0)
(23.203596, 30.073011, 0.0)
(23.178564, 30.044107, 0.0)
(23.180294, 30.023144, 0.0)
(23.181358, 30.025877, 0.0)
(23.186440, 29.999037, 0.0)
(23.191853, 30.011335, 0.0)
(23.181868, 30.002897, 0.0)
(23.184149, 29.969940, 0.0)
(23.193125, 29.953398, 0.0)
(23.165134, 29.964010, 0.0)
(23.161516, 29.965044, 0.0)
(23.156563, 29.966125, 0.0)
(23.157623, 29.928652, 0.0)
(23.148352, 29.928467, 0.0)
(23.131321, 29.916821, 0.0)
(23.145906, 29.901831, 0.0)
(23.148870, 29.879070, 0.0)
(23.146557, 29.838333, 0.0)
(23.137730, 29.789658, 0.0)
(23.124470, 29.736963, 0.0)
(23.121153, 29.696325, 0.0)
(23.124681, 29.675945, 0.0)
(23.129297, 29.664789, 0.0)
(23.132133, 29.634611, 0.0)
(23.136366, 29.612761, 0.0)
(23.138588, 29.543219, 0.0)
(22.976366, 25.402708, 0.0)
(22.497673, 22.519732, 0.0)
(22.401117, 21.641600, 0.0)
(22.376047, 21.512684, 0.0)
(22.360245, 21.420528, 0.0)
(22.343494, 21.431120, 0.0)
(22.316061, 21.361301, 0.0)
(22.300402, 21.324892, 0.0)
(21.922525, 21.456717, 0.0)
(21.874165, 21.464521, 0.0)
(21.876461, 21.469370, 0.0)
(21.873863, 21.512747, 0.0)
(21.908083, 21.523329, 0.0)
(21.907658, 21.523773, 0.0)
(21.886957, 21.503960, 0.0)
(21.866751, 21.517649, 0.0)
(21.839691, 21.521025, 0.0)
(21.960915, 21.169720, 0.0)
(22.146362, 21.919157, 0.0)
(22.572994, 21.773884, 0.0)
(22.763689, 22.067537, 0.0)
(22.783783, 22.086714, 0.0)
(22.815933, 22.089796, 0.0)
(22.806873, 22.093758, 0.0)
(22.819851, 22.094654, 0.0)
(22.815742, 22.079636, 0.0)
(22.806396, 22.057543, 0.0)
(22.826553, 22.024498, 0.0)
(22.824091, 22.016403, 0.0)
(22.815796, 22.074739, 0.0)
(22.815298, 22.094023, 0.0)
(22.825150, 22.012213, 0.0)
(22.835497, 21.974651, 0.0)
(22.868689, 21.951622, 0.0)
(22.893143, 21.929899, 0.0)
(22.852261, 21.902807, 0.0)
(22.893143, 21.929899, 0.0)
(22.887844, 21.944897, 0.0)
(22.895374, 21.949217, 0.0)
(25.811714, 22.176807, 0.0)
(31.081690, 23.946608, 0.0)
(32.039711, 24.546175, 0.0)
(32.110065, 24.527908, 0.0)
(32.075272, 24.465641, 0.0)
(32.040615, 24.444971, 0.0)
(32.014652, 24.460451, 0.0)
(32.002426, 24.509890, 0.0)
(31.994177, 24.496552, 0.0)
(32.006935, 24.469616, 0.0)
(31.997658, 24.449854, 0.0)
(32.001194, 24.368038, 0.0)
(31.988552, 24.330744, 0.0)
(31.977516, 24.325346, 0.0)
(31.958633, 24.350750, 0.0)
(31.914560, 24.388376, 0.0)
(31.920395, 24.422390, 0.0)
(31.859177, 24.408646, 0.0)
(31.854216, 24.392204, 0.0)
(31.833447, 24.389122, 0.0)
(31.821754, 24.333082, 0.0)
(31.832241, 24.320341, 0.0)
(31.838594, 24.350010, 0.0)
(31.833853, 24.365223, 0.0)
(31.819012, 24.369894, 0.0)
(31.833797, 24.353456, 0.0)
(31.842020, 24.342211, 0.0)
(31.846962, 24.302544, 0.0)
(31.853493, 24.279245, 0.0)
(31.849447, 24.221275, 0.0)
(31.849447, 24.221275, 0.0)
(31.868843, 24.241657, 0.0)
(31.862541, 24.269823, 0.0)
(31.866625, 24.266237, 0.0)
(31.884228, 24.263836, 0.0)
(31.879528, 24.255020, 0.0)
(31.895264, 24.242750, 0.0)
(31.863832, 24.219242, 0.0)
(28.136753, 26.413181, 0.0)
(24.970371, 28.443657, 0.0)
(23.564875, 29.585270, 0.0)
(23.366644, 29.590656, 0.0)
(23.303709, 29.587179, 0.0)
(23.259521, 29.578327, 0.0)
(23.242767, 29.528269, 0.0)
(23.256079, 29.532936, 0.0)
(23.246092, 29.529825, 0.0)
(23.239628, 29.551548, 0.0)
(23.250652, 29.598970, 0.0)
(23.249866, 29.593973, 0.0)
(26.291466, 29.875658, 0.0)
(26.555128, 29.912712, 0.0)
(26.569025, 29.892923, 0.0)
(26.599688, 29.914480, 0.0)
(26.651768, 29.896503, 0.0)
(27.874414, 29.757772, 0.0)
(29.011292, 29.465420, 0.0)
(29.203220, 29.426754, 0.0)
(29.352083, 29.385784, 0.0)
(29.540161, 29.319721, 0.0)
(29.712893, 29.228512, 0.0)
(31.276258, 29.282761, 0.0)
(31.551867, 29.277895, 0.0)
(31.682196, 29.303823, 0.0)
(31.818750, 29.351442, 0.0)
(31.940086, 29.314053, 0.0)
(33.509907, 29.345579, 0.0)
(33.870667, 29.355665, 0.0)
(33.953342, 29.331142, 0.0)
(34.033981, 29.325294, 0.0)
(34.140583, 29.340021, 0.0)
(34.233864, 29.321449, 0.0)
(34.350250, 29.373327, 0.0)
(36.217918, 29.397602, 0.0)
(36.402988, 29.503248, 0.0)
(36.438522, 29.494717, 0.0)
(36.484421, 29.548349, 0.0)
(36.558311, 29.528788, 0.0)
(36.595184, 29.532068, 0.0)
(36.687771, 29.527987, 0.0)
(37.577702, 29.653666, 0.0)
(37.689995, 29.681231, 0.0)
(37.717236, 29.703197, 0.0)
(37.755730, 29.705090, 0.0)
(37.772076, 29.678574, 0.0)
(37.805420, 29.642065, 0.0)
(37.811672, 29.627697, 0.0)
(37.874485, 29.597799, 0.0)
(38.114567, 29.507353, 0.0)
(38.472450, 29.079739, 0.0)
(38.514782, 29.061071, 0.0)
(38.501347, 29.054014, 0.0)
(38.466255, 29.052328, 0.0)
(38.507874, 29.000647, 0.0)
(38.519203, 28.905615, 0.0)
(38.525654, 28.813581, 0.0)
(38.535858, 28.684563, 0.0)
(38.539749, 28.636616, 0.0)
(38.542324, 28.580517, 0.0)
(37.746532, 28.801924, 0.0)
(37.346016, 29.204674, 0.0)
(37.266930, 29.160234, 0.0)
(37.135704, 29.063902, 0.0)
(37.019520, 29.009493, 0.0)
(36.458347, 28.986788, 0.0)
(35.691288, 29.043711, 0.0)
(35.498005, 28.998001, 0.0)
(35.314148, 28.943813, 0.0)
(35.069767, 28.904825, 0.0)
(34.891159, 28.890671, 0.0)
(34.684849, 28.874582, 0.0)
(34.504768, 28.853935, 0.0)
(33.317776, 28.775291, 0.0)
(33.056881, 28.793289, 0.0)
(32.942757, 28.774345, 0.0)
(32.757336, 28.766870, 0.0)
(32.596298, 28.738842, 0.0)
(32.438595, 28.769951, 0.0)
(31.636553, 28.797318, 0.0)
(31.337706, 28.763609, 0.0)
(31.195883, 28.733614, 0.0)
(31.062075, 28.708319, 0.0)
(30.886650, 28.680439, 0.0)
(29.552591, 28.651005, 0.0)
(29.292696, 28.690069, 0.0)
(29.114450, 28.696531, 0.0)
(28.830269, 28.681118, 0.0)
(27.303528, 28.632582, 0.0)
(27.017395, 28.592773, 0.0)
(26.845114, 28.476564, 0.0)
(26.734331, 28.498447, 0.0)
(26.653606, 28.497721, 0.0)
(25.915764, 28.559177, 0.0)
(25.052929, 28.449472, 0.0)
(24.844376, 28.392603, 0.0)
(24.758900, 28.425379, 0.0)
(24.679062, 28.371353, 0.0)
(24.630806, 28.310425, 0.0)
(23.847427, 28.581934, 0.0)
(23.226858, 28.555059, 0.0)
(23.189127, 28.556578, 0.0)
(23.145683, 28.533104, 0.0)
(23.113264, 28.526358, 0.0)
(23.087967, 28.492077, 0.0)
(23.080772, 28.468603, 0.0)
(23.093882, 28.392488, 0.0)
(23.071941, 28.355547, 0.0)
(23.077877, 28.319866, 0.0)
(23.090960, 28.270113, 0.0)
(23.092453, 28.207577, 0.0)
(23.102482, 28.151024, 0.0)
(23.133230, 28.104809, 0.0)
(23.155231, 28.058989, 0.0)
(23.177784, 27.994329, 0.0)
(23.237152, 27.905529, 0.0)
(23.290491, 27.856503, 0.0)
(23.346205, 27.760405, 0.0)
(23.525583, 27.710403, 0.0)
(23.634272, 27.653959, 0.0)
(25.246552, 27.707043, 0.0)
(25.508249, 27.638512, 0.0)
(25.699371, 27.613419, 0.0)
(25.863846, 27.601748, 0.0)
(26.093597, 27.588814, 0.0)
(26.284069, 27.573799, 0.0)
(26.536648, 27.494701, 0.0)
(27.490303, 27.629078, 0.0)
(28.295801, 27.734266, 0.0)
(28.588247, 27.839264, 0.0)
(28.802807, 27.827923, 0.0)
(29.102440, 27.774784, 0.0)
(29.333609, 27.740164, 0.0)
(29.567173, 27.671989, 0.0)
(29.827085, 27.679394, 0.0)
(30.012421, 27.659084, 0.0)
(31.068384, 27.860363, 0.0)
(31.637415, 27.917202, 0.0)
(31.853849, 27.938324, 0.0)
(32.028908, 27.947243, 0.0)
(32.243721, 27.964569, 0.0)
(32.408062, 27.995010, 0.0)
(33.360329, 28.126804, 0.0)
(34.291019, 28.109171, 0.0)
(34.488300, 28.136850, 0.0)
(34.618443, 28.156191, 0.0)
(34.778568, 28.170710, 0.0)
(34.947189, 28.192678, 0.0)
(35.954113, 28.443077, 0.0)
(36.851074, 28.522373, 0.0)
(36.985340, 28.552158, 0.0)
(37.034172, 28.580084, 0.0)
(37.106190, 28.610544, 0.0)
(37.166752, 28.567228, 0.0)
(37.228195, 28.595768, 0.0)
(37.281464, 28.617311, 0.0)
(37.311352, 28.659079, 0.0)
(37.347603, 28.636023, 0.0)
(38.055450, 28.623520, 0.0)
(38.245182, 28.550951, 0.0)
(38.276962, 28.529779, 0.0)
(38.282990, 28.519646, 0.0)
(38.311699, 28.513458, 0.0)
(38.316360, 28.490488, 0.0)
(38.330158, 28.492632, 0.0)
(38.316681, 28.461805, 0.0)
(38.308353, 28.396032, 0.0)
(38.308926, 28.287607, 0.0)
(38.304188, 28.229507, 0.0)
(38.289986, 28.080473, 0.0)
(38.280254, 27.977760, 0.0)
(38.256184, 27.862972, 0.0)
(38.235294, 27.817526, 0.0)
(37.728973, 27.780449, 0.0)
(37.146221, 27.775227, 0.0)
(36.977081, 27.723438, 0.0)
(36.829952, 27.653698, 0.0)
(36.656105, 27.600000, 0.0)
(36.492878, 27.514963, 0.0)
(36.322468, 27.495207, 0.0)
(36.151966, 27.438046, 0.0)
(35.934589, 27.403528, 0.0)
(34.849346, 27.525978, 0.0)
(34.577335, 27.522709, 0.0)
(34.403088, 27.455175, 0.0)
(34.186092, 27.409283, 0.0)
(33.949509, 27.367802, 0.0)
(33.747597, 27.319368, 0.0)
(33.543274, 27.305973, 0.0)
(33.413597, 27.278877, 0.0)
(32.220203, 27.233862, 0.0)
(31.905218, 27.219467, 0.0)
(31.738220, 27.222157, 0.0)
(31.543083, 27.097012, 0.0)
(31.351049, 27.112495, 0.0)
(31.151102, 27.059452, 0.0)
(31.000652, 27.064112, 0.0)
(29.971365, 27.099274, 0.0)
(29.767986, 27.097191, 0.0)
(29.584665, 27.074844, 0.0)
(29.504673, 27.092344, 0.0)
(29.279926, 27.087324, 0.0)
(27.843746, 27.107582, 0.0)
(27.611101, 27.143152, 0.0)
(27.481268, 27.098860, 0.0)
(27.370413, 27.064772, 0.0)
(27.261862, 26.994871, 0.0)
(26.226049, 27.121513, 0.0)
(25.533144, 27.167852, 0.0)
(25.368565, 27.154526, 0.0)
(25.278990, 27.214443, 0.0)
(25.220737, 27.256002, 0.0)
(25.134195, 27.274036, 0.0)
(25.047581, 27.202818, 0.0)
(23.794962, 27.408224, 0.0)
(23.592680, 27.420965, 0.0)
(23.518589, 27.388826, 0.0)
(23.441891, 27.399137, 0.0)
(23.424290, 27.434107, 0.0)
(23.431805, 27.437643, 0.0)
(23.418875, 27.469519, 0.0)
(23.433899, 27.467659, 0.0)
(23.463758, 27.455826, 0.0)
(23.512884, 27.431145, 0.0)
(23.527813, 27.327150, 0.0)
(23.532942, 27.280193, 0.0)
(23.564510, 27.250540, 0.0)
(23.604490, 27.191597, 0.0)
(23.667747, 27.107164, 0.0)
(23.716869, 27.037718, 0.0)
(23.789087, 27.002981, 0.0)
(23.909525, 26.889631, 0.0)
(24.021311, 26.800434, 0.0)
(24.188730, 26.713251, 0.0)
(24.428102, 26.683901, 0.0)
(25.672495, 26.751616, 0.0)
(26.140013, 26.764879, 0.0)
(26.456596, 26.737127, 0.0)
(26.746323, 26.700310, 0.0)
(27.019873, 26.676630, 0.0)
(27.349871, 26.643337, 0.0)
(27.587149, 26.582287, 0.0)
(27.908798, 26.556717, 0.0)
(28.177410, 26.532516, 0.0)
(28.486423, 26.579384, 0.0)
(28.782564, 26.575499, 0.0)
(29.902201, 26.655779, 0.0)
(30.239456, 26.653221, 0.0)
(30.474152, 26.623953, 0.0)
(30.708044, 26.616331, 0.0)
(30.950306, 26.615059, 0.0)
(31.196648, 26.657507, 0.0)
(31.422838, 26.667635, 0.0)
(31.669992, 26.679514, 0.0)
(32.943535, 26.749527, 0.0)
(33.191021, 26.785545, 0.0)
(33.350636, 26.754019, 0.0)
(33.523220, 26.775156, 0.0)
(33.678337, 26.811115, 0.0)
(33.834137, 26.795057, 0.0)
(35.379158, 27.040001, 0.0)
(35.626175, 27.081867, 0.0)
(35.737831, 27.105925, 0.0)
(35.846718, 27.166262, 0.0)
(35.924030, 27.161777, 0.0)
(35.985630, 27.188740, 0.0)
(36.100433, 27.196716, 0.0)
(37.599911, 27.568792, 0.0)
(37.887619, 27.598351, 0.0)
(37.967224, 27.605646, 0.0)
(37.983383, 27.624903, 0.0)
(37.998497, 27.675837, 0.0)
(38.008278, 27.688856, 0.0)
(38.033730, 27.678940, 0.0)
(38.032478, 27.672293, 0.0)
(38.112923, 27.648605, 0.0)
(38.548512, 27.168468, 0.0)
(38.612907, 27.109575, 0.0)
(38.622421, 27.089079, 0.0)
(38.570068, 27.112663, 0.0)
(38.570480, 27.113466, 0.0)
(38.600609, 27.067280, 0.0)
(38.605564, 27.030737, 0.0)
(38.607471, 26.978970, 0.0)
(38.575989, 26.906742, 0.0)
(38.563217, 26.833317, 0.0)
(38.533375, 26.779425, 0.0)
(38.104755, 26.733627, 0.0)
(37.941582, 26.790991, 0.0)
(37.832382, 26.745760, 0.0)
(37.729210, 26.717232, 0.0)
(36.738857, 26.684589, 0.0)
(36.341343, 26.712551, 0.0)
(36.182655, 26.662624, 0.0)
(35.988438, 26.627935, 0.0)
(35.859406, 26.654772, 0.0)
(35.706196, 26.598333, 0.0)
(35.550629, 26.552778, 0.0)
(35.399467, 26.505173, 0.0)
(34.830582, 26.472410, 0.0)
(33.709991, 26.346365, 0.0)
(33.502682, 26.359283, 0.0)
(33.361099, 26.328081, 0.0)
(33.199265, 26.308613, 0.0)
(33.057755, 26.318249, 0.0)
(32.900990, 26.260862, 0.0)
(32.762146, 26.187525, 0.0)
(32.007984, 26.265501, 0.0)
(31.058725, 26.109037, 0.0)
(30.827591, 26.095665, 0.0)
(30.685205, 26.086321, 0.0)
(30.521978, 26.063740, 0.0)
(30.392725, 26.031918, 0.0)
(29.070971, 26.082718, 0.0)
(28.541426, 26.053846, 0.0)
(28.377569, 26.006927, 0.0)
(28.256079, 25.986996, 0.0)
(28.161308, 25.995319, 0.0)
(26.266880, 26.131914, 0.0)
(25.994249, 26.145792, 0.0)
(25.919619, 26.171038, 0.0)
(25.821775, 26.148310, 0.0)
(25.758240, 26.185053, 0.0)
(25.693865, 26.128693, 0.0)
(25.624077, 26.072401, 0.0)
(25.528936, 26.078037, 0.0)
(25.440203, 26.094612, 0.0)
(23.762291, 26.426966, 0.0)
(23.546097, 26.534422, 0.0)
(23.533815, 26.551519, 0.0)
(23.516283, 26.554146, 0.0)
(23.514292, 26.526218, 0.0)
(23.499657, 26.498646, 0.0)
(23.422462, 26.513813, 0.0)
(23.154789, 26.590340, 0.0)
(22.539520, 26.638065, 0.0)
(22.448261, 26.643608, 0.0)
(22.456549, 26.646505, 0.0)
(22.443951, 26.637564, 0.0)
(22.456066, 26.587749, 0.0)
(22.514795, 26.546143, 0.0)
(22.501249, 26.190973, 0.0)
(22.455542, 25.829788, 0.0)
(22.460705, 25.698462, 0.0)
(22.491652, 25.643419, 0.0)
(22.532158, 25.577003, 0.0)
(24.098715, 25.642406, 0.0)
(24.459213, 25.560167, 0.0)
(24.635853, 25.480745, 0.0)
(24.848989, 25.444424, 0.0)
(25.043068, 25.352057, 0.0)
(25.256962, 25.326464, 0.0)
(25.502275, 25.273598, 0.0)
(25.720730, 25.200741, 0.0)
(27.292431, 25.409986, 0.0)
(27.633324, 25.396803, 0.0)
(27.853081, 25.435612, 0.0)
(28.117767, 25.426025, 0.0)
(28.273127, 25.409224, 0.0)
(28.559494, 25.390282, 0.0)
(28.788956, 25.377459, 0.0)
(29.016472, 25.382191, 0.0)
(29.307949, 25.400209, 0.0)
(29.559795, 25.379038, 0.0)
(30.784111, 25.571894, 0.0)
(31.398903, 25.529037, 0.0)
(31.609585, 25.559134, 0.0)
(31.841419, 25.591534, 0.0)
(32.010315, 25.575354, 0.0)
(32.222717, 25.609983, 0.0)
(32.701103, 25.681322, 0.0)
(33.742634, 25.676018, 0.0)
(33.943058, 25.678455, 0.0)
(34.079426, 25.734055, 0.0)
(34.227970, 25.724419, 0.0)
(34.362720, 25.756733, 0.0)
(35.454536, 26.051224, 0.0)
(35.930920, 26.173359, 0.0)
(36.045570, 26.199741, 0.0)
(36.133327, 26.190845, 0.0)
(36.178741, 26.203573, 0.0)
(37.470963, 26.650970, 0.0)
(37.959999, 26.718801, 0.0)
(38.036236, 26.785648, 0.0)
(38.050182, 26.767653, 0.0)
(38.059338, 26.766279, 0.0)
(38.063210, 26.757242, 0.0)
(38.081974, 26.710957, 0.0)
(38.101921, 26.709106, 0.0)
(38.130264, 26.729918, 0.0)
(38.248360, 26.804447, 0.0)
(38.649868, 26.724524, 0.0)
(38.727776, 26.709015, 0.0)
(38.735664, 26.719122, 0.0)
(38.717060, 26.705589, 0.0)
(38.672794, 26.718212, 0.0)
(38.669392, 26.650291, 0.0)
(38.668091, 26.598877, 0.0)
(38.664074, 26.533813, 0.0)
(38.654621, 26.472298, 0.0)
(38.656158, 26.421579, 0.0)
(38.626366, 26.380272, 0.0)
(38.582771, 26.336370, 0.0)
(37.436394, 25.940033, 0.0)
(37.319767, 25.890909, 0.0)
(37.214020, 25.775053, 0.0)
(37.017422, 25.701767, 0.0)
(36.853180, 25.706814, 0.0)
(36.748672, 25.663801, 0.0)
(36.582851, 25.612820, 0.0)
(36.413422, 25.532791, 0.0)
(35.131275, 25.356194, 0.0)
(34.865166, 25.258785, 0.0)
(34.652012, 25.226408, 0.0)
(34.451725, 25.163532, 0.0)
(34.230247, 25.124840, 0.0)
(34.037266, 25.075584, 0.0)
(33.793823, 24.991034, 0.0)
(33.605045, 24.978275, 0.0)
(33.443390, 24.933411, 0.0)
(32.247456, 24.859341, 0.0)
(32.001656, 24.800276, 0.0)
(31.829279, 24.841860, 0.0)
(31.599184, 24.793659, 0.0)
(31.453291, 24.750610, 0.0)
(30.095444, 24.738289, 0.0)
(29.768867, 24.740719, 0.0)
(29.630657, 24.705837, 0.0)
(29.447451, 24.679165, 0.0)
(29.280144, 24.719740, 0.0)
(28.202961, 24.871531, 0.0)
(27.362778, 24.911564, 0.0)
(27.176996, 24.902401, 0.0)
(27.011576, 24.873108, 0.0)
(26.886642, 24.892267, 0.0)
(26.742722, 24.895311, 0.0)
(25.023161, 25.242594, 0.0)
(24.067793, 25.383549, 0.0)
(23.938175, 25.429096, 0.0)
(23.888842, 25.403210, 0.0)
(23.844065, 25.386509, 0.0)
(23.787683, 25.404142, 0.0)
(23.762671, 25.379757, 0.0)
(22.901159, 25.662218, 0.0)
(22.609659, 25.716673, 0.0)
(22.593800, 25.698952, 0.0)
(22.585764, 25.689671, 0.0)
(22.574713, 25.705748, 0.0)
(22.582087, 25.724661, 0.0)
(22.561218, 25.710140, 0.0)
(22.566996, 25.706436, 0.0)
(22.570343, 25.662827, 0.0)
(22.569033, 25.609873, 0.0)
(22.573608, 25.538971, 0.0)
(22.590195, 25.504292, 0.0)
(23.077263, 24.822393, 0.0)
(23.172346, 24.711563, 0.0)
(23.186756, 24.723318, 0.0)
(23.218390, 24.703026, 0.0)
(23.301121, 24.616335, 0.0)
(23.393265, 24.543024, 0.0)
(23.525820, 24.476746, 0.0)
(23.723568, 24.380785, 0.0)
(23.928843, 24.330416, 0.0)
(25.389324, 24.462353, 0.0)
(25.794209, 24.471161, 0.0)
(26.123909, 24.459904, 0.0)
(26.480490, 24.440550, 0.0)
(26.791794, 24.414179, 0.0)
(27.137447, 24.346495, 0.0)
(27.417482, 24.320303, 0.0)
(27.722080, 24.301231, 0.0)
(28.012241, 24.271021, 0.0)
(28.268005, 24.227171, 0.0)
(28.566580, 24.245993, 0.0)
(28.841396, 24.245825, 0.0)
(29.096130, 24.247669, 0.0)
(29.764423, 24.249863, 0.0)
(30.793447, 24.114613, 0.0)
(31.057913, 24.139559, 0.0)
(31.286461, 24.142069, 0.0)
(31.424690, 24.136463, 0.0)
(31.643370, 24.164042, 0.0)
(32.684681, 24.196922, 0.0)
(33.144474, 24.254156, 0.0)
(33.339367, 24.294027, 0.0)
(33.461559, 24.296539, 0.0)
(33.591328, 24.316154, 0.0)
(33.728657, 24.344929, 0.0)
(34.935955, 24.722160, 0.0)
(35.630997, 24.825363, 0.0)
(35.759705, 24.860695, 0.0)
(35.876564, 24.924488, 0.0)
(35.966171, 24.966045, 0.0)
(36.034084, 24.973427, 0.0)
(36.142311, 24.995884, 0.0)
(36.610920, 25.191111, 0.0)
(37.278030, 25.426189, 0.0)
(37.397728, 25.482626, 0.0)
(37.464691, 25.510490, 0.0)
(37.512138, 25.521927, 0.0)
(37.939671, 25.700676, 0.0)
(38.458393, 25.823671, 0.0)
(38.538883, 25.827354, 0.0)
(38.550125, 25.812181, 0.0)
(38.597748, 25.811668, 0.0)
(38.546021, 25.849705, 0.0)
(38.264965, 24.857466, 0.0)
(38.215466, 24.540091, 0.0)
(38.251759, 24.569304, 0.0)
(38.288151, 24.626942, 0.0)
(38.281956, 24.583660, 0.0)
(38.255741, 24.535442, 0.0)
(38.228069, 24.470755, 0.0)
(38.150501, 24.455215, 0.0)
(37.558929, 24.814915, 0.0)
(37.417912, 24.867458, 0.0)
(37.308636, 24.852421, 0.0)
(37.165825, 24.807211, 0.0)
(36.987602, 24.691410, 0.0)
(36.813461, 24.655554, 0.0)
(36.654011, 24.509102, 0.0)
(36.515656, 24.406178, 0.0)
(35.066525, 24.102493, 0.0)
(34.836334, 24.042637, 0.0)
(34.653252, 23.974054, 0.0)
(34.395393, 23.867823, 0.0)
(34.247261, 23.862226, 0.0)
(34.070030, 23.765036, 0.0)
(33.887409, 23.674374, 0.0)
(33.738796, 23.640022, 0.0)
(32.470375, 23.520067, 0.0)
(32.184639, 23.501705, 0.0)
(32.035812, 23.473808, 0.0)
(31.856426, 23.475119, 0.0)
(31.649771, 23.428337, 0.0)
(31.393143, 23.433510, 0.0)
(30.002741, 23.519327, 0.0)
(29.756325, 23.496103, 0.0)
(29.581598, 23.485262, 0.0)
(29.391300, 23.504417, 0.0)
(29.262712, 23.509586, 0.0)
(27.716047, 23.541552, 0.0)
(27.113813, 23.575830, 0.0)
(26.940790, 23.560740, 0.0)
(26.868477, 23.542513, 0.0)
(26.729361, 23.559404, 0.0)
(26.668007, 23.534794, 0.0)
(25.313904, 23.818333, 0.0)
(24.133154, 23.999809, 0.0)
(23.934347, 24.022032, 0.0)
(23.902023, 23.989614, 0.0)
(23.864208, 23.998438, 0.0)
(23.850719, 23.980299, 0.0)
(23.794411, 23.980402, 0.0)
(22.558779, 24.428619, 0.0)
(22.368683, 24.511805, 0.0)
(22.372025, 24.514889, 0.0)
(22.351336, 24.526169, 0.0)
(22.346670, 24.516283, 0.0)
(22.324884, 24.504930, 0.0)
(22.363556, 24.463610, 0.0)
(22.380934, 24.472456, 0.0)
(22.399439, 24.472914, 0.0)
(22.384796, 24.487194, 0.0)
(22.407850, 24.479115, 0.0)
(22.442356, 24.461985, 0.0)
(22.444769, 24.448427, 0.0)
(22.496614, 24.435787, 0.0)
(22.532318, 24.372726, 0.0)
(22.610304, 24.308474, 0.0)
(22.718119, 24.280533, 0.0)
(24.149313, 23.786711, 0.0)
(24.697880, 23.687166, 0.0)
(25.014250, 23.581087, 0.0)
(25.307276, 23.511925, 0.0)
(25.571712, 23.470402, 0.0)
(25.909130, 23.337965, 0.0)
(26.130384, 23.270102, 0.0)
(26.378683, 23.223927, 0.0)
(26.667711, 23.210966, 0.0)
(26.945353, 23.149410, 0.0)
(27.217299, 23.132004, 0.0)
(27.500969, 23.121099, 0.0)
(27.767132, 23.078978, 0.0)
(28.040627, 23.002184, 0.0)
(29.275600, 22.956202, 0.0)
(29.822937, 22.939884, 0.0)
(30.097702, 22.936249, 0.0)
(30.401169, 22.961424, 0.0)
(30.627319, 22.954250, 0.0)
(30.872757, 22.991409, 0.0)
(31.089487, 22.973431, 0.0)
(31.374477, 23.005547, 0.0)
(32.767078, 23.175070, 0.0)
(33.012623, 23.202511, 0.0)
(33.239956, 23.234531, 0.0)
(33.380787, 23.280062, 0.0)
(33.502701, 23.254826, 0.0)
(33.799458, 23.347149, 0.0)
(35.425613, 23.795856, 0.0)
(35.663059, 23.904694, 0.0)
(35.688019, 23.924974, 0.0)
(35.705715, 23.960230, 0.0)
(35.854630, 24.037050, 0.0)
(37.457729, 24.639904, 0.0)
(37.699467, 24.724731, 0.0)
(37.776909, 24.724730, 0.0)
(37.804176, 24.721165, 0.0)
(37.833385, 24.716860, 0.0)
(37.873775, 24.686216, 0.0)
(37.915314, 24.703939, 0.0)
(37.931927, 24.755304, 0.0)
(38.225319, 24.786551, 0.0)
(38.503426, 24.725891, 0.0)
(38.540771, 24.714781, 0.0)
(38.522224, 24.693707, 0.0)
(38.548595, 24.701744, 0.0)
(38.568890, 24.663328, 0.0)
(38.575722, 24.661098, 0.0)
(38.558422, 24.636236, 0.0)
(38.563644, 24.598589, 0.0)
(38.535358, 24.544643, 0.0)
(38.477448, 24.484257, 0.0)
(38.064175, 23.937094, 0.0)
(38.049908, 23.682074, 0.0)
(38.031612, 23.610075, 0.0)
(37.986336, 23.531435, 0.0)
(37.926018, 23.465036, 0.0)
(37.818108, 23.374153, 0.0)
(37.751923, 23.340578, 0.0)
(37.623039, 23.290609, 0.0)
(37.506126, 23.216253, 0.0)
(37.395943, 23.172619, 0.0)
(36.128494, 23.066835, 0.0)
(35.895546, 23.017687, 0.0)
(35.754875, 22.870020, 0.0)
(35.560234, 22.816755, 0.0)
(35.405052, 22.778330, 0.0)
(35.254551, 22.731897, 0.0)
(35.119171, 22.661568, 0.0)
(34.950359, 22.695009, 0.0)
(34.391563, 22.516031, 0.0)
(33.541428, 23.793762, 0.0)
(32.480412, 22.671551, 0.0)
(32.365788, 22.339630, 0.0)
(32.323936, 22.373823, 0.0)
(32.218140, 22.442865, 0.0)
(31.940535, 22.525368, 0.0)
(30.329992, 22.521130, 0.0)
(30.055761, 22.523466, 0.0)
(29.854631, 22.471287, 0.0)
(29.604321, 22.427265, 0.0)
(29.434118, 22.462746, 0.0)
(29.119427, 22.497166, 0.0)
(27.793066, 22.565674, 0.0)
(27.554937, 22.638494, 0.0)
(27.449711, 22.636793, 0.0)
(27.349981, 22.621786, 0.0)
(27.242323, 22.564920, 0.0)
(25.623629, 22.948681, 0.0)
(25.272781, 23.044416, 0.0)
(25.159544, 23.056292, 0.0)
(25.052734, 23.111031, 0.0)
(24.944521, 23.152752, 0.0)
(24.531107, 23.275740, 0.0)
(23.197096, 23.624495, 0.0)
(23.001293, 23.710493, 0.0)
(22.934690, 23.681684, 0.0)
(22.886662, 23.689581, 0.0)
(22.861069, 23.673630, 0.0)
(22.839653, 23.693584, 0.0)
(22.832520, 23.644754, 0.0)
(22.838047, 23.633179, 0.0)
(22.772799, 23.591946, 0.0)
(22.609419, 23.094782, 0.0)
(22.630585, 22.985788, 0.0)
(22.641127, 22.957064, 0.0)
(22.657913, 22.955935, 0.0)
(22.686928, 22.837170, 0.0)
(22.731638, 22.764772, 0.0)
(22.778765, 22.732119, 0.0)
(22.841709, 22.655764, 0.0)
(22.911970, 22.649406, 0.0)
(23.006485, 22.616501, 0.0)
(23.168959, 22.563395, 0.0)
(23.292824, 22.487938, 0.0)
(23.452663, 22.426771, 0.0)
(24.568424, 22.574232, 0.0)
(24.977901, 22.527773, 0.0)
(25.302692, 22.421347, 0.0)
(25.590590, 22.384012, 0.0)
(25.912746, 22.308920, 0.0)
(26.155067, 22.223635, 0.0)
(26.463026, 22.152813, 0.0)
(27.873306, 22.001980, 0.0)
(28.211226, 21.953733, 0.0)
(28.435556, 21.875168, 0.0)
(28.642664, 21.844301, 0.0)
(28.840448, 21.831696, 0.0)
(29.044920, 21.813902, 0.0)
(29.695780, 21.823759, 0.0)
(30.886017, 21.884775, 0.0)
(31.195240, 21.904881, 0.0)
(31.370428, 21.872818, 0.0)
(31.567137, 21.925365, 0.0)
(33.015030, 22.099781, 0.0)
(33.572422, 22.211922, 0.0)
(33.767616, 22.202805, 0.0)
(33.916439, 22.211819, 0.0)
(34.091892, 22.251934, 0.0)
(34.237904, 22.274355, 0.0)
(34.396263, 22.276691, 0.0)
(34.567089, 22.329803, 0.0)
(34.999733, 22.456331, 0.0)
(36.190620, 22.814711, 0.0)
(36.668800, 23.392555, 0.0)
(36.822105, 23.183167, 0.0)
(36.949474, 23.128361, 0.0)
(37.021458, 23.222317, 0.0)
(37.093327, 23.281561, 0.0)
(37.204319, 23.383518, 0.0)
(37.444748, 23.557423, 0.0)
(38.525684, 24.200710, 0.0)
(38.632469, 24.269762, 0.0)
(38.625587, 24.245520, 0.0)
(38.650978, 24.246778, 0.0)
(38.682079, 24.232000, 0.0)
(38.679207, 24.216763, 0.0)
(38.673050, 24.205935, 0.0)
(38.689102, 24.215460, 0.0)
(38.708988, 24.175606, 0.0)
(38.670349, 24.153997, 0.0)
(38.689632, 24.103285, 0.0)
(38.660343, 24.075197, 0.0)
(38.628517, 24.067831, 0.0)
(38.602325, 24.013676, 0.0)
(38.592316, 23.914932, 0.0)
(38.403149, 23.818731, 0.0)
(38.057098, 23.282156, 0.0)
(37.824242, 22.791117, 0.0)
(37.758083, 22.831339, 0.0)
(37.691849, 22.875668, 0.0)
(37.521133, 22.810444, 0.0)
(36.474251, 22.488453, 0.0)
(36.213062, 22.420343, 0.0)
(36.006950, 22.310398, 0.0)
(35.806587, 22.214407, 0.0)
(35.578384, 22.145721, 0.0)
(35.373997, 22.060619, 0.0)
(35.181362, 21.948410, 0.0)
(34.726933, 21.901678, 0.0)
(33.866207, 21.666210, 0.0)
(33.606495, 21.592484, 0.0)
(33.310417, 21.511766, 0.0)
(33.029831, 21.419720, 0.0)
(32.753738, 21.384039, 0.0)
(32.536209, 21.353615, 0.0)
(32.291790, 21.298666, 0.0)
(31.148483, 21.303968, 0.0)
(30.824364, 21.320154, 0.0)
(30.615259, 21.316416, 0.0)
(30.420900, 21.314127, 0.0)
(30.211313, 21.297146, 0.0)
(29.951237, 21.282513, 0.0)
(28.608864, 21.316673, 0.0)
(28.358536, 21.314873, 0.0)
(28.172709, 21.305849, 0.0)
(27.960804, 21.304676, 0.0)
(26.838797, 21.572172, 0.0)
(25.725281, 21.778542, 0.0)
(25.465464, 21.794889, 0.0)
(25.292141, 21.786030, 0.0)
(25.183020, 21.812737, 0.0)
(25.053751, 21.863123, 0.0)
(24.920105, 21.887039, 0.0)
(23.529020, 22.311064, 0.0)
(23.027771, 22.366922, 0.0)
(22.925819, 22.326069, 0.0)
(22.874651, 22.331215, 0.0)
(22.846037, 22.360771, 0.0)
(22.814863, 22.336264, 0.0)
(22.772480, 22.319578, 0.0)
(22.761461, 22.337795, 0.0)
(22.040623, 22.603384, 0.0)
(21.791929, 22.657572, 0.0)
(21.805208, 22.636217, 0.0)
(21.825253, 22.639921, 0.0)
(21.849670, 22.642643, 0.0)
(21.872913, 22.624321, 0.0)
(21.912718, 22.599630, 0.0)
(21.948114, 22.552481, 0.0)
(21.992630, 22.480124, 0.0)
(22.053499, 22.399584, 0.0)
(22.822870, 21.921503, 0.0)
(23.109541, 21.784010, 0.0)
(23.212341, 21.723078, 0.0)
(23.426264, 21.674732, 0.0)
(23.580078, 21.576586, 0.0)
(23.803076, 21.448456, 0.0)
(24.136221, 21.340704, 0.0)
(24.416813, 21.259766, 0.0)
(24.794907, 21.159561, 0.0)
(25.131187, 21.068695, 0.0)
(25.415089, 21.026367, 0.0)
(25.855473, 20.907742, 0.0)
(27.289951, 20.861336, 0.0)
(27.644630, 20.832476, 0.0)
(27.865093, 20.795597, 0.0)
(28.142076, 20.745676, 0.0)
(28.408340, 20.702282, 0.0)
(28.610647, 20.670691, 0.0)
(28.875633, 20.650118, 0.0)
(29.142990, 20.630505, 0.0)
(30.124430, 20.677401, 0.0)
(30.737196, 20.751797, 0.0)
(31.065468, 20.712584, 0.0)
(31.286541, 20.709576, 0.0)
(31.517920, 20.720512, 0.0)
(32.348885, 20.859890, 0.0)
(33.068111, 20.943823, 0.0)
(33.281433, 20.992504, 0.0)
(33.478523, 20.979923, 0.0)
(33.666824, 21.011227, 0.0)
(33.793934, 21.034420, 0.0)
(35.071526, 21.378546, 0.0)
(35.599072, 21.593634, 0.0)
(35.768631, 21.628645, 0.0)
(35.847073, 21.669725, 0.0)
(35.931664, 21.721710, 0.0)
(36.023018, 21.741606, 0.0)
(36.112553, 21.798170, 0.0)
(36.636414, 22.101496, 0.0)
(38.046955, 22.917835, 0.0)
(38.197933, 22.954468, 0.0)
(38.236893, 22.976404, 0.0)
(38.320564, 23.015703, 0.0)
(38.328793, 23.004543, 0.0)
(38.348248, 23.014416, 0.0)
(38.362617, 22.983810, 0.0)
(38.540478, 23.087900, 0.0)
(38.770470, 23.122990, 0.0)
(38.780499, 23.069653, 0.0)
(38.785461, 23.000530, 0.0)
(38.781391, 22.992462, 0.0)
(38.755421, 22.926163, 0.0)
(38.628643, 22.948376, 0.0)
(38.389473, 21.785580, 0.0)
(38.227360, 21.532339, 0.0)
(38.213459, 21.707243, 0.0)
(38.203312, 21.700201, 0.0)
(38.173470, 21.690647, 0.0)
(38.098946, 21.604782, 0.0)
(38.004551, 21.593531, 0.0)
(35.655926, 21.340443, 0.0)
(35.376675, 20.724026, 0.0)
(35.251972, 20.683401, 0.0)
(35.177826, 20.740118, 0.0)
(35.085026, 20.716246, 0.0)
(34.947155, 20.698393, 0.0)
(34.744427, 20.670908, 0.0)
(34.637318, 20.630646, 0.0)
(34.391781, 20.532845, 0.0)
(33.093536, 20.277103, 0.0)
(32.807114, 20.222820, 0.0)
(32.652115, 20.171101, 0.0)
(32.462429, 20.165644, 0.0)
(32.226444, 20.116240, 0.0)
(32.105171, 20.080379, 0.0)
(31.908442, 20.031200, 0.0)
(31.587488, 19.966034, 0.0)
(30.063770, 19.899256, 0.0)
(29.793207, 19.875538, 0.0)
(29.657940, 19.880026, 0.0)
(29.510958, 19.845093, 0.0)
(29.387928, 19.840393, 0.0)
(29.307360, 19.849789, 0.0)
(28.731447, 19.949142, 0.0)
(26.496853, 20.246725, 0.0)
(26.301676, 20.238966, 0.0)
(26.199387, 20.219402, 0.0)
(26.068439, 20.227026, 0.0)
(25.984869, 20.234278, 0.0)
(25.919483, 20.277248, 0.0)
(24.360153, 20.957214, 0.0)
(23.268089, 21.348820, 0.0)
(23.028902, 21.393745, 0.0)
(23.013885, 21.365881, 0.0)
(22.978518, 21.357979, 0.0)
(22.931988, 21.367786, 0.0)
(22.800861, 21.424519, 0.0)
(22.005638, 21.767231, 0.0)
(21.940929, 21.770889, 0.0)
(21.958063, 21.773214, 0.0)
(21.986807, 21.751673, 0.0)
(21.980675, 21.742838, 0.0)
(21.909208, 21.546251, 0.0)
(21.921322, 21.526779, 0.0)
(22.149719, 20.938219, 0.0)
(22.444824, 20.941757, 0.0)
(22.540226, 20.937050, 0.0)
(22.650579, 20.899557, 0.0)
(22.734657, 20.815029, 0.0)
(22.828741, 20.746967, 0.0)
(22.984131, 20.645958, 0.0)
(23.083925, 20.601364, 0.0)
(23.267738, 20.501099, 0.0)
(23.400431, 20.449202, 0.0)
(23.589767, 20.383238, 0.0)
(23.830826, 20.276350, 0.0)
(24.014656, 20.182722, 0.0)
(24.225155, 20.052898, 0.0)
(25.482523, 19.886600, 0.0)
(25.950867, 19.846539, 0.0)
(26.201698, 19.759014, 0.0)
(26.499290, 19.666292, 0.0)
(26.790798, 19.623434, 0.0)
(27.038479, 19.540861, 0.0)
(27.275974, 19.524769, 0.0)
(27.493982, 19.465433, 0.0)
(28.466551, 19.372211, 0.0)
(29.202644, 19.257622, 0.0)
(29.452322, 19.257828, 0.0)
(29.683769, 19.270252, 0.0)
(29.927034, 19.277761, 0.0)
(30.498163, 19.318539, 0.0)
(31.685675, 19.409708, 0.0)
(31.952721, 19.426836, 0.0)
(32.166771, 19.461926, 0.0)
(32.363171, 19.485584, 0.0)
(32.529491, 19.546482, 0.0)
(33.213764, 19.710476, 0.0)
(33.809162, 19.848730, 0.0)
(33.982853, 19.902786, 0.0)
(34.143055, 19.919348, 0.0)
(34.261673, 19.921167, 0.0)
(34.354774, 19.909946, 0.0)
(35.438759, 20.403948, 0.0)
(35.754246, 20.548805, 0.0)
(35.846027, 20.608244, 0.0)
(35.890450, 20.664522, 0.0)
(36.623787, 20.971521, 0.0)
(37.653706, 21.551048, 0.0)
(37.804264, 21.645977, 0.0)
(37.850872, 21.635399, 0.0)
(37.892731, 21.627939, 0.0)
(37.911346, 21.565281, 0.0)
(37.960621, 21.566864, 0.0)
(38.110596, 21.725437, 0.0)
(38.763878, 22.242622, 0.0)
(38.803165, 22.304453, 0.0)
(38.789806, 22.264654, 0.0)
(38.777954, 22.222832, 0.0)
(38.780926, 22.207693, 0.0)
(38.760265, 22.171267, 0.0)
(38.704792, 22.147310, 0.0)
(38.677723, 22.122452, 0.0)
(38.646240, 22.081903, 0.0)
(38.621437, 21.970989, 0.0)
(38.321922, 21.543438, 0.0)
(38.065468, 21.104073, 0.0)
(38.009151, 20.982693, 0.0)
(37.919552, 20.939571, 0.0)
(37.804844, 20.827669, 0.0)
(36.944386, 20.391933, 0.0)
(36.558701, 20.286928, 0.0)
(36.358410, 20.152609, 0.0)
(36.153797, 20.001013, 0.0)
(35.939102, 19.868546, 0.0)
(35.724525, 19.756191, 0.0)
(35.507137, 19.665403, 0.0)
(35.255054, 19.502914, 0.0)
(35.046532, 19.423935, 0.0)
(34.828156, 19.312149, 0.0)
(34.586529, 19.269997, 0.0)
(34.029064, 19.596338, 0.0)
(32.663414, 19.428965, 0.0)
(32.357086, 18.799311, 0.0)
(32.179974, 18.811365, 0.0)
(31.938480, 18.821428, 0.0)
(31.681784, 18.763861, 0.0)
(31.421864, 18.709862, 0.0)
(31.180784, 18.675966, 0.0)
(30.904617, 18.634541, 0.0)
(30.660326, 18.596041, 0.0)
(30.443954, 18.586391, 0.0)
(29.339596, 18.900000, 0.0)
(28.899120, 18.933693, 0.0)
(28.672663, 18.901098, 0.0)
(28.340986, 18.914442, 0.0)
(25.900202, 19.595695, 0.0)
(25.778088, 19.263390, 0.0)
(25.723728, 19.317347, 0.0)
(25.659468, 19.395542, 0.0)
(25.548033, 19.472301, 0.0)
(25.422388, 19.534643, 0.0)
(25.339346, 19.565174, 0.0)
(25.294630, 19.595636, 0.0)
(24.101801, 20.014652, 0.0)
(23.748724, 20.085974, 0.0)
(23.688007, 20.104048, 0.0)
(23.632975, 20.115427, 0.0)
(23.570650, 20.174858, 0.0)
(23.510555, 20.181969, 0.0)
(22.520557, 20.591116, 0.0)
(22.359081, 20.680872, 0.0)
(22.367580, 20.665895, 0.0)
(22.346096, 20.642136, 0.0)
(22.305145, 20.621298, 0.0)
(22.340435, 20.631889, 0.0)
(22.356773, 20.647087, 0.0)
(22.387108, 20.646648, 0.0)
(22.410849, 20.576881, 0.0)
(22.080667, 20.473320, 0.0)
(22.086716, 20.423462, 0.0)
(22.154619, 20.332584, 0.0)
(22.220779, 20.253300, 0.0)
(22.356094, 20.156214, 0.0)
(23.699551, 19.663643, 0.0)
(23.984928, 19.542336, 0.0)
(24.210123, 19.426369, 0.0)
(24.443689, 19.316671, 0.0)
(24.755920, 19.132252, 0.0)
(25.108345, 18.985821, 0.0)
(25.350672, 18.906559, 0.0)
(25.658613, 18.781404, 0.0)
(27.090071, 18.597746, 0.0)
(27.466709, 18.567539, 0.0)
(27.726702, 18.454897, 0.0)
(27.961132, 18.422277, 0.0)
(28.178268, 18.395987, 0.0)
(28.435289, 18.349154, 0.0)
(28.644743, 18.318760, 0.0)
(28.909101, 18.284365, 0.0)
(29.127678, 18.272934, 0.0)
(30.207489, 18.342911, 0.0)
(31.093641, 18.415754, 0.0)
(31.331118, 18.433434, 0.0)
(31.481413, 18.461538, 0.0)
(31.715315, 18.420101, 0.0)
(31.912777, 18.480551, 0.0)
(32.090569, 18.481455, 0.0)
(33.795128, 18.924446, 0.0)
(34.093437, 19.023348, 0.0)
(34.263382, 19.031242, 0.0)
(34.395462, 19.070538, 0.0)
(34.505558, 19.088167, 0.0)
(34.639008, 19.159847, 0.0)
(34.728104, 19.216333, 0.0)
(34.816746, 19.236250, 0.0)
(35.437084, 19.507692, 0.0)
(36.289871, 19.818417, 0.0)
(36.473663, 19.847641, 0.0)
(36.566036, 19.870258, 0.0)
(37.801506, 20.752455, 0.0)
(38.177513, 21.053434, 0.0)
(38.223915, 21.023464, 0.0)
(38.241062, 21.057024, 0.0)
(38.230331, 21.053476, 0.0)
(38.223915, 21.023464, 0.0)
(38.224251, 20.993406, 0.0)
(38.229599, 20.995960, 0.0)
(38.608952, 21.272987, 0.0)
(38.694530, 21.330906, 0.0)
(38.699642, 21.352583, 0.0)
(38.676167, 21.300179, 0.0)
(38.635380, 21.265461, 0.0)
(38.612846, 21.260246, 0.0)
(38.579758, 21.206631, 0.0)
(38.536148, 21.125204, 0.0)
(38.473988, 21.076418, 0.0)
(38.298855, 20.294600, 0.0)
(37.720341, 19.779028, 0.0)
(37.225990, 19.934902, 0.0)
(37.188484, 19.971859, 0.0)
(37.159054, 19.889231, 0.0)
(37.067184, 19.854349, 0.0)
(36.929550, 19.715088, 0.0)
(36.835606, 19.626625, 0.0)
(36.668110, 19.512180, 0.0)
(35.278099, 19.091787, 0.0)
(35.014359, 18.974606, 0.0)
(34.827229, 18.888399, 0.0)
(34.596031, 18.799643, 0.0)
(34.354904, 18.683582, 0.0)
(34.152767, 18.562088, 0.0)
(33.905289, 18.464926, 0.0)
(33.735046, 18.433693, 0.0)
(33.474377, 18.370472, 0.0)
(32.264530, 18.241323, 0.0)
(32.004723, 18.212242, 0.0)
(31.795868, 18.149292, 0.0)
(31.513027, 18.094137, 0.0)
(31.315685, 18.031803, 0.0)
(31.062157, 18.009558, 0.0)
(30.811581, 17.947044, 0.0)
(30.589844, 17.891943, 0.0)
(30.366287, 17.894062, 0.0)
(30.179350, 17.939442, 0.0)
(28.862799, 18.059811, 0.0)
(28.386698, 18.153597, 0.0)
(28.173025, 18.129787, 0.0)
(27.930279, 18.192619, 0.0)
(27.716806, 18.206131, 0.0)
(27.390289, 18.232065, 0.0)
(24.898211, 18.934172, 0.0)
(24.367781, 19.090496, 0.0)
(24.217451, 19.083847, 0.0)
(24.118622, 19.067112, 0.0)
(24.028706, 19.101803, 0.0)
(23.965836, 19.079346, 0.0)
(23.884813, 19.140476, 0.0)
(23.823673, 19.182577, 0.0)
(23.772526, 19.234388, 0.0)
(22.660156, 19.793318, 0.0)
(22.456564, 19.859978, 0.0)
(22.374363, 19.835295, 0.0)
(22.176090, 19.749832, 0.0)
(22.296587, 19.766329, 0.0)
(22.367655, 19.743206, 0.0)
(22.371630, 19.739174, 0.0)
(22.389059, 19.743025, 0.0)
(22.402973, 19.742418, 0.0)
(22.423271, 19.740833, 0.0)
(22.436100, 19.743828, 0.0)
(22.460682, 19.714605, 0.0)
(22.537439, 19.687532, 0.0)
(22.557388, 19.651281, 0.0)
(22.593590, 19.608967, 0.0)
(22.659925, 19.546930, 0.0)
(22.731466, 19.527205, 0.0)
(22.818382, 19.290270, 0.0)
(23.628252, 19.110577, 0.0)
(24.018358, 18.546888, 0.0)
(24.232470, 18.503330, 0.0)
(24.437540, 18.494972, 0.0)
(24.658960, 18.471933, 0.0)
(24.900604, 18.420444, 0.0)
(25.144686, 18.319736, 0.0)
(26.130018, 18.134035, 0.0)
(26.842882, 18.022598, 0.0)
(27.184814, 17.925987, 0.0)
(27.440182, 17.890909, 0.0)
(27.699970, 17.837616, 0.0)
(27.997164, 17.816988, 0.0)
(28.231489, 17.812929, 0.0)
(28.537844, 17.792669, 0.0)
(28.790245, 17.776476, 0.0)
(30.314745, 17.829201, 0.0)
(30.830601, 17.861046, 0.0)
(31.057608, 17.838448, 0.0)
(31.322109, 17.824856, 0.0)
(31.546381, 17.819555, 0.0)
(31.766806, 17.791836, 0.0)
(31.993610, 17.823711, 0.0)
(32.158394, 17.838745, 0.0)
(33.238003, 18.053495, 0.0)
(33.982292, 18.192324, 0.0)
(34.207085, 18.235767, 0.0)
(34.348969, 18.251328, 0.0)
(34.495232, 18.282063, 0.0)
(34.664074, 18.329203, 0.0)
(36.771973, 19.485086, 0.0)
(37.103390, 19.655512, 0.0)
(37.164562, 19.682261, 0.0)
(37.164562, 19.682261, 0.0)
(37.214779, 19.675482, 0.0)
(37.238678, 19.712717, 0.0)
(37.246243, 19.700308, 0.0)
(38.088463, 20.453512, 0.0)
(38.368145, 20.742563, 0.0)
(38.345932, 20.725613, 0.0)
(38.325611, 20.704273, 0.0)
(38.313515, 20.669605, 0.0)
(38.297634, 20.612181, 0.0)
(38.266022, 20.570478, 0.0)
(38.261597, 20.570765, 0.0)
(38.245640, 20.537590, 0.0)
(38.232292, 20.507568, 0.0)
(38.202343, 20.455900, 0.0)
(38.197731, 20.448671, 0.0)
(38.150288, 20.443956, 0.0)
(38.142349, 20.433256, 0.0)
(38.128769, 20.439909, 0.0)
(38.138416, 20.464472, 0.0)
(38.112877, 20.448980, 0.0)
(38.088631, 20.421392, 0.0)
(38.078503, 20.409670, 0.0)
(38.284706, 20.964964, 0.0)
(38.570190, 21.885164, 0.0)
(38.659817, 22.337177, 0.0)
(38.694191, 22.387161, 0.0)
(38.707615, 22.397209, 0.0)
(38.726223, 22.458742, 0.0)
(38.719486, 22.503080, 0.0)
(38.739910, 22.557962, 0.0)
(38.735050, 22.582937, 0.0)
(38.682705, 22.635620, 0.0)
(38.759071, 23.736412, 0.0)
(38.765705, 24.574360, 0.0)
(38.795094, 24.689077, 0.0)
(38.785057, 24.710409, 0.0)
(38.776394, 24.773663, 0.0)
(38.786034, 24.807505, 0.0)
(38.794453, 24.863564, 0.0)
(38.807400, 24.926020, 0.0)
(38.809589, 24.975267, 0.0)
(38.829948, 25.043364, 0.0)
(38.827408, 25.069616, 0.0)
(38.824501, 25.083992, 0.0)
(38.879105, 25.147341, 0.0)
(38.861565, 25.173733, 0.0)
(39.013283, 25.837948, 0.0)
(38.939564, 27.246088, 0.0)
(38.918388, 27.360104, 0.0)
(38.910870, 27.339417, 0.0)
(38.877598, 27.340998, 0.0)
(38.837093, 27.348763, 0.0)
(38.802597, 27.380259, 0.0)
(38.769859, 27.378080, 0.0)
(38.743553, 27.382326, 0.0)
(38.721413, 27.406715, 0.0)
(38.721146, 27.421116, 0.0)
(38.685104, 27.425901, 0.0)
(38.615837, 27.923109, 0.0)
(38.499363, 28.557760, 0.0)
(38.455307, 28.623549, 0.0)
(38.430637, 28.672596, 0.0)
(38.421967, 28.651442, 0.0)
(38.391464, 28.665562, 0.0)
(38.342571, 28.691223, 0.0)
(38.300663, 28.635441, 0.0)
(38.276844, 28.608297, 0.0)
(38.247356, 28.596424, 0.0)
(38.224293, 28.594507, 0.0)
(38.186150, 28.531738, 0.0)
(38.140598, 28.525751, 0.0)
(38.137760, 28.494160, 0.0)
(38.079426, 28.412952, 0.0)
(38.055130, 28.366282, 0.0)
(37.990356, 28.334909, 0.0)
(37.937992, 28.265734, 0.0)
(37.843136, 28.188154, 0.0)
(37.741726, 28.148531, 0.0)
(37.698856, 28.161551, 0.0)
(37.651001, 28.101177, 0.0)
(37.619785, 28.027239, 0.0)
(37.598152, 27.961435, 0.0)
(38.137798, 27.196257, 0.0)
(38.339588, 26.883162, 0.0)
(38.368290, 26.750259, 0.0)
(38.395485, 26.595587, 0.0)
(38.425655, 26.475805, 0.0)
(38.427105, 26.324326, 0.0)
(38.433132, 26.198580, 0.0)
(38.469872, 26.050949, 0.0)
(38.468716, 25.888767, 0.0)
(38.671589, 24.977024, 0.0)
(38.756935, 24.738192, 0.0)
(38.794392, 24.653664, 0.0)
(38.774616, 24.556438, 0.0)
(38.775761, 24.434504, 0.0)
(38.766293, 24.313902, 0.0)
(38.820381, 24.254131, 0.0)
(38.843929, 24.084303, 0.0)
(38.848335, 23.987106, 0.0)
(38.839977, 23.850613, 0.0)
(38.820297, 23.740238, 0.0)
(38.830944, 23.577127, 0.0)
(38.844830, 23.520569, 0.0)
(38.846619, 23.402496, 0.0)
(38.777996, 23.225616, 0.0)
(38.645290, 22.510952, 0.0)
(38.608555, 22.188923, 0.0)
(38.599915, 22.129906, 0.0)
(38.586193, 22.036392, 0.0)
(38.584404, 21.948509, 0.0)
(38.560753, 21.852497, 0.0)
(38.573551, 21.803776, 0.0)
(38.433216, 21.421339, 0.0)
(38.216549, 20.727503, 0.0)
(38.171261, 20.562590, 0.0)
(38.105053, 20.448208, 0.0)
(38.090210, 20.401449, 0.0)
(38.076607, 20.393576, 0.0)
(38.048252, 20.339130, 0.0)
(38.053181, 20.274872, 0.0)
(38.038280, 20.224957, 0.0)
(38.053741, 20.201351, 0.0)
(38.049492, 20.151426, 0.0)
(38.032028, 20.089464, 0.0)
(38.020344, 20.094542, 0.0)
(38.030262, 20.115065, 0.0)
(38.024845, 20.113897, 0.0)
(38.024845, 20.113897, 0.0)
(38.021271, 20.123417, 0.0)
(38.004955, 20.123753, 0.0)
(38.019032, 20.155817, 0.0)
(38.007473, 20.161495, 0.0)
(37.991833, 20.140976, 0.0)
(37.763229, 20.237654, 0.0)
(37.759686, 20.578724, 0.0)
(37.816475, 20.667307, 0.0)
(37.790359, 20.751783, 0.0)
(37.771191, 21.233816, 0.0)
(37.951298, 22.871145, 0.0)
(37.992729, 23.116184, 0.0)
(38.027637, 23.197916, 0.0)
(38.043503, 23.302935, 0.0)
(38.077976, 23.335054, 0.0)
(38.099945, 23.435375, 0.0)
(38.122417, 23.472963, 0.0)
(38.182659, 23.593845, 0.0)
(38.209564, 23.639721, 0.0)
(38.238152, 23.695105, 0.0)
(38.255775, 23.718115, 0.0)
(38.266907, 23.735455, 0.0)
(38.284756, 23.736832, 0.0)
(38.294189, 23.778807, 0.0)
(38.299461, 23.816689, 0.0)
(38.307167, 23.860819, 0.0)
(38.307602, 23.903379, 0.0)
(38.319118, 23.940203, 0.0)
(38.288586, 23.961664, 0.0)
(38.452679, 25.374832, 0.0)
(38.410484, 25.623821, 0.0)
(38.402290, 25.620325, 0.0)
(38.388519, 25.650362, 0.0)
(38.369862, 25.691814, 0.0)
(38.330353, 25.718910, 0.0)
(38.284534, 25.749102, 0.0)
(38.267349, 25.793827, 0.0)
(38.256657, 25.800964, 0.0)
(38.205978, 25.824680, 0.0)
(38.166874, 25.964558, 0.0)
(37.988758, 27.725565, 0.0)
(37.863472, 27.971266, 0.0)
(37.802288, 27.962112, 0.0)
(37.785725, 27.945618, 0.0)
(37.768963, 27.929468, 0.0)
(37.765812, 27.898842, 0.0)
(37.757137, 27.906395, 0.0)
(37.745132, 27.887337, 0.0)
(37.739841, 27.877399, 0.0)
(37.719902, 27.878695, 0.0)
(37.686539, 27.892748, 0.0)
(37.671394, 27.875990, 0.0)
(37.375473, 27.993359, 0.0)
(37.346481, 28.016665, 0.0)
(37.355606, 27.877581, 0.0)
(37.345730, 27.857431, 0.0)
(37.323528, 27.824038, 0.0)
(37.308735, 27.755346, 0.0)
(37.290504, 27.656704, 0.0)
(37.237865, 27.585995, 0.0)
(37.220440, 27.383200, 0.0)
(37.207245, 27.270113, 0.0)
(37.205616, 27.127913, 0.0)
(37.189354, 26.967821, 0.0)
(37.203449, 26.892195, 0.0)
(37.203899, 26.711575, 0.0)
(37.234821, 26.560093, 0.0)
(37.247097, 26.421768, 0.0)
(37.280731, 26.277514, 0.0)
(37.285252, 26.150112, 0.0)
(37.284992, 25.937429, 0.0)
(37.518932, 25.459843, 0.0)
(37.561005, 25.156107, 0.0)
(37.597145, 25.002422, 0.0)
(37.614510, 24.847216, 0.0)
(37.687244, 24.794804, 0.0)
(37.722492, 24.620352, 0.0)
(37.720200, 24.551462, 0.0)
(37.729813, 24.421204, 0.0)
(37.755993, 24.281279, 0.0)
(37.761150, 24.178810, 0.0)
(37.773090, 24.027960, 0.0)
(37.788147, 23.964041, 0.0)
(37.805214, 23.826416, 0.0)
(37.794743, 23.764296, 0.0)
(37.806210, 23.676065, 0.0)
(37.648373, 22.861305, 0.0)
(37.654633, 22.491535, 0.0)
(37.653965, 22.399380, 0.0)
(37.657661, 22.284458, 0.0)
(37.644939, 22.244734, 0.0)
(37.655178, 22.184776, 0.0)
(37.663181, 22.125149, 0.0)
(37.649670, 21.629713, 0.0)
(37.595253, 21.205526, 0.0)
(37.585014, 21.043463, 0.0)
(37.528362, 20.973097, 0.0)
(37.492558, 20.906710, 0.0)
(37.379883, 20.248768, 0.0)
(37.292019, 19.739950, 0.0)
(37.260082, 19.695896, 0.0)
(37.238338, 19.688015, 0.0)
(37.212280, 19.664156, 0.0)
(37.218105, 19.619951, 0.0)
(37.176003, 19.598232, 0.0)
(37.148098, 19.547140, 0.0)
(37.127399, 19.522110, 0.0)
(37.119316, 19.481726, 0.0)
(37.128311, 19.482830, 0.0)
(37.132019, 19.449680, 0.0)
(37.134926, 19.451765, 0.0)
(37.126266, 19.455915, 0.0)
(37.129353, 19.461197, 0.0)
(37.122986, 19.455673, 0.0)
(37.104599, 19.475666, 0.0)
(37.062710, 19.486736, 0.0)
(36.504913, 19.796589, 0.0)
(36.479538, 20.067078, 0.0)
(36.487297, 20.070528, 0.0)
(36.469978, 20.055353, 0.0)
(36.466133, 20.080643, 0.0)
(36.498611, 20.137012, 0.0)
(36.504257, 20.235975, 0.0)
(36.520466, 20.298273, 0.0)
(37.199444, 21.814861, 0.0)
(37.217571, 22.085539, 0.0)
(37.257805, 22.161230, 0.0)
(37.299561, 22.192810, 0.0)
(37.301136, 22.263248, 0.0)
(37.305580, 22.362555, 0.0)
(37.314899, 22.414225, 0.0)
(37.323582, 22.461538, 0.0)
(37.314869, 22.464975, 0.0)
(37.303303, 22.486729, 0.0)
(37.335632, 22.535416, 0.0)
(37.342567, 22.597424, 0.0)
(37.330952, 22.668867, 0.0)
(37.371578, 22.836784, 0.0)
(37.444530, 24.964191, 0.0)
(37.369877, 25.044659, 0.0)
(37.326283, 25.020279, 0.0)
(37.322033, 25.028133, 0.0)
(37.318516, 25.081810, 0.0)
(37.292805, 25.157030, 0.0)
(37.298641, 25.217743, 0.0)
(37.284378, 25.305250, 0.0)
(37.274250, 25.314840, 0.0)
(37.269489, 25.325260, 0.0)
(37.255798, 25.370222, 0.0)
(37.250576, 25.387960, 0.0)
(37.242947, 25.425074, 0.0)
(36.981438, 27.131958, 0.0)
(36.849068, 27.471926, 0.0)
(36.840794, 27.526297, 0.0)
(36.802784, 27.505661, 0.0)
(36.793011, 27.520845, 0.0)
(36.776791, 27.524179, 0.0)
(36.745750, 27.500345, 0.0)
(36.741829, 27.501137, 0.0)
(36.736824, 27.527601, 0.0)
(36.706226, 27.494894, 0.0)
(36.690693, 27.498522, 0.0)
(36.694416, 27.547958, 0.0)
(36.686802, 27.584831, 0.0)
(36.465733, 27.770475, 0.0)
(36.380680, 28.145815, 0.0)
(36.424545, 28.165600, 0.0)
(36.367733, 28.160082, 0.0)
(36.343601, 28.147673, 0.0)
(36.323925, 28.197042, 0.0)
(36.318985, 28.150360, 0.0)
(36.289978, 28.158855, 0.0)
(36.303478, 28.092815, 0.0)
(36.282021, 28.045343, 0.0)
(35.703026, 28.115484, 0.0)
(35.611214, 28.102367, 0.0)
(35.583145, 28.036606, 0.0)
(35.562439, 27.909433, 0.0)
(35.582691, 27.801474, 0.0)
(35.573448, 27.682257, 0.0)
(35.942612, 26.544666, 0.0)
(35.977932, 26.372883, 0.0)
(36.023426, 26.279757, 0.0)
(36.024673, 26.113371, 0.0)
(36.064564, 25.879797, 0.0)
(36.135815, 25.682051, 0.0)
(36.143082, 25.550499, 0.0)
(36.193130, 25.364706, 0.0)
(36.253284, 25.244030, 0.0)
(36.286335, 25.133900, 0.0)
(36.324062, 25.001923, 0.0)
(36.356438, 24.917170, 0.0)
(36.361786, 23.732908, 0.0)
(36.306221, 22.824312, 0.0)
(36.352589, 22.712854, 0.0)
(36.354935, 22.732523, 0.0)
(36.372490, 22.619045, 0.0)
(36.365650, 22.600998, 0.0)
(36.386997, 22.539783, 0.0)
(36.406715, 22.505898, 0.0)
(36.401794, 22.474592, 0.0)
(36.406765, 22.428490, 0.0)
(36.406338, 22.385185, 0.0)
(36.437206, 22.330629, 0.0)
(36.435539, 22.211208, 0.0)
(36.379257, 21.006489, 0.0)
(36.389690, 20.745846, 0.0)
(36.389690, 20.745846, 0.0)
(36.382259, 20.735010, 0.0)
(36.395760, 20.691841, 0.0)
(36.392414, 20.660166, 0.0)
(36.395035, 20.625593, 0.0)
(36.291241, 20.167847, 0.0)
(36.291885, 19.851475, 0.0)
(36.271885, 19.774990, 0.0)
(36.265503, 19.705229, 0.0)
(36.244061, 19.676680, 0.0)
(36.202763, 19.614435, 0.0)
(36.230568, 19.588484, 0.0)
(36.220081, 19.566074, 0.0)
(36.215309, 19.542196, 0.0)
(36.064438, 19.218206, 0.0)
(36.021629, 19.117708, 0.0)
(35.995590, 19.104670, 0.0)
(35.971531, 19.086884, 0.0)
(35.964111, 19.108473, 0.0)
(35.939835, 19.142319, 0.0)
(35.964447, 19.165592, 0.0)
(35.947044, 19.182135, 0.0)
(35.924519, 19.165487, 0.0)
(35.881004, 19.166492, 0.0)
(35.854282, 19.160564, 0.0)
(35.163273, 19.119732, 0.0)
(35.046822, 19.106714, 0.0)
(35.048218, 19.126690, 0.0)
(35.039631, 19.188223, 0.0)
(34.921391, 19.314518, 0.0)
(35.131989, 19.947062, 0.0)
(35.289204, 21.025311, 0.0)
(35.312065, 21.435469, 0.0)
(35.376106, 21.491673, 0.0)
(35.400738, 21.557125, 0.0)
(35.430305, 21.707945, 0.0)
(35.458237, 21.759596, 0.0)
(35.491138, 21.822760, 0.0)
(35.496552, 21.880894, 0.0)
(35.509262, 21.947155, 0.0)
(35.515549, 21.963261, 0.0)
(35.530537, 21.988447, 0.0)
(35.538387, 22.042835, 0.0)
(35.520618, 22.113787, 0.0)
(35.527916, 22.201944, 0.0)
(35.503590, 22.270397, 0.0)
(35.501976, 22.334074, 0.0)
(35.488476, 22.442038, 0.0)
(35.571445, 23.191143, 0.0)
(35.586231, 24.100115, 0.0)
(35.566158, 24.207592, 0.0)
(35.551941, 24.233681, 0.0)
(35.550022, 24.271242, 0.0)
(35.544075, 24.358654, 0.0)
(35.529419, 24.382984, 0.0)
(35.533020, 24.432432, 0.0)
(35.506504, 24.532692, 0.0)
(35.456852, 26.721270, 0.0)
(35.314491, 26.908287, 0.0)
(35.285503, 26.912075, 0.0)
(35.266392, 26.918682, 0.0)
(35.262486, 26.949497, 0.0)
(35.240360, 26.963871, 0.0)
(35.214191, 26.954689, 0.0)
(35.207954, 26.963928, 0.0)
(35.175797, 26.958132, 0.0)
(35.165886, 26.991985, 0.0)
(35.136349, 27.829462, 0.0)
(35.044231, 28.524887, 0.0)
(34.982803, 28.554228, 0.0)
(34.958694, 28.553471, 0.0)
(34.935581, 28.530863, 0.0)
(34.954048, 28.488108, 0.0)
(34.920612, 28.523352, 0.0)
(34.903301, 28.508724, 0.0)
(34.925079, 28.537338, 0.0)
(34.922489, 28.582392, 0.0)
(34.913780, 28.549417, 0.0)
(34.902988, 28.546432, 0.0)
(34.904690, 28.563528, 0.0)
(34.893196, 28.470423, 0.0)
(34.828304, 28.415714, 0.0)
(34.026112, 27.774910, 0.0)
(33.925877, 27.612309, 0.0)
(33.889542, 27.551804, 0.0)
(33.851597, 27.403454, 0.0)
(33.878315, 27.245134, 0.0)
(33.855484, 27.111670, 0.0)
(34.199909, 26.768555, 0.0)
(34.264679, 26.534622, 0.0)
(34.278126, 26.379295, 0.0)
(34.319477, 26.226715, 0.0)
(34.348137, 26.046738, 0.0)
(34.351566, 25.947580, 0.0)
(34.365665, 25.859610, 0.0)
(34.418785, 25.698076, 0.0)
(34.469437, 25.536266, 0.0)
(34.734280, 24.491720, 0.0)
(34.766602, 24.292675, 0.0)
(34.758762, 24.205257, 0.0)
(34.766895, 24.053589, 0.0)
(34.780731, 23.965225, 0.0)
(34.760635, 23.807495, 0.0)
(34.785622, 23.654629, 0.0)
(34.799088, 23.517563, 0.0)
(34.813377, 23.377535, 0.0)
(34.694412, 23.019703, 0.0)
(34.671768, 22.157446, 0.0)
(34.704903, 22.005423, 0.0)
(34.715851, 21.978603, 0.0)
(34.699348, 21.875843, 0.0)
(34.722694, 21.752371, 0.0)
(34.648800, 20.460131, 0.0)
(34.467300, 19.373936, 0.0)
(34.436310, 19.255873, 0.0)
(34.397243, 19.212008, 0.0)
(34.399601, 19.174938, 0.0)
(34.399948, 19.138321, 0.0)
(34.399509, 19.131939, 0.0)
(34.411198, 19.090921, 0.0)
(34.401474, 19.049074, 0.0)
(34.433224, 19.002954, 0.0)
(34.460941, 18.961767, 0.0)
(34.396717, 18.883684, 0.0)
(34.384270, 18.402061, 0.0)
(34.352882, 18.167761, 0.0)
(34.351959, 18.150427, 0.0)
(34.329704, 18.136526, 0.0)
(34.323437, 18.128508, 0.0)
(34.315456, 18.087893, 0.0)
(34.333355, 18.038857, 0.0)
(34.334377, 18.027311, 0.0)
(34.324329, 18.031889, 0.0)
(34.308525, 18.047321, 0.0)
(34.298382, 18.048090, 0.0)
(34.304893, 18.041262, 0.0)
(34.285259, 18.040768, 0.0)
(34.277775, 18.048836, 0.0)
(34.258259, 18.074242, 0.0)
(33.530178, 18.297617, 0.0)
(33.407425, 18.329710, 0.0)
(33.376003, 18.303257, 0.0)
(33.371532, 18.372858, 0.0)
(33.371803, 18.409245, 0.0)
(33.324188, 18.525684, 0.0)
(33.305702, 18.570364, 0.0)
(33.806576, 20.321800, 0.0)
(33.685535, 20.624973, 0.0)
(33.660080, 20.652594, 0.0)
(33.660496, 20.704222, 0.0)
(33.649181, 20.756521, 0.0)
(33.676193, 20.811316, 0.0)
(33.675457, 20.820015, 0.0)
(33.684906, 20.929092, 0.0)
(33.690662, 21.002331, 0.0)
(33.716728, 21.090631, 0.0)
(33.700806, 21.140718, 0.0)
(33.691116, 21.429516, 0.0)
(33.670094, 22.029657, 0.0)
(33.659874, 22.453548, 0.0)
(33.676643, 22.740763, 0.0)
(33.657391, 22.853621, 0.0)
(33.685085, 22.952284, 0.0)
(33.659775, 23.016211, 0.0)
(33.655567, 23.079466, 0.0)
(33.635868, 23.125254, 0.0)
(33.645252, 23.183542, 0.0)
(33.634907, 23.254393, 0.0)
(33.650600, 23.335619, 0.0)
(33.639961, 23.441744, 0.0)
(33.632385, 23.604095, 0.0)
(33.636452, 24.772230, 0.0)
(33.604176, 24.890945, 0.0)
(33.589279, 24.894165, 0.0)
(33.577965, 24.954931, 0.0)
(33.564865, 24.989714, 0.0)
(33.581055, 25.788490, 0.0)
(33.541153, 26.670643, 0.0)
(33.514450, 26.745787, 0.0)
(33.479771, 26.777576, 0.0)
(33.416927, 26.856949, 0.0)
(33.402359, 26.861494, 0.0)
(33.396843, 26.866959, 0.0)
(33.388618, 26.843931, 0.0)
(33.375591, 26.878160, 0.0)
(33.331947, 27.373886, 0.0)
(33.278191, 27.807566, 0.0)
(33.262749, 27.833183, 0.0)
(33.241096, 27.803804, 0.0)
(33.223560, 27.785311, 0.0)
(33.226982, 27.732578, 0.0)
(33.199158, 27.762083, 0.0)
(33.192894, 27.746937, 0.0)
(33.145557, 27.642010, 0.0)
(33.124092, 27.589502, 0.0)
(33.134697, 27.434263, 0.0)
(32.404152, 27.244270, 0.0)
(32.204590, 27.294794, 0.0)
(32.156788, 27.237663, 0.0)
(32.141075, 27.147520, 0.0)
(32.125065, 27.005459, 0.0)
(32.097378, 26.910492, 0.0)
(32.101288, 26.740267, 0.0)
(32.107410, 26.564428, 0.0)
(32.097809, 26.368448, 0.0)
(32.094872, 26.192171, 0.0)
(32.143673, 26.009701, 0.0)
(32.482533, 25.246822, 0.0)
(32.559509, 25.029240, 0.0)
(32.595806, 24.906094, 0.0)
(32.602737, 24.757298, 0.0)
(32.571060, 24.654211, 0.0)
(32.595039, 24.495337, 0.0)
(32.633865, 24.311445, 0.0)
(32.629417, 24.169420, 0.0)
(32.657143, 24.032883, 0.0)
(32.669910, 23.976149, 0.0)
(32.655701, 22.809351, 0.0)
(32.668743, 21.242025, 0.0)
(32.664642, 21.168814, 0.0)
(32.659939, 21.084120, 0.0)
(32.635002, 20.994978, 0.0)
(32.663982, 20.917135, 0.0)
(32.657604, 20.828236, 0.0)
(32.593170, 20.613171, 0.0)
(32.468399, 19.383532, 0.0)
(32.439751, 18.835012, 0.0)
(32.436848, 18.762922, 0.0)
(32.396259, 18.692894, 0.0)
(32.394806, 18.678114, 0.0)
(32.441174, 18.658258, 0.0)
(32.410698, 18.652412, 0.0)
(32.413815, 18.632479, 0.0)
(32.459873, 18.371126, 0.0)
(32.473026, 17.673845, 0.0)
(32.501476, 17.572649, 0.0)
(32.509396, 17.583755, 0.0)
(32.495472, 17.658358, 0.0)
(32.487801, 17.692036, 0.0)
(32.498531, 17.710661, 0.0)
(32.498531, 17.710661, 0.0)
(32.491741, 17.673626, 0.0)
(32.491447, 17.645842, 0.0)
(32.479992, 17.594086, 0.0)
(32.495502, 17.550938, 0.0)
(32.450733, 17.550486, 0.0)
(32.450733, 17.560673, 0.0)
(32.420040, 17.588604, 0.0)
(32.402039, 17.582016, 0.0)
(32.007992, 17.624722, 0.0)
(31.820156, 17.741972, 0.0)
(31.785656, 17.713041, 0.0)
(31.720942, 17.716150, 0.0)
(31.684908, 17.754513, 0.0)
(31.611158, 17.804951, 0.0)
(31.554863, 17.856855, 0.0)
(31.257076, 18.244701, 0.0)
(31.188375, 18.335108, 0.0)
(31.126568, 18.348675, 0.0)
(31.108706, 18.450880, 0.0)
(31.082287, 18.615635, 0.0)
(31.635038, 20.426983, 0.0)
(31.631447, 20.676924, 0.0)
(31.583815, 20.730654, 0.0)
(31.534523, 20.794590, 0.0)
(31.528772, 20.851484, 0.0)
(31.545622, 20.906900, 0.0)
(31.551674, 21.004692, 0.0)
(31.554783, 21.054930, 0.0)
(31.504816, 21.093163, 0.0)
(31.513536, 21.163300, 0.0)
(31.552208, 21.296452, 0.0)
(31.551813, 23.073433, 0.0)
(31.489927, 23.312378, 0.0)
(31.455763, 23.353127, 0.0)
(31.457775, 23.415760, 0.0)
(31.451906, 23.463264, 0.0)
(31.450193, 23.511845, 0.0)
(31.442560, 23.576981, 0.0)
(31.449322, 23.661209, 0.0)
(31.465143, 23.739017, 0.0)
(31.463253, 23.842125, 0.0)
(31.441492, 23.910406, 0.0)
(31.388552, 23.958366, 0.0)
(31.386530, 23.984707, 0.0)
(31.516552, 25.423426, 0.0)
(31.494745, 25.906643, 0.0)
(31.461926, 25.987263, 0.0)
(31.396505, 26.083319, 0.0)
(31.374207, 26.145256, 0.0)
(31.347176, 26.162033, 0.0)
(31.390762, 26.257704, 0.0)
(31.349527, 27.632986, 0.0)
(31.309305, 27.808565, 0.0)
(31.288849, 27.795584, 0.0)
(31.273693, 27.806520, 0.0)
(31.290228, 27.798885, 0.0)
(31.282923, 27.836063, 0.0)
(31.276394, 27.817682, 0.0)
(31.300432, 27.795549, 0.0)
(31.287777, 27.748804, 0.0)
(31.268221, 27.696749, 0.0)
(31.253778, 27.750410, 0.0)
(31.250984, 27.753378, 0.0)
(31.254105, 27.756924, 0.0)
(31.238314, 27.751862, 0.0)
(31.231136, 27.676189, 0.0)
(31.205202, 27.593491, 0.0)
(31.161642, 27.529091, 0.0)
(31.153004, 27.476740, 0.0)
(30.695286, 27.552017, 0.0)
(30.284775, 27.573805, 0.0)
(30.205103, 27.558247, 0.0)
(30.138884, 27.489202, 0.0)
(30.136572, 27.401072, 0.0)
(30.099407, 27.221785, 0.0)
(30.213024, 26.996880, 0.0)
(30.527138, 26.301983, 0.0)
(30.521982, 26.098133, 0.0)
(30.526909, 25.997816, 0.0)
(30.539499, 25.781298, 0.0)
(30.566301, 25.664680, 0.0)
(30.568565, 25.520525, 0.0)
(30.586969, 25.376280, 0.0)
(30.615065, 25.237953, 0.0)
(30.621424, 25.068232, 0.0)
(30.624708, 24.947170, 0.0)
(30.687439, 24.833488, 0.0)
(30.430305, 23.730009, 0.0)
(30.450348, 23.222681, 0.0)
(30.429714, 23.051392, 0.0)
(30.416370, 22.964706, 0.0)
(30.417606, 22.823858, 0.0)
(30.395197, 22.742916, 0.0)
(30.399576, 22.613312, 0.0)
(30.417805, 22.538651, 0.0)
(30.361975, 22.387472, 0.0)
(30.204433, 21.257378, 0.0)
(30.171257, 20.815672, 0.0)
(30.144341, 20.741034, 0.0)
(30.125235, 20.655930, 0.0)
(30.128620, 20.617579, 0.0)
(30.138044, 20.449209, 0.0)
(30.052450, 19.168064, 0.0)
(30.010361, 18.715063, 0.0)
(30.000961, 18.640787, 0.0)
(30.011656, 18.589457, 0.0)
(30.001617, 18.530914, 0.0)
(30.042456, 17.791334, 0.0)
(30.100210, 17.566677, 0.0)
(30.092461, 17.540236, 0.0)
(30.059258, 17.524494, 0.0)
(30.059258, 17.524494, 0.0)
(30.050882, 17.503716, 0.0)
(30.050882, 17.503716, 0.0)
(30.008036, 17.490721, 0.0)
(30.014841, 17.434677, 0.0)
(30.032043, 17.422972, 0.0)
(30.014587, 17.386908, 0.0)
(30.039890, 17.410950, 0.0)
(30.041288, 17.461538, 0.0)
(30.010735, 17.473078, 0.0)
(30.016994, 17.484018, 0.0)
(29.992737, 17.483458, 0.0)
(30.000151, 17.505693, 0.0)
(29.974968, 17.471037, 0.0)
(29.954931, 17.504038, 0.0)
(29.148775, 18.110832, 0.0)
(29.055336, 18.210310, 0.0)
(29.007071, 18.238852, 0.0)
(28.956318, 18.309111, 0.0)
(28.918257, 18.399632, 0.0)
(28.876125, 18.435061, 0.0)
(28.840137, 18.466290, 0.0)
(29.226784, 19.680630, 0.0)
(29.267159, 20.391420, 0.0)
(29.265001, 20.535652, 0.0)
(29.237274, 20.648390, 0.0)
(29.200138, 20.756029, 0.0)
(29.179348, 20.791239, 0.0)
(29.172674, 20.816507, 0.0)
(29.182022, 20.859026, 0.0)
(29.193443, 20.887671, 0.0)
(29.196928, 21.008219, 0.0)
(29.187315, 21.054054, 0.0)
(29.209526, 21.115683, 0.0)
(29.227592, 21.457642, 0.0)
(29.299898, 22.214890, 0.0)
(29.285831, 22.323101, 0.0)
(29.281240, 22.339897, 0.0)
(29.259501, 22.344175, 0.0)
(29.257458, 22.409920, 0.0)
(29.270924, 22.488979, 0.0)
(29.262753, 22.610886, 0.0)
(29.488869, 23.790991, 0.0)
(29.475018, 24.553677, 0.0)
(29.444126, 24.645411, 0.0)
(29.423178, 24.678802, 0.0)
(29.422087, 24.724859, 0.0)
(29.415516, 24.767611, 0.0)
(29.408237, 24.827885, 0.0)
(29.395369, 24.865032, 0.0)
(29.399580, 24.909454, 0.0)
(29.364750, 24.956430, 0.0)
(29.353277, 25.022779, 0.0)
(29.535751, 26.297586, 0.0)
(29.548079, 26.488577, 0.0)
(29.514032, 26.501280, 0.0)
(29.500349, 26.524033, 0.0)
(29.501030, 26.569468, 0.0)
(29.472788, 26.609579, 0.0)
(29.456266, 26.641598, 0.0)
(29.455450, 26.653828, 0.0)
(29.453876, 26.675152, 0.0)
(29.518778, 27.725773, 0.0)
(29.498806, 27.934141, 0.0)
(29.446205, 27.919979, 0.0)
(29.443096, 27.967922, 0.0)
(29.420498, 27.952442, 0.0)
(29.401627, 27.933571, 0.0)
(29.393089, 27.895628, 0.0)
(29.349089, 27.811291, 0.0)
(29.315557, 27.724409, 0.0)
(29.289217, 27.683136, 0.0)
(29.236980, 27.574718, 0.0)
(28.376453, 27.613712, 0.0)
(28.196753, 27.610764, 0.0)
(28.163301, 27.518179, 0.0)
(28.150511, 27.429049, 0.0)
(28.146469, 27.294960, 0.0)
(28.115816, 27.230215, 0.0)
(28.111689, 27.030821, 0.0)
(28.129946, 26.847670, 0.0)
(28.431633, 26.296516, 0.0)
(28.574133, 25.784966, 0.0)
(28.603931, 25.640791, 0.0)
(28.604809, 25.480473, 0.0)
(28.620646, 25.309694, 0.0)
(28.634607, 25.189167, 0.0)
(28.656664, 25.058813, 0.0)
(28.640244, 24.906240, 0.0)
(28.649380, 24.785934, 0.0)
(28.634863, 24.625467, 0.0)
(28.243362, 23.550655, 0.0)
(28.267637, 23.124054, 0.0)
(28.245680, 23.007807, 0.0)
(28.221596, 22.947882, 0.0)
(28.220554, 22.919083, 0.0)
(28.188906, 22.756847, 0.0)
(28.182467, 22.647394, 0.0)
(28.164097, 22.549833, 0.0)
(28.167833, 22.457275, 0.0)
(28.161047, 22.352674, 0.0)
(28.144651, 22.263700, 0.0)
(28.111479, 22.171011, 0.0)
(28.113749, 22.078976, 0.0)
(28.046423, 20.863369, 0.0)
(28.070230, 20.464615, 0.0)
(28.085365, 20.349108, 0.0)
(28.064028, 20.237474, 0.0)
(28.054453, 20.169380, 0.0)
(28.042852, 19.817026, 0.0)
(28.058306, 18.012486, 0.0)
(28.054850, 17.764851, 0.0)
(28.046072, 17.740398, 0.0)
(28.027142, 17.703533, 0.0)
(28.001476, 17.664989, 0.0)
(27.988575, 17.667524, 0.0)
(27.961836, 17.643991, 0.0)
(27.950855, 17.640860, 0.0)
(27.943043, 17.632521, 0.0)
(27.938169, 17.629829, 0.0)
(27.937014, 17.619722, 0.0)
(27.941870, 17.622423, 0.0)
(27.946236, 17.605436, 0.0)
(27.673491, 17.716320, 0.0)
(27.557535, 17.780529, 0.0)
(27.541677, 17.781509, 0.0)
(27.514963, 17.771217, 0.0)
(27.515297, 17.780783, 0.0)
(27.500612, 17.791801, 0.0)
(27.358091, 17.800554, 0.0)
(26.776028, 18.289663, 0.0)
(26.636166, 18.333887, 0.0)
(26.603403, 18.354700, 0.0)
(26.583982, 18.445971, 0.0)
(26.555799, 18.517731, 0.0)
(26.507490, 18.636944, 0.0)
(26.576839, 18.965729, 0.0)
(26.849596, 20.054611, 0.0)
(26.994003, 20.690302, 0.0)
(27.023258, 20.962616, 0.0)
(27.015911, 21.107981, 0.0)
(27.006653, 21.239672, 0.0)
(27.017742, 21.348993, 0.0)
(26.992876, 21.435993, 0.0)
(27.029554, 21.490620, 0.0)
(27.048027, 21.555176, 0.0)
(27.019213, 21.651484, 0.0)
(27.027048, 21.715164, 0.0)
(27.052160, 21.780233, 0.0)
(27.073460, 21.787846, 0.0)
(27.094770, 21.820036, 0.0)
(27.095854, 21.845619, 0.0)
(26.886755, 21.926243, 0.0)
(26.905685, 25.116261, 0.0)
(27.099043, 24.048611, 0.0)
(27.143158, 23.529774, 0.0)
(27.155434, 23.586475, 0.0)
(27.188437, 23.649940, 0.0)
(27.221153, 23.764385, 0.0)
(27.226875, 23.856127, 0.0)
(27.251219, 23.971989, 0.0)
(27.238792, 24.062906, 0.0)
(27.263720, 24.078939, 0.0)
(27.414198, 25.621307, 0.0)
(27.382753, 25.808731, 0.0)
(27.367260, 25.791452, 0.0)
(27.369740, 25.816221, 0.0)
(27.365578, 25.862167, 0.0)
(27.332352, 25.902311, 0.0)
(27.321539, 25.974825, 0.0)
(27.315472, 25.970947, 0.0)
(27.362911, 27.128965, 0.0)
(27.356337, 27.577122, 0.0)
(27.334618, 27.587564, 0.0)
(27.319427, 27.595392, 0.0)
(27.293833, 27.597136, 0.0)
(27.277306, 27.602266, 0.0)
(27.281576, 27.624653, 0.0)
(27.283237, 27.638424, 0.0)
(27.255753, 27.663280, 0.0)
(27.243290, 27.712242, 0.0)
(27.217846, 27.696709, 0.0)
(27.198784, 27.679789, 0.0)
(27.164927, 27.621201, 0.0)
(26.723568, 27.621838, 0.0)
(26.209610, 27.436407, 0.0)
(26.052208, 27.331226, 0.0)
(25.986042, 27.199306, 0.0)
(25.966549, 27.054901, 0.0)
(25.941566, 26.869650, 0.0)
(25.900745, 26.689119, 0.0)
(25.901144, 26.494553, 0.0)
(25.893265, 26.347548, 0.0)
(25.910473, 26.152796, 0.0)
(25.905947, 25.970646, 0.0)
(25.939163, 25.779020, 0.0)
(26.388927, 25.408140, 0.0)
(26.475067, 25.085289, 0.0)
(26.504923, 24.918581, 0.0)
(26.524269, 24.645525, 0.0)
(26.536871, 24.478481, 0.0)
(26.579435, 24.257193, 0.0)
(26.579887, 24.035839, 0.0)
(26.612560, 23.813570, 0.0)
(26.634123, 23.635904, 0.0)
(26.465742, 23.455765, 0.0)
(26.107605, 22.698965, 0.0)
(26.070099, 22.434332, 0.0)
(26.053654, 22.328678, 0.0)
(26.045233, 22.227661, 0.0)
(26.030478, 22.063686, 0.0)
(26.013042, 21.938251, 0.0)
(26.019617, 21.800304, 0.0)
(26.014999, 21.746731, 0.0)
(26.013239, 21.595167, 0.0)
(26.018431, 21.504862, 0.0)
(26.001116, 21.426888, 0.0)
(26.005577, 21.317080, 0.0)
(25.687046, 20.712088, 0.0)
(25.677382, 19.987085, 0.0)
(25.678671, 19.887564, 0.0)
(25.660082, 19.799446, 0.0)
(25.657238, 19.719950, 0.0)
(25.657324, 19.629772, 0.0)
(25.790857, 18.453146, 0.0)
(25.798601, 18.268595, 0.0)
(25.766012, 18.246567, 0.0)
(25.744228, 18.204559, 0.0)
(25.726339, 18.154543, 0.0)
(25.689363, 18.111717, 0.0)
(25.665257, 18.085445, 0.0)
(25.675783, 18.073479, 0.0)
(25.670267, 18.028084, 0.0)
(25.658485, 18.008615, 0.0)
(25.645947, 17.992962, 0.0)
(25.659931, 17.950619, 0.0)
(25.653830, 17.895016, 0.0)
(25.659273, 17.889336, 0.0)
(25.642347, 17.894335, 0.0)
(25.631660, 17.913532, 0.0)
(25.591454, 17.939461, 0.0)
(25.585016, 17.968348, 0.0)
(24.849289, 18.531010, 0.0)
(24.748878, 18.637363, 0.0)
(24.737764, 18.647930, 0.0)
(24.731943, 18.658792, 0.0)
(24.710609, 18.713795, 0.0)
(24.699224, 18.774351, 0.0)
(24.827513, 20.375319, 0.0)
(24.922207, 20.993561, 0.0)
(24.928371, 21.090122, 0.0)
(24.933531, 21.158468, 0.0)
(24.951178, 21.243593, 0.0)
(24.963709, 21.340454, 0.0)
(24.989470, 21.386917, 0.0)
(24.985641, 21.452732, 0.0)
(24.996637, 21.525587, 0.0)
(24.992552, 21.557785, 0.0)
(24.940884, 21.617132, 0.0)
(24.812513, 21.633303, 0.0)
(25.012026, 23.299734, 0.0)
(24.985563, 23.102419, 0.0)
(24.974237, 22.798651, 0.0)
(25.075712, 22.809248, 0.0)
(25.117023, 22.885647, 0.0)
(25.115381, 22.993294, 0.0)
(25.155317, 23.064650, 0.0)
(25.188871, 23.078400, 0.0)
(25.190359, 23.163206, 0.0)
(25.187778, 23.185774, 0.0)
(25.221071, 23.262175, 0.0)
(25.248674, 23.301502, 0.0)
(25.200266, 24.252844, 0.0)
(25.190063, 24.616320, 0.0)
(25.220844, 24.742662, 0.0)
(25.225025, 24.751173, 0.0)
(25.239100, 24.777441, 0.0)
(25.186666, 24.828533, 0.0)
(25.158638, 24.872107, 0.0)
(25.643534, 26.671028, 0.0)
(25.693098, 27.080994, 0.0)
(25.648312, 27.181173, 0.0)
(25.615063, 27.227894, 0.0)
(25.592602, 27.268129, 0.0)
(25.572554, 27.299770, 0.0)
(25.595974, 27.346035, 0.0)
(25.562670, 27.368355, 0.0)
(25.552778, 27.392406, 0.0)
(25.540295, 27.421919, 0.0)
(25.574884, 27.438219, 0.0)
(25.626059, 27.539196, 0.0)
(25.572836, 27.608913, 0.0)
(25.555229, 27.630692, 0.0)
(25.530237, 27.608278, 0.0)
(25.543684, 27.622225, 0.0)
(25.548115, 27.593691, 0.0)
(25.519049, 27.564289, 0.0)
(25.505098, 27.547276, 0.0)
(25.498789, 27.561180, 0.0)
(25.462435, 27.510988, 0.0)
(25.434790, 27.515108, 0.0)
(25.361980, 27.437639, 0.0)
(24.738260, 27.289146, 0.0)
(24.602339, 27.230534, 0.0)
(24.577290, 27.137270, 0.0)
(24.545713, 26.993282, 0.0)
(24.567051, 26.906727, 0.0)
(24.572025, 26.847790, 0.0)
(24.581673, 26.708942, 0.0)
(24.528191, 26.601315, 0.0)
(24.571186, 26.500486, 0.0)
(24.572788, 26.333158, 0.0)
(24.583370, 26.205601, 0.0)
(24.504505, 25.763153, 0.0)
(24.451878, 25.157757, 0.0)
(24.423281, 24.949451, 0.0)
(24.355873, 24.859524, 0.0)
(24.325777, 24.753328, 0.0)
(24.331039, 24.551804, 0.0)
(24.298899, 24.401321, 0.0)
(24.277870, 24.192146, 0.0)
(24.213434, 23.877686, 0.0)
(24.090870, 23.083761, 0.0)
(24.071909, 22.912331, 0.0)
(24.048914, 22.820002, 0.0)
(24.003395, 22.738512, 0.0)
(23.986496, 22.680286, 0.0)
(23.989986, 22.551353, 0.0)
(23.983576, 22.424171, 0.0)
(23.969427, 22.269154, 0.0)
(23.961035, 22.123985, 0.0)
(23.978491, 21.971525, 0.0)
(23.883358, 21.459881, 0.0)
(23.895346, 21.240486, 0.0)
(23.894270, 21.185749, 0.0)
(23.856670, 21.120653, 0.0)
(23.841915, 20.945158, 0.0)
(23.682598, 19.878908, 0.0)
(23.639851, 19.448874, 0.0)
(23.648693, 19.356142, 0.0)
(23.611792, 19.349874, 0.0)
(23.590673, 19.285339, 0.0)
(23.593044, 19.273695, 0.0)
(23.593330, 19.281546, 0.0)
(23.487780, 19.092932, 0.0)
(23.510025, 18.835798, 0.0)
(23.512503, 18.759794, 0.0)
(23.486124, 18.741791, 0.0)
(23.459700, 18.732201, 0.0)
(23.456400, 18.739914, 0.0)
(23.448038, 18.727594, 0.0)
(23.440119, 18.787031, 0.0)
(23.426023, 18.801632, 0.0)
(23.415033, 18.810215, 0.0)
(23.403284, 18.811077, 0.0)
(23.380789, 18.810175, 0.0)
(22.937132, 19.691832, 0.0)
(22.866035, 19.936108, 0.0)
(22.841820, 19.944077, 0.0)
(22.798460, 19.993263, 0.0)
(22.783360, 20.041672, 0.0)
(22.731651, 20.105137, 0.0)
(22.731272, 20.289265, 0.0)
(22.788767, 20.778870, 0.0)
(23.011110, 21.684576, 0.0)
(23.212332, 22.149744, 0.0)
(23.236681, 22.300207, 0.0)
(23.271847, 22.418936, 0.0)
(23.265154, 22.535685, 0.0)
(23.285772, 22.636229, 0.0)
(23.307253, 22.684267, 0.0)
(23.312267, 22.790857, 0.0)
(23.325615, 22.868624, 0.0)
(23.343468, 22.916426, 0.0)
(23.338388, 22.953365, 0.0)
(23.363010, 23.645847, 0.0)
(23.499470, 24.896276, 0.0)
(23.783449, 25.537336, 0.0)
(23.827007, 25.776831, 0.0)
(23.766701, 25.876137, 0.0)
(23.781448, 25.944323, 0.0)
(23.774275, 25.997353, 0.0)
(23.762218, 26.020210, 0.0)
(23.744534, 26.084286, 0.0)
(23.714172, 26.112394, 0.0)
(23.709858, 26.137327, 0.0)
(23.637121, 26.552340, 0.0)
(23.463976, 28.027660, 0.0)
(23.447186, 28.230566, 0.0)
(23.411510, 28.229387, 0.0)
(23.415810, 28.214838, 0.0)
(23.418379, 28.200068, 0.0)
(23.423771, 28.202923, 0.0)
(23.424362, 28.223965, 0.0)
(23.424067, 28.243809, 0.0)
(23.460909, 28.253113, 0.0)
(23.464169, 28.242990, 0.0)
(23.477142, 28.256138, 0.0)
(23.469101, 28.265694, 0.0)
(23.474039, 28.243050, 0.0)
(23.482599, 28.235081, 0.0)
(23.451012, 28.244251, 0.0)
(23.443935, 28.239576, 0.0)
(23.461443, 28.260038, 0.0)
(23.464338, 28.220007, 0.0)
(23.437998, 28.201754, 0.0)
(23.411657, 28.187147, 0.0)
(23.405901, 28.140684, 0.0)
(23.048159, 28.146849, 0.0)
(22.934950, 27.815060, 0.0)
(22.939352, 27.781197, 0.0)
(22.939850, 27.784697, 0.0)
(22.926397, 27.753277, 0.0)
(22.917128, 27.668285, 0.0)
(22.893265, 27.567940, 0.0)
(22.907734, 27.458607, 0.0)
(22.882141, 27.326315, 0.0)
(22.863466, 27.172358, 0.0)
(22.876062, 27.056763, 0.0)
(22.838562, 26.909681, 0.0)
(22.787657, 26.708017, 0.0)
(22.798590, 26.554527, 0.0)
(22.799622, 26.319859, 0.0)
(22.800386, 26.150757, 0.0)
(22.761070, 25.914011, 0.0)
(22.737156, 25.717266, 0.0)
(22.706188, 25.503010, 0.0)
(22.681448, 25.343575, 0.0)
(22.671398, 25.183626, 0.0)
(22.661261, 25.079941, 0.0)
(22.671383, 24.895338, 0.0)
(22.655205, 24.766039, 0.0)
(22.516588, 24.378181, 0.0)
(22.519796, 23.814806, 0.0)
(22.485989, 23.711002, 0.0)
(22.463778, 23.583790, 0.0)
(22.449482, 23.492550, 0.0)
(22.461685, 23.326834, 0.0)
(22.441416, 23.244509, 0.0)
(22.325747, 22.879745, 0.0)
(22.241074, 22.072344, 0.0)
(22.281452, 21.827148, 0.0)
(22.212051, 21.763962, 0.0)
(22.201935, 21.721174, 0.0)
(22.192327, 21.707584, 0.0)
(22.174963, 21.633270, 0.0)
(22.188047, 21.059027, 0.0)
(22.206635, 20.310242, 0.0)
(22.207041, 20.147320, 0.0)
(22.206511, 20.124855, 0.0)
(22.186796, 20.081932, 0.0)
(22.196531, 20.062742, 0.0)
(22.189573, 20.035948, 0.0)
(22.190971, 19.996670, 0.0)
(22.200962, 19.966467, 0.0)
(22.211241, 19.932100, 0.0)
(22.218786, 19.876316, 0.0)
(22.064037, 19.662096, 0.0)
(22.053482, 19.583178, 0.0)
(22.065086, 19.565353, 0.0)
(22.066980, 19.501705, 0.0)
(22.068365, 19.514189, 0.0)
(22.076126, 19.488882, 0.0)
(22.078260, 19.494652, 0.0)
(22.085684, 19.465881, 0.0)
(22.085348, 19.444376, 0.0)
(22.069939, 19.456629, 0.0)
(22.066795, 19.494017, 0.0)
(22.067341, 19.499054, 0.0)
(22.004049, 19.564857, 0.0)
(21.794645, 20.086235, 0.0)
(21.785620, 20.105236, 0.0)
(21.759571, 20.139030, 0.0)
(21.739561, 20.198750, 0.0)
(21.732641, 20.217722, 0.0)
(21.691935, 20.809320, 0.0)
(21.844551, 22.383947, 0.0)
(21.813797, 22.513500, 0.0)
(21.810402, 22.525019, 0.0)
(21.795242, 22.633398, 0.0)
(21.787401, 22.760887, 0.0)
(21.770384, 22.849468, 0.0)
(21.761620, 22.912312, 0.0)
(21.771688, 22.979366, 0.0)
(21.788929, 23.066183, 0.0)
(21.779900, 23.094664, 0.0)
(21.863686, 23.674089, 0.0)
(22.232796, 25.361620, 0.0)
(22.215199, 25.567415, 0.0)
(22.179296, 25.606783, 0.0)
(22.151316, 25.663710, 0.0)
(22.130764, 25.692991, 0.0)
(22.130764, 25.692991, 0.0)
(22.143101, 25.705221, 0.0)
(22.110403, 25.776873, 0.0)
(22.076227, 25.814980, 0.0)
(22.075029, 25.837608, 0.0)
(22.072065, 25.869488, 0.0)
(22.087185, 25.882120, 0.0)
(22.120237, 25.905571, 0.0)
(22.106520, 25.925133, 0.0)
(22.586393, 27.171598, 0.0)
(22.671345, 27.518705, 0.0)
(22.626352, 27.504372, 0.0)
(22.637651, 27.531832, 0.0)
(22.641239, 27.511724, 0.0)
(22.612202, 27.521460, 0.0)
(22.566248, 27.553865, 0.0)
(22.580702, 27.569231, 0.0)
(22.576876, 27.591801, 0.0)
(22.557655, 27.591801, 0.0)
(22.576900, 27.583107, 0.0)
(22.580511, 27.538801, 0.0)
(22.561054, 27.524448, 0.0)
(22.572338, 27.505590, 0.0)
(22.685482, 28.323681, 0.0)
(22.705317, 28.635191, 0.0)
(22.709633, 28.604347, 0.0)
(22.754166, 28.571342, 0.0)
(22.755257, 28.546089, 0.0)
(22.713732, 28.479164, 0.0)
(22.707150, 28.533407, 0.0)
(22.693516, 28.604446, 0.0)
(22.698025, 28.632343, 0.0)
(22.695482, 28.640882, 0.0)
(22.716255, 28.672119, 0.0)
(22.746998, 28.621893, 0.0)
(22.751892, 28.585062, 0.0)
(22.778633, 28.521223, 0.0)
(22.803846, 28.498417, 0.0)
(22.808882, 28.500883, 0.0)
(22.812500, 28.482529, 0.0)
(22.827053, 28.501442, 0.0)
(22.831488, 28.503422, 0.0)
(22.844267, 28.493126, 0.0)
(22.817429, 28.475405, 0.0)
(22.817024, 28.469765, 0.0)
(22.828733, 28.449259, 0.0)
(22.826908, 28.468428, 0.0)
(22.825867, 28.462294, 0.0)
(22.819525, 28.452421, 0.0)
(22.823082, 28.471605, 0.0)
(22.822620, 28.467352, 0.0)
(22.817461, 28.456583, 0.0)
(22.827925, 28.472080, 0.0)
(22.826670, 28.449486, 0.0)
(22.820862, 28.456066, 0.0)
(22.817430, 28.454138, 0.0)
(22.807758, 28.462345, 0.0)
(22.797052, 28.481016, 0.0)
(22.780081, 28.472548, 0.0)
(22.772373, 28.465511, 0.0)
(22.773540, 28.450792, 0.0)
(22.771788, 28.447235, 0.0)
(22.628687, 28.585796, 0.0)
(22.627857, 28.594688, 0.0)
(22.648090, 28.572403, 0.0)
(22.612562, 28.557663, 0.0)
(22.626898, 28.547009, 0.0)
(22.618555, 28.542295, 0.0)
(22.606541, 28.527878, 0.0)
(22.639423, 28.516508, 0.0)
(22.620398, 28.503225, 0.0)
(22.725574, 28.580240, 0.0)
(23.809980, 27.420343, 0.0)
