(37.424728, 27.762161, 0.0)
(37.237816, 27.214348, 0.0)
(37.211937, 26.995510, 0.0)
(37.337326, 27.244001, 0.0)
(37.915722, 28.374456, 0.0)
(37.952793, 28.430979, 0.0)
(37.846119, 28.289602, 0.0)
(37.896759, 28.230675, 0.0)
(37.988361, 28.248417, 0.0)
(38.007744, 28.185810, 0.0)
(38.023518, 28.114796, 0.0)
(38.036293, 28.084850, 0.0)
(38.004002, 27.876831, 0.0)
(38.031513, 27.878571, 0.0)
(38.013691, 27.880568, 0.0)
(37.977436, 27.854855, 0.0)
(37.991283, 27.833813, 0.0)
(38.054062, 27.841629, 0.0)
(38.067051, 27.856794, 0.0)
(38.065510, 27.862005, 0.0)
(38.056744, 27.905109, 0.0)
(38.063496, 27.907219, 0.0)
(38.089020, 27.895372, 0.0)
(38.095203, 27.921753, 0.0)
(38.083302, 27.920288, 0.0)
(38.047108, 27.855289, 0.0)
(38.046722, 27.846874, 0.0)
(38.059708, 27.863382, 0.0)
(38.092587, 27.846752, 0.0)
(38.066730, 27.864187, 0.0)
(38.006779, 27.837454, 0.0)
(38.000549, 27.789848, 0.0)
(38.038433, 27.759666, 0.0)
(38.025223, 27.766907, 0.0)
(38.023922, 27.766653, 0.0)
(37.977306, 27.818285, 0.0)
(37.973297, 27.843834, 0.0)
(38.013393, 27.862909, 0.0)
(38.008823, 27.871660, 0.0)
(37.955402, 27.867355, 0.0)
(37.955471, 27.853498, 0.0)
(37.967381, 27.832630, 0.0)
(37.992012, 27.828197, 0.0)
(37.973679, 27.804731, 0.0)
(37.948250, 27.830086, 0.0)
(37.940277, 27.847685, 0.0)
(37.948280, 27.854992, 0.0)
(37.948715, 27.819403, 0.0)
(37.955742, 27.880199, 0.0)
(37.972618, 27.896357, 0.0)
(37.965252, 27.885408, 0.0)
(37.939087, 27.875124, 0.0)
(37.952179, 28.822027, 0.0)
(38.165070, 27.947929, 0.0)
(38.149994, 27.691124, 0.0)
(38.144989, 27.749535, 0.0)
(38.139572, 27.791552, 0.0)
(38.126335, 27.767233, 0.0)
(38.139278, 27.785891, 0.0)
(38.139530, 27.781919, 0.0)
(38.154369, 27.829865, 0.0)
(38.160042, 27.794195, 0.0)
(38.110352, 27.818531, 0.0)
(38.085522, 27.865742, 0.0)
(38.095722, 27.838249, 0.0)
(38.121208, 27.845837, 0.0)
(38.082642, 27.838758, 0.0)
(38.113647, 27.831169, 0.0)
(38.083431, 27.758989, 0.0)
(38.084248, 27.732416, 0.0)
(38.136707, 27.708309, 0.0)
(38.176941, 27.744247, 0.0)
(38.141525, 27.748617, 0.0)
(38.171421, 27.752216, 0.0)
(38.180733, 27.752520, 0.0)
(38.239204, 27.787090, 0.0)
(38.233768, 27.853567, 0.0)
(38.179348, 27.822145, 0.0)
(38.167629, 27.866539, 0.0)
(38.156403, 27.860941, 0.0)
(38.218006, 27.810812, 0.0)
(38.200882, 27.775791, 0.0)
(38.163441, 27.766830, 0.0)
(38.162292, 27.729174, 0.0)
(38.190079, 27.756613, 0.0)
(38.242554, 27.785442, 0.0)
(38.242260, 27.784861, 0.0)
(38.209320, 27.838734, 0.0)
(38.160656, 27.850435, 0.0)
(38.230232, 27.844055, 0.0)
(38.262550, 27.803097, 0.0)
(38.269321, 27.809650, 0.0)
(38.292084, 27.789259, 0.0)
(38.261028, 27.836842, 0.0)
(38.233646, 27.851233, 0.0)
(38.277851, 27.863974, 0.0)
(38.284958, 27.914541, 0.0)
(38.239483, 27.914455, 0.0)
(38.190990, 27.880421, 0.0)
(38.183075, 27.888138, 0.0)
(38.156059, 27.893858, 0.0)
(38.184868, 27.928482, 0.0)
(38.160305, 27.904861, 0.0)
(38.154694, 27.977655, 0.0)
(38.150154, 27.968596, 0.0)
(38.152969, 28.000822, 0.0)
(38.140602, 28.015453, 0.0)
(38.161507, 28.043331, 0.0)
(38.127815, 28.024452, 0.0)
(38.112244, 28.020088, 0.0)
(38.142742, 28.009678, 0.0)
(38.160496, 28.005379, 0.0)
(38.136429, 28.015522, 0.0)
(38.110855, 27.997734, 0.0)
(38.120937, 27.985046, 0.0)
(38.151035, 27.978403, 0.0)
(38.163357, 27.974321, 0.0)
(38.128639, 27.956602, 0.0)
(38.122837, 27.990442, 0.0)
(38.115475, 27.964987, 0.0)
(38.130207, 27.931429, 0.0)
(38.136795, 27.918936, 0.0)
(38.145416, 27.936357, 0.0)
(38.126072, 27.940403, 0.0)
(38.113865, 27.928396, 0.0)
(38.107750, 27.923847, 0.0)
(38.125511, 27.941988, 0.0)
(38.124569, 27.942009, 0.0)
(38.107239, 27.892241, 0.0)
(38.041607, 27.877272, 0.0)
(38.211845, 28.434029, 0.0)
(38.108349, 27.986404, 0.0)
(38.100155, 27.894098, 0.0)
(38.116768, 27.975491, 0.0)
(38.129700, 27.883665, 0.0)
(38.137283, 27.848812, 0.0)
(38.134918, 27.846701, 0.0)
(38.114517, 27.813395, 0.0)
(38.072220, 27.929050, 0.0)
(37.936451, 27.685905, 0.0)
(37.975407, 27.675549, 0.0)
(38.003052, 27.725178, 0.0)
(38.038044, 27.760765, 0.0)
(38.012241, 27.775507, 0.0)
(37.999557, 27.781982, 0.0)
(37.992210, 27.735464, 0.0)
(38.031124, 27.773237, 0.0)
(38.034222, 27.770853, 0.0)
(38.042301, 27.782518, 0.0)
(38.008476, 27.794872, 0.0)
(38.020554, 27.792820, 0.0)
(38.079639, 27.818804, 0.0)
(38.065350, 27.839073, 0.0)
(38.009758, 27.784872, 0.0)
(38.000820, 27.773197, 0.0)
(38.038307, 27.804405, 0.0)
(38.038681, 27.831987, 0.0)
(38.024578, 27.817938, 0.0)
(37.997837, 27.797489, 0.0)
(37.994984, 27.793869, 0.0)
(37.983376, 27.766590, 0.0)
(38.061672, 27.822615, 0.0)
(38.065964, 27.856651, 0.0)
(38.129505, 27.873049, 0.0)
(42.700989, 30.377220, 0.0)
(45.297295, 32.282043, 0.0)
(45.578724, 32.612972, 0.0)
(45.526180, 32.723637, 0.0)
(45.430637, 32.679058, 0.0)
(45.407562, 32.619164, 0.0)
(45.408195, 32.556576, 0.0)
(45.416737, 32.470528, 0.0)
(45.421379, 32.593689, 0.0)
(45.458473, 32.660774, 0.0)
(45.668915, 32.729488, 0.0)
(45.643337, 32.700558, 0.0)
(45.673710, 32.669697, 0.0)
(45.706028, 32.679562, 0.0)
(45.662994, 32.737103, 0.0)
(45.642796, 32.663719, 0.0)
(45.692711, 32.740765, 0.0)
(45.708683, 32.735229, 0.0)
(45.708683, 32.735229, 0.0)
(45.636520, 32.716934, 0.0)
(45.596245, 32.675190, 0.0)
(45.647316, 32.636345, 0.0)
(45.660824, 32.562073, 0.0)
(45.665146, 32.492741, 0.0)
(45.663414, 32.455921, 0.0)
(45.685238, 32.372288, 0.0)
(45.690105, 32.290520, 0.0)
(45.709435, 32.260933, 0.0)
(45.729393, 32.216393, 0.0)
(45.717049, 32.147354, 0.0)
(45.705688, 32.206753, 0.0)
(45.731812, 32.126652, 0.0)
(45.758587, 32.091988, 0.0)
(45.669395, 32.045815, 0.0)
(45.674694, 32.015854, 0.0)
(45.657806, 31.979383, 0.0)
(45.674274, 31.710287, 0.0)
(45.105244, 25.674822, 0.0)
(44.470928, 23.887138, 0.0)
(44.466339, 23.641184, 0.0)
(44.482204, 23.689589, 0.0)
(44.492378, 23.582619, 0.0)
(44.516376, 23.589016, 0.0)
(44.562408, 23.643343, 0.0)
(44.501366, 23.568859, 0.0)
(44.711163, 22.896723, 0.0)
(44.707298, 22.808327, 0.0)
(44.774940, 22.842222, 0.0)
(44.792580, 22.930332, 0.0)
(44.782860, 22.909691, 0.0)
(44.788132, 22.840374, 0.0)
(44.792385, 22.824253, 0.0)
(44.804916, 22.830584, 0.0)
(44.781788, 22.855196, 0.0)
(44.785912, 22.869446, 0.0)
(44.802036, 22.855423, 0.0)
(44.805691, 22.872616, 0.0)
(44.774216, 22.869184, 0.0)
(44.835651, 22.930979, 0.0)
(44.808407, 22.933332, 0.0)
(44.781780, 22.913616, 0.0)
(44.795292, 22.903233, 0.0)
(44.800323, 22.878632, 0.0)
(44.774364, 22.915340, 0.0)
(44.754250, 22.925079, 0.0)
(44.773529, 22.927683, 0.0)
(44.823734, 22.972382, 0.0)
(44.832649, 22.970900, 0.0)
(44.802208, 22.988565, 0.0)
(44.790062, 23.000322, 0.0)
(44.803986, 23.018333, 0.0)
(44.824112, 23.001465, 0.0)
(44.805817, 22.979229, 0.0)
(44.806755, 22.971903, 0.0)
(44.485550, 23.012724, 0.0)
(40.192047, 24.440186, 0.0)
(35.190468, 26.290514, 0.0)
(31.770483, 28.903378, 0.0)
(31.374353, 29.395401, 0.0)
(31.311314, 29.221245, 0.0)
(31.243324, 29.177389, 0.0)
(31.199430, 29.260216, 0.0)
(29.432384, 32.838039, 0.0)
(29.441534, 32.946957, 0.0)
(29.433203, 32.775696, 0.0)
(29.443151, 32.738804, 0.0)
(29.435320, 32.708656, 0.0)
(29.407942, 32.726990, 0.0)
(29.429964, 32.736214, 0.0)
(29.430666, 32.791435, 0.0)
(29.385244, 32.785275, 0.0)
(29.397472, 32.735081, 0.0)
(29.403219, 32.727356, 0.0)
(29.377180, 32.727173, 0.0)
(29.344259, 32.681873, 0.0)
(29.328356, 32.708450, 0.0)
(29.365498, 32.760750, 0.0)
(29.365833, 32.761200, 0.0)
(29.275742, 32.767879, 0.0)
(29.273102, 32.797760, 0.0)
(29.265896, 32.745453, 0.0)
(29.310907, 32.716980, 0.0)
(29.342707, 32.690933, 0.0)
(29.321939, 32.673534, 0.0)
(29.314823, 32.685791, 0.0)
(29.294167, 32.702438, 0.0)
(29.305159, 32.677887, 0.0)
(29.403936, 32.674427, 0.0)
(29.352409, 32.668083, 0.0)
(29.353765, 32.623024, 0.0)
(28.710670, 27.138830, 0.0)
(28.578772, 24.345675, 0.0)
(28.493122, 24.287050, 0.0)
(28.433971, 24.367653, 0.0)
(28.352205, 24.453245, 0.0)
(28.406107, 24.114399, 0.0)
(28.219364, 23.318043, 0.0)
(28.207317, 23.375544, 0.0)
(28.217466, 23.390020, 0.0)
(28.266947, 23.406132, 0.0)
(28.188183, 23.438461, 0.0)
(28.169878, 23.415812, 0.0)
(28.202230, 23.365980, 0.0)
(28.189211, 23.406334, 0.0)
(28.135345, 23.442234, 0.0)
(28.119055, 23.450117, 0.0)
(28.108294, 23.440578, 0.0)
(28.130226, 23.437023, 0.0)
(28.124319, 23.465378, 0.0)
(28.087435, 23.469822, 0.0)
(28.075384, 23.454529, 0.0)
(28.093178, 23.467157, 0.0)
(28.108343, 23.484638, 0.0)
(28.110485, 23.513372, 0.0)
(28.136223, 23.508835, 0.0)
(28.132133, 23.537401, 0.0)
(28.112083, 23.556923, 0.0)
(28.090866, 23.525331, 0.0)
(28.112335, 23.510462, 0.0)
(28.114420, 23.505123, 0.0)
(28.065504, 23.514477, 0.0)
(28.030258, 23.497816, 0.0)
(28.094418, 23.474541, 0.0)
(28.082748, 23.478855, 0.0)
(28.132086, 23.490110, 0.0)
(28.083811, 23.505301, 0.0)
(28.653902, 23.442257, 0.0)
(35.154758, 23.231777, 0.0)
(38.539642, 25.928486, 0.0)
(38.800220, 26.241518, 0.0)
(38.205605, 26.450136, 0.0)
(38.105465, 26.289986, 0.0)
(38.038761, 26.343727, 0.0)
(38.182255, 27.565102, 0.0)
(37.895767, 26.548428, 0.0)
(37.842777, 26.181103, 0.0)
(37.882416, 26.265844, 0.0)
(37.872765, 26.290689, 0.0)
(37.810078, 26.369186, 0.0)
(37.844402, 26.541073, 0.0)
(37.840603, 26.637508, 0.0)
(37.853909, 26.722368, 0.0)
(37.944565, 26.715445, 0.0)
(37.948433, 26.552536, 0.0)
(37.962189, 26.479166, 0.0)
(37.844990, 26.540476, 0.0)
(37.849197, 26.583651, 0.0)
(37.933708, 26.648149, 0.0)
(37.939186, 26.665236, 0.0)
(37.902748, 26.604647, 0.0)
(37.874371, 26.581766, 0.0)
(37.850914, 26.593393, 0.0)
(37.920208, 26.556763, 0.0)
(37.924671, 26.514061, 0.0)
(37.874241, 26.502037, 0.0)
(37.860931, 26.528088, 0.0)
(37.884834, 26.556135, 0.0)
(37.895344, 26.551823, 0.0)
(37.869549, 26.570719, 0.0)
(37.846325, 26.569721, 0.0)
(37.857800, 26.569374, 0.0)
(37.825470, 26.569696, 0.0)
(37.818180, 26.540960, 0.0)
(37.818951, 26.526890, 0.0)
(37.802265, 26.510628, 0.0)
(37.837151, 26.512964, 0.0)
(42.363091, 28.241888, 0.0)
(44.889629, 30.048780, 0.0)
(44.945629, 30.157362, 0.0)
(44.851955, 30.078588, 0.0)
(44.784325, 30.041506, 0.0)
(44.774002, 30.033772, 0.0)
(44.793739, 29.989868, 0.0)
(44.839203, 29.973471, 0.0)
(44.847370, 29.958326, 0.0)
(44.861523, 29.947826, 0.0)
(42.507298, 30.207487, 0.0)
(36.297569, 31.090780, 0.0)
(34.168819, 31.918978, 0.0)
(34.169498, 31.886000, 0.0)
(34.192333, 31.817944, 0.0)
(34.132259, 31.785023, 0.0)
(34.098648, 31.780413, 0.0)
(34.080315, 31.796221, 0.0)
(34.140205, 31.770256, 0.0)
(37.828892, 32.170940, 0.0)
(37.733181, 32.290039, 0.0)
(37.747749, 32.234375, 0.0)
(37.754047, 32.201839, 0.0)
(37.745327, 32.135601, 0.0)
(40.048450, 31.786879, 0.0)
(40.085720, 31.825621, 0.0)
(40.094124, 31.833652, 0.0)
(40.112358, 31.848255, 0.0)
(41.583622, 31.760893, 0.0)
(42.276463, 31.610485, 0.0)
(42.276814, 31.674112, 0.0)
(42.300140, 31.712946, 0.0)
(42.329266, 31.666983, 0.0)
(42.373196, 31.667414, 0.0)
(42.420986, 31.615747, 0.0)
(43.761696, 31.442326, 0.0)
(45.324894, 30.714495, 0.0)
(45.321007, 30.731312, 0.0)
(45.300713, 30.782906, 0.0)
(45.322899, 30.755976, 0.0)
(45.347458, 30.777655, 0.0)
(45.371002, 30.791208, 0.0)
(45.376751, 30.788021, 0.0)
(45.359341, 30.785070, 0.0)
(45.348469, 30.756107, 0.0)
(45.400314, 30.700346, 0.0)
(45.386833, 30.731337, 0.0)
(45.334560, 30.670706, 0.0)
(45.339142, 30.553886, 0.0)
(45.353359, 30.509186, 0.0)
(45.333702, 30.420021, 0.0)
(45.344593, 30.361185, 0.0)
(45.338985, 30.289572, 0.0)
(45.281788, 30.257906, 0.0)
(45.302944, 30.187244, 0.0)
(43.440548, 30.785006, 0.0)
(42.346470, 31.225311, 0.0)
(42.223583, 31.210049, 0.0)
(42.177410, 31.167400, 0.0)
(42.048378, 31.214138, 0.0)
(41.926704, 31.228867, 0.0)
(41.809448, 31.171221, 0.0)
(41.703304, 31.189558, 0.0)
(41.542595, 31.179205, 0.0)
(41.412209, 31.119410, 0.0)
(40.495193, 31.208513, 0.0)
(40.332542, 31.176075, 0.0)
(40.230644, 31.146044, 0.0)
(40.051662, 31.140699, 0.0)
(39.911373, 31.136358, 0.0)
(38.855350, 31.147461, 0.0)
(38.562557, 31.082476, 0.0)
(38.400940, 31.093868, 0.0)
(38.193138, 31.120501, 0.0)
(38.092617, 31.113802, 0.0)
(36.966064, 31.401361, 0.0)
(32.136047, 32.034805, 0.0)
(30.636879, 31.907427, 0.0)
(30.548531, 31.758156, 0.0)
(30.506275, 31.665007, 0.0)
(30.396420, 31.589081, 0.0)
(30.374849, 31.571001, 0.0)
(29.993979, 31.857035, 0.0)
(30.064377, 32.002464, 0.0)
(30.048197, 31.957640, 0.0)
(29.972660, 32.016285, 0.0)
(29.951315, 32.073429, 0.0)
(29.940935, 32.065174, 0.0)
(29.926916, 32.048550, 0.0)
(29.924595, 32.051628, 0.0)
(29.929871, 32.058037, 0.0)
(29.842989, 32.040977, 0.0)
(29.805206, 32.067287, 0.0)
(29.867149, 32.033279, 0.0)
(29.864876, 32.052532, 0.0)
(29.786402, 32.084457, 0.0)
(29.742294, 32.032768, 0.0)
(29.745844, 32.063576, 0.0)
(29.734964, 32.021030, 0.0)
(29.738546, 32.018272, 0.0)
(29.720217, 32.005035, 0.0)
(29.685308, 31.981186, 0.0)
(29.665081, 31.977198, 0.0)
(29.746626, 31.964834, 0.0)
(29.820410, 32.016445, 0.0)
(29.804701, 32.008305, 0.0)
(29.823917, 32.002686, 0.0)
(31.898373, 31.882582, 0.0)
(32.001335, 31.918638, 0.0)
(32.044823, 31.888580, 0.0)
(32.149082, 31.878759, 0.0)
(32.221729, 31.860098, 0.0)
(32.619846, 31.702728, 0.0)
(33.830750, 31.406483, 0.0)
(34.000420, 31.388823, 0.0)
(34.763355, 31.214983, 0.0)
(36.547012, 30.765898, 0.0)
(36.669662, 30.755274, 0.0)
(36.751892, 30.768206, 0.0)
(36.928349, 30.720503, 0.0)
(37.586765, 30.662846, 0.0)
(38.556309, 30.617912, 0.0)
(38.669815, 30.633675, 0.0)
(38.721409, 30.688763, 0.0)
(38.792831, 30.672270, 0.0)
(38.852905, 30.653685, 0.0)
(38.924194, 30.593773, 0.0)
(39.081722, 30.607582, 0.0)
(40.816513, 30.331512, 0.0)
(40.927952, 30.363302, 0.0)
(41.001289, 30.384233, 0.0)
(43.717094, 30.723246, 0.0)
(44.056110, 30.757725, 0.0)
(44.051842, 30.748743, 0.0)
(44.088772, 30.758808, 0.0)
(44.079235, 30.695784, 0.0)
(44.108852, 30.699167, 0.0)
(44.178421, 30.709364, 0.0)
(45.149426, 30.538992, 0.0)
(45.179790, 30.426386, 0.0)
(45.231911, 30.410822, 0.0)
(45.266506, 30.336788, 0.0)
(45.275452, 30.300438, 0.0)
(45.267445, 30.275778, 0.0)
(45.301262, 30.252035, 0.0)
(45.341557, 30.243500, 0.0)
(45.370258, 30.311354, 0.0)
(45.372726, 30.316561, 0.0)
(45.359219, 30.288921, 0.0)
(45.364307, 30.281168, 0.0)
(45.365383, 30.254719, 0.0)
(45.361023, 30.214624, 0.0)
(45.349171, 30.195246, 0.0)
(45.338596, 30.189171, 0.0)
(45.337788, 30.195368, 0.0)
(45.329411, 30.198975, 0.0)
(45.322403, 30.162424, 0.0)
(45.310913, 30.096411, 0.0)
(45.281651, 30.042278, 0.0)
(45.244720, 29.990681, 0.0)
(45.163033, 29.876183, 0.0)
(45.078266, 29.857014, 0.0)
(43.543446, 29.681164, 0.0)
(43.433952, 29.625422, 0.0)
(43.327820, 29.626045, 0.0)
(43.130413, 29.592110, 0.0)
(42.971786, 29.538120, 0.0)
(42.785007, 29.502399, 0.0)
(40.969540, 29.515203, 0.0)
(40.882648, 29.524897, 0.0)
(40.729259, 29.534859, 0.0)
(40.440319, 29.523077, 0.0)
(40.255737, 29.493896, 0.0)
(39.008286, 29.684616, 0.0)
(38.754185, 29.657892, 0.0)
(38.560024, 29.647074, 0.0)
(38.360065, 29.606131, 0.0)
(38.192219, 29.633551, 0.0)
(38.030128, 29.651819, 0.0)
(37.848057, 29.638924, 0.0)
(37.583725, 29.723316, 0.0)
(35.769852, 30.104853, 0.0)
(35.613853, 30.150696, 0.0)
(35.502583, 30.131126, 0.0)
(35.318813, 30.146748, 0.0)
(35.161556, 30.183289, 0.0)
(33.900002, 30.698757, 0.0)
(30.802866, 31.136435, 0.0)
(30.687250, 31.012432, 0.0)
(30.694822, 30.852663, 0.0)
(30.688673, 30.797632, 0.0)
(30.610296, 30.753548, 0.0)
(30.637123, 30.641026, 0.0)
(30.636711, 30.608707, 0.0)
(30.562187, 30.640450, 0.0)
(30.516022, 30.658445, 0.0)
(29.594667, 30.819845, 0.0)
(29.513742, 30.812559, 0.0)
(29.548527, 30.788937, 0.0)
(29.512066, 30.755413, 0.0)
(29.487436, 30.768909, 0.0)
(29.431620, 30.737827, 0.0)
(29.444490, 30.728312, 0.0)
(29.446880, 30.754511, 0.0)
(29.352125, 30.760342, 0.0)
(29.389954, 30.730091, 0.0)
(29.464392, 30.704357, 0.0)
(29.411751, 30.699030, 0.0)
(29.424221, 30.644375, 0.0)
(29.468222, 30.599134, 0.0)
(29.481123, 30.578955, 0.0)
(30.646814, 30.211666, 0.0)
(31.173731, 30.267181, 0.0)
(31.217318, 30.254398, 0.0)
(31.210791, 30.231098, 0.0)
(31.408140, 30.174759, 0.0)
(31.632000, 30.111206, 0.0)
(32.897591, 29.843130, 0.0)
(33.006599, 29.818466, 0.0)
(33.103157, 29.807949, 0.0)
(33.188854, 29.814245, 0.0)
(33.269989, 29.765982, 0.0)
(34.974808, 29.452250, 0.0)
(35.227047, 29.398487, 0.0)
(35.324448, 29.343380, 0.0)
(35.684650, 29.220400, 0.0)
(37.205112, 29.081690, 0.0)
(37.456356, 29.053171, 0.0)
(37.544117, 29.029213, 0.0)
(37.635277, 28.996016, 0.0)
(37.801315, 28.948490, 0.0)
(39.461582, 28.993195, 0.0)
(39.649963, 28.995075, 0.0)
(39.707466, 28.971579, 0.0)
(39.828461, 28.999720, 0.0)
(39.886192, 29.003687, 0.0)
(39.964001, 29.020432, 0.0)
(40.456940, 29.086519, 0.0)
(41.549397, 29.087307, 0.0)
(41.661762, 29.016233, 0.0)
(41.664032, 28.998131, 0.0)
(44.156872, 29.316715, 0.0)
(44.901314, 29.232122, 0.0)
(44.929626, 29.206507, 0.0)
(44.954079, 29.252365, 0.0)
(44.970551, 29.268080, 0.0)
(45.033215, 29.231504, 0.0)
(45.048016, 29.167089, 0.0)
(45.061527, 29.108376, 0.0)
(45.053410, 29.124571, 0.0)
(45.068180, 29.143665, 0.0)
(45.263783, 29.112946, 0.0)
(45.527493, 28.794872, 0.0)
(45.496006, 28.824158, 0.0)
(45.612827, 28.859043, 0.0)
(45.706425, 28.851570, 0.0)
(45.700958, 28.813070, 0.0)
(45.654926, 28.754400, 0.0)
(45.644554, 28.660618, 0.0)
(45.661102, 28.658451, 0.0)
(45.742382, 28.706968, 0.0)
(45.810726, 28.587086, 0.0)
(45.763966, 28.555208, 0.0)
(45.720928, 28.522676, 0.0)
(44.735126, 28.424187, 0.0)
(44.714043, 28.362629, 0.0)
(44.597416, 28.238008, 0.0)
(44.427254, 28.203043, 0.0)
(43.454861, 28.237061, 0.0)
(42.624012, 28.228197, 0.0)
(42.390591, 28.225903, 0.0)
(42.181095, 28.167574, 0.0)
(42.012871, 28.122988, 0.0)
(41.874512, 28.081478, 0.0)
(40.524857, 28.140615, 0.0)
(40.099621, 28.107300, 0.0)
(40.009918, 28.082891, 0.0)
(39.859871, 28.086182, 0.0)
(39.521027, 28.205223, 0.0)
(37.218510, 28.557713, 0.0)
(36.901451, 28.554600, 0.0)
(36.871853, 28.504766, 0.0)
(36.766346, 28.468456, 0.0)
(36.677155, 28.469862, 0.0)
(36.552109, 28.496073, 0.0)
(33.459576, 29.465637, 0.0)
(32.362743, 29.575907, 0.0)
(32.060982, 29.543045, 0.0)
(32.081211, 29.444000, 0.0)
(32.035057, 29.357071, 0.0)
(31.942389, 29.406759, 0.0)
(29.824139, 29.971104, 0.0)
(29.765499, 29.952011, 0.0)
(29.779919, 29.822222, 0.0)
(29.776207, 29.746054, 0.0)
(29.756077, 29.739807, 0.0)
(29.715345, 29.745718, 0.0)
(29.719419, 29.739408, 0.0)
(29.745459, 29.695848, 0.0)
(29.727083, 29.657387, 0.0)
(29.697584, 29.654617, 0.0)
(29.640127, 29.644741, 0.0)
(29.506701, 29.475464, 0.0)
(29.456238, 29.434523, 0.0)
(29.424526, 29.403215, 0.0)
(29.422657, 29.378853, 0.0)
(29.398121, 29.389448, 0.0)
(29.356329, 29.359327, 0.0)
(29.312561, 29.351521, 0.0)
(29.260864, 29.311289, 0.0)
(29.321527, 29.269794, 0.0)
(29.337038, 29.260946, 0.0)
(29.321556, 29.228056, 0.0)
(29.306999, 29.197998, 0.0)
(29.342857, 29.157772, 0.0)
(29.388643, 29.100231, 0.0)
(29.761427, 28.745792, 0.0)
(29.915442, 28.706837, 0.0)
(30.097023, 28.625330, 0.0)
(31.276508, 28.252340, 0.0)
(31.583815, 28.280523, 0.0)
(31.841381, 28.179438, 0.0)
(32.053391, 28.100937, 0.0)
(33.049267, 27.913509, 0.0)
(33.313923, 27.895288, 0.0)
(33.463570, 27.837908, 0.0)
(33.772449, 27.773653, 0.0)
(36.032574, 27.617386, 0.0)
(36.288677, 27.694044, 0.0)
(36.394493, 27.757853, 0.0)
(36.549740, 27.790586, 0.0)
(36.701218, 27.772438, 0.0)
(38.013084, 27.560856, 0.0)
(38.585011, 27.631289, 0.0)
(38.729603, 27.661669, 0.0)
(38.869907, 27.690359, 0.0)
(38.958504, 27.732721, 0.0)
(40.693439, 28.002234, 0.0)
(41.622646, 27.922157, 0.0)
(41.690174, 27.957937, 0.0)
(41.714249, 27.958864, 0.0)
(41.731537, 27.939251, 0.0)
(41.743652, 27.933338, 0.0)
(41.791599, 27.875410, 0.0)
(41.904736, 27.923922, 0.0)
(44.814034, 28.322783, 0.0)
(45.211830, 28.319983, 0.0)
(45.223656, 28.335081, 0.0)
(45.226845, 28.302912, 0.0)
(45.217693, 28.341560, 0.0)
(45.221424, 28.295242, 0.0)
(45.244152, 28.247538, 0.0)
(45.219643, 28.288527, 0.0)
(45.217449, 28.300737, 0.0)
(45.263832, 28.244463, 0.0)
(45.318840, 28.258217, 0.0)
(45.320377, 28.241451, 0.0)
(45.527721, 28.024256, 0.0)
(45.635952, 27.647930, 0.0)
(45.658638, 27.704460, 0.0)
(45.690819, 27.717884, 0.0)
(45.668171, 27.680494, 0.0)
(45.622959, 27.709581, 0.0)
(45.582993, 27.662556, 0.0)
(45.527851, 27.639500, 0.0)
(45.468410, 27.570517, 0.0)
(45.429924, 27.497684, 0.0)
(45.339096, 27.440767, 0.0)
(45.250629, 27.400358, 0.0)
(45.131706, 27.343727, 0.0)
(44.239124, 27.285021, 0.0)
(44.089848, 27.147961, 0.0)
(43.853767, 27.042690, 0.0)
(43.526070, 26.972073, 0.0)
(43.295910, 26.922726, 0.0)
(42.994907, 26.871992, 0.0)
(42.766834, 26.862606, 0.0)
(42.459801, 26.835157, 0.0)
(41.293621, 26.888765, 0.0)
(41.075832, 26.847723, 0.0)
(40.884659, 26.824013, 0.0)
(40.682053, 26.785116, 0.0)
(40.446476, 26.754133, 0.0)
(40.177303, 26.789343, 0.0)
(39.945705, 26.792833, 0.0)
(39.190098, 26.982874, 0.0)
(38.760609, 26.966890, 0.0)
(38.668396, 26.928450, 0.0)
(38.407047, 26.985620, 0.0)
(38.112114, 26.957701, 0.0)
(37.843708, 26.879030, 0.0)
(37.570812, 26.926750, 0.0)
(36.614544, 27.128744, 0.0)
(35.305286, 27.170139, 0.0)
(34.981976, 27.263617, 0.0)
(34.786900, 27.257957, 0.0)
(34.541866, 27.268259, 0.0)
(34.321037, 27.275442, 0.0)
(31.905060, 28.350948, 0.0)
(30.316071, 28.502775, 0.0)
(30.144724, 28.551180, 0.0)
(30.067019, 28.471992, 0.0)
(29.981813, 28.371792, 0.0)
(29.955872, 28.367039, 0.0)
(29.890930, 28.411118, 0.0)
(29.830835, 28.385124, 0.0)
(29.773031, 28.390759, 0.0)
(29.719477, 28.413500, 0.0)
(29.620384, 28.441444, 0.0)
(29.553144, 28.486971, 0.0)
(29.502537, 28.541304, 0.0)
(29.435413, 28.609106, 0.0)
(29.114212, 28.174610, 0.0)
(28.938097, 27.936720, 0.0)
(28.916676, 27.977287, 0.0)
(28.921217, 28.045296, 0.0)
(28.851099, 28.076923, 0.0)
(28.857363, 28.033220, 0.0)
(28.994938, 27.974491, 0.0)
(29.054728, 28.007481, 0.0)
(29.041430, 27.976913, 0.0)
(29.063820, 27.910519, 0.0)
(29.117199, 27.877474, 0.0)
(30.527431, 27.465483, 0.0)
(31.018730, 27.378222, 0.0)
(31.082947, 27.358576, 0.0)
(32.062664, 27.082483, 0.0)
(32.625122, 27.067640, 0.0)
(32.737156, 26.986506, 0.0)
(32.895744, 26.927462, 0.0)
(33.015163, 26.915565, 0.0)
(33.178963, 26.865761, 0.0)
(34.109657, 26.770731, 0.0)
(35.478970, 26.639893, 0.0)
(35.670441, 26.657497, 0.0)
(35.766319, 26.686638, 0.0)
(35.875717, 26.676149, 0.0)
(35.952751, 26.623482, 0.0)
(37.084572, 26.516254, 0.0)
(37.282642, 26.459335, 0.0)
(37.368645, 26.466417, 0.0)
(37.462688, 26.454861, 0.0)
(37.565170, 26.491753, 0.0)
(38.936092, 26.331282, 0.0)
(39.211288, 26.300922, 0.0)
(39.313160, 26.325792, 0.0)
(39.393356, 26.357935, 0.0)
(39.544594, 26.334446, 0.0)
(41.808235, 26.639725, 0.0)
(42.066185, 26.705088, 0.0)
(42.106388, 26.687853, 0.0)
(42.274353, 26.668215, 0.0)
(42.335159, 26.687389, 0.0)
(42.400105, 26.697514, 0.0)
(42.494690, 26.724733, 0.0)
(42.634853, 26.707130, 0.0)
(45.095314, 26.921167, 0.0)
(45.196194, 26.818081, 0.0)
(45.127499, 26.887936, 0.0)
(45.118668, 26.857975, 0.0)
(45.175076, 26.854858, 0.0)
(45.203632, 26.894945, 0.0)
(45.208679, 26.886511, 0.0)
(45.248047, 26.888266, 0.0)
(45.256954, 26.917891, 0.0)
(45.329479, 26.808392, 0.0)
(45.662762, 26.434046, 0.0)
(45.702888, 26.389231, 0.0)
(45.658249, 26.407549, 0.0)
(45.566711, 26.348125, 0.0)
(45.531055, 26.338968, 0.0)
(45.481346, 26.255423, 0.0)
(45.390743, 26.180496, 0.0)
(45.329967, 26.166815, 0.0)
(45.173191, 26.062243, 0.0)
(45.138973, 26.037136, 0.0)
(44.072594, 25.865864, 0.0)
(43.925022, 25.786373, 0.0)
(43.739834, 25.686487, 0.0)
(43.517334, 25.682928, 0.0)
(43.314754, 25.666094, 0.0)
(42.998833, 25.694927, 0.0)
(42.725140, 25.658167, 0.0)
(42.586601, 25.633055, 0.0)
(42.331341, 25.553936, 0.0)
(42.080097, 25.569597, 0.0)
(41.813068, 25.475716, 0.0)
(41.035500, 25.631575, 0.0)
(40.893524, 25.642893, 0.0)
(40.658840, 25.649485, 0.0)
(40.371639, 25.639833, 0.0)
(39.581383, 25.716011, 0.0)
(38.580975, 25.572811, 0.0)
(38.399597, 25.482456, 0.0)
(38.185776, 25.521063, 0.0)
(37.889572, 25.532345, 0.0)
(37.647392, 25.561737, 0.0)
(37.409779, 25.614195, 0.0)
(35.860634, 25.887819, 0.0)
(35.437176, 25.929485, 0.0)
(35.294025, 25.922930, 0.0)
(35.033699, 25.959070, 0.0)
(34.767651, 25.963480, 0.0)
(34.543938, 25.921391, 0.0)
(32.065769, 26.611000, 0.0)
(31.611099, 26.657394, 0.0)
(31.512573, 26.663280, 0.0)
(31.371300, 26.720135, 0.0)
(31.320494, 26.722162, 0.0)
(31.288389, 26.747780, 0.0)
(31.207306, 26.802002, 0.0)
(31.128845, 26.864422, 0.0)
(31.038445, 26.897974, 0.0)
(30.841986, 26.975754, 0.0)
(29.734665, 27.292868, 0.0)
(29.303476, 27.163410, 0.0)
(29.247408, 27.119492, 0.0)
(29.184610, 27.179956, 0.0)
(29.160521, 27.145342, 0.0)
(29.107803, 27.128077, 0.0)
(28.816612, 26.899755, 0.0)
(28.690876, 26.351418, 0.0)
(28.757141, 26.429718, 0.0)
(28.775789, 26.461338, 0.0)
(28.782597, 26.410004, 0.0)
(28.837177, 26.331150, 0.0)
(28.913712, 26.272686, 0.0)
(29.395880, 26.315187, 0.0)
(29.887094, 26.290327, 0.0)
(29.965319, 26.286436, 0.0)
(30.334679, 26.170366, 0.0)
(32.317848, 25.790224, 0.0)
(32.514034, 25.799234, 0.0)
(32.689022, 25.766684, 0.0)
(32.933853, 25.757671, 0.0)
(33.133289, 25.695307, 0.0)
(34.932716, 25.338770, 0.0)
(35.263504, 25.353218, 0.0)
(35.367577, 25.328976, 0.0)
(35.559052, 25.317923, 0.0)
(35.676361, 25.318682, 0.0)
(35.816082, 25.334961, 0.0)
(35.988605, 25.293674, 0.0)
(36.108524, 25.336147, 0.0)
(36.248249, 25.312065, 0.0)
(36.447571, 25.311150, 0.0)
(36.551403, 25.323561, 0.0)
(38.088734, 25.169149, 0.0)
(38.292953, 25.083797, 0.0)
(38.445984, 25.102135, 0.0)
(38.521488, 25.087292, 0.0)
(38.581554, 25.038128, 0.0)
(40.073013, 25.042555, 0.0)
(40.382492, 25.003990, 0.0)
(40.401340, 25.082241, 0.0)
(40.406952, 25.086626, 0.0)
(40.436855, 25.068340, 0.0)
(41.739262, 25.270845, 0.0)
(43.498417, 25.538958, 0.0)
(43.560158, 25.380985, 0.0)
(43.622715, 25.424314, 0.0)
(43.723228, 25.508238, 0.0)
(43.771152, 25.550575, 0.0)
(43.939106, 25.345860, 0.0)
(44.678997, 25.321760, 0.0)
(44.571011, 24.926081, 0.0)
(44.627338, 25.044409, 0.0)
(44.585728, 24.971930, 0.0)
(44.629921, 24.985737, 0.0)
(44.657909, 24.942873, 0.0)
(44.647240, 24.941496, 0.0)
(44.628059, 24.951946, 0.0)
(44.538555, 24.957518, 0.0)
(45.036541, 25.025061, 0.0)
(45.018661, 24.968792, 0.0)
(44.939964, 24.862427, 0.0)
(44.381340, 24.752329, 0.0)
(43.963802, 24.492733, 0.0)
(41.988792, 24.869555, 0.0)
(41.780529, 24.347315, 0.0)
(41.634289, 24.237524, 0.0)
(41.406239, 24.319542, 0.0)
(41.177898, 24.376110, 0.0)
(40.920601, 24.433874, 0.0)
(40.615490, 24.444805, 0.0)
(39.479385, 24.396109, 0.0)
(39.275208, 24.424608, 0.0)
(39.038563, 24.397451, 0.0)
(38.697838, 24.325958, 0.0)
(38.523987, 24.255526, 0.0)
(38.306381, 24.177299, 0.0)
(38.146660, 24.191505, 0.0)
(37.833855, 24.274506, 0.0)
(36.468796, 24.417877, 0.0)
(36.205566, 24.421019, 0.0)
(36.089375, 24.400730, 0.0)
(35.851952, 24.346033, 0.0)
(35.613022, 24.378624, 0.0)
(35.280476, 24.404076, 0.0)
(35.079708, 24.520685, 0.0)
(34.878437, 24.563124, 0.0)
(33.973469, 24.854187, 0.0)
(31.895863, 25.312498, 0.0)
(31.655813, 25.341694, 0.0)
(31.540174, 25.359827, 0.0)
(31.353085, 25.343214, 0.0)
(31.272655, 25.354488, 0.0)
(30.451944, 25.728497, 0.0)
(29.349398, 25.856871, 0.0)
(29.230824, 25.846806, 0.0)
(29.205570, 25.824347, 0.0)
(29.182863, 25.838865, 0.0)
(29.170321, 25.862228, 0.0)
(29.164358, 25.846817, 0.0)
(29.156448, 25.872383, 0.0)
(29.037704, 25.868168, 0.0)
(29.031654, 25.887012, 0.0)
(29.089588, 25.879175, 0.0)
(29.126280, 25.894714, 0.0)
(29.176395, 25.871176, 0.0)
(29.192881, 25.809885, 0.0)
(29.220867, 25.742155, 0.0)
(29.300745, 25.734081, 0.0)
(29.430483, 25.694187, 0.0)
(29.462708, 25.659077, 0.0)
(30.360367, 25.137012, 0.0)
(30.930384, 24.837280, 0.0)
(31.026182, 24.793121, 0.0)
(31.206188, 24.751104, 0.0)
(31.352177, 24.704075, 0.0)
(32.423645, 24.473539, 0.0)
(33.115292, 24.428860, 0.0)
(33.270966, 24.440590, 0.0)
(33.535770, 24.385714, 0.0)
(33.665531, 24.373451, 0.0)
(33.875698, 24.297012, 0.0)
(35.670155, 24.070398, 0.0)
(35.856300, 24.093615, 0.0)
(35.995846, 24.094542, 0.0)
(36.117619, 24.080896, 0.0)
(36.292412, 24.085545, 0.0)
(38.146030, 23.951855, 0.0)
(38.570419, 23.855930, 0.0)
(38.746407, 23.893356, 0.0)
(38.909592, 23.914322, 0.0)
(38.997646, 23.944086, 0.0)
(40.061489, 24.152681, 0.0)
(42.415165, 24.402151, 0.0)
(42.528347, 24.441042, 0.0)
(42.552814, 24.368086, 0.0)
(42.548267, 24.384615, 0.0)
(42.559250, 24.379230, 0.0)
(43.193687, 24.478241, 0.0)
(44.400383, 24.565357, 0.0)
(44.475048, 24.673542, 0.0)
(44.446865, 24.768879, 0.0)
(44.433624, 24.682856, 0.0)
(44.470310, 24.688948, 0.0)
(44.493286, 24.661715, 0.0)
(44.499905, 24.579115, 0.0)
(44.596233, 24.658882, 0.0)
(45.307014, 24.819117, 0.0)
(45.317921, 24.755257, 0.0)
(45.346729, 24.804306, 0.0)
(45.342190, 24.820885, 0.0)
(45.293011, 24.809374, 0.0)
(45.296230, 24.807625, 0.0)
(45.287769, 24.808947, 0.0)
(45.324299, 24.822281, 0.0)
(45.319496, 24.825850, 0.0)
(44.887512, 24.390181, 0.0)
(44.816830, 23.970240, 0.0)
(44.862488, 23.930187, 0.0)
(44.690491, 23.904789, 0.0)
(44.674141, 23.960936, 0.0)
(44.604515, 23.890598, 0.0)
(44.448399, 23.829586, 0.0)
(44.326725, 23.766310, 0.0)
(44.256622, 23.749876, 0.0)
(44.105724, 23.709139, 0.0)
(43.882301, 23.539600, 0.0)
(43.722542, 23.501442, 0.0)
(43.323322, 24.603952, 0.0)
(41.022564, 24.134407, 0.0)
(40.369080, 23.175920, 0.0)
(40.107502, 23.021547, 0.0)
(39.897305, 23.026983, 0.0)
(39.639435, 23.036213, 0.0)
(39.301228, 23.056854, 0.0)
(38.909924, 23.052929, 0.0)
(38.636791, 23.013481, 0.0)
(38.482319, 23.082071, 0.0)
(38.294384, 23.086933, 0.0)
(37.956593, 23.114763, 0.0)
(37.669159, 23.133020, 0.0)
(37.479797, 23.172014, 0.0)
(36.936417, 23.291327, 0.0)
(36.123959, 23.219406, 0.0)
(35.930576, 23.149902, 0.0)
(35.664429, 23.210644, 0.0)
(35.416115, 23.206047, 0.0)
(33.966908, 23.650187, 0.0)
(31.452730, 24.105785, 0.0)
(31.283941, 24.161261, 0.0)
(31.153500, 24.189060, 0.0)
(30.994614, 24.172642, 0.0)
(30.948494, 24.172707, 0.0)
(30.906509, 24.228762, 0.0)
(30.805056, 24.294506, 0.0)
(30.726858, 24.305149, 0.0)
(30.626667, 24.376106, 0.0)
(30.536621, 24.406622, 0.0)
(29.264767, 24.748363, 0.0)
(29.018656, 24.806913, 0.0)
(28.967888, 24.835041, 0.0)
(28.976788, 24.783455, 0.0)
(28.976788, 24.783455, 0.0)
(28.949945, 24.835352, 0.0)
(28.925734, 24.823801, 0.0)
(28.892433, 24.847843, 0.0)
(28.842968, 24.837931, 0.0)
(28.874825, 24.795481, 0.0)
(28.778696, 24.670387, 0.0)
(28.540403, 25.833422, 0.0)
(28.651098, 24.398769, 0.0)
(28.827211, 24.078531, 0.0)
(28.932684, 24.115324, 0.0)
(28.984304, 24.114986, 0.0)
(30.039415, 23.845150, 0.0)
(30.228157, 23.826748, 0.0)
(30.367805, 23.806541, 0.0)
(32.630722, 23.099350, 0.0)
(32.891895, 23.050737, 0.0)
(33.076305, 23.077900, 0.0)
(33.258686, 23.074390, 0.0)
(33.511780, 23.028229, 0.0)
(33.761745, 23.025303, 0.0)
(33.984436, 23.052586, 0.0)
(34.119213, 23.026634, 0.0)
(35.965351, 22.694908, 0.0)
(36.202045, 22.623997, 0.0)
(36.300777, 22.640886, 0.0)
(36.450851, 22.639009, 0.0)
(36.529327, 22.583158, 0.0)
(37.288761, 22.555208, 0.0)
(37.988182, 22.437178, 0.0)
(38.075226, 22.407043, 0.0)
(38.182430, 22.430819, 0.0)
(38.332890, 22.463905, 0.0)
(39.075146, 22.549068, 0.0)
(40.072578, 22.505146, 0.0)
(40.241421, 22.488405, 0.0)
(40.357632, 22.508291, 0.0)
(40.395599, 22.493698, 0.0)
(40.851036, 22.609453, 0.0)
(43.116730, 23.151825, 0.0)
(43.289959, 23.157200, 0.0)
(43.317921, 23.105614, 0.0)
(43.317181, 23.116913, 0.0)
(43.327530, 23.107744, 0.0)
(43.315487, 23.091335, 0.0)
(44.846657, 23.299206, 0.0)
(45.167606, 23.299389, 0.0)
(45.199615, 23.401026, 0.0)
(45.189774, 23.392229, 0.0)
(45.218773, 23.436766, 0.0)
(45.199368, 23.399004, 0.0)
(45.253277, 23.376842, 0.0)
(45.259258, 23.395544, 0.0)
(45.213436, 23.406244, 0.0)
(45.199722, 23.397383, 0.0)
(45.194477, 23.382582, 0.0)
(45.222748, 23.350399, 0.0)
(45.197918, 23.349014, 0.0)
(45.154335, 23.712996, 0.0)
(44.935848, 23.804287, 0.0)
(44.520470, 22.893330, 0.0)
(44.389481, 22.605606, 0.0)
(44.291943, 22.726130, 0.0)
(44.069450, 22.693329, 0.0)
(43.485115, 22.581306, 0.0)
(42.758148, 22.310911, 0.0)
(42.617279, 22.292231, 0.0)
(42.307770, 22.290154, 0.0)
(42.007088, 22.207146, 0.0)
(41.840645, 22.157091, 0.0)
(41.536320, 22.133266, 0.0)
(41.305115, 22.144896, 0.0)
(41.042751, 22.065634, 0.0)
(40.718807, 22.029465, 0.0)
(40.315826, 21.920786, 0.0)
(38.954212, 21.725826, 0.0)
(38.696781, 21.664499, 0.0)
(38.404949, 21.698809, 0.0)
(38.018120, 21.780251, 0.0)
(37.718609, 21.756477, 0.0)
(37.521599, 21.747326, 0.0)
(37.000805, 21.864302, 0.0)
(34.883251, 22.142872, 0.0)
(34.652912, 22.129271, 0.0)
(34.450081, 22.155748, 0.0)
(34.230717, 22.194620, 0.0)
(34.031399, 22.248520, 0.0)
(33.839302, 22.287401, 0.0)
(33.642796, 22.366970, 0.0)
(33.370117, 22.428297, 0.0)
(31.872511, 23.151865, 0.0)
(30.411469, 23.516256, 0.0)
(30.254620, 23.514399, 0.0)
(30.154856, 23.590925, 0.0)
(30.037064, 23.634588, 0.0)
(29.960825, 23.682461, 0.0)
(29.879633, 23.716923, 0.0)
(29.787554, 23.736618, 0.0)
(29.180584, 23.783875, 0.0)
(28.962753, 23.659536, 0.0)
(28.929758, 23.668156, 0.0)
(28.900063, 23.678591, 0.0)
(28.886087, 23.724789, 0.0)
(28.812212, 23.760633, 0.0)
(28.747194, 23.867613, 0.0)
(28.703621, 23.866928, 0.0)
(28.692442, 23.828423, 0.0)
(28.707031, 23.792967, 0.0)
(28.733150, 23.737425, 0.0)
(28.774517, 23.593441, 0.0)
(28.642519, 23.022013, 0.0)
(28.727518, 22.881931, 0.0)
(28.843523, 22.901720, 0.0)
(28.912279, 22.913952, 0.0)
(30.500137, 22.486080, 0.0)
(30.591156, 22.481926, 0.0)
(30.722330, 22.423172, 0.0)
(30.940777, 22.358150, 0.0)
(31.085468, 22.315659, 0.0)
(31.625462, 22.107979, 0.0)
(32.982815, 21.875954, 0.0)
(33.154343, 21.831528, 0.0)
(33.373516, 21.795906, 0.0)
(33.521935, 21.801825, 0.0)
(33.768543, 21.773226, 0.0)
(35.156368, 21.602537, 0.0)
(35.404045, 21.534231, 0.0)
(35.556267, 21.541746, 0.0)
(35.717484, 21.562689, 0.0)
(35.842693, 21.497040, 0.0)
(36.011654, 21.503902, 0.0)
(37.345886, 21.370096, 0.0)
(37.792027, 21.349800, 0.0)
(37.908516, 21.339579, 0.0)
(37.922268, 21.380524, 0.0)
(37.985939, 21.392515, 0.0)
(38.420834, 21.368771, 0.0)
(39.700073, 21.281906, 0.0)
(39.805336, 21.300766, 0.0)
(39.807175, 21.306452, 0.0)
(39.822346, 21.326702, 0.0)
(39.920761, 21.314474, 0.0)
(40.084599, 21.320299, 0.0)
(41.497707, 21.573502, 0.0)
(41.743919, 21.685446, 0.0)
(41.737640, 21.702272, 0.0)
(41.829041, 21.695566, 0.0)
(44.006069, 22.345243, 0.0)
(44.613194, 22.649206, 0.0)
(44.613724, 22.615002, 0.0)
(44.575359, 22.615129, 0.0)
(44.580318, 22.658310, 0.0)
(44.589523, 22.656347, 0.0)
(44.630108, 22.684938, 0.0)
(44.632782, 22.690390, 0.0)
(44.608864, 22.693041, 0.0)
(44.611523, 22.675331, 0.0)
(44.673176, 22.651045, 0.0)
(44.660610, 22.653297, 0.0)
(44.635654, 22.667269, 0.0)
(44.620945, 22.678864, 0.0)
(44.602558, 22.632324, 0.0)
(44.527588, 22.755859, 0.0)
(44.233673, 22.763121, 0.0)
(43.894093, 21.934319, 0.0)
(43.714451, 21.705128, 0.0)
(43.525867, 21.701191, 0.0)
(43.334408, 21.631273, 0.0)
(43.038456, 21.536251, 0.0)
(42.763203, 21.526037, 0.0)
(42.531731, 21.485209, 0.0)
(42.290546, 21.459860, 0.0)
(42.043995, 21.411966, 0.0)
(38.770294, 21.027424, 0.0)
(37.865963, 20.888609, 0.0)
(37.721420, 20.886505, 0.0)
(37.591442, 20.930296, 0.0)
(37.436306, 21.008617, 0.0)
(37.240387, 21.061378, 0.0)
(37.093002, 21.060120, 0.0)
(37.002857, 21.111399, 0.0)
(36.825237, 21.156757, 0.0)
(36.617577, 21.204905, 0.0)
(36.441738, 21.220259, 0.0)
(36.355789, 21.227652, 0.0)
(36.197704, 21.192825, 0.0)
(34.600277, 21.645710, 0.0)
(31.598049, 22.360979, 0.0)
(31.409914, 22.358582, 0.0)
(31.397516, 22.307060, 0.0)
(31.346024, 22.304216, 0.0)
(31.288773, 22.315407, 0.0)
(31.243156, 22.331232, 0.0)
(31.156973, 22.355881, 0.0)
(30.176216, 22.782036, 0.0)
(29.810951, 22.851580, 0.0)
(29.763115, 22.881916, 0.0)
(29.672812, 22.923986, 0.0)
(29.644331, 22.922291, 0.0)
(29.652182, 22.916885, 0.0)
(29.592539, 22.981030, 0.0)
(29.410976, 23.119820, 0.0)
(28.489479, 23.367807, 0.0)
(28.433701, 23.337250, 0.0)
(28.438885, 23.324013, 0.0)
(28.430225, 23.336277, 0.0)
(28.410896, 23.342670, 0.0)
(28.388035, 23.345573, 0.0)
(28.398439, 23.356001, 0.0)
(28.439512, 23.406860, 0.0)
(28.461374, 23.443172, 0.0)
(28.402147, 23.353479, 0.0)
(28.407419, 23.268518, 0.0)
(28.481058, 23.171331, 0.0)
(28.521751, 23.098188, 0.0)
(28.522202, 23.068888, 0.0)
(28.534346, 22.999529, 0.0)
(28.706970, 22.853212, 0.0)
(39.446064, 21.190523, 0.0)
(38.387493, 20.519432, 0.0)
(38.316975, 20.442795, 0.0)
(38.309753, 20.503254, 0.0)
(38.351746, 20.468227, 0.0)
(38.438179, 20.459433, 0.0)
(38.450733, 20.491596, 0.0)
(38.460983, 20.508465, 0.0)
(38.461426, 20.505468, 0.0)
(38.516960, 20.510689, 0.0)
(38.597393, 20.544762, 0.0)
(38.625004, 20.559725, 0.0)
(38.652504, 20.582047, 0.0)
(38.672585, 20.598988, 0.0)
(38.715122, 20.638334, 0.0)
(38.757996, 20.649290, 0.0)
(38.824532, 20.613270, 0.0)
(38.932953, 20.623913, 0.0)
(38.924767, 20.624310, 0.0)
(38.974331, 20.634010, 0.0)
(40.316875, 20.882450, 0.0)
(41.448139, 21.117031, 0.0)
(41.488781, 21.135855, 0.0)
(41.505566, 21.132956, 0.0)
(41.529663, 21.160530, 0.0)
(41.584129, 21.163578, 0.0)
(41.636505, 21.209175, 0.0)
(41.603367, 21.259840, 0.0)
(41.614761, 21.276146, 0.0)
(43.345036, 21.716177, 0.0)
(43.603882, 21.739614, 0.0)
(43.608921, 21.679319, 0.0)
(43.616184, 21.695280, 0.0)
(43.581177, 21.754602, 0.0)
(43.616268, 21.799858, 0.0)
(43.620861, 21.767921, 0.0)
(44.015270, 21.875181, 0.0)
(44.531906, 21.818348, 0.0)
(44.551609, 21.810686, 0.0)
(44.503777, 21.772337, 0.0)
(44.532688, 21.780434, 0.0)
(44.543186, 21.850019, 0.0)
(44.537613, 21.885473, 0.0)
(44.509750, 21.919195, 0.0)
(44.435814, 21.835030, 0.0)
(44.445850, 21.817774, 0.0)
(44.370747, 22.223522, 0.0)
(42.613670, 22.130451, 0.0)
(41.555954, 21.012358, 0.0)
(40.691555, 20.663424, 0.0)
(40.383724, 20.615791, 0.0)
(40.165241, 20.601376, 0.0)
(39.922359, 20.563568, 0.0)
(39.790459, 20.590811, 0.0)
(39.599651, 20.534163, 0.0)
(39.350323, 20.518429, 0.0)
(39.170227, 20.555229, 0.0)
(38.972443, 20.578960, 0.0)
(38.830952, 20.561619, 0.0)
(38.630322, 20.508785, 0.0)
(38.468403, 20.458635, 0.0)
(38.338558, 20.409426, 0.0)
(38.119942, 20.408173, 0.0)
(37.981575, 20.368269, 0.0)
(37.002399, 20.344143, 0.0)
(36.738132, 20.247707, 0.0)
(36.583092, 20.266340, 0.0)
(36.312542, 20.278231, 0.0)
(36.186687, 20.286827, 0.0)
(34.304615, 20.552595, 0.0)
(33.950603, 20.556332, 0.0)
(33.829666, 20.578705, 0.0)
(33.681499, 20.606422, 0.0)
(33.511139, 20.680468, 0.0)
(33.402744, 20.694006, 0.0)
(33.274879, 20.705704, 0.0)
(31.199591, 21.396189, 0.0)
(30.730268, 21.528109, 0.0)
(30.654438, 21.553991, 0.0)
(30.556288, 21.618237, 0.0)
(30.471786, 21.663492, 0.0)
(30.459167, 21.618540, 0.0)
(30.403423, 21.657143, 0.0)
(30.254601, 21.707541, 0.0)
(28.607557, 22.226410, 0.0)
(28.570314, 22.261816, 0.0)
(28.578638, 22.251265, 0.0)
(28.575926, 22.292559, 0.0)
(28.565683, 22.319820, 0.0)
(28.544430, 22.379421, 0.0)
(28.535887, 22.392469, 0.0)
(28.560244, 22.369867, 0.0)
(28.564236, 22.368351, 0.0)
(28.588762, 22.371449, 0.0)
(28.626287, 22.324320, 0.0)
(28.596645, 22.332317, 0.0)
(28.624914, 22.252232, 0.0)
(28.738300, 22.604004, 0.0)
(31.360956, 20.792332, 0.0)
(31.414909, 20.576529, 0.0)
(31.511366, 20.612341, 0.0)
(31.674992, 20.555130, 0.0)
(31.800652, 20.527170, 0.0)
(31.941788, 20.501358, 0.0)
(32.134377, 20.456833, 0.0)
(32.267757, 20.432951, 0.0)
(32.416183, 20.486006, 0.0)
(32.531609, 20.496281, 0.0)
(33.237473, 20.331285, 0.0)
(34.269428, 20.221367, 0.0)
(34.384842, 20.200850, 0.0)
(34.546482, 20.121689, 0.0)
(34.791153, 20.115999, 0.0)
(36.380314, 19.890345, 0.0)
(36.474426, 19.860046, 0.0)
(37.560261, 19.846025, 0.0)
(39.485054, 19.897251, 0.0)
(39.551865, 19.879160, 0.0)
(39.567226, 19.875544, 0.0)
(39.674065, 19.881115, 0.0)
(39.761078, 19.860729, 0.0)
(39.869030, 19.881819, 0.0)
(39.913631, 19.908560, 0.0)
(41.709743, 20.362637, 0.0)
(42.125633, 20.613342, 0.0)
(42.134399, 20.613926, 0.0)
(42.196533, 20.614223, 0.0)
(42.242512, 20.507587, 0.0)
(42.292530, 20.499424, 0.0)
(42.313835, 20.503035, 0.0)
(42.325054, 20.506168, 0.0)
(43.538715, 20.944508, 0.0)
(43.841690, 21.076777, 0.0)
(43.857502, 21.128504, 0.0)
(43.878696, 21.148010, 0.0)
(43.948296, 21.179745, 0.0)
(44.044151, 21.182589, 0.0)
(44.096828, 21.194845, 0.0)
(44.100311, 21.216208, 0.0)
(44.110691, 21.219707, 0.0)
(44.128952, 21.237780, 0.0)
(44.120476, 21.215500, 0.0)
(44.133007, 21.199696, 0.0)
(44.156815, 21.189337, 0.0)
(44.122723, 21.166788, 0.0)
(44.092140, 21.145962, 0.0)
(44.080605, 21.110006, 0.0)
(44.094475, 21.127499, 0.0)
(44.079617, 21.124971, 0.0)
(44.892334, 21.849655, 0.0)
(44.984680, 22.016308, 0.0)
(44.912994, 21.984854, 0.0)
(44.971611, 22.243357, 0.0)
(45.147900, 23.232262, 0.0)
(45.209488, 23.384050, 0.0)
(45.205181, 23.455738, 0.0)
(45.178570, 23.517075, 0.0)
(45.187183, 23.685709, 0.0)
(45.773144, 25.985554, 0.0)
(45.707588, 26.274570, 0.0)
(45.653767, 26.271708, 0.0)
(45.631428, 26.242504, 0.0)
(45.633762, 26.265940, 0.0)
(45.631222, 26.295240, 0.0)
(45.649441, 26.314215, 0.0)
(45.600285, 26.373478, 0.0)
(45.573853, 26.413288, 0.0)
(45.566219, 26.441753, 0.0)
(45.559570, 26.440388, 0.0)
(45.562534, 26.479624, 0.0)
(45.557934, 26.493927, 0.0)
(45.562080, 26.536369, 0.0)
(45.540897, 26.590878, 0.0)
(45.777287, 27.916742, 0.0)
(45.794212, 28.521286, 0.0)
(45.731194, 28.504356, 0.0)
(45.646900, 28.471228, 0.0)
(45.637386, 28.451813, 0.0)
(45.660305, 28.453951, 0.0)
(45.676441, 28.487135, 0.0)
(45.637276, 28.870155, 0.0)
(45.450115, 30.664219, 0.0)
(45.456333, 30.807076, 0.0)
(45.446629, 30.824888, 0.0)
(45.421154, 30.837755, 0.0)
(45.420986, 30.817268, 0.0)
(45.407558, 30.750778, 0.0)
(45.391262, 30.768570, 0.0)
(45.379166, 30.772831, 0.0)
(45.391323, 30.703245, 0.0)
(45.423134, 30.749229, 0.0)
(45.411610, 30.782051, 0.0)
(45.381344, 30.760565, 0.0)
(45.342613, 30.726889, 0.0)
(45.330677, 30.732763, 0.0)
(45.312984, 30.776737, 0.0)
(45.289963, 30.787832, 0.0)
(45.281441, 30.795683, 0.0)
(45.245869, 30.731506, 0.0)
(45.209461, 30.687708, 0.0)
(45.184731, 30.642628, 0.0)
(45.159443, 30.628849, 0.0)
(45.109978, 30.528225, 0.0)
(45.014771, 30.339764, 0.0)
(45.012840, 30.211283, 0.0)
(45.167423, 29.093491, 0.0)
(45.120285, 28.824543, 0.0)
(45.109966, 28.749886, 0.0)
(45.039772, 28.625381, 0.0)
(45.034664, 28.499840, 0.0)
(45.150414, 27.757086, 0.0)
(45.165936, 27.440275, 0.0)
(45.116459, 27.329859, 0.0)
(45.113686, 27.197762, 0.0)
(45.150806, 27.059097, 0.0)
(45.175480, 26.913260, 0.0)
(45.239555, 26.311216, 0.0)
(45.207947, 25.029606, 0.0)
(45.160675, 25.028101, 0.0)
(45.185913, 24.978651, 0.0)
(45.228752, 24.918938, 0.0)
(45.237553, 24.905676, 0.0)
(45.147629, 24.857073, 0.0)
(45.086704, 24.761538, 0.0)
(45.113998, 24.709681, 0.0)
(45.110184, 24.687878, 0.0)
(45.104679, 24.587437, 0.0)
(44.998497, 24.236395, 0.0)
(44.746922, 23.088329, 0.0)
(44.788246, 22.969402, 0.0)
(44.845215, 23.059759, 0.0)
(44.847431, 23.023289, 0.0)
(44.776657, 23.010696, 0.0)
(44.545231, 22.280561, 0.0)
(44.464970, 21.589769, 0.0)
(44.535088, 21.623219, 0.0)
(44.483154, 21.598406, 0.0)
(44.465694, 21.572615, 0.0)
(44.403999, 21.540043, 0.0)
(44.412933, 21.538147, 0.0)
(44.406971, 21.585657, 0.0)
(44.364464, 21.556570, 0.0)
(44.342037, 21.541492, 0.0)
(44.323254, 21.499409, 0.0)
(44.313087, 21.493275, 0.0)
(44.282887, 21.472006, 0.0)
(44.283401, 21.476923, 0.0)
(44.241604, 21.466932, 0.0)
(44.182747, 21.459763, 0.0)
(44.196449, 21.465450, 0.0)
(44.217007, 21.465801, 0.0)
(44.194977, 21.503855, 0.0)
(44.119450, 21.467144, 0.0)
(44.107975, 21.489470, 0.0)
(44.108215, 21.502403, 0.0)
(44.113132, 21.547146, 0.0)
(44.096760, 21.705286, 0.0)
(44.481640, 26.614952, 0.0)
(44.477901, 26.982533, 0.0)
(44.499035, 27.828896, 0.0)
(44.387707, 27.943703, 0.0)
(44.377804, 27.900337, 0.0)
(44.407455, 27.878145, 0.0)
(44.444580, 27.871511, 0.0)
(44.411980, 27.852148, 0.0)
(44.396637, 27.887131, 0.0)
(44.403004, 27.924431, 0.0)
(44.434303, 27.994955, 0.0)
(44.452988, 28.051367, 0.0)
(44.428368, 28.129000, 0.0)
(44.411900, 28.173725, 0.0)
(44.408970, 28.131275, 0.0)
(44.438286, 28.178974, 0.0)
(44.448265, 28.262585, 0.0)
(44.429157, 28.314983, 0.0)
(44.417599, 28.388884, 0.0)
(44.433002, 28.378271, 0.0)
(44.451786, 28.334175, 0.0)
(44.448097, 28.335861, 0.0)
(44.433990, 28.349718, 0.0)
(44.420906, 28.358797, 0.0)
(44.792927, 29.350225, 0.0)
(44.830967, 30.179192, 0.0)
(44.769562, 30.222021, 0.0)
(44.721104, 30.184845, 0.0)
(44.705669, 30.146326, 0.0)
(44.709576, 30.100067, 0.0)
(44.745632, 30.098354, 0.0)
(44.769817, 30.147223, 0.0)
(44.751003, 30.143604, 0.0)
(44.104996, 29.843464, 0.0)
(43.616131, 29.701748, 0.0)
(43.620941, 29.734682, 0.0)
(43.608913, 29.800745, 0.0)
(43.586929, 29.799074, 0.0)
(43.561092, 29.760954, 0.0)
(43.517868, 29.759441, 0.0)
(43.523750, 29.753933, 0.0)
(43.514122, 29.776236, 0.0)
(43.422810, 29.706938, 0.0)
(43.397125, 29.689329, 0.0)
(43.397125, 29.689329, 0.0)
(43.366501, 29.599829, 0.0)
(43.260307, 29.634455, 0.0)
(43.595421, 30.454971, 0.0)
(43.633575, 27.669779, 0.0)
(43.645939, 27.013878, 0.0)
(43.623039, 26.925535, 0.0)
(43.624229, 26.972704, 0.0)
(43.597073, 26.835047, 0.0)
(43.592773, 26.727692, 0.0)
(43.606720, 26.637663, 0.0)
(43.566250, 26.548204, 0.0)
(43.544373, 26.489355, 0.0)
(43.879490, 26.339264, 0.0)
(43.943893, 26.170980, 0.0)
(43.932629, 26.000868, 0.0)
(43.910461, 25.921761, 0.0)
(43.942112, 25.836271, 0.0)
(43.872589, 25.739376, 0.0)
(43.688087, 25.093325, 0.0)
(43.664238, 24.585440, 0.0)
(43.680828, 24.525215, 0.0)
(43.643795, 24.467588, 0.0)
(43.632454, 24.402536, 0.0)
(43.438404, 23.227707, 0.0)
(43.388935, 22.135052, 0.0)
(43.393764, 22.150200, 0.0)
(43.350082, 22.226353, 0.0)
(43.324493, 22.184011, 0.0)
(43.351044, 22.130520, 0.0)
(43.341187, 22.126085, 0.0)
(43.318470, 22.127935, 0.0)
(43.187290, 21.755457, 0.0)
(43.130238, 21.273769, 0.0)
(43.122295, 21.284464, 0.0)
(43.110722, 21.360138, 0.0)
(43.133457, 21.264690, 0.0)
(43.164360, 21.222357, 0.0)
(43.052692, 20.760164, 0.0)
(43.015957, 20.654655, 0.0)
(43.034668, 20.679308, 0.0)
(43.038795, 20.735697, 0.0)
(43.013363, 20.797983, 0.0)
(42.985298, 20.849632, 0.0)
(42.980125, 20.812910, 0.0)
(42.958149, 20.778112, 0.0)
(42.974667, 20.754059, 0.0)
(42.975933, 20.715525, 0.0)
(42.931290, 20.694187, 0.0)
(42.919075, 20.727472, 0.0)
(42.856380, 20.758614, 0.0)
(42.692291, 20.758442, 0.0)
(42.359177, 20.774645, 0.0)
(42.290482, 20.770918, 0.0)
(42.120930, 20.822954, 0.0)
(42.403587, 25.006693, 0.0)
(42.649281, 24.619265, 0.0)
(42.642536, 24.712149, 0.0)
(42.664055, 24.824408, 0.0)
(42.686386, 24.873201, 0.0)
(42.718391, 24.978834, 0.0)
(42.705242, 25.024025, 0.0)
(42.708710, 25.115322, 0.0)
(42.686951, 25.226580, 0.0)
(42.688385, 25.254745, 0.0)
(42.715263, 25.324341, 0.0)
(42.715046, 25.382759, 0.0)
(42.676544, 25.457804, 0.0)
(42.664387, 25.468216, 0.0)
(42.665882, 25.490643, 0.0)
(42.664650, 25.593098, 0.0)
(42.682655, 25.665361, 0.0)
(42.649826, 25.754227, 0.0)
(42.623699, 25.809616, 0.0)
(42.652161, 25.859489, 0.0)
(42.657265, 25.924158, 0.0)
(42.978973, 27.925619, 0.0)
(42.951111, 28.801027, 0.0)
(42.899204, 28.879778, 0.0)
(42.880226, 28.924795, 0.0)
(42.875153, 28.896305, 0.0)
(42.905598, 28.814833, 0.0)
(42.964474, 29.162663, 0.0)
(43.101376, 30.752035, 0.0)
(43.019543, 30.834465, 0.0)
(43.010288, 30.733881, 0.0)
(43.003956, 30.728151, 0.0)
(42.985134, 30.689564, 0.0)
(42.920940, 30.670324, 0.0)
(42.932327, 30.722595, 0.0)
(42.903160, 30.587450, 0.0)
(42.897652, 30.543591, 0.0)
(42.910793, 30.589001, 0.0)
(42.880680, 30.518524, 0.0)
(42.875801, 30.535778, 0.0)
(42.848316, 30.522173, 0.0)
(42.806702, 30.532911, 0.0)
(42.782516, 30.357086, 0.0)
(42.771198, 30.303211, 0.0)
(42.738461, 30.232849, 0.0)
(42.709671, 30.214712, 0.0)
(42.629143, 30.069126, 0.0)
(42.597633, 29.963186, 0.0)
(42.567478, 29.846941, 0.0)
(42.175022, 29.418446, 0.0)
(42.027637, 29.482548, 0.0)
(41.910889, 24.932213, 0.0)
(41.910686, 24.526798, 0.0)
(41.908138, 24.472408, 0.0)
(41.959057, 24.409449, 0.0)
(42.005508, 24.748329, 0.0)
(42.433598, 27.266901, 0.0)
(42.283337, 27.164484, 0.0)
(42.188576, 26.822479, 0.0)
(42.235935, 26.647791, 0.0)
(42.262657, 26.407839, 0.0)
(42.252380, 26.233776, 0.0)
(42.149097, 26.051350, 0.0)
(42.081707, 25.904881, 0.0)
(41.829338, 24.297363, 0.0)
(41.824749, 24.118284, 0.0)
(41.831264, 24.115591, 0.0)
(41.829311, 24.028055, 0.0)
(41.769615, 23.974455, 0.0)
(41.698280, 23.935486, 0.0)
(41.722767, 23.817524, 0.0)
(41.710983, 23.750454, 0.0)
(41.685890, 23.664162, 0.0)
(41.554901, 21.760103, 0.0)
(41.466724, 21.115055, 0.0)
(41.436241, 21.192968, 0.0)
(41.399433, 21.229727, 0.0)
(41.414597, 21.222240, 0.0)
(41.305882, 20.912905, 0.0)
(41.280376, 20.023689, 0.0)
(41.302769, 19.981432, 0.0)
(41.326904, 20.073900, 0.0)
(41.291489, 20.079426, 0.0)
(41.309391, 20.126085, 0.0)
(41.296249, 20.177441, 0.0)
(41.311192, 20.202517, 0.0)
(41.389217, 20.287657, 0.0)
(40.589039, 19.984144, 0.0)
(40.653137, 20.155268, 0.0)
(40.535324, 19.913738, 0.0)
(40.526192, 19.973162, 0.0)
(40.462528, 20.081562, 0.0)
(40.427345, 20.125729, 0.0)
(40.427238, 20.115982, 0.0)
(40.419750, 20.177626, 0.0)
(40.416370, 20.194403, 0.0)
(40.375732, 20.318363, 0.0)
(40.335148, 20.410772, 0.0)
(41.081581, 22.121469, 0.0)
(41.141712, 22.578173, 0.0)
(41.069290, 22.657768, 0.0)
(41.036919, 22.702751, 0.0)
(40.999306, 22.746254, 0.0)
(41.027973, 22.851940, 0.0)
(41.071899, 22.943220, 0.0)
(41.064590, 22.970041, 0.0)
(41.061584, 23.384615, 0.0)
(41.482388, 25.480934, 0.0)
(41.729855, 26.787184, 0.0)
(41.712688, 26.892616, 0.0)
(41.660397, 26.846876, 0.0)
(41.570969, 26.838425, 0.0)
(41.475456, 26.896858, 0.0)
(41.492126, 26.905600, 0.0)
(41.529903, 26.971769, 0.0)
(41.527489, 26.996706, 0.0)
(41.486794, 27.006037, 0.0)
(41.459087, 27.005447, 0.0)
(41.467007, 27.034227, 0.0)
(41.491108, 27.061741, 0.0)
(41.496063, 27.121870, 0.0)
(41.444118, 27.128492, 0.0)
(41.411114, 27.152004, 0.0)
(41.385826, 27.144455, 0.0)
(41.365829, 27.129168, 0.0)
(41.404541, 27.095882, 0.0)
(41.415226, 27.085691, 0.0)
(41.378620, 27.243191, 0.0)
(41.575760, 29.638287, 0.0)
(41.486092, 30.202251, 0.0)
(41.502003, 30.114496, 0.0)
(41.533756, 30.017815, 0.0)
(41.506012, 29.970776, 0.0)
(41.493004, 29.927263, 0.0)
(41.501522, 29.929806, 0.0)
(41.498146, 29.937271, 0.0)
(41.457455, 29.917734, 0.0)
(41.451359, 29.911839, 0.0)
(41.451359, 29.905262, 0.0)
(41.465210, 29.924217, 0.0)
(41.468300, 29.972567, 0.0)
(41.429935, 29.972040, 0.0)
(41.380981, 29.969019, 0.0)
(41.369671, 29.939842, 0.0)
(41.360538, 29.901459, 0.0)
(40.325855, 27.018520, 0.0)
(40.313808, 26.285189, 0.0)
(40.299591, 26.189751, 0.0)
(40.277058, 26.220709, 0.0)
(40.237259, 26.186703, 0.0)
(40.232368, 26.146019, 0.0)
(40.245373, 26.078632, 0.0)
(40.251659, 26.054657, 0.0)
(40.221073, 25.984026, 0.0)
(40.220036, 25.847506, 0.0)
(40.283985, 25.786211, 0.0)
(40.334743, 25.790678, 0.0)
(40.265152, 25.742273, 0.0)
(40.195175, 25.692837, 0.0)
(40.193523, 25.642826, 0.0)
(40.250698, 25.602322, 0.0)
(40.250057, 25.372366, 0.0)
(40.113422, 23.170534, 0.0)
(40.004528, 22.346266, 0.0)
(40.044071, 22.415024, 0.0)
(40.063831, 22.516659, 0.0)
(40.049500, 22.541737, 0.0)
(40.034203, 22.526281, 0.0)
(40.018723, 22.558565, 0.0)
(40.001629, 22.553045, 0.0)
(40.007614, 22.475046, 0.0)
(39.929363, 22.541775, 0.0)
(39.260117, 20.686232, 0.0)
(39.148796, 20.172243, 0.0)
(39.199207, 20.254692, 0.0)
(39.208443, 20.317854, 0.0)
(39.262257, 20.347988, 0.0)
(39.296154, 20.339378, 0.0)
(39.322304, 20.360743, 0.0)
(39.349873, 20.323259, 0.0)
(39.355118, 20.351231, 0.0)
(39.321232, 20.331362, 0.0)
(39.354851, 20.304365, 0.0)
(39.393993, 20.268049, 0.0)
(39.327400, 20.253801, 0.0)
(39.352692, 20.241680, 0.0)
(39.351845, 20.215385, 0.0)
(39.345104, 20.230738, 0.0)
(39.368214, 20.241787, 0.0)
(39.322937, 20.295198, 0.0)
(39.060482, 20.186117, 0.0)
(39.043129, 23.035671, 0.0)
(38.964783, 23.140249, 0.0)
(38.985458, 23.240953, 0.0)
(38.987831, 23.352770, 0.0)
(38.961182, 23.489752, 0.0)
(38.918522, 23.703215, 0.0)
(39.788326, 26.172459, 0.0)
(39.922630, 28.396646, 0.0)
(39.794350, 28.914072, 0.0)
(39.739056, 28.848646, 0.0)
(39.689995, 28.840599, 0.0)
(39.662586, 28.788769, 0.0)
(39.669151, 28.780033, 0.0)
(39.645393, 28.767960, 0.0)
(39.636955, 28.748402, 0.0)
(39.606853, 28.715689, 0.0)
(39.571499, 28.734438, 0.0)
(39.585354, 28.745560, 0.0)
(39.636288, 28.807629, 0.0)
(39.617043, 28.842451, 0.0)
(39.591167, 28.832623, 0.0)
(39.563515, 28.852833, 0.0)
(39.588528, 28.871994, 0.0)
(39.624722, 28.914553, 0.0)
(39.608822, 28.930723, 0.0)
(39.597591, 28.971016, 0.0)
(39.559334, 28.967722, 0.0)
(39.562229, 28.946362, 0.0)
(39.571362, 29.009396, 0.0)
(39.591957, 29.075644, 0.0)
(39.580833, 29.181280, 0.0)
(39.522610, 29.199436, 0.0)
(39.577374, 29.198317, 0.0)
(39.632954, 29.238018, 0.0)
(39.766731, 30.062983, 0.0)
(39.717697, 30.372747, 0.0)
(39.695595, 30.335657, 0.0)
(39.704834, 30.333069, 0.0)
(39.701183, 30.362783, 0.0)
(39.694000, 30.390873, 0.0)
(39.678165, 30.421753, 0.0)
(39.634903, 30.458021, 0.0)
(39.665485, 30.457573, 0.0)
(39.595470, 30.499077, 0.0)
(39.188591, 30.587204, 0.0)
(39.089752, 30.632511, 0.0)
(39.047310, 30.611502, 0.0)
(39.057396, 30.638968, 0.0)
(39.048111, 32.235199, 0.0)
(38.661964, 28.933296, 0.0)
(38.371689, 27.544558, 0.0)
(38.257957, 27.277237, 0.0)
(38.207767, 27.224028, 0.0)
(38.117374, 27.126638, 0.0)
(38.110752, 26.999561, 0.0)
(38.104458, 26.893675, 0.0)
(38.538136, 26.939894, 0.0)
(38.652767, 26.873121, 0.0)
(38.678207, 26.736254, 0.0)
(38.661072, 26.681765, 0.0)
(38.567955, 26.628267, 0.0)
(38.536930, 26.499146, 0.0)
(38.516041, 26.374943, 0.0)
(38.543831, 26.275652, 0.0)
(38.551430, 26.186098, 0.0)
(38.267597, 24.299892, 0.0)
(38.225830, 23.139990, 0.0)
(38.258678, 23.245468, 0.0)
(38.259575, 23.278952, 0.0)
(38.256836, 23.266542, 0.0)
(38.220715, 23.233646, 0.0)
(38.136806, 23.176271, 0.0)
(38.155575, 23.073454, 0.0)
(38.183872, 23.034609, 0.0)
(38.159004, 22.978422, 0.0)
(37.966202, 22.323175, 0.0)
(37.605522, 20.279036, 0.0)
(37.611511, 20.211327, 0.0)
(37.640522, 20.338305, 0.0)
(37.626865, 20.370813, 0.0)
(37.616192, 20.370289, 0.0)
(37.599785, 20.354406, 0.0)
(37.634754, 20.325958, 0.0)
(37.447815, 20.234734, 0.0)
(37.277271, 20.077744, 0.0)
(37.289131, 20.101696, 0.0)
(37.242477, 20.128178, 0.0)
(37.262623, 20.139860, 0.0)
(37.298653, 20.146154, 0.0)
(37.322952, 20.134380, 0.0)
(37.263126, 20.153587, 0.0)
(37.210793, 20.156166, 0.0)
(37.196445, 20.188644, 0.0)
(37.189785, 20.247866, 0.0)
(37.103222, 20.264135, 0.0)
(37.016033, 20.260569, 0.0)
(36.987061, 20.240198, 0.0)
(36.963440, 20.244265, 0.0)
(36.921371, 20.281561, 0.0)
(36.920353, 20.292908, 0.0)
(37.615246, 25.659134, 0.0)
(37.497028, 25.041821, 0.0)
(37.447792, 25.031752, 0.0)
(37.423580, 25.165922, 0.0)
(37.404724, 25.183456, 0.0)
(37.391491, 25.247332, 0.0)
(37.383797, 25.272871, 0.0)
(37.395779, 25.296703, 0.0)
(37.435810, 25.383759, 0.0)
(37.437305, 25.469904, 0.0)
(37.385841, 25.591534, 0.0)
(37.382938, 25.512396, 0.0)
(37.434299, 25.614553, 0.0)
(37.806931, 26.599787, 0.0)
(37.911083, 27.416981, 0.0)
(37.814884, 27.447376, 0.0)
(37.749096, 27.440630, 0.0)
(37.756420, 27.467279, 0.0)
(37.822548, 27.568310, 0.0)
(37.823368, 27.692921, 0.0)
(37.789688, 27.844028, 0.0)
(38.049919, 29.339634, 0.0)
(38.085613, 29.701794, 0.0)
(38.082310, 29.724741, 0.0)
(38.053719, 29.745474, 0.0)
(38.026257, 29.798418, 0.0)
(37.974655, 29.862087, 0.0)
(37.990406, 29.960018, 0.0)
(38.069294, 29.984818, 0.0)
(38.081425, 30.031654, 0.0)
(38.053314, 30.097088, 0.0)
(37.842075, 30.725109, 0.0)
(37.791267, 30.949724, 0.0)
(37.825615, 30.990337, 0.0)
(37.783573, 30.991629, 0.0)
(37.704395, 30.994608, 0.0)
(37.682625, 31.000000, 0.0)
(37.741486, 30.956158, 0.0)
(37.749966, 30.922400, 0.0)
(37.611378, 30.596512, 0.0)
(37.526901, 30.220711, 0.0)
(37.506325, 30.208864, 0.0)
(37.471821, 30.224745, 0.0)
(37.455208, 30.219143, 0.0)
(37.395847, 30.249310, 0.0)
(37.262936, 30.356525, 0.0)
(37.203018, 30.372370, 0.0)
(37.231258, 30.351908, 0.0)
(37.154495, 30.292091, 0.0)
(37.147766, 30.298466, 0.0)
(37.148651, 31.193649, 0.0)
(37.138531, 29.059902, 0.0)
(36.890381, 27.830641, 0.0)
(36.734688, 27.244663, 0.0)
(36.691368, 27.068096, 0.0)
(36.767017, 26.998856, 0.0)
(36.751991, 26.890177, 0.0)
(36.733910, 26.789488, 0.0)
(36.694458, 26.657696, 0.0)
(36.684540, 26.630838, 0.0)
(36.713772, 26.577539, 0.0)
(36.698265, 26.510616, 0.0)
(36.671875, 26.416540, 0.0)
(36.612335, 26.069929, 0.0)
(36.279140, 23.304956, 0.0)
(36.278660, 22.878790, 0.0)
(36.290829, 23.030584, 0.0)
(36.247276, 23.060669, 0.0)
(36.240498, 23.062548, 0.0)
(36.263950, 23.031193, 0.0)
(36.282532, 22.957224, 0.0)
(36.254612, 22.931368, 0.0)
(36.208717, 22.837524, 0.0)
(36.175491, 22.761606, 0.0)
(36.164165, 22.732073, 0.0)
(35.703335, 21.135765, 0.0)
(35.655380, 20.590334, 0.0)
(35.604862, 20.707693, 0.0)
(35.609486, 20.733973, 0.0)
(35.635136, 20.709206, 0.0)
(35.673782, 20.728510, 0.0)
(35.703171, 20.751350, 0.0)
(35.668804, 20.763502, 0.0)
(35.626972, 20.808319, 0.0)
(35.656662, 20.852808, 0.0)
(35.684170, 20.823751, 0.0)
(35.649448, 20.801727, 0.0)
(35.609692, 20.762280, 0.0)
(35.582546, 20.698420, 0.0)
(35.586105, 20.664322, 0.0)
(35.594345, 20.674440, 0.0)
(35.602180, 20.663860, 0.0)
(35.491985, 20.658287, 0.0)
(34.712379, 21.719894, 0.0)
(34.499569, 21.259596, 0.0)
(34.487667, 21.209524, 0.0)
(34.495625, 21.305367, 0.0)
(34.497849, 21.373770, 0.0)
(34.513569, 21.468880, 0.0)
(34.482803, 21.623842, 0.0)
(34.699257, 22.421803, 0.0)
(35.189201, 24.138275, 0.0)
(35.144508, 24.320404, 0.0)
(35.125214, 24.386690, 0.0)
(35.107262, 24.484772, 0.0)
(35.089523, 24.563793, 0.0)
(35.626736, 25.401405, 0.0)
(35.904594, 26.354332, 0.0)
(35.906502, 26.436531, 0.0)
(35.899055, 26.420729, 0.0)
(35.874065, 26.448112, 0.0)
(35.863789, 26.518744, 0.0)
(35.896381, 26.555214, 0.0)
(35.921387, 26.616922, 0.0)
(35.875954, 26.646837, 0.0)
(35.849434, 26.572544, 0.0)
(35.894707, 27.027750, 0.0)
(36.191715, 28.945555, 0.0)
(36.189861, 29.135515, 0.0)
(36.127079, 29.048054, 0.0)
(36.100800, 29.050472, 0.0)
(36.117275, 29.046692, 0.0)
(36.142708, 29.114531, 0.0)
(36.138828, 29.144403, 0.0)
(36.124893, 29.185535, 0.0)
(36.092262, 29.179607, 0.0)
(36.113796, 29.183687, 0.0)
(36.185410, 29.216129, 0.0)
(36.200344, 29.235243, 0.0)
(36.157158, 29.258482, 0.0)
(36.105927, 29.261702, 0.0)
(36.118782, 29.300365, 0.0)
(36.148415, 29.424391, 0.0)
(36.164494, 29.493137, 0.0)
(35.894409, 30.224400, 0.0)
(35.876904, 30.861763, 0.0)
(35.904839, 30.984070, 0.0)
(35.976498, 30.905703, 0.0)
(35.922077, 30.879707, 0.0)
(35.858318, 30.927132, 0.0)
(35.854980, 30.950146, 0.0)
(35.897579, 30.954723, 0.0)
(35.914932, 30.924387, 0.0)
(35.856125, 30.929546, 0.0)
(35.799450, 30.921930, 0.0)
(34.961983, 31.125954, 0.0)
(34.687229, 31.210938, 0.0)
(34.706074, 31.196356, 0.0)
(34.604687, 31.163023, 0.0)
(34.617672, 31.198217, 0.0)
(34.732143, 29.286285, 0.0)
(34.617233, 27.744650, 0.0)
(34.416039, 26.918821, 0.0)
(34.367832, 26.586498, 0.0)
(34.375332, 26.503382, 0.0)
(34.381065, 26.357714, 0.0)
(34.358585, 26.288958, 0.0)
(34.384464, 26.122177, 0.0)
(34.378681, 26.028593, 0.0)
(34.395672, 25.971701, 0.0)
(34.376625, 25.898378, 0.0)
(34.362144, 25.803513, 0.0)
(34.378628, 25.711767, 0.0)
(34.395596, 25.628151, 0.0)
(34.401180, 25.559797, 0.0)
(33.929829, 24.116280, 0.0)
(33.686321, 22.166527, 0.0)
(33.744408, 21.785166, 0.0)
(33.782917, 21.898956, 0.0)
(33.811501, 21.982809, 0.0)
(33.790634, 21.916470, 0.0)
(33.777779, 21.922506, 0.0)
(33.825779, 21.939163, 0.0)
(33.830032, 21.939865, 0.0)
(33.809837, 21.940857, 0.0)
(33.758190, 21.919065, 0.0)
(33.648048, 21.385527, 0.0)
(33.521519, 20.365566, 0.0)
(33.564087, 20.293327, 0.0)
(33.554638, 20.357313, 0.0)
(33.493656, 20.426838, 0.0)
(33.506107, 20.406473, 0.0)
(33.564095, 20.374460, 0.0)
(33.543152, 20.368723, 0.0)
(33.519928, 20.327530, 0.0)
(33.507393, 20.297703, 0.0)
(33.499493, 20.285622, 0.0)
(33.496586, 20.258816, 0.0)
(33.486488, 20.296610, 0.0)
(33.452560, 20.308270, 0.0)
(33.450321, 20.325764, 0.0)
(33.472168, 20.357710, 0.0)
(33.111710, 20.607155, 0.0)
(32.775658, 20.753315, 0.0)
(32.220421, 22.401209, 0.0)
(32.042778, 21.874323, 0.0)
(32.075054, 21.796835, 0.0)
(32.113396, 21.934092, 0.0)
(32.093678, 22.054188, 0.0)
(32.674698, 23.219887, 0.0)
(33.939640, 26.259605, 0.0)
(34.112133, 27.946949, 0.0)
(34.081947, 28.233301, 0.0)
(34.045059, 28.107883, 0.0)
(34.019135, 28.042065, 0.0)
(33.899536, 28.123781, 0.0)
(33.940105, 28.127407, 0.0)
(33.974819, 28.162365, 0.0)
(33.922443, 28.244299, 0.0)
(33.876331, 28.248751, 0.0)
(33.894699, 28.273048, 0.0)
(33.963711, 28.345770, 0.0)
(33.999985, 28.353277, 0.0)
(33.998169, 28.389744, 0.0)
(33.961258, 28.417511, 0.0)
(33.948303, 28.424067, 0.0)
(33.982479, 28.484659, 0.0)
(34.003101, 28.524399, 0.0)
(34.001030, 28.619450, 0.0)
(33.994888, 30.304066, 0.0)
(33.996510, 30.692493, 0.0)
(34.006100, 30.625505, 0.0)
(34.008202, 30.562084, 0.0)
(33.965595, 30.552744, 0.0)
(33.961372, 30.518559, 0.0)
(33.984524, 30.537851, 0.0)
(33.989639, 30.587812, 0.0)
(33.955753, 30.613413, 0.0)
(33.945122, 30.658367, 0.0)
(33.929615, 30.691019, 0.0)
(33.949295, 30.715790, 0.0)
(33.965591, 30.708023, 0.0)
(33.978519, 30.767065, 0.0)
(33.758965, 30.920731, 0.0)
(33.165852, 31.184616, 0.0)
(33.145851, 31.245558, 0.0)
(33.177876, 31.283632, 0.0)
(33.117554, 31.297529, 0.0)
(33.057987, 31.235512, 0.0)
(33.064808, 31.218702, 0.0)
(33.055878, 31.243200, 0.0)
(33.003891, 31.301138, 0.0)
(32.917614, 31.320591, 0.0)
(32.856018, 31.351898, 0.0)
(32.800125, 31.296120, 0.0)
(32.778698, 31.305996, 0.0)
(32.867359, 31.594639, 0.0)
(32.743340, 31.662323, 0.0)
(32.776577, 31.546028, 0.0)
(32.786640, 31.319065, 0.0)
(32.330463, 29.063053, 0.0)
(32.239719, 28.245029, 0.0)
(32.166096, 27.747847, 0.0)
(32.092693, 27.581676, 0.0)
(32.033295, 27.352343, 0.0)
(32.032532, 27.117495, 0.0)
(32.044540, 26.919132, 0.0)
(32.051449, 26.695772, 0.0)
(32.035275, 26.483864, 0.0)
(32.018291, 26.314119, 0.0)
(32.022198, 26.159325, 0.0)
(32.556660, 25.937384, 0.0)
(32.621101, 25.787773, 0.0)
(32.560013, 25.714682, 0.0)
(32.521210, 25.588518, 0.0)
(32.528961, 25.500069, 0.0)
(32.585789, 25.448126, 0.0)
(32.611633, 25.401814, 0.0)
(32.546642, 25.325600, 0.0)
(32.499615, 25.236105, 0.0)
(32.489262, 25.242189, 0.0)
(32.515106, 25.274385, 0.0)
(32.520248, 25.213728, 0.0)
(32.504097, 25.175318, 0.0)
(32.434246, 25.154942, 0.0)
(32.367973, 25.004255, 0.0)
(31.975981, 23.109793, 0.0)
(31.942570, 22.848045, 0.0)
(31.911472, 22.827816, 0.0)
(31.894951, 22.748692, 0.0)
(31.885767, 22.670959, 0.0)
(31.574375, 22.274696, 0.0)
(31.509077, 21.574774, 0.0)
(31.518730, 21.489788, 0.0)
(31.511818, 21.491358, 0.0)
(31.515478, 21.478632, 0.0)
(31.530315, 21.432941, 0.0)
(31.553211, 21.421484, 0.0)
(31.502769, 21.381063, 0.0)
(31.473997, 21.399696, 0.0)
(31.515190, 21.381664, 0.0)
(31.513718, 21.372316, 0.0)
(31.498653, 21.364149, 0.0)
(31.468588, 21.366816, 0.0)
(31.411652, 21.447321, 0.0)
(31.109436, 21.849611, 0.0)
(30.622822, 23.558931, 0.0)
(30.526127, 24.758566, 0.0)
(30.676764, 24.896473, 0.0)
(30.660040, 24.928671, 0.0)
(30.711029, 25.104139, 0.0)
(31.223198, 26.624533, 0.0)
(32.542908, 30.883957, 0.0)
(32.593838, 30.432323, 0.0)
(32.630222, 30.090900, 0.0)
(32.578316, 29.969810, 0.0)
(32.615486, 29.978474, 0.0)
(32.624619, 30.028118, 0.0)
(32.605316, 30.068766, 0.0)
(32.576542, 30.102234, 0.0)
(32.560562, 30.135376, 0.0)
(32.572807, 30.138884, 0.0)
(32.554440, 30.137163, 0.0)
(32.555626, 30.154005, 0.0)
(32.527500, 30.157970, 0.0)
(32.432060, 30.100529, 0.0)
(32.517780, 30.115704, 0.0)
(32.558708, 30.197712, 0.0)
(32.491081, 30.209030, 0.0)
(32.516956, 30.262537, 0.0)
(32.478424, 30.288898, 0.0)
(32.486626, 30.294249, 0.0)
(32.370895, 30.360775, 0.0)
(32.389839, 30.364204, 0.0)
(32.413509, 30.442720, 0.0)
(32.393223, 30.622150, 0.0)
(32.477840, 30.858480, 0.0)
(32.500431, 30.920956, 0.0)
(32.387459, 30.947931, 0.0)
(32.344646, 30.980671, 0.0)
(32.375637, 31.033432, 0.0)
(32.497635, 31.011295, 0.0)
(32.468128, 31.044626, 0.0)
(32.425182, 31.073303, 0.0)
(32.430935, 31.112480, 0.0)
(32.448177, 31.154449, 0.0)
(32.490673, 31.256748, 0.0)
(32.402470, 31.336742, 0.0)
(32.346275, 31.364706, 0.0)
(32.327793, 31.470537, 0.0)
(32.539154, 31.726986, 0.0)
(32.554913, 31.743940, 0.0)
(32.548630, 31.697124, 0.0)
(32.525242, 31.690001, 0.0)
(32.434807, 31.611933, 0.0)
(32.493820, 31.567537, 0.0)
(32.493164, 31.515835, 0.0)
(32.247635, 31.406012, 0.0)
(31.537201, 30.966616, 0.0)
(31.575060, 30.778208, 0.0)
(31.616133, 30.619230, 0.0)
(31.489260, 30.467968, 0.0)
(31.425615, 30.234171, 0.0)
(31.375929, 29.953550, 0.0)
(30.889215, 29.315903, 0.0)
(30.681995, 28.205868, 0.0)
(30.588675, 27.731220, 0.0)
(30.681768, 27.479610, 0.0)
(30.638924, 27.252390, 0.0)
(30.657576, 27.172953, 0.0)
(30.643385, 26.905352, 0.0)
(30.636713, 26.820412, 0.0)
(30.606516, 26.667135, 0.0)
(30.555792, 26.481138, 0.0)
(30.539801, 26.390190, 0.0)
(30.504705, 26.158566, 0.0)
(30.413994, 25.192375, 0.0)
(30.359085, 24.660982, 0.0)
(30.323122, 24.571140, 0.0)
(30.303699, 24.472511, 0.0)
(30.291437, 24.404493, 0.0)
(30.226635, 24.158875, 0.0)
(29.986130, 23.402618, 0.0)
(29.900198, 23.245016, 0.0)
(29.929386, 23.172472, 0.0)
(29.921562, 23.095119, 0.0)
(29.877804, 23.045492, 0.0)
(29.855139, 22.993841, 0.0)
(29.846390, 22.896084, 0.0)
(29.746540, 21.848440, 0.0)
(29.706469, 21.699690, 0.0)
(29.687000, 21.785379, 0.0)
(29.676155, 21.789679, 0.0)
(29.702543, 21.734459, 0.0)
(29.687094, 21.784819, 0.0)
(29.195507, 21.883543, 0.0)
(29.128115, 21.865665, 0.0)
(29.103935, 21.892761, 0.0)
(29.148415, 21.901392, 0.0)
(29.163254, 21.911871, 0.0)
(29.125240, 21.951590, 0.0)
(29.064075, 21.960468, 0.0)
(28.927633, 22.030193, 0.0)
(28.960176, 22.036055, 0.0)
(28.899145, 22.054417, 0.0)
(28.818714, 22.123756, 0.0)
(28.748278, 22.158085, 0.0)
(28.670000, 22.199957, 0.0)
(29.161463, 23.713921, 0.0)
(29.467367, 24.790844, 0.0)
(29.280706, 24.462143, 0.0)
(29.381893, 24.660662, 0.0)
(29.370327, 24.854595, 0.0)
(29.363232, 25.012756, 0.0)
(29.356703, 25.207253, 0.0)
(29.384701, 25.294292, 0.0)
(29.375042, 25.447662, 0.0)
(29.343019, 25.648748, 0.0)
(29.990320, 27.180122, 0.0)
(30.343542, 28.831652, 0.0)
(30.354572, 29.051008, 0.0)
(30.326462, 29.072712, 0.0)
(30.285591, 29.166382, 0.0)
(30.259836, 29.210159, 0.0)
(30.259224, 29.208517, 0.0)
(30.283636, 29.224192, 0.0)
(30.272482, 29.284849, 0.0)
(30.256601, 29.294117, 0.0)
(30.238523, 29.306374, 0.0)
(30.298031, 29.343409, 0.0)
(30.330030, 29.364128, 0.0)
(30.324957, 29.378717, 0.0)
(30.319281, 29.422472, 0.0)
(30.282072, 29.408907, 0.0)
(30.293732, 29.397440, 0.0)
(30.326237, 29.421547, 0.0)
(30.267475, 29.460487, 0.0)
(30.171808, 29.735872, 0.0)
(29.981241, 30.972713, 0.0)
(30.068008, 31.223228, 0.0)
(30.013718, 31.130760, 0.0)
(29.914492, 31.048925, 0.0)
(29.836355, 30.846516, 0.0)
(29.888891, 30.653997, 0.0)
(29.922401, 30.908298, 0.0)
(29.238073, 30.730541, 0.0)
(29.077839, 30.754818, 0.0)
(29.030481, 30.703382, 0.0)
(29.011940, 30.681419, 0.0)
(29.048532, 30.691147, 0.0)
(29.090868, 30.653984, 0.0)
(29.056953, 30.631325, 0.0)
(29.085642, 30.611181, 0.0)
(29.111898, 30.603241, 0.0)
(29.076429, 30.621181, 0.0)
(29.044712, 30.619217, 0.0)
(29.024031, 30.621775, 0.0)
(29.050304, 30.586773, 0.0)
(29.012672, 30.600592, 0.0)
(29.069979, 31.090952, 0.0)
(28.863823, 30.711573, 0.0)
(28.813047, 28.574072, 0.0)
(28.753078, 27.482883, 0.0)
(28.778269, 27.080864, 0.0)
(28.829165, 26.904493, 0.0)
(28.879499, 26.710583, 0.0)
(28.866896, 26.578545, 0.0)
(28.816692, 26.417412, 0.0)
(28.746140, 26.300198, 0.0)
(28.756733, 26.299915, 0.0)
(28.778635, 26.248383, 0.0)
(28.310163, 25.163542, 0.0)
(27.981663, 23.757029, 0.0)
(28.004198, 23.710220, 0.0)
(28.083603, 23.774420, 0.0)
(28.117554, 23.730341, 0.0)
(28.113611, 23.759726, 0.0)
(28.007708, 23.751137, 0.0)
(27.975161, 23.740524, 0.0)
(28.052645, 23.753845, 0.0)
(28.008156, 23.792084, 0.0)
(27.948353, 23.818981, 0.0)
(27.907589, 23.788448, 0.0)
(27.928583, 23.750141, 0.0)
(28.356466, 23.916943, 0.0)
(28.369907, 23.959473, 0.0)
(28.319380, 23.887226, 0.0)
(28.314066, 23.879488, 0.0)
(28.317543, 23.866728, 0.0)
(28.296492, 23.821819, 0.0)
(28.286432, 23.788235, 0.0)
(28.260666, 23.746887, 0.0)
(28.258251, 23.718916, 0.0)
(28.287966, 23.618462, 0.0)
(28.275267, 23.480856, 0.0)
(28.234077, 23.390936, 0.0)
(28.160755, 23.256077, 0.0)
(28.173325, 23.206127, 0.0)
(28.000374, 23.277670, 0.0)
(27.579462, 23.412851, 0.0)
(27.521967, 23.415249, 0.0)
(27.531733, 23.396978, 0.0)
(27.521723, 23.404701, 0.0)
(27.554638, 23.431501, 0.0)
(27.559858, 23.428730, 0.0)
(27.539927, 23.419622, 0.0)
(27.491051, 23.397961, 0.0)
(27.533955, 23.418365, 0.0)
(27.550613, 23.508598, 0.0)
(27.442554, 23.554087, 0.0)
(27.729923, 27.957375, 0.0)
(27.886669, 27.556074, 0.0)
(27.956043, 27.156237, 0.0)
(27.892561, 27.030632, 0.0)
(27.919468, 27.078472, 0.0)
(27.962278, 27.225235, 0.0)
(28.000116, 27.305450, 0.0)
(27.940578, 27.393538, 0.0)
(27.908588, 27.453411, 0.0)
(27.998135, 27.518803, 0.0)
(28.040276, 27.597326, 0.0)
(28.039024, 27.636955, 0.0)
(28.032928, 27.676943, 0.0)
(28.034241, 27.730642, 0.0)
(28.072266, 27.753931, 0.0)
(28.095322, 27.834566, 0.0)
(28.059006, 27.878815, 0.0)
(28.178463, 28.132658, 0.0)
(28.857914, 29.783899, 0.0)
(28.964806, 30.308386, 0.0)
(28.911858, 30.260900, 0.0)
(28.906797, 30.322920, 0.0)
(28.861130, 30.342302, 0.0)
(28.859245, 30.347916, 0.0)
(28.869476, 30.448633, 0.0)
(28.990263, 31.287207, 0.0)
(28.962112, 31.475489, 0.0)
(28.956644, 31.450815, 0.0)
(28.959509, 31.427206, 0.0)
(28.965525, 31.443945, 0.0)
(28.936388, 31.474379, 0.0)
(28.928093, 31.505230, 0.0)
(28.898371, 31.502230, 0.0)
(28.920242, 31.529385, 0.0)
(28.943026, 31.589144, 0.0)
(28.976656, 31.641420, 0.0)
(28.942135, 31.694876, 0.0)
(28.907557, 31.681929, 0.0)
(28.957636, 31.679085, 0.0)
(28.991402, 31.682676, 0.0)
(28.993288, 31.723186, 0.0)
(28.939993, 31.719608, 0.0)
(28.906748, 31.707285, 0.0)
(28.932823, 31.769861, 0.0)
(28.950439, 31.811064, 0.0)
(28.915808, 31.843330, 0.0)
(28.898296, 31.852131, 0.0)
(28.904461, 31.830566, 0.0)
(28.953756, 31.829290, 0.0)
(28.963573, 31.841549, 0.0)
(28.960096, 31.887821, 0.0)
(28.914646, 31.903360, 0.0)
(28.915459, 31.907875, 0.0)
(29.029442, 32.047737, 0.0)
(29.025476, 32.103703, 0.0)
(28.994219, 32.081768, 0.0)
(28.982096, 32.075104, 0.0)
(28.993040, 32.072247, 0.0)
(29.009598, 32.076199, 0.0)
(29.017714, 32.092804, 0.0)
(29.329905, 33.304092, 0.0)
(29.402607, 33.488453, 0.0)
(29.150391, 32.300930, 0.0)
(29.028969, 31.871008, 0.0)
(28.938864, 31.739349, 0.0)
(28.986158, 31.702188, 0.0)
(29.007683, 31.677933, 0.0)
(29.014854, 31.678085, 0.0)
(28.969936, 31.717878, 0.0)
(28.941231, 31.697212, 0.0)
(28.934675, 31.741581, 0.0)
(28.976233, 31.814621, 0.0)
(28.969431, 31.819542, 0.0)
(28.958067, 31.796083, 0.0)
(28.923937, 31.763626, 0.0)
(28.929184, 31.767334, 0.0)
(28.949774, 31.790136, 0.0)
(28.944607, 31.776556, 0.0)
(28.966770, 31.839832, 0.0)
(28.921263, 31.828627, 0.0)
(28.939108, 31.797682, 0.0)
(28.961786, 31.806753, 0.0)
(28.956175, 31.833286, 0.0)
(28.940218, 31.805756, 0.0)
(28.919874, 31.806036, 0.0)
(28.935570, 31.824335, 0.0)
(28.944227, 31.851143, 0.0)
(28.910982, 31.895664, 0.0)
(28.911253, 31.887583, 0.0)
(28.926905, 31.945852, 0.0)
(29.974989, 31.341061, 0.0)
