(0.000000, 0.000000, 1.0)
(33.363285, 40.943329, 0.0)
(32.579063, 41.070084, 0.0)
(32.938194, 40.641541, 0.0)
(33.073277, 40.435635, 0.0)
(33.095131, 40.291782, 0.0)
(33.065956, 40.314003, 0.0)
(33.028221, 40.212624, 0.0)
(33.065784, 40.196430, 0.0)
(33.080444, 40.151379, 0.0)
(33.093994, 40.072441, 0.0)
(33.157242, 39.981106, 0.0)
(33.196968, 39.841915, 0.0)
(33.188446, 39.787346, 0.0)
(33.167309, 39.684830, 0.0)
(33.129707, 39.615700, 0.0)
(33.163818, 39.558918, 0.0)
(33.149426, 39.580498, 0.0)
(33.110085, 39.578171, 0.0)
(32.943325, 39.874786, 0.0)
(32.949123, 39.838528, 0.0)
(32.908543, 39.758224, 0.0)
(32.917019, 39.718037, 0.0)
(32.809895, 39.683712, 0.0)
(32.748863, 39.643742, 0.0)
(32.790913, 39.525856, 0.0)
(33.103413, 39.346542, 0.0)
(33.286049, 39.170727, 0.0)
(33.248428, 39.164425, 0.0)
(33.259235, 39.145611, 0.0)
(33.275494, 39.140892, 0.0)
(33.210945, 39.113300, 0.0)
(33.207005, 39.109806, 0.0)
(32.809387, 39.214565, 0.0)
(32.765636, 39.216949, 0.0)
(32.801632, 39.190323, 0.0)
(32.829189, 39.253628, 0.0)
(32.789471, 39.293789, 0.0)
(32.780262, 39.296028, 0.0)
(32.776390, 39.318760, 0.0)
(32.795864, 39.360504, 0.0)
(32.805424, 39.372723, 0.0)
(32.801365, 39.395641, 0.0)
(32.791294, 39.420940, 0.0)
(32.802776, 39.466198, 0.0)
(33.107445, 39.422295, 0.0)
(33.304729, 39.316551, 0.0)
(33.301674, 39.355194, 0.0)
(33.285244, 39.338318, 0.0)
(33.298958, 39.293121, 0.0)
(33.268955, 39.276344, 0.0)
(33.283489, 39.259186, 0.0)
(33.297638, 39.238560, 0.0)
(33.114819, 39.327534, 0.0)
(33.044102, 39.411480, 0.0)
(33.053837, 39.382504, 0.0)
(33.019714, 39.397839, 0.0)
(32.986740, 39.381611, 0.0)
(32.969013, 39.346539, 0.0)
(32.963894, 39.327229, 0.0)
(32.950359, 39.337219, 0.0)
(32.947918, 39.291618, 0.0)
(32.938591, 39.277771, 0.0)
(32.915524, 39.305325, 0.0)
(32.885220, 39.367359, 0.0)
(32.885693, 39.375111, 0.0)
(32.900738, 39.384285, 0.0)
(32.907902, 39.444893, 0.0)
(32.916767, 39.495022, 0.0)
(32.888603, 39.484627, 0.0)
(32.893093, 39.454235, 0.0)
(32.896847, 39.479561, 0.0)
(32.892136, 39.473103, 0.0)
(32.843407, 39.445107, 0.0)
(32.818607, 39.388725, 0.0)
(32.891598, 39.414234, 0.0)
(32.826347, 40.401299, 0.0)
(32.777901, 41.093346, 0.0)
(32.961269, 40.094345, 0.0)
(32.887596, 39.625847, 0.0)
(32.804245, 39.546513, 0.0)
(32.843948, 39.504059, 0.0)
(32.766235, 39.589233, 0.0)
(32.772526, 39.567463, 0.0)
(32.880581, 39.508675, 0.0)
(32.882526, 39.510296, 0.0)
(32.876205, 39.507370, 0.0)
(32.859684, 39.489517, 0.0)
(32.872929, 39.457855, 0.0)
(32.867245, 39.456528, 0.0)
(32.871494, 39.420601, 0.0)
(32.811142, 39.427567, 0.0)
(32.985405, 39.376083, 0.0)
(33.071457, 39.288803, 0.0)
(33.111740, 39.257877, 0.0)
(33.082703, 39.300396, 0.0)
(33.072491, 39.286545, 0.0)
(32.737881, 39.363297, 0.0)
(32.703442, 39.357189, 0.0)
(32.749004, 39.323250, 0.0)
(32.754810, 39.330349, 0.0)
(32.714195, 39.331352, 0.0)
(32.694809, 39.330116, 0.0)
(32.697472, 39.336914, 0.0)
(32.726013, 39.359638, 0.0)
(33.031971, 39.328747, 0.0)
(33.135475, 39.297737, 0.0)
(33.123852, 39.302212, 0.0)
(33.124477, 39.281208, 0.0)
(33.115330, 39.273743, 0.0)
(33.181877, 39.307213, 0.0)
(32.904922, 40.915649, 0.0)
(33.121387, 40.052197, 0.0)
(33.089493, 39.345909, 0.0)
(33.086639, 39.099285, 0.0)
(33.070244, 39.078903, 0.0)
(33.061054, 39.050079, 0.0)
(33.087521, 39.024796, 0.0)
(33.065063, 38.961807, 0.0)
(33.066536, 38.924061, 0.0)
(33.027782, 38.972374, 0.0)
(32.994850, 38.999538, 0.0)
(32.940487, 39.020271, 0.0)
(32.992756, 38.992329, 0.0)
(33.012859, 39.003452, 0.0)
(32.780933, 39.093048, 0.0)
(32.731819, 39.149841, 0.0)
(32.763287, 39.131172, 0.0)
(32.766380, 39.107857, 0.0)
(32.766022, 39.060535, 0.0)
(32.751743, 39.109245, 0.0)
(32.784992, 39.143158, 0.0)
(32.765583, 39.144894, 0.0)
(32.772888, 39.144588, 0.0)
(32.732567, 39.149544, 0.0)
(32.789734, 39.159004, 0.0)
(32.977032, 39.128395, 0.0)
(32.979931, 39.130165, 0.0)
(32.988735, 39.138119, 0.0)
(32.967854, 39.141846, 0.0)
(32.953564, 39.084312, 0.0)
(32.926579, 39.031937, 0.0)
(32.917751, 39.029892, 0.0)
(32.896397, 39.040195, 0.0)
(32.936447, 39.030167, 0.0)
(32.932243, 39.006504, 0.0)
(32.944553, 39.034245, 0.0)
(32.932594, 39.104355, 0.0)
(32.921970, 39.153507, 0.0)
(32.932774, 39.161766, 0.0)
(32.942390, 39.188011, 0.0)
(32.904171, 39.240025, 0.0)
(32.885963, 39.466667, 0.0)
(32.869904, 39.460857, 0.0)
(32.845020, 39.484993, 0.0)
(32.843788, 39.517113, 0.0)
(32.813011, 39.509350, 0.0)
(32.846348, 39.510521, 0.0)
(32.862370, 39.559624, 0.0)
(32.893230, 39.557499, 0.0)
(32.875668, 39.544193, 0.0)
(32.843777, 39.606724, 0.0)
(32.824436, 39.621117, 0.0)
(32.812634, 39.556252, 0.0)
(32.867138, 39.563522, 0.0)
(32.880501, 39.550392, 0.0)
(33.019108, 39.421616, 0.0)
(33.014004, 39.355431, 0.0)
(33.011986, 39.378914, 0.0)
(33.010189, 39.390007, 0.0)
(33.046803, 39.401970, 0.0)
(34.680019, 40.020809, 0.0)
(36.830189, 40.976654, 0.0)
(38.423035, 41.354237, 0.0)
(39.085491, 41.359009, 0.0)
(39.164303, 41.317101, 0.0)
(39.023991, 41.267147, 0.0)
(38.913418, 41.328747, 0.0)
(38.856617, 41.436935, 0.0)
(38.959408, 41.560432, 0.0)
(39.189713, 41.780346, 0.0)
(39.179646, 41.844109, 0.0)
(39.121197, 41.871231, 0.0)
(39.100193, 41.900002, 0.0)
(39.092262, 41.930473, 0.0)
(39.124577, 41.932095, 0.0)
(39.122818, 41.944508, 0.0)
(39.114681, 41.935417, 0.0)
(39.076256, 41.937183, 0.0)
(39.071144, 41.955860, 0.0)
(39.050228, 41.977692, 0.0)
(39.058350, 41.979164, 0.0)
(39.041485, 42.001884, 0.0)
(39.032711, 42.048370, 0.0)
(39.004440, 42.054043, 0.0)
(38.972549, 42.040215, 0.0)
(39.028011, 42.079853, 0.0)
(39.016953, 42.093487, 0.0)
(39.017677, 42.036148, 0.0)
(39.010406, 42.056885, 0.0)
(38.965317, 42.050888, 0.0)
(38.975605, 42.026745, 0.0)
(38.959366, 42.040901, 0.0)
(38.934105, 42.108307, 0.0)
(38.906055, 42.128361, 0.0)
(38.830650, 42.202129, 0.0)
(38.843929, 42.224087, 0.0)
(38.908016, 42.267395, 0.0)
(38.827423, 42.340401, 0.0)
(38.802422, 41.670746, 0.0)
(39.186489, 39.236626, 0.0)
(39.077171, 36.990910, 0.0)
(39.140518, 36.328098, 0.0)
(39.175007, 36.197830, 0.0)
(39.211140, 36.127529, 0.0)
(39.249378, 35.848915, 0.0)
(39.302273, 35.807529, 0.0)
(39.340202, 35.893631, 0.0)
(39.333992, 35.909977, 0.0)
(39.316708, 35.948681, 0.0)
(39.363247, 35.900379, 0.0)
(39.366413, 35.878700, 0.0)
(39.366978, 35.888744, 0.0)
(39.351311, 35.857555, 0.0)
(39.338169, 35.877781, 0.0)
(39.351482, 35.864021, 0.0)
(39.360058, 35.862530, 0.0)
(39.351562, 35.855907, 0.0)
(39.322899, 35.882927, 0.0)
(39.277813, 35.890850, 0.0)
(39.287704, 35.934326, 0.0)
(39.283913, 35.921982, 0.0)
(39.293369, 35.905468, 0.0)
(39.271702, 35.885460, 0.0)
(39.272346, 35.879467, 0.0)
(39.305595, 35.825008, 0.0)
(39.332455, 35.831215, 0.0)
(39.319794, 35.872646, 0.0)
(39.289719, 35.869457, 0.0)
(39.268368, 35.909863, 0.0)
(39.262993, 35.918034, 0.0)
(39.263554, 35.919136, 0.0)
(39.284428, 35.947598, 0.0)
(39.284191, 35.953720, 0.0)
(38.445000, 35.906315, 0.0)
(35.071301, 36.131756, 0.0)
(30.466255, 39.963280, 0.0)
(29.011560, 41.070770, 0.0)
(28.189110, 42.620087, 0.0)
(28.207556, 42.711258, 0.0)
(28.125301, 42.610069, 0.0)
(28.076330, 42.523872, 0.0)
(27.712751, 43.109138, 0.0)
(27.263851, 43.870918, 0.0)
(27.205145, 43.840244, 0.0)
(27.197065, 43.759937, 0.0)
(27.166529, 43.799477, 0.0)
(27.180779, 43.856483, 0.0)
(27.204906, 43.754597, 0.0)
(27.193329, 43.738621, 0.0)
(27.215107, 43.805748, 0.0)
(27.173508, 43.700233, 0.0)
(27.146280, 43.777218, 0.0)
(27.132988, 43.731792, 0.0)
(27.144508, 43.703266, 0.0)
(27.142384, 43.749279, 0.0)
(27.149321, 43.759380, 0.0)
(27.115746, 43.759132, 0.0)
(27.117521, 43.793961, 0.0)
(27.131285, 43.797890, 0.0)
(27.161007, 43.800129, 0.0)
(27.169550, 43.800663, 0.0)
(27.151115, 43.765835, 0.0)
(27.146997, 43.758766, 0.0)
(27.139975, 43.704372, 0.0)
(27.136213, 43.634129, 0.0)
(27.110741, 43.605488, 0.0)
(27.001822, 41.754154, 0.0)
(26.915537, 38.785732, 0.0)
(26.871826, 38.520172, 0.0)
(26.836798, 38.658627, 0.0)
(26.821093, 38.727825, 0.0)
(26.817982, 38.731216, 0.0)
(26.607901, 38.081059, 0.0)
(26.339756, 37.239742, 0.0)
(26.303988, 37.287056, 0.0)
(26.293535, 37.297024, 0.0)
(26.285311, 37.295597, 0.0)
(26.280369, 37.273987, 0.0)
(26.282393, 37.288338, 0.0)
(26.281631, 37.325111, 0.0)
(26.281454, 37.334408, 0.0)
(26.238274, 37.384674, 0.0)
(26.263485, 37.338833, 0.0)
(26.285727, 37.317104, 0.0)
(26.287094, 37.326206, 0.0)
(26.277775, 37.335442, 0.0)
(26.266228, 37.332893, 0.0)
(26.297810, 37.380283, 0.0)
(26.273994, 37.427887, 0.0)
(26.328320, 37.421505, 0.0)
(26.293816, 37.432274, 0.0)
(26.290159, 37.445576, 0.0)
(26.257402, 37.451805, 0.0)
(26.292057, 37.427261, 0.0)
(26.309055, 37.422768, 0.0)
(27.564823, 37.011356, 0.0)
(28.905838, 36.912880, 0.0)
(28.928089, 36.953800, 0.0)
(28.911459, 36.927917, 0.0)
(28.906191, 36.933456, 0.0)
(28.901804, 36.931881, 0.0)
(28.905302, 36.926430, 0.0)
(28.909369, 36.868633, 0.0)
(28.906679, 36.850315, 0.0)
(28.903149, 36.814865, 0.0)
(30.833298, 37.419067, 0.0)
(33.092930, 39.078796, 0.0)
(33.154018, 39.159378, 0.0)
(33.073151, 39.146343, 0.0)
(33.088200, 39.132164, 0.0)
(33.007240, 39.085304, 0.0)
(32.987370, 39.031059, 0.0)
(32.973701, 39.009995, 0.0)
(32.983940, 39.010731, 0.0)
(32.983723, 39.011288, 0.0)
(32.993587, 38.945103, 0.0)
(32.991817, 38.935352, 0.0)
(32.998943, 38.937916, 0.0)
(32.998844, 38.929646, 0.0)
(32.998394, 38.943398, 0.0)
(33.021446, 39.162884, 0.0)
(32.986996, 39.172890, 0.0)
(33.020416, 39.114223, 0.0)
(33.020187, 39.119843, 0.0)
(33.013733, 39.147133, 0.0)
(33.002453, 39.142204, 0.0)
(33.004524, 39.149525, 0.0)
(32.985756, 39.196220, 0.0)
(32.955341, 39.201908, 0.0)
(32.930698, 39.264080, 0.0)
(32.934002, 39.231400, 0.0)
(32.956051, 39.272434, 0.0)
(32.924191, 39.297459, 0.0)
(32.921822, 39.262402, 0.0)
(32.936363, 39.256626, 0.0)
(32.957748, 39.257561, 0.0)
(32.949448, 39.241760, 0.0)
(32.945454, 39.248116, 0.0)
(32.962147, 39.249344, 0.0)
(32.976967, 39.273144, 0.0)
(32.960476, 39.273819, 0.0)
(32.946743, 39.296375, 0.0)
(32.978653, 39.357517, 0.0)
(32.977859, 39.364910, 0.0)
(32.975323, 39.392582, 0.0)
(32.981018, 39.392696, 0.0)
(32.806931, 39.542118, 0.0)
(30.207268, 41.273003, 0.0)
(28.318136, 42.854137, 0.0)
(28.076136, 43.599098, 0.0)
(28.059782, 43.625721, 0.0)
(28.051247, 43.653835, 0.0)
(27.946835, 43.569927, 0.0)
(28.542076, 43.825272, 0.0)
(28.849308, 43.865475, 0.0)
(28.798641, 43.861885, 0.0)
(28.802477, 43.930126, 0.0)
(28.867901, 43.951046, 0.0)
(29.752996, 43.874298, 0.0)
(31.785341, 43.668755, 0.0)
(31.934938, 43.651154, 0.0)
(31.893055, 43.712753, 0.0)
(32.085346, 43.712315, 0.0)
(32.124580, 43.817490, 0.0)
(32.103909, 43.803722, 0.0)
(32.691742, 43.825500, 0.0)
(33.712208, 43.723282, 0.0)
(33.896107, 43.731853, 0.0)
(33.968906, 43.793606, 0.0)
(33.946930, 43.814964, 0.0)
(34.872494, 44.008446, 0.0)
(36.703655, 43.526104, 0.0)
(38.171181, 42.935467, 0.0)
(38.539635, 42.622837, 0.0)
(38.519104, 42.538731, 0.0)
(38.584198, 42.507423, 0.0)
(38.527241, 42.500748, 0.0)
(38.570480, 42.433594, 0.0)
(38.611935, 42.403130, 0.0)
(38.630428, 42.421070, 0.0)
(39.263809, 42.286983, 0.0)
(39.534618, 42.194321, 0.0)
(39.536911, 42.177883, 0.0)
(39.539810, 42.106701, 0.0)
(39.557392, 42.063004, 0.0)
(39.501446, 42.053364, 0.0)
(39.501328, 42.035282, 0.0)
(39.482044, 42.044788, 0.0)
(39.481800, 42.037815, 0.0)
(39.468296, 42.019390, 0.0)
(39.516357, 42.019547, 0.0)
(39.473320, 42.018322, 0.0)
(39.445694, 42.023033, 0.0)
(39.454659, 41.986610, 0.0)
(39.468472, 41.980461, 0.0)
(39.412308, 41.961216, 0.0)
(39.387794, 41.980850, 0.0)
(39.372063, 41.969231, 0.0)
(39.397785, 41.999294, 0.0)
(39.420628, 42.025780, 0.0)
(39.335403, 42.050571, 0.0)
(37.848282, 42.420948, 0.0)
(37.740505, 42.412136, 0.0)
(37.732540, 42.435925, 0.0)
(36.427361, 42.888901, 0.0)
(35.597084, 42.985146, 0.0)
(35.605473, 42.789093, 0.0)
(35.520550, 42.782078, 0.0)
(35.425766, 42.795925, 0.0)
(35.437523, 42.809692, 0.0)
(35.403690, 42.847107, 0.0)
(35.454021, 42.877205, 0.0)
(35.500957, 42.881645, 0.0)
(35.482849, 42.979694, 0.0)
(35.481758, 42.986095, 0.0)
(33.932446, 43.395428, 0.0)
(32.101051, 43.734886, 0.0)
(31.841743, 43.770832, 0.0)
(31.821352, 43.676949, 0.0)
(31.792139, 43.625214, 0.0)
(31.705393, 43.644627, 0.0)
(30.960743, 43.767395, 0.0)
(28.738390, 43.918339, 0.0)
(28.406704, 43.648224, 0.0)
(28.471722, 43.685764, 0.0)
(28.532888, 43.762817, 0.0)
(28.495028, 43.728722, 0.0)
(28.464964, 43.703823, 0.0)
(28.413862, 43.673267, 0.0)
(28.441553, 43.711067, 0.0)
(28.499939, 43.662186, 0.0)
(28.447958, 43.660545, 0.0)
(28.431700, 43.682590, 0.0)
(28.432232, 43.636616, 0.0)
(28.509676, 43.745407, 0.0)
(28.428318, 43.685043, 0.0)
(28.527424, 43.736408, 0.0)
(28.550653, 43.788258, 0.0)
(28.496449, 43.927689, 0.0)
(27.778673, 43.997307, 0.0)
(27.783155, 43.990208, 0.0)
(27.788588, 43.963322, 0.0)
(27.789133, 43.974155, 0.0)
(27.737492, 43.935036, 0.0)
(27.760178, 43.901684, 0.0)
(27.784721, 43.904781, 0.0)
(27.800564, 43.912518, 0.0)
(27.819147, 43.923286, 0.0)
(27.797064, 43.923897, 0.0)
(27.810966, 43.886070, 0.0)
(27.817225, 43.921242, 0.0)
(27.814432, 43.921726, 0.0)
(28.225012, 43.690342, 0.0)
(28.734142, 43.311924, 0.0)
(28.916615, 43.291561, 0.0)
(29.003531, 43.241024, 0.0)
(29.066423, 43.304939, 0.0)
(29.195652, 43.329243, 0.0)
(30.236523, 43.137074, 0.0)
(31.234602, 42.994064, 0.0)
(31.488235, 43.017811, 0.0)
(31.637098, 42.955124, 0.0)
(31.725981, 43.005474, 0.0)
(32.794189, 43.042599, 0.0)
(33.141582, 42.902657, 0.0)
(33.160816, 42.972565, 0.0)
(33.288395, 42.846909, 0.0)
(33.440552, 42.861713, 0.0)
(33.494251, 42.750614, 0.0)
(33.712086, 42.655186, 0.0)
(33.799091, 42.746037, 0.0)
(33.930470, 42.841919, 0.0)
(34.001080, 42.828556, 0.0)
(35.021748, 42.913116, 0.0)
(36.118530, 42.793709, 0.0)
(36.441322, 42.657433, 0.0)
(36.606926, 42.537998, 0.0)
(36.708000, 42.535816, 0.0)
(37.260002, 42.428009, 0.0)
(39.136032, 42.043591, 0.0)
(39.718872, 41.718193, 0.0)
(39.693455, 41.613647, 0.0)
(39.781750, 41.531467, 0.0)
(39.774742, 41.480652, 0.0)
(39.775257, 41.405525, 0.0)
(39.783504, 41.361858, 0.0)
(39.765484, 41.338020, 0.0)
(39.776440, 41.305145, 0.0)
(39.714092, 41.303116, 0.0)
(39.689224, 41.359207, 0.0)
(39.673649, 41.348553, 0.0)
(39.651108, 41.366199, 0.0)
(39.613605, 41.417889, 0.0)
(39.616398, 41.472542, 0.0)
(39.758751, 41.494061, 0.0)
(39.950012, 41.360821, 0.0)
(39.974594, 41.346550, 0.0)
(39.968658, 41.360134, 0.0)
(39.970539, 41.350449, 0.0)
(40.017330, 41.336163, 0.0)
(40.028248, 41.343788, 0.0)
(40.039127, 41.341064, 0.0)
(40.039154, 41.348186, 0.0)
(39.852058, 41.297729, 0.0)
(39.124161, 41.211018, 0.0)
(39.121227, 41.171051, 0.0)
(39.108173, 41.190887, 0.0)
(39.030807, 41.184669, 0.0)
(36.915962, 41.911995, 0.0)
(35.828369, 42.102566, 0.0)
(35.735558, 42.027813, 0.0)
(35.680153, 42.015385, 0.0)
(35.610840, 42.008106, 0.0)
(35.560555, 42.063652, 0.0)
(35.460369, 42.111065, 0.0)
(35.431000, 42.178558, 0.0)
(35.381809, 42.169765, 0.0)
(35.349010, 42.107529, 0.0)
(35.315273, 42.154427, 0.0)
(32.491966, 42.477219, 0.0)
(30.151302, 42.908928, 0.0)
(29.378223, 42.777534, 0.0)
(29.225998, 42.644653, 0.0)
(29.195982, 42.655678, 0.0)
(29.217957, 42.725750, 0.0)
(29.217878, 42.739906, 0.0)
(29.204945, 42.704285, 0.0)
(29.201982, 42.649372, 0.0)
(29.204460, 42.590042, 0.0)
(29.210468, 42.598156, 0.0)
(29.154127, 42.551361, 0.0)
(29.049133, 42.595001, 0.0)
(27.868446, 42.992466, 0.0)
(27.703737, 42.977230, 0.0)
(27.725643, 42.934162, 0.0)
(27.714394, 42.957577, 0.0)
(27.693861, 42.916454, 0.0)
(27.730833, 42.978615, 0.0)
(27.721590, 42.966351, 0.0)
(27.733833, 42.941364, 0.0)
(27.738266, 42.928474, 0.0)
(27.735765, 42.928253, 0.0)
(27.767357, 42.992661, 0.0)
(27.782143, 42.967606, 0.0)
(27.800842, 42.957462, 0.0)
(27.803839, 43.004768, 0.0)
(27.797468, 43.048824, 0.0)
(27.815100, 43.064579, 0.0)
(27.841951, 43.062313, 0.0)
(27.852549, 43.042286, 0.0)
(27.882921, 43.127094, 0.0)
(27.880804, 43.038708, 0.0)
(27.935349, 43.153355, 0.0)
(27.866426, 43.141991, 0.0)
(27.854559, 43.170223, 0.0)
(27.883503, 43.147533, 0.0)
(27.988590, 43.145653, 0.0)
(28.498783, 42.473488, 0.0)
(28.605623, 42.312176, 0.0)
(28.601156, 42.271591, 0.0)
(28.653507, 42.224854, 0.0)
(28.980719, 42.231106, 0.0)
(29.089190, 42.071404, 0.0)
(29.250937, 42.024002, 0.0)
(30.094519, 41.966549, 0.0)
(30.439915, 41.947773, 0.0)
(30.600679, 41.837166, 0.0)
(30.862131, 41.809212, 0.0)
(32.477135, 41.818302, 0.0)
(32.757526, 41.803360, 0.0)
(32.867775, 41.677036, 0.0)
(32.984112, 41.710178, 0.0)
(33.137882, 41.626621, 0.0)
(33.225063, 41.652672, 0.0)
(33.368839, 41.552299, 0.0)
(33.474014, 41.614971, 0.0)
(34.108074, 41.540276, 0.0)
(36.853352, 41.285835, 0.0)
(38.991398, 40.874100, 0.0)
(39.628109, 40.570156, 0.0)
(39.638367, 40.366650, 0.0)
(39.669373, 40.299004, 0.0)
(39.691845, 40.283672, 0.0)
(39.671543, 40.281319, 0.0)
(39.673073, 40.259392, 0.0)
(39.684856, 40.300552, 0.0)
(39.694355, 40.371819, 0.0)
(40.096729, 40.515469, 0.0)
(40.377399, 40.573299, 0.0)
(40.320797, 40.591812, 0.0)
(40.356655, 40.607876, 0.0)
(40.316956, 40.581055, 0.0)
(40.323406, 40.591236, 0.0)
(40.316666, 40.596661, 0.0)
(40.343498, 40.616566, 0.0)
(40.357117, 40.596272, 0.0)
(40.332802, 40.609135, 0.0)
(40.327015, 40.647858, 0.0)
(40.315594, 40.686512, 0.0)
(40.277088, 40.629124, 0.0)
(40.328754, 40.669601, 0.0)
(40.329903, 40.722340, 0.0)
(40.330307, 40.789211, 0.0)
(40.343079, 40.759953, 0.0)
(40.030113, 40.561035, 0.0)
(40.012249, 40.443905, 0.0)
(40.085083, 40.408241, 0.0)
(40.029522, 40.436974, 0.0)
(40.002087, 40.425610, 0.0)
(39.998581, 40.410587, 0.0)
(39.973682, 40.425823, 0.0)
(39.086220, 40.505943, 0.0)
(38.365520, 40.390846, 0.0)
(38.373817, 40.386864, 0.0)
(38.337132, 40.341484, 0.0)
(38.263596, 40.388306, 0.0)
(38.177715, 40.383335, 0.0)
(38.071957, 40.500813, 0.0)
(36.001778, 40.927811, 0.0)
(34.651829, 40.933510, 0.0)
(34.624771, 40.884125, 0.0)
(34.609001, 40.875923, 0.0)
(34.490204, 40.896656, 0.0)
(34.464607, 40.943367, 0.0)
(34.044586, 41.174255, 0.0)
(31.173166, 41.722179, 0.0)
(28.827349, 42.080673, 0.0)
(28.489340, 41.868347, 0.0)
(28.531792, 41.891888, 0.0)
(28.501440, 41.843842, 0.0)
(28.453085, 41.838787, 0.0)
(28.463572, 41.851028, 0.0)
(28.453892, 41.827003, 0.0)
(28.460028, 41.782078, 0.0)
(28.479837, 41.736469, 0.0)
(28.428635, 41.736549, 0.0)
(27.832537, 41.863064, 0.0)
(27.687616, 41.949017, 0.0)
(27.689138, 41.899323, 0.0)
(27.717567, 41.894840, 0.0)
(27.731392, 41.926010, 0.0)
(27.729109, 41.868946, 0.0)
(27.719780, 41.844994, 0.0)
(27.721462, 41.759884, 0.0)
(27.723366, 41.727451, 0.0)
(27.712267, 41.714722, 0.0)
(27.714836, 41.761444, 0.0)
(27.714931, 41.823986, 0.0)
(27.743629, 41.889503, 0.0)
(27.786118, 41.955772, 0.0)
(27.770424, 41.926785, 0.0)
(27.710182, 41.897629, 0.0)
(27.604748, 41.685806, 0.0)
(27.577375, 41.637001, 0.0)
(27.561562, 41.616154, 0.0)
(27.564445, 41.629951, 0.0)
(27.587244, 41.611259, 0.0)
(27.598810, 41.668812, 0.0)
(27.606125, 41.716991, 0.0)
(27.619244, 41.734123, 0.0)
(27.628366, 41.813332, 0.0)
(27.671061, 41.787899, 0.0)
(27.698582, 41.795704, 0.0)
(27.703333, 41.743282, 0.0)
(29.051638, 41.214920, 0.0)
(29.223661, 41.129711, 0.0)
(29.261177, 41.105312, 0.0)
(29.396107, 41.150608, 0.0)
(29.474819, 41.041634, 0.0)
(29.681463, 41.047314, 0.0)
(29.887850, 40.984428, 0.0)
(30.084663, 40.896545, 0.0)
(30.233719, 40.887833, 0.0)
(30.420313, 40.782784, 0.0)
(31.850967, 40.725082, 0.0)
(32.346756, 40.729446, 0.0)
(32.437733, 40.655628, 0.0)
(32.535969, 40.624340, 0.0)
(32.599396, 40.677166, 0.0)
(32.712906, 40.666168, 0.0)
(33.664024, 40.830494, 0.0)
(35.505840, 40.774223, 0.0)
(35.826233, 40.509762, 0.0)
(35.853603, 40.486652, 0.0)
(35.871864, 40.482910, 0.0)
(35.891911, 40.468964, 0.0)
(35.910492, 40.493969, 0.0)
(35.857582, 40.479565, 0.0)
(35.862034, 40.420925, 0.0)
(35.879921, 40.413582, 0.0)
(35.923241, 40.482239, 0.0)
(35.956154, 40.464432, 0.0)
(35.961967, 40.496037, 0.0)
(35.995602, 40.525627, 0.0)
(36.258488, 40.660503, 0.0)
(37.914963, 40.563580, 0.0)
(38.267464, 40.477966, 0.0)
(38.231274, 40.426861, 0.0)
(38.272911, 40.354496, 0.0)
(38.309624, 40.321404, 0.0)
(38.313599, 40.324627, 0.0)
(38.856445, 40.295284, 0.0)
(39.810211, 40.110443, 0.0)
(39.853920, 39.996613, 0.0)
(39.842209, 39.942688, 0.0)
(39.817272, 39.927647, 0.0)
(39.818260, 39.890766, 0.0)
(39.822369, 39.857201, 0.0)
(39.807240, 39.832100, 0.0)
(39.802906, 39.834522, 0.0)
(39.759830, 39.834469, 0.0)
(39.747925, 39.797340, 0.0)
(39.760342, 39.860973, 0.0)
(39.741291, 39.932362, 0.0)
(39.747986, 39.927113, 0.0)
(39.249977, 39.572624, 0.0)
(39.142853, 39.457264, 0.0)
(39.129185, 39.405365, 0.0)
(39.086948, 39.371681, 0.0)
(39.061417, 39.355164, 0.0)
(38.989887, 39.348309, 0.0)
(38.948181, 39.340557, 0.0)
(38.980083, 39.333004, 0.0)
(38.781460, 39.450039, 0.0)
(37.102318, 39.767593, 0.0)
(36.989033, 39.765514, 0.0)
(36.970612, 39.804050, 0.0)
(36.954166, 39.801010, 0.0)
(36.952477, 39.837006, 0.0)
(36.589180, 39.771835, 0.0)
(33.369911, 39.972801, 0.0)
(32.835297, 39.757095, 0.0)
(32.761402, 39.741135, 0.0)
(32.726059, 39.660587, 0.0)
(32.696922, 39.681271, 0.0)
(32.684849, 39.686813, 0.0)
(32.692150, 39.669201, 0.0)
(32.659866, 39.661419, 0.0)
(32.670788, 39.662685, 0.0)
(32.654015, 39.638130, 0.0)
(32.663609, 39.557812, 0.0)
(32.645733, 39.483646, 0.0)
(30.440744, 40.101124, 0.0)
(29.362459, 40.267769, 0.0)
(29.246250, 40.274555, 0.0)
(29.271994, 40.238873, 0.0)
(29.274189, 40.243145, 0.0)
(29.253910, 40.260818, 0.0)
(28.644823, 40.693260, 0.0)
(27.862514, 40.826229, 0.0)
(27.794550, 40.810196, 0.0)
(27.791376, 40.756145, 0.0)
(27.796425, 40.764278, 0.0)
(27.796015, 40.756096, 0.0)
(27.795271, 40.744255, 0.0)
(27.796064, 40.742851, 0.0)
(27.807146, 40.722836, 0.0)
(27.796064, 40.670162, 0.0)
(27.801025, 40.681374, 0.0)
(27.813742, 40.729507, 0.0)
(27.533638, 40.595306, 0.0)
(27.459846, 40.581833, 0.0)
(27.466541, 40.578514, 0.0)
(27.434772, 40.573406, 0.0)
(27.429392, 40.585819, 0.0)
(27.419682, 40.567074, 0.0)
(27.413061, 40.586617, 0.0)
(27.414818, 40.563683, 0.0)
(27.433237, 40.538521, 0.0)
(28.346638, 39.886379, 0.0)
(28.477324, 39.676880, 0.0)
(28.483053, 39.655350, 0.0)
(28.570711, 39.646629, 0.0)
(28.621990, 39.610481, 0.0)
(29.152979, 39.356316, 0.0)
(30.822592, 39.232193, 0.0)
(30.968803, 39.248196, 0.0)
(31.072420, 39.225445, 0.0)
(31.194872, 39.228027, 0.0)
(31.315243, 39.204849, 0.0)
(34.171906, 39.033482, 0.0)
(36.913223, 39.232925, 0.0)
(37.878544, 39.320545, 0.0)
(37.924599, 39.263458, 0.0)
(37.940578, 39.321533, 0.0)
(37.907967, 39.232937, 0.0)
(37.915131, 39.237579, 0.0)
(37.909481, 39.206547, 0.0)
(37.890751, 39.207294, 0.0)
(37.891232, 39.239704, 0.0)
(37.897743, 39.262039, 0.0)
(39.168537, 39.110191, 0.0)
(40.119408, 39.118801, 0.0)
(40.125961, 39.120338, 0.0)
(40.115433, 39.071602, 0.0)
(40.117676, 39.048069, 0.0)
(40.105404, 39.064804, 0.0)
(40.109234, 39.009697, 0.0)
(40.094906, 39.048710, 0.0)
(40.086079, 38.988972, 0.0)
(40.072002, 39.000210, 0.0)
(40.010651, 39.028812, 0.0)
(39.987541, 38.984798, 0.0)
(40.011230, 39.038960, 0.0)
(40.015598, 39.077938, 0.0)
(39.991566, 39.068233, 0.0)
(38.705650, 39.074276, 0.0)
(38.745331, 39.114918, 0.0)
(38.864937, 39.062775, 0.0)
(38.894470, 39.070179, 0.0)
(38.902493, 39.058815, 0.0)
(39.651962, 38.974594, 0.0)
(40.137367, 38.927784, 0.0)
(40.133198, 38.993492, 0.0)
(40.139278, 38.988136, 0.0)
(40.154278, 39.022282, 0.0)
(40.125080, 39.072845, 0.0)
(40.107346, 39.056412, 0.0)
(40.111549, 39.030331, 0.0)
(40.126945, 39.011192, 0.0)
(40.100735, 38.983093, 0.0)
(39.376205, 38.574879, 0.0)
(39.353493, 38.449741, 0.0)
(39.381725, 38.436005, 0.0)
(39.289120, 38.411289, 0.0)
(39.198318, 38.365627, 0.0)
(38.586815, 38.367516, 0.0)
(36.781261, 38.297745, 0.0)
(36.680439, 38.258755, 0.0)
(36.662479, 38.178261, 0.0)
(36.621124, 38.148041, 0.0)
(36.552105, 38.148758, 0.0)
(36.546825, 38.080544, 0.0)
(36.551304, 38.042908, 0.0)
(35.916718, 38.128727, 0.0)
(32.679459, 38.348801, 0.0)
(31.806643, 38.457714, 0.0)
(31.829166, 38.365192, 0.0)
(31.916433, 38.286190, 0.0)
(31.901493, 38.313141, 0.0)
(31.896118, 38.345085, 0.0)
(31.892544, 38.340549, 0.0)
(31.915989, 38.346840, 0.0)
(31.932425, 38.332390, 0.0)
(31.887388, 38.375679, 0.0)
(31.886152, 38.379951, 0.0)
(31.863667, 38.383327, 0.0)
(31.860289, 38.381668, 0.0)
(31.851294, 38.384453, 0.0)
(31.881657, 38.423687, 0.0)
(31.894844, 38.460197, 0.0)
(30.497461, 38.821400, 0.0)
(29.045586, 39.186874, 0.0)
(28.874769, 39.148861, 0.0)
(28.898573, 39.052979, 0.0)
(28.865028, 39.058971, 0.0)
(28.865334, 39.054173, 0.0)
(27.574059, 39.984703, 0.0)
(27.316553, 39.942894, 0.0)
(27.349970, 39.872131, 0.0)
(27.364180, 39.900528, 0.0)
(27.320517, 39.931076, 0.0)
(27.331074, 39.888733, 0.0)
(27.344940, 39.891315, 0.0)
(27.359293, 39.871269, 0.0)
(27.372349, 39.890766, 0.0)
(27.369226, 39.876171, 0.0)
(27.381954, 39.832066, 0.0)
(27.383678, 39.811886, 0.0)
(27.356916, 39.846294, 0.0)
(27.288809, 39.901760, 0.0)
(27.282551, 39.890823, 0.0)
(27.341619, 39.874020, 0.0)
(27.492796, 39.170441, 0.0)
(27.457098, 39.012428, 0.0)
(27.470276, 39.005665, 0.0)
(27.503233, 38.993538, 0.0)
(27.525175, 38.930122, 0.0)
(28.574745, 38.598183, 0.0)
(28.924889, 38.487545, 0.0)
(28.995455, 38.434967, 0.0)
(29.119030, 38.443970, 0.0)
(29.189842, 38.423508, 0.0)
(29.280951, 38.422470, 0.0)
(29.396254, 38.416477, 0.0)
(30.710159, 38.381413, 0.0)
(30.854465, 38.426563, 0.0)
(30.914499, 38.446957, 0.0)
(31.024521, 38.445488, 0.0)
(31.110500, 38.422665, 0.0)
(31.177086, 38.400288, 0.0)
(31.280716, 38.397404, 0.0)
(31.559692, 38.427475, 0.0)
(33.043015, 38.242210, 0.0)
(33.184364, 38.162556, 0.0)
(33.231724, 38.159500, 0.0)
(33.291412, 38.176094, 0.0)
(33.368237, 38.175816, 0.0)
(34.421631, 38.117802, 0.0)
(35.525555, 38.131390, 0.0)
(35.613598, 38.087723, 0.0)
(35.603363, 38.036716, 0.0)
(35.630199, 38.041985, 0.0)
(35.783718, 38.075089, 0.0)
(37.898136, 38.007393, 0.0)
(39.446053, 38.106087, 0.0)
(39.659546, 38.128212, 0.0)
(39.635151, 38.148563, 0.0)
(39.592701, 38.199352, 0.0)
(39.600334, 38.206825, 0.0)
(39.590637, 38.201042, 0.0)
(40.169952, 38.195400, 0.0)
(40.271080, 38.138992, 0.0)
(40.221828, 38.173317, 0.0)
(40.235840, 38.153847, 0.0)
(40.224617, 38.135170, 0.0)
(40.237396, 38.140965, 0.0)
(40.209743, 38.152382, 0.0)
(40.211216, 38.173065, 0.0)
(40.220390, 38.184479, 0.0)
(40.253666, 38.164875, 0.0)
(40.244003, 38.177853, 0.0)
(40.253483, 38.152393, 0.0)
(40.249008, 38.158512, 0.0)
(40.218845, 38.120930, 0.0)
(39.713127, 37.508907, 0.0)
(39.701935, 37.422546, 0.0)
(39.715286, 37.454391, 0.0)
(39.705212, 37.490036, 0.0)
(39.729027, 37.496284, 0.0)
(39.748959, 37.471176, 0.0)
(39.574112, 37.511021, 0.0)
(37.408421, 37.436153, 0.0)
(37.349609, 37.429470, 0.0)
(37.345745, 37.376667, 0.0)
(37.237961, 37.355556, 0.0)
(37.169205, 37.362587, 0.0)
(37.115223, 37.388073, 0.0)
(37.064068, 37.341366, 0.0)
(37.034256, 37.358196, 0.0)
(36.441353, 37.442280, 0.0)
(34.198750, 37.046314, 0.0)
(34.047787, 37.073990, 0.0)
(34.081615, 37.064022, 0.0)
(34.042702, 37.097519, 0.0)
(34.006092, 37.075932, 0.0)
(33.993717, 37.042355, 0.0)
(33.965351, 37.028477, 0.0)
(33.704865, 37.115181, 0.0)
(31.226858, 37.512089, 0.0)
(31.033905, 37.593182, 0.0)
(31.027710, 37.564789, 0.0)
(31.006601, 37.575321, 0.0)
(31.038387, 37.549507, 0.0)
(29.722206, 38.029137, 0.0)
(27.954775, 38.786194, 0.0)
(27.788479, 38.898640, 0.0)
(27.778408, 38.855614, 0.0)
(27.773046, 38.839588, 0.0)
(27.775471, 38.832420, 0.0)
(27.708729, 38.881084, 0.0)
(27.166468, 39.065056, 0.0)
(27.131104, 39.073917, 0.0)
(27.138643, 39.044785, 0.0)
(27.110567, 39.043880, 0.0)
(27.101210, 38.998684, 0.0)
(27.105070, 39.000153, 0.0)
(27.095057, 39.016403, 0.0)
(27.102100, 38.983341, 0.0)
(27.108849, 38.954765, 0.0)
(27.109291, 38.970554, 0.0)
(27.102100, 38.983341, 0.0)
(27.104370, 38.961765, 0.0)
(27.087385, 38.979187, 0.0)
(27.083727, 38.971302, 0.0)
(27.090019, 38.949928, 0.0)
(27.083912, 38.976589, 0.0)
(27.078711, 39.023407, 0.0)
(28.530121, 37.951065, 0.0)
(31.139360, 36.852261, 0.0)
(31.391039, 36.767704, 0.0)
(31.349838, 36.770412, 0.0)
(31.356918, 36.745861, 0.0)
(31.441992, 36.710911, 0.0)
(31.488152, 36.670364, 0.0)
(31.940735, 36.635544, 0.0)
(34.352627, 36.419956, 0.0)
(34.997688, 36.556923, 0.0)
(34.954609, 36.504459, 0.0)
(34.954853, 36.500877, 0.0)
(34.989296, 36.573647, 0.0)
(34.989502, 36.607525, 0.0)
(35.027729, 36.599770, 0.0)
(35.027542, 36.590046, 0.0)
(34.984673, 36.745319, 0.0)
(33.540108, 37.729889, 0.0)
(33.542606, 36.994751, 0.0)
(33.543247, 36.777851, 0.0)
(33.594860, 36.734200, 0.0)
(33.609970, 36.805756, 0.0)
(33.637337, 36.829079, 0.0)
(33.766476, 36.863159, 0.0)
(35.957062, 36.898006, 0.0)
(36.235123, 36.954441, 0.0)
(36.233669, 36.965179, 0.0)
(36.263737, 36.946068, 0.0)
(36.305534, 36.955139, 0.0)
(37.365398, 36.996464, 0.0)
(39.539127, 37.228306, 0.0)
(39.954304, 37.288113, 0.0)
(39.909195, 37.315430, 0.0)
(39.974308, 37.304874, 0.0)
(40.014862, 37.308060, 0.0)
(39.957447, 37.366306, 0.0)
(39.956322, 37.361526, 0.0)
(39.967964, 37.398056, 0.0)
(39.967918, 37.366310, 0.0)
(40.491699, 37.207996, 0.0)
(40.581261, 37.148479, 0.0)
(40.509502, 37.186970, 0.0)
(40.514763, 37.213081, 0.0)
(40.503178, 37.218460, 0.0)
(40.546391, 37.231697, 0.0)
(40.546391, 37.219055, 0.0)
(40.527420, 37.218388, 0.0)
(40.518993, 37.181160, 0.0)
(40.526749, 37.195881, 0.0)
(40.490368, 37.157421, 0.0)
(40.471008, 37.175171, 0.0)
(40.485619, 37.143665, 0.0)
(40.491829, 36.869289, 0.0)
(40.573490, 36.713017, 0.0)
(40.503990, 36.737362, 0.0)
(40.485687, 36.720036, 0.0)
(40.514351, 36.668285, 0.0)
(38.676098, 36.751633, 0.0)
(38.293709, 36.637135, 0.0)
(38.372856, 36.538437, 0.0)
(38.345978, 36.568008, 0.0)
(38.319141, 36.586319, 0.0)
(38.202145, 36.571541, 0.0)
(36.929222, 36.508617, 0.0)
(36.395355, 36.494282, 0.0)
(36.367695, 36.495525, 0.0)
(36.331520, 36.470020, 0.0)
(36.320892, 36.488342, 0.0)
(36.253212, 36.463638, 0.0)
(34.043079, 36.537960, 0.0)
(33.784332, 36.573242, 0.0)
(33.832020, 36.570614, 0.0)
(33.835239, 36.555420, 0.0)
(33.840145, 36.567993, 0.0)
(33.462765, 36.620358, 0.0)
(30.287029, 37.040180, 0.0)
(28.611679, 37.610584, 0.0)
(28.457462, 37.736290, 0.0)
(28.444124, 37.721642, 0.0)
(28.436014, 37.713741, 0.0)
(28.383169, 37.759998, 0.0)
(27.088728, 38.607693, 0.0)
(26.996176, 38.696457, 0.0)
(27.012466, 38.657169, 0.0)
(27.009724, 38.617733, 0.0)
(26.996149, 38.614777, 0.0)
(28.544752, 37.565609, 0.0)
(28.805956, 37.436245, 0.0)
(28.780317, 37.432819, 0.0)
(28.780064, 37.421631, 0.0)
(28.805244, 37.417473, 0.0)
(27.600788, 38.042202, 0.0)
(27.120222, 38.194134, 0.0)
(27.075188, 38.204350, 0.0)
(27.052622, 38.249851, 0.0)
(27.044615, 38.247684, 0.0)
(27.047449, 38.253029, 0.0)
(27.057440, 38.258072, 0.0)
(26.997269, 38.243595, 0.0)
(26.996742, 38.230312, 0.0)
(26.987860, 38.219429, 0.0)
(27.000807, 38.282921, 0.0)
(27.006088, 38.290462, 0.0)
(26.992350, 38.308201, 0.0)
(27.003374, 38.293934, 0.0)
(27.002834, 38.301617, 0.0)
(27.475998, 37.943882, 0.0)
(28.203947, 37.497181, 0.0)
(28.313463, 37.444725, 0.0)
(28.357428, 37.415386, 0.0)
(28.469929, 37.401161, 0.0)
(28.688290, 37.306820, 0.0)
(28.883211, 37.181290, 0.0)
(29.151663, 37.125599, 0.0)
(30.188177, 36.689178, 0.0)
(30.405243, 36.604218, 0.0)
(30.517633, 36.592915, 0.0)
(30.698597, 36.567032, 0.0)
(30.884157, 36.456451, 0.0)
(31.056213, 36.399788, 0.0)
(31.204187, 36.356686, 0.0)
(31.309389, 36.293102, 0.0)
(32.475498, 36.052021, 0.0)
(34.812534, 35.693604, 0.0)
(34.937733, 35.741337, 0.0)
(35.020008, 35.816399, 0.0)
(35.158600, 35.929420, 0.0)
(36.107880, 36.079071, 0.0)
(38.748009, 36.326530, 0.0)
(40.157169, 36.504398, 0.0)
(40.377399, 36.534718, 0.0)
(40.269249, 36.454803, 0.0)
(40.250824, 36.466675, 0.0)
(40.305283, 36.412388, 0.0)
(40.253357, 36.486626, 0.0)
(40.283112, 36.495972, 0.0)
(40.231815, 36.544655, 0.0)
(40.221432, 36.548325, 0.0)
(40.225361, 36.560078, 0.0)
(40.196716, 36.554241, 0.0)
(40.207397, 36.511654, 0.0)
(40.193687, 36.547554, 0.0)
(40.166195, 36.552486, 0.0)
(40.137302, 36.499039, 0.0)
(40.203308, 36.492989, 0.0)
(40.502312, 36.576107, 0.0)
(40.510895, 36.626583, 0.0)
(40.526276, 36.608807, 0.0)
(40.493397, 36.665630, 0.0)
(40.548019, 36.615650, 0.0)
(40.529282, 36.597881, 0.0)
(40.499836, 36.583607, 0.0)
(40.515839, 36.565037, 0.0)
(40.468773, 36.553661, 0.0)
(40.473175, 36.534840, 0.0)
(40.333221, 36.038689, 0.0)
(40.357933, 35.820171, 0.0)
(40.346344, 35.903633, 0.0)
(40.351795, 35.928726, 0.0)
(40.319489, 35.935261, 0.0)
(40.304260, 35.965946, 0.0)
(40.272861, 35.958431, 0.0)
(38.724503, 35.989201, 0.0)
(37.854836, 35.913544, 0.0)
(37.926552, 35.809113, 0.0)
(37.868332, 35.836079, 0.0)
(37.794823, 35.805595, 0.0)
(37.732834, 35.775627, 0.0)
(37.700474, 35.772953, 0.0)
(36.874207, 35.764755, 0.0)
(34.350933, 35.373131, 0.0)
(34.256222, 35.310303, 0.0)
(34.276566, 35.310726, 0.0)
(34.241615, 35.267094, 0.0)
(34.208035, 35.200836, 0.0)
(34.203926, 35.197906, 0.0)
(34.207111, 35.187485, 0.0)
(34.222492, 35.162617, 0.0)
(34.237072, 35.149841, 0.0)
(32.873215, 35.396172, 0.0)
(29.727837, 36.078671, 0.0)
(29.104176, 36.314075, 0.0)
(29.057997, 36.268803, 0.0)
(29.024303, 36.251873, 0.0)
(28.988644, 36.203339, 0.0)
(27.819166, 36.933739, 0.0)
(27.227959, 37.259769, 0.0)
(27.156919, 37.277382, 0.0)
(27.167288, 37.263947, 0.0)
(27.124498, 37.282879, 0.0)
(27.122583, 37.281349, 0.0)
(27.172724, 37.331421, 0.0)
(27.197731, 37.325077, 0.0)
(27.200466, 37.306786, 0.0)
(27.129980, 37.344624, 0.0)
(27.123455, 37.310318, 0.0)
(27.102598, 37.300079, 0.0)
(27.059002, 37.257885, 0.0)
(27.093513, 37.238796, 0.0)
(27.134424, 37.190025, 0.0)
(26.902939, 37.331276, 0.0)
(26.859007, 37.329723, 0.0)
(26.867403, 37.348251, 0.0)
(26.872671, 37.396061, 0.0)
(26.877377, 37.385365, 0.0)
(26.870792, 37.343437, 0.0)
(26.862478, 37.356777, 0.0)
(26.860373, 37.349682, 0.0)
(26.819122, 37.331837, 0.0)
(26.824816, 37.304306, 0.0)
(27.436918, 36.606068, 0.0)
(27.526119, 36.457455, 0.0)
(27.535780, 36.454838, 0.0)
(27.621223, 36.432117, 0.0)
(27.687588, 36.403519, 0.0)
(29.541245, 35.778339, 0.0)
(29.923939, 35.658611, 0.0)
(30.035988, 35.518528, 0.0)
(30.153687, 35.468754, 0.0)
(30.234556, 35.450527, 0.0)
(30.388914, 35.387772, 0.0)
(30.591955, 35.319794, 0.0)
(33.576035, 34.686794, 0.0)
(36.326118, 34.883686, 0.0)
(36.721004, 35.026146, 0.0)
(36.708473, 35.043396, 0.0)
(36.712528, 35.041821, 0.0)
(37.495262, 35.177624, 0.0)
(39.637707, 35.743668, 0.0)
(40.186337, 35.827156, 0.0)
(40.104450, 35.862720, 0.0)
(40.067360, 35.847843, 0.0)
(40.077507, 35.794254, 0.0)
(40.064030, 35.822269, 0.0)
(40.054115, 35.860340, 0.0)
(40.040318, 35.864880, 0.0)
(40.039181, 35.848396, 0.0)
(40.052517, 35.829296, 0.0)
(40.002399, 35.819645, 0.0)
(39.994576, 35.776802, 0.0)
(39.954395, 35.754379, 0.0)
(39.953434, 35.754383, 0.0)
(39.968056, 35.671623, 0.0)
(39.963329, 35.636421, 0.0)
(39.991867, 35.595825, 0.0)
(39.961426, 35.582088, 0.0)
(39.956203, 35.587742, 0.0)
(40.306168, 35.614532, 0.0)
(40.450199, 35.636066, 0.0)
(40.422905, 35.658066, 0.0)
(40.426495, 35.660233, 0.0)
(40.417194, 35.685780, 0.0)
(40.426746, 35.666096, 0.0)
(40.394081, 35.659023, 0.0)
(40.406776, 35.656868, 0.0)
(40.373734, 35.659622, 0.0)
(40.385750, 35.658260, 0.0)
(40.384167, 35.638798, 0.0)
(40.420742, 35.619911, 0.0)
(40.435951, 35.611664, 0.0)
(40.406364, 35.622089, 0.0)
(40.036449, 35.524757, 0.0)
(39.874210, 35.371330, 0.0)
(39.906490, 35.402122, 0.0)
(39.927647, 35.408058, 0.0)
(39.862251, 35.393097, 0.0)
(38.973553, 35.047462, 0.0)
(38.936050, 35.011738, 0.0)
(38.997269, 34.990498, 0.0)
(39.021713, 34.995628, 0.0)
(38.856987, 34.870831, 0.0)
(36.767166, 34.526318, 0.0)
(36.712543, 34.531929, 0.0)
(36.667164, 34.539524, 0.0)
(36.519451, 34.467083, 0.0)
(36.456890, 34.509209, 0.0)
(36.375633, 34.506870, 0.0)
(34.180016, 34.394333, 0.0)
(31.916866, 34.451660, 0.0)
(31.823853, 34.508503, 0.0)
(31.841997, 34.475048, 0.0)
(31.838589, 34.453487, 0.0)
(31.817928, 34.457680, 0.0)
(31.776737, 34.426128, 0.0)
(31.771814, 34.403160, 0.0)
(31.774946, 34.406448, 0.0)
(31.761244, 34.427494, 0.0)
(31.779282, 34.454990, 0.0)
(31.434935, 34.636337, 0.0)
(28.505077, 35.956116, 0.0)
(27.843636, 36.280258, 0.0)
(27.798992, 36.284863, 0.0)
(27.773869, 36.287952, 0.0)
(27.746746, 36.273384, 0.0)
(27.691906, 36.250977, 0.0)
(27.720079, 36.183697, 0.0)
(27.310226, 36.476742, 0.0)
(27.011221, 36.617073, 0.0)
(27.013914, 36.574791, 0.0)
(27.022112, 36.577232, 0.0)
(27.043768, 36.571091, 0.0)
(27.035614, 36.553612, 0.0)
(27.003025, 36.502277, 0.0)
(26.958187, 36.529591, 0.0)
(26.961803, 36.525925, 0.0)
(26.946035, 36.549805, 0.0)
(26.964304, 36.544277, 0.0)
(27.011122, 36.587616, 0.0)
(27.010744, 36.617035, 0.0)
(27.002819, 36.637943, 0.0)
(26.992151, 36.607826, 0.0)
(27.006746, 36.598446, 0.0)
(27.014725, 36.580418, 0.0)
(27.047762, 36.556366, 0.0)
(26.956854, 36.568127, 0.0)
(26.971411, 36.555092, 0.0)
(27.234512, 35.929375, 0.0)
(27.270823, 35.703873, 0.0)
(27.284779, 35.707489, 0.0)
(27.272892, 35.727238, 0.0)
(27.381245, 35.768642, 0.0)
(29.687721, 34.620770, 0.0)
(30.239119, 34.474873, 0.0)
(30.234661, 34.441746, 0.0)
(30.284214, 34.388496, 0.0)
(30.378010, 34.347397, 0.0)
(31.540598, 34.043461, 0.0)
(34.883709, 33.671539, 0.0)
(37.129570, 34.197411, 0.0)
(37.496994, 34.375221, 0.0)
(37.496952, 34.377132, 0.0)
(37.499722, 34.400845, 0.0)
(37.488113, 34.392242, 0.0)
(38.235641, 34.626831, 0.0)
(40.020931, 35.128315, 0.0)
(40.378986, 35.166737, 0.0)
(40.206131, 35.182388, 0.0)
(40.210644, 35.115162, 0.0)
(40.234489, 35.116566, 0.0)
(40.194778, 35.147785, 0.0)
(40.162125, 35.148666, 0.0)
(40.144264, 35.170097, 0.0)
(40.125538, 35.209419, 0.0)
(40.108116, 35.209862, 0.0)
(40.097446, 35.216183, 0.0)
(40.039623, 35.171646, 0.0)
(40.028702, 35.170292, 0.0)
(40.027554, 35.157913, 0.0)
(40.004292, 35.158974, 0.0)
(40.049366, 35.169231, 0.0)
(40.033432, 35.175884, 0.0)
(40.013203, 35.187798, 0.0)
(39.505253, 35.056629, 0.0)
(39.680477, 34.918804, 0.0)
(40.052849, 34.911983, 0.0)
(40.109257, 34.953011, 0.0)
(40.114109, 34.950485, 0.0)
(40.127033, 34.907566, 0.0)
(40.107590, 34.893757, 0.0)
(40.113918, 34.867336, 0.0)
(40.112259, 34.938145, 0.0)
(40.152592, 34.955524, 0.0)
(40.170761, 34.940056, 0.0)
(40.165154, 34.892952, 0.0)
(40.197681, 34.835129, 0.0)
(40.135513, 34.789886, 0.0)
(39.901505, 34.650528, 0.0)
(39.471451, 34.330872, 0.0)
(39.454128, 34.299595, 0.0)
(39.460617, 34.336605, 0.0)
(39.453884, 34.369751, 0.0)
(39.489563, 34.440868, 0.0)
(39.465687, 34.470482, 0.0)
(39.113010, 34.439243, 0.0)
(35.536575, 33.777458, 0.0)
(33.739784, 33.822945, 0.0)
(33.665989, 33.825191, 0.0)
(33.685081, 33.738728, 0.0)
(33.729557, 33.694191, 0.0)
(33.736095, 33.666836, 0.0)
(33.778328, 33.667732, 0.0)
(33.799606, 33.672337, 0.0)
(33.794952, 33.675201, 0.0)
(33.806595, 33.684093, 0.0)
(33.822617, 33.713284, 0.0)
(33.827930, 33.735119, 0.0)
(33.858105, 33.681530, 0.0)
(33.876373, 33.650341, 0.0)
(33.642189, 33.655666, 0.0)
(31.377157, 34.010822, 0.0)
(31.307495, 33.990822, 0.0)
(31.334425, 33.938408, 0.0)
(31.348398, 33.955029, 0.0)
(31.338882, 33.983837, 0.0)
(31.348484, 33.983562, 0.0)
(31.333662, 33.975533, 0.0)
(29.229080, 34.998840, 0.0)
(27.506142, 35.788460, 0.0)
(27.415489, 35.795235, 0.0)
(27.395580, 35.769138, 0.0)
(27.367477, 35.767681, 0.0)
(27.352602, 35.759052, 0.0)
(27.353441, 35.736549, 0.0)
(27.352425, 35.730827, 0.0)
(27.356403, 35.764202, 0.0)
(27.357719, 35.740692, 0.0)
(27.368872, 35.809387, 0.0)
(27.376783, 35.902222, 0.0)
(27.357260, 35.894424, 0.0)
(26.801949, 36.336170, 0.0)
(26.729025, 36.374359, 0.0)
(26.708925, 36.365772, 0.0)
(26.696802, 36.381447, 0.0)
(26.708248, 36.356331, 0.0)
(26.715549, 36.348263, 0.0)
(26.696817, 36.360439, 0.0)
(26.688974, 36.346630, 0.0)
(26.702736, 36.327057, 0.0)
(26.710499, 36.332306, 0.0)
(26.719915, 36.304111, 0.0)
(26.722336, 36.277588, 0.0)
(26.701006, 36.300686, 0.0)
(26.919289, 36.110466, 0.0)
(27.186392, 35.806683, 0.0)
(27.229744, 35.742912, 0.0)
(27.255426, 35.707798, 0.0)
(27.648312, 35.494736, 0.0)
(30.241663, 34.196167, 0.0)
(30.451891, 34.165028, 0.0)
(30.482838, 34.116238, 0.0)
(30.560379, 34.071892, 0.0)
(30.606131, 34.047726, 0.0)
(30.661121, 33.979198, 0.0)
(30.705202, 33.906368, 0.0)
(30.747202, 33.830265, 0.0)
(30.845009, 33.821079, 0.0)
(30.916891, 33.823101, 0.0)
(31.003475, 33.858025, 0.0)
(31.126591, 33.832699, 0.0)
(31.484261, 33.830475, 0.0)
(32.633320, 33.691250, 0.0)
(32.747730, 33.684929, 0.0)
(32.832222, 33.642597, 0.0)
(32.900665, 33.630817, 0.0)
(33.742985, 33.599045, 0.0)
(36.734180, 33.731468, 0.0)
(38.644382, 34.166893, 0.0)
(39.019783, 34.166847, 0.0)
(39.017723, 34.178417, 0.0)
(39.013107, 34.202305, 0.0)
(39.018272, 34.205009, 0.0)
(38.994621, 34.165489, 0.0)
(39.604046, 34.410095, 0.0)
(40.445168, 34.569881, 0.0)
(40.428333, 34.566727, 0.0)
(40.332031, 34.520084, 0.0)
(40.353096, 34.488350, 0.0)
(40.318268, 34.488640, 0.0)
(40.324371, 34.437370, 0.0)
(40.309948, 34.485329, 0.0)
(40.263107, 34.500679, 0.0)
(40.241093, 34.517460, 0.0)
(39.280769, 34.312420, 0.0)
(39.086479, 34.236458, 0.0)
(39.201252, 34.231220, 0.0)
(39.207355, 34.223576, 0.0)
(39.224007, 34.223576, 0.0)
(39.235634, 34.243862, 0.0)
(39.204624, 34.227692, 0.0)
(40.035564, 34.603161, 0.0)
(40.267803, 34.659454, 0.0)
(40.209980, 34.696014, 0.0)
(40.245026, 34.731422, 0.0)
(40.250080, 35.430401, 0.0)
(39.225578, 35.218697, 0.0)
(38.723331, 34.438766, 0.0)
(38.382774, 34.263744, 0.0)
(38.404018, 34.346138, 0.0)
(38.410255, 34.391350, 0.0)
(38.408493, 34.384438, 0.0)
(39.030262, 34.721268, 0.0)
(39.938316, 35.610954, 0.0)
(39.959332, 35.799236, 0.0)
(39.963642, 35.780582, 0.0)
(39.960167, 35.803654, 0.0)
(39.909122, 35.779610, 0.0)
(39.917744, 35.772034, 0.0)
(39.874901, 35.754925, 0.0)
(40.237995, 37.003719, 0.0)
(40.268723, 38.227814, 0.0)
(40.184734, 38.429134, 0.0)
(40.142464, 38.414505, 0.0)
(40.161697, 38.321346, 0.0)
(40.179798, 38.345772, 0.0)
(40.199863, 38.354523, 0.0)
(40.199867, 38.333504, 0.0)
(40.178703, 38.333290, 0.0)
(40.176037, 38.303642, 0.0)
(40.173409, 38.292309, 0.0)
(40.042652, 38.812645, 0.0)
(40.002682, 39.344711, 0.0)
(39.979538, 39.403912, 0.0)
(39.917450, 39.356709, 0.0)
(39.931625, 39.388401, 0.0)
(39.923771, 39.458965, 0.0)
(39.957859, 39.564400, 0.0)
(39.710342, 40.459034, 0.0)
(39.677406, 40.766441, 0.0)
(39.678188, 40.725067, 0.0)
(39.678127, 40.718220, 0.0)
(39.660732, 40.665348, 0.0)
(39.663960, 40.686756, 0.0)
(39.659851, 40.678162, 0.0)
(39.596188, 40.696888, 0.0)
(39.571651, 40.648178, 0.0)
(39.605339, 40.704632, 0.0)
(39.614071, 40.702972, 0.0)
(39.603352, 40.738869, 0.0)
(39.640800, 40.801037, 0.0)
(39.622902, 40.777985, 0.0)
(39.595470, 40.755402, 0.0)
(39.608620, 40.735203, 0.0)
(39.621677, 40.809086, 0.0)
(39.605778, 40.773449, 0.0)
(39.588081, 40.754074, 0.0)
(39.593262, 40.737854, 0.0)
(39.617306, 40.727829, 0.0)
(39.652794, 40.745049, 0.0)
(39.658661, 40.741932, 0.0)
(39.415157, 40.588764, 0.0)
(39.395164, 40.286770, 0.0)
(39.463120, 40.173004, 0.0)
(39.464619, 40.111610, 0.0)
(39.461449, 40.063622, 0.0)
(39.527946, 39.981701, 0.0)
(39.618229, 39.562840, 0.0)
(39.873108, 37.645985, 0.0)
(40.049858, 36.564270, 0.0)
(40.060009, 36.494499, 0.0)
(40.098686, 36.582676, 0.0)
(40.098766, 36.603600, 0.0)
(40.080349, 36.647484, 0.0)
(40.052132, 36.653198, 0.0)
(40.047531, 36.617744, 0.0)
(40.045578, 36.618694, 0.0)
(39.999664, 36.633350, 0.0)
(39.956821, 36.623432, 0.0)
(39.951023, 36.632332, 0.0)
(39.960632, 36.644897, 0.0)
(39.990753, 36.671402, 0.0)
(40.008339, 36.683201, 0.0)
(40.002083, 36.706638, 0.0)
(40.000591, 36.701134, 0.0)
(39.981236, 36.647938, 0.0)
(39.963226, 36.655773, 0.0)
(39.914520, 35.959442, 0.0)
(39.944172, 34.937782, 0.0)
(39.914642, 34.875038, 0.0)
(39.902477, 34.973343, 0.0)
(39.892342, 34.952877, 0.0)
(39.878105, 34.973114, 0.0)
(39.809135, 34.967152, 0.0)
(39.881145, 34.469166, 0.0)
(39.872387, 34.387058, 0.0)
(39.874252, 34.385963, 0.0)
(39.870644, 34.358524, 0.0)
(39.792587, 34.293175, 0.0)
(39.747555, 34.273525, 0.0)
(39.695705, 34.367584, 0.0)
(39.733734, 34.406464, 0.0)
(39.705345, 34.399590, 0.0)
(39.693653, 34.412090, 0.0)
(39.707264, 34.406597, 0.0)
(39.692692, 34.415215, 0.0)
(39.638741, 34.440578, 0.0)
(39.623974, 34.431850, 0.0)
(39.627934, 34.436760, 0.0)
(39.419064, 34.314991, 0.0)
(39.376713, 34.202606, 0.0)
(39.380768, 34.201397, 0.0)
(39.353741, 34.183445, 0.0)
(39.287941, 34.192223, 0.0)
(39.277111, 34.184879, 0.0)
(38.799751, 34.693832, 0.0)
(38.729443, 35.253326, 0.0)
(38.741013, 35.332726, 0.0)
(38.782635, 35.311493, 0.0)
(38.775555, 35.385334, 0.0)
(38.795509, 35.402115, 0.0)
(37.540207, 36.996216, 0.0)
(36.536007, 38.329716, 0.0)
(36.488308, 38.416840, 0.0)
(36.509373, 38.337715, 0.0)
(36.497040, 38.321678, 0.0)
(36.502636, 38.350990, 0.0)
(36.527134, 38.360165, 0.0)
(36.511238, 38.365433, 0.0)
(36.504658, 38.352245, 0.0)
(36.526752, 38.365681, 0.0)
(36.549870, 38.340748, 0.0)
(36.585831, 38.325066, 0.0)
(36.582470, 38.313946, 0.0)
(36.569115, 38.331379, 0.0)
(37.992130, 38.302780, 0.0)
(39.101536, 38.265110, 0.0)
(39.209648, 38.336838, 0.0)
(39.178398, 38.309380, 0.0)
(39.212933, 38.357101, 0.0)
(39.202568, 38.370327, 0.0)
(39.176487, 38.436340, 0.0)
(39.148941, 38.448471, 0.0)
(39.215145, 38.603012, 0.0)
(39.019760, 39.658344, 0.0)
(38.992279, 39.829426, 0.0)
(38.941284, 39.793118, 0.0)
(38.944187, 39.797035, 0.0)
(39.001736, 39.840771, 0.0)
(38.979069, 39.906181, 0.0)
(38.259930, 41.133621, 0.0)
(38.194225, 41.225403, 0.0)
(38.218895, 41.342709, 0.0)
(38.177391, 41.217354, 0.0)
(38.208462, 41.261585, 0.0)
(38.234467, 41.263565, 0.0)
(38.245850, 41.237495, 0.0)
(38.257687, 41.190720, 0.0)
(38.240356, 41.188641, 0.0)
(38.334297, 40.715420, 0.0)
(38.595470, 40.125107, 0.0)
(38.571182, 39.976757, 0.0)
(38.571198, 39.961678, 0.0)
(38.559052, 39.990120, 0.0)
(38.527485, 39.924786, 0.0)
(38.534126, 39.876114, 0.0)
(38.527054, 39.840202, 0.0)
(38.532856, 39.807331, 0.0)
(38.521732, 39.737064, 0.0)
(38.499348, 39.732803, 0.0)
(38.443882, 39.773300, 0.0)
(38.481720, 39.730495, 0.0)
(38.467548, 39.785786, 0.0)
(38.445267, 39.829529, 0.0)
(38.475449, 39.812862, 0.0)
(38.348816, 38.907150, 0.0)
(38.352737, 38.424286, 0.0)
(38.300098, 38.294739, 0.0)
(38.325214, 38.277126, 0.0)
(38.336941, 38.197716, 0.0)
(38.334412, 38.185490, 0.0)
(38.339520, 38.171345, 0.0)
(38.499512, 37.112202, 0.0)
(38.686634, 35.055119, 0.0)
(38.556316, 34.687645, 0.0)
(38.624004, 34.817688, 0.0)
(38.615093, 34.897903, 0.0)
(38.620728, 34.908783, 0.0)
(38.637459, 34.944965, 0.0)
(38.634651, 34.935146, 0.0)
(38.625999, 34.954880, 0.0)
(38.611385, 34.885471, 0.0)
(38.609634, 34.882050, 0.0)
(38.504890, 34.305737, 0.0)
(38.466606, 33.974144, 0.0)
(38.439125, 34.061470, 0.0)
(38.484024, 34.135849, 0.0)
(38.494686, 34.159122, 0.0)
(38.444675, 34.191757, 0.0)
(38.451542, 34.199345, 0.0)
(38.446850, 34.209274, 0.0)
(38.114033, 34.068119, 0.0)
(38.094353, 34.064899, 0.0)
(38.111267, 34.054665, 0.0)
(38.075710, 34.017937, 0.0)
(38.045490, 34.019287, 0.0)
(38.042770, 34.026821, 0.0)
(38.037609, 34.115917, 0.0)
(38.013817, 34.117325, 0.0)
(38.000824, 34.135674, 0.0)
(38.018127, 34.146980, 0.0)
(38.029758, 34.186424, 0.0)
(38.019020, 34.147892, 0.0)
(38.001411, 34.147343, 0.0)
(38.006752, 34.118401, 0.0)
(38.000580, 34.117321, 0.0)
(38.027069, 34.125874, 0.0)
(37.997547, 34.146759, 0.0)
(38.038410, 34.136475, 0.0)
(38.057896, 34.187153, 0.0)
(38.017330, 34.213402, 0.0)
(37.920059, 34.753517, 0.0)
(37.840576, 36.683762, 0.0)
(37.756393, 37.153824, 0.0)
(37.747631, 37.108963, 0.0)
(37.746983, 37.101849, 0.0)
(37.767059, 37.102459, 0.0)
(37.775242, 37.062138, 0.0)
(37.922527, 38.122456, 0.0)
(37.866432, 40.032730, 0.0)
(37.808945, 40.596451, 0.0)
(37.745754, 40.568497, 0.0)
(37.678009, 40.533077, 0.0)
(37.658810, 40.600788, 0.0)
(37.708057, 40.733009, 0.0)
(37.765461, 41.208374, 0.0)
(37.777691, 41.320381, 0.0)
(37.761879, 41.420742, 0.0)
(37.742386, 41.419609, 0.0)
(37.732128, 41.441032, 0.0)
(37.714264, 41.447178, 0.0)
(37.696320, 41.433022, 0.0)
(37.699883, 41.461117, 0.0)
(37.706867, 41.499199, 0.0)
(37.719639, 41.532261, 0.0)
(37.712341, 41.560272, 0.0)
(37.709869, 41.565151, 0.0)
(37.461227, 41.621586, 0.0)
(37.413242, 41.667068, 0.0)
(37.420410, 41.662670, 0.0)
(37.385937, 41.712429, 0.0)
(37.389637, 41.731022, 0.0)
(37.369148, 41.736519, 0.0)
(37.384598, 41.698177, 0.0)
(37.351990, 41.748959, 0.0)
(37.409515, 41.769798, 0.0)
(37.411968, 41.828079, 0.0)
(37.376095, 41.862034, 0.0)
(37.361988, 41.901096, 0.0)
(37.393715, 41.857807, 0.0)
(37.404350, 41.863003, 0.0)
(37.381077, 41.871929, 0.0)
(37.411163, 41.854618, 0.0)
(37.417252, 41.830536, 0.0)
(37.415943, 41.842838, 0.0)
(37.396835, 41.863762, 0.0)
(37.382034, 41.884357, 0.0)
(37.411915, 41.906048, 0.0)
(37.392029, 41.924328, 0.0)
(37.209923, 41.859272, 0.0)
(36.719261, 41.718185, 0.0)
(36.679237, 41.699879, 0.0)
(36.635662, 41.665134, 0.0)
(36.670731, 41.495468, 0.0)
(36.700745, 41.364952, 0.0)
(37.108173, 39.529385, 0.0)
(37.263145, 38.467213, 0.0)
(37.190510, 38.236294, 0.0)
(37.108028, 37.982513, 0.0)
(37.164589, 37.912731, 0.0)
(37.140377, 37.911610, 0.0)
(37.093739, 37.871983, 0.0)
(37.103447, 37.887886, 0.0)
(37.120129, 37.894115, 0.0)
(37.115295, 37.874111, 0.0)
(37.115379, 37.874012, 0.0)
(37.113861, 37.868694, 0.0)
(37.045551, 36.421612, 0.0)
(36.976631, 34.462318, 0.0)
(37.012531, 34.498295, 0.0)
(37.019833, 34.644577, 0.0)
(37.037025, 34.568398, 0.0)
(37.024441, 34.006351, 0.0)
(37.018230, 33.932331, 0.0)
(37.063988, 33.995419, 0.0)
(37.056492, 33.932453, 0.0)
(37.058674, 33.883965, 0.0)
(37.033745, 33.905590, 0.0)
(36.994221, 33.886826, 0.0)
(36.667145, 33.799671, 0.0)
(36.559906, 33.745850, 0.0)
(36.584641, 33.804394, 0.0)
(36.609291, 33.863213, 0.0)
(36.630257, 33.865784, 0.0)
(36.638023, 33.875160, 0.0)
(36.598190, 33.871399, 0.0)
(36.679688, 33.780006, 0.0)
(36.649372, 33.756474, 0.0)
(36.614223, 33.769096, 0.0)
(36.619194, 33.748058, 0.0)
(36.629341, 33.768681, 0.0)
(36.639660, 33.791142, 0.0)
(36.665596, 33.810951, 0.0)
(36.676266, 33.814819, 0.0)
(36.667076, 33.801826, 0.0)
(36.658516, 33.804798, 0.0)
(36.677605, 33.839207, 0.0)
(36.663860, 33.813660, 0.0)
(36.669964, 33.807598, 0.0)
(36.697971, 33.787312, 0.0)
(36.676231, 33.789272, 0.0)
(36.654110, 33.794044, 0.0)
(36.693413, 33.785229, 0.0)
(36.696640, 33.792847, 0.0)
(36.709904, 33.830120, 0.0)
(36.445877, 33.864735, 0.0)
(35.996460, 34.978615, 0.0)
(35.983131, 36.186749, 0.0)
(36.092220, 36.913345, 0.0)
(36.079395, 36.971367, 0.0)
(36.020039, 36.937141, 0.0)
(36.011414, 36.948784, 0.0)
(36.020702, 36.966766, 0.0)
(36.026451, 36.978611, 0.0)
(36.051968, 37.017315, 0.0)
(36.364880, 38.709515, 0.0)
(36.399277, 40.458508, 0.0)
(36.300907, 41.090183, 0.0)
(36.249809, 41.180298, 0.0)
(36.245964, 41.090801, 0.0)
(36.276566, 41.075188, 0.0)
(36.278999, 41.067577, 0.0)
(36.227299, 41.073494, 0.0)
(36.198898, 41.078903, 0.0)
(36.229420, 41.021194, 0.0)
(36.256760, 41.049648, 0.0)
(36.264240, 41.054256, 0.0)
(36.266632, 41.049709, 0.0)
(36.295170, 41.048672, 0.0)
(36.287502, 41.082573, 0.0)
(36.301666, 41.097195, 0.0)
(36.304134, 41.107327, 0.0)
(36.290287, 41.123760, 0.0)
(36.290779, 41.145535, 0.0)
(36.304806, 41.153084, 0.0)
(36.399319, 41.805611, 0.0)
(36.434975, 42.123302, 0.0)
(36.402855, 42.132488, 0.0)
(36.390144, 42.137127, 0.0)
(36.391136, 42.188278, 0.0)
(36.413784, 42.121159, 0.0)
(36.395359, 42.094158, 0.0)
(36.363125, 42.083920, 0.0)
(36.340214, 42.150185, 0.0)
(36.313404, 42.180141, 0.0)
(36.295319, 42.211700, 0.0)
(36.303215, 42.212799, 0.0)
(36.312820, 42.346653, 0.0)
(36.301067, 42.428207, 0.0)
(36.299450, 42.475422, 0.0)
(36.305325, 42.492638, 0.0)
(36.304188, 42.498669, 0.0)
(36.308922, 42.441967, 0.0)
(35.586063, 42.589886, 0.0)
(35.363991, 42.382374, 0.0)
(35.386536, 42.446640, 0.0)
(35.401314, 42.435249, 0.0)
(35.420162, 42.464737, 0.0)
(35.379536, 42.436848, 0.0)
(35.394535, 41.297222, 0.0)
(35.753067, 39.096199, 0.0)
(35.877625, 38.286430, 0.0)
(35.936085, 37.876614, 0.0)
(35.883839, 37.650867, 0.0)
(35.820969, 37.438587, 0.0)
(35.848690, 37.338501, 0.0)
(35.806213, 37.331692, 0.0)
(35.803577, 37.298355, 0.0)
(35.793159, 37.275295, 0.0)
(35.814224, 37.271519, 0.0)
(35.821068, 37.280151, 0.0)
(35.818726, 37.266293, 0.0)
(35.703358, 36.874893, 0.0)
(35.596596, 34.697861, 0.0)
(35.553528, 34.287418, 0.0)
(35.550629, 34.366028, 0.0)
(35.558533, 34.397324, 0.0)
(35.498840, 34.403919, 0.0)
(35.028820, 33.673332, 0.0)
(35.021847, 33.625397, 0.0)
(35.043278, 33.686825, 0.0)
(35.036041, 33.700451, 0.0)
(35.047119, 33.710022, 0.0)
(35.051136, 33.729218, 0.0)
(35.053616, 33.695778, 0.0)
(35.048050, 33.728848, 0.0)
(35.062180, 33.689404, 0.0)
(35.074127, 33.676483, 0.0)
(35.058353, 33.697338, 0.0)
(35.010109, 33.660297, 0.0)
(35.125328, 33.670654, 0.0)
(35.355999, 33.612350, 0.0)
(35.389481, 33.658672, 0.0)
(35.366936, 33.643066, 0.0)
(35.382141, 33.652996, 0.0)
(35.379570, 33.644657, 0.0)
(35.388306, 33.625225, 0.0)
(35.392540, 33.583649, 0.0)
(35.376137, 33.584808, 0.0)
(35.375969, 33.557087, 0.0)
(35.373367, 33.521049, 0.0)
(35.400822, 33.484226, 0.0)
(35.405910, 33.473076, 0.0)
(35.399807, 33.477779, 0.0)
(35.383747, 33.581726, 0.0)
(35.364059, 33.592838, 0.0)
(34.912003, 33.659386, 0.0)
(34.854633, 33.709160, 0.0)
(34.854073, 33.716080, 0.0)
(34.854073, 33.716080, 0.0)
(34.854832, 33.705494, 0.0)
(34.801216, 33.856075, 0.0)
(34.410240, 35.759155, 0.0)
(34.373196, 36.263081, 0.0)
(34.356949, 36.270145, 0.0)
(34.331554, 36.270058, 0.0)
(34.311985, 36.277580, 0.0)
(34.329548, 36.280499, 0.0)
(34.320492, 36.288345, 0.0)
(34.309944, 36.255123, 0.0)
(34.317829, 36.238258, 0.0)
(34.921513, 37.619308, 0.0)
(35.034389, 38.916313, 0.0)
(35.039257, 39.058800, 0.0)
(35.022297, 38.984615, 0.0)
(35.013588, 38.996407, 0.0)
(34.992653, 38.988689, 0.0)
(34.964821, 39.048790, 0.0)
(34.986000, 39.321438, 0.0)
(34.688160, 41.083939, 0.0)
(34.867321, 41.725231, 0.0)
(34.791454, 41.767315, 0.0)
(34.803970, 41.681812, 0.0)
(34.806862, 41.679211, 0.0)
(34.776173, 41.713638, 0.0)
(34.794586, 41.706203, 0.0)
(34.805752, 41.805012, 0.0)
(34.784412, 41.857841, 0.0)
(34.768635, 41.963490, 0.0)
(34.768600, 41.977894, 0.0)
(34.779774, 42.030678, 0.0)
(34.778694, 42.046154, 0.0)
(34.760834, 42.166527, 0.0)
(34.710617, 42.220154, 0.0)
(34.688457, 42.258984, 0.0)
(34.686104, 42.239464, 0.0)
(34.695744, 42.292522, 0.0)
(34.675182, 42.299496, 0.0)
(34.677334, 42.366024, 0.0)
(34.679363, 42.383736, 0.0)
(34.701878, 42.407341, 0.0)
(34.690517, 42.506634, 0.0)
(34.721798, 42.418877, 0.0)
(34.723343, 42.427456, 0.0)
(34.750832, 42.362347, 0.0)
(34.729332, 42.407860, 0.0)
(34.733147, 42.368664, 0.0)
(34.729572, 42.449604, 0.0)
(34.804802, 42.355423, 0.0)
(34.784744, 42.464725, 0.0)
(34.762451, 42.574390, 0.0)
(34.202728, 42.535545, 0.0)
(34.038250, 42.633415, 0.0)
(34.063740, 42.547192, 0.0)
(34.102200, 42.467598, 0.0)
(34.029293, 42.383869, 0.0)
(34.038040, 42.444885, 0.0)
(34.001186, 42.312359, 0.0)
(34.031734, 40.836308, 0.0)
(33.994972, 39.533421, 0.0)
(34.080143, 38.969067, 0.0)
(33.993282, 38.674183, 0.0)
(34.002766, 38.400002, 0.0)
(34.004448, 38.367752, 0.0)
(34.001705, 38.273872, 0.0)
(34.022350, 38.185787, 0.0)
(34.012974, 38.138515, 0.0)
(34.019875, 38.115025, 0.0)
(34.013493, 38.103615, 0.0)
(34.018841, 38.057343, 0.0)
(34.026787, 38.144840, 0.0)
(33.981163, 38.105270, 0.0)
(33.927353, 38.115860, 0.0)
(33.941154, 38.141521, 0.0)
(33.944805, 38.160492, 0.0)
(33.959496, 38.149548, 0.0)
(33.977585, 38.091679, 0.0)
(33.995941, 38.076824, 0.0)
(33.991188, 38.056530, 0.0)
(33.981453, 38.029488, 0.0)
(33.973431, 38.038692, 0.0)
(33.993305, 38.032574, 0.0)
(33.981728, 38.012905, 0.0)
(33.900921, 35.640545, 0.0)
(33.842052, 34.736008, 0.0)
(33.835594, 34.860706, 0.0)
(33.816879, 34.914448, 0.0)
(33.777977, 34.739643, 0.0)
(33.686806, 33.820675, 0.0)
(33.578026, 33.744576, 0.0)
(33.594036, 33.775249, 0.0)
(33.567276, 33.734913, 0.0)
(33.573154, 33.752346, 0.0)
(33.566429, 33.770565, 0.0)
(33.579536, 33.822895, 0.0)
(33.603321, 33.842567, 0.0)
(33.590172, 33.893600, 0.0)
(33.563812, 33.829662, 0.0)
(33.286243, 33.769081, 0.0)
(33.244160, 33.773617, 0.0)
(33.231976, 33.773701, 0.0)
(33.230835, 33.770008, 0.0)
(33.258282, 33.765312, 0.0)
(33.263687, 33.782028, 0.0)
(33.262672, 33.781578, 0.0)
(33.234032, 33.890141, 0.0)
(32.715641, 35.775555, 0.0)
(32.509212, 37.309582, 0.0)
(32.411407, 37.538998, 0.0)
(32.352531, 37.516380, 0.0)
(32.307541, 37.481003, 0.0)
(32.310516, 37.477386, 0.0)
(32.250671, 37.461163, 0.0)
(32.280807, 37.394840, 0.0)
(32.269924, 37.397743, 0.0)
(32.267761, 37.423576, 0.0)
(32.315342, 37.409260, 0.0)
(32.911503, 38.757320, 0.0)
(32.891403, 39.083843, 0.0)
(32.845184, 39.073586, 0.0)
(32.839111, 39.004261, 0.0)
(32.805309, 38.909866, 0.0)
(32.778797, 38.817467, 0.0)
(32.774750, 38.814388, 0.0)
(32.784550, 38.796505, 0.0)
(32.768341, 38.785240, 0.0)
(32.772907, 38.811287, 0.0)
(32.748257, 38.794724, 0.0)
(32.741905, 38.811264, 0.0)
(32.757298, 38.824810, 0.0)
(32.742157, 38.815636, 0.0)
(32.721935, 38.793118, 0.0)
(32.733910, 38.808823, 0.0)
(33.166191, 40.275238, 0.0)
(33.331318, 41.286312, 0.0)
(33.280125, 41.347443, 0.0)
(33.187595, 41.328053, 0.0)
(33.194466, 41.349731, 0.0)
(33.218563, 41.353527, 0.0)
(33.201595, 41.404411, 0.0)
(33.220047, 41.417839, 0.0)
(33.236637, 41.411263, 0.0)
(33.247486, 41.384853, 0.0)
(33.227253, 41.416733, 0.0)
(33.183376, 41.459202, 0.0)
(33.121082, 41.468132, 0.0)
(33.135406, 41.507366, 0.0)
(33.135700, 41.526638, 0.0)
(33.145718, 41.628056, 0.0)
(33.139294, 41.654373, 0.0)
(32.575695, 41.940880, 0.0)
(32.439671, 42.016514, 0.0)
(32.470520, 42.041100, 0.0)
(32.483707, 42.071648, 0.0)
(32.485744, 42.020134, 0.0)
(32.504322, 42.069153, 0.0)
(32.477230, 42.103512, 0.0)
(32.464920, 42.112576, 0.0)
(32.495724, 42.177895, 0.0)
(32.504391, 42.169460, 0.0)
(32.515823, 42.217079, 0.0)
(32.496429, 42.201794, 0.0)
(32.508106, 42.217636, 0.0)
(32.356987, 41.688198, 0.0)
(32.213104, 41.449837, 0.0)
(32.254639, 41.452633, 0.0)
(32.255836, 41.401398, 0.0)
(32.236088, 41.359352, 0.0)
(32.194984, 41.343655, 0.0)
(32.220356, 41.248955, 0.0)
(32.259937, 41.253319, 0.0)
(32.396461, 40.232082, 0.0)
(32.237530, 39.697128, 0.0)
(32.367813, 39.427937, 0.0)
(32.286705, 39.301922, 0.0)
(32.167759, 39.179546, 0.0)
(32.152607, 39.051975, 0.0)
(32.173283, 38.969738, 0.0)
(32.242638, 38.898811, 0.0)
(32.214127, 38.800396, 0.0)
(32.500702, 37.927063, 0.0)
(32.473236, 37.135132, 0.0)
(32.542915, 36.917755, 0.0)
(32.480045, 36.865772, 0.0)
(32.421452, 36.670170, 0.0)
(32.492023, 34.578934, 0.0)
(32.420734, 33.837559, 0.0)
(32.368389, 33.791752, 0.0)
(32.295578, 33.771725, 0.0)
(32.259659, 33.788212, 0.0)
(32.009579, 33.745495, 0.0)
(31.919724, 33.626930, 0.0)
(31.931063, 33.651775, 0.0)
(31.950581, 33.698650, 0.0)
(31.959898, 33.749519, 0.0)
(31.949553, 33.794971, 0.0)
(31.902647, 33.817123, 0.0)
(31.878601, 33.843048, 0.0)
(31.878111, 33.845917, 0.0)
(31.859701, 33.790886, 0.0)
(31.871624, 33.781860, 0.0)
(31.863237, 33.762207, 0.0)
(31.823189, 33.766968, 0.0)
(31.824125, 33.759842, 0.0)
(31.803637, 33.794426, 0.0)
(31.802540, 33.841213, 0.0)
(31.645821, 33.896027, 0.0)
(31.291000, 33.954487, 0.0)
(31.274860, 33.962097, 0.0)
(31.290623, 33.875641, 0.0)
(31.274643, 33.852814, 0.0)
(31.277840, 33.848728, 0.0)
(31.264992, 33.844639, 0.0)
(31.265633, 33.850040, 0.0)
(31.266428, 34.174217, 0.0)
(31.096752, 34.649750, 0.0)
(31.033909, 35.312885, 0.0)
(31.277901, 35.332115, 0.0)
(31.384113, 35.714542, 0.0)
(31.324619, 35.842037, 0.0)
(31.312674, 35.887840, 0.0)
(31.307522, 35.926464, 0.0)
(31.313217, 35.888603, 0.0)
(31.355810, 35.830528, 0.0)
(31.413725, 36.201618, 0.0)
(31.570389, 38.233612, 0.0)
(31.785339, 39.620628, 0.0)
(31.957050, 40.734253, 0.0)
(32.000263, 41.282719, 0.0)
(31.914072, 41.366314, 0.0)
(31.890318, 41.388805, 0.0)
(31.865475, 41.397869, 0.0)
(31.850473, 41.363060, 0.0)
(31.846844, 41.344479, 0.0)
(31.802475, 41.360901, 0.0)
(31.864565, 41.396523, 0.0)
(31.880964, 41.453239, 0.0)
(31.896463, 41.491631, 0.0)
(31.926477, 41.516914, 0.0)
(31.967358, 41.618000, 0.0)
(31.965445, 41.634392, 0.0)
(31.953756, 41.649616, 0.0)
(31.971338, 41.719933, 0.0)
(31.953098, 41.710007, 0.0)
(31.970732, 41.705551, 0.0)
(31.981739, 41.718765, 0.0)
(31.966669, 41.763039, 0.0)
(31.952633, 41.789501, 0.0)
(31.912352, 41.794659, 0.0)
(31.929817, 41.801830, 0.0)
(31.912762, 41.865704, 0.0)
(31.927660, 41.921299, 0.0)
(31.958183, 41.906677, 0.0)
(31.973749, 41.887180, 0.0)
(31.971685, 41.918648, 0.0)
(31.946377, 41.856579, 0.0)
(31.935583, 41.884525, 0.0)
(31.869537, 41.849323, 0.0)
(31.856369, 41.891129, 0.0)
(31.871117, 41.879902, 0.0)
(31.878107, 41.937397, 0.0)
(31.919250, 42.009007, 0.0)
(31.793108, 42.013187, 0.0)
(31.258966, 41.729958, 0.0)
(30.949335, 41.485222, 0.0)
(30.938902, 41.402370, 0.0)
(30.872843, 41.382233, 0.0)
(30.873697, 41.227253, 0.0)
(30.847902, 41.127239, 0.0)
(30.892811, 41.081947, 0.0)
(30.887428, 40.870670, 0.0)
(31.018095, 40.023285, 0.0)
(30.940016, 39.549702, 0.0)
(30.972055, 39.402836, 0.0)
(30.948792, 39.272633, 0.0)
(30.931250, 39.152546, 0.0)
(30.924475, 39.145901, 0.0)
(30.920538, 39.047543, 0.0)
(30.909927, 39.005314, 0.0)
(30.884026, 38.950947, 0.0)
(30.880024, 38.939579, 0.0)
(30.919550, 38.891315, 0.0)
(30.857143, 38.740490, 0.0)
(30.577293, 37.988766, 0.0)
(30.598101, 37.710697, 0.0)
(30.490532, 37.658070, 0.0)
(30.475735, 37.614029, 0.0)
(30.368473, 36.738373, 0.0)
(30.289812, 34.639599, 0.0)
(30.320511, 34.367901, 0.0)
(30.269995, 34.429340, 0.0)
(30.235231, 34.489033, 0.0)
(30.178694, 34.175282, 0.0)
(30.141022, 34.024723, 0.0)
(30.142183, 34.041801, 0.0)
(30.147306, 34.098759, 0.0)
(30.143509, 34.111107, 0.0)
(30.131563, 34.120789, 0.0)
(30.124630, 34.135372, 0.0)
(30.146086, 34.159950, 0.0)
(30.129183, 34.133163, 0.0)
(30.113218, 34.113121, 0.0)
(30.113680, 34.106667, 0.0)
(30.122505, 34.121685, 0.0)
(30.131643, 34.123573, 0.0)
(30.134317, 34.168922, 0.0)
(30.135092, 34.179375, 0.0)
(30.146648, 34.155785, 0.0)
(30.144913, 34.190102, 0.0)
(30.149576, 34.190723, 0.0)
(30.152075, 34.172142, 0.0)
(30.141800, 34.183849, 0.0)
(30.147476, 34.171864, 0.0)
(30.167988, 34.150730, 0.0)
(30.165501, 34.168915, 0.0)
(30.164179, 34.200508, 0.0)
(30.110653, 34.200001, 0.0)
(30.017578, 34.594311, 0.0)
(29.767134, 36.423977, 0.0)
(29.892601, 37.357250, 0.0)
(29.837240, 37.472446, 0.0)
(29.797951, 37.385639, 0.0)
(29.782303, 37.386383, 0.0)
(29.741522, 37.374420, 0.0)
(29.723915, 37.293255, 0.0)
(29.793579, 37.677315, 0.0)
(29.773085, 39.041321, 0.0)
(30.090687, 40.138393, 0.0)
(30.600332, 40.808884, 0.0)
(30.637774, 41.148113, 0.0)
(30.594948, 41.145687, 0.0)
(30.568876, 41.201199, 0.0)
(30.573992, 41.319893, 0.0)
(30.572073, 41.378746, 0.0)
(30.956507, 41.585613, 0.0)
(31.119408, 41.647984, 0.0)
(31.020535, 41.677364, 0.0)
(30.974915, 41.707718, 0.0)
(30.868446, 41.776608, 0.0)
(30.901993, 41.781666, 0.0)
(30.910234, 41.819065, 0.0)
(30.909090, 41.892906, 0.0)
(30.971079, 41.975189, 0.0)
(31.051277, 42.005798, 0.0)
(31.064455, 42.079807, 0.0)
(30.973166, 42.026287, 0.0)
(30.741854, 42.236809, 0.0)
(30.620453, 42.345482, 0.0)
(30.628626, 42.327293, 0.0)
(30.593582, 42.359211, 0.0)
(30.617039, 42.312695, 0.0)
(30.631767, 42.345375, 0.0)
(30.652252, 42.378860, 0.0)
(30.623348, 42.447865, 0.0)
(30.615179, 42.439545, 0.0)
(30.604536, 42.468166, 0.0)
(30.620438, 42.389610, 0.0)
(30.276459, 42.094379, 0.0)
(29.777552, 41.223640, 0.0)
(29.537521, 40.726532, 0.0)
(29.485172, 40.612556, 0.0)
(29.476418, 40.563656, 0.0)
(29.411034, 40.432755, 0.0)
(29.434450, 40.416409, 0.0)
(29.447886, 40.386261, 0.0)
(29.462046, 40.431290, 0.0)
(29.473097, 40.388229, 0.0)
(29.467842, 40.372108, 0.0)
(29.477446, 40.336788, 0.0)
(29.480986, 40.332794, 0.0)
(29.430754, 40.427433, 0.0)
(29.402258, 40.354774, 0.0)
(29.422115, 40.413986, 0.0)
(29.417200, 40.387318, 0.0)
(29.444223, 40.379406, 0.0)
(29.442877, 40.330650, 0.0)
(29.426826, 40.312870, 0.0)
(29.408072, 40.283039, 0.0)
(29.408665, 40.261974, 0.0)
(29.406332, 40.234928, 0.0)
(29.320097, 40.168289, 0.0)
(29.679081, 39.860176, 0.0)
(29.760120, 39.523102, 0.0)
(29.699314, 39.413574, 0.0)
(29.661396, 39.373253, 0.0)
(29.640697, 39.325809, 0.0)
(29.653372, 39.291698, 0.0)
(29.641689, 39.323360, 0.0)
(29.537991, 39.232624, 0.0)
(29.309725, 38.785587, 0.0)
(29.286547, 38.520367, 0.0)
(29.262957, 38.369057, 0.0)
(29.302803, 38.271469, 0.0)
(29.322296, 37.095310, 0.0)
(29.343197, 35.593605, 0.0)
(29.359856, 35.239834, 0.0)
(29.379528, 35.314819, 0.0)
(29.331762, 35.352867, 0.0)
(29.335068, 35.341217, 0.0)
(29.520319, 34.403866, 0.0)
(29.502251, 34.263508, 0.0)
(29.482038, 34.379635, 0.0)
(29.488897, 34.375702, 0.0)
(29.496494, 34.345135, 0.0)
(29.493502, 34.357433, 0.0)
(29.468081, 34.357082, 0.0)
(29.048212, 34.488888, 0.0)
(28.730671, 34.567497, 0.0)
(28.733452, 34.556393, 0.0)
(28.726255, 34.567696, 0.0)
(28.714529, 34.593765, 0.0)
(28.742754, 34.612465, 0.0)
(28.770298, 34.604465, 0.0)
(28.766479, 34.608173, 0.0)
(28.760532, 34.618183, 0.0)
(28.747318, 34.613754, 0.0)
(28.700853, 34.635735, 0.0)
(28.416615, 34.847580, 0.0)
(28.343119, 34.937912, 0.0)
(28.353338, 34.901806, 0.0)
(28.359236, 34.942696, 0.0)
(28.375811, 34.977013, 0.0)
(28.367416, 34.978668, 0.0)
(28.359844, 34.977509, 0.0)
(28.193823, 35.669804, 0.0)
(27.883558, 36.915524, 0.0)
(28.189375, 37.537727, 0.0)
(28.382513, 37.769115, 0.0)
(28.353506, 37.794338, 0.0)
(28.266447, 37.797802, 0.0)
(28.208504, 37.854816, 0.0)
(28.222460, 37.830837, 0.0)
(28.281063, 37.893764, 0.0)
(28.279768, 37.929230, 0.0)
(28.269798, 37.992344, 0.0)
(28.281757, 37.997311, 0.0)
(28.275621, 38.026081, 0.0)
(28.276682, 37.991707, 0.0)
(28.651939, 38.474178, 0.0)
(29.117397, 40.062809, 0.0)
(29.176250, 40.734905, 0.0)
(29.173452, 40.665600, 0.0)
(29.169537, 40.723549, 0.0)
(29.212412, 40.723961, 0.0)
(29.211615, 40.721130, 0.0)
(29.202713, 40.716053, 0.0)
(29.173933, 41.069298, 0.0)
(29.274759, 41.784241, 0.0)
(29.270140, 41.869209, 0.0)
(29.260813, 41.754959, 0.0)
(29.280495, 41.775932, 0.0)
(29.268517, 41.759769, 0.0)
(29.240013, 41.773487, 0.0)
(29.216974, 41.759850, 0.0)
(29.205828, 41.779606, 0.0)
(29.202242, 41.816422, 0.0)
(29.212383, 41.796696, 0.0)
(29.251482, 41.838753, 0.0)
(29.272554, 41.834080, 0.0)
(29.249865, 41.855057, 0.0)
(29.229467, 41.825066, 0.0)
(29.222824, 41.787510, 0.0)
(29.197977, 41.779999, 0.0)
(29.191994, 41.883038, 0.0)
(29.238079, 41.799194, 0.0)
(29.263437, 41.857613, 0.0)
(29.273674, 41.878448, 0.0)
(29.251394, 41.928204, 0.0)
(29.244640, 41.962940, 0.0)
(29.278891, 42.036934, 0.0)
(29.295767, 42.044479, 0.0)
(29.321913, 42.063400, 0.0)
(29.313135, 42.024826, 0.0)
(29.250498, 42.034885, 0.0)
(29.222303, 41.999428, 0.0)
(28.860952, 41.500538, 0.0)
(28.470572, 40.479351, 0.0)
(28.396620, 40.254200, 0.0)
(28.453197, 40.297630, 0.0)
(28.381382, 40.153305, 0.0)
(28.332233, 39.996696, 0.0)
(28.313663, 39.889984, 0.0)
(28.343128, 39.898945, 0.0)
(28.526438, 38.637085, 0.0)
(28.423990, 37.951408, 0.0)
(28.415369, 37.779888, 0.0)
(28.380676, 37.744324, 0.0)
(28.392389, 37.673397, 0.0)
(28.399065, 37.705467, 0.0)
(28.399265, 37.754719, 0.0)
(28.365387, 37.768883, 0.0)
(28.366222, 37.788502, 0.0)
(28.347097, 37.485031, 0.0)
(28.122147, 35.592022, 0.0)
(28.087658, 35.425259, 0.0)
(28.018955, 35.585861, 0.0)
(27.975548, 35.594910, 0.0)
(27.959351, 35.577229, 0.0)
(27.974138, 35.614815, 0.0)
(27.899633, 35.612110, 0.0)
(27.662848, 35.478683, 0.0)
(27.651531, 35.455902, 0.0)
(27.663830, 35.494389, 0.0)
(27.644169, 35.476006, 0.0)
(27.635120, 35.474800, 0.0)
(27.622593, 35.485172, 0.0)
(27.615753, 35.499313, 0.0)
(27.624708, 35.523342, 0.0)
(27.627157, 35.539749, 0.0)
(27.629137, 35.544708, 0.0)
(27.665752, 35.570377, 0.0)
(27.666342, 35.563541, 0.0)
(27.674782, 35.538685, 0.0)
(27.689192, 35.545155, 0.0)
(27.689398, 35.544346, 0.0)
(27.706358, 35.487034, 0.0)
(27.725004, 35.426392, 0.0)
(27.732430, 35.419090, 0.0)
(27.705023, 35.402714, 0.0)
(27.604519, 35.367676, 0.0)
(27.495617, 35.177391, 0.0)
(27.495409, 35.171467, 0.0)
(27.514771, 35.169018, 0.0)
(27.535603, 35.169605, 0.0)
(27.532852, 35.153152, 0.0)
(27.530716, 35.146950, 0.0)
(27.544903, 35.129669, 0.0)
(27.553808, 35.065887, 0.0)
(27.531569, 35.019405, 0.0)
(27.393740, 35.353848, 0.0)
(27.216698, 36.319016, 0.0)
(27.231020, 37.655823, 0.0)
(27.588623, 38.551128, 0.0)
(27.846800, 39.236214, 0.0)
(27.840090, 39.300957, 0.0)
(27.742521, 39.330921, 0.0)
(27.757700, 39.359894, 0.0)
(27.765079, 39.360176, 0.0)
(27.756941, 39.302803, 0.0)
(27.762310, 39.298515, 0.0)
(27.766661, 39.262600, 0.0)
(27.748919, 39.307739, 0.0)
(27.767017, 39.258518, 0.0)
(27.768417, 39.269554, 0.0)
(27.790434, 39.288651, 0.0)
(27.813658, 39.295559, 0.0)
(27.821083, 39.263828, 0.0)
(27.867342, 39.162872, 0.0)
(27.883614, 39.186516, 0.0)
(28.145212, 40.227467, 0.0)
(28.358366, 40.846432, 0.0)
(28.350185, 40.952835, 0.0)
(28.333580, 40.992584, 0.0)
(28.321159, 40.978821, 0.0)
(28.330793, 41.026222, 0.0)
(28.349957, 41.057964, 0.0)
(28.309399, 41.094887, 0.0)
(28.310839, 41.153690, 0.0)
(28.316015, 41.173645, 0.0)
(28.328144, 41.238655, 0.0)
(28.335171, 41.309334, 0.0)
(28.331266, 41.220558, 0.0)
(28.210606, 41.804951, 0.0)
(28.210415, 42.385731, 0.0)
(28.209600, 42.406654, 0.0)
(28.224346, 42.510349, 0.0)
(28.219440, 42.476639, 0.0)
(28.174093, 42.503059, 0.0)
(28.157383, 42.523270, 0.0)
(28.157660, 42.553230, 0.0)
(28.155083, 42.558723, 0.0)
(28.139585, 42.580818, 0.0)
(28.140308, 42.616722, 0.0)
(28.140329, 42.653587, 0.0)
(28.208092, 42.694904, 0.0)
(28.157515, 42.659615, 0.0)
(28.167665, 42.673634, 0.0)
(28.151785, 42.699539, 0.0)
(28.081186, 42.736771, 0.0)
(28.119862, 42.592545, 0.0)
(27.622803, 41.451855, 0.0)
(27.335953, 39.832985, 0.0)
(27.208982, 39.233307, 0.0)
(27.173164, 39.021843, 0.0)
(27.144943, 38.887676, 0.0)
(27.087317, 38.845531, 0.0)
(27.106161, 38.800751, 0.0)
(27.029259, 38.858013, 0.0)
(26.898556, 37.995770, 0.0)
(26.880478, 37.802197, 0.0)
(26.912868, 37.791233, 0.0)
(26.894913, 37.743591, 0.0)
(26.886911, 37.736774, 0.0)
(26.860764, 37.768665, 0.0)
(26.919230, 37.045959, 0.0)
(26.761297, 35.764229, 0.0)
(26.692728, 35.775803, 0.0)
(26.691034, 35.852329, 0.0)
(26.694094, 35.924007, 0.0)
(26.697054, 35.981174, 0.0)
(26.670942, 36.025604, 0.0)
(26.660114, 36.046295, 0.0)
(26.659088, 36.058582, 0.0)
(26.655363, 36.064728, 0.0)
(26.648441, 36.045444, 0.0)
(26.636864, 36.031734, 0.0)
(26.611221, 36.001251, 0.0)
(26.593952, 35.994648, 0.0)
(26.575748, 36.006367, 0.0)
(26.562981, 35.998230, 0.0)
(26.585810, 36.040516, 0.0)
(26.593578, 36.079491, 0.0)
(26.609184, 36.106838, 0.0)
(26.624481, 36.144020, 0.0)
(26.586512, 36.149269, 0.0)
(26.624500, 36.157887, 0.0)
(26.562553, 36.118607, 0.0)
(26.545097, 36.085815, 0.0)
(26.552711, 36.093414, 0.0)
(26.522818, 36.081238, 0.0)
(26.550541, 36.083858, 0.0)
(26.589195, 36.096188, 0.0)
(26.616951, 36.146481, 0.0)
(26.624481, 36.144020, 0.0)
(26.628036, 36.146545, 0.0)
(26.631929, 36.147778, 0.0)
(26.624441, 36.150379, 0.0)
(26.632330, 36.073845, 0.0)
(26.637749, 36.057938, 0.0)
(26.576303, 36.102848, 0.0)
(26.549665, 36.105225, 0.0)
(26.553595, 36.106197, 0.0)
(26.589676, 36.107826, 0.0)
(26.577896, 36.122761, 0.0)
(26.565981, 36.240799, 0.0)
(26.364586, 37.033291, 0.0)
(26.458288, 37.921593, 0.0)
(26.713787, 38.424015, 0.0)
(26.771847, 38.644428, 0.0)
(26.684658, 38.667809, 0.0)
(26.584578, 38.749741, 0.0)
(26.589933, 38.764740, 0.0)
(26.591358, 38.790886, 0.0)
(26.617973, 38.807453, 0.0)
(26.636406, 38.771873, 0.0)
(26.642414, 38.798717, 0.0)
(26.649529, 38.823307, 0.0)
(26.646475, 38.836864, 0.0)
(26.628668, 38.986191, 0.0)
(26.705168, 40.023521, 0.0)
(26.887043, 40.659096, 0.0)
(26.817554, 40.728355, 0.0)
(26.788853, 40.725666, 0.0)
(26.752634, 40.743340, 0.0)
(26.758703, 40.755993, 0.0)
(26.749336, 40.821999, 0.0)
(26.750086, 40.836559, 0.0)
(26.851774, 40.849247, 0.0)
(27.551926, 41.688450, 0.0)
(27.740543, 42.190769, 0.0)
(27.669569, 42.162415, 0.0)
(27.663757, 42.155052, 0.0)
(27.610392, 42.073132, 0.0)
(27.653629, 42.099487, 0.0)
(27.668991, 42.098660, 0.0)
(27.619562, 41.976719, 0.0)
(27.601120, 42.061733, 0.0)
(27.569311, 42.138557, 0.0)
(27.276369, 41.237785, 0.0)
(27.095909, 40.449192, 0.0)
(27.026270, 40.335613, 0.0)
(26.982010, 40.279785, 0.0)
(26.948969, 40.280014, 0.0)
(26.911186, 40.142014, 0.0)
(26.783175, 39.653149, 0.0)
(26.733149, 39.631126, 0.0)
(26.755510, 39.635963, 0.0)
(26.783504, 39.669727, 0.0)
(26.762121, 39.710613, 0.0)
(26.769312, 39.719929, 0.0)
(26.788675, 39.697872, 0.0)
(26.817709, 40.078041, 0.0)
(27.309309, 41.614975, 0.0)
(27.457676, 42.137623, 0.0)
(27.473980, 42.169502, 0.0)
(27.478218, 42.179794, 0.0)
(27.424952, 42.215965, 0.0)
(27.392982, 42.235867, 0.0)
(27.434258, 42.260174, 0.0)
(27.441530, 42.289547, 0.0)
(27.409487, 42.310719, 0.0)
(27.408976, 42.340042, 0.0)
(27.330925, 42.347309, 0.0)
(27.324097, 42.338856, 0.0)
(27.495596, 42.564770, 0.0)
(27.602732, 42.661446, 0.0)
(27.612576, 42.733959, 0.0)
(27.584366, 42.700733, 0.0)
(27.604347, 42.782730, 0.0)
(27.607920, 42.796352, 0.0)
(27.610832, 42.832653, 0.0)
(27.611681, 42.840195, 0.0)
(27.603853, 42.813614, 0.0)
(27.595200, 42.848835, 0.0)
(27.603443, 42.807343, 0.0)
(27.604628, 42.801350, 0.0)
(27.622822, 42.837532, 0.0)
(27.618568, 42.849648, 0.0)
(27.638710, 42.862484, 0.0)
(27.663765, 42.847080, 0.0)
(27.671112, 42.865719, 0.0)
(27.660700, 42.840778, 0.0)
