(35.306213, 34.120300, 0.0)
(35.292343, 34.103100, 0.0)
(35.305801, 34.104008, 0.0)
(35.298927, 34.100910, 0.0)
(35.301689, 34.091373, 0.0)
(35.295383, 34.091686, 0.0)
(35.293270, 34.104279, 0.0)
(35.312393, 34.103222, 0.0)
(35.304050, 34.106380, 0.0)
(35.287777, 34.095737, 0.0)
(35.295830, 34.076649, 0.0)
(35.300617, 34.094345, 0.0)
(35.311481, 34.088123, 0.0)
(35.304600, 34.088711, 0.0)
(35.297642, 34.076168, 0.0)
(35.283726, 34.086655, 0.0)
(35.288738, 34.059978, 0.0)
(35.274185, 34.014198, 0.0)
(35.248486, 34.027782, 0.0)
(35.317516, 34.010502, 0.0)
(35.276913, 34.005524, 0.0)
(35.258320, 34.012089, 0.0)
(35.281555, 34.013096, 0.0)
(35.255836, 34.038696, 0.0)
(35.267464, 34.069527, 0.0)
(35.257725, 34.078442, 0.0)
(35.238811, 34.109241, 0.0)
(35.221420, 34.103447, 0.0)
(35.229393, 34.120968, 0.0)
(35.225380, 34.094276, 0.0)
(35.200821, 34.078976, 0.0)
(35.210842, 34.092026, 0.0)
(35.191677, 34.097080, 0.0)
(35.192829, 34.064083, 0.0)
(35.173809, 34.044537, 0.0)
(35.168617, 34.048084, 0.0)
(35.178200, 34.053188, 0.0)
(35.181320, 34.042110, 0.0)
(35.185257, 34.036251, 0.0)
(35.190060, 34.037811, 0.0)
(35.216389, 34.025005, 0.0)
(35.234642, 34.045959, 0.0)
(35.244907, 34.058197, 0.0)
(35.223045, 34.056587, 0.0)
(35.230297, 34.057121, 0.0)
(35.239231, 34.062363, 0.0)
(35.228157, 34.046368, 0.0)
(35.218403, 34.056675, 0.0)
(35.206474, 34.043385, 0.0)
(35.204781, 34.047596, 0.0)
(35.192242, 34.043137, 0.0)
(35.192242, 34.043137, 0.0)
(35.193726, 34.037472, 0.0)
(35.195621, 34.041828, 0.0)
(35.190350, 34.038776, 0.0)
(35.188572, 34.037640, 0.0)
(35.202934, 34.042679, 0.0)
(35.213585, 34.043880, 0.0)
(35.202240, 34.038067, 0.0)
(35.265942, 34.066628, 0.0)
(35.273777, 34.072758, 0.0)
(35.264656, 34.070030, 0.0)
(35.281143, 34.080048, 0.0)
(35.277725, 34.081467, 0.0)
(35.272732, 34.086845, 0.0)
(35.259655, 34.061172, 0.0)
(35.262032, 34.064087, 0.0)
(35.267036, 34.023701, 0.0)
(35.104988, 33.886581, 0.0)
(35.338661, 34.688488, 0.0)
(35.295986, 33.992924, 0.0)
(35.274075, 33.897388, 0.0)
(35.296085, 33.973480, 0.0)
(35.328907, 34.007774, 0.0)
(35.316978, 34.044853, 0.0)
(35.316978, 34.044853, 0.0)
(35.241028, 33.999584, 0.0)
(35.194607, 33.968498, 0.0)
(35.202091, 34.006821, 0.0)
(35.194435, 33.977219, 0.0)
(35.197792, 33.967026, 0.0)
(35.174149, 33.924854, 0.0)
(35.227776, 33.938362, 0.0)
(35.217709, 33.905369, 0.0)
(35.235447, 33.900078, 0.0)
(35.221634, 33.870354, 0.0)
(35.226612, 33.861225, 0.0)
(35.226612, 33.861225, 0.0)
(35.231461, 33.846786, 0.0)
(35.197311, 33.818592, 0.0)
(35.172016, 33.832058, 0.0)
(35.186207, 33.839897, 0.0)
(35.312969, 33.875244, 0.0)
(35.281376, 33.908104, 0.0)
(35.267719, 33.899250, 0.0)
(35.273106, 33.890560, 0.0)
(35.258686, 33.867802, 0.0)
(35.262733, 33.882000, 0.0)
(35.257229, 33.873085, 0.0)
(35.242802, 33.881630, 0.0)
(35.275951, 33.879002, 0.0)
(35.268623, 33.861115, 0.0)
(35.249355, 33.853485, 0.0)
(35.269726, 33.855743, 0.0)
(35.251740, 33.862602, 0.0)
(35.256683, 33.883076, 0.0)
(35.245564, 33.883511, 0.0)
(35.225674, 33.878048, 0.0)
(35.229969, 33.871471, 0.0)
(35.198895, 33.868603, 0.0)
(35.198895, 33.868603, 0.0)
(35.195534, 33.858501, 0.0)
(35.198895, 33.868603, 0.0)
(35.185581, 33.864956, 0.0)
(35.195534, 33.858501, 0.0)
(35.195534, 33.858501, 0.0)
(35.220036, 33.885029, 0.0)
(35.215477, 33.892616, 0.0)
(35.229858, 33.896675, 0.0)
(35.275898, 33.932060, 0.0)
(35.267822, 33.933689, 0.0)
(35.261906, 33.940273, 0.0)
(35.249432, 33.965427, 0.0)
(35.276917, 33.971123, 0.0)
(35.259552, 33.973358, 0.0)
(35.251938, 33.980114, 0.0)
(35.265190, 33.981613, 0.0)
(35.250607, 33.965870, 0.0)
(35.220772, 33.949673, 0.0)
(35.188404, 33.981724, 0.0)
(35.216652, 34.007130, 0.0)
(35.204632, 34.024731, 0.0)
(35.194710, 34.047829, 0.0)
(35.175068, 34.017391, 0.0)
(35.177246, 34.001461, 0.0)
(35.161469, 34.027771, 0.0)
(35.164742, 34.018181, 0.0)
(35.156807, 34.005787, 0.0)
(35.157852, 34.014145, 0.0)
(35.162979, 34.022957, 0.0)
(35.164886, 34.013248, 0.0)
(35.209991, 34.074081, 0.0)
(35.195454, 34.082920, 0.0)
(35.198437, 34.028862, 0.0)
(35.211651, 34.019993, 0.0)
(35.190948, 33.944649, 0.0)
(35.196163, 33.979992, 0.0)
(35.174644, 34.006569, 0.0)
(35.157997, 33.997196, 0.0)
(35.166851, 34.011410, 0.0)
(35.171116, 33.996391, 0.0)
(35.193645, 33.938763, 0.0)
(35.188244, 33.891174, 0.0)
(35.163940, 33.903412, 0.0)
(35.156742, 33.928371, 0.0)
(35.154179, 33.923695, 0.0)
(35.164677, 33.918167, 0.0)
(35.168453, 33.925007, 0.0)
(35.153561, 33.910297, 0.0)
(35.164547, 33.906799, 0.0)
(35.164547, 33.906799, 0.0)
(35.161903, 33.919674, 0.0)
(35.178764, 33.889786, 0.0)
(35.176731, 33.876595, 0.0)
(35.157036, 33.888489, 0.0)
(35.227844, 33.952778, 0.0)
(35.257671, 33.967255, 0.0)
(35.250351, 33.967239, 0.0)
(35.228149, 33.958805, 0.0)
(35.217175, 33.929333, 0.0)
(35.221474, 33.930946, 0.0)
(35.214161, 33.951576, 0.0)
(35.188488, 33.953396, 0.0)
(35.185471, 33.953461, 0.0)
(35.195118, 33.951111, 0.0)
(35.187332, 33.940392, 0.0)
(35.188488, 33.930328, 0.0)
(35.199078, 33.903770, 0.0)
(35.206593, 33.924164, 0.0)
(35.198868, 33.927750, 0.0)
(35.203751, 33.919998, 0.0)
(35.191078, 33.886715, 0.0)
(35.198620, 33.889256, 0.0)
(35.173935, 33.874825, 0.0)
(35.189510, 33.875572, 0.0)
(35.178848, 33.873333, 0.0)
(38.101990, 35.369465, 0.0)
(42.002254, 38.057037, 0.0)
(43.858307, 39.625580, 0.0)
(44.044552, 39.801453, 0.0)
(44.009323, 39.766308, 0.0)
(43.979713, 39.766132, 0.0)
(43.969620, 39.739304, 0.0)
(43.968121, 39.738380, 0.0)
(43.988316, 39.721642, 0.0)
(44.001972, 39.706268, 0.0)
(43.973461, 39.707054, 0.0)
(43.959568, 39.657032, 0.0)
(43.935783, 39.701477, 0.0)
(43.929977, 39.680702, 0.0)
(43.909645, 39.661758, 0.0)
(44.485901, 39.141724, 0.0)
(44.583694, 38.925724, 0.0)
(44.557796, 38.902702, 0.0)
(44.536968, 38.897911, 0.0)
(44.540192, 38.894192, 0.0)
(44.532505, 38.877632, 0.0)
(44.529114, 38.867596, 0.0)
(44.524677, 38.881420, 0.0)
(44.499325, 38.812798, 0.0)
(44.496063, 38.812153, 0.0)
(44.492386, 38.785034, 0.0)
(44.463547, 38.795654, 0.0)
(44.473812, 38.793373, 0.0)
(44.476498, 38.779861, 0.0)
(44.463177, 38.765713, 0.0)
(44.474606, 38.748093, 0.0)
(44.455425, 38.711327, 0.0)
(44.426018, 38.729618, 0.0)
(44.438419, 38.731506, 0.0)
(44.443672, 38.731525, 0.0)
(44.422344, 38.762577, 0.0)
(44.435997, 38.730904, 0.0)
(44.420002, 38.711159, 0.0)
(44.429409, 38.703144, 0.0)
(44.413696, 38.698662, 0.0)
(44.397060, 38.696449, 0.0)
(44.238079, 38.517788, 0.0)
(42.823727, 36.602940, 0.0)
(42.747742, 36.506927, 0.0)
(42.817432, 36.526894, 0.0)
(42.847473, 36.514767, 0.0)
(43.450974, 32.920910, 0.0)
(43.379707, 31.210186, 0.0)
(43.342945, 30.992603, 0.0)
(43.317505, 31.006594, 0.0)
(43.283646, 31.009939, 0.0)
(43.277893, 30.990223, 0.0)
(43.261208, 30.915264, 0.0)
(43.985615, 30.190086, 0.0)
(43.997826, 30.001314, 0.0)
(43.997459, 30.002312, 0.0)
(43.977966, 29.988779, 0.0)
(43.991920, 29.969231, 0.0)
(43.975590, 29.931698, 0.0)
(43.974842, 29.903048, 0.0)
(43.986252, 29.880297, 0.0)
(44.002918, 29.858545, 0.0)
(44.029823, 29.847046, 0.0)
(44.039810, 29.809601, 0.0)
(44.037781, 29.816196, 0.0)
(44.020977, 29.796970, 0.0)
(44.038712, 29.824226, 0.0)
(44.019466, 29.762238, 0.0)
(44.001362, 29.682224, 0.0)
(43.985199, 29.675442, 0.0)
(44.017612, 29.675680, 0.0)
(42.707970, 29.717699, 0.0)
(39.153538, 31.616703, 0.0)
(36.337761, 33.026108, 0.0)
(36.137939, 33.194748, 0.0)
(36.063110, 33.156448, 0.0)
(36.018631, 33.136372, 0.0)
(35.952259, 33.136913, 0.0)
(32.271915, 35.748459, 0.0)
(29.975100, 36.985798, 0.0)
(29.741590, 37.092453, 0.0)
(29.646492, 37.098900, 0.0)
(29.605982, 37.131405, 0.0)
(33.757832, 32.924828, 0.0)
(38.868458, 29.175350, 0.0)
(39.592800, 28.795780, 0.0)
(39.586369, 28.711601, 0.0)
(39.466702, 28.670902, 0.0)
(35.706921, 31.811346, 0.0)
(32.026379, 37.116138, 0.0)
(29.192345, 40.223034, 0.0)
(27.530727, 41.276554, 0.0)
(27.147516, 41.386368, 0.0)
(27.007254, 41.427887, 0.0)
(26.921633, 41.434551, 0.0)
(26.564608, 41.832394, 0.0)
(26.464540, 41.886589, 0.0)
(26.492550, 41.865967, 0.0)
(26.489634, 41.855980, 0.0)
(26.484797, 41.850037, 0.0)
(26.299526, 42.054848, 0.0)
(26.277300, 42.090885, 0.0)
(26.271511, 42.048870, 0.0)
(26.249931, 42.072910, 0.0)
(26.245230, 42.064804, 0.0)
(26.243996, 42.032677, 0.0)
(26.236137, 42.015808, 0.0)
(26.226547, 42.020252, 0.0)
(26.228767, 42.009659, 0.0)
(26.251848, 42.009068, 0.0)
(28.215414, 37.895763, 0.0)
(29.912201, 35.026611, 0.0)
(29.875456, 34.972176, 0.0)
(29.788927, 35.002483, 0.0)
(29.777813, 34.987988, 0.0)
(29.738997, 34.955948, 0.0)
(31.894896, 32.840069, 0.0)
(33.752041, 31.496565, 0.0)
(33.827000, 31.443745, 0.0)
(33.777092, 31.432720, 0.0)
(33.788055, 31.381794, 0.0)
(33.785133, 31.356544, 0.0)
(33.809147, 31.318974, 0.0)
(31.278646, 30.397533, 0.0)
(27.295944, 31.004110, 0.0)
(25.338633, 31.849958, 0.0)
(25.160109, 31.871548, 0.0)
(25.145546, 31.788857, 0.0)
(25.108826, 31.788479, 0.0)
(24.832371, 32.003212, 0.0)
(24.773315, 32.108158, 0.0)
(24.769497, 32.062618, 0.0)
(24.766964, 32.040470, 0.0)
(24.765434, 32.042149, 0.0)
(24.762632, 32.023308, 0.0)
(24.739449, 32.022060, 0.0)
(24.710802, 32.004745, 0.0)
(24.717670, 31.978281, 0.0)
(24.717670, 31.978281, 0.0)
(24.715618, 31.954304, 0.0)
(24.706064, 31.953463, 0.0)
(24.692945, 31.953114, 0.0)
(24.703451, 31.932867, 0.0)
(24.699808, 31.924261, 0.0)
(24.701088, 31.874046, 0.0)
(24.827068, 31.930420, 0.0)
(30.277687, 33.329121, 0.0)
(35.180962, 34.963135, 0.0)
(35.166752, 34.918533, 0.0)
(35.081036, 34.868340, 0.0)
(35.447365, 34.102886, 0.0)
(35.482349, 33.938717, 0.0)
(35.453545, 33.940212, 0.0)
(35.418266, 33.930340, 0.0)
(35.395725, 33.924656, 0.0)
(35.374165, 33.906353, 0.0)
(35.354095, 33.924915, 0.0)
(35.359665, 33.914581, 0.0)
(35.428997, 33.731968, 0.0)
(35.456604, 33.734600, 0.0)
(35.440670, 33.740593, 0.0)
(35.436008, 33.771397, 0.0)
(35.447685, 33.771584, 0.0)
(35.411503, 33.772938, 0.0)
(35.428822, 33.764473, 0.0)
(35.415382, 33.768627, 0.0)
(35.398804, 33.747124, 0.0)
(35.408287, 33.744747, 0.0)
(35.380451, 33.753792, 0.0)
(35.376202, 33.752888, 0.0)
(35.373058, 33.747276, 0.0)
(35.367535, 33.742588, 0.0)
(35.384319, 33.769257, 0.0)
(35.384319, 33.769257, 0.0)
(35.375492, 33.763897, 0.0)
(35.379150, 33.773769, 0.0)
(35.383327, 33.774899, 0.0)
(35.380371, 33.779041, 0.0)
(35.384151, 33.780472, 0.0)
(35.382198, 33.784817, 0.0)
(35.384151, 33.780472, 0.0)
(35.408279, 33.744289, 0.0)
(35.388306, 33.765850, 0.0)
(34.061192, 34.636745, 0.0)
(30.202002, 38.067635, 0.0)
(27.795090, 40.511410, 0.0)
(27.148018, 41.304863, 0.0)
(26.985296, 41.433594, 0.0)
(26.896536, 41.461227, 0.0)
(26.871920, 41.404858, 0.0)
(27.759985, 41.469776, 0.0)
(27.802532, 41.486084, 0.0)
(27.781622, 41.479153, 0.0)
(27.742882, 41.483097, 0.0)
(27.745983, 41.523182, 0.0)
(27.736479, 41.493362, 0.0)
(31.559412, 41.066788, 0.0)
(32.199955, 40.973114, 0.0)
(32.283291, 40.926956, 0.0)
(32.308655, 40.930977, 0.0)
(32.337479, 40.925800, 0.0)
(32.368862, 40.914799, 0.0)
(32.404541, 40.859768, 0.0)
(32.440720, 40.840179, 0.0)
(32.572968, 40.847961, 0.0)
(34.510284, 40.849735, 0.0)
(34.747456, 40.789715, 0.0)
(34.916813, 40.785957, 0.0)
(35.120163, 40.711243, 0.0)
(35.328243, 40.689526, 0.0)
(37.337811, 40.148952, 0.0)
(37.622700, 40.102448, 0.0)
(37.801247, 40.014256, 0.0)
(38.031139, 39.910862, 0.0)
(38.265831, 39.825378, 0.0)
(38.429211, 39.733982, 0.0)
(38.668236, 39.684372, 0.0)
(38.856102, 39.640980, 0.0)
(40.503098, 39.721596, 0.0)
(42.022182, 39.536472, 0.0)
(42.206192, 39.546318, 0.0)
(42.292122, 39.496468, 0.0)
(42.352257, 39.472645, 0.0)
(42.381729, 39.457653, 0.0)
(42.452255, 39.426941, 0.0)
(42.493134, 39.422390, 0.0)
(42.921719, 39.461781, 0.0)
(43.737225, 39.293430, 0.0)
(43.808769, 39.242432, 0.0)
(43.815701, 39.238350, 0.0)
(43.821640, 39.220963, 0.0)
(43.810287, 39.204132, 0.0)
(43.812927, 39.199329, 0.0)
(43.822342, 39.167999, 0.0)
(43.819721, 39.142548, 0.0)
(43.814304, 39.124409, 0.0)
(43.835747, 39.091881, 0.0)
(43.824448, 39.075554, 0.0)
(43.835037, 39.051502, 0.0)
(43.829163, 39.041840, 0.0)
(44.335415, 39.186470, 0.0)
(45.068264, 39.312130, 0.0)
(45.111492, 39.203938, 0.0)
(45.070793, 39.139454, 0.0)
(45.074024, 39.110172, 0.0)
(45.027515, 39.018337, 0.0)
(44.978745, 38.959713, 0.0)
(43.207054, 39.310295, 0.0)
(40.875088, 40.204739, 0.0)
(40.813221, 40.206070, 0.0)
(40.732868, 40.100990, 0.0)
(40.615917, 40.055325, 0.0)
(40.513359, 39.984982, 0.0)
(40.428810, 39.885517, 0.0)
(40.368900, 39.854763, 0.0)
(40.317791, 39.803391, 0.0)
(39.052807, 39.795502, 0.0)
(38.425907, 39.817455, 0.0)
(38.293221, 39.837017, 0.0)
(38.241875, 39.811970, 0.0)
(38.111305, 39.769588, 0.0)
(38.043831, 39.745041, 0.0)
(37.944965, 39.717438, 0.0)
(37.834442, 39.638916, 0.0)
(35.501923, 39.378403, 0.0)
(33.808632, 39.527443, 0.0)
(32.328121, 39.927490, 0.0)
(30.337898, 40.553768, 0.0)
(28.951166, 41.019417, 0.0)
(28.415665, 41.191704, 0.0)
(28.366938, 41.170971, 0.0)
(28.364071, 41.136322, 0.0)
(28.366734, 41.127060, 0.0)
(27.956905, 41.288254, 0.0)
(27.457613, 41.433865, 0.0)
(27.366505, 41.466236, 0.0)
(27.349472, 41.408684, 0.0)
(27.352407, 41.394802, 0.0)
(27.331831, 41.339245, 0.0)
(27.322420, 41.268559, 0.0)
(27.285000, 41.252739, 0.0)
(27.269243, 41.213432, 0.0)
(27.264870, 41.166874, 0.0)
(27.216442, 41.154701, 0.0)
(27.231640, 41.138786, 0.0)
(27.223295, 41.049358, 0.0)
(27.215124, 41.048153, 0.0)
(27.212454, 41.039711, 0.0)
(27.210117, 41.027714, 0.0)
(27.173662, 41.012711, 0.0)
(26.753641, 41.194786, 0.0)
(26.393702, 41.256935, 0.0)
(26.361834, 41.256641, 0.0)
(26.361807, 41.220451, 0.0)
(26.360428, 41.119083, 0.0)
(26.358009, 41.113625, 0.0)
(26.125019, 40.973427, 0.0)
(26.124098, 40.898685, 0.0)
(26.160414, 40.817421, 0.0)
(26.138962, 40.596451, 0.0)
(30.665176, 40.286911, 0.0)
(31.357954, 39.692677, 0.0)
(31.552450, 39.466259, 0.0)
(31.729729, 39.480228, 0.0)
(31.809641, 39.393776, 0.0)
(31.952927, 39.454086, 0.0)
(32.020287, 39.467197, 0.0)
(31.211699, 39.910103, 0.0)
(29.858755, 40.317665, 0.0)
(29.774427, 40.383804, 0.0)
(29.900841, 40.353699, 0.0)
(31.901812, 39.952805, 0.0)
(32.695641, 39.750809, 0.0)
(32.960320, 39.652290, 0.0)
(33.288448, 39.577496, 0.0)
(33.528545, 39.535225, 0.0)
(33.771667, 39.472210, 0.0)
(34.057419, 39.419353, 0.0)
(34.352734, 39.377560, 0.0)
(36.605663, 39.311871, 0.0)
(37.195087, 39.280865, 0.0)
(37.481789, 39.230469, 0.0)
(37.766907, 39.195049, 0.0)
(37.977375, 39.145775, 0.0)
(38.234955, 39.084705, 0.0)
(38.446869, 39.050869, 0.0)
(38.679546, 38.971272, 0.0)
(38.955822, 38.925800, 0.0)
(40.664780, 38.797314, 0.0)
(40.899338, 38.779053, 0.0)
(41.098656, 38.779556, 0.0)
(41.184563, 38.710228, 0.0)
(41.371563, 38.686157, 0.0)
(41.539356, 38.691467, 0.0)
(41.627499, 38.616417, 0.0)
(41.749989, 38.545681, 0.0)
(42.926895, 38.750225, 0.0)
(43.752834, 38.658253, 0.0)
(43.879906, 38.690243, 0.0)
(43.897038, 38.675655, 0.0)
(43.930637, 38.639725, 0.0)
(43.931156, 38.623608, 0.0)
(43.989521, 38.612267, 0.0)
(43.992172, 38.552769, 0.0)
(44.006767, 38.534924, 0.0)
(44.041763, 38.541077, 0.0)
(44.568035, 38.705006, 0.0)
(44.634480, 38.669502, 0.0)
(44.629627, 38.651241, 0.0)
(44.639065, 38.619583, 0.0)
(44.632881, 38.596317, 0.0)
(44.625126, 38.556416, 0.0)
(44.612671, 38.478504, 0.0)
(44.540966, 38.332729, 0.0)
(43.130848, 38.040028, 0.0)
(43.067955, 37.892567, 0.0)
(43.051342, 37.792759, 0.0)
(42.954021, 37.735611, 0.0)
(41.677628, 38.031174, 0.0)
(41.165138, 38.297836, 0.0)
(41.041679, 38.263157, 0.0)
(40.900391, 38.272636, 0.0)
(40.798111, 38.247074, 0.0)
(40.644981, 38.216995, 0.0)
(40.547451, 38.155483, 0.0)
(40.454193, 38.112480, 0.0)
(40.382339, 38.089092, 0.0)
(39.597160, 38.363655, 0.0)
(39.172874, 38.496010, 0.0)
(39.061169, 38.493103, 0.0)
(38.953217, 38.476406, 0.0)
(38.886089, 38.463062, 0.0)
(38.283825, 38.498894, 0.0)
(36.961731, 38.686394, 0.0)
(36.820606, 38.689770, 0.0)
(36.742500, 38.639084, 0.0)
(36.639748, 38.626461, 0.0)
(36.563984, 38.640713, 0.0)
(36.501526, 38.589455, 0.0)
(36.387650, 38.559666, 0.0)
(34.492645, 38.882477, 0.0)
(31.315214, 39.259323, 0.0)
(29.517351, 39.626740, 0.0)
(29.205687, 39.619820, 0.0)
(29.163666, 39.585449, 0.0)
(28.752844, 39.777454, 0.0)
(27.985712, 40.072830, 0.0)
(27.877239, 40.125401, 0.0)
(27.852217, 40.119801, 0.0)
(27.852337, 40.129768, 0.0)
(27.827793, 40.138554, 0.0)
(27.840549, 40.124550, 0.0)
(27.770670, 40.105949, 0.0)
(27.723574, 40.081718, 0.0)
(27.694977, 40.087337, 0.0)
(27.639803, 40.073746, 0.0)
(27.629913, 40.079578, 0.0)
(27.633526, 40.082565, 0.0)
(27.609129, 40.106327, 0.0)
(26.487394, 40.406982, 0.0)
(26.009323, 40.587330, 0.0)
(26.001537, 40.560146, 0.0)
(25.982246, 40.547867, 0.0)
(25.933027, 40.525635, 0.0)
(25.938028, 40.505512, 0.0)
(25.953236, 40.523277, 0.0)
(25.946980, 40.506100, 0.0)
(25.991449, 40.456799, 0.0)
(26.005522, 40.379684, 0.0)
(26.058094, 40.333698, 0.0)
(26.128994, 40.212124, 0.0)
(26.197403, 40.075184, 0.0)
(26.352495, 39.995705, 0.0)
(26.439680, 39.891315, 0.0)
(26.631519, 39.775398, 0.0)
(29.144983, 39.365311, 0.0)
(29.658764, 39.232037, 0.0)
(29.917881, 39.132103, 0.0)
(30.170652, 39.051743, 0.0)
(30.383339, 38.993168, 0.0)
(30.578201, 38.958305, 0.0)
(30.718769, 38.863686, 0.0)
(30.908308, 38.846237, 0.0)
(31.084200, 38.790318, 0.0)
(31.250614, 38.714436, 0.0)
(31.458614, 38.679226, 0.0)
(31.670841, 38.632477, 0.0)
(33.800858, 38.500587, 0.0)
(35.309448, 38.323364, 0.0)
(35.586315, 38.280251, 0.0)
(35.758263, 38.231731, 0.0)
(35.943520, 38.207706, 0.0)
(36.075775, 38.179871, 0.0)
(36.246948, 38.169659, 0.0)
(36.407570, 38.100521, 0.0)
(36.622978, 38.048473, 0.0)
(36.775410, 37.984642, 0.0)
(37.560638, 38.307545, 0.0)
(43.156284, 38.211945, 0.0)
(42.839054, 37.648701, 0.0)
(42.090672, 37.781433, 0.0)
(41.873211, 37.918285, 0.0)
(41.920860, 37.928761, 0.0)
(42.007973, 37.964455, 0.0)
(42.117252, 37.931732, 0.0)
(42.188629, 37.928986, 0.0)
(42.276836, 37.915634, 0.0)
(42.343098, 37.928032, 0.0)
(42.448090, 37.917202, 0.0)
(42.525414, 37.932625, 0.0)
(42.919815, 37.934803, 0.0)
(43.674759, 37.645126, 0.0)
(43.860065, 37.666790, 0.0)
(43.869873, 37.632404, 0.0)
(43.910389, 37.572140, 0.0)
(43.922104, 37.588490, 0.0)
(43.954338, 37.573715, 0.0)
(43.956493, 37.562332, 0.0)
(43.977947, 37.534348, 0.0)
(43.988113, 37.516113, 0.0)
(43.974598, 37.518322, 0.0)
(43.975544, 37.488392, 0.0)
(43.982613, 37.479683, 0.0)
(43.977852, 37.430283, 0.0)
(43.973339, 37.407589, 0.0)
(43.538582, 37.126202, 0.0)
(42.746269, 36.645695, 0.0)
(42.659077, 36.530964, 0.0)
(42.610657, 36.496574, 0.0)
(42.565331, 36.461235, 0.0)
(42.455334, 36.424824, 0.0)
(42.332977, 36.392807, 0.0)
(42.263027, 36.386120, 0.0)
(41.609352, 36.538635, 0.0)
(40.757576, 37.101807, 0.0)
(40.634583, 37.158314, 0.0)
(40.449528, 37.127502, 0.0)
(40.307789, 37.089825, 0.0)
(40.195980, 37.049351, 0.0)
(40.097275, 37.030800, 0.0)
(38.232281, 37.073563, 0.0)
(37.601723, 37.156681, 0.0)
(37.509266, 37.138165, 0.0)
(37.407856, 37.147427, 0.0)
(37.342571, 37.120861, 0.0)
(37.311108, 37.140133, 0.0)
(37.181648, 37.102436, 0.0)
(37.110527, 37.100235, 0.0)
(37.084953, 37.073658, 0.0)
(34.220558, 37.421417, 0.0)
(31.372267, 38.137897, 0.0)
(30.613701, 38.324497, 0.0)
(30.451069, 38.343491, 0.0)
(30.373409, 38.331314, 0.0)
(30.308430, 38.323971, 0.0)
(29.878199, 38.426044, 0.0)
(27.501287, 39.212128, 0.0)
(26.398167, 39.474918, 0.0)
(26.236984, 39.466667, 0.0)
(26.210123, 39.412331, 0.0)
(26.157341, 39.347549, 0.0)
(26.148615, 39.357159, 0.0)
(26.130445, 39.342945, 0.0)
(26.125977, 39.347084, 0.0)
(26.120508, 39.330956, 0.0)
(26.112579, 39.270420, 0.0)
(26.118149, 39.275326, 0.0)
(26.098812, 39.264072, 0.0)
(26.106131, 39.296371, 0.0)
(26.082851, 39.275383, 0.0)
(26.067022, 39.235073, 0.0)
(25.468233, 38.910370, 0.0)
(25.398819, 38.806129, 0.0)
(25.392660, 38.784584, 0.0)
(25.392202, 38.756138, 0.0)
(25.395468, 38.751125, 0.0)
(25.405602, 38.734707, 0.0)
(25.417580, 38.724667, 0.0)
(25.422939, 38.687622, 0.0)
(25.480385, 38.598019, 0.0)
(25.490250, 38.541130, 0.0)
(25.525192, 38.492035, 0.0)
(25.606365, 38.457172, 0.0)
(25.679625, 38.340839, 0.0)
(26.488022, 38.222961, 0.0)
(27.934278, 38.092442, 0.0)
(28.157955, 38.094833, 0.0)
(28.250565, 37.998547, 0.0)
(28.397331, 37.945023, 0.0)
(28.559298, 37.916710, 0.0)
(28.669746, 37.852077, 0.0)
(28.815298, 37.750858, 0.0)
(28.930168, 37.674278, 0.0)
(30.422075, 37.590763, 0.0)
(31.347874, 37.521599, 0.0)
(31.655506, 37.485138, 0.0)
(31.871105, 37.417458, 0.0)
(32.107704, 37.369686, 0.0)
(32.325615, 37.333870, 0.0)
(32.548031, 37.261875, 0.0)
(32.812424, 37.161186, 0.0)
(33.062977, 37.091839, 0.0)
(33.259739, 37.055538, 0.0)
(33.527592, 36.995136, 0.0)
(35.464321, 36.790176, 0.0)
(35.860771, 36.752583, 0.0)
(36.097538, 36.712242, 0.0)
(36.348038, 36.666668, 0.0)
(36.575409, 36.623177, 0.0)
(37.341244, 36.616474, 0.0)
(39.179272, 36.544468, 0.0)
(39.454334, 36.521957, 0.0)
(39.647987, 36.472633, 0.0)
(40.017525, 36.476852, 0.0)
(41.506054, 36.577549, 0.0)
(42.003555, 36.492310, 0.0)
(42.208176, 36.437885, 0.0)
(42.930603, 36.443275, 0.0)
(43.357800, 36.451122, 0.0)
(43.493927, 36.422215, 0.0)
(43.800636, 36.490402, 0.0)
(44.091972, 36.639317, 0.0)
(44.273777, 36.792309, 0.0)
(44.397453, 36.784294, 0.0)
(44.416527, 36.761879, 0.0)
(44.768936, 36.800358, 0.0)
(44.852245, 36.823032, 0.0)
(44.878544, 36.822018, 0.0)
(44.896595, 36.780567, 0.0)
(44.934841, 36.750477, 0.0)
(44.972057, 36.761402, 0.0)
(45.006187, 36.760181, 0.0)
(45.013924, 36.684772, 0.0)
(44.450432, 36.437191, 0.0)
(44.321102, 36.267612, 0.0)
(44.284595, 36.139290, 0.0)
(44.269573, 36.097862, 0.0)
(44.017372, 35.944721, 0.0)
(43.926685, 35.765244, 0.0)
(43.859119, 35.647942, 0.0)
(43.441856, 35.685028, 0.0)
(43.099743, 35.861866, 0.0)
(42.503345, 35.924683, 0.0)
(42.219769, 35.913784, 0.0)
(42.055954, 35.843693, 0.0)
(41.140934, 35.881958, 0.0)
(40.875210, 36.010326, 0.0)
(40.771984, 35.949467, 0.0)
(40.083111, 35.885193, 0.0)
(39.886768, 35.903954, 0.0)
(39.690128, 35.965492, 0.0)
(39.585094, 35.961716, 0.0)
(39.228848, 35.943150, 0.0)
(38.793816, 35.982719, 0.0)
(38.700520, 35.968849, 0.0)
(38.620579, 35.920616, 0.0)
(38.505947, 35.823116, 0.0)
(38.401424, 35.768677, 0.0)
(38.307755, 35.753048, 0.0)
(38.231033, 35.686569, 0.0)
(37.492439, 35.756882, 0.0)
(35.667801, 36.181732, 0.0)
(35.419571, 36.137703, 0.0)
(35.275383, 36.071987, 0.0)
(35.112572, 36.058884, 0.0)
(34.959538, 36.030621, 0.0)
(34.556713, 36.087978, 0.0)
(33.112167, 36.472523, 0.0)
(32.876255, 36.521820, 0.0)
(32.699970, 36.514332, 0.0)
(32.525631, 36.478180, 0.0)
(31.957352, 36.606136, 0.0)
(30.464106, 36.926323, 0.0)
(30.203636, 36.941654, 0.0)
(30.051739, 36.910297, 0.0)
(29.335066, 36.996368, 0.0)
(28.985638, 37.157639, 0.0)
(28.776440, 37.162354, 0.0)
(28.083031, 37.492538, 0.0)
(27.453917, 37.575420, 0.0)
(26.942514, 37.741447, 0.0)
(26.493301, 37.820816, 0.0)
(26.170721, 37.848301, 0.0)
(25.727161, 37.919891, 0.0)
(25.656137, 37.866188, 0.0)
(25.634974, 37.823521, 0.0)
(25.624523, 37.753586, 0.0)
(25.345881, 37.874775, 0.0)
(25.365952, 37.857616, 0.0)
(25.373621, 37.816784, 0.0)
(25.384045, 37.799438, 0.0)
(25.412184, 37.762974, 0.0)
(25.422468, 37.772575, 0.0)
(25.435757, 37.716312, 0.0)
(25.516764, 37.673199, 0.0)
(25.555891, 37.545403, 0.0)
(25.642910, 37.460991, 0.0)
(25.758585, 37.355053, 0.0)
(25.838549, 37.320805, 0.0)
(25.955198, 37.246868, 0.0)
(26.049719, 37.175850, 0.0)
(27.614168, 37.473717, 0.0)
(28.037107, 37.380562, 0.0)
(28.236414, 37.275818, 0.0)
(28.437658, 37.197296, 0.0)
(28.678436, 37.080528, 0.0)
(28.862589, 36.995312, 0.0)
(29.029703, 36.888935, 0.0)
(29.287361, 36.802425, 0.0)
(29.557329, 36.721092, 0.0)
(31.973904, 36.202488, 0.0)
(32.309357, 36.134956, 0.0)
(32.586521, 36.065174, 0.0)
(32.826817, 35.944576, 0.0)
(33.114521, 35.864563, 0.0)
(33.372906, 35.799355, 0.0)
(33.636051, 35.671711, 0.0)
(33.861198, 35.618919, 0.0)
(34.074745, 35.569229, 0.0)
(35.954540, 35.537418, 0.0)
(36.923622, 35.480270, 0.0)
(37.230827, 35.443588, 0.0)
(37.418079, 35.324074, 0.0)
(37.610668, 35.261906, 0.0)
(37.837849, 35.246677, 0.0)
(38.047188, 35.204422, 0.0)
(39.272900, 35.328579, 0.0)
(41.085045, 35.311653, 0.0)
(41.386604, 35.378036, 0.0)
(41.469685, 35.354481, 0.0)
(41.563648, 35.317791, 0.0)
(41.601784, 35.334450, 0.0)
(41.665943, 35.295700, 0.0)
(41.752274, 35.298462, 0.0)
(41.815193, 35.289097, 0.0)
(43.455994, 35.753845, 0.0)
(44.127831, 35.796047, 0.0)
(44.210381, 35.775780, 0.0)
(44.233524, 35.779694, 0.0)
(44.242191, 35.756954, 0.0)
(44.261963, 35.727837, 0.0)
(43.990269, 35.494667, 0.0)
(44.057449, 34.779968, 0.0)
(43.884392, 34.620735, 0.0)
(43.974232, 34.755985, 0.0)
(43.986732, 34.776291, 0.0)
(44.001007, 34.747158, 0.0)
(44.003464, 34.741230, 0.0)
(44.002567, 34.732376, 0.0)
(43.981636, 34.672619, 0.0)
(43.972763, 34.660652, 0.0)
(43.960831, 34.622898, 0.0)
(43.882412, 34.616547, 0.0)
(43.844223, 34.554779, 0.0)
(42.945408, 34.535042, 0.0)
(40.963047, 34.988129, 0.0)
(40.832748, 34.919544, 0.0)
(40.761730, 34.840080, 0.0)
(40.674351, 34.795280, 0.0)
(40.542198, 34.720226, 0.0)
(40.436985, 34.625641, 0.0)
(40.329433, 34.626827, 0.0)
(40.236183, 34.561222, 0.0)
(40.151497, 34.519215, 0.0)
(39.684948, 34.530582, 0.0)
(36.315315, 34.587772, 0.0)
(36.096001, 34.575752, 0.0)
(36.006371, 34.571049, 0.0)
(35.947021, 34.553604, 0.0)
(35.867943, 34.501915, 0.0)
(35.832542, 34.506561, 0.0)
(35.785404, 34.451923, 0.0)
(35.704697, 34.446095, 0.0)
(35.649513, 34.452251, 0.0)
(35.609528, 34.415527, 0.0)
(35.340702, 34.471039, 0.0)
(32.740543, 35.094254, 0.0)
(32.548882, 35.153175, 0.0)
(32.494354, 35.153133, 0.0)
(32.404110, 35.206120, 0.0)
(32.301708, 35.147068, 0.0)
(32.222469, 35.096844, 0.0)
(32.177158, 35.092724, 0.0)
(32.113686, 35.062202, 0.0)
(32.023777, 35.082058, 0.0)
(30.334318, 35.630455, 0.0)
(28.637938, 36.344051, 0.0)
(28.382788, 36.427181, 0.0)
(28.318226, 36.450642, 0.0)
(28.199684, 36.466572, 0.0)
(28.144655, 36.452095, 0.0)
(28.087540, 36.448318, 0.0)
(27.677181, 36.592487, 0.0)
(25.781448, 37.314400, 0.0)
(25.545624, 37.365883, 0.0)
(25.529430, 37.335304, 0.0)
(25.502975, 37.323421, 0.0)
(25.500725, 37.291847, 0.0)
(25.481520, 37.268997, 0.0)
(25.468380, 37.235363, 0.0)
(25.478718, 37.257343, 0.0)
(25.504396, 37.206955, 0.0)
(25.514715, 37.172050, 0.0)
(25.543879, 37.071327, 0.0)
(25.609249, 36.957634, 0.0)
(25.680624, 36.871403, 0.0)
(25.779093, 36.720333, 0.0)
(25.822252, 36.661686, 0.0)
(25.902885, 36.604095, 0.0)
(25.996161, 36.484303, 0.0)
(26.078012, 36.373592, 0.0)
(27.370096, 35.825680, 0.0)
(28.273136, 35.565674, 0.0)
(28.515636, 35.425224, 0.0)
(28.736582, 35.287910, 0.0)
(28.932880, 35.255882, 0.0)
(29.106667, 35.176979, 0.0)
(29.380192, 35.070892, 0.0)
(29.625471, 35.014149, 0.0)
(29.853266, 34.937378, 0.0)
(31.537411, 34.762917, 0.0)
(32.124069, 34.766750, 0.0)
(32.418789, 34.714626, 0.0)
(32.681797, 34.672714, 0.0)
(32.980644, 34.636101, 0.0)
(33.257538, 34.550610, 0.0)
(33.515190, 34.531807, 0.0)
(33.761772, 34.479023, 0.0)
(34.007828, 34.445904, 0.0)
(34.252914, 34.356754, 0.0)
(35.387455, 34.194260, 0.0)
(36.658764, 34.041084, 0.0)
(36.955170, 34.017551, 0.0)
(37.190269, 33.973251, 0.0)
(37.393650, 33.954067, 0.0)
(37.635014, 33.986813, 0.0)
(37.863651, 33.995003, 0.0)
(38.102695, 33.948120, 0.0)
(38.326210, 33.934319, 0.0)
(40.655479, 34.164139, 0.0)
(41.307747, 34.203663, 0.0)
(41.505402, 34.217258, 0.0)
(41.593952, 34.196449, 0.0)
(41.691578, 34.144192, 0.0)
(41.792130, 34.136162, 0.0)
(41.916702, 34.164375, 0.0)
(41.995251, 34.188194, 0.0)
(43.263317, 34.524834, 0.0)
(43.940205, 34.742775, 0.0)
(44.042389, 34.765244, 0.0)
(44.060028, 34.741959, 0.0)
(44.053806, 34.722645, 0.0)
(44.063885, 34.690777, 0.0)
(44.068161, 34.690235, 0.0)
(44.056309, 34.665291, 0.0)
(44.053070, 34.649086, 0.0)
(44.056435, 34.640614, 0.0)
(44.021805, 34.591030, 0.0)
(44.015232, 34.565948, 0.0)
(43.998783, 34.529850, 0.0)
(43.990124, 34.472519, 0.0)
(43.969589, 34.441845, 0.0)
(43.956142, 34.389523, 0.0)
(43.919819, 34.319958, 0.0)
(43.880669, 34.241634, 0.0)
(43.861103, 34.166275, 0.0)
(43.811790, 34.096844, 0.0)
(43.722198, 34.054955, 0.0)
(43.627201, 33.938835, 0.0)
(43.198917, 33.848209, 0.0)
(39.849648, 33.534313, 0.0)
(39.745174, 33.436928, 0.0)
(39.691036, 33.405582, 0.0)
(39.591656, 33.368313, 0.0)
(39.525009, 33.369259, 0.0)
(39.433723, 33.348923, 0.0)
(39.369545, 33.316734, 0.0)
(39.293644, 33.280373, 0.0)
(39.210098, 33.228027, 0.0)
(39.143784, 33.244873, 0.0)
(39.087727, 33.217648, 0.0)
(38.969986, 33.189743, 0.0)
(37.675385, 33.209496, 0.0)
(35.862022, 33.354290, 0.0)
(35.632488, 33.338707, 0.0)
(35.573154, 33.331150, 0.0)
(35.481945, 33.286510, 0.0)
(34.915524, 34.607601, 0.0)
(30.784349, 35.113018, 0.0)
(30.810534, 34.647617, 0.0)
(30.754637, 34.400982, 0.0)
(30.715708, 34.357738, 0.0)
(30.660158, 34.394791, 0.0)
(30.628981, 34.431831, 0.0)
(30.568512, 34.422737, 0.0)
(30.491701, 34.438175, 0.0)
(28.851576, 34.973816, 0.0)
(28.058296, 35.342487, 0.0)
(27.903881, 35.360878, 0.0)
(27.835968, 35.336704, 0.0)
(27.777056, 35.358562, 0.0)
(27.699923, 35.367954, 0.0)
(27.651312, 35.358982, 0.0)
(27.584660, 35.357216, 0.0)
(26.261770, 36.083042, 0.0)
(25.863354, 36.294960, 0.0)
(25.841030, 36.292130, 0.0)
(25.814610, 36.313576, 0.0)
(25.817183, 36.270721, 0.0)
(25.824137, 36.262005, 0.0)
(25.819414, 36.210552, 0.0)
(25.815361, 36.208710, 0.0)
(25.834061, 36.172848, 0.0)
(25.859749, 36.086823, 0.0)
(25.903069, 35.957397, 0.0)
(25.940029, 35.885098, 0.0)
(26.038870, 35.759655, 0.0)
(26.113817, 35.675835, 0.0)
(26.207691, 35.554501, 0.0)
(26.353369, 35.363796, 0.0)
(26.475788, 35.254650, 0.0)
(26.618355, 35.127876, 0.0)
(26.780478, 34.986237, 0.0)
(27.456903, 34.804787, 0.0)
(28.815516, 34.463341, 0.0)
(29.079811, 34.391720, 0.0)
(29.286873, 34.251480, 0.0)
(29.503553, 34.172153, 0.0)
(29.764318, 34.042183, 0.0)
(29.998337, 33.961124, 0.0)
(30.287979, 33.820435, 0.0)
(30.541733, 33.771889, 0.0)
(31.765974, 33.548855, 0.0)
(33.438663, 33.269958, 0.0)
(33.720108, 33.189606, 0.0)
(34.021072, 33.108929, 0.0)
(34.244194, 33.045033, 0.0)
(34.518661, 32.996166, 0.0)
(34.743336, 32.957443, 0.0)
(34.947903, 32.927841, 0.0)
(35.227448, 32.852802, 0.0)
(35.469028, 32.769478, 0.0)
(36.460472, 32.805817, 0.0)
(37.586315, 32.733055, 0.0)
(37.880054, 32.700024, 0.0)
(38.097004, 32.696892, 0.0)
(38.332954, 32.665680, 0.0)
(38.492668, 32.631687, 0.0)
(38.686081, 32.632618, 0.0)
(38.874043, 32.628059, 0.0)
(39.054790, 32.609367, 0.0)
(39.188251, 32.595840, 0.0)
(41.625938, 32.948307, 0.0)
(42.676670, 33.109966, 0.0)
(42.855301, 33.120808, 0.0)
(42.910652, 33.121758, 0.0)
(42.930588, 33.135208, 0.0)
(42.967388, 33.134121, 0.0)
(43.019760, 33.103870, 0.0)
(43.068546, 33.111595, 0.0)
(43.117798, 33.084351, 0.0)
(43.160995, 33.087894, 0.0)
(43.188534, 33.026981, 0.0)
(43.232754, 33.062008, 0.0)
(43.248299, 33.051899, 0.0)
(43.252758, 32.985725, 0.0)
(43.248165, 32.979057, 0.0)
(43.257824, 32.955231, 0.0)
(43.262039, 32.954746, 0.0)
(43.275654, 32.963306, 0.0)
(43.286633, 32.950741, 0.0)
(43.264652, 32.912151, 0.0)
(43.259129, 32.874371, 0.0)
(43.234833, 32.812077, 0.0)
(43.197666, 32.756290, 0.0)
(43.145367, 32.667236, 0.0)
(43.103859, 32.624542, 0.0)
(43.026722, 32.563717, 0.0)
(42.993698, 32.543175, 0.0)
(42.409786, 32.493988, 0.0)
(40.572090, 32.627945, 0.0)
(40.410225, 32.592098, 0.0)
(40.264355, 32.485126, 0.0)
(40.188210, 32.402939, 0.0)
(40.062725, 32.377228, 0.0)
(39.992924, 32.352459, 0.0)
(39.848389, 32.253830, 0.0)
(39.738342, 32.217438, 0.0)
(37.771172, 32.128258, 0.0)
(37.475067, 32.026356, 0.0)
(37.383163, 31.980906, 0.0)
(37.266872, 31.922211, 0.0)
(36.732803, 31.950453, 0.0)
(35.209633, 32.128719, 0.0)
(35.039547, 32.146004, 0.0)
(34.904949, 32.099297, 0.0)
(34.807949, 32.093548, 0.0)
(34.733994, 32.050819, 0.0)
(34.644566, 32.043251, 0.0)
(34.511906, 32.050323, 0.0)
(34.110168, 33.423531, 0.0)
(29.196936, 33.884796, 0.0)
(28.466599, 33.870003, 0.0)
(28.104021, 33.988506, 0.0)
(27.994232, 34.068798, 0.0)
(27.952967, 34.056702, 0.0)
(27.904993, 34.079441, 0.0)
(27.856897, 34.076786, 0.0)
(27.840242, 34.074486, 0.0)
(27.759958, 34.117481, 0.0)
(27.680357, 34.100998, 0.0)
(27.658669, 34.086689, 0.0)
(27.207022, 34.271793, 0.0)
(26.066053, 34.749130, 0.0)
(25.936695, 34.763153, 0.0)
(25.924051, 34.735737, 0.0)
(25.860563, 34.756672, 0.0)
(25.805386, 34.748505, 0.0)
(25.777147, 34.746254, 0.0)
(25.745327, 34.691368, 0.0)
(25.725403, 34.681885, 0.0)
(25.714983, 34.679085, 0.0)
(25.739054, 34.658997, 0.0)
(25.757099, 34.617325, 0.0)
(25.811281, 34.537331, 0.0)
(25.855070, 34.478790, 0.0)
(25.927448, 34.397007, 0.0)
(26.023859, 34.301800, 0.0)
(26.067078, 34.256191, 0.0)
(26.171129, 34.154015, 0.0)
(26.263376, 34.103374, 0.0)
(26.333204, 34.000416, 0.0)
(27.667957, 33.381760, 0.0)
(28.172928, 33.165386, 0.0)
(28.332912, 33.057384, 0.0)
(28.469891, 32.961174, 0.0)
(28.670048, 32.898369, 0.0)
(28.838417, 32.818619, 0.0)
(29.015896, 32.775642, 0.0)
(30.739798, 32.443813, 0.0)
(31.053732, 32.356499, 0.0)
(31.260576, 32.281670, 0.0)
(31.470520, 32.228306, 0.0)
(31.664854, 32.179131, 0.0)
(31.809967, 32.095524, 0.0)
(32.025433, 31.980309, 0.0)
(34.030010, 31.582907, 0.0)
(34.629265, 31.491156, 0.0)
(34.937416, 31.414368, 0.0)
(35.131897, 31.337374, 0.0)
(35.293026, 31.287292, 0.0)
(35.555252, 31.232578, 0.0)
(35.759090, 31.190685, 0.0)
(35.894669, 31.128515, 0.0)
(37.461826, 31.104000, 0.0)
(38.604614, 31.322443, 0.0)
(38.842049, 31.310394, 0.0)
(38.943787, 31.323551, 0.0)
(39.125328, 31.314594, 0.0)
(39.225376, 31.265213, 0.0)
(39.360172, 31.207596, 0.0)
(39.441204, 31.225838, 0.0)
(40.407330, 31.309984, 0.0)
(41.658592, 31.468563, 0.0)
(41.886703, 31.471493, 0.0)
(41.936779, 31.481821, 0.0)
(42.023907, 31.468481, 0.0)
(42.093258, 31.444288, 0.0)
(42.170547, 31.434532, 0.0)
(42.209949, 31.452232, 0.0)
(42.321163, 31.469418, 0.0)
(43.031002, 31.728271, 0.0)
(43.442932, 31.951075, 0.0)
(43.493141, 31.958332, 0.0)
(43.568176, 31.931492, 0.0)
(43.620041, 31.917414, 0.0)
(43.627010, 31.909769, 0.0)
(43.689079, 31.894737, 0.0)
(43.694420, 31.891047, 0.0)
(43.699726, 31.896229, 0.0)
(43.697571, 31.836718, 0.0)
(43.690296, 31.787600, 0.0)
(43.489971, 31.561588, 0.0)
(43.124184, 31.132975, 0.0)
(43.028442, 31.001528, 0.0)
(43.014969, 30.897198, 0.0)
(43.000557, 30.875544, 0.0)
(42.897133, 30.807468, 0.0)
(42.859318, 30.767616, 0.0)
(42.797234, 30.721769, 0.0)
(41.569172, 30.894091, 0.0)
(40.977123, 31.270603, 0.0)
(40.827374, 31.244492, 0.0)
(40.795044, 31.205256, 0.0)
(40.606022, 31.144939, 0.0)
(40.531792, 31.115719, 0.0)
(40.481812, 31.067312, 0.0)
(40.339783, 31.018728, 0.0)
(40.259060, 30.987593, 0.0)
(38.118553, 30.911613, 0.0)
(37.667496, 30.859146, 0.0)
(37.534336, 30.798153, 0.0)
(37.409821, 30.751249, 0.0)
(37.335884, 30.724812, 0.0)
(37.232368, 30.708923, 0.0)
(35.431446, 30.867916, 0.0)
(35.205013, 30.895758, 0.0)
(35.119873, 30.845148, 0.0)
(35.035702, 30.801664, 0.0)
(34.916981, 30.758017, 0.0)
(34.797215, 30.723461, 0.0)
(32.802353, 31.161133, 0.0)
(31.600576, 31.739872, 0.0)
(31.358530, 31.738068, 0.0)
(31.261314, 31.786276, 0.0)
(31.165432, 31.760225, 0.0)
(31.095345, 31.754900, 0.0)
(29.719522, 32.233402, 0.0)
(29.200853, 32.417465, 0.0)
(29.021238, 32.412151, 0.0)
(28.983189, 32.331970, 0.0)
(28.919701, 32.277843, 0.0)
(28.211311, 32.669926, 0.0)
(27.918449, 32.791748, 0.0)
(27.871880, 32.717609, 0.0)
(27.632481, 32.799416, 0.0)
(27.121220, 33.008934, 0.0)
(26.512224, 33.392872, 0.0)
(25.930174, 33.788921, 0.0)
(25.526495, 34.030449, 0.0)
(25.355268, 34.085453, 0.0)
(25.204771, 34.133553, 0.0)
(25.137112, 34.047646, 0.0)
(25.125580, 33.994926, 0.0)
(25.163609, 33.965218, 0.0)
(25.195141, 33.880379, 0.0)
(25.198563, 33.812225, 0.0)
(25.246300, 33.738419, 0.0)
(25.284988, 33.616615, 0.0)
(25.380495, 33.465332, 0.0)
(25.408398, 33.359016, 0.0)
(25.490559, 33.239658, 0.0)
(26.049515, 32.925564, 0.0)
(26.417147, 32.849331, 0.0)
(26.576435, 32.751957, 0.0)
(26.741741, 32.620487, 0.0)
(26.821297, 32.500751, 0.0)
(27.993263, 32.226124, 0.0)
(28.310747, 32.084415, 0.0)
(28.535812, 31.985285, 0.0)
(28.733658, 31.880533, 0.0)
(28.866257, 31.757103, 0.0)
(29.941936, 31.357649, 0.0)
(30.697071, 31.121555, 0.0)
(30.930847, 30.997986, 0.0)
(31.112833, 30.907816, 0.0)
(31.346601, 30.826445, 0.0)
(32.321861, 30.621016, 0.0)
(33.057541, 30.404266, 0.0)
(33.252338, 30.341871, 0.0)
(33.456886, 30.290245, 0.0)
(33.647614, 30.224176, 0.0)
(34.217674, 30.125546, 0.0)
(35.101131, 30.038067, 0.0)
(35.310585, 29.995037, 0.0)
(35.429119, 29.899532, 0.0)
(35.649487, 29.849714, 0.0)
(35.754711, 29.827425, 0.0)
(35.886398, 29.831978, 0.0)
(36.747082, 29.824623, 0.0)
(38.688328, 30.007456, 0.0)
(39.003300, 30.007822, 0.0)
(39.142109, 30.010593, 0.0)
(39.295177, 29.975994, 0.0)
(39.896111, 30.111486, 0.0)
(41.212753, 30.447281, 0.0)
(41.365520, 30.446335, 0.0)
(41.467457, 30.461903, 0.0)
(41.580189, 30.424032, 0.0)
(41.661602, 30.471523, 0.0)
(42.428387, 30.607904, 0.0)
(42.605392, 30.651505, 0.0)
(42.643570, 30.658728, 0.0)
(42.701572, 30.665468, 0.0)
(42.776192, 30.655197, 0.0)
(42.817039, 30.587894, 0.0)
(42.841167, 30.578035, 0.0)
(43.138557, 30.477583, 0.0)
(43.318619, 30.266186, 0.0)
(43.357590, 30.264051, 0.0)
(43.392006, 30.243393, 0.0)
(43.407169, 30.240820, 0.0)
(43.405109, 30.190481, 0.0)
(43.414745, 30.186150, 0.0)
(43.433723, 30.164276, 0.0)
(43.444218, 30.166027, 0.0)
(43.447231, 30.160191, 0.0)
(43.440334, 30.133614, 0.0)
(43.442429, 30.081373, 0.0)
(43.383537, 30.019501, 0.0)
(43.349064, 29.986969, 0.0)
(42.775055, 29.845074, 0.0)
(42.547344, 29.794355, 0.0)
(42.516644, 29.734852, 0.0)
(42.418930, 29.587160, 0.0)
(42.329353, 29.557327, 0.0)
(42.256443, 29.515104, 0.0)
(41.022411, 29.379810, 0.0)
(40.237549, 29.375765, 0.0)
(40.096939, 29.266956, 0.0)
(39.956242, 29.191534, 0.0)
(39.812645, 29.156120, 0.0)
(39.725769, 29.093586, 0.0)
(38.942001, 29.026329, 0.0)
(37.536377, 29.194309, 0.0)
(37.364162, 29.171583, 0.0)
(37.258549, 29.120699, 0.0)
(35.647854, 29.288578, 0.0)
(34.909348, 29.408630, 0.0)
(34.687126, 29.437761, 0.0)
(34.585682, 29.380804, 0.0)
(34.468697, 29.366451, 0.0)
(34.367630, 29.322433, 0.0)
(34.245186, 29.299103, 0.0)
(34.136528, 29.306959, 0.0)
(32.966640, 29.851070, 0.0)
(32.829041, 29.915533, 0.0)
(32.643681, 29.926500, 0.0)
(32.591114, 29.882944, 0.0)
(32.500538, 29.922230, 0.0)
(32.437733, 29.938623, 0.0)
(32.380566, 29.914440, 0.0)
(32.326561, 29.918478, 0.0)
(31.700850, 30.155973, 0.0)
(30.114534, 30.771769, 0.0)
(28.884451, 31.234188, 0.0)
(28.675581, 31.283583, 0.0)
(28.258751, 31.364206, 0.0)
(27.531116, 31.757595, 0.0)
(27.410170, 31.811617, 0.0)
(27.372402, 31.787930, 0.0)
(26.831297, 31.977795, 0.0)
(26.476089, 32.190868, 0.0)
(26.335648, 32.209713, 0.0)
(25.937756, 32.392178, 0.0)
(25.629128, 32.542530, 0.0)
(25.470797, 32.551090, 0.0)
(25.393728, 32.575851, 0.0)
(25.329552, 32.441853, 0.0)
(25.349009, 32.315079, 0.0)
(25.339348, 32.240150, 0.0)
(25.345665, 32.169998, 0.0)
(25.354870, 32.120392, 0.0)
(25.408978, 32.009117, 0.0)
(25.198570, 31.968931, 0.0)
(25.203669, 31.858883, 0.0)
(25.258694, 31.781651, 0.0)
(25.593485, 31.642380, 0.0)
(26.152113, 31.593885, 0.0)
(26.356951, 31.426149, 0.0)
(26.984735, 31.144358, 0.0)
(27.648748, 30.848089, 0.0)
(28.213402, 30.622728, 0.0)
(28.817936, 30.338089, 0.0)
(29.554401, 30.048685, 0.0)
(29.839823, 29.870888, 0.0)
(30.705799, 29.588486, 0.0)
(31.254675, 29.429060, 0.0)
(31.561661, 29.335840, 0.0)
(32.096287, 29.083246, 0.0)
(32.486015, 29.032112, 0.0)
(32.719753, 29.005966, 0.0)
(33.372513, 29.032478, 0.0)
(33.666615, 28.970478, 0.0)
(33.846577, 28.854237, 0.0)
(34.020840, 28.786604, 0.0)
(34.222187, 28.791571, 0.0)
(34.349133, 28.706814, 0.0)
(34.805290, 28.652649, 0.0)
(36.535568, 28.609106, 0.0)
(36.817429, 28.578964, 0.0)
(37.018841, 28.551327, 0.0)
(37.269825, 28.516102, 0.0)
(37.485626, 28.530052, 0.0)
(37.660366, 28.492308, 0.0)
(37.783806, 28.481005, 0.0)
(37.986225, 28.491293, 0.0)
(38.156807, 28.457806, 0.0)
(38.321732, 28.456724, 0.0)
(38.513760, 28.462273, 0.0)
(38.880539, 28.488890, 0.0)
(40.102371, 28.772839, 0.0)
(40.332287, 28.819340, 0.0)
(40.427258, 28.790466, 0.0)
(40.541885, 28.836403, 0.0)
(41.464127, 28.907692, 0.0)
(41.771114, 29.155659, 0.0)
(43.476345, 29.566031, 0.0)
(43.309765, 29.635550, 0.0)
(43.337990, 29.628061, 0.0)
(43.401619, 29.682215, 0.0)
(43.455681, 29.677719, 0.0)
(43.473133, 29.651711, 0.0)
(43.485023, 29.647552, 0.0)
(43.723644, 29.451082, 0.0)
(43.738728, 29.354872, 0.0)
(43.726048, 29.286980, 0.0)
(43.731750, 29.241116, 0.0)
(43.712605, 29.172016, 0.0)
(43.709553, 29.148132, 0.0)
(41.841412, 28.717949, 0.0)
(41.475269, 28.555761, 0.0)
(41.467026, 28.531557, 0.0)
(41.405346, 28.481731, 0.0)
(41.354046, 28.433655, 0.0)
(41.258751, 28.329012, 0.0)
(41.209229, 28.311569, 0.0)
(41.121883, 28.274170, 0.0)
(39.892101, 28.141703, 0.0)
(38.145901, 28.147781, 0.0)
(37.851139, 28.096447, 0.0)
(37.786003, 28.075706, 0.0)
(37.626316, 28.048256, 0.0)
(37.477127, 28.002638, 0.0)
(37.331875, 27.970238, 0.0)
(36.019691, 28.221582, 0.0)
(35.799389, 28.190044, 0.0)
(35.618706, 28.150154, 0.0)
(35.528324, 28.127472, 0.0)
(35.416958, 28.165510, 0.0)
(35.094181, 28.173742, 0.0)
(34.407326, 28.190006, 0.0)
(34.232388, 28.193535, 0.0)
(34.157547, 28.184616, 0.0)
(33.229549, 28.326239, 0.0)
(31.860802, 28.691525, 0.0)
(31.352280, 28.760548, 0.0)
(31.224762, 28.783197, 0.0)
(31.165421, 28.767235, 0.0)
(31.088223, 28.742813, 0.0)
(30.752996, 28.905731, 0.0)
(29.478552, 29.480162, 0.0)
(29.262554, 29.504133, 0.0)
(29.208054, 29.505421, 0.0)
(29.146250, 29.502213, 0.0)
(27.755369, 30.303514, 0.0)
(26.928268, 30.852064, 0.0)
(26.846647, 30.881758, 0.0)
(26.840374, 30.852072, 0.0)
(26.776367, 30.859541, 0.0)
(26.725359, 30.847338, 0.0)
(26.066601, 31.228386, 0.0)
(25.945684, 31.293821, 0.0)
(25.924595, 31.256775, 0.0)
(25.887573, 31.257555, 0.0)
(25.237431, 31.621042, 0.0)
(25.077692, 31.684589, 0.0)
(25.055569, 31.669333, 0.0)
(25.037247, 31.657667, 0.0)
(25.058651, 31.636513, 0.0)
(25.031321, 31.660618, 0.0)
(25.050028, 31.597494, 0.0)
(25.086630, 31.533981, 0.0)
(25.089838, 31.525955, 0.0)
(25.110565, 31.536003, 0.0)
(25.153114, 31.517130, 0.0)
(25.252813, 31.444534, 0.0)
(25.666069, 31.095600, 0.0)
(27.448669, 30.254042, 0.0)
(27.701073, 30.131868, 0.0)
(27.791634, 30.016205, 0.0)
(27.973488, 29.879179, 0.0)
(28.095892, 29.715168, 0.0)
(28.275003, 29.603363, 0.0)
(28.483736, 29.462845, 0.0)
(28.598999, 29.380102, 0.0)
(30.379992, 28.729210, 0.0)
(30.738058, 28.626720, 0.0)
(30.967245, 28.471006, 0.0)
(32.028027, 28.169283, 0.0)
(32.483150, 28.008850, 0.0)
(33.161694, 27.837006, 0.0)
(33.696854, 27.718803, 0.0)
(34.491432, 27.564787, 0.0)
(34.821136, 27.514238, 0.0)
(35.074818, 27.466955, 0.0)
(35.527760, 27.525845, 0.0)
(35.738720, 27.469147, 0.0)
(35.884392, 27.446154, 0.0)
(36.026001, 27.439392, 0.0)
(36.175461, 27.408535, 0.0)
(36.291607, 27.381861, 0.0)
(36.384861, 27.397388, 0.0)
(36.603275, 27.358242, 0.0)
(37.692921, 27.429899, 0.0)
(37.881935, 27.410297, 0.0)
(38.082455, 27.397785, 0.0)
(38.936047, 27.484892, 0.0)
(40.385357, 27.833179, 0.0)
(40.609699, 27.877665, 0.0)
(40.717606, 27.936966, 0.0)
(40.745617, 27.905912, 0.0)
(40.874928, 27.926203, 0.0)
(41.125240, 27.963478, 0.0)
(42.648449, 28.579580, 0.0)
(42.816120, 28.641191, 0.0)
(42.953468, 28.610651, 0.0)
(43.013416, 28.670149, 0.0)
(44.057804, 29.328995, 0.0)
(44.076462, 29.293453, 0.0)
(44.062199, 29.291153, 0.0)
(44.034306, 29.333525, 0.0)
(44.028236, 29.346756, 0.0)
(43.997860, 29.361708, 0.0)
(44.010735, 29.386814, 0.0)
(43.978279, 29.354113, 0.0)
(43.968578, 29.366995, 0.0)
(43.992809, 29.395733, 0.0)
(44.827400, 31.207771, 0.0)
(45.481663, 34.145172, 0.0)
(45.508572, 34.577473, 0.0)
(45.499775, 34.572598, 0.0)
(45.495415, 34.585857, 0.0)
(45.495415, 34.567623, 0.0)
(45.492924, 34.523697, 0.0)
(45.497246, 34.459869, 0.0)
(45.476917, 34.498631, 0.0)
(45.479610, 34.418839, 0.0)
(45.445358, 34.369335, 0.0)
(45.420544, 34.411652, 0.0)
(45.391426, 34.411026, 0.0)
(45.368523, 34.424385, 0.0)
(45.342583, 34.393555, 0.0)
(45.108849, 34.447906, 0.0)
(45.450951, 34.261230, 0.0)
(45.379951, 34.598873, 0.0)
(45.394184, 34.634983, 0.0)
(45.401527, 34.627674, 0.0)
(45.419392, 34.656765, 0.0)
(45.403820, 34.664253, 0.0)
(45.402721, 34.661491, 0.0)
(45.481682, 35.317589, 0.0)
(45.707859, 37.494480, 0.0)
(45.658855, 37.776604, 0.0)
(45.633331, 37.792442, 0.0)
(45.624443, 37.813450, 0.0)
(45.616798, 37.813126, 0.0)
(45.606808, 37.830940, 0.0)
(45.603737, 37.813820, 0.0)
(45.609341, 37.791279, 0.0)
(45.590591, 37.780373, 0.0)
(45.582165, 37.769848, 0.0)
(45.548737, 38.400700, 0.0)
(45.524498, 38.868465, 0.0)
(45.528278, 38.907478, 0.0)
(45.501320, 38.908344, 0.0)
(45.496098, 38.890221, 0.0)
(45.488621, 38.863472, 0.0)
(45.467056, 38.854439, 0.0)
(45.564548, 39.263660, 0.0)
(45.503422, 39.423409, 0.0)
(45.473656, 39.438374, 0.0)
(45.461090, 39.408257, 0.0)
(45.434441, 39.375576, 0.0)
(45.417198, 39.364449, 0.0)
(45.420567, 39.360348, 0.0)
(45.395802, 39.299381, 0.0)
(45.400127, 39.297092, 0.0)
(45.381809, 39.278336, 0.0)
(45.373158, 39.231529, 0.0)
(45.374950, 39.176067, 0.0)
(45.354206, 39.054623, 0.0)
(44.965878, 38.667992, 0.0)
(44.924110, 38.475433, 0.0)
(44.932564, 38.266335, 0.0)
(44.957973, 37.815220, 0.0)
(44.976669, 37.401749, 0.0)
(45.007580, 37.109745, 0.0)
(44.988731, 36.852848, 0.0)
(45.003899, 36.588909, 0.0)
(44.994492, 36.337200, 0.0)
(45.204300, 36.503811, 0.0)
(45.237236, 36.481167, 0.0)
(45.222698, 36.258900, 0.0)
(45.215961, 36.097126, 0.0)
(45.191624, 35.959286, 0.0)
(45.163872, 35.803787, 0.0)
(45.165821, 35.668583, 0.0)
(45.146481, 35.542213, 0.0)
(45.137474, 35.380665, 0.0)
(45.134068, 35.262657, 0.0)
(45.045555, 34.992374, 0.0)
(45.030785, 34.845795, 0.0)
(45.023354, 34.665718, 0.0)
(44.962776, 34.448177, 0.0)
(44.957573, 34.259365, 0.0)
(44.958195, 34.070126, 0.0)
(44.928562, 33.873066, 0.0)
(44.895287, 33.653706, 0.0)
(44.890888, 33.458691, 0.0)
(44.870907, 33.188984, 0.0)
(44.721127, 32.431931, 0.0)
(44.488350, 31.225901, 0.0)
(44.292870, 30.520514, 0.0)
(44.227932, 30.283737, 0.0)
(44.227318, 30.165756, 0.0)
(44.045982, 29.896168, 0.0)
(43.811310, 29.696772, 0.0)
(43.792091, 29.613592, 0.0)
(43.800529, 29.561409, 0.0)
(43.800022, 29.479082, 0.0)
(43.791485, 29.409739, 0.0)
(43.777927, 29.351843, 0.0)
(43.416130, 28.943390, 0.0)
(43.835270, 31.341993, 0.0)
(43.847065, 31.502750, 0.0)
(43.835155, 31.497726, 0.0)
(43.834465, 31.525345, 0.0)
(44.079449, 31.752832, 0.0)
(44.284657, 32.099873, 0.0)
(44.307049, 32.180309, 0.0)
(44.314003, 32.128040, 0.0)
(44.292374, 32.143921, 0.0)
(44.275764, 32.203129, 0.0)
(44.713345, 33.178089, 0.0)
(44.757294, 33.503532, 0.0)
(44.727139, 33.563030, 0.0)
(44.714329, 33.592598, 0.0)
(44.729683, 33.642532, 0.0)
(44.701347, 33.690617, 0.0)
(44.676464, 33.752087, 0.0)
(45.057541, 35.457302, 0.0)
(45.064224, 36.047009, 0.0)
(45.058708, 36.163685, 0.0)
(45.064209, 36.176300, 0.0)
(45.073360, 36.244915, 0.0)
(45.067196, 36.264759, 0.0)
(45.063354, 36.287788, 0.0)
(45.061993, 36.285500, 0.0)
(45.063354, 36.287788, 0.0)
(45.059326, 36.310120, 0.0)
(45.065849, 36.403419, 0.0)
(45.037254, 37.139725, 0.0)
(44.933178, 37.493397, 0.0)
(44.929810, 37.592674, 0.0)
(44.935005, 37.657036, 0.0)
(44.924091, 37.673367, 0.0)
(44.926804, 37.752735, 0.0)
(44.903961, 37.740131, 0.0)
(44.903961, 37.740131, 0.0)
(44.917519, 37.903271, 0.0)
(44.939297, 38.717617, 0.0)
(44.908531, 38.861095, 0.0)
(44.895588, 38.824722, 0.0)
(44.838890, 38.899323, 0.0)
(44.598305, 39.103394, 0.0)
(44.337879, 39.153419, 0.0)
(44.260445, 39.092682, 0.0)
(44.194740, 38.935745, 0.0)
(43.929184, 38.832378, 0.0)
(43.621319, 38.769547, 0.0)
(43.551304, 38.659897, 0.0)
(43.474503, 38.530167, 0.0)
(43.469658, 38.528542, 0.0)
(43.464790, 38.546783, 0.0)
(43.425858, 38.545101, 0.0)
(43.391502, 38.339268, 0.0)
(43.266201, 38.075466, 0.0)
(43.242622, 38.038582, 0.0)
(43.265739, 37.833847, 0.0)
(43.272240, 37.564407, 0.0)
(43.668728, 37.486019, 0.0)
(43.728874, 37.264996, 0.0)
(43.734909, 37.027550, 0.0)
(43.751648, 36.814480, 0.0)
(44.077747, 36.926674, 0.0)
(44.135426, 36.865932, 0.0)
(44.132984, 36.650814, 0.0)
(44.123962, 36.394440, 0.0)
(44.032536, 36.448456, 0.0)
(43.989239, 36.160961, 0.0)
(43.986687, 35.922798, 0.0)
(43.943275, 35.559292, 0.0)
(43.937706, 35.386684, 0.0)
(43.792202, 35.106712, 0.0)
(43.776302, 34.735126, 0.0)
(43.440727, 34.014240, 0.0)
(43.331310, 33.702911, 0.0)
(43.302261, 33.310242, 0.0)
(43.237267, 33.079620, 0.0)
(43.221043, 32.820515, 0.0)
(43.201328, 32.547890, 0.0)
(43.202694, 31.943081, 0.0)
(43.194134, 31.625517, 0.0)
(43.157249, 31.401001, 0.0)
(43.140594, 31.115698, 0.0)
(42.597095, 29.856133, 0.0)
(42.524986, 29.549809, 0.0)
(42.504898, 29.470526, 0.0)
(42.461437, 29.345934, 0.0)
(42.438316, 29.320440, 0.0)
(42.458908, 29.261093, 0.0)
(42.442272, 29.197140, 0.0)
(42.420975, 29.172506, 0.0)
(42.390736, 29.110735, 0.0)
(42.091045, 28.846443, 0.0)
(42.018669, 28.731039, 0.0)
(42.002560, 28.692894, 0.0)
(41.974869, 28.614672, 0.0)
(41.946602, 28.333090, 0.0)
(41.952782, 28.291876, 0.0)
(41.948162, 28.283871, 0.0)
(41.936890, 28.267340, 0.0)
(41.937855, 28.237362, 0.0)
(41.937439, 28.210445, 0.0)
(41.916885, 28.144602, 0.0)
(41.916885, 28.144602, 0.0)
(41.909714, 28.139860, 0.0)
(41.940285, 28.099174, 0.0)
(41.911175, 28.048037, 0.0)
(41.882401, 28.067905, 0.0)
(41.897549, 28.073210, 0.0)
(41.896347, 28.041637, 0.0)
(41.859833, 28.058369, 0.0)
(41.889950, 28.071129, 0.0)
(42.117847, 29.447004, 0.0)
(42.659340, 32.340389, 0.0)
(42.618206, 32.922871, 0.0)
(42.565430, 33.001289, 0.0)
(42.536747, 33.000599, 0.0)
(42.533176, 32.988598, 0.0)
(42.517529, 32.978222, 0.0)
(42.516502, 32.968735, 0.0)
(42.992306, 33.083241, 0.0)
(43.045506, 33.106483, 0.0)
(43.013538, 33.108486, 0.0)
(43.003727, 33.117462, 0.0)
(42.985065, 33.108856, 0.0)
(43.302135, 33.144653, 0.0)
(43.333580, 33.169796, 0.0)
(43.343975, 33.216808, 0.0)
(43.316719, 33.222736, 0.0)
(43.302055, 33.248657, 0.0)
(43.269833, 33.446243, 0.0)
(43.258537, 33.795105, 0.0)
(43.248753, 33.939331, 0.0)
(43.230091, 33.991421, 0.0)
(42.983173, 34.394531, 0.0)
(42.758224, 35.301834, 0.0)
(42.628647, 35.747742, 0.0)
(42.600155, 35.902927, 0.0)
(42.548595, 36.020302, 0.0)
(42.487431, 36.189705, 0.0)
(42.479469, 36.315941, 0.0)
(42.585926, 36.432072, 0.0)
(42.688938, 36.523659, 0.0)
(42.771435, 36.588200, 0.0)
(42.828239, 36.631920, 0.0)
(42.929867, 36.635662, 0.0)
(42.966454, 36.659599, 0.0)
(42.977135, 36.689995, 0.0)
(42.994530, 36.702488, 0.0)
(43.024052, 36.725555, 0.0)
(42.716763, 38.032169, 0.0)
(42.681538, 38.582443, 0.0)
(42.325447, 38.569458, 0.0)
(42.084625, 38.209137, 0.0)
(42.356777, 38.617695, 0.0)
(42.506577, 39.103195, 0.0)
(42.518513, 39.163078, 0.0)
(42.522743, 39.124748, 0.0)
(42.533802, 39.077591, 0.0)
(42.505764, 39.066723, 0.0)
(42.705990, 40.145691, 0.0)
(42.693764, 40.158058, 0.0)
(42.618290, 40.006943, 0.0)
(42.579514, 39.918259, 0.0)
(41.736362, 39.141895, 0.0)
(41.677429, 38.920929, 0.0)
(41.695641, 38.681320, 0.0)
(41.682014, 38.428555, 0.0)
(41.681156, 38.202393, 0.0)
(41.682835, 38.004013, 0.0)
(41.697227, 37.760677, 0.0)
(41.686802, 37.540718, 0.0)
(41.691811, 37.308849, 0.0)
(41.989784, 36.950493, 0.0)
(42.014046, 36.754471, 0.0)
(42.007332, 36.497425, 0.0)
(41.987122, 36.296291, 0.0)
(41.945889, 36.102566, 0.0)
(41.941654, 35.858910, 0.0)
(41.921375, 35.674225, 0.0)
(41.894424, 35.453136, 0.0)
(41.879219, 35.199413, 0.0)
(41.846386, 34.932144, 0.0)
(41.818455, 34.704273, 0.0)
(41.796696, 34.469425, 0.0)
(41.778748, 34.331654, 0.0)
(41.736282, 34.097118, 0.0)
(41.706905, 33.876709, 0.0)
(41.680443, 33.687336, 0.0)
(41.678093, 33.486324, 0.0)
(41.651844, 33.271599, 0.0)
(41.635639, 33.100487, 0.0)
(41.624783, 32.975056, 0.0)
(41.614418, 32.787933, 0.0)
(41.605919, 32.599575, 0.0)
(41.459812, 31.546492, 0.0)
(41.421936, 31.264751, 0.0)
(41.427509, 31.085428, 0.0)
(41.377163, 30.889238, 0.0)
(41.330765, 30.733465, 0.0)
(41.022732, 29.419161, 0.0)
(40.923542, 28.916477, 0.0)
(40.880962, 28.825006, 0.0)
(40.849251, 28.763271, 0.0)
(40.827789, 28.730007, 0.0)
(40.801338, 28.680971, 0.0)
(40.818348, 28.614193, 0.0)
(40.455559, 28.401117, 0.0)
(40.105373, 28.076872, 0.0)
(40.051720, 27.987854, 0.0)
(40.089279, 27.936430, 0.0)
(40.106560, 27.921585, 0.0)
(40.083855, 27.897436, 0.0)
(39.793900, 27.951504, 0.0)
(39.782581, 27.877966, 0.0)
(39.782227, 27.821346, 0.0)
(39.799721, 27.801662, 0.0)
(39.783768, 27.805851, 0.0)
(39.796143, 27.790249, 0.0)
(39.801388, 27.760487, 0.0)
(39.789715, 27.757889, 0.0)
(39.794106, 27.710558, 0.0)
(39.807350, 27.709890, 0.0)
(39.801048, 27.703756, 0.0)
(39.781475, 28.513857, 0.0)
(40.145355, 30.329041, 0.0)
(40.226723, 30.895893, 0.0)
(40.227062, 30.932545, 0.0)
(40.379429, 31.286785, 0.0)
(40.551178, 31.625418, 0.0)
(40.576511, 31.625753, 0.0)
(40.614620, 31.559883, 0.0)
(40.915844, 31.515556, 0.0)
(41.108147, 31.536938, 0.0)
(41.096783, 31.592110, 0.0)
(41.225807, 31.663033, 0.0)
(41.353077, 31.879658, 0.0)
(41.341335, 32.014065, 0.0)
(40.914162, 32.342251, 0.0)
(40.606953, 32.670860, 0.0)
(40.487999, 32.970135, 0.0)
(40.495148, 33.201981, 0.0)
(40.504959, 33.476219, 0.0)
(40.396755, 33.905106, 0.0)
(40.412052, 34.255951, 0.0)
(40.570152, 34.373478, 0.0)
(40.674255, 34.526390, 0.0)
(40.763859, 34.649815, 0.0)
(40.748646, 34.676834, 0.0)
(40.631615, 35.003960, 0.0)
(40.682762, 35.073494, 0.0)
(40.719334, 35.054131, 0.0)
(40.721386, 35.109230, 0.0)
(40.773323, 35.140923, 0.0)
(40.802013, 35.215103, 0.0)
(40.760685, 35.266914, 0.0)
(40.502605, 36.096848, 0.0)
(40.396858, 37.574284, 0.0)
(40.557255, 37.641285, 0.0)
(40.787586, 38.107254, 0.0)
(40.862160, 38.339596, 0.0)
(40.849640, 38.399258, 0.0)
(40.841404, 38.417225, 0.0)
(40.829712, 38.426170, 0.0)
(40.835331, 38.496677, 0.0)
(40.856377, 38.535854, 0.0)
(40.822533, 38.606873, 0.0)
(41.196934, 39.785969, 0.0)
(41.223419, 39.942566, 0.0)
(41.188602, 39.942482, 0.0)
(41.125389, 39.971691, 0.0)
(41.113991, 39.928253, 0.0)
(41.080082, 39.930660, 0.0)
(41.070419, 39.911602, 0.0)
(41.028980, 39.903072, 0.0)
(39.893200, 40.146103, 0.0)
(39.718040, 40.178082, 0.0)
(39.689396, 40.082779, 0.0)
(39.633930, 39.905117, 0.0)
(39.641415, 39.762482, 0.0)
(39.623821, 39.558029, 0.0)
(39.874130, 38.681477, 0.0)
(39.986126, 37.565876, 0.0)
(39.965343, 37.202824, 0.0)
(39.925205, 36.942902, 0.0)
(39.917255, 36.651817, 0.0)
(39.896156, 36.368690, 0.0)
(39.888355, 36.133888, 0.0)
(39.859684, 35.912579, 0.0)
(39.841354, 35.681286, 0.0)
(39.845230, 35.488850, 0.0)
(40.014629, 35.584126, 0.0)
(40.003212, 35.479321, 0.0)
(39.979523, 35.251686, 0.0)
(39.936356, 35.096302, 0.0)
(39.929745, 34.917896, 0.0)
(39.895462, 34.757420, 0.0)
(39.827408, 34.629681, 0.0)
(39.807068, 34.458206, 0.0)
(39.823212, 34.322556, 0.0)
(39.733078, 34.090881, 0.0)
(39.710110, 33.856392, 0.0)
(39.707130, 33.637230, 0.0)
(39.691265, 33.482681, 0.0)
(39.434937, 32.479801, 0.0)
(39.394623, 31.960165, 0.0)
(39.379601, 31.768480, 0.0)
(39.342686, 31.588697, 0.0)
(39.324051, 31.417793, 0.0)
(39.299431, 31.267502, 0.0)
(39.283588, 31.154282, 0.0)
(39.256340, 30.853998, 0.0)
(38.722893, 28.794155, 0.0)
(38.598663, 28.345091, 0.0)
(38.553471, 28.218895, 0.0)
(38.506950, 28.153847, 0.0)
(38.463989, 28.090811, 0.0)
(38.228703, 28.115049, 0.0)
(38.189144, 28.064251, 0.0)
(38.173344, 28.034496, 0.0)
(38.214371, 27.949053, 0.0)
(38.214352, 27.933569, 0.0)
(38.238625, 27.903025, 0.0)
(38.243351, 27.887691, 0.0)
(38.235580, 27.863834, 0.0)
(38.241604, 27.862123, 0.0)
(38.248573, 27.839128, 0.0)
(38.241604, 27.862123, 0.0)
(38.252502, 27.826538, 0.0)
(38.250584, 27.819380, 0.0)
(38.256798, 27.832853, 0.0)
(37.822819, 27.918013, 0.0)
(36.913651, 28.154413, 0.0)
(36.823647, 28.174297, 0.0)
(36.792992, 28.189091, 0.0)
(36.788509, 28.204756, 0.0)
(36.821274, 28.300833, 0.0)
(37.145317, 29.265116, 0.0)
(38.078629, 32.157841, 0.0)
(38.385284, 32.889374, 0.0)
(38.384186, 32.965782, 0.0)
(38.351791, 33.004383, 0.0)
(38.305183, 33.006763, 0.0)
(38.279556, 33.010426, 0.0)
(38.370705, 32.837173, 0.0)
(38.459579, 32.719906, 0.0)
(38.454948, 32.730015, 0.0)
(38.462925, 32.749649, 0.0)
(38.450813, 32.751846, 0.0)
(38.428822, 32.736172, 0.0)
(38.449772, 32.734016, 0.0)
(38.436016, 32.755852, 0.0)
(38.441608, 32.765930, 0.0)
(38.415833, 32.784683, 0.0)
(38.415638, 32.803432, 0.0)
(38.429909, 32.830116, 0.0)
(38.412727, 32.864170, 0.0)
(38.403934, 32.867825, 0.0)
(38.714489, 34.020657, 0.0)
(38.745407, 34.274158, 0.0)
(38.721241, 34.338711, 0.0)
(38.691910, 34.381313, 0.0)
(38.699482, 34.396629, 0.0)
(38.699188, 34.403004, 0.0)
(38.926601, 35.544617, 0.0)
(39.109425, 37.032761, 0.0)
(39.088184, 37.220158, 0.0)
(39.070381, 37.236362, 0.0)
(39.034809, 37.265530, 0.0)
(39.011585, 37.270733, 0.0)
(38.989159, 37.277973, 0.0)
(38.958351, 37.332684, 0.0)
(38.940392, 37.341827, 0.0)
(38.924133, 37.348076, 0.0)
(38.883286, 37.334446, 0.0)
(38.874165, 37.342010, 0.0)
(38.908192, 37.410187, 0.0)
(39.101124, 39.389835, 0.0)
(39.124058, 39.711636, 0.0)
(39.094707, 39.759293, 0.0)
(39.056614, 39.731117, 0.0)
(39.024311, 39.788326, 0.0)
(38.601994, 39.928333, 0.0)
(38.551086, 40.014011, 0.0)
(38.555115, 40.047073, 0.0)
(38.542534, 40.061539, 0.0)
(38.526505, 40.100376, 0.0)
(38.538746, 40.085514, 0.0)
(38.531029, 40.057697, 0.0)
(38.488880, 40.027962, 0.0)
(38.447422, 39.959412, 0.0)
(38.411560, 39.933628, 0.0)
(38.381996, 39.906654, 0.0)
(38.364048, 39.761009, 0.0)
(38.355751, 39.662239, 0.0)
(37.767506, 39.249168, 0.0)
(37.643192, 39.002407, 0.0)
(37.607410, 38.779346, 0.0)
(37.569435, 38.591690, 0.0)
(37.712738, 38.120319, 0.0)
(37.705673, 37.090000, 0.0)
(37.637215, 36.431221, 0.0)
(37.600456, 36.180489, 0.0)
(37.616840, 36.032742, 0.0)
(37.587048, 35.815857, 0.0)
(37.593155, 35.577026, 0.0)
(37.538040, 35.230473, 0.0)
(37.524834, 34.995354, 0.0)
(37.481678, 34.781868, 0.0)
(37.452194, 34.635601, 0.0)
(37.442528, 34.442749, 0.0)
(37.417313, 34.347893, 0.0)
(37.391190, 34.173813, 0.0)
(37.371101, 34.033424, 0.0)
(37.303436, 33.884701, 0.0)
(36.680950, 33.039215, 0.0)
(36.635014, 32.858772, 0.0)
(36.606544, 32.710701, 0.0)
(36.582115, 32.599548, 0.0)
(36.557045, 32.473686, 0.0)
(36.545349, 32.386356, 0.0)
(36.544125, 32.272137, 0.0)
(36.530766, 32.171852, 0.0)
(36.539818, 32.076168, 0.0)
(36.525860, 31.965631, 0.0)
(36.856411, 31.416489, 0.0)
(36.903423, 31.009394, 0.0)
(36.874931, 30.854631, 0.0)
(36.869991, 30.719166, 0.0)
(36.868790, 30.570618, 0.0)
(36.864861, 30.443171, 0.0)
(36.847477, 30.331623, 0.0)
(36.819687, 30.210800, 0.0)
(36.512283, 29.047375, 0.0)
(36.410347, 28.713598, 0.0)
(36.365223, 28.641891, 0.0)
(36.309502, 28.547060, 0.0)
(36.265434, 28.464001, 0.0)
(36.265133, 28.427645, 0.0)
(36.235935, 28.365686, 0.0)
(36.210320, 28.329412, 0.0)
(35.924694, 28.005844, 0.0)
(35.791645, 27.716503, 0.0)
(35.750355, 27.689810, 0.0)
(35.738941, 27.664186, 0.0)
(35.741207, 27.659685, 0.0)
(35.709126, 27.633808, 0.0)
(35.709728, 27.641628, 0.0)
(35.673927, 27.591322, 0.0)
(35.673927, 27.591322, 0.0)
(35.686295, 27.589876, 0.0)
(35.660130, 27.590950, 0.0)
(35.659962, 27.630770, 0.0)
(35.680202, 28.613787, 0.0)
(35.964836, 31.152439, 0.0)
(35.948322, 31.741991, 0.0)
(35.886402, 31.855518, 0.0)
(35.865993, 31.846485, 0.0)
(35.818905, 31.855635, 0.0)
(35.791409, 31.848316, 0.0)
(35.784451, 31.859056, 0.0)
(35.735332, 31.898527, 0.0)
(35.720409, 31.929855, 0.0)
(35.712463, 31.968508, 0.0)
(35.687656, 32.008144, 0.0)
(35.678097, 32.004936, 0.0)
(35.679783, 32.033428, 0.0)
(35.675453, 32.055370, 0.0)
(35.687389, 32.102020, 0.0)
(35.677635, 32.140827, 0.0)
(36.078396, 33.381897, 0.0)
(36.265217, 34.513664, 0.0)
(36.262115, 34.731274, 0.0)
(36.205933, 34.752552, 0.0)
(36.180779, 34.778103, 0.0)
(36.255215, 35.067860, 0.0)
(36.448158, 35.570408, 0.0)
(36.461876, 35.815975, 0.0)
(36.463089, 35.854065, 0.0)
(36.328495, 35.983791, 0.0)
(36.410484, 36.236137, 0.0)
(36.415703, 36.283989, 0.0)
(36.408970, 36.350025, 0.0)
(36.408546, 36.361240, 0.0)
(36.399731, 36.388634, 0.0)
(36.403782, 36.422619, 0.0)
(36.397305, 36.480751, 0.0)
(36.369049, 36.533775, 0.0)
(36.379093, 36.655975, 0.0)
(36.775448, 38.718319, 0.0)
(36.857162, 39.463207, 0.0)
(36.840382, 39.601036, 0.0)
(36.817951, 39.630768, 0.0)
(36.819023, 39.664009, 0.0)
(36.803818, 39.670269, 0.0)
(36.792435, 39.688171, 0.0)
(36.749649, 39.715401, 0.0)
(36.689560, 40.286213, 0.0)
(36.652096, 40.432213, 0.0)
(36.613209, 40.487556, 0.0)
(36.621433, 40.491360, 0.0)
(36.605106, 40.485458, 0.0)
(36.594273, 40.496067, 0.0)
(36.586792, 40.478786, 0.0)
(36.562027, 40.422722, 0.0)
(36.542068, 40.374416, 0.0)
(35.562618, 40.578438, 0.0)
(35.379498, 40.476448, 0.0)
(35.398308, 40.369232, 0.0)
(35.380898, 40.256817, 0.0)
(35.360752, 40.125732, 0.0)
(35.389580, 39.483700, 0.0)
(35.429977, 39.038490, 0.0)
(35.398338, 38.809658, 0.0)
(35.366001, 38.390549, 0.0)
(35.145893, 37.762760, 0.0)
(35.106529, 37.357822, 0.0)
(35.083908, 37.119530, 0.0)
(35.038910, 36.859241, 0.0)
(35.037365, 36.674137, 0.0)
(34.984318, 36.482323, 0.0)
(34.960236, 36.254879, 0.0)
(34.947277, 36.060608, 0.0)
(34.928940, 35.874146, 0.0)
(34.902920, 35.697922, 0.0)
(34.890743, 35.567596, 0.0)
(34.884125, 35.379883, 0.0)
(34.842751, 35.141369, 0.0)
(34.841640, 34.926239, 0.0)
(34.790573, 34.072899, 0.0)
(34.734650, 33.725922, 0.0)
(34.695141, 33.525963, 0.0)
(34.676598, 33.302765, 0.0)
(34.624619, 33.084629, 0.0)
(34.585495, 32.900745, 0.0)
(34.556816, 32.757156, 0.0)
(34.521694, 32.612270, 0.0)
(34.505154, 32.479465, 0.0)
(34.488777, 32.356480, 0.0)
(34.477695, 32.217815, 0.0)
(34.485363, 32.109718, 0.0)
(34.466854, 32.025700, 0.0)
(34.302631, 31.641697, 0.0)
(34.235329, 30.762674, 0.0)
(34.192333, 30.611883, 0.0)
(34.187012, 30.500151, 0.0)
(34.146664, 30.411463, 0.0)
(33.999035, 29.597435, 0.0)
(33.898228, 28.870619, 0.0)
(33.840004, 28.740162, 0.0)
(33.834686, 28.667614, 0.0)
(33.792198, 28.607628, 0.0)
(33.564121, 28.727839, 0.0)
(32.749073, 27.574936, 0.0)
(32.793240, 27.790928, 0.0)
(32.816425, 27.851652, 0.0)
(32.795662, 27.847952, 0.0)
(32.795662, 27.847952, 0.0)
(32.773258, 27.868078, 0.0)
(32.703335, 27.872133, 0.0)
(32.723118, 27.904633, 0.0)
(32.719696, 27.910505, 0.0)
(32.726139, 27.921314, 0.0)
(32.730370, 27.947563, 0.0)
(33.297783, 30.072456, 0.0)
(33.420219, 31.170370, 0.0)
(33.344677, 31.316162, 0.0)
(33.288582, 31.343590, 0.0)
(33.273895, 31.354715, 0.0)
(33.282223, 31.387753, 0.0)
(33.237358, 31.440369, 0.0)
(33.236496, 31.506281, 0.0)
(33.240364, 31.511209, 0.0)
(33.235546, 31.552261, 0.0)
(33.234169, 31.572649, 0.0)
(33.214798, 31.619581, 0.0)
(33.200314, 31.662037, 0.0)
(33.328430, 32.229530, 0.0)
(33.895065, 34.258579, 0.0)
(33.890369, 34.529320, 0.0)
(33.860668, 34.535618, 0.0)
(33.843544, 34.584614, 0.0)
(33.795509, 34.664757, 0.0)
(33.796925, 34.658005, 0.0)
(33.760197, 34.690754, 0.0)
(33.750919, 34.745174, 0.0)
(33.979736, 36.298481, 0.0)
(34.199600, 37.259632, 0.0)
(34.181606, 37.413769, 0.0)
(34.152645, 37.419655, 0.0)
(34.106857, 37.448975, 0.0)
(34.090366, 37.467205, 0.0)
(34.071365, 37.497955, 0.0)
(34.042519, 37.498306, 0.0)
(34.004642, 37.492702, 0.0)
(34.001160, 37.488338, 0.0)
(33.984837, 37.517475, 0.0)
(33.985149, 37.553394, 0.0)
(34.309013, 38.622665, 0.0)
(34.420040, 39.008549, 0.0)
(34.386784, 39.072563, 0.0)
(34.376026, 39.077286, 0.0)
(34.342968, 39.081692, 0.0)
(34.348038, 39.490513, 0.0)
(34.441692, 39.987789, 0.0)
(34.464424, 40.375164, 0.0)
(34.490398, 40.572208, 0.0)
(34.520462, 40.618809, 0.0)
(34.496738, 40.649353, 0.0)
(34.461708, 40.660767, 0.0)
(34.131470, 40.812405, 0.0)
(34.063526, 40.802040, 0.0)
(34.051109, 40.785507, 0.0)
(33.998756, 40.757870, 0.0)
(33.952118, 40.748837, 0.0)
(33.908535, 40.725731, 0.0)
(33.586205, 40.732731, 0.0)
(33.067299, 40.668297, 0.0)
(32.952686, 40.598675, 0.0)
(32.908466, 40.472946, 0.0)
(32.873989, 40.334064, 0.0)
(32.829525, 39.679287, 0.0)
(32.812077, 38.921528, 0.0)
(32.784264, 38.740829, 0.0)
(32.710842, 38.556435, 0.0)
(32.677876, 38.312820, 0.0)
(32.653378, 38.057911, 0.0)
(32.383739, 37.224815, 0.0)
(32.332039, 36.762169, 0.0)
(32.256710, 36.516434, 0.0)
(32.187664, 36.261379, 0.0)
(32.148129, 35.980850, 0.0)
(32.252232, 35.779686, 0.0)
(32.256561, 35.669178, 0.0)
(32.246902, 35.471977, 0.0)
(32.233189, 35.243698, 0.0)
(32.224335, 35.074387, 0.0)
(32.191608, 34.768955, 0.0)
(32.162109, 34.550045, 0.0)
(32.175320, 34.325619, 0.0)
(32.153107, 34.123970, 0.0)
(32.147221, 33.977047, 0.0)
(32.114605, 33.779709, 0.0)
(32.089138, 33.609467, 0.0)
(32.048588, 33.418503, 0.0)
(32.014458, 33.251141, 0.0)
(32.039936, 33.060699, 0.0)
(32.010159, 32.831402, 0.0)
(31.702477, 32.499275, 0.0)
(31.579136, 32.101936, 0.0)
(31.563807, 31.814793, 0.0)
(31.559881, 31.204639, 0.0)
(31.542540, 30.714460, 0.0)
(31.516155, 30.207611, 0.0)
(31.536039, 29.613260, 0.0)
(31.558956, 29.216896, 0.0)
(31.566608, 28.815027, 0.0)
(31.577442, 28.707602, 0.0)
(31.373062, 28.722305, 0.0)
(31.272409, 28.701836, 0.0)
(31.243198, 28.664915, 0.0)
(31.222792, 28.617393, 0.0)
(31.219620, 28.612108, 0.0)
(31.024445, 28.681372, 0.0)
(30.928595, 28.746679, 0.0)
(30.927168, 28.693457, 0.0)
(30.920729, 28.663490, 0.0)
(30.917757, 28.612146, 0.0)
(30.903854, 28.570597, 0.0)
(30.918715, 28.537777, 0.0)
(30.907686, 28.525444, 0.0)
(30.903936, 28.517216, 0.0)
(30.897974, 28.485636, 0.0)
(30.882374, 28.442633, 0.0)
(30.859531, 28.453754, 0.0)
(30.795719, 28.671312, 0.0)
(30.507252, 30.009176, 0.0)
(30.430130, 30.396120, 0.0)
(30.405403, 30.438721, 0.0)
(30.440884, 30.698601, 0.0)
(30.537996, 31.502129, 0.0)
(30.780939, 32.221603, 0.0)
(30.904951, 32.635052, 0.0)
(30.929438, 32.761753, 0.0)
(30.926414, 32.950794, 0.0)
(30.877874, 32.931732, 0.0)
(30.814674, 32.988384, 0.0)
(30.722105, 32.974331, 0.0)
(30.711449, 33.001877, 0.0)
(30.706158, 33.031048, 0.0)
(30.653315, 33.223099, 0.0)
(30.655106, 33.364101, 0.0)
(30.694578, 33.518700, 0.0)
(30.748554, 33.748718, 0.0)
(30.845892, 34.181007, 0.0)
(30.908579, 34.313354, 0.0)
(31.045889, 34.667503, 0.0)
(31.209072, 35.038597, 0.0)
(31.349264, 35.252655, 0.0)
(31.422321, 35.561657, 0.0)
(31.576187, 36.005074, 0.0)
(31.687860, 36.350639, 0.0)
(31.824278, 36.737812, 0.0)
(31.920933, 37.113113, 0.0)
(31.945427, 37.166660, 0.0)
(32.006760, 37.407673, 0.0)
(32.100639, 37.423447, 0.0)
(32.142139, 37.298260, 0.0)
(32.160706, 37.368469, 0.0)
(32.136677, 37.337173, 0.0)
(32.168785, 37.303383, 0.0)
(32.196125, 37.320759, 0.0)
(32.228924, 37.380653, 0.0)
(32.275143, 37.551384, 0.0)
(32.352757, 37.852322, 0.0)
(32.477577, 38.219448, 0.0)
(32.649601, 38.736996, 0.0)
(32.720131, 39.166542, 0.0)
(32.825119, 39.484013, 0.0)
(32.857792, 39.834343, 0.0)
(32.829502, 40.062565, 0.0)
(32.669250, 40.185936, 0.0)
(32.573021, 40.303818, 0.0)
(32.564762, 40.256981, 0.0)
(32.379169, 40.224106, 0.0)
(32.053898, 40.246441, 0.0)
(32.003334, 40.228413, 0.0)
(31.996689, 40.211185, 0.0)
(31.976480, 40.151196, 0.0)
(31.917835, 40.126247, 0.0)
(31.840885, 40.089199, 0.0)
(31.834000, 40.058384, 0.0)
(31.763670, 39.994091, 0.0)
(30.169674, 38.796104, 0.0)
(30.071482, 38.648872, 0.0)
(30.054379, 38.517445, 0.0)
(30.030340, 38.389252, 0.0)
(30.018690, 38.237343, 0.0)
(30.017014, 38.114613, 0.0)
(29.983492, 37.933491, 0.0)
(29.965727, 37.764782, 0.0)
(29.935957, 37.635864, 0.0)
(29.885262, 37.438374, 0.0)
(29.865391, 37.215065, 0.0)
(29.827637, 36.985451, 0.0)
(29.578787, 37.040081, 0.0)
(29.532770, 36.844090, 0.0)
(29.494446, 36.608944, 0.0)
(29.486643, 36.395844, 0.0)
(29.906576, 36.183506, 0.0)
(30.015688, 35.986904, 0.0)
(30.000391, 35.783989, 0.0)
(29.989868, 35.565571, 0.0)
(29.977070, 35.367966, 0.0)
(29.867496, 35.134319, 0.0)
(29.639437, 34.919594, 0.0)
(29.639458, 34.745075, 0.0)
(29.606333, 34.519867, 0.0)
(29.601768, 34.295357, 0.0)
(29.607533, 34.126400, 0.0)
(29.608433, 33.944324, 0.0)
(29.613829, 33.794411, 0.0)
(29.610754, 33.640636, 0.0)
(29.599358, 33.495178, 0.0)
(29.598063, 33.304077, 0.0)
(29.569201, 33.053699, 0.0)
(29.016256, 32.058956, 0.0)
(28.838509, 31.406910, 0.0)
(28.833599, 31.244890, 0.0)
(28.807453, 31.127110, 0.0)
(28.826864, 31.059927, 0.0)
(28.794132, 30.933134, 0.0)
(28.787983, 30.875238, 0.0)
(28.786301, 30.765547, 0.0)
(28.827375, 29.815466, 0.0)
(28.814152, 29.568085, 0.0)
(28.801586, 29.500484, 0.0)
(28.770287, 29.491096, 0.0)
(28.784687, 29.454462, 0.0)
(28.770205, 29.451496, 0.0)
(28.776297, 29.423492, 0.0)
(28.752420, 29.373865, 0.0)
(28.750191, 29.376089, 0.0)
(28.744730, 29.354952, 0.0)
(28.715208, 29.325430, 0.0)
(28.705807, 29.336994, 0.0)
(28.709791, 29.363503, 0.0)
(28.693064, 29.393078, 0.0)
(28.686874, 29.434147, 0.0)
(28.695410, 29.445871, 0.0)
(28.692381, 29.464615, 0.0)
(28.586739, 29.952579, 0.0)
(28.710295, 32.823914, 0.0)
(28.610886, 33.635647, 0.0)
(28.562746, 33.723743, 0.0)
(28.533672, 33.752430, 0.0)
(28.510015, 33.766056, 0.0)
(28.500153, 33.788502, 0.0)
(28.492775, 33.800640, 0.0)
(28.481735, 33.823315, 0.0)
(28.475195, 33.844589, 0.0)
(28.454338, 33.829357, 0.0)
(28.441870, 33.880852, 0.0)
(28.424917, 33.939411, 0.0)
(28.419985, 33.964607, 0.0)
(28.415329, 33.987465, 0.0)
(28.421650, 34.035805, 0.0)
(28.422937, 34.069435, 0.0)
(28.426359, 34.080822, 0.0)
(28.775051, 36.042793, 0.0)
(28.856298, 36.453880, 0.0)
(28.834133, 36.511211, 0.0)
(28.814741, 36.546139, 0.0)
(28.795446, 36.587364, 0.0)
(28.784931, 36.628647, 0.0)
(28.775879, 36.652149, 0.0)
(28.751270, 36.643574, 0.0)
(28.760809, 36.602493, 0.0)
(28.756414, 36.592922, 0.0)
(28.731386, 36.638000, 0.0)
(28.717554, 36.650097, 0.0)
(28.716173, 36.680588, 0.0)
(29.099440, 37.900047, 0.0)
(29.557041, 39.577278, 0.0)
(29.528378, 39.764992, 0.0)
(29.505440, 39.766445, 0.0)
(29.492655, 39.773304, 0.0)
(29.478361, 39.775368, 0.0)
(29.451670, 39.787327, 0.0)
(29.427418, 39.833569, 0.0)
(29.425333, 39.877407, 0.0)
(29.408228, 39.892849, 0.0)
(29.379337, 39.923492, 0.0)
(28.789810, 40.382462, 0.0)
(28.681110, 40.545391, 0.0)
(28.660803, 40.527637, 0.0)
(28.619101, 40.511135, 0.0)
(28.610233, 40.522850, 0.0)
(28.594074, 40.525463, 0.0)
(28.597076, 40.537556, 0.0)
(28.566647, 40.564407, 0.0)
(28.573877, 40.562374, 0.0)
(28.575085, 40.556271, 0.0)
(28.575085, 40.556271, 0.0)
(28.571453, 40.560070, 0.0)
(28.564972, 40.572273, 0.0)
(28.575085, 40.556271, 0.0)
(28.568995, 40.543667, 0.0)
(28.582272, 40.481503, 0.0)
(28.578743, 40.439964, 0.0)
(28.559322, 40.357258, 0.0)
(28.514528, 40.345425, 0.0)
(28.286207, 39.983330, 0.0)
(28.247675, 39.842972, 0.0)
(28.248369, 39.707691, 0.0)
(28.234409, 39.565228, 0.0)
(28.243900, 39.395828, 0.0)
(28.248060, 39.294170, 0.0)
(28.243813, 39.116364, 0.0)
(28.250990, 38.926350, 0.0)
(28.216682, 38.726963, 0.0)
(28.205484, 38.522278, 0.0)
(28.187653, 38.346676, 0.0)
(28.158642, 38.048115, 0.0)
(27.880381, 37.065262, 0.0)
(27.819902, 36.733219, 0.0)
(27.785784, 36.511135, 0.0)
(27.682877, 36.283981, 0.0)
(27.637625, 36.052029, 0.0)
(27.600832, 35.834385, 0.0)
(27.594633, 35.574875, 0.0)
(27.552090, 35.451878, 0.0)
(27.513166, 35.301994, 0.0)
(27.466047, 35.175846, 0.0)
(27.472193, 35.002407, 0.0)
(27.451790, 34.805046, 0.0)
(27.423323, 34.609341, 0.0)
(27.412962, 34.451191, 0.0)
(27.404116, 34.323738, 0.0)
(27.379431, 34.163303, 0.0)
(27.374067, 34.071106, 0.0)
(27.360172, 33.924576, 0.0)
(27.322506, 32.828129, 0.0)
(27.300224, 32.377323, 0.0)
(27.276348, 32.257267, 0.0)
(27.234571, 32.141300, 0.0)
(27.195925, 32.045902, 0.0)
(27.193382, 31.986000, 0.0)
(27.168783, 31.945623, 0.0)
(27.128181, 31.452991, 0.0)
(27.100351, 31.125198, 0.0)
(27.071569, 31.026169, 0.0)
(27.020578, 31.008163, 0.0)
(27.019629, 30.995640, 0.0)
(26.989283, 30.918253, 0.0)
(26.959036, 30.905685, 0.0)
(26.948515, 30.892645, 0.0)
(26.927015, 30.890955, 0.0)
(26.889858, 30.875875, 0.0)
(26.848402, 30.827709, 0.0)
(26.821323, 30.807522, 0.0)
(26.794010, 30.793707, 0.0)
(25.999834, 31.610668, 0.0)
(25.911232, 31.660904, 0.0)
(25.904186, 31.651587, 0.0)
(25.875088, 31.654785, 0.0)
(25.862682, 31.650282, 0.0)
(26.066193, 32.734104, 0.0)
(26.367126, 33.764690, 0.0)
(26.377739, 33.889088, 0.0)
(26.334267, 33.886711, 0.0)
(26.315432, 33.901905, 0.0)
(26.300776, 33.915077, 0.0)
(26.289610, 33.948895, 0.0)
(26.277523, 33.974857, 0.0)
(26.274256, 34.013039, 0.0)
(26.270063, 34.040649, 0.0)
(26.289532, 34.103249, 0.0)
(26.293488, 34.097069, 0.0)
(26.297316, 34.114227, 0.0)
(26.319387, 34.147526, 0.0)
(26.611513, 35.359158, 0.0)
(26.671526, 35.735786, 0.0)
(26.675617, 35.766418, 0.0)
(26.629356, 35.816380, 0.0)
(26.631411, 35.838299, 0.0)
(26.619068, 35.906956, 0.0)
(26.605589, 35.935162, 0.0)
(26.603777, 35.979816, 0.0)
(26.637775, 36.149174, 0.0)
(26.848948, 37.389603, 0.0)
(26.883072, 37.547836, 0.0)
(26.871586, 37.622925, 0.0)
(26.851938, 37.657936, 0.0)
(26.831430, 37.688038, 0.0)
(26.832701, 37.707253, 0.0)
(26.822119, 37.747459, 0.0)
(27.352707, 39.006878, 0.0)
(27.617510, 39.773460, 0.0)
(27.624706, 39.909004, 0.0)
(27.616016, 39.867931, 0.0)
(27.617189, 39.893631, 0.0)
(27.600645, 39.488289, 0.0)
(27.676926, 41.658211, 0.0)
(27.778505, 41.537014, 0.0)
(27.746525, 41.596565, 0.0)
(27.721315, 41.575554, 0.0)
(27.772703, 41.519470, 0.0)
(27.804325, 41.517948, 0.0)
(27.720806, 41.655510, 0.0)
(27.724741, 41.659588, 0.0)
(27.695145, 41.544697, 0.0)
(27.654583, 41.445152, 0.0)
(27.563107, 41.418060, 0.0)
(27.191158, 41.324024, 0.0)
(26.862616, 41.201641, 0.0)
(26.667675, 41.125927, 0.0)
(26.526743, 40.852806, 0.0)
(26.503420, 40.496437, 0.0)
(26.517473, 40.094849, 0.0)
(26.464664, 39.722576, 0.0)
(26.459274, 39.358116, 0.0)
(26.506313, 39.251797, 0.0)
(26.477859, 39.142582, 0.0)
(26.459782, 39.193031, 0.0)
(26.455303, 39.131969, 0.0)
(26.387672, 39.006485, 0.0)
(26.298485, 38.875816, 0.0)
(26.219294, 38.911488, 0.0)
(26.222345, 38.729660, 0.0)
(26.180050, 38.329311, 0.0)
(26.106680, 37.951313, 0.0)
(26.006100, 37.878006, 0.0)
(26.003117, 37.689442, 0.0)
(25.886988, 37.304237, 0.0)
(25.856049, 37.141117, 0.0)
(25.747885, 36.891155, 0.0)
(25.693657, 36.731762, 0.0)
(25.594339, 36.574955, 0.0)
(25.548462, 36.327503, 0.0)
(25.545095, 36.125355, 0.0)
(25.472740, 36.019855, 0.0)
(25.462141, 35.773224, 0.0)
(25.465185, 35.625957, 0.0)
(25.469868, 35.511528, 0.0)
(25.465185, 35.379807, 0.0)
(25.481737, 35.338787, 0.0)
(25.488531, 35.240810, 0.0)
(25.498535, 35.105980, 0.0)
(25.490179, 34.801128, 0.0)
(25.332655, 32.980019, 0.0)
(25.295555, 32.386719, 0.0)
(25.288843, 32.283920, 0.0)
(25.283110, 32.275234, 0.0)
(25.297459, 32.192875, 0.0)
(25.238619, 32.135620, 0.0)
(25.213421, 32.130642, 0.0)
(25.197054, 32.103340, 0.0)
(25.139748, 32.097736, 0.0)
(24.897110, 32.141815, 0.0)
(24.878613, 32.108250, 0.0)
(24.867964, 32.108158, 0.0)
(24.864277, 32.103996, 0.0)
(24.860344, 32.099525, 0.0)
(24.847784, 32.108643, 0.0)
(24.862429, 32.107693, 0.0)
(24.863827, 32.103401, 0.0)
(24.846056, 32.109657, 0.0)
(24.850838, 32.100594, 0.0)
(24.844179, 32.104519, 0.0)
(24.864277, 32.103996, 0.0)
(24.853441, 32.109905, 0.0)
(24.849852, 32.097561, 0.0)
(24.839376, 32.088764, 0.0)
(24.825245, 32.107830, 0.0)
(24.841507, 32.708244, 0.0)
(25.240099, 34.825848, 0.0)
(25.268335, 35.497375, 0.0)
(25.208469, 35.573765, 0.0)
(25.125509, 35.553890, 0.0)
(25.100208, 35.574490, 0.0)
(25.091410, 35.576637, 0.0)
(25.080614, 35.572369, 0.0)
(24.891899, 35.317875, 0.0)
(24.871538, 35.292744, 0.0)
(24.876522, 35.294567, 0.0)
(24.871578, 35.299847, 0.0)
(24.881197, 35.314137, 0.0)
(24.839699, 35.341236, 0.0)
(24.817286, 35.363224, 0.0)
(24.799410, 35.362358, 0.0)
(24.797871, 35.373219, 0.0)
(24.798016, 35.425903, 0.0)
(25.262634, 37.090256, 0.0)
(25.351561, 37.516296, 0.0)
(25.292974, 37.587292, 0.0)
(25.277952, 37.602715, 0.0)
(25.239838, 37.677383, 0.0)
(25.238184, 37.663792, 0.0)
(25.217867, 37.685760, 0.0)
(25.196985, 37.694435, 0.0)
(25.185986, 37.717609, 0.0)
(25.169491, 37.716240, 0.0)
(25.158575, 37.713215, 0.0)
(25.149862, 37.739185, 0.0)
(25.142534, 37.720486, 0.0)
(25.192900, 37.947449, 0.0)
(25.806559, 39.473427, 0.0)
(25.865530, 39.757626, 0.0)
(25.819357, 39.778786, 0.0)
(25.784971, 39.766975, 0.0)
(25.769911, 39.769096, 0.0)
(25.747410, 39.772430, 0.0)
(25.742832, 39.787266, 0.0)
(25.730902, 39.785496, 0.0)
(25.771818, 39.972103, 0.0)
(26.381453, 41.362541, 0.0)
(26.465553, 41.742092, 0.0)
(26.440815, 41.800133, 0.0)
(26.442135, 41.851437, 0.0)
(26.431499, 41.861935, 0.0)
(26.400885, 41.858200, 0.0)
(26.401463, 41.859303, 0.0)
(26.392914, 41.855133, 0.0)
(26.378538, 41.863510, 0.0)
(26.374094, 41.846153, 0.0)
(26.489403, 42.320515, 0.0)
(26.550196, 42.431614, 0.0)
(26.563751, 42.446518, 0.0)
(26.564453, 42.432411, 0.0)
(26.583378, 42.412930, 0.0)
(26.592449, 42.358215, 0.0)
(26.590366, 42.375385, 0.0)
(26.511738, 42.678688, 0.0)
(26.514500, 42.698223, 0.0)
(26.491329, 42.673847, 0.0)
(26.507246, 42.678143, 0.0)
(26.497681, 42.644382, 0.0)
(26.513020, 42.633152, 0.0)
(26.521700, 42.625153, 0.0)
(26.522234, 42.664566, 0.0)
(26.530806, 42.642815, 0.0)
(26.525497, 42.633560, 0.0)
(26.449402, 42.620686, 0.0)
(26.445030, 42.630253, 0.0)
(26.441093, 42.610626, 0.0)
(26.434830, 42.654335, 0.0)
(26.432087, 42.648746, 0.0)
(26.431732, 42.639790, 0.0)
(26.433149, 42.626583, 0.0)
(26.434378, 42.586525, 0.0)
(26.440531, 42.563274, 0.0)
(26.435215, 42.548164, 0.0)
(26.458323, 42.572330, 0.0)
(26.481638, 42.620911, 0.0)
(26.487793, 42.646152, 0.0)
(26.496166, 42.636677, 0.0)
(26.488890, 42.634300, 0.0)
(26.496683, 42.589619, 0.0)
(26.499989, 42.563877, 0.0)
(26.484499, 42.579136, 0.0)
(26.481922, 42.586433, 0.0)
(26.481922, 42.586433, 0.0)
(26.476948, 42.596947, 0.0)
(26.479694, 42.580963, 0.0)
(26.476200, 42.663128, 0.0)
(26.476500, 42.669434, 0.0)
(26.481346, 42.658741, 0.0)
(26.464607, 42.645569, 0.0)
(26.466221, 42.621681, 0.0)
(26.462088, 42.592804, 0.0)
