(36.803429, 35.474102, 0.0)
(36.820377, 34.569294, 0.0)
(36.853859, 34.390587, 0.0)
(36.915836, 34.471775, 0.0)
(36.980320, 34.420349, 0.0)
(36.983799, 34.430832, 0.0)
(36.999008, 34.458736, 0.0)
(37.039902, 34.485149, 0.0)
(37.038334, 34.503967, 0.0)
(37.098656, 34.453587, 0.0)
(37.106300, 34.456886, 0.0)
(37.306477, 34.288548, 0.0)
(37.352692, 34.321480, 0.0)
(37.416485, 34.304260, 0.0)
(37.409832, 34.241867, 0.0)
(37.418251, 34.208721, 0.0)
(37.431362, 34.254105, 0.0)
(37.433128, 34.240330, 0.0)
(37.458645, 34.223606, 0.0)
(37.470592, 34.245178, 0.0)
(37.446411, 34.254017, 0.0)
(37.457405, 34.220428, 0.0)
(37.447552, 34.202774, 0.0)
(37.451900, 34.200726, 0.0)
(37.447552, 34.202774, 0.0)
(37.443165, 34.204266, 0.0)
(37.438675, 34.238304, 0.0)
(37.457203, 34.268448, 0.0)
(37.409153, 34.264805, 0.0)
(37.364517, 34.307693, 0.0)
(37.395851, 34.259850, 0.0)
(37.207195, 34.347435, 0.0)
(37.197178, 34.328300, 0.0)
(37.205761, 34.304447, 0.0)
(37.230442, 34.332558, 0.0)
(37.222275, 34.328331, 0.0)
(37.186550, 34.329094, 0.0)
(37.193321, 34.411808, 0.0)
(37.178570, 34.405273, 0.0)
(37.187191, 34.434505, 0.0)
(37.182552, 34.433464, 0.0)
(37.198902, 34.403027, 0.0)
(37.306061, 34.379093, 0.0)
(37.304958, 34.416462, 0.0)
(37.313793, 34.405296, 0.0)
(37.333858, 34.435287, 0.0)
(37.264122, 34.439159, 0.0)
(37.307480, 34.427689, 0.0)
(37.342175, 34.476902, 0.0)
(37.342258, 34.493927, 0.0)
(37.322544, 34.465519, 0.0)
(37.352684, 34.448395, 0.0)
(37.379730, 34.489281, 0.0)
(37.366741, 34.493809, 0.0)
(37.383015, 34.468319, 0.0)
(37.400051, 34.468887, 0.0)
(37.396244, 34.468876, 0.0)
(37.393288, 34.448616, 0.0)
(37.462421, 34.384716, 0.0)
(37.408180, 34.438503, 0.0)
(37.452553, 34.393909, 0.0)
(37.439503, 34.411728, 0.0)
(37.453300, 34.384895, 0.0)
(37.374477, 34.429291, 0.0)
(37.459019, 34.387375, 0.0)
(37.352692, 34.477757, 0.0)
(37.335258, 34.465706, 0.0)
(37.337669, 34.442131, 0.0)
(37.345245, 34.468403, 0.0)
(37.329990, 34.491196, 0.0)
(37.308468, 34.494740, 0.0)
(37.315674, 34.537331, 0.0)
(37.304909, 34.568501, 0.0)
(37.296993, 34.549549, 0.0)
(37.311203, 34.547989, 0.0)
(37.309376, 34.537918, 0.0)
(37.283401, 34.527065, 0.0)
(37.293514, 34.563759, 0.0)
(37.266327, 34.561222, 0.0)
(37.280449, 34.569939, 0.0)
(37.215736, 34.575352, 0.0)
(37.228210, 34.521629, 0.0)
(37.283222, 34.574635, 0.0)
(37.263077, 34.525551, 0.0)
(37.250919, 34.541645, 0.0)
(37.274384, 34.575909, 0.0)
(37.274384, 34.575909, 0.0)
(37.268642, 34.589851, 0.0)
(37.272575, 34.563053, 0.0)
(37.270885, 34.576950, 0.0)
(37.239929, 34.590260, 0.0)
(37.250908, 34.548222, 0.0)
(37.234680, 34.520924, 0.0)
(37.251823, 34.513130, 0.0)
(37.262581, 34.518440, 0.0)
(37.255287, 34.507652, 0.0)
(37.242168, 34.517101, 0.0)
(37.283630, 34.544930, 0.0)
(37.253593, 34.538788, 0.0)
(37.201992, 34.545448, 0.0)
(37.275303, 34.566818, 0.0)
(37.281376, 34.576511, 0.0)
(37.256077, 34.523521, 0.0)
(37.280556, 34.557846, 0.0)
(37.288330, 34.580124, 0.0)
(37.291069, 34.580887, 0.0)
(37.274384, 34.575909, 0.0)
(37.270329, 34.592083, 0.0)
(37.270451, 34.599018, 0.0)
(37.283401, 34.639675, 0.0)
(37.293613, 34.592392, 0.0)
(37.309963, 34.604908, 0.0)
(37.310760, 34.567852, 0.0)
(37.338375, 34.576958, 0.0)
(37.342213, 34.515137, 0.0)
(37.341679, 34.578686, 0.0)
(37.353058, 34.569424, 0.0)
(37.335346, 34.573196, 0.0)
(37.329613, 34.534992, 0.0)
(37.376984, 34.492588, 0.0)
(37.410824, 34.493145, 0.0)
(37.418591, 34.462387, 0.0)
(37.436024, 34.412308, 0.0)
(37.457939, 34.442318, 0.0)
(37.435337, 34.481117, 0.0)
(37.414131, 34.447830, 0.0)
(37.429356, 34.474480, 0.0)
(37.432438, 34.507561, 0.0)
(37.408951, 34.472267, 0.0)
(37.434208, 34.465763, 0.0)
(37.451180, 34.480637, 0.0)
(37.433357, 34.478691, 0.0)
(37.434261, 34.461838, 0.0)
(37.443501, 34.472305, 0.0)
(37.432007, 34.480656, 0.0)
(37.444500, 34.517761, 0.0)
(37.439369, 34.518230, 0.0)
(37.374474, 34.471832, 0.0)
(37.325886, 34.490566, 0.0)
(37.385750, 34.506039, 0.0)
(37.364799, 34.445110, 0.0)
(37.345451, 34.444847, 0.0)
(37.365227, 34.515076, 0.0)
(37.344410, 34.510994, 0.0)
(37.303295, 34.511230, 0.0)
(37.341068, 34.470444, 0.0)
(37.329098, 34.545532, 0.0)
(37.411076, 34.595020, 0.0)
(37.454044, 34.605556, 0.0)
(37.449284, 34.610638, 0.0)
(37.403847, 34.613491, 0.0)
(37.413891, 34.581215, 0.0)
(37.405266, 34.594250, 0.0)
(37.382751, 34.614304, 0.0)
(37.380196, 34.614922, 0.0)
(37.405266, 34.600777, 0.0)
(37.364395, 34.613327, 0.0)
(37.364395, 34.613091, 0.0)
(37.399021, 34.616489, 0.0)
(37.398136, 34.587753, 0.0)
(37.404087, 34.568741, 0.0)
(37.394711, 34.553013, 0.0)
(37.416977, 34.591614, 0.0)
(37.383041, 34.577618, 0.0)
(37.384689, 34.560951, 0.0)
(37.355263, 34.630550, 0.0)
(37.343475, 34.689445, 0.0)
(37.342117, 34.674213, 0.0)
(37.376011, 34.599899, 0.0)
(37.318947, 34.668438, 0.0)
(37.313694, 34.641495, 0.0)
(37.354607, 34.635639, 0.0)
(37.374287, 34.602856, 0.0)
(37.378010, 34.604359, 0.0)
(37.351433, 34.599731, 0.0)
(37.388363, 34.599895, 0.0)
(37.358940, 34.593880, 0.0)
(37.347504, 34.585938, 0.0)
(37.356422, 34.603050, 0.0)
(37.373135, 34.620777, 0.0)
(37.352428, 34.605709, 0.0)
(37.360687, 34.617161, 0.0)
(37.389771, 34.646816, 0.0)
(37.372044, 34.638863, 0.0)
(37.378544, 34.662159, 0.0)
(39.302589, 35.353848, 0.0)
(41.902027, 36.893764, 0.0)
(43.638950, 38.535988, 0.0)
(44.041103, 38.987606, 0.0)
(44.305832, 39.425713, 0.0)
(44.416779, 39.962341, 0.0)
(44.423168, 40.035107, 0.0)
(44.430794, 39.965099, 0.0)
(44.736214, 40.562546, 0.0)
(44.740719, 40.623436, 0.0)
(44.738491, 40.612419, 0.0)
(44.737926, 40.551968, 0.0)
(44.738716, 40.497696, 0.0)
(44.785931, 40.555202, 0.0)
(44.786167, 40.554577, 0.0)
(44.776997, 40.488792, 0.0)
(44.537495, 40.376350, 0.0)
(44.490841, 41.097496, 0.0)
(44.630798, 40.336071, 0.0)
(44.715878, 40.300636, 0.0)
(44.682194, 40.378391, 0.0)
(44.675404, 40.385883, 0.0)
(44.670673, 40.357391, 0.0)
(44.674526, 40.395897, 0.0)
(44.629230, 40.421947, 0.0)
(44.615696, 40.463005, 0.0)
(44.645897, 40.565834, 0.0)
(44.632839, 40.660572, 0.0)
(44.589996, 40.650326, 0.0)
(44.572235, 40.630047, 0.0)
(44.582050, 40.617676, 0.0)
(44.580044, 40.633350, 0.0)
(44.551933, 40.615005, 0.0)
(44.546593, 40.621414, 0.0)
(44.542397, 40.669209, 0.0)
(44.506676, 40.699173, 0.0)
(44.545425, 40.645313, 0.0)
(44.554005, 40.690125, 0.0)
(43.629742, 38.258480, 0.0)
(42.433609, 36.675972, 0.0)
(42.366966, 36.683781, 0.0)
(42.373333, 36.664406, 0.0)
(42.387329, 36.705650, 0.0)
(42.370049, 36.683392, 0.0)
(40.903896, 36.075409, 0.0)
(36.502232, 34.558880, 0.0)
(33.062958, 35.424255, 0.0)
(31.897331, 36.030945, 0.0)
(31.727676, 36.063629, 0.0)
(31.760176, 36.079365, 0.0)
(31.739002, 36.044441, 0.0)
(31.748999, 36.039211, 0.0)
(31.586037, 37.019680, 0.0)
(31.906578, 38.856590, 0.0)
(31.817734, 38.982296, 0.0)
(31.761824, 38.914158, 0.0)
(31.750753, 38.951164, 0.0)
(31.717115, 38.989269, 0.0)
(31.680090, 38.996460, 0.0)
(31.683878, 38.978199, 0.0)
(31.682404, 38.989502, 0.0)
(31.673580, 38.980553, 0.0)
(31.663982, 39.016190, 0.0)
(31.667856, 39.023678, 0.0)
(31.663437, 39.003620, 0.0)
(31.609833, 39.016430, 0.0)
(31.614386, 39.025684, 0.0)
(31.590048, 39.090878, 0.0)
(31.573561, 39.084904, 0.0)
(31.585276, 39.121620, 0.0)
(33.001652, 38.100414, 0.0)
(33.033604, 38.077259, 0.0)
(33.028130, 38.114872, 0.0)
(33.035339, 38.101097, 0.0)
(30.832788, 39.429752, 0.0)
(29.651382, 40.542850, 0.0)
(29.538221, 40.700294, 0.0)
(29.456905, 40.705872, 0.0)
(29.418711, 40.658791, 0.0)
(29.418638, 40.622066, 0.0)
(29.322495, 40.730785, 0.0)
(29.265421, 40.927578, 0.0)
(29.251017, 40.901257, 0.0)
(29.261536, 40.890419, 0.0)
(29.268450, 40.905972, 0.0)
(29.263832, 40.901649, 0.0)
(29.236593, 40.887390, 0.0)
(29.200220, 40.889591, 0.0)
(29.206247, 40.878746, 0.0)
(29.227119, 40.890976, 0.0)
(29.231394, 40.868622, 0.0)
(29.182613, 40.819019, 0.0)
(29.217627, 40.808151, 0.0)
(29.239645, 40.828011, 0.0)
(29.188972, 40.843197, 0.0)
(29.190254, 40.804417, 0.0)
(29.221743, 40.833225, 0.0)
(29.141079, 40.865002, 0.0)
(29.134239, 40.839500, 0.0)
(29.208811, 40.845375, 0.0)
(29.163355, 40.856762, 0.0)
(29.133785, 40.831745, 0.0)
(29.220179, 40.850628, 0.0)
(29.228344, 40.865963, 0.0)
(29.192156, 40.877026, 0.0)
(29.194199, 40.873684, 0.0)
(29.097422, 40.823505, 0.0)
(29.065914, 40.857273, 0.0)
(29.095539, 40.884655, 0.0)
(29.049067, 40.877151, 0.0)
(29.070120, 40.862576, 0.0)
(29.052742, 40.867157, 0.0)
(29.090944, 40.865643, 0.0)
(29.083456, 37.245262, 0.0)
(28.810276, 34.188854, 0.0)
(28.696861, 34.078804, 0.0)
(28.645647, 34.198048, 0.0)
(28.642744, 34.238956, 0.0)
(28.312954, 32.430321, 0.0)
(28.231810, 32.288136, 0.0)
(28.213642, 32.352001, 0.0)
(28.189215, 32.387714, 0.0)
(28.193798, 32.374596, 0.0)
(28.168020, 32.348068, 0.0)
(28.154230, 32.324474, 0.0)
(28.123360, 32.326485, 0.0)
(28.089830, 32.328331, 0.0)
(28.072945, 32.288540, 0.0)
(28.075069, 32.265335, 0.0)
(28.066532, 32.226898, 0.0)
(28.008793, 32.230118, 0.0)
(28.010147, 32.198784, 0.0)
(27.970465, 32.232227, 0.0)
(27.997087, 32.220169, 0.0)
(27.997087, 32.220169, 0.0)
(27.961235, 32.227852, 0.0)
(27.992407, 32.230713, 0.0)
(27.998550, 32.227535, 0.0)
(27.998819, 32.242561, 0.0)
(28.009249, 32.262856, 0.0)
(28.003963, 32.280880, 0.0)
(28.034220, 32.304375, 0.0)
(28.068340, 32.334217, 0.0)
(28.078857, 32.304432, 0.0)
(28.089687, 32.296719, 0.0)
(28.063665, 32.329487, 0.0)
(28.087616, 32.330254, 0.0)
(29.254879, 32.292820, 0.0)
(33.110317, 32.637909, 0.0)
(33.458920, 32.642647, 0.0)
(36.033360, 33.712429, 0.0)
(36.199150, 33.822987, 0.0)
(36.793598, 34.233688, 0.0)
(37.221291, 34.788826, 0.0)
(37.233120, 34.828632, 0.0)
(37.221558, 34.796726, 0.0)
(37.223854, 34.748459, 0.0)
(37.217030, 34.751167, 0.0)
(37.234985, 34.742634, 0.0)
(37.247139, 34.747566, 0.0)
(37.249825, 34.744473, 0.0)
(37.231472, 34.744820, 0.0)
(37.237259, 34.756611, 0.0)
(37.249027, 34.760441, 0.0)
(37.215111, 34.716694, 0.0)
(37.241795, 34.744473, 0.0)
(37.239098, 34.751522, 0.0)
(37.219242, 34.684757, 0.0)
(37.172966, 34.694771, 0.0)
(37.188526, 34.735901, 0.0)
(37.179192, 34.745331, 0.0)
(37.152729, 34.784554, 0.0)
(37.191792, 34.721779, 0.0)
(37.149120, 34.795795, 0.0)
(37.141190, 34.805149, 0.0)
(37.148155, 34.780308, 0.0)
(37.140564, 34.766678, 0.0)
(37.133926, 34.783882, 0.0)
(37.156342, 34.813004, 0.0)
(37.135082, 34.855701, 0.0)
(37.084843, 34.860222, 0.0)
(37.089855, 34.882763, 0.0)
(37.055340, 34.880459, 0.0)
(37.024700, 34.887775, 0.0)
(37.042885, 34.895531, 0.0)
(35.884842, 35.314594, 0.0)
(32.609318, 37.298958, 0.0)
(30.663132, 39.200230, 0.0)
(30.161198, 39.856541, 0.0)
(30.004162, 39.931694, 0.0)
(29.947536, 39.886448, 0.0)
(29.762289, 40.139713, 0.0)
(29.245312, 41.111240, 0.0)
(29.167450, 41.165405, 0.0)
(29.151350, 41.146809, 0.0)
(29.154877, 41.144489, 0.0)
(29.112936, 41.149296, 0.0)
(30.919121, 40.848507, 0.0)
(31.395031, 40.813221, 0.0)
(31.422781, 40.782848, 0.0)
(31.371265, 40.798466, 0.0)
(31.357132, 40.814392, 0.0)
(32.813297, 40.791405, 0.0)
(34.302891, 40.747215, 0.0)
(34.465389, 40.733253, 0.0)
(34.470467, 40.719456, 0.0)
(36.036659, 40.830769, 0.0)
(36.171257, 40.848751, 0.0)
(36.190884, 40.851448, 0.0)
(36.215111, 40.860214, 0.0)
(37.345726, 40.807564, 0.0)
(38.205566, 40.671318, 0.0)
(38.247425, 40.697613, 0.0)
(38.262165, 40.654854, 0.0)
(38.331295, 40.612782, 0.0)
(38.359138, 40.603947, 0.0)
(38.595284, 40.718578, 0.0)
(40.126789, 40.656086, 0.0)
(40.241123, 40.687637, 0.0)
(40.236351, 40.743385, 0.0)
(40.251381, 40.759876, 0.0)
(40.250690, 40.764652, 0.0)
(41.152618, 40.748505, 0.0)
(41.495544, 40.803246, 0.0)
(41.533493, 40.826042, 0.0)
(41.544247, 40.826374, 0.0)
(41.557278, 40.809929, 0.0)
(41.618713, 40.751881, 0.0)
(42.788845, 40.558781, 0.0)
(42.857590, 40.593208, 0.0)
(42.830524, 40.574520, 0.0)
(42.904613, 40.552483, 0.0)
(42.907982, 40.552399, 0.0)
(42.895969, 40.528355, 0.0)
(42.972084, 40.508675, 0.0)
(44.146145, 40.502903, 0.0)
(44.181709, 40.521755, 0.0)
(44.151398, 40.577660, 0.0)
(44.161133, 40.570423, 0.0)
(44.160992, 40.570560, 0.0)
(44.146626, 40.585953, 0.0)
(44.161777, 40.570492, 0.0)
(44.491348, 40.236000, 0.0)
(44.587269, 39.717972, 0.0)
(44.547859, 39.728348, 0.0)
(44.525578, 39.707035, 0.0)
(43.700478, 39.612484, 0.0)
(43.476894, 39.901913, 0.0)
(43.476730, 39.960865, 0.0)
(43.478500, 39.950352, 0.0)
(43.484840, 39.951344, 0.0)
(42.678261, 40.073284, 0.0)
(42.470486, 40.080452, 0.0)
(42.480988, 40.079990, 0.0)
(41.479160, 39.959297, 0.0)
(41.353664, 39.971249, 0.0)
(41.318634, 39.983505, 0.0)
(40.450401, 39.920502, 0.0)
(40.256996, 39.929775, 0.0)
(40.181644, 39.907192, 0.0)
(39.297413, 40.107929, 0.0)
(39.154705, 40.126476, 0.0)
(39.117237, 40.123867, 0.0)
(39.097679, 40.170536, 0.0)
(38.177654, 40.255035, 0.0)
(37.971325, 40.259094, 0.0)
(37.945824, 40.238705, 0.0)
(37.867958, 40.256863, 0.0)
(37.815521, 40.285599, 0.0)
(36.794853, 40.391022, 0.0)
(35.814030, 40.406879, 0.0)
(35.687939, 40.425816, 0.0)
(35.677933, 40.447628, 0.0)
(35.669727, 40.452553, 0.0)
(34.253532, 40.621170, 0.0)
(33.481606, 40.631275, 0.0)
(33.387558, 40.582096, 0.0)
(33.368088, 40.584583, 0.0)
(33.348412, 40.584248, 0.0)
(33.330605, 40.593906, 0.0)
(33.294983, 40.639610, 0.0)
(31.559948, 40.757568, 0.0)
(31.306452, 40.767056, 0.0)
(31.282141, 40.774105, 0.0)
(31.281668, 40.780983, 0.0)
(31.278875, 40.747948, 0.0)
(30.605911, 40.806694, 0.0)
(29.613316, 40.659840, 0.0)
(29.514399, 40.660511, 0.0)
(29.469269, 40.681751, 0.0)
(29.515690, 40.651924, 0.0)
(29.463900, 40.703278, 0.0)
(29.394384, 40.697620, 0.0)
(29.433189, 40.672718, 0.0)
(28.940411, 40.560558, 0.0)
(28.760248, 40.586025, 0.0)
(28.761942, 40.595577, 0.0)
(28.757755, 40.604546, 0.0)
(28.780237, 40.657764, 0.0)
(28.757885, 40.635101, 0.0)
(29.451845, 40.213554, 0.0)
(29.472422, 40.184902, 0.0)
(29.522308, 40.232868, 0.0)
(31.234425, 39.945572, 0.0)
(31.382109, 39.925209, 0.0)
(31.400145, 39.925102, 0.0)
(31.422565, 39.962673, 0.0)
(31.463459, 39.998890, 0.0)
(31.524153, 39.992939, 0.0)
(31.559437, 39.997131, 0.0)
(32.802498, 40.023418, 0.0)
(33.060863, 39.991150, 0.0)
(33.157368, 39.984318, 0.0)
(33.237541, 39.999611, 0.0)
(33.291126, 40.020191, 0.0)
(34.912125, 39.888348, 0.0)
(35.287895, 39.850380, 0.0)
(35.310120, 39.867916, 0.0)
(35.377930, 39.884670, 0.0)
(35.413441, 39.877911, 0.0)
(36.890484, 39.794704, 0.0)
(37.361839, 39.785938, 0.0)
(37.468914, 39.744518, 0.0)
(37.508461, 39.687233, 0.0)
(37.496201, 39.714565, 0.0)
(39.121181, 39.743084, 0.0)
(39.289886, 39.784195, 0.0)
(39.327801, 39.793453, 0.0)
(39.367115, 39.791904, 0.0)
(39.460934, 39.744091, 0.0)
(41.014931, 39.882690, 0.0)
(41.179161, 39.912319, 0.0)
(41.202736, 39.930519, 0.0)
(41.195843, 39.930660, 0.0)
(41.216026, 39.958652, 0.0)
(41.202984, 39.959297, 0.0)
(41.215412, 39.960270, 0.0)
(41.905087, 40.046730, 0.0)
(42.122017, 40.007278, 0.0)
(42.128071, 40.065823, 0.0)
(42.172371, 40.054375, 0.0)
(42.192375, 40.037685, 0.0)
(43.077175, 40.049496, 0.0)
(43.755264, 39.962082, 0.0)
(43.837845, 39.929729, 0.0)
(43.846684, 39.963299, 0.0)
(43.794716, 40.008690, 0.0)
(43.779240, 39.997971, 0.0)
(43.787346, 40.037651, 0.0)
(43.788502, 40.045322, 0.0)
(43.781750, 39.939472, 0.0)
(43.802250, 39.924290, 0.0)
(43.828949, 39.933258, 0.0)
(43.833549, 39.931217, 0.0)
(43.867355, 39.937523, 0.0)
(44.260845, 39.280212, 0.0)
(44.267826, 39.228794, 0.0)
(43.722660, 38.985180, 0.0)
(43.680943, 38.918514, 0.0)
(43.755623, 38.911663, 0.0)
(42.505005, 39.092682, 0.0)
(42.400272, 39.089779, 0.0)
(42.420334, 39.050549, 0.0)
(42.405197, 39.022266, 0.0)
(42.351143, 39.109184, 0.0)
(42.287369, 39.110073, 0.0)
(41.423248, 39.034187, 0.0)
(41.229828, 39.105347, 0.0)
(41.166096, 39.038399, 0.0)
(41.138016, 38.998600, 0.0)
(41.035294, 38.993023, 0.0)
(39.262642, 38.861320, 0.0)
(39.117687, 38.865665, 0.0)
(39.062160, 38.879742, 0.0)
(39.006508, 38.925262, 0.0)
(38.252487, 38.881912, 0.0)
(36.129517, 38.736309, 0.0)
(35.934395, 38.798695, 0.0)
(35.925640, 38.790451, 0.0)
(35.898281, 38.741646, 0.0)
(35.887764, 38.754372, 0.0)
(33.952381, 39.027000, 0.0)
(33.285572, 39.106766, 0.0)
(33.173119, 39.124283, 0.0)
(33.163105, 39.087860, 0.0)
(33.129490, 39.076061, 0.0)
(33.108730, 39.072258, 0.0)
(32.668690, 39.252979, 0.0)
(30.736906, 39.594650, 0.0)
(30.540373, 39.692692, 0.0)
(30.510580, 39.689785, 0.0)
(30.457884, 39.703636, 0.0)
(29.902117, 39.827324, 0.0)
(29.116585, 39.934349, 0.0)
(28.972479, 39.978260, 0.0)
(28.934595, 39.969585, 0.0)
(28.948219, 39.965939, 0.0)
(28.958937, 39.941822, 0.0)
(28.923298, 39.987061, 0.0)
(28.900713, 39.973480, 0.0)
(28.879292, 39.973320, 0.0)
(28.845993, 39.958389, 0.0)
(28.890259, 39.984638, 0.0)
(28.882111, 39.987167, 0.0)
(28.863176, 39.984661, 0.0)
(28.863485, 39.986977, 0.0)
(28.878885, 39.941357, 0.0)
(28.397799, 39.717888, 0.0)
(28.359135, 39.708328, 0.0)
(28.362509, 39.705162, 0.0)
(28.374512, 39.710777, 0.0)
(28.325048, 39.578949, 0.0)
(28.506361, 38.788792, 0.0)
(28.518948, 38.745300, 0.0)
(28.597538, 38.714138, 0.0)
(28.895145, 38.653038, 0.0)
(29.502190, 38.582439, 0.0)
(29.627842, 38.585300, 0.0)
(31.572676, 38.718178, 0.0)
(31.698854, 38.720142, 0.0)
(31.779524, 38.759045, 0.0)
(31.876966, 38.802593, 0.0)
(31.950491, 38.791378, 0.0)
(32.072937, 38.751888, 0.0)
(34.053055, 38.657417, 0.0)
(34.233929, 38.652668, 0.0)
(34.309715, 38.648571, 0.0)
(34.376060, 38.667152, 0.0)
(34.450321, 38.659317, 0.0)
(34.907219, 38.679008, 0.0)
(36.223030, 38.703335, 0.0)
(36.448353, 38.702610, 0.0)
(36.505680, 38.716709, 0.0)
(36.553707, 38.690567, 0.0)
(38.093681, 38.647236, 0.0)
(38.528900, 38.688461, 0.0)
(38.635094, 38.738426, 0.0)
(39.403831, 38.798233, 0.0)
(39.503922, 38.792053, 0.0)
(39.528191, 38.839436, 0.0)
(39.507206, 38.851234, 0.0)
(39.544273, 38.812634, 0.0)
(39.986549, 38.856045, 0.0)
(41.359131, 38.852238, 0.0)
(41.443142, 38.891296, 0.0)
(41.456680, 38.936131, 0.0)
(41.472332, 38.941540, 0.0)
(41.507305, 38.950390, 0.0)
(43.233089, 39.098503, 0.0)
(43.512577, 39.112129, 0.0)
(43.500870, 39.127087, 0.0)
(43.532845, 39.050068, 0.0)
(43.527618, 39.029648, 0.0)
(43.512516, 39.060947, 0.0)
(43.457008, 39.074154, 0.0)
(43.487476, 39.052990, 0.0)
(44.206627, 39.196465, 0.0)
(44.359863, 39.264694, 0.0)
(44.361485, 39.238525, 0.0)
(44.349606, 39.202717, 0.0)
(44.338638, 39.203293, 0.0)
(44.337536, 39.180759, 0.0)
(44.302898, 39.184807, 0.0)
(44.281311, 39.182564, 0.0)
(44.259686, 39.145580, 0.0)
(44.197102, 39.171249, 0.0)
(44.225601, 39.156696, 0.0)
(44.180969, 39.180573, 0.0)
(43.709503, 38.363911, 0.0)
(43.676342, 38.163048, 0.0)
(43.700981, 38.154770, 0.0)
(43.642864, 38.125481, 0.0)
(43.656574, 38.114101, 0.0)
(42.536514, 38.209698, 0.0)
(42.433575, 38.299934, 0.0)
(42.457283, 38.310452, 0.0)
(42.421776, 38.309120, 0.0)
(42.352600, 38.329151, 0.0)
(42.319046, 38.319283, 0.0)
(41.232590, 38.205860, 0.0)
(41.078514, 38.163414, 0.0)
(41.044327, 38.165035, 0.0)
(40.477661, 38.098946, 0.0)
(40.353645, 38.116817, 0.0)
(39.998024, 38.138416, 0.0)
(38.732697, 38.052391, 0.0)
(38.555977, 38.064365, 0.0)
(38.528629, 38.042442, 0.0)
(38.430309, 37.995049, 0.0)
(37.843567, 38.043884, 0.0)
(37.405922, 38.018211, 0.0)
(37.314297, 38.040405, 0.0)
(37.276360, 38.052582, 0.0)
(35.991531, 38.117970, 0.0)
(35.740891, 38.158806, 0.0)
(35.699188, 38.177967, 0.0)
(34.125599, 38.413410, 0.0)
(33.510597, 38.438290, 0.0)
(33.472534, 38.442127, 0.0)
(33.437031, 38.440926, 0.0)
(33.328266, 38.428288, 0.0)
(32.546074, 38.602112, 0.0)
(30.844666, 38.759136, 0.0)
(30.691484, 38.780338, 0.0)
(30.651567, 38.768162, 0.0)
(30.659363, 38.756508, 0.0)
(30.134039, 38.892944, 0.0)
(28.796947, 38.871151, 0.0)
(28.682238, 38.784824, 0.0)
(28.607595, 38.793037, 0.0)
(28.618942, 38.789856, 0.0)
(28.627535, 38.833023, 0.0)
(28.583881, 38.855171, 0.0)
(28.542238, 38.810493, 0.0)
(28.577221, 38.781502, 0.0)
(28.560238, 38.805832, 0.0)
(28.554678, 38.779831, 0.0)
(28.564861, 38.747364, 0.0)
(28.566729, 38.753098, 0.0)
(28.537169, 38.785690, 0.0)
(28.542545, 38.816460, 0.0)
(28.525761, 38.836655, 0.0)
(28.534874, 38.835587, 0.0)
(28.534128, 38.842224, 0.0)
(28.484493, 38.289036, 0.0)
(28.552954, 38.123600, 0.0)
(28.668972, 38.128098, 0.0)
(28.707821, 38.107265, 0.0)
(29.647350, 37.997543, 0.0)
(29.916523, 37.945461, 0.0)
(30.425863, 37.872288, 0.0)
(31.444351, 37.684689, 0.0)
(31.616592, 37.641731, 0.0)
(31.655163, 37.662483, 0.0)
(31.771769, 37.700439, 0.0)
(31.839218, 37.658382, 0.0)
(31.891602, 37.615047, 0.0)
(32.050533, 37.539413, 0.0)
(32.967896, 37.529289, 0.0)
(33.649921, 37.436417, 0.0)
(33.803467, 37.440838, 0.0)
(33.877708, 37.470604, 0.0)
(33.923054, 37.480232, 0.0)
(34.858887, 37.466949, 0.0)
(35.780361, 37.472450, 0.0)
(35.933018, 37.488766, 0.0)
(36.000626, 37.430355, 0.0)
(36.065109, 37.395401, 0.0)
(36.469147, 37.447876, 0.0)
(38.156788, 37.356281, 0.0)
(38.255043, 37.405003, 0.0)
(38.270092, 37.429153, 0.0)
(38.315475, 37.465076, 0.0)
(38.357857, 37.453281, 0.0)
(39.657383, 37.581818, 0.0)
(39.997837, 37.637794, 0.0)
(40.078480, 37.625671, 0.0)
(40.118927, 37.592892, 0.0)
(40.186859, 37.583294, 0.0)
(40.364330, 37.658337, 0.0)
(41.436615, 37.681335, 0.0)
(41.519108, 37.632149, 0.0)
(41.571697, 37.656349, 0.0)
(41.691818, 37.718086, 0.0)
(41.944981, 37.730217, 0.0)
(43.040295, 37.777657, 0.0)
(43.169178, 37.853481, 0.0)
(43.111240, 37.927368, 0.0)
(43.113087, 37.870296, 0.0)
(43.389072, 37.968483, 0.0)
(44.101212, 38.083447, 0.0)
(44.127483, 38.066685, 0.0)
(44.133442, 38.052547, 0.0)
(44.134331, 38.004845, 0.0)
(44.115608, 38.018562, 0.0)
(44.129822, 38.015999, 0.0)
(44.091747, 38.011612, 0.0)
(44.107201, 38.015320, 0.0)
(44.083721, 37.977795, 0.0)
(44.079224, 38.053219, 0.0)
(44.179504, 37.614544, 0.0)
(44.087654, 37.382015, 0.0)
(43.197357, 36.963127, 0.0)
(43.151493, 37.005463, 0.0)
(43.127846, 37.104950, 0.0)
(43.046604, 37.025963, 0.0)
(42.999279, 37.093750, 0.0)
(42.395100, 37.145485, 0.0)
(42.319225, 37.118923, 0.0)
(42.286983, 37.136086, 0.0)
(41.592995, 37.107895, 0.0)
(41.393997, 36.990135, 0.0)
(40.323700, 36.882313, 0.0)
(40.022072, 36.824078, 0.0)
(39.941956, 36.887352, 0.0)
(39.856094, 36.884087, 0.0)
(39.787487, 36.876022, 0.0)
(39.709091, 36.903118, 0.0)
(39.610920, 36.896915, 0.0)
(38.645370, 36.795387, 0.0)
(38.145893, 36.711452, 0.0)
(37.980824, 36.706165, 0.0)
(37.871067, 36.720894, 0.0)
(37.773014, 36.744465, 0.0)
(37.663422, 36.819153, 0.0)
(36.253265, 36.922367, 0.0)
(36.010773, 36.941959, 0.0)
(35.914154, 36.982140, 0.0)
(35.878319, 36.996147, 0.0)
(35.795063, 37.009045, 0.0)
(34.401649, 37.088058, 0.0)
(33.608971, 37.099716, 0.0)
(33.535309, 37.032627, 0.0)
(33.545269, 36.899246, 0.0)
(33.538658, 36.821625, 0.0)
(32.629333, 37.063461, 0.0)
(31.641171, 37.193550, 0.0)
(31.467352, 37.243469, 0.0)
(30.422094, 37.332993, 0.0)
(30.236710, 37.320557, 0.0)
(30.262144, 37.345055, 0.0)
(30.212204, 37.372128, 0.0)
(30.093836, 37.450352, 0.0)
(28.807827, 37.708752, 0.0)
(28.621742, 37.781517, 0.0)
(28.612528, 37.765778, 0.0)
(28.610245, 37.756100, 0.0)
(28.600426, 37.729279, 0.0)
(28.599291, 37.697880, 0.0)
(28.609053, 37.694862, 0.0)
(28.615229, 37.701363, 0.0)
(28.626575, 37.709316, 0.0)
(28.586233, 37.782509, 0.0)
(28.580465, 37.720509, 0.0)
(28.592503, 37.775555, 0.0)
(28.602669, 37.706871, 0.0)
(28.431097, 37.090790, 0.0)
(28.698420, 36.865158, 0.0)
(30.016562, 36.270313, 0.0)
(30.104313, 36.233704, 0.0)
(30.139502, 36.259548, 0.0)
(30.251255, 36.265022, 0.0)
(30.339241, 36.225937, 0.0)
(30.797947, 36.539406, 0.0)
(30.932014, 36.572350, 0.0)
(30.985374, 36.603592, 0.0)
(31.076414, 36.607704, 0.0)
(31.110159, 36.620533, 0.0)
(32.680733, 36.545509, 0.0)
(32.929668, 36.595657, 0.0)
(32.960041, 36.572239, 0.0)
(33.003654, 36.612576, 0.0)
(33.062443, 36.595997, 0.0)
(34.523930, 36.501148, 0.0)
(35.230507, 36.410114, 0.0)
(35.335518, 36.345703, 0.0)
(35.365208, 36.344109, 0.0)
(35.429081, 36.403229, 0.0)
(35.444698, 36.389515, 0.0)
(36.668163, 36.281715, 0.0)
(36.847839, 36.290871, 0.0)
(36.862099, 36.349815, 0.0)
(36.907158, 36.331936, 0.0)
(37.400501, 36.342781, 0.0)
(39.047165, 36.350418, 0.0)
(39.138996, 36.368542, 0.0)
(39.143589, 36.329411, 0.0)
(39.203133, 36.365261, 0.0)
(40.903618, 36.619331, 0.0)
(41.162235, 36.678185, 0.0)
(41.214867, 36.668205, 0.0)
(41.221951, 36.693165, 0.0)
(41.246662, 36.736992, 0.0)
(41.660389, 36.890057, 0.0)
(43.296532, 37.030231, 0.0)
(43.388401, 37.010918, 0.0)
(43.396919, 36.975502, 0.0)
(43.413803, 36.989983, 0.0)
(43.430363, 37.042301, 0.0)
(43.452663, 37.026505, 0.0)
(43.426243, 37.101456, 0.0)
(43.998341, 37.209274, 0.0)
(44.213959, 37.166828, 0.0)
(44.224117, 37.158875, 0.0)
(44.237251, 37.083744, 0.0)
(44.241432, 37.058613, 0.0)
(44.352333, 36.887367, 0.0)
(44.411560, 36.823318, 0.0)
(44.451019, 36.840813, 0.0)
(44.419559, 36.873455, 0.0)
(44.336624, 36.836609, 0.0)
(44.341423, 36.785007, 0.0)
(44.345299, 36.797195, 0.0)
(44.333233, 36.693943, 0.0)
(43.510338, 36.285534, 0.0)
(43.485397, 36.329475, 0.0)
(43.443943, 36.357716, 0.0)
(43.347252, 36.349239, 0.0)
(43.321709, 36.351131, 0.0)
(42.352123, 36.169807, 0.0)
(42.215191, 36.193645, 0.0)
(42.204060, 36.126278, 0.0)
(42.147507, 36.118099, 0.0)
(42.100376, 36.133823, 0.0)
(41.208157, 36.017994, 0.0)
(40.502125, 35.958630, 0.0)
(40.379055, 35.976192, 0.0)
(40.304028, 35.975658, 0.0)
(40.168976, 36.020821, 0.0)
(40.043419, 35.954903, 0.0)
(38.195015, 35.719212, 0.0)
(38.009411, 35.652676, 0.0)
(37.961788, 35.618908, 0.0)
(37.899124, 35.636955, 0.0)
(37.806950, 35.706158, 0.0)
(37.694321, 35.680996, 0.0)
(37.632874, 35.704391, 0.0)
(37.310547, 35.731548, 0.0)
(35.534801, 35.802250, 0.0)
(35.349079, 35.867958, 0.0)
(35.279503, 35.859791, 0.0)
(35.179340, 35.814186, 0.0)
(33.934296, 35.992599, 0.0)
(32.570587, 36.319374, 0.0)
(32.383438, 36.356476, 0.0)
(32.354271, 36.368210, 0.0)
(32.224125, 36.408207, 0.0)
(31.673651, 36.528263, 0.0)
(30.996227, 36.642471, 0.0)
(30.841431, 36.628273, 0.0)
(30.792953, 36.567287, 0.0)
(30.379719, 36.747314, 0.0)
(28.684906, 37.074871, 0.0)
(28.473471, 37.123764, 0.0)
(28.479628, 37.134926, 0.0)
(28.451128, 37.206245, 0.0)
(28.441778, 37.227482, 0.0)
(28.459225, 37.173435, 0.0)
(28.491856, 37.092308, 0.0)
(28.488695, 37.097107, 0.0)
(28.499912, 37.088577, 0.0)
(28.528019, 37.125793, 0.0)
(28.539543, 37.126118, 0.0)
(28.591396, 37.152603, 0.0)
(28.585308, 37.159550, 0.0)
(28.430531, 37.113533, 0.0)
(28.146492, 36.847649, 0.0)
(28.153679, 36.832954, 0.0)
(28.201334, 36.811188, 0.0)
(28.233612, 36.734459, 0.0)
(28.263071, 36.740913, 0.0)
(29.645880, 36.030872, 0.0)
(29.803074, 35.931320, 0.0)
(29.864201, 35.924923, 0.0)
(29.975260, 35.852669, 0.0)
(30.086658, 35.803371, 0.0)
(30.204535, 35.783825, 0.0)
(30.329094, 35.775139, 0.0)
(31.543926, 35.770100, 0.0)
(31.826206, 35.731350, 0.0)
(31.940395, 35.744816, 0.0)
(32.015484, 35.811825, 0.0)
(32.050625, 35.795815, 0.0)
(32.482571, 35.785938, 0.0)
(33.968441, 35.568298, 0.0)
(34.203194, 35.553452, 0.0)
(34.199574, 35.524818, 0.0)
(34.285774, 35.519356, 0.0)
(34.492649, 35.560616, 0.0)
(36.505455, 35.334896, 0.0)
(36.705086, 35.276871, 0.0)
(36.798206, 35.253883, 0.0)
(36.782417, 35.358360, 0.0)
(36.829559, 35.312683, 0.0)
(37.914059, 35.373154, 0.0)
(38.146366, 35.383480, 0.0)
(38.183125, 35.452560, 0.0)
(38.183174, 35.472591, 0.0)
(38.213409, 35.491520, 0.0)
(39.322701, 35.558590, 0.0)
(39.751686, 35.692772, 0.0)
(39.759178, 35.703724, 0.0)
(39.791218, 35.703789, 0.0)
(40.833988, 35.915955, 0.0)
(41.628586, 35.965313, 0.0)
(41.731701, 35.982769, 0.0)
(41.716358, 36.023308, 0.0)
(41.715244, 36.043533, 0.0)
(43.280643, 36.289864, 0.0)
(43.979286, 36.543591, 0.0)
(43.976757, 36.607430, 0.0)
(44.006859, 36.562637, 0.0)
(44.018585, 36.527351, 0.0)
(44.018417, 36.514908, 0.0)
(44.022079, 36.412743, 0.0)
(43.991936, 36.412880, 0.0)
(44.004082, 36.443077, 0.0)
(44.034382, 36.442184, 0.0)
(44.035820, 36.504982, 0.0)
(44.057938, 36.480000, 0.0)
(44.070038, 36.484592, 0.0)
(44.077969, 36.478710, 0.0)
(44.136158, 36.491226, 0.0)
(44.116402, 36.386333, 0.0)
(43.527611, 36.015587, 0.0)
(43.261002, 35.655792, 0.0)
(43.235832, 35.647160, 0.0)
(43.205742, 35.618645, 0.0)
(43.206474, 35.652924, 0.0)
(43.182640, 35.653442, 0.0)
(43.139069, 35.603016, 0.0)
(42.260101, 35.278152, 0.0)
(41.648396, 35.118301, 0.0)
(41.603607, 35.060757, 0.0)
(41.590714, 35.066357, 0.0)
(41.546677, 35.056366, 0.0)
(41.464088, 35.058434, 0.0)
(41.283604, 35.037281, 0.0)
(37.548489, 34.671734, 0.0)
(37.129482, 34.692390, 0.0)
(37.072170, 34.729229, 0.0)
(37.034401, 34.655544, 0.0)
(37.052910, 34.613354, 0.0)
(36.993233, 34.663017, 0.0)
(33.494228, 34.748585, 0.0)
(32.134056, 35.050762, 0.0)
(31.999685, 35.043739, 0.0)
(31.989637, 35.042862, 0.0)
(31.941700, 35.009899, 0.0)
(31.668682, 35.104832, 0.0)
(29.468613, 35.894997, 0.0)
(29.283981, 35.974850, 0.0)
(29.224464, 35.986576, 0.0)
(29.216410, 36.036667, 0.0)
(29.222206, 36.057026, 0.0)
(29.211130, 36.033634, 0.0)
(27.915056, 36.478851, 0.0)
(27.837826, 36.504185, 0.0)
(27.824108, 36.462559, 0.0)
(27.816782, 36.345245, 0.0)
(27.825399, 36.368481, 0.0)
(27.822205, 36.412945, 0.0)
(27.804712, 36.397774, 0.0)
(27.792477, 36.385777, 0.0)
(27.832897, 36.455341, 0.0)
(27.793165, 36.464680, 0.0)
(27.794176, 36.448261, 0.0)
(27.812304, 36.439472, 0.0)
(27.824673, 36.440254, 0.0)
(27.826086, 36.445587, 0.0)
(27.797985, 36.452477, 0.0)
(27.833687, 36.438961, 0.0)
(27.847475, 36.428329, 0.0)
(27.843893, 36.445652, 0.0)
(27.845932, 36.467014, 0.0)
(27.838747, 36.473251, 0.0)
(27.875261, 36.497131, 0.0)
(27.880346, 36.425770, 0.0)
(27.872511, 36.388855, 0.0)
(27.885254, 36.352795, 0.0)
(27.886242, 36.380024, 0.0)
(28.419121, 35.820339, 0.0)
(28.441643, 35.759029, 0.0)
(28.452991, 35.796597, 0.0)
(28.476242, 35.787907, 0.0)
(28.578474, 35.750824, 0.0)
(28.960436, 35.556942, 0.0)
(29.911758, 35.393963, 0.0)
(30.094091, 35.298836, 0.0)
(30.194868, 35.310558, 0.0)
(30.325510, 35.264114, 0.0)
(31.377274, 35.048698, 0.0)
(31.712816, 34.952686, 0.0)
(31.863966, 34.872829, 0.0)
(31.953390, 34.868805, 0.0)
(32.049324, 34.849133, 0.0)
(33.434505, 34.474789, 0.0)
(33.947987, 34.333523, 0.0)
(33.955063, 34.336647, 0.0)
(34.055752, 34.377838, 0.0)
(36.140652, 34.199505, 0.0)
(36.376480, 34.200108, 0.0)
(36.454937, 34.202816, 0.0)
(37.974495, 34.247330, 0.0)
(38.164551, 34.161552, 0.0)
(38.128731, 34.161251, 0.0)
(38.124947, 34.161148, 0.0)
(38.165359, 34.171169, 0.0)
(38.148575, 34.194416, 0.0)
(40.054550, 34.466454, 0.0)
(40.237900, 34.523819, 0.0)
(40.252193, 34.536793, 0.0)
(40.243183, 34.527660, 0.0)
(41.230572, 34.716972, 0.0)
(42.807281, 35.051834, 0.0)
(42.885101, 35.157364, 0.0)
(42.808876, 35.131371, 0.0)
(42.868763, 35.166950, 0.0)
(42.838711, 35.185253, 0.0)
(43.025978, 35.297329, 0.0)
(44.141918, 35.866348, 0.0)
(44.230453, 35.935757, 0.0)
(44.244270, 35.916763, 0.0)
(44.231472, 35.951599, 0.0)
(44.238834, 35.930279, 0.0)
(44.226692, 35.933647, 0.0)
(44.222439, 35.924824, 0.0)
(44.180424, 35.926189, 0.0)
(44.208092, 35.947399, 0.0)
(44.214191, 35.919525, 0.0)
(44.245384, 35.448139, 0.0)
(44.278320, 35.196709, 0.0)
(44.243114, 35.196060, 0.0)
(44.238514, 35.206528, 0.0)
(44.229622, 35.246235, 0.0)
(44.247799, 35.227062, 0.0)
(44.181126, 35.228958, 0.0)
(44.181599, 35.254772, 0.0)
(44.199375, 35.256706, 0.0)
(42.809250, 34.542049, 0.0)
(42.292648, 34.372536, 0.0)
(42.313721, 34.319889, 0.0)
(42.296600, 34.299095, 0.0)
(42.235565, 34.288136, 0.0)
(42.174549, 34.339218, 0.0)
(39.337811, 33.655117, 0.0)
(38.550213, 33.464245, 0.0)
(38.537140, 33.469669, 0.0)
(38.600380, 33.432861, 0.0)
(38.623055, 33.400986, 0.0)
(38.631798, 33.371059, 0.0)
(37.063972, 33.353016, 0.0)
(36.144028, 33.449120, 0.0)
(36.025368, 33.414661, 0.0)
(36.036591, 33.406055, 0.0)
(36.008648, 33.393208, 0.0)
(35.970757, 33.390831, 0.0)
(33.392883, 33.576431, 0.0)
(31.110956, 34.225746, 0.0)
(30.483732, 34.391972, 0.0)
(30.431992, 34.399395, 0.0)
(30.412888, 34.371147, 0.0)
(30.413843, 34.386326, 0.0)
(30.379116, 34.354343, 0.0)
(28.599377, 34.910213, 0.0)
(28.490686, 34.917244, 0.0)
(28.472338, 34.914288, 0.0)
(28.454975, 34.886307, 0.0)
(28.482471, 34.869064, 0.0)
(28.487999, 34.891899, 0.0)
(28.465031, 34.917854, 0.0)
(28.434847, 34.895119, 0.0)
(28.435581, 34.915024, 0.0)
(30.677370, 34.342319, 0.0)
(30.983694, 34.238228, 0.0)
(30.963634, 34.219280, 0.0)
(30.863155, 34.307049, 0.0)
(30.733038, 34.328106, 0.0)
(30.672205, 34.370892, 0.0)
(30.614214, 34.410557, 0.0)
(30.560768, 34.405193, 0.0)
(30.469133, 34.471081, 0.0)
(29.283464, 34.876221, 0.0)
(29.063080, 35.055687, 0.0)
(29.020643, 35.038162, 0.0)
(28.989351, 35.039272, 0.0)
(29.001570, 35.049210, 0.0)
(28.480909, 35.308258, 0.0)
(28.039665, 35.377800, 0.0)
(28.033537, 35.358784, 0.0)
(28.011950, 35.385853, 0.0)
(28.008404, 35.389256, 0.0)
(28.017099, 35.359444, 0.0)
(28.046471, 35.341236, 0.0)
(28.044161, 35.336975, 0.0)
(28.447086, 34.878437, 0.0)
(28.862549, 34.556633, 0.0)
(28.878910, 34.565681, 0.0)
(28.959063, 34.520943, 0.0)
(29.062086, 34.490704, 0.0)
(29.138304, 34.503914, 0.0)
(30.529240, 34.137829, 0.0)
(30.731310, 34.117809, 0.0)
(30.798519, 34.046246, 0.0)
(30.858004, 34.004292, 0.0)
(30.939724, 33.975224, 0.0)
(32.406307, 33.646870, 0.0)
(32.558132, 33.619865, 0.0)
(32.629200, 33.609924, 0.0)
(32.658714, 33.636341, 0.0)
(33.452648, 33.478138, 0.0)
(34.772346, 33.222748, 0.0)
(34.951908, 33.242611, 0.0)
(34.970917, 33.195297, 0.0)
(35.025150, 33.158371, 0.0)
(35.049030, 33.147537, 0.0)
(36.497471, 33.113316, 0.0)
(36.671043, 33.110943, 0.0)
(36.671043, 33.110943, 0.0)
(36.666557, 33.128555, 0.0)
(37.001045, 33.127220, 0.0)
(38.070381, 33.147076, 0.0)
(38.201145, 33.164440, 0.0)
(38.279224, 33.191193, 0.0)
(38.309612, 33.113319, 0.0)
(40.221470, 33.283707, 0.0)
(40.567799, 33.366341, 0.0)
(40.582977, 33.379101, 0.0)
(40.571918, 33.378460, 0.0)
(40.610912, 33.374619, 0.0)
(40.880665, 33.480743, 0.0)
(42.901939, 33.988117, 0.0)
(43.104294, 33.984653, 0.0)
(43.094944, 34.026035, 0.0)
(43.094414, 34.042309, 0.0)
(43.098747, 34.047436, 0.0)
(43.105453, 34.095497, 0.0)
(43.130241, 34.062847, 0.0)
(43.143894, 34.073048, 0.0)
(43.120403, 34.075287, 0.0)
(43.774368, 34.361805, 0.0)
(43.926640, 34.452316, 0.0)
(43.929581, 34.433407, 0.0)
(43.924610, 34.418304, 0.0)
(43.919304, 34.427876, 0.0)
(44.100830, 34.355213, 0.0)
(44.059029, 34.292850, 0.0)
(44.150322, 34.273041, 0.0)
(44.140678, 34.273956, 0.0)
(44.034035, 34.288723, 0.0)
(44.037266, 34.293575, 0.0)
(44.040916, 34.267773, 0.0)
(43.769699, 34.104824, 0.0)
(42.999645, 33.644585, 0.0)
(42.904736, 33.621830, 0.0)
(42.877632, 33.611073, 0.0)
(42.847569, 33.578133, 0.0)
(42.758694, 33.581017, 0.0)
(41.797436, 33.222206, 0.0)
(41.616859, 33.255821, 0.0)
(41.613178, 33.255276, 0.0)
(40.882961, 33.177120, 0.0)
(40.763546, 33.083912, 0.0)
(40.690376, 33.073189, 0.0)
(40.638191, 33.046558, 0.0)
(40.521538, 33.076122, 0.0)
(40.441483, 33.023937, 0.0)
(39.321907, 32.858356, 0.0)
(39.218250, 32.873978, 0.0)
(38.930672, 32.842300, 0.0)
(38.213081, 32.788212, 0.0)
(38.102119, 32.798462, 0.0)
(38.063938, 32.808422, 0.0)
(37.923393, 32.800129, 0.0)
(37.396736, 32.837025, 0.0)
(36.757954, 32.821201, 0.0)
(35.901276, 32.910721, 0.0)
(35.201279, 32.946590, 0.0)
(35.065552, 32.955509, 0.0)
(34.915218, 32.914425, 0.0)
(34.853325, 32.991344, 0.0)
(34.775639, 33.016041, 0.0)
(32.448624, 33.380024, 0.0)
(31.336716, 33.639462, 0.0)
(31.169912, 33.720741, 0.0)
(31.105001, 33.705723, 0.0)
(31.115074, 33.679478, 0.0)
(31.070007, 33.692081, 0.0)
(30.977032, 33.715122, 0.0)
(29.085569, 34.276806, 0.0)
(28.681654, 34.436684, 0.0)
(28.653576, 34.446976, 0.0)
(28.645458, 34.437111, 0.0)
(28.627834, 34.440235, 0.0)
(28.616138, 34.436779, 0.0)
(28.596319, 34.489414, 0.0)
(27.669960, 34.680397, 0.0)
(27.545469, 34.690979, 0.0)
(27.578220, 34.696774, 0.0)
(27.593988, 34.699322, 0.0)
(27.624153, 34.646755, 0.0)
(27.614952, 34.606419, 0.0)
(27.620836, 34.626263, 0.0)
(27.589045, 34.663063, 0.0)
(27.605808, 34.639805, 0.0)
(27.585104, 34.634945, 0.0)
(27.794968, 34.336651, 0.0)
(27.805046, 34.292137, 0.0)
(27.872225, 34.231468, 0.0)
(28.542803, 33.852917, 0.0)
(28.613398, 33.855656, 0.0)
(28.829782, 33.735962, 0.0)
(29.941408, 33.388538, 0.0)
(30.136335, 33.369823, 0.0)
(31.013487, 33.195187, 0.0)
(31.278458, 33.174507, 0.0)
(31.348553, 33.147060, 0.0)
(31.426018, 33.140682, 0.0)
(31.483501, 33.110054, 0.0)
(31.597904, 33.056961, 0.0)
(31.706028, 33.032967, 0.0)
(31.710335, 32.973042, 0.0)
(32.713314, 32.736195, 0.0)
(32.855797, 32.719990, 0.0)
(32.929043, 32.716633, 0.0)
(32.976295, 32.687824, 0.0)
(33.019493, 32.661659, 0.0)
(34.715111, 32.409767, 0.0)
(35.408009, 32.317970, 0.0)
(35.515541, 32.292095, 0.0)
(35.595211, 32.301128, 0.0)
(35.720181, 32.307323, 0.0)
(37.353119, 32.272923, 0.0)
(37.601982, 32.299934, 0.0)
(37.601700, 32.314003, 0.0)
(37.655060, 32.248825, 0.0)
(39.185253, 32.439438, 0.0)
(39.328259, 32.482689, 0.0)
(39.319035, 32.442524, 0.0)
(39.380642, 32.424152, 0.0)
(39.968384, 32.581039, 0.0)
(40.956543, 32.808197, 0.0)
(41.044327, 32.871967, 0.0)
(41.025066, 32.859451, 0.0)
(41.048946, 32.881313, 0.0)
(42.148167, 33.238522, 0.0)
(43.415043, 33.718655, 0.0)
(43.520214, 33.743053, 0.0)
(43.501202, 33.751148, 0.0)
(43.510643, 33.754208, 0.0)
(43.475758, 33.766136, 0.0)
(43.486652, 33.783714, 0.0)
(43.483757, 33.769455, 0.0)
(43.491531, 33.767834, 0.0)
(43.482189, 33.790340, 0.0)
(43.478931, 33.794426, 0.0)
(43.506786, 33.736439, 0.0)
(43.908508, 33.817463, 0.0)
(43.985443, 33.908451, 0.0)
(43.879074, 33.859589, 0.0)
(43.873280, 33.841408, 0.0)
(43.881130, 33.853394, 0.0)
(43.807228, 33.861950, 0.0)
(43.193211, 33.434368, 0.0)
(43.170033, 33.419758, 0.0)
(41.984341, 32.823341, 0.0)
(41.844921, 32.790066, 0.0)
(41.821922, 32.792839, 0.0)
(41.773590, 32.803947, 0.0)
(41.732731, 32.827919, 0.0)
(41.639194, 32.781494, 0.0)
(39.961124, 32.312206, 0.0)
(39.853664, 32.284515, 0.0)
(39.856213, 32.256927, 0.0)
(39.782982, 32.211605, 0.0)
(39.745209, 32.154182, 0.0)
(39.676723, 32.158482, 0.0)
(39.606133, 32.173050, 0.0)
(39.530903, 32.168175, 0.0)
(39.432034, 32.173721, 0.0)
(38.740208, 32.116749, 0.0)
(38.263672, 32.040829, 0.0)
(38.157337, 32.036339, 0.0)
(38.121387, 32.023670, 0.0)
(38.030056, 31.968723, 0.0)
(36.637459, 31.869850, 0.0)
(36.505947, 31.893694, 0.0)
(36.426716, 31.867678, 0.0)
(36.319969, 31.897909, 0.0)
(36.133797, 31.889172, 0.0)
(33.565857, 32.107338, 0.0)
(33.328068, 32.153385, 0.0)
(33.314308, 32.127750, 0.0)
(33.162674, 32.101166, 0.0)
(33.099087, 32.147694, 0.0)
(33.072117, 32.173260, 0.0)
(32.954575, 32.225857, 0.0)
(32.575294, 32.329060, 0.0)
(32.087200, 32.522449, 0.0)
(31.899107, 32.601711, 0.0)
(31.060711, 32.879986, 0.0)
(30.898617, 32.896267, 0.0)
(30.855635, 32.886051, 0.0)
(30.785881, 32.883533, 0.0)
(29.058998, 33.501591, 0.0)
(28.786665, 33.591934, 0.0)
(28.761055, 33.621811, 0.0)
(28.766088, 33.626667, 0.0)
(28.763006, 33.643410, 0.0)
(27.781454, 33.918095, 0.0)
(27.709564, 33.896919, 0.0)
(27.766174, 33.864098, 0.0)
(27.747166, 33.854393, 0.0)
(27.759462, 33.749378, 0.0)
(27.788862, 33.717182, 0.0)
(27.810051, 33.770622, 0.0)
(27.785170, 33.768280, 0.0)
(27.779062, 33.773872, 0.0)
(27.937113, 33.522419, 0.0)
(28.130594, 33.215687, 0.0)
(28.141771, 33.177574, 0.0)
(28.165823, 33.149040, 0.0)
(28.203074, 33.152058, 0.0)
(28.234016, 33.154312, 0.0)
(28.313620, 33.117970, 0.0)
(28.855827, 32.946503, 0.0)
(30.289351, 32.434753, 0.0)
(30.421452, 32.404243, 0.0)
(30.447712, 32.386875, 0.0)
(30.480368, 32.426102, 0.0)
(30.552666, 32.389744, 0.0)
(31.863504, 32.034801, 0.0)
(32.288174, 31.970163, 0.0)
(32.395287, 31.913715, 0.0)
(32.383839, 31.921618, 0.0)
(32.410183, 31.880299, 0.0)
(32.671772, 31.837584, 0.0)
(34.697525, 31.625690, 0.0)
(34.818901, 31.616503, 0.0)
(34.832123, 31.610779, 0.0)
(34.856449, 31.559258, 0.0)
(36.636322, 31.472010, 0.0)
(37.100487, 31.460375, 0.0)
(37.160889, 31.417004, 0.0)
(37.196148, 31.410070, 0.0)
(37.781143, 31.480637, 0.0)
(39.866684, 31.846905, 0.0)
(40.057110, 31.916178, 0.0)
(39.963470, 31.878979, 0.0)
(39.963707, 31.895279, 0.0)
(40.208546, 31.990347, 0.0)
(41.953182, 32.650745, 0.0)
(42.107826, 32.640274, 0.0)
(42.125889, 32.626263, 0.0)
(42.146694, 32.614700, 0.0)
(42.119694, 32.639999, 0.0)
(42.178909, 32.653305, 0.0)
(42.197906, 32.677258, 0.0)
(42.268639, 32.668797, 0.0)
(42.252323, 32.685619, 0.0)
(42.121742, 32.677956, 0.0)
(42.193516, 32.698997, 0.0)
(42.211716, 32.680107, 0.0)
(42.236412, 32.691513, 0.0)
(42.589725, 32.896851, 0.0)
(43.003250, 33.090858, 0.0)
(43.087288, 33.125587, 0.0)
(43.165871, 33.086102, 0.0)
(43.138897, 33.089195, 0.0)
(43.158489, 33.069054, 0.0)
(43.182487, 33.077545, 0.0)
(43.189404, 33.019779, 0.0)
(43.176563, 32.956642, 0.0)
(43.175205, 32.948147, 0.0)
(43.156429, 32.951145, 0.0)
(43.130341, 32.885017, 0.0)
(43.134171, 32.625519, 0.0)
(43.106525, 32.636631, 0.0)
(43.003010, 32.596958, 0.0)
(42.991920, 32.547260, 0.0)
(42.808815, 32.432011, 0.0)
(41.196045, 31.718592, 0.0)
(41.137764, 31.743589, 0.0)
(41.059811, 31.706751, 0.0)
(40.982689, 31.752586, 0.0)
(40.914219, 31.736616, 0.0)
(39.256557, 31.364820, 0.0)
(38.501202, 31.186277, 0.0)
(38.399914, 31.153389, 0.0)
(38.393848, 31.113962, 0.0)
(38.381943, 31.075750, 0.0)
(38.304886, 31.058220, 0.0)
(38.258266, 31.042665, 0.0)
(38.218376, 31.055586, 0.0)
(38.151951, 31.041262, 0.0)
(38.090630, 31.031965, 0.0)
(37.972965, 31.039936, 0.0)
(37.899376, 31.026255, 0.0)
(36.643772, 31.037708, 0.0)
(36.490765, 31.065355, 0.0)
(36.393181, 31.061108, 0.0)
(36.277512, 31.062559, 0.0)
(35.256363, 31.171764, 0.0)
(34.774567, 31.220797, 0.0)
(34.658596, 31.233328, 0.0)
(32.937981, 31.412178, 0.0)
(32.649445, 31.503336, 0.0)
(32.583687, 31.538324, 0.0)
(32.510033, 31.547323, 0.0)
(32.474869, 31.532528, 0.0)
(32.073673, 31.599934, 0.0)
(29.917673, 32.266933, 0.0)
(29.716190, 32.322105, 0.0)
(29.706112, 32.333481, 0.0)
(29.685022, 32.324966, 0.0)
(28.221601, 32.919342, 0.0)
(28.060846, 32.983536, 0.0)
(28.056108, 32.963608, 0.0)
(28.057880, 32.975418, 0.0)
(28.057007, 32.938992, 0.0)
(28.116768, 32.900162, 0.0)
(28.099174, 32.908329, 0.0)
(28.108812, 32.914288, 0.0)
(28.105497, 32.955715, 0.0)
(27.654276, 33.411736, 0.0)
(27.567612, 33.468201, 0.0)
(27.533764, 33.452873, 0.0)
(27.579262, 33.461716, 0.0)
(27.564264, 33.452213, 0.0)
(27.613005, 33.394112, 0.0)
(27.619034, 33.375996, 0.0)
(27.626804, 33.405357, 0.0)
(27.592442, 33.423191, 0.0)
(27.619246, 33.408302, 0.0)
(28.335403, 32.957069, 0.0)
(28.629379, 32.694489, 0.0)
(28.651573, 32.623077, 0.0)
(28.751188, 32.593788, 0.0)
(28.810863, 32.590195, 0.0)
(30.520533, 31.843138, 0.0)
(30.732058, 31.798820, 0.0)
(30.742258, 31.788202, 0.0)
(30.796299, 31.750147, 0.0)
(30.814175, 31.735876, 0.0)
(30.808578, 31.735676, 0.0)
(32.209446, 31.235947, 0.0)
(32.347263, 31.191277, 0.0)
(32.386044, 31.130129, 0.0)
(32.424236, 31.078169, 0.0)
(32.393112, 31.073454, 0.0)
(33.473499, 30.856844, 0.0)
(33.765671, 30.805761, 0.0)
(33.783558, 30.795584, 0.0)
(33.767830, 30.794071, 0.0)
(34.141678, 30.730608, 0.0)
(35.789291, 30.628157, 0.0)
(35.922836, 30.608540, 0.0)
(35.917778, 30.615534, 0.0)
(35.928024, 30.605934, 0.0)
(35.915829, 30.607351, 0.0)
(37.175491, 30.780308, 0.0)
(37.804787, 30.824203, 0.0)
(37.880062, 30.817484, 0.0)
(37.802204, 30.805357, 0.0)
(37.857719, 30.808542, 0.0)
(38.268883, 30.902590, 0.0)
(39.837646, 31.256857, 0.0)
(39.987843, 31.226183, 0.0)
(40.021393, 31.243811, 0.0)
(39.996597, 31.239405, 0.0)
(39.991455, 31.208027, 0.0)
(40.536495, 31.441868, 0.0)
(41.704746, 31.921318, 0.0)
(41.807819, 31.959457, 0.0)
(41.828793, 31.956776, 0.0)
(41.879211, 31.943758, 0.0)
(41.887394, 31.939747, 0.0)
(42.216270, 32.091557, 0.0)
(42.999657, 32.530617, 0.0)
(43.045242, 32.537437, 0.0)
(43.037220, 32.544300, 0.0)
(43.037220, 32.544300, 0.0)
(43.067951, 32.492310, 0.0)
(43.104389, 32.530617, 0.0)
(43.172134, 32.539459, 0.0)
(43.319744, 32.601620, 0.0)
(43.360901, 32.648521, 0.0)
(43.420208, 32.757935, 0.0)
(43.357903, 32.717384, 0.0)
(43.354424, 32.705643, 0.0)
(43.353703, 32.734066, 0.0)
(43.397404, 32.727505, 0.0)
(43.622532, 33.282475, 0.0)
(43.752907, 33.737904, 0.0)
(43.753372, 33.775826, 0.0)
(43.738762, 33.738506, 0.0)
(43.781361, 33.810886, 0.0)
(43.938702, 34.120930, 0.0)
(44.101299, 35.300636, 0.0)
(44.048756, 35.367226, 0.0)
(44.068863, 35.335117, 0.0)
(44.120422, 35.357132, 0.0)
(44.052433, 35.338547, 0.0)
(44.280514, 36.064144, 0.0)
(44.299088, 36.638546, 0.0)
(44.292080, 36.654968, 0.0)
(44.242714, 36.615715, 0.0)
(44.245884, 36.604797, 0.0)
(44.225266, 36.588123, 0.0)
(44.163311, 36.579758, 0.0)
(44.163311, 36.579758, 0.0)
(44.200809, 36.565151, 0.0)
(44.326664, 37.974594, 0.0)
(44.268360, 38.496239, 0.0)
(44.241764, 38.499443, 0.0)
(44.263447, 38.496990, 0.0)
(44.185188, 39.195400, 0.0)
(44.149517, 39.779633, 0.0)
(44.084492, 39.843227, 0.0)
(44.055912, 39.871330, 0.0)
(44.084778, 39.831089, 0.0)
(44.073341, 39.743263, 0.0)
(44.066349, 39.745274, 0.0)
(44.056641, 39.724384, 0.0)
(44.024742, 39.741432, 0.0)
(44.024742, 39.741432, 0.0)
(44.031567, 39.754917, 0.0)
(44.020306, 39.772575, 0.0)
(44.015499, 39.965561, 0.0)
(43.920059, 41.562641, 0.0)
(43.870522, 41.658463, 0.0)
(43.870522, 41.658463, 0.0)
(43.801460, 41.678024, 0.0)
(43.834740, 41.670616, 0.0)
(43.823215, 41.711609, 0.0)
(43.870586, 41.719738, 0.0)
(43.880386, 41.701481, 0.0)
(43.823864, 41.706375, 0.0)
(43.873737, 41.694195, 0.0)
(43.904892, 41.632481, 0.0)
(43.905895, 41.624817, 0.0)
(43.900314, 41.586884, 0.0)
(43.909958, 41.594498, 0.0)
(43.906437, 41.629459, 0.0)
(43.559795, 41.603825, 0.0)
(43.396751, 41.545856, 0.0)
(43.362267, 41.542427, 0.0)
(43.353783, 41.499382, 0.0)
(43.385139, 41.450516, 0.0)
(43.370419, 41.450012, 0.0)
(43.375221, 41.432793, 0.0)
(43.693100, 40.432098, 0.0)
(43.735390, 40.329086, 0.0)
(43.731270, 40.345451, 0.0)
(43.768330, 40.373634, 0.0)
(43.749973, 39.478138, 0.0)
(43.857262, 38.966335, 0.0)
(43.920555, 38.930431, 0.0)
(43.846462, 38.887699, 0.0)
(43.879452, 38.807751, 0.0)
(43.945396, 38.086216, 0.0)
(43.984634, 37.088749, 0.0)
(43.909477, 36.959545, 0.0)
(43.931690, 36.939339, 0.0)
(43.935345, 36.924217, 0.0)
(43.916355, 36.916061, 0.0)
(43.911129, 36.880932, 0.0)
(43.936901, 35.865749, 0.0)
(43.900482, 35.562824, 0.0)
(43.862881, 35.507862, 0.0)
(43.826759, 35.551544, 0.0)
(43.827690, 35.522343, 0.0)
(43.832005, 35.519775, 0.0)
(43.873192, 35.511131, 0.0)
(43.702469, 34.931000, 0.0)
(43.559338, 34.515678, 0.0)
(43.543827, 34.467331, 0.0)
(43.557957, 34.446243, 0.0)
(43.584026, 34.454056, 0.0)
(43.550735, 34.099503, 0.0)
(43.319572, 33.309158, 0.0)
(43.265881, 33.075569, 0.0)
(43.261063, 33.068108, 0.0)
(43.258213, 33.091766, 0.0)
(43.222851, 33.140270, 0.0)
(43.238800, 33.171635, 0.0)
(43.242878, 33.155430, 0.0)
(43.262001, 33.142273, 0.0)
(43.274269, 33.136784, 0.0)
(43.222897, 32.992119, 0.0)
(43.240330, 32.648178, 0.0)
(43.252697, 32.614235, 0.0)
(43.245430, 32.648670, 0.0)
(43.259388, 32.637833, 0.0)
(43.264221, 32.651810, 0.0)
(43.250393, 32.662544, 0.0)
(43.283237, 32.641537, 0.0)
(43.313389, 32.617313, 0.0)
(43.294186, 32.598896, 0.0)
(43.292400, 32.568516, 0.0)
(43.318741, 32.587570, 0.0)
(43.223980, 32.596222, 0.0)
(42.665985, 32.397789, 0.0)
(42.660553, 32.403477, 0.0)
(42.645237, 32.489017, 0.0)
(42.689541, 32.438709, 0.0)
(43.026150, 33.217682, 0.0)
(43.195423, 34.011501, 0.0)
(43.221886, 34.058796, 0.0)
(43.229153, 34.078094, 0.0)
(43.224136, 34.072495, 0.0)
(43.651344, 35.106548, 0.0)
(43.654530, 35.794125, 0.0)
(43.657791, 35.805256, 0.0)
(43.629536, 35.802120, 0.0)
(43.651760, 35.798702, 0.0)
(43.645073, 35.807770, 0.0)
(43.615139, 35.794186, 0.0)
(43.599522, 35.763710, 0.0)
(43.520344, 36.078430, 0.0)
(43.584553, 36.689018, 0.0)
(43.550369, 36.705002, 0.0)
(43.578922, 36.720642, 0.0)
(43.568325, 36.903957, 0.0)
(43.524849, 37.193962, 0.0)
(43.552086, 37.515255, 0.0)
(43.641994, 38.386261, 0.0)
(43.618469, 38.499702, 0.0)
(43.594418, 38.500225, 0.0)
(43.581497, 38.512936, 0.0)
(43.771042, 39.231117, 0.0)
(43.725651, 39.528721, 0.0)
(43.648659, 39.524101, 0.0)
(43.628841, 39.508232, 0.0)
(43.658123, 39.536472, 0.0)
(43.634884, 39.529060, 0.0)
(43.619221, 39.471806, 0.0)
(43.617775, 39.483078, 0.0)
(43.605148, 39.518257, 0.0)
(43.588223, 39.505322, 0.0)
(43.568047, 39.529835, 0.0)
(43.572739, 39.619392, 0.0)
(43.654716, 40.780682, 0.0)
(43.630890, 40.929710, 0.0)
(43.669510, 40.892876, 0.0)
(43.659584, 40.871567, 0.0)
(43.595470, 40.894089, 0.0)
(43.563316, 40.915852, 0.0)
(43.552692, 40.909580, 0.0)
(43.541901, 40.929695, 0.0)
(43.525738, 40.957481, 0.0)
(43.508434, 40.922241, 0.0)
(43.514183, 40.896160, 0.0)
(43.500282, 40.903275, 0.0)
(43.497917, 40.879425, 0.0)
(43.517368, 40.842712, 0.0)
(43.533764, 40.805424, 0.0)
(43.520451, 40.803288, 0.0)
(43.520504, 40.782600, 0.0)
(43.501518, 40.762981, 0.0)
(43.495846, 40.788448, 0.0)
(43.495544, 40.781219, 0.0)
(43.495846, 40.788448, 0.0)
(43.480820, 40.819115, 0.0)
(43.501038, 40.777451, 0.0)
(43.504498, 40.773861, 0.0)
(43.501038, 40.777451, 0.0)
(43.506107, 40.789356, 0.0)
(43.499210, 40.801033, 0.0)
(43.482540, 40.795231, 0.0)
(43.489849, 40.754887, 0.0)
(42.915192, 38.495518, 0.0)
(42.876556, 38.389370, 0.0)
(42.926483, 38.443665, 0.0)
(42.932343, 38.448544, 0.0)
(42.967285, 38.316673, 0.0)
(43.021927, 36.182011, 0.0)
(42.996166, 35.897434, 0.0)
(43.001057, 35.938461, 0.0)
(42.976463, 35.975616, 0.0)
(42.969326, 35.932247, 0.0)
(43.005779, 35.785889, 0.0)
(42.884304, 34.251247, 0.0)
(42.788078, 33.978584, 0.0)
(42.873817, 33.970413, 0.0)
(42.889030, 33.963139, 0.0)
(42.894516, 33.928623, 0.0)
(42.661888, 33.314728, 0.0)
(42.614830, 32.979473, 0.0)
(42.654827, 32.989868, 0.0)
(42.659576, 33.010284, 0.0)
(42.647335, 33.063118, 0.0)
(42.586300, 32.987862, 0.0)
(42.630943, 32.604073, 0.0)
(42.648102, 32.453548, 0.0)
(42.646793, 32.427208, 0.0)
(42.646854, 32.411846, 0.0)
(42.656391, 32.449913, 0.0)
(42.640594, 32.481758, 0.0)
(42.625034, 32.493008, 0.0)
(42.630058, 32.499302, 0.0)
(42.636623, 32.563435, 0.0)
(42.625217, 32.570221, 0.0)
(42.620987, 32.554020, 0.0)
(42.620987, 32.554020, 0.0)
(42.625217, 32.570221, 0.0)
(42.578537, 32.571907, 0.0)
(42.557163, 32.562542, 0.0)
(42.539436, 32.592594, 0.0)
(42.511227, 32.605667, 0.0)
(42.497353, 32.579567, 0.0)
(42.498569, 32.592064, 0.0)
(42.472248, 32.604836, 0.0)
(41.848309, 32.436985, 0.0)
(41.760185, 32.378326, 0.0)
(41.779106, 32.380039, 0.0)
(41.758007, 32.390285, 0.0)
(41.738773, 32.383099, 0.0)
(41.764572, 32.480228, 0.0)
(41.642548, 33.109146, 0.0)
(41.778858, 33.816044, 0.0)
(41.893177, 34.786926, 0.0)
(41.913746, 34.931469, 0.0)
(41.935028, 34.905766, 0.0)
(41.920998, 34.911335, 0.0)
(41.889736, 34.864143, 0.0)
(41.926098, 34.319084, 0.0)
(41.927475, 34.258987, 0.0)
(41.963387, 34.282063, 0.0)
(41.905392, 34.268410, 0.0)
(41.918972, 34.264950, 0.0)
(41.915134, 34.238640, 0.0)
(42.150673, 34.966648, 0.0)
(42.328648, 35.741188, 0.0)
(42.367519, 35.794823, 0.0)
(42.318649, 35.742245, 0.0)
(42.339535, 35.764053, 0.0)
(42.386642, 35.804558, 0.0)
(42.434052, 37.109371, 0.0)
(42.385876, 37.254608, 0.0)
(42.427227, 37.217247, 0.0)
(42.402760, 37.253674, 0.0)
(42.388737, 37.205318, 0.0)
(42.432449, 37.222553, 0.0)
(42.443970, 37.202698, 0.0)
(42.450058, 37.204166, 0.0)
(42.599003, 38.132000, 0.0)
(42.592236, 38.292797, 0.0)
(42.599545, 38.290424, 0.0)
(42.594364, 38.326412, 0.0)
(42.613247, 38.314693, 0.0)
(42.596424, 38.277443, 0.0)
(42.581276, 38.522560, 0.0)
(42.595493, 39.168850, 0.0)
(42.594040, 39.183765, 0.0)
(42.605766, 39.161617, 0.0)
(42.601627, 39.162975, 0.0)
(42.594490, 39.713787, 0.0)
(42.440750, 40.691452, 0.0)
(42.395866, 40.834034, 0.0)
(42.398441, 40.848560, 0.0)
(42.368980, 40.859718, 0.0)
(42.362137, 40.843372, 0.0)
(42.348682, 40.850857, 0.0)
(42.323700, 40.874725, 0.0)
(42.288242, 40.855026, 0.0)
(42.276634, 40.914436, 0.0)
(42.270527, 40.921059, 0.0)
(42.245556, 40.936821, 0.0)
(42.239876, 40.892410, 0.0)
(42.218472, 40.918987, 0.0)
(41.638916, 40.995804, 0.0)
(41.584702, 41.037418, 0.0)
(41.571259, 40.994209, 0.0)
(41.574646, 40.978245, 0.0)
(41.582497, 41.010223, 0.0)
(41.590137, 39.919697, 0.0)
(41.627457, 39.307533, 0.0)
(41.630573, 39.237007, 0.0)
(41.596210, 39.207520, 0.0)
(41.570816, 39.151665, 0.0)
(41.762177, 38.420105, 0.0)
(41.793156, 37.870174, 0.0)
(41.768353, 37.761482, 0.0)
(41.763733, 37.727989, 0.0)
(41.760052, 37.670277, 0.0)
(41.765377, 37.656666, 0.0)
(41.777878, 37.616783, 0.0)
(41.747303, 37.592773, 0.0)
(41.756260, 37.577599, 0.0)
(41.752808, 37.504230, 0.0)
(41.675903, 36.824932, 0.0)
(41.680840, 36.663822, 0.0)
(41.688644, 36.631916, 0.0)
(41.703609, 36.643280, 0.0)
(41.714024, 35.793427, 0.0)
(41.526875, 34.583466, 0.0)
(41.525787, 34.520851, 0.0)
(41.515076, 34.558544, 0.0)
(41.511765, 34.536167, 0.0)
(41.513065, 34.531078, 0.0)
(41.530613, 34.437046, 0.0)
(41.428055, 33.610588, 0.0)
(41.394455, 33.496010, 0.0)
(41.417263, 33.535755, 0.0)
(41.450710, 33.527363, 0.0)
(41.239723, 32.787556, 0.0)
(41.087299, 31.882885, 0.0)
(41.046379, 31.745975, 0.0)
(41.072914, 31.801325, 0.0)
(41.096920, 31.844007, 0.0)
(41.086224, 31.787647, 0.0)
(41.095055, 31.755316, 0.0)
(41.145420, 31.770256, 0.0)
(41.102467, 31.531347, 0.0)
(41.036846, 31.402405, 0.0)
(41.087399, 31.425886, 0.0)
(41.030300, 31.446699, 0.0)
(41.020939, 31.467258, 0.0)
(41.102005, 31.401051, 0.0)
(41.112690, 31.368279, 0.0)
(41.112690, 31.368279, 0.0)
(41.104687, 31.396851, 0.0)
(41.069870, 31.427500, 0.0)
(40.996933, 31.410055, 0.0)
(40.979931, 31.446154, 0.0)
(40.181789, 31.337078, 0.0)
(40.082943, 31.333822, 0.0)
(40.134438, 31.285646, 0.0)
(40.133862, 31.213604, 0.0)
(40.119411, 31.215906, 0.0)
(40.408852, 31.883533, 0.0)
(40.698055, 33.374115, 0.0)
(40.734604, 34.745907, 0.0)
(40.784222, 35.041153, 0.0)
(40.732517, 35.060154, 0.0)
(40.727348, 35.054775, 0.0)
(40.740704, 35.030090, 0.0)
(40.755436, 35.019848, 0.0)
(40.730801, 34.721275, 0.0)
(40.729404, 34.584614, 0.0)
(40.737892, 34.575596, 0.0)
(40.722912, 34.609772, 0.0)
(40.739883, 34.609985, 0.0)
(40.676300, 34.706043, 0.0)
(40.686543, 34.683800, 0.0)
(40.702976, 34.657444, 0.0)
(40.948135, 35.477554, 0.0)
(40.994598, 36.025105, 0.0)
(40.957214, 36.056705, 0.0)
(40.982178, 36.041687, 0.0)
(40.910835, 36.088825, 0.0)
(40.915607, 36.107174, 0.0)
(41.031399, 36.653069, 0.0)
(40.988781, 37.117836, 0.0)
(40.970898, 37.116825, 0.0)
(40.990608, 37.107952, 0.0)
(40.987442, 37.071999, 0.0)
(41.010254, 37.679405, 0.0)
(41.078968, 38.298641, 0.0)
(41.043804, 38.342484, 0.0)
(41.026081, 38.339432, 0.0)
(41.013603, 38.374268, 0.0)
(40.986397, 38.750259, 0.0)
(41.016136, 40.125824, 0.0)
(41.005501, 40.307117, 0.0)
(40.993828, 40.257008, 0.0)
(40.997959, 40.243893, 0.0)
(41.006538, 40.243908, 0.0)
(41.014259, 40.288509, 0.0)
(41.054005, 41.050549, 0.0)
(41.094517, 41.120850, 0.0)
(41.094570, 41.145142, 0.0)
(41.102886, 41.153355, 0.0)
(41.111824, 41.140404, 0.0)
(41.129730, 41.065472, 0.0)
(41.129730, 41.065472, 0.0)
(41.145206, 41.052601, 0.0)
(41.146381, 41.040878, 0.0)
(41.143955, 41.005848, 0.0)
(41.141773, 41.042465, 0.0)
(41.036827, 41.043446, 0.0)
(40.799965, 41.033653, 0.0)
(40.805267, 41.002308, 0.0)
(40.808884, 41.004417, 0.0)
(40.054474, 40.942474, 0.0)
(39.973171, 40.859325, 0.0)
(39.994801, 40.822418, 0.0)
(40.027145, 40.845200, 0.0)
(40.327599, 39.419090, 0.0)
(40.338161, 39.296146, 0.0)
(40.362350, 39.257130, 0.0)
(40.334450, 39.279331, 0.0)
(40.310272, 39.180397, 0.0)
(40.487011, 37.946381, 0.0)
(40.431435, 37.524239, 0.0)
(40.403175, 37.433075, 0.0)
(40.391953, 37.432941, 0.0)
(40.340080, 37.445511, 0.0)
(40.358154, 37.460030, 0.0)
(40.385868, 37.445282, 0.0)
(40.333614, 37.425282, 0.0)
(40.197598, 36.342155, 0.0)
(40.173634, 36.088238, 0.0)
(40.159954, 36.037102, 0.0)
(40.164169, 36.053761, 0.0)
(40.173477, 36.110348, 0.0)
(40.156204, 34.968384, 0.0)
(40.036701, 33.824177, 0.0)
(40.093056, 33.832478, 0.0)
(40.056309, 33.754414, 0.0)
(40.072891, 33.758541, 0.0)
(40.068039, 33.793629, 0.0)
(40.090473, 33.814583, 0.0)
(40.050961, 33.804401, 0.0)
(40.081974, 33.826572, 0.0)
(40.043861, 33.471733, 0.0)
(40.004646, 33.194847, 0.0)
(39.956902, 33.124420, 0.0)
(40.047440, 33.127728, 0.0)
(39.964447, 33.108311, 0.0)
(39.952328, 33.133705, 0.0)
(39.564842, 32.306114, 0.0)
(39.393898, 31.303003, 0.0)
(39.402897, 31.176565, 0.0)
(39.382168, 31.182850, 0.0)
(39.398331, 31.216410, 0.0)
(39.364002, 31.231537, 0.0)
(39.346806, 31.197086, 0.0)
(39.347923, 31.229040, 0.0)
(39.341137, 31.242340, 0.0)
(39.326103, 31.275368, 0.0)
(39.341137, 31.242340, 0.0)
(39.341137, 31.242340, 0.0)
(38.948944, 31.041632, 0.0)
(38.644474, 30.799629, 0.0)
(38.704113, 30.832216, 0.0)
(38.705875, 30.878313, 0.0)
(38.727386, 30.913651, 0.0)
(38.749622, 30.880173, 0.0)
(38.704819, 30.885187, 0.0)
(38.458008, 31.191946, 0.0)
(38.505592, 31.347507, 0.0)
(38.516068, 31.354462, 0.0)
(38.536835, 31.323225, 0.0)
(38.525902, 31.362555, 0.0)
(38.776974, 31.952106, 0.0)
(38.882980, 32.632889, 0.0)
(38.895069, 32.640636, 0.0)
(38.902260, 32.660309, 0.0)
(38.879425, 32.672329, 0.0)
(38.939915, 32.621075, 0.0)
(39.164192, 33.314178, 0.0)
(39.157181, 33.945534, 0.0)
(39.143391, 33.965897, 0.0)
(39.156445, 33.927971, 0.0)
(39.149883, 33.962250, 0.0)
(39.159924, 33.989742, 0.0)
(39.624393, 35.445255, 0.0)
(39.515793, 35.865330, 0.0)
(39.500443, 35.885010, 0.0)
(39.493519, 35.924561, 0.0)
(39.458405, 35.820889, 0.0)
(39.429062, 35.875267, 0.0)
(39.416992, 37.236595, 0.0)
(39.333855, 37.755508, 0.0)
(39.275429, 37.792194, 0.0)
(39.272171, 37.769180, 0.0)
(39.261997, 37.824841, 0.0)
(39.233959, 37.843861, 0.0)
(39.230717, 37.816467, 0.0)
(39.229385, 37.832134, 0.0)
(39.192741, 37.850296, 0.0)
(39.160942, 37.867496, 0.0)
(39.652653, 38.726219, 0.0)
(39.620369, 39.517017, 0.0)
(39.569439, 39.580601, 0.0)
(39.567719, 39.591560, 0.0)
(39.468849, 39.602104, 0.0)
(39.485558, 39.611835, 0.0)
(39.493080, 39.614647, 0.0)
(39.353333, 40.375252, 0.0)
(39.306358, 40.472672, 0.0)
(39.298630, 40.463932, 0.0)
(39.273769, 40.501614, 0.0)
(39.262703, 40.505550, 0.0)
(39.276058, 40.505981, 0.0)
(39.249142, 40.504475, 0.0)
(39.242229, 40.503906, 0.0)
(39.261734, 40.494888, 0.0)
(39.294529, 40.482319, 0.0)
(39.275780, 40.480083, 0.0)
(39.269466, 40.487598, 0.0)
(39.261810, 40.483456, 0.0)
(38.701324, 40.166672, 0.0)
(38.538837, 40.070774, 0.0)
(38.549057, 40.090755, 0.0)
(38.522243, 40.055943, 0.0)
(38.504124, 40.057869, 0.0)
(38.521080, 40.031982, 0.0)
(38.528873, 40.009815, 0.0)
(38.466179, 39.606415, 0.0)
(38.193691, 38.025017, 0.0)
(38.155071, 37.923363, 0.0)
(38.117451, 37.944988, 0.0)
(38.123749, 37.920803, 0.0)
(38.134876, 37.989742, 0.0)
(38.132565, 37.963749, 0.0)
(38.138458, 37.917351, 0.0)
(38.184155, 37.890667, 0.0)
(38.208076, 37.869007, 0.0)
(38.234024, 37.815334, 0.0)
(38.421745, 36.952583, 0.0)
(38.457256, 36.578949, 0.0)
(38.455128, 36.572063, 0.0)
(38.435223, 36.572533, 0.0)
(38.455128, 36.472469, 0.0)
(38.386890, 36.065838, 0.0)
(38.405285, 35.181385, 0.0)
(38.420643, 35.149593, 0.0)
(38.438236, 35.034103, 0.0)
(38.414101, 34.931015, 0.0)
(38.429157, 34.926311, 0.0)
(38.253754, 33.932484, 0.0)
(38.149860, 33.479198, 0.0)
(38.152794, 33.395023, 0.0)
(38.124638, 33.441162, 0.0)
(38.110069, 33.404774, 0.0)
(38.091118, 33.398060, 0.0)
(38.116039, 33.350220, 0.0)
(38.110706, 33.410954, 0.0)
(38.097630, 33.382481, 0.0)
(38.016773, 33.001060, 0.0)
(38.009018, 32.926849, 0.0)
(38.001461, 32.959843, 0.0)
(37.989693, 32.908260, 0.0)
(37.719589, 31.491135, 0.0)
(37.585419, 30.922340, 0.0)
(37.560638, 30.907030, 0.0)
(37.537708, 30.890846, 0.0)
(37.556747, 30.926579, 0.0)
(37.557434, 30.985920, 0.0)
(37.051609, 30.535069, 0.0)
(36.895126, 30.385557, 0.0)
(36.881729, 30.434763, 0.0)
(36.858101, 30.444181, 0.0)
(36.888657, 30.441647, 0.0)
(36.854897, 30.449041, 0.0)
(36.837158, 30.462011, 0.0)
(36.825417, 30.473087, 0.0)
(36.806404, 30.531282, 0.0)
(36.798038, 30.552914, 0.0)
(36.771519, 30.529812, 0.0)
(36.759430, 30.535355, 0.0)
(36.589813, 31.383453, 0.0)
(36.462902, 31.799265, 0.0)
(36.426891, 31.779728, 0.0)
(36.421497, 31.748461, 0.0)
(36.440109, 31.737257, 0.0)
(36.452774, 31.734871, 0.0)
(36.974689, 32.578609, 0.0)
(36.977501, 32.799053, 0.0)
(36.981308, 32.787693, 0.0)
(36.989742, 32.796677, 0.0)
(36.949162, 32.930515, 0.0)
(36.939678, 32.952606, 0.0)
(36.935165, 32.952999, 0.0)
(36.885220, 33.539780, 0.0)
(36.907768, 33.823795, 0.0)
(36.846310, 33.895687, 0.0)
(36.850605, 33.897293, 0.0)
(36.833023, 33.894691, 0.0)
(36.819141, 33.906487, 0.0)
(37.076649, 34.855122, 0.0)
(37.071682, 35.523911, 0.0)
(37.047634, 35.540051, 0.0)
(37.053135, 35.550396, 0.0)
(37.083752, 35.579704, 0.0)
(37.167873, 35.832169, 0.0)
(37.210953, 37.366070, 0.0)
(37.047676, 37.607780, 0.0)
(36.974846, 37.618027, 0.0)
(36.965855, 37.621384, 0.0)
(36.994518, 37.649952, 0.0)
(36.985016, 37.666279, 0.0)
(36.996284, 37.675671, 0.0)
(37.028507, 37.668056, 0.0)
(37.041603, 37.652042, 0.0)
(37.073093, 37.629040, 0.0)
(37.364704, 38.058479, 0.0)
(37.575748, 39.369232, 0.0)
(37.563541, 39.497581, 0.0)
(37.543091, 39.519581, 0.0)
(37.533417, 39.502209, 0.0)
(37.524040, 39.503044, 0.0)
(37.543774, 39.478325, 0.0)
(37.707310, 40.106964, 0.0)
(37.703968, 40.155228, 0.0)
(37.712921, 40.158489, 0.0)
(37.718777, 40.219189, 0.0)
(37.662003, 40.285145, 0.0)
(37.643517, 40.254066, 0.0)
(37.625328, 40.312195, 0.0)
(37.634754, 40.305119, 0.0)
(37.200924, 40.111904, 0.0)
(36.716644, 39.705868, 0.0)
(36.688416, 39.656982, 0.0)
(36.668926, 39.722881, 0.0)
(36.637608, 39.755272, 0.0)
(36.635704, 39.773964, 0.0)
(36.234600, 39.729168, 0.0)
(36.098808, 39.660789, 0.0)
(36.073814, 39.657566, 0.0)
(36.060680, 39.676064, 0.0)
(36.138462, 39.236984, 0.0)
(36.215942, 38.279816, 0.0)
(36.182007, 38.178463, 0.0)
(36.171730, 38.181091, 0.0)
(36.122932, 38.216503, 0.0)
(36.128899, 38.190361, 0.0)
(36.135071, 38.170013, 0.0)
(36.139648, 38.226780, 0.0)
(36.119530, 38.168568, 0.0)
(36.266865, 36.848034, 0.0)
(36.270607, 36.614483, 0.0)
(36.230099, 36.580166, 0.0)
(36.237545, 36.556641, 0.0)
(36.217342, 36.563431, 0.0)
(36.197666, 36.576626, 0.0)
(36.182030, 36.568722, 0.0)
(35.946545, 35.263714, 0.0)
(35.821819, 34.475754, 0.0)
(35.777176, 34.416267, 0.0)
(35.789272, 34.416183, 0.0)
(35.755104, 34.370827, 0.0)
(35.759182, 34.245682, 0.0)
(35.736614, 33.463223, 0.0)
(35.704945, 32.934097, 0.0)
(35.661453, 32.884949, 0.0)
(35.668713, 32.887981, 0.0)
(35.690506, 32.898609, 0.0)
(35.646416, 32.864746, 0.0)
(35.676399, 31.522482, 0.0)
(35.550533, 30.880165, 0.0)
(35.490490, 30.823496, 0.0)
(35.460125, 30.842676, 0.0)
(35.481018, 30.828169, 0.0)
(35.475094, 30.834988, 0.0)
(35.482513, 30.854824, 0.0)
(35.471558, 30.871498, 0.0)
(35.475674, 30.867693, 0.0)
(35.502750, 30.853079, 0.0)
(35.482048, 30.849485, 0.0)
(35.511246, 30.821020, 0.0)
(35.539883, 30.800615, 0.0)
(35.544434, 30.787033, 0.0)
(35.544136, 30.780779, 0.0)
(35.325371, 30.766800, 0.0)
(34.789600, 30.655249, 0.0)
(34.780930, 30.604120, 0.0)
(34.770454, 30.642202, 0.0)
(34.739716, 30.641993, 0.0)
(34.784866, 30.583870, 0.0)
(34.775906, 30.606913, 0.0)
(34.766117, 30.639053, 0.0)
(34.765339, 30.653463, 0.0)
(34.784096, 30.685066, 0.0)
(34.543667, 31.137621, 0.0)
(34.425812, 31.229008, 0.0)
(34.363338, 31.134960, 0.0)
(34.419739, 31.246187, 0.0)
(34.632782, 31.659250, 0.0)
(34.633472, 31.957716, 0.0)
(34.647026, 32.191067, 0.0)
(34.675621, 32.269245, 0.0)
(34.664898, 32.341503, 0.0)
(34.605927, 32.347733, 0.0)
(34.704636, 32.433212, 0.0)
(34.825382, 33.191097, 0.0)
(34.803719, 33.332443, 0.0)
(34.819576, 33.314716, 0.0)
(34.821945, 33.339165, 0.0)
(34.862236, 34.150002, 0.0)
(34.809551, 34.258926, 0.0)
(34.982464, 35.581142, 0.0)
(34.943386, 35.807796, 0.0)
(34.910713, 35.789352, 0.0)
(34.916660, 35.792686, 0.0)
(34.892899, 35.795906, 0.0)
(34.853573, 35.874142, 0.0)
(34.853573, 35.874142, 0.0)
(35.065369, 36.301365, 0.0)
(35.202499, 36.879150, 0.0)
(35.185318, 36.934799, 0.0)
(35.183418, 36.948196, 0.0)
(35.164745, 36.993244, 0.0)
(35.147625, 36.986404, 0.0)
(35.083408, 38.039268, 0.0)
(35.011528, 38.350113, 0.0)
(35.017239, 38.268669, 0.0)
(35.022705, 38.249611, 0.0)
(35.022705, 38.249611, 0.0)
(35.058048, 38.542252, 0.0)
(35.381271, 40.016529, 0.0)
(35.340206, 40.181221, 0.0)
(35.319233, 40.192657, 0.0)
(35.298782, 40.205475, 0.0)
(35.323521, 40.210991, 0.0)
(35.306644, 40.248348, 0.0)
(35.301315, 40.225388, 0.0)
(35.326439, 40.245480, 0.0)
(35.329975, 40.222664, 0.0)
(35.358376, 40.150024, 0.0)
(35.374512, 40.129200, 0.0)
(34.399326, 40.349037, 0.0)
(33.844608, 40.333004, 0.0)
(33.823357, 40.296532, 0.0)
(33.807335, 40.339767, 0.0)
(33.800861, 40.332939, 0.0)
(33.790661, 40.315582, 0.0)
(33.829689, 40.292149, 0.0)
(33.799763, 40.253468, 0.0)
(33.816578, 40.278507, 0.0)
(33.809769, 40.224007, 0.0)
(33.816078, 40.204708, 0.0)
(34.189671, 39.242714, 0.0)
(34.193951, 39.115765, 0.0)
(34.155754, 39.075165, 0.0)
(34.179653, 39.001350, 0.0)
(34.215221, 38.980148, 0.0)
(34.201897, 38.959263, 0.0)
(34.209614, 38.876274, 0.0)
(34.252445, 38.861282, 0.0)
(34.254738, 38.886471, 0.0)
(34.231670, 38.864841, 0.0)
(34.363194, 38.307869, 0.0)
(34.364891, 37.642605, 0.0)
(34.335796, 37.616459, 0.0)
(34.318089, 37.557533, 0.0)
(34.290627, 37.112343, 0.0)
(34.213741, 35.961315, 0.0)
(34.130924, 35.901924, 0.0)
(34.075020, 35.954182, 0.0)
(34.076656, 35.960419, 0.0)
(34.082397, 35.542969, 0.0)
(34.075256, 33.493202, 0.0)
(33.890366, 33.313786, 0.0)
(33.889439, 33.348770, 0.0)
(33.868980, 33.358120, 0.0)
(33.828861, 33.430378, 0.0)
(33.830349, 33.353615, 0.0)
(33.831905, 33.356022, 0.0)
(33.835003, 33.429943, 0.0)
(33.855362, 33.381672, 0.0)
(33.838173, 33.420631, 0.0)
(33.821377, 33.442879, 0.0)
(33.810642, 33.457825, 0.0)
(33.796284, 33.449451, 0.0)
(33.785999, 33.445198, 0.0)
(33.529152, 32.616497, 0.0)
(33.154461, 31.446011, 0.0)
(33.095337, 31.380077, 0.0)
(33.109825, 31.398037, 0.0)
(33.063477, 31.432751, 0.0)
(33.030304, 31.482552, 0.0)
(32.697887, 31.004683, 0.0)
(32.543037, 30.930294, 0.0)
(32.508896, 30.931932, 0.0)
(32.538429, 30.934349, 0.0)
(32.512688, 30.930483, 0.0)
(32.551636, 30.886387, 0.0)
(32.553051, 30.923620, 0.0)
(32.526917, 30.956747, 0.0)
(32.553528, 30.992672, 0.0)
(32.558594, 30.999464, 0.0)
(32.564888, 31.031071, 0.0)
(32.535419, 31.044344, 0.0)
(32.541348, 31.020199, 0.0)
(32.558472, 31.038462, 0.0)
(32.408585, 31.370747, 0.0)
(32.298866, 31.701994, 0.0)
(32.292061, 31.740891, 0.0)
(32.309120, 31.772141, 0.0)
(32.322987, 31.811445, 0.0)
(32.457497, 32.248253, 0.0)
(32.621353, 32.749512, 0.0)
(32.624138, 32.798389, 0.0)
(32.620842, 32.818401, 0.0)
(32.625225, 32.857460, 0.0)
(32.634338, 32.847969, 0.0)
(32.619144, 33.602570, 0.0)
(32.654541, 34.042473, 0.0)
(32.662754, 34.063511, 0.0)
(32.619995, 34.082279, 0.0)
(32.646717, 34.092308, 0.0)
(32.623432, 34.120155, 0.0)
(33.055344, 35.366936, 0.0)
(32.998444, 35.610405, 0.0)
(32.990490, 35.582466, 0.0)
(32.955853, 35.628883, 0.0)
(32.955853, 35.628883, 0.0)
(32.891224, 36.189350, 0.0)
(33.009499, 37.451046, 0.0)
(32.973194, 37.623371, 0.0)
(32.912109, 37.590649, 0.0)
(32.819389, 37.612309, 0.0)
(32.828697, 37.661537, 0.0)
(32.838932, 38.057796, 0.0)
(32.879299, 38.649002, 0.0)
(32.836262, 38.740952, 0.0)
(32.814350, 38.727413, 0.0)
(32.786274, 38.747211, 0.0)
(32.778873, 38.749142, 0.0)
(32.782860, 38.770195, 0.0)
(32.749939, 38.793694, 0.0)
(32.775509, 38.883205, 0.0)
(33.094894, 39.876186, 0.0)
(33.104813, 40.039295, 0.0)
(33.070915, 39.996536, 0.0)
(33.039658, 40.005009, 0.0)
(33.028801, 39.997517, 0.0)
(32.915344, 40.385056, 0.0)
(32.813766, 40.801334, 0.0)
(32.789066, 40.868298, 0.0)
(32.747524, 40.875916, 0.0)
(32.736492, 40.869522, 0.0)
(32.739113, 40.884510, 0.0)
(32.744720, 40.833775, 0.0)
(32.740139, 40.783554, 0.0)
(32.445705, 41.133656, 0.0)
(32.341351, 41.230106, 0.0)
(32.315613, 41.239479, 0.0)
(32.276840, 41.254597, 0.0)
(32.265198, 41.265533, 0.0)
(32.223652, 41.283566, 0.0)
(31.906773, 41.070507, 0.0)
(31.773680, 40.744324, 0.0)
(31.747410, 40.741558, 0.0)
(31.712942, 40.734417, 0.0)
(31.722420, 40.652622, 0.0)
(31.768721, 38.763550, 0.0)
(31.661818, 38.666443, 0.0)
(31.615587, 38.616039, 0.0)
(31.648634, 38.552917, 0.0)
(31.631134, 38.497673, 0.0)
(31.627810, 38.485668, 0.0)
(31.665794, 38.468861, 0.0)
(31.705965, 38.354717, 0.0)
(31.682781, 38.289074, 0.0)
(31.672260, 38.290863, 0.0)
(31.666691, 38.299301, 0.0)
(31.845963, 36.817642, 0.0)
(31.826590, 36.653637, 0.0)
(31.799246, 36.704227, 0.0)
(31.779690, 36.685822, 0.0)
(31.755905, 35.543736, 0.0)
(31.797604, 34.301003, 0.0)
(31.725548, 34.117634, 0.0)
(31.670284, 34.163227, 0.0)
(31.657423, 34.173435, 0.0)
(31.658487, 34.192497, 0.0)
(31.650610, 34.200768, 0.0)
(31.656885, 34.130829, 0.0)
(31.637543, 34.123375, 0.0)
(31.640896, 34.074520, 0.0)
(31.655622, 34.149845, 0.0)
(31.629675, 34.132484, 0.0)
(31.636623, 34.088966, 0.0)
(31.618200, 34.099144, 0.0)
(31.512094, 33.351978, 0.0)
(31.377485, 32.867611, 0.0)
(31.480995, 32.223927, 0.0)
(31.461979, 31.889286, 0.0)
(31.432241, 31.879202, 0.0)
(31.414764, 31.894505, 0.0)
(31.396757, 31.897095, 0.0)
(31.396757, 31.897095, 0.0)
(31.292582, 31.956795, 0.0)
(31.280909, 31.963682, 0.0)
(31.276970, 31.968369, 0.0)
(31.270439, 31.978819, 0.0)
(31.301220, 31.962175, 0.0)
(31.275602, 31.977102, 0.0)
(30.832258, 31.856609, 0.0)
(30.827915, 31.873322, 0.0)
(30.834190, 31.855764, 0.0)
(30.807470, 31.826036, 0.0)
(30.809713, 31.819603, 0.0)
(30.754179, 31.915039, 0.0)
(30.721436, 31.951111, 0.0)
(30.242353, 32.352448, 0.0)
(30.121126, 32.432434, 0.0)
(30.161264, 32.640541, 0.0)
(30.165134, 32.742733, 0.0)
(30.170753, 32.779312, 0.0)
(30.118221, 32.782696, 0.0)
(30.468576, 33.599243, 0.0)
(30.453239, 33.735954, 0.0)
(30.441221, 33.740273, 0.0)
(30.434010, 33.798592, 0.0)
(30.438185, 33.793266, 0.0)
(30.776262, 34.876865, 0.0)
(30.714788, 35.486313, 0.0)
(30.681122, 35.565052, 0.0)
(30.677837, 35.556324, 0.0)
(30.669312, 35.561424, 0.0)
(30.667933, 35.572906, 0.0)
(30.662756, 35.586224, 0.0)
(30.667368, 35.632168, 0.0)
(30.519552, 36.225266, 0.0)
(30.489908, 36.780945, 0.0)
(30.448576, 36.818851, 0.0)
(30.416992, 36.808147, 0.0)
(30.414673, 36.782604, 0.0)
(30.678181, 37.092175, 0.0)
(31.094084, 37.757732, 0.0)
(31.067007, 37.833138, 0.0)
(31.032698, 37.821518, 0.0)
(31.056772, 37.856720, 0.0)
(31.013895, 37.864902, 0.0)
(30.970795, 37.869232, 0.0)
(30.948204, 37.866264, 0.0)
(30.959803, 37.854916, 0.0)
(30.890766, 38.720592, 0.0)
(30.858120, 38.850433, 0.0)
(30.860472, 38.774906, 0.0)
(30.852718, 38.839779, 0.0)
(30.787027, 38.896141, 0.0)
(31.198833, 40.032547, 0.0)
(31.186071, 40.420559, 0.0)
(31.144960, 40.471024, 0.0)
(31.039530, 40.441238, 0.0)
(31.344294, 41.228928, 0.0)
(31.295898, 41.452015, 0.0)
(31.242460, 41.491924, 0.0)
(31.181112, 41.495583, 0.0)
(31.201382, 41.501328, 0.0)
(31.182606, 41.531818, 0.0)
(31.133680, 41.563301, 0.0)
(31.062729, 41.543690, 0.0)
(31.068611, 41.545818, 0.0)
(31.057398, 41.558418, 0.0)
(31.025307, 41.560734, 0.0)
(31.050367, 41.537319, 0.0)
(30.999252, 41.562981, 0.0)
(30.970036, 41.578033, 0.0)
(30.938236, 41.557037, 0.0)
(30.419937, 41.421391, 0.0)
(29.916412, 41.263954, 0.0)
(29.849865, 41.246952, 0.0)
(29.835125, 41.252834, 0.0)
(29.818995, 41.206348, 0.0)
(29.514200, 39.553177, 0.0)
(29.424768, 39.399372, 0.0)
(29.377644, 39.428883, 0.0)
(29.337738, 39.442772, 0.0)
(29.314569, 39.449753, 0.0)
(29.310926, 39.432022, 0.0)
(29.333038, 39.406006, 0.0)
(29.317364, 39.390160, 0.0)
(29.307833, 39.398983, 0.0)
(29.561295, 39.117142, 0.0)
(29.714771, 38.471210, 0.0)
(29.735764, 38.368862, 0.0)
(29.712940, 38.349407, 0.0)
(29.790974, 36.980968, 0.0)
(29.737186, 35.429745, 0.0)
(29.632509, 35.125645, 0.0)
(29.591188, 35.182816, 0.0)
(29.564198, 35.209789, 0.0)
(29.606802, 35.184319, 0.0)
(29.631201, 35.141136, 0.0)
(29.633337, 35.115307, 0.0)
(29.616590, 35.112335, 0.0)
(29.614588, 35.099735, 0.0)
(29.624662, 35.122051, 0.0)
(29.604389, 35.085789, 0.0)
(29.471930, 34.553978, 0.0)
(29.375378, 34.143635, 0.0)
(29.392107, 34.065044, 0.0)
(29.329033, 34.053745, 0.0)
(29.345785, 34.067585, 0.0)
(29.345404, 34.047722, 0.0)
(29.343542, 33.942593, 0.0)
(29.406038, 33.894222, 0.0)
(29.373646, 33.891171, 0.0)
(29.445135, 33.882507, 0.0)
(29.310560, 33.851711, 0.0)
(29.286959, 33.371952, 0.0)
(29.294298, 33.300568, 0.0)
(29.296734, 33.227516, 0.0)
(29.283649, 32.970879, 0.0)
(29.298391, 32.140495, 0.0)
(29.229734, 32.125366, 0.0)
(29.181332, 32.150997, 0.0)
(29.157824, 32.195225, 0.0)
(29.147892, 32.248459, 0.0)
(29.134220, 32.270432, 0.0)
(29.038317, 32.296413, 0.0)
(28.603533, 32.474480, 0.0)
(28.539953, 32.499546, 0.0)
(28.577614, 32.495663, 0.0)
(28.545839, 32.448097, 0.0)
(28.528204, 32.397339, 0.0)
(28.591415, 32.403797, 0.0)
(28.507778, 32.490723, 0.0)
(28.362614, 33.295704, 0.0)
(28.272121, 33.378155, 0.0)
(28.390238, 33.620804, 0.0)
(28.394016, 33.934719, 0.0)
(28.365433, 33.955952, 0.0)
(28.356297, 33.986382, 0.0)
(28.394876, 34.008327, 0.0)
(28.383905, 34.142735, 0.0)
(28.841349, 35.625446, 0.0)
(28.719822, 35.884827, 0.0)
(28.674789, 35.919998, 0.0)
(28.650438, 35.927208, 0.0)
(28.648575, 35.996872, 0.0)
(28.599169, 35.967262, 0.0)
(28.584223, 36.046627, 0.0)
(28.643858, 36.156673, 0.0)
(28.931175, 37.331596, 0.0)
(28.859770, 37.495098, 0.0)
(28.815365, 37.525219, 0.0)
(28.778204, 37.535450, 0.0)
(28.688860, 37.570229, 0.0)
(28.753050, 38.224358, 0.0)
(28.797441, 38.362030, 0.0)
(28.736511, 38.349819, 0.0)
(28.713552, 38.292736, 0.0)
(28.708147, 38.304062, 0.0)
(28.624197, 38.313095, 0.0)
(28.632475, 38.696373, 0.0)
(28.606878, 38.841408, 0.0)
(28.581671, 38.912506, 0.0)
(28.584787, 38.926579, 0.0)
(28.687025, 39.231701, 0.0)
(28.992855, 40.466080, 0.0)
(28.882772, 40.654881, 0.0)
(28.814520, 40.655476, 0.0)
(28.844629, 40.613377, 0.0)
(28.850445, 40.609852, 0.0)
(28.869787, 40.560642, 0.0)
(28.930168, 40.571812, 0.0)
(28.904287, 40.568569, 0.0)
(28.884506, 40.602390, 0.0)
(28.887903, 40.604229, 0.0)
(28.888443, 40.620174, 0.0)
(28.915350, 41.201347, 0.0)
(28.875175, 41.691860, 0.0)
(28.869761, 41.703190, 0.0)
(28.876968, 41.680027, 0.0)
(28.880594, 41.630241, 0.0)
(28.913279, 41.600704, 0.0)
(28.939499, 41.590279, 0.0)
(28.938454, 41.649994, 0.0)
(28.916887, 41.632198, 0.0)
(28.860188, 41.618053, 0.0)
(28.627916, 41.841576, 0.0)
(28.599072, 41.873623, 0.0)
(28.560694, 41.845104, 0.0)
(28.565266, 41.784702, 0.0)
(28.556273, 41.374187, 0.0)
(28.364042, 39.102730, 0.0)
(28.231844, 38.795189, 0.0)
(28.195982, 38.780033, 0.0)
(28.159979, 38.765320, 0.0)
(28.125526, 38.742474, 0.0)
(28.106331, 38.699524, 0.0)
(28.128393, 38.623844, 0.0)
(28.188583, 37.631809, 0.0)
(28.193014, 37.380219, 0.0)
(28.113050, 37.397530, 0.0)
(28.127188, 37.370468, 0.0)
(28.134277, 37.336708, 0.0)
(28.082132, 37.325375, 0.0)
(28.027205, 37.362469, 0.0)
(28.074583, 37.355431, 0.0)
(27.918406, 36.637764, 0.0)
(27.825794, 36.464153, 0.0)
(27.783415, 36.471458, 0.0)
(27.791622, 36.570274, 0.0)
(27.782505, 36.546185, 0.0)
(27.791231, 36.544338, 0.0)
(27.811615, 36.274456, 0.0)
(27.937298, 35.679272, 0.0)
(27.962368, 35.606823, 0.0)
(27.973024, 35.564102, 0.0)
(27.930256, 35.594757, 0.0)
(27.891457, 34.899704, 0.0)
(27.761974, 33.965778, 0.0)
(27.743376, 33.883965, 0.0)
(27.711468, 33.914932, 0.0)
(27.694435, 33.900536, 0.0)
(27.647943, 33.913498, 0.0)
(27.497572, 33.648113, 0.0)
(27.491791, 33.482380, 0.0)
(27.483072, 33.468681, 0.0)
(27.445723, 33.456600, 0.0)
(27.489872, 33.462509, 0.0)
(27.504616, 33.466343, 0.0)
(27.401836, 33.471710, 0.0)
(27.316635, 33.475212, 0.0)
(27.303381, 33.490757, 0.0)
(27.309784, 33.497437, 0.0)
(27.285398, 33.517757, 0.0)
(27.296137, 33.511837, 0.0)
(27.290014, 33.522312, 0.0)
(27.304810, 33.499664, 0.0)
(27.304810, 33.499664, 0.0)
(27.307957, 33.504147, 0.0)
(27.303101, 33.511600, 0.0)
(27.295500, 33.553257, 0.0)
(27.133995, 33.635048, 0.0)
(26.876215, 33.719673, 0.0)
(26.875040, 33.711330, 0.0)
(26.870993, 33.733013, 0.0)
(26.920969, 33.630634, 0.0)
(27.036545, 33.968712, 0.0)
(27.151873, 34.863434, 0.0)
(27.052408, 34.991283, 0.0)
(27.040319, 35.030960, 0.0)
(27.087452, 35.099255, 0.0)
(27.074514, 35.130081, 0.0)
(27.016850, 35.135372, 0.0)
(27.038836, 35.117168, 0.0)
(27.158434, 35.579296, 0.0)
(27.197165, 36.070072, 0.0)
(27.162500, 36.193119, 0.0)
(27.129316, 36.238972, 0.0)
(27.065281, 36.898979, 0.0)
(27.331955, 38.123238, 0.0)
(27.287971, 38.344551, 0.0)
(27.339972, 38.615540, 0.0)
(27.368422, 38.696762, 0.0)
(27.287642, 38.721737, 0.0)
(27.280535, 38.703697, 0.0)
(27.266449, 38.730820, 0.0)
(27.243013, 38.773136, 0.0)
(27.558956, 39.366508, 0.0)
(27.663486, 39.554104, 0.0)
(27.592875, 39.592041, 0.0)
(27.547096, 39.615692, 0.0)
(27.535482, 39.568573, 0.0)
(27.371460, 39.580856, 0.0)
(27.348320, 39.596962, 0.0)
(27.297117, 39.577106, 0.0)
(27.269064, 39.567383, 0.0)
(27.270739, 39.586548, 0.0)
(27.251144, 39.597378, 0.0)
(27.499037, 40.328011, 0.0)
(27.511570, 40.685196, 0.0)
(27.483700, 40.774181, 0.0)
(27.658970, 41.456722, 0.0)
(27.688774, 41.530910, 0.0)
(27.666168, 41.479214, 0.0)
(27.650528, 41.490829, 0.0)
(27.664339, 41.534496, 0.0)
(27.837999, 41.995132, 0.0)
(27.876354, 42.058151, 0.0)
(27.853491, 42.068199, 0.0)
(27.819767, 42.040344, 0.0)
(27.868212, 42.036415, 0.0)
(27.848490, 42.017292, 0.0)
(27.852636, 42.019650, 0.0)
(27.858292, 42.029949, 0.0)
(27.850546, 42.045181, 0.0)
(27.816154, 42.051754, 0.0)
(27.861979, 42.083351, 0.0)
(27.865320, 42.052055, 0.0)
(27.851059, 42.057598, 0.0)
(27.852163, 42.064957, 0.0)
(27.869427, 42.050865, 0.0)
(27.897867, 42.004009, 0.0)
(27.908125, 41.985111, 0.0)
(27.898865, 41.924622, 0.0)
(27.887129, 42.087334, 0.0)
(27.913120, 42.344467, 0.0)
(27.915310, 42.354988, 0.0)
(27.918060, 42.360077, 0.0)
(27.924393, 42.381046, 0.0)
(27.893084, 42.367500, 0.0)
(27.908993, 42.344490, 0.0)
(27.969110, 42.303673, 0.0)
(27.962036, 42.264355, 0.0)
(27.928205, 42.286060, 0.0)
(27.968689, 42.297756, 0.0)
(27.963095, 42.310192, 0.0)
(27.940220, 42.304024, 0.0)
(27.970358, 42.295471, 0.0)
(27.933731, 42.258312, 0.0)
(27.908751, 42.218204, 0.0)
(27.987877, 42.282116, 0.0)
(27.947109, 42.217262, 0.0)
(27.970764, 42.207329, 0.0)
(27.984285, 42.246891, 0.0)
(28.659143, 41.922150, 0.0)
(32.412807, 39.177238, 0.0)
(35.008850, 37.975647, 0.0)
(35.058464, 37.930069, 0.0)
(35.034763, 37.885857, 0.0)
(35.051498, 37.846222, 0.0)
(35.060696, 37.815907, 0.0)
(35.061131, 37.873180, 0.0)
(35.063763, 37.933681, 0.0)
(35.009174, 37.962788, 0.0)
(34.977516, 37.840961, 0.0)
