(38.243206, 29.162905, 0.0)
(38.065434, 29.883347, 0.0)
(38.186176, 29.859606, 0.0)
(38.227928, 29.781031, 0.0)
(38.271568, 29.744596, 0.0)
(38.304787, 29.697271, 0.0)
(38.353928, 29.660456, 0.0)
(38.421391, 29.640602, 0.0)
(39.036739, 29.711836, 0.0)
(39.120922, 29.726610, 0.0)
(39.136227, 29.712679, 0.0)
(39.151058, 29.715179, 0.0)
(39.165886, 29.692062, 0.0)
(39.158382, 29.658390, 0.0)
(39.147495, 29.648582, 0.0)
(38.941082, 29.665020, 0.0)
(38.917049, 29.670841, 0.0)
(38.937340, 29.667076, 0.0)
(38.948166, 29.675627, 0.0)
(38.955978, 29.659536, 0.0)
(38.957478, 29.616756, 0.0)
(38.975163, 29.571609, 0.0)
(38.987312, 29.540602, 0.0)
(38.967476, 29.545837, 0.0)
(38.972454, 29.578194, 0.0)
(38.957886, 29.567493, 0.0)
(38.960705, 29.600000, 0.0)
(38.967400, 29.581882, 0.0)
(38.967716, 29.575729, 0.0)
(38.967403, 29.535618, 0.0)
(38.958481, 29.509256, 0.0)
(38.957512, 29.515610, 0.0)
(38.936295, 29.531002, 0.0)
(38.916267, 29.523279, 0.0)
(38.912907, 29.507336, 0.0)
(38.928135, 29.512697, 0.0)
(38.915390, 29.497181, 0.0)
(38.920147, 29.502577, 0.0)
(38.918606, 29.499340, 0.0)
(38.919773, 29.505659, 0.0)
(38.935181, 29.516258, 0.0)
(38.975311, 29.643576, 0.0)
(38.993584, 29.666992, 0.0)
(38.961021, 29.663170, 0.0)
(38.945042, 29.622467, 0.0)
(38.916271, 29.595413, 0.0)
(38.920986, 29.606981, 0.0)
(38.910801, 29.587418, 0.0)
(38.886162, 29.618938, 0.0)
(38.874508, 29.625654, 0.0)
(38.878811, 29.612999, 0.0)
(38.882275, 29.589041, 0.0)
(38.906448, 29.557714, 0.0)
(38.915783, 29.577042, 0.0)
(38.773815, 29.598482, 0.0)
(38.822514, 29.631779, 0.0)
(38.866051, 29.631453, 0.0)
(38.876099, 29.628361, 0.0)
(38.906281, 29.603733, 0.0)
(38.916401, 29.616402, 0.0)
(38.921196, 29.597946, 0.0)
(38.913296, 29.616678, 0.0)
(38.899635, 29.600286, 0.0)
(38.897854, 29.596212, 0.0)
(38.906017, 29.581345, 0.0)
(38.894379, 29.571604, 0.0)
(38.882252, 29.572649, 0.0)
(38.899803, 29.591972, 0.0)
(38.891502, 29.563049, 0.0)
(38.886616, 29.540722, 0.0)
(38.888847, 29.531694, 0.0)
(38.890068, 29.523111, 0.0)
(38.855103, 29.555258, 0.0)
(38.835861, 29.567451, 0.0)
(38.819363, 29.563715, 0.0)
(38.802006, 29.516766, 0.0)
(38.795784, 29.494650, 0.0)
(38.775753, 29.513672, 0.0)
(38.784710, 29.527273, 0.0)
(38.777260, 29.513147, 0.0)
(38.788059, 29.490097, 0.0)
(38.791004, 29.490053, 0.0)
(38.794483, 29.515064, 0.0)
(38.805779, 29.490177, 0.0)
(38.792137, 29.484182, 0.0)
(38.798782, 29.489281, 0.0)
(38.794247, 29.471075, 0.0)
(38.802357, 29.455215, 0.0)
(38.794205, 29.452719, 0.0)
(38.796234, 29.437574, 0.0)
(38.835640, 29.398439, 0.0)
(38.839172, 29.381483, 0.0)
(38.834927, 29.400146, 0.0)
(38.829975, 29.416561, 0.0)
(38.822216, 29.407127, 0.0)
(38.823700, 29.399231, 0.0)
(38.818787, 29.391682, 0.0)
(38.808769, 29.394602, 0.0)
(38.805077, 29.403387, 0.0)
(38.791874, 29.396223, 0.0)
(38.790112, 29.401817, 0.0)
(38.786205, 29.400770, 0.0)
(38.812447, 29.396101, 0.0)
(38.962830, 29.595175, 0.0)
(38.970348, 29.609234, 0.0)
(38.962627, 29.612658, 0.0)
(38.965519, 29.574776, 0.0)
(38.988743, 29.588282, 0.0)
(38.979004, 29.590107, 0.0)
(38.974342, 29.582069, 0.0)
(38.967793, 29.601589, 0.0)
(38.947815, 29.611052, 0.0)
(38.936253, 29.586313, 0.0)
(38.920708, 29.545288, 0.0)
(38.931576, 29.548986, 0.0)
(38.928696, 29.535679, 0.0)
(38.925888, 29.547945, 0.0)
(38.929916, 29.559660, 0.0)
(38.923981, 29.590849, 0.0)
(38.919220, 29.560455, 0.0)
(38.917213, 29.535995, 0.0)
(38.914955, 29.507553, 0.0)
(38.904915, 29.500126, 0.0)
(38.898853, 29.503582, 0.0)
(38.887680, 29.518761, 0.0)
(38.864777, 29.534311, 0.0)
(38.880508, 29.539955, 0.0)
(38.883987, 29.537188, 0.0)
(38.886021, 29.530039, 0.0)
(38.884724, 29.494535, 0.0)
(38.893440, 29.500402, 0.0)
(38.879425, 29.505478, 0.0)
(38.871510, 29.528526, 0.0)
(38.647522, 29.472307, 0.0)
(38.566948, 29.495480, 0.0)
(38.980621, 29.441877, 0.0)
(38.910770, 29.463375, 0.0)
(38.849258, 29.472334, 0.0)
(38.643452, 29.686708, 0.0)
(38.594933, 29.314938, 0.0)
(38.620625, 29.227484, 0.0)
(38.644783, 29.259014, 0.0)
(38.637512, 29.270203, 0.0)
(38.631252, 29.301685, 0.0)
(38.666206, 29.322920, 0.0)
(38.673813, 29.342245, 0.0)
(38.739914, 29.380264, 0.0)
(38.862766, 29.455120, 0.0)
(38.866688, 29.444756, 0.0)
(38.876072, 29.447264, 0.0)
(38.868927, 29.451572, 0.0)
(38.870010, 29.445044, 0.0)
(38.866066, 29.450291, 0.0)
(38.863625, 29.467499, 0.0)
(38.860813, 29.470053, 0.0)
(38.867584, 29.457150, 0.0)
(38.860817, 29.463360, 0.0)
(38.864330, 29.448914, 0.0)
(38.864330, 29.437975, 0.0)
(38.695282, 29.480173, 0.0)
(38.682236, 29.462358, 0.0)
(38.686230, 29.494913, 0.0)
(38.691547, 29.473518, 0.0)
(38.719013, 29.470901, 0.0)
(38.725750, 29.448284, 0.0)
(38.716599, 29.393066, 0.0)
(38.925991, 29.334480, 0.0)
(38.953876, 29.325216, 0.0)
(38.922138, 29.323685, 0.0)
(38.926304, 29.360033, 0.0)
(38.918736, 29.366695, 0.0)
(38.891716, 29.367149, 0.0)
(38.878101, 29.325613, 0.0)
(39.872715, 30.513773, 0.0)
(40.372261, 31.460636, 0.0)
(40.361713, 31.547586, 0.0)
(40.352180, 31.514824, 0.0)
(40.328251, 31.531521, 0.0)
(42.436089, 31.984030, 0.0)
(44.996368, 32.000671, 0.0)
(45.044022, 31.989643, 0.0)
(45.008869, 31.947144, 0.0)
(44.985558, 31.942375, 0.0)
(44.949932, 31.903358, 0.0)
(44.941654, 31.898821, 0.0)
(44.941605, 31.890810, 0.0)
(44.914448, 31.880730, 0.0)
(44.835152, 31.880095, 0.0)
(39.519123, 29.469330, 0.0)
(36.701939, 28.664522, 0.0)
(36.718884, 28.707787, 0.0)
(36.738434, 28.701803, 0.0)
(36.731613, 28.689909, 0.0)
(36.721962, 28.680290, 0.0)
(36.701069, 28.688484, 0.0)
(36.703411, 28.673744, 0.0)
(36.683376, 28.662554, 0.0)
(36.687973, 28.657152, 0.0)
(36.691566, 28.632723, 0.0)
(36.921696, 27.677483, 0.0)
(36.964691, 27.172819, 0.0)
(36.937023, 27.194736, 0.0)
(36.935352, 27.201822, 0.0)
(36.922432, 27.228559, 0.0)
(39.510532, 26.339952, 0.0)
(43.205353, 25.544191, 0.0)
(43.242195, 25.571331, 0.0)
(43.222633, 25.551512, 0.0)
(43.215569, 25.540627, 0.0)
(44.934540, 25.593016, 0.0)
(46.156120, 25.856804, 0.0)
(46.216576, 25.934216, 0.0)
(46.182320, 25.878574, 0.0)
(46.197330, 25.811813, 0.0)
(46.210457, 25.774168, 0.0)
(46.320282, 25.659166, 0.0)
(46.320282, 25.659166, 0.0)
(46.309906, 25.651638, 0.0)
(46.273724, 25.630890, 0.0)
(46.232197, 25.653355, 0.0)
(46.241402, 25.806652, 0.0)
(46.062237, 25.418770, 0.0)
(46.050446, 25.408884, 0.0)
(46.099865, 25.483877, 0.0)
(46.104111, 25.481972, 0.0)
(46.123791, 25.501469, 0.0)
(46.107368, 25.495962, 0.0)
(46.094597, 25.498722, 0.0)
(46.080582, 25.491079, 0.0)
(45.908607, 25.563314, 0.0)
(46.468269, 26.510683, 0.0)
(45.915253, 25.471672, 0.0)
(45.941063, 25.324284, 0.0)
(45.980007, 25.448303, 0.0)
(46.034771, 25.498753, 0.0)
(46.023430, 25.462141, 0.0)
(46.060627, 25.483187, 0.0)
(46.065590, 25.467505, 0.0)
(46.041393, 25.483318, 0.0)
(46.036236, 25.486439, 0.0)
(46.038162, 25.478323, 0.0)
(46.034622, 25.474119, 0.0)
(46.037975, 25.433311, 0.0)
(46.036839, 25.436932, 0.0)
(46.017189, 25.405115, 0.0)
(44.406879, 26.926840, 0.0)
(42.053482, 30.454145, 0.0)
(41.777782, 31.054533, 0.0)
(41.758331, 31.028881, 0.0)
(41.739086, 30.922075, 0.0)
(41.712551, 30.872364, 0.0)
(41.699387, 30.847155, 0.0)
(41.688721, 30.804396, 0.0)
(41.695068, 30.769831, 0.0)
(40.081211, 30.826178, 0.0)
(34.918159, 30.212070, 0.0)
(32.556530, 30.375772, 0.0)
(32.514465, 30.369682, 0.0)
(32.520203, 30.354769, 0.0)
(32.504223, 30.341000, 0.0)
(32.460781, 30.276714, 0.0)
(32.429676, 30.227112, 0.0)
(32.420528, 30.222086, 0.0)
(32.414783, 30.207371, 0.0)
(31.055916, 33.257504, 0.0)
(30.937204, 35.826260, 0.0)
(30.915642, 35.916687, 0.0)
(30.901655, 35.847923, 0.0)
(31.218533, 36.592712, 0.0)
(31.184082, 36.561756, 0.0)
(31.128248, 36.489021, 0.0)
(31.105267, 36.479599, 0.0)
(31.077328, 36.450012, 0.0)
(30.943567, 36.671665, 0.0)
(30.914690, 36.683266, 0.0)
(30.889635, 36.628193, 0.0)
(30.882759, 36.646244, 0.0)
(30.868341, 36.629688, 0.0)
(30.857405, 36.642570, 0.0)
(30.854700, 36.635040, 0.0)
(31.930504, 34.270981, 0.0)
(32.099567, 30.658781, 0.0)
(31.959572, 30.537449, 0.0)
(31.833441, 30.641851, 0.0)
(31.793533, 30.632792, 0.0)
(31.056423, 29.164946, 0.0)
(30.611458, 28.029512, 0.0)
(30.552017, 28.109579, 0.0)
(30.095266, 27.893726, 0.0)
(30.064943, 27.911074, 0.0)
(30.062199, 27.926762, 0.0)
(30.059074, 27.957752, 0.0)
(29.574112, 28.237988, 0.0)
(29.447538, 28.245115, 0.0)
(29.450953, 28.188519, 0.0)
(29.472689, 28.161959, 0.0)
(29.464205, 28.160181, 0.0)
(29.459288, 28.151976, 0.0)
(29.456181, 28.150208, 0.0)
(29.442255, 28.148123, 0.0)
(29.426849, 28.149305, 0.0)
(29.421465, 28.149855, 0.0)
(29.415979, 28.158651, 0.0)
(29.405169, 28.145613, 0.0)
(29.411585, 28.142319, 0.0)
(29.416080, 28.146626, 0.0)
(29.420088, 28.146626, 0.0)
(29.426231, 28.131304, 0.0)
(29.431520, 28.117958, 0.0)
(29.431955, 28.099558, 0.0)
(29.426008, 28.102203, 0.0)
(29.438612, 28.095625, 0.0)
(29.438887, 28.115162, 0.0)
(29.444784, 28.111370, 0.0)
(29.438601, 28.097990, 0.0)
(32.246819, 27.858244, 0.0)
(38.023937, 28.368610, 0.0)
(39.943401, 30.159691, 0.0)
(39.195004, 30.171356, 0.0)
(39.102455, 30.132236, 0.0)
(39.090729, 30.109470, 0.0)
(39.072544, 30.119255, 0.0)
(39.024487, 29.779083, 0.0)
(38.992687, 29.411903, 0.0)
(38.992233, 29.403456, 0.0)
(39.020588, 29.414923, 0.0)
(39.008270, 29.385015, 0.0)
(39.002438, 29.373005, 0.0)
(38.977428, 29.380939, 0.0)
(38.967655, 29.368898, 0.0)
(38.990826, 29.349764, 0.0)
(38.990826, 29.335991, 0.0)
(39.012348, 29.361546, 0.0)
(39.019447, 29.331427, 0.0)
(39.023441, 29.279413, 0.0)
(39.022018, 29.275396, 0.0)
(39.014713, 29.295570, 0.0)
(38.992359, 29.319504, 0.0)
(38.988270, 29.309956, 0.0)
(38.988335, 29.302305, 0.0)
(38.967625, 29.262674, 0.0)
(38.987923, 29.273634, 0.0)
(39.039967, 29.273582, 0.0)
(38.997063, 29.304914, 0.0)
(39.025253, 29.315567, 0.0)
(39.018467, 29.300043, 0.0)
(39.027275, 29.309032, 0.0)
(39.020592, 29.307438, 0.0)
(39.017460, 29.289610, 0.0)
(39.000122, 29.295580, 0.0)
(38.981476, 29.272669, 0.0)
(38.971954, 29.269705, 0.0)
(38.972260, 29.257170, 0.0)
(38.784912, 29.324299, 0.0)
(32.022377, 34.443623, 0.0)
(31.089537, 35.268158, 0.0)
(31.089745, 35.852200, 0.0)
(31.195644, 35.761833, 0.0)
(31.162802, 35.688412, 0.0)
(31.136995, 35.671490, 0.0)
(31.134045, 35.673965, 0.0)
(31.123053, 35.673431, 0.0)
(31.105015, 35.616436, 0.0)
(31.101301, 35.598782, 0.0)
(31.098551, 35.593544, 0.0)
(31.112341, 35.614685, 0.0)
(33.966095, 36.323990, 0.0)
(33.905598, 36.344604, 0.0)
(33.852562, 36.264137, 0.0)
(34.048748, 36.170490, 0.0)
(36.294830, 35.361149, 0.0)
(36.412121, 35.292263, 0.0)
(36.502865, 35.261452, 0.0)
(36.664116, 35.197933, 0.0)
(39.918106, 35.139664, 0.0)
(40.077114, 35.085033, 0.0)
(40.124287, 35.037003, 0.0)
(40.189648, 35.035954, 0.0)
(40.231346, 35.058002, 0.0)
(40.373623, 35.008835, 0.0)
(41.785332, 34.807255, 0.0)
(41.883636, 34.802147, 0.0)
(41.936932, 34.787689, 0.0)
(41.979923, 34.804562, 0.0)
(42.279987, 34.810776, 0.0)
(44.207806, 34.347870, 0.0)
(44.240829, 34.355907, 0.0)
(44.226158, 34.336376, 0.0)
(44.299904, 34.301487, 0.0)
(44.300579, 34.268219, 0.0)
(44.417656, 34.262341, 0.0)
(45.505661, 34.147503, 0.0)
(45.564602, 34.155872, 0.0)
(45.566628, 34.152729, 0.0)
(45.575798, 34.132557, 0.0)
(46.037376, 34.085670, 0.0)
(46.669033, 33.523819, 0.0)
(46.665756, 33.449574, 0.0)
(46.638195, 33.429146, 0.0)
(46.695549, 33.257999, 0.0)
(46.947922, 31.323017, 0.0)
(46.935452, 31.261538, 0.0)
(46.934566, 31.293421, 0.0)
(46.956261, 31.288349, 0.0)
(46.953930, 31.258471, 0.0)
(46.976349, 31.187883, 0.0)
(47.011173, 31.191973, 0.0)
(47.039131, 31.164949, 0.0)
(47.022335, 31.141560, 0.0)
(47.062473, 31.137203, 0.0)
(47.070858, 31.126673, 0.0)
(47.062069, 31.083984, 0.0)
(47.030117, 31.087988, 0.0)
(45.690109, 33.641026, 0.0)
(45.629459, 33.726109, 0.0)
(45.584866, 33.636761, 0.0)
(45.474907, 33.572830, 0.0)
(43.859749, 34.074696, 0.0)
(43.317509, 34.142097, 0.0)
(43.181427, 34.122635, 0.0)
(42.995342, 34.063263, 0.0)
(42.838444, 34.027275, 0.0)
(41.135159, 34.457058, 0.0)
(40.723286, 34.474083, 0.0)
(40.580273, 34.451832, 0.0)
(40.423504, 34.484207, 0.0)
(40.278118, 34.457848, 0.0)
(40.123791, 34.423336, 0.0)
(39.998962, 34.417286, 0.0)
(37.863571, 34.860970, 0.0)
(35.369865, 34.770222, 0.0)
(35.203220, 34.825150, 0.0)
(35.136150, 34.820000, 0.0)
(35.038773, 34.833366, 0.0)
(34.977165, 34.760750, 0.0)
(34.894047, 34.753609, 0.0)
(34.855541, 34.760021, 0.0)
(34.785999, 34.769459, 0.0)
(34.712132, 34.765526, 0.0)
(34.629681, 34.775421, 0.0)
(34.559734, 34.839600, 0.0)
(34.498142, 34.802269, 0.0)
(34.461708, 34.791325, 0.0)
(33.444725, 35.300034, 0.0)
(32.900669, 35.321548, 0.0)
(32.792809, 35.310600, 0.0)
(32.742157, 35.342922, 0.0)
(32.724537, 35.361637, 0.0)
(32.735939, 35.344959, 0.0)
(32.718937, 35.374622, 0.0)
(31.510576, 35.777966, 0.0)
(31.359556, 35.768372, 0.0)
(31.339527, 35.720146, 0.0)
(31.298882, 35.747765, 0.0)
(31.288975, 35.733089, 0.0)
(31.298731, 35.735100, 0.0)
(31.299427, 35.744438, 0.0)
(31.308357, 35.703312, 0.0)
(31.306116, 35.653336, 0.0)
(31.324459, 35.583378, 0.0)
(31.346622, 35.523838, 0.0)
(31.406004, 35.407101, 0.0)
(31.453684, 35.390480, 0.0)
(31.518442, 35.347576, 0.0)
(34.720295, 34.588192, 0.0)
(35.041317, 34.653725, 0.0)
(35.167980, 34.555065, 0.0)
(35.307034, 34.460659, 0.0)
(35.499382, 34.476269, 0.0)
(35.689396, 34.401669, 0.0)
(35.876724, 34.345940, 0.0)
(36.148579, 34.305641, 0.0)
(36.320713, 34.225620, 0.0)
(36.507504, 34.158482, 0.0)
(36.666336, 34.110691, 0.0)
(36.869102, 34.108398, 0.0)
(38.136410, 34.009499, 0.0)
(39.497921, 33.770283, 0.0)
(39.676899, 33.714912, 0.0)
(39.813366, 33.699169, 0.0)
(39.918877, 33.688614, 0.0)
(39.990486, 33.646847, 0.0)
(40.786194, 33.760948, 0.0)
(45.284931, 33.048359, 0.0)
(45.528988, 33.080479, 0.0)
(45.534176, 33.018566, 0.0)
(45.536453, 33.005028, 0.0)
(45.537941, 32.984413, 0.0)
(45.536968, 32.983593, 0.0)
(45.569019, 32.997692, 0.0)
(45.593044, 32.964725, 0.0)
(45.878586, 33.056458, 0.0)
(46.661114, 32.973392, 0.0)
(46.685703, 32.948284, 0.0)
(46.679531, 32.930611, 0.0)
(46.685310, 32.930920, 0.0)
(46.668545, 32.916019, 0.0)
(46.706768, 32.941998, 0.0)
(46.704285, 32.951340, 0.0)
(46.712318, 32.932178, 0.0)
(46.719025, 32.891041, 0.0)
(46.714821, 32.865971, 0.0)
(46.737953, 32.840488, 0.0)
(46.728416, 32.843002, 0.0)
(46.724361, 32.841434, 0.0)
(46.699589, 32.855049, 0.0)
(46.695927, 32.847240, 0.0)
(46.674129, 32.804817, 0.0)
(46.677666, 32.763538, 0.0)
(46.656162, 32.749928, 0.0)
(46.625969, 32.751022, 0.0)
(46.610550, 32.744465, 0.0)
(46.551414, 32.704311, 0.0)
(46.500885, 32.665108, 0.0)
(46.476906, 32.650921, 0.0)
(46.351788, 32.608601, 0.0)
(45.422085, 33.576210, 0.0)
(43.599442, 33.850292, 0.0)
(43.686401, 32.551403, 0.0)
(43.590919, 32.599976, 0.0)
(43.457222, 32.617088, 0.0)
(43.283089, 32.578201, 0.0)
(43.183353, 32.575409, 0.0)
(43.018574, 32.545528, 0.0)
(40.249237, 33.011387, 0.0)
(38.646980, 33.077354, 0.0)
(38.455017, 33.106880, 0.0)
(38.370636, 33.143440, 0.0)
(38.296455, 33.155254, 0.0)
(38.218632, 33.155910, 0.0)
(38.160507, 33.147079, 0.0)
(38.078854, 33.127827, 0.0)
(38.006405, 33.149876, 0.0)
(37.930164, 33.170643, 0.0)
(37.886353, 33.209454, 0.0)
(37.709152, 33.237267, 0.0)
(33.575706, 34.172951, 0.0)
(32.662411, 34.412933, 0.0)
(32.539879, 34.383526, 0.0)
(32.499935, 34.388935, 0.0)
(32.475960, 34.365192, 0.0)
(32.454224, 34.343594, 0.0)
(32.429115, 34.258030, 0.0)
(32.385239, 34.263130, 0.0)
(31.033005, 34.814537, 0.0)
(30.993727, 34.808525, 0.0)
(31.015690, 34.780220, 0.0)
(31.003756, 34.747360, 0.0)
(30.998331, 34.704594, 0.0)
(30.995224, 34.679028, 0.0)
(30.960171, 34.681347, 0.0)
(30.949390, 34.670410, 0.0)
(30.935301, 34.708752, 0.0)
(30.918655, 34.735802, 0.0)
(30.913055, 34.750706, 0.0)
(30.907469, 34.741791, 0.0)
(30.884956, 34.723892, 0.0)
(30.896156, 34.701408, 0.0)
(30.935028, 34.684513, 0.0)
(30.977606, 34.648396, 0.0)
(31.014292, 34.609871, 0.0)
(31.097002, 34.524857, 0.0)
(31.184980, 34.461342, 0.0)
(31.301664, 34.418446, 0.0)
(31.394587, 34.374016, 0.0)
(31.491949, 34.281441, 0.0)
(31.640198, 34.101658, 0.0)
(31.830704, 33.963730, 0.0)
(34.843487, 33.018158, 0.0)
(35.025028, 33.035397, 0.0)
(35.168324, 33.033054, 0.0)
(35.306599, 33.042049, 0.0)
(34.467316, 33.340630, 0.0)
(34.606533, 33.281982, 0.0)
(34.869320, 33.241383, 0.0)
(35.091011, 33.291225, 0.0)
(35.284443, 33.199009, 0.0)
(35.482849, 33.152828, 0.0)
(36.237877, 33.127068, 0.0)
(38.226624, 32.722168, 0.0)
(38.479584, 32.660358, 0.0)
(38.676220, 32.592224, 0.0)
(38.832203, 32.531609, 0.0)
(39.031834, 32.499554, 0.0)
(42.848003, 32.103195, 0.0)
(44.236252, 31.996340, 0.0)
(44.348122, 31.988249, 0.0)
(44.349915, 31.990923, 0.0)
(44.375900, 31.987734, 0.0)
(44.419670, 31.965227, 0.0)
(44.459877, 31.921061, 0.0)
(44.515949, 31.916946, 0.0)
(46.162971, 32.064312, 0.0)
(46.384789, 32.054207, 0.0)
(46.382061, 32.055855, 0.0)
(46.394741, 31.986849, 0.0)
(46.398354, 31.957645, 0.0)
(46.388943, 31.931318, 0.0)
(46.408436, 31.971783, 0.0)
(46.423183, 31.988869, 0.0)
(46.428890, 31.992895, 0.0)
(46.457325, 31.981340, 0.0)
(46.482815, 31.950207, 0.0)
(46.508671, 31.939230, 0.0)
(46.563240, 31.893385, 0.0)
(46.910374, 31.734344, 0.0)
(46.975338, 31.717779, 0.0)
(46.945312, 31.695299, 0.0)
(46.895737, 31.662432, 0.0)
(46.863613, 31.676140, 0.0)
(46.837955, 31.682980, 0.0)
(46.817413, 31.637207, 0.0)
(46.799557, 31.650660, 0.0)
(46.730392, 31.605659, 0.0)
(46.694904, 31.575588, 0.0)
(46.660728, 31.511408, 0.0)
(46.596321, 31.457432, 0.0)
(46.545387, 31.429537, 0.0)
(46.491150, 31.383413, 0.0)
(46.315861, 31.352316, 0.0)
(46.208950, 31.272436, 0.0)
(46.066261, 31.208382, 0.0)
(44.665859, 31.185799, 0.0)
(44.504112, 31.197639, 0.0)
(44.365959, 31.170816, 0.0)
(44.188122, 31.127789, 0.0)
(44.051678, 31.072605, 0.0)
(43.903519, 31.021734, 0.0)
(43.741291, 31.027449, 0.0)
(42.838009, 31.263182, 0.0)
(41.933300, 31.543060, 0.0)
(41.717979, 31.552958, 0.0)
(41.527355, 31.527147, 0.0)
(41.334873, 31.534710, 0.0)
(41.100937, 31.562349, 0.0)
(40.919422, 31.573334, 0.0)
(38.420589, 32.118435, 0.0)
(36.155350, 32.162708, 0.0)
(35.995461, 32.149311, 0.0)
(35.935703, 32.200130, 0.0)
(35.827793, 32.253632, 0.0)
(35.721828, 32.247082, 0.0)
(35.484241, 32.310398, 0.0)
(31.946394, 33.396767, 0.0)
(31.430893, 33.530640, 0.0)
(31.363646, 33.570015, 0.0)
(31.305338, 33.504898, 0.0)
(31.277826, 33.514187, 0.0)
(31.246515, 33.512920, 0.0)
(31.228125, 33.479950, 0.0)
(31.228140, 33.447197, 0.0)
(31.220945, 33.417351, 0.0)
(31.195631, 33.393238, 0.0)
(31.187778, 33.416191, 0.0)
(31.161095, 33.454742, 0.0)
(31.145922, 33.448578, 0.0)
(31.138176, 33.481094, 0.0)
(31.089159, 33.453716, 0.0)
(31.064959, 33.459496, 0.0)
(31.038118, 33.456482, 0.0)
(31.003113, 33.447887, 0.0)
(30.999166, 33.449596, 0.0)
(30.997707, 33.433533, 0.0)
(31.016178, 33.443470, 0.0)
(31.011837, 33.446232, 0.0)
(31.019775, 33.388546, 0.0)
(31.053087, 33.304253, 0.0)
(31.115782, 33.241985, 0.0)
(31.182968, 33.206718, 0.0)
(31.353725, 33.088825, 0.0)
(31.504272, 32.985603, 0.0)
(31.716928, 32.887882, 0.0)
(35.234005, 31.624390, 0.0)
(35.549404, 31.547508, 0.0)
(35.753387, 31.412804, 0.0)
(36.007191, 31.338074, 0.0)
(36.243256, 31.247541, 0.0)
(36.455479, 31.202831, 0.0)
(36.652145, 31.142017, 0.0)
(36.851315, 31.074430, 0.0)
(37.079269, 30.972918, 0.0)
(37.305923, 30.943462, 0.0)
(37.497532, 30.902103, 0.0)
(37.721500, 30.833035, 0.0)
(37.894859, 30.789032, 0.0)
(38.065022, 30.740850, 0.0)
(38.224781, 30.744425, 0.0)
(38.385082, 30.698166, 0.0)
(38.535034, 30.665804, 0.0)
(38.710785, 30.592793, 0.0)
(38.870834, 30.507866, 0.0)
(41.971519, 30.778936, 0.0)
(42.242172, 30.839949, 0.0)
(42.340752, 30.809616, 0.0)
(42.397514, 30.831297, 0.0)
(44.352730, 31.150492, 0.0)
(46.604225, 31.296635, 0.0)
(46.735321, 31.282110, 0.0)
(46.700523, 31.267046, 0.0)
(46.698380, 31.255325, 0.0)
(46.716236, 31.233366, 0.0)
(46.725716, 31.225382, 0.0)
(46.766029, 31.206429, 0.0)
(46.788486, 31.169575, 0.0)
(46.812164, 31.173319, 0.0)
(46.821491, 31.125219, 0.0)
(46.837837, 31.056587, 0.0)
(47.439659, 30.686024, 0.0)
(47.510685, 30.632158, 0.0)
(47.461575, 30.615494, 0.0)
(47.454685, 30.616255, 0.0)
(47.422920, 30.670130, 0.0)
(47.436001, 30.651834, 0.0)
(47.430275, 30.624107, 0.0)
(47.424412, 30.585629, 0.0)
(47.397385, 30.535170, 0.0)
(45.132950, 30.043125, 0.0)
(44.339153, 29.813362, 0.0)
(44.221661, 29.762756, 0.0)
(44.173290, 29.709383, 0.0)
(44.145908, 29.700220, 0.0)
(44.122211, 29.637247, 0.0)
(44.060558, 29.575089, 0.0)
(44.038437, 29.551056, 0.0)
(44.014214, 29.538006, 0.0)
(43.959801, 29.584028, 0.0)
(45.505123, 30.298468, 0.0)
(45.411671, 30.268028, 0.0)
(45.227745, 30.194794, 0.0)
(45.088631, 30.126108, 0.0)
(44.906124, 30.050938, 0.0)
(43.618771, 30.119127, 0.0)
(42.798668, 30.153526, 0.0)
(42.623516, 30.153208, 0.0)
(42.471401, 30.151304, 0.0)
(42.343502, 30.128719, 0.0)
(42.209927, 30.080637, 0.0)
(42.042484, 30.084066, 0.0)
(39.844978, 30.337597, 0.0)
(39.617390, 30.407446, 0.0)
(39.477943, 30.458332, 0.0)
(39.370609, 30.480476, 0.0)
(39.193737, 30.501881, 0.0)
(39.065895, 30.467041, 0.0)
(37.009300, 30.996298, 0.0)
(35.959702, 31.185875, 0.0)
(35.828316, 31.169523, 0.0)
(35.628593, 31.229017, 0.0)
(35.522278, 31.229515, 0.0)
(35.413857, 31.275862, 0.0)
(33.561928, 31.982197, 0.0)
(31.313604, 32.653561, 0.0)
(31.188007, 32.628796, 0.0)
(31.155884, 32.636951, 0.0)
(31.103130, 32.603237, 0.0)
(31.076033, 32.577839, 0.0)
(31.050333, 32.556961, 0.0)
(31.037613, 32.536880, 0.0)
(31.018230, 32.527962, 0.0)
(31.006010, 32.542675, 0.0)
(30.968370, 32.547100, 0.0)
(30.962952, 32.501602, 0.0)
(30.973295, 32.465530, 0.0)
(30.954788, 32.479256, 0.0)
(30.948103, 32.480732, 0.0)
(30.934347, 32.479637, 0.0)
(30.910103, 32.458328, 0.0)
(30.922960, 32.412041, 0.0)
(30.931980, 32.396229, 0.0)
(30.964531, 32.374546, 0.0)
(30.996002, 32.354126, 0.0)
(31.053537, 32.311413, 0.0)
(31.158680, 32.249916, 0.0)
(31.224897, 32.162582, 0.0)
(31.300772, 32.029118, 0.0)
(31.425777, 31.883347, 0.0)
(32.473026, 31.235970, 0.0)
(33.609470, 30.841791, 0.0)
(33.706543, 30.960154, 0.0)
(33.780182, 30.914854, 0.0)
(33.835461, 30.875278, 0.0)
(33.925140, 30.868267, 0.0)
(34.001896, 30.854204, 0.0)
(34.094513, 30.832161, 0.0)
(34.204407, 30.804258, 0.0)
(34.302662, 30.779934, 0.0)
(34.451656, 30.715828, 0.0)
(34.563316, 30.667749, 0.0)
(34.763069, 30.578617, 0.0)
(35.164772, 30.528624, 0.0)
(39.888165, 29.878887, 0.0)
(40.846363, 29.754454, 0.0)
(40.960331, 29.696804, 0.0)
(41.030769, 29.633009, 0.0)
(41.124931, 29.590338, 0.0)
(41.215885, 29.540981, 0.0)
(41.297710, 29.516586, 0.0)
(41.385918, 29.541672, 0.0)
(41.456055, 29.517387, 0.0)
(43.921021, 29.734858, 0.0)
(46.945885, 30.360529, 0.0)
(46.881573, 30.174335, 0.0)
(46.865067, 30.157934, 0.0)
(46.868862, 30.152428, 0.0)
(46.875561, 30.138657, 0.0)
(46.877815, 30.135696, 0.0)
(46.881824, 30.135897, 0.0)
(46.884682, 30.111292, 0.0)
(46.901489, 30.099691, 0.0)
(46.903732, 30.029009, 0.0)
(46.898663, 30.019621, 0.0)
(46.928062, 29.995604, 0.0)
(46.940331, 30.000257, 0.0)
(47.377773, 30.082811, 0.0)
(47.558075, 29.970686, 0.0)
(47.558720, 29.875841, 0.0)
(47.580364, 29.886261, 0.0)
(47.583004, 29.858030, 0.0)
(47.586990, 29.833170, 0.0)
(47.589565, 29.826866, 0.0)
(47.600220, 29.818998, 0.0)
(47.579994, 29.855942, 0.0)
(47.542534, 29.855459, 0.0)
(47.489674, 29.810465, 0.0)
(47.441334, 29.773453, 0.0)
(46.856991, 29.429344, 0.0)
(45.473778, 28.297415, 0.0)
(45.400810, 28.218182, 0.0)
(45.368885, 28.173880, 0.0)
(45.341358, 28.125221, 0.0)
(45.313072, 28.120626, 0.0)
(45.198231, 28.070330, 0.0)
(45.114086, 28.053854, 0.0)
(45.066071, 28.017298, 0.0)
(44.845715, 28.064791, 0.0)
(44.826527, 28.889816, 0.0)
(44.730675, 28.941767, 0.0)
(44.598351, 28.904387, 0.0)
(42.756245, 28.994642, 0.0)
(42.579891, 29.040751, 0.0)
(42.460361, 28.977766, 0.0)
(42.331638, 28.947437, 0.0)
(42.194439, 28.928059, 0.0)
(41.482998, 29.056427, 0.0)
(40.059124, 29.279579, 0.0)
(39.830803, 29.319069, 0.0)
(39.713959, 29.331865, 0.0)
(39.576225, 29.348177, 0.0)
(39.476032, 29.338961, 0.0)
(36.285885, 29.986195, 0.0)
(34.781570, 30.301842, 0.0)
(34.641136, 30.316494, 0.0)
(34.589748, 30.301743, 0.0)
(34.547447, 30.274704, 0.0)
(34.499817, 30.264915, 0.0)
(34.469296, 30.251244, 0.0)
(33.674347, 30.625975, 0.0)
(31.019941, 31.581156, 0.0)
(30.765417, 31.690550, 0.0)
(30.752941, 31.626570, 0.0)
(30.714844, 31.636206, 0.0)
(30.687923, 31.655735, 0.0)
(30.661970, 31.657448, 0.0)
(30.629524, 31.717045, 0.0)
(30.609579, 31.731869, 0.0)
(30.575214, 31.750351, 0.0)
(30.541183, 31.747965, 0.0)
(30.473867, 31.738420, 0.0)
(30.452766, 31.732145, 0.0)
(30.438551, 31.751097, 0.0)
(30.414015, 31.767918, 0.0)
(30.401165, 31.754881, 0.0)
(30.404257, 31.747862, 0.0)
(30.417469, 31.707718, 0.0)
(30.426519, 31.714453, 0.0)
(30.425528, 31.653471, 0.0)
(30.474792, 31.600941, 0.0)
(30.535595, 31.509918, 0.0)
(30.665071, 31.450195, 0.0)
(30.787041, 31.373077, 0.0)
(30.924467, 31.280722, 0.0)
(31.013237, 31.128038, 0.0)
(31.190807, 30.936214, 0.0)
(31.391130, 30.843811, 0.0)
(33.176136, 30.241440, 0.0)
(38.103481, 29.041452, 0.0)
(39.522594, 28.906687, 0.0)
(39.764023, 28.902420, 0.0)
(39.867985, 28.884357, 0.0)
(39.892437, 28.826429, 0.0)
(39.928005, 28.802349, 0.0)
(39.987442, 28.776585, 0.0)
(39.999538, 28.801435, 0.0)
(35.889332, 29.284342, 0.0)
(35.900017, 29.341787, 0.0)
(36.115063, 29.226515, 0.0)
(36.363068, 29.138330, 0.0)
(36.529190, 29.016985, 0.0)
(36.701176, 28.947819, 0.0)
(36.981586, 28.845245, 0.0)
(37.285198, 28.784166, 0.0)
(39.308556, 28.785999, 0.0)
(39.544086, 28.739096, 0.0)
(39.702465, 28.709412, 0.0)
(39.949356, 28.719482, 0.0)
(40.135715, 28.640327, 0.0)
(41.389584, 28.618235, 0.0)
(43.136711, 28.588402, 0.0)
(43.361954, 28.559465, 0.0)
(43.507526, 28.539515, 0.0)
(43.645409, 28.571083, 0.0)
(44.025745, 28.613930, 0.0)
(47.561737, 29.230093, 0.0)
(48.366737, 29.518440, 0.0)
(48.232285, 29.545105, 0.0)
(47.629356, 29.074436, 0.0)
(47.554729, 29.000801, 0.0)
(47.568478, 28.975824, 0.0)
(47.590656, 29.029827, 0.0)
(47.609386, 29.042067, 0.0)
(47.641842, 29.023661, 0.0)
(47.653000, 29.059650, 0.0)
(47.654396, 29.020567, 0.0)
(47.665874, 28.921444, 0.0)
(47.627960, 28.899578, 0.0)
(47.625618, 28.892225, 0.0)
(47.614601, 28.896633, 0.0)
(47.598412, 28.902836, 0.0)
(47.541946, 28.950087, 0.0)
(47.403637, 28.926903, 0.0)
(44.124706, 27.586529, 0.0)
(43.874645, 27.199028, 0.0)
(45.505653, 27.507002, 0.0)
(45.728588, 27.621307, 0.0)
(45.703461, 27.626173, 0.0)
(45.676384, 27.658527, 0.0)
(45.636749, 27.659624, 0.0)
(44.700684, 27.657995, 0.0)
(43.108616, 27.723984, 0.0)
(43.233677, 27.928900, 0.0)
(43.393284, 27.901663, 0.0)
(43.294163, 27.901871, 0.0)
(43.214935, 27.925442, 0.0)
(43.111889, 27.926296, 0.0)
(43.020016, 27.934530, 0.0)
(42.885559, 27.897202, 0.0)
(42.827923, 27.889488, 0.0)
(42.708359, 27.869223, 0.0)
(42.591537, 27.873634, 0.0)
(42.269455, 27.824615, 0.0)
(40.952877, 27.914213, 0.0)
(40.810005, 27.972475, 0.0)
(40.704113, 27.940598, 0.0)
(40.524307, 27.938238, 0.0)
(39.851967, 28.053648, 0.0)
(37.363060, 28.462795, 0.0)
(37.163540, 28.497618, 0.0)
(37.045261, 28.571711, 0.0)
(36.839043, 28.605679, 0.0)
(33.869919, 29.598242, 0.0)
(31.092434, 30.805698, 0.0)
(30.738659, 30.912132, 0.0)
(30.722408, 30.888174, 0.0)
(30.664240, 30.886559, 0.0)
(30.632137, 30.881927, 0.0)
(30.595987, 30.862064, 0.0)
(30.541855, 30.874399, 0.0)
(30.515249, 30.880291, 0.0)
(30.483889, 30.881250, 0.0)
(30.437607, 30.867609, 0.0)
(31.043180, 30.550695, 0.0)
(32.000000, 30.098774, 0.0)
(31.932821, 30.071554, 0.0)
(31.840500, 30.084505, 0.0)
(31.237719, 30.384890, 0.0)
(30.681341, 30.548439, 0.0)
(30.545935, 30.584143, 0.0)
(30.492933, 30.628511, 0.0)
(30.512569, 30.599857, 0.0)
(30.452160, 30.565830, 0.0)
(30.454781, 30.504774, 0.0)
(30.505001, 30.447226, 0.0)
(30.527781, 30.427002, 0.0)
(30.571430, 30.386602, 0.0)
(30.643858, 30.341898, 0.0)
(30.740984, 30.231377, 0.0)
(30.797998, 30.149494, 0.0)
(30.876242, 30.058989, 0.0)
(30.965851, 29.995838, 0.0)
(31.081289, 29.882954, 0.0)
(31.204008, 29.786871, 0.0)
(31.400681, 29.727764, 0.0)
(32.138470, 29.447315, 0.0)
(34.078362, 28.938795, 0.0)
(34.318176, 28.845272, 0.0)
(34.494007, 28.729025, 0.0)
(34.704983, 28.614609, 0.0)
(34.919048, 28.491047, 0.0)
(35.173260, 28.376015, 0.0)
(40.700329, 28.062347, 0.0)
(44.877434, 28.241484, 0.0)
(45.022873, 28.059126, 0.0)
(45.060322, 27.975655, 0.0)
(45.070557, 27.906744, 0.0)
(44.740250, 27.652090, 0.0)
(44.517658, 27.758045, 0.0)
(44.889576, 27.366598, 0.0)
(44.970676, 27.275913, 0.0)
(45.018242, 27.331068, 0.0)
(45.072216, 27.338131, 0.0)
(45.083241, 27.353384, 0.0)
(45.111897, 27.360947, 0.0)
(45.139519, 27.353428, 0.0)
(45.162407, 27.355659, 0.0)
(45.174858, 27.356539, 0.0)
(45.247944, 27.370510, 0.0)
(45.266788, 27.362352, 0.0)
(45.297802, 27.350592, 0.0)
(45.283283, 27.386110, 0.0)
(45.304344, 27.382545, 0.0)
(45.336357, 27.388769, 0.0)
(45.354015, 27.412138, 0.0)
(45.373196, 27.393257, 0.0)
(45.391312, 27.350603, 0.0)
(45.424046, 27.311596, 0.0)
(45.484833, 27.308928, 0.0)
(45.470402, 27.307676, 0.0)
(45.473183, 27.354488, 0.0)
(45.449780, 27.330660, 0.0)
(45.430035, 27.325500, 0.0)
(45.433350, 27.294024, 0.0)
(45.442039, 27.261404, 0.0)
(45.405800, 27.257010, 0.0)
(45.386002, 27.248508, 0.0)
(45.371082, 27.235373, 0.0)
(45.348381, 27.243322, 0.0)
(45.294479, 27.243122, 0.0)
(45.221447, 27.230673, 0.0)
(45.180897, 27.204798, 0.0)
(45.120083, 27.167707, 0.0)
(45.011158, 27.114656, 0.0)
(44.958118, 27.059929, 0.0)
(44.855213, 27.063759, 0.0)
(44.780159, 27.016376, 0.0)
(44.402954, 27.039146, 0.0)
(40.757652, 26.607986, 0.0)
(40.659508, 26.651972, 0.0)
(40.607533, 26.549547, 0.0)
(40.510010, 26.506050, 0.0)
(40.455154, 26.496704, 0.0)
(40.369568, 26.497789, 0.0)
(40.300514, 26.511011, 0.0)
(37.657761, 26.960720, 0.0)
(34.710072, 27.654850, 0.0)
(34.470516, 27.760057, 0.0)
(34.463200, 27.742226, 0.0)
(34.433887, 27.761448, 0.0)
(34.412304, 27.790352, 0.0)
(34.372883, 27.804358, 0.0)
(34.332916, 27.842411, 0.0)
(34.281883, 27.824102, 0.0)
(34.257523, 27.788521, 0.0)
(34.219032, 27.765863, 0.0)
(32.987293, 28.317871, 0.0)
(30.765982, 29.259867, 0.0)
(30.592640, 29.307116, 0.0)
(30.627108, 29.301559, 0.0)
(30.592766, 29.307142, 0.0)
(30.593445, 29.298960, 0.0)
(30.590605, 29.300900, 0.0)
(30.592173, 29.324724, 0.0)
(30.589108, 29.278656, 0.0)
(30.567991, 29.253212, 0.0)
(30.556107, 29.241938, 0.0)
(30.533762, 29.223358, 0.0)
(30.529301, 29.118793, 0.0)
(30.841125, 29.266924, 0.0)
(30.865017, 29.295097, 0.0)
(30.800608, 29.286909, 0.0)
(30.713491, 29.297499, 0.0)
(30.584867, 29.210115, 0.0)
(29.879999, 30.274803, 0.0)
(29.645121, 29.312231, 0.0)
(30.163734, 31.159983, 0.0)
(31.144901, 29.115290, 0.0)
(30.712013, 28.467537, 0.0)
(30.850393, 28.499878, 0.0)
(30.964504, 28.539122, 0.0)
(31.054018, 28.548223, 0.0)
(31.165113, 28.474306, 0.0)
(31.357929, 28.374363, 0.0)
(33.241512, 27.838682, 0.0)
(34.231976, 27.645885, 0.0)
(34.510345, 27.507954, 0.0)
(34.693146, 27.376305, 0.0)
(34.920780, 27.319931, 0.0)
(35.101578, 27.252140, 0.0)
(35.303658, 27.138083, 0.0)
(35.470802, 27.072172, 0.0)
(35.727276, 26.982080, 0.0)
(35.952793, 26.946297, 0.0)
(36.152901, 26.890543, 0.0)
(38.325607, 26.643139, 0.0)
(38.621082, 26.623720, 0.0)
(38.741436, 26.584385, 0.0)
(38.904186, 26.554079, 0.0)
(39.003941, 26.493084, 0.0)
(39.651974, 26.448935, 0.0)
(43.680794, 26.183304, 0.0)
(44.035004, 26.229557, 0.0)
(44.073505, 26.199831, 0.0)
(44.090904, 26.210951, 0.0)
(44.126118, 26.218182, 0.0)
(44.159264, 26.233150, 0.0)
(44.175945, 26.198942, 0.0)
(44.184147, 26.136856, 0.0)
(44.192902, 26.123932, 0.0)
(44.211781, 26.136497, 0.0)
(44.214226, 26.134094, 0.0)
(44.257931, 26.171499, 0.0)
(45.883217, 26.484510, 0.0)
(46.770016, 26.597795, 0.0)
(46.810345, 26.592655, 0.0)
(46.803967, 26.578157, 0.0)
(46.768715, 26.514921, 0.0)
(46.761456, 26.484921, 0.0)
(46.755455, 26.470430, 0.0)
(46.742989, 26.469275, 0.0)
(46.736118, 26.495821, 0.0)
(46.695751, 26.437399, 0.0)
(46.710125, 26.453310, 0.0)
(46.712509, 26.413582, 0.0)
(46.695454, 26.370062, 0.0)
(46.673546, 26.315002, 0.0)
(46.667076, 26.306055, 0.0)
(46.621536, 26.201202, 0.0)
(46.587448, 26.147480, 0.0)
(46.599419, 26.098099, 0.0)
(46.587471, 26.116858, 0.0)
(46.555935, 26.090038, 0.0)
(46.529949, 26.050484, 0.0)
(45.029999, 25.767948, 0.0)
(44.238358, 25.659145, 0.0)
(44.081642, 25.631151, 0.0)
(43.941650, 25.622955, 0.0)
(43.780064, 25.595888, 0.0)
(43.617313, 25.567019, 0.0)
(43.429066, 25.520647, 0.0)
(43.268887, 25.461538, 0.0)
(43.086090, 25.455235, 0.0)
(41.406422, 25.564690, 0.0)
(41.095921, 25.615625, 0.0)
(40.919674, 25.609108, 0.0)
(40.741577, 25.600000, 0.0)
(40.566971, 25.602062, 0.0)
(40.414371, 25.615749, 0.0)
(40.263374, 25.587084, 0.0)
(40.147655, 25.598736, 0.0)
(38.980274, 25.835608, 0.0)
(38.260990, 25.957079, 0.0)
(38.121494, 25.994699, 0.0)
(37.981853, 25.999086, 0.0)
(37.819641, 25.993420, 0.0)
(35.087154, 26.618963, 0.0)
(34.511890, 26.800854, 0.0)
(34.334167, 26.825651, 0.0)
(34.174980, 26.876516, 0.0)
(34.063099, 26.927071, 0.0)
(33.949844, 26.962175, 0.0)
(33.857243, 26.980652, 0.0)
(33.776749, 26.990875, 0.0)
(33.700432, 27.017958, 0.0)
(33.641132, 26.997450, 0.0)
(32.633675, 27.313526, 0.0)
(31.266262, 27.781919, 0.0)
(31.190037, 27.863977, 0.0)
(31.188122, 27.867956, 0.0)
(31.179390, 27.824900, 0.0)
(31.166687, 27.802073, 0.0)
(31.146069, 27.828724, 0.0)
(31.141529, 27.804310, 0.0)
(31.124762, 27.774401, 0.0)
(31.151964, 27.690298, 0.0)
(31.146679, 27.667440, 0.0)
(31.137611, 27.653605, 0.0)
(31.149992, 27.626112, 0.0)
(31.163015, 27.611731, 0.0)
(31.188070, 27.573133, 0.0)
(31.214329, 27.558064, 0.0)
(31.237129, 27.542496, 0.0)
(31.275709, 27.483124, 0.0)
(31.337997, 27.414001, 0.0)
(31.407145, 27.380817, 0.0)
(31.524612, 27.315098, 0.0)
(31.609818, 27.271551, 0.0)
(31.740553, 27.190159, 0.0)
(32.117725, 27.051847, 0.0)
(33.475895, 26.828976, 0.0)
(33.709232, 26.717449, 0.0)
(33.942196, 26.596901, 0.0)
(34.253300, 26.503887, 0.0)
(36.106743, 26.018654, 0.0)
(41.780846, 25.035437, 0.0)
(44.709435, 25.451803, 0.0)
(44.096199, 25.404974, 0.0)
(44.036621, 25.381733, 0.0)
(44.081661, 25.342215, 0.0)
(44.076969, 25.316103, 0.0)
(44.097816, 25.325603, 0.0)
(44.118481, 25.329769, 0.0)
(44.129341, 25.338427, 0.0)
(44.136566, 25.301798, 0.0)
(41.817039, 24.312277, 0.0)
(41.407040, 23.966902, 0.0)
(41.419147, 23.951740, 0.0)
(41.429005, 23.957445, 0.0)
(41.421280, 23.955830, 0.0)
(41.440231, 23.939686, 0.0)
(41.512924, 23.933064, 0.0)
(41.531948, 23.890997, 0.0)
(41.562492, 23.869783, 0.0)
(41.590206, 23.888903, 0.0)
(41.618923, 23.878904, 0.0)
(44.528069, 24.833782, 0.0)
(45.034016, 25.025953, 0.0)
(45.066101, 25.029703, 0.0)
(45.074989, 24.999529, 0.0)
(45.096630, 25.013134, 0.0)
(45.137627, 24.969490, 0.0)
(45.161781, 24.997602, 0.0)
(45.169586, 24.992151, 0.0)
(45.732555, 25.272406, 0.0)
(46.186131, 25.521494, 0.0)
(46.216793, 25.553370, 0.0)
(46.240368, 25.538221, 0.0)
(46.255985, 25.502319, 0.0)
(46.239319, 25.428778, 0.0)
(46.192146, 25.385199, 0.0)
(46.197418, 25.377787, 0.0)
(46.180695, 25.352835, 0.0)
(46.149654, 25.336288, 0.0)
(46.124813, 25.305752, 0.0)
(46.109184, 25.298479, 0.0)
(46.044731, 25.268841, 0.0)
(45.998711, 25.222673, 0.0)
(45.056637, 25.067373, 0.0)
(43.993378, 24.919899, 0.0)
(43.836861, 24.874117, 0.0)
(43.758606, 24.827663, 0.0)
(43.643597, 24.840748, 0.0)
(43.544228, 24.801998, 0.0)
(43.382599, 24.750620, 0.0)
(43.185829, 24.647190, 0.0)
(42.074059, 24.786930, 0.0)
(41.122669, 24.988497, 0.0)
(40.973705, 24.986349, 0.0)
(40.844055, 24.972151, 0.0)
(40.701244, 25.023394, 0.0)
(40.561951, 24.987225, 0.0)
(40.342087, 24.973579, 0.0)
(36.745319, 25.179609, 0.0)
(35.341938, 25.451248, 0.0)
(34.837849, 25.707510, 0.0)
(34.770374, 25.752647, 0.0)
(34.734989, 25.728098, 0.0)
(34.642349, 25.740177, 0.0)
(34.586044, 25.712727, 0.0)
(34.558765, 25.722397, 0.0)
(34.505905, 25.724781, 0.0)
(34.469616, 25.745443, 0.0)
(34.413284, 25.773783, 0.0)
(34.347805, 25.806137, 0.0)
(34.266937, 25.871140, 0.0)
(34.189201, 25.899576, 0.0)
(33.809185, 26.079632, 0.0)
(30.618597, 27.557137, 0.0)
(30.167265, 27.849506, 0.0)
(30.099409, 27.911777, 0.0)
(30.036461, 27.938581, 0.0)
(30.019924, 27.973230, 0.0)
(30.008087, 27.936758, 0.0)
(29.987911, 27.946896, 0.0)
(29.972679, 27.927807, 0.0)
(29.956387, 27.889677, 0.0)
(29.939373, 27.850904, 0.0)
(29.940197, 27.827024, 0.0)
(29.946564, 27.839363, 0.0)
(29.919168, 27.863426, 0.0)
(29.929831, 27.858938, 0.0)
(29.933760, 27.848156, 0.0)
(29.942608, 27.700838, 0.0)
(31.152885, 27.059561, 0.0)
(30.857897, 26.981813, 0.0)
(30.544704, 26.948536, 0.0)
(30.867029, 26.937630, 0.0)
(30.974348, 26.916193, 0.0)
(30.993013, 26.876778, 0.0)
(31.026098, 26.827040, 0.0)
(31.067640, 26.793846, 0.0)
(31.170143, 26.738722, 0.0)
(31.466827, 26.569460, 0.0)
(35.991543, 24.632017, 0.0)
(36.844357, 24.700888, 0.0)
(35.510571, 25.163391, 0.0)
(35.278728, 25.185226, 0.0)
(35.462196, 25.093252, 0.0)
(35.565926, 25.038973, 0.0)
(35.697273, 24.900660, 0.0)
(35.237419, 25.013088, 0.0)
(35.227024, 25.091450, 0.0)
(35.381035, 25.087526, 0.0)
(35.524696, 25.029802, 0.0)
(35.685513, 25.022787, 0.0)
(35.854321, 24.950647, 0.0)
(37.324074, 24.751097, 0.0)
(38.439117, 24.574398, 0.0)
(38.676601, 24.526693, 0.0)
(38.838028, 24.470169, 0.0)
(38.988438, 24.450001, 0.0)
(39.220104, 24.410948, 0.0)
(42.640358, 24.439522, 0.0)
(43.353848, 24.494068, 0.0)
(43.552471, 24.476992, 0.0)
(43.634865, 24.481340, 0.0)
(43.707119, 24.455591, 0.0)
(44.199924, 24.535099, 0.0)
(46.842957, 25.285990, 0.0)
(46.853664, 25.258703, 0.0)
(46.791065, 25.233820, 0.0)
(46.744839, 25.214878, 0.0)
(46.731735, 25.186380, 0.0)
(46.718269, 25.198381, 0.0)
(46.696251, 25.146013, 0.0)
(46.703377, 25.071289, 0.0)
(46.599075, 24.570728, 0.0)
(46.561275, 24.381975, 0.0)
(46.537846, 24.346153, 0.0)
(46.497147, 24.407215, 0.0)
(46.503414, 24.399813, 0.0)
(46.488663, 24.403502, 0.0)
(46.423058, 24.466078, 0.0)
(46.159836, 24.058090, 0.0)
(46.428303, 24.208584, 0.0)
(46.202427, 24.129004, 0.0)
(45.554302, 24.182444, 0.0)
(45.320038, 24.030066, 0.0)
(45.336346, 24.123392, 0.0)
(45.335094, 24.096207, 0.0)
(45.327076, 24.124599, 0.0)
(45.279423, 24.104282, 0.0)
(43.781654, 23.996254, 0.0)
(43.684937, 23.997393, 0.0)
(43.604168, 23.907761, 0.0)
(43.420414, 23.872242, 0.0)
(42.296726, 23.951445, 0.0)
(41.005077, 24.278267, 0.0)
(40.793015, 24.315025, 0.0)
(40.687073, 24.274372, 0.0)
(40.559425, 24.255257, 0.0)
(40.490154, 24.247894, 0.0)
(40.346191, 24.238537, 0.0)
(40.219387, 24.230146, 0.0)
(40.095482, 24.227104, 0.0)
(38.101295, 24.407946, 0.0)
(37.572304, 24.445383, 0.0)
(37.473671, 24.428583, 0.0)
(37.365772, 24.425211, 0.0)
(37.239574, 24.391729, 0.0)
(37.070133, 24.327843, 0.0)
(35.847561, 24.572870, 0.0)
(34.623886, 24.966764, 0.0)
(34.417534, 25.012936, 0.0)
(34.346649, 25.002985, 0.0)
(34.245995, 25.029739, 0.0)
(34.093803, 25.059916, 0.0)
(30.575426, 26.787067, 0.0)
(29.901487, 27.164497, 0.0)
(29.850321, 27.158888, 0.0)
(29.850367, 27.158457, 0.0)
(29.853243, 27.154997, 0.0)
(29.873512, 27.149246, 0.0)
(29.855192, 27.160185, 0.0)
(29.861126, 27.160532, 0.0)
(29.838676, 27.127716, 0.0)
(29.821798, 27.114393, 0.0)
(29.821798, 27.114393, 0.0)
(29.817852, 27.122129, 0.0)
(29.799685, 27.110193, 0.0)
(29.794981, 27.110937, 0.0)
(29.778601, 27.113859, 0.0)
(29.778605, 27.110395, 0.0)
(29.788431, 27.081278, 0.0)
(29.810507, 27.038565, 0.0)
(29.835514, 27.047455, 0.0)
(29.871519, 27.017508, 0.0)
(29.912334, 26.961071, 0.0)
(29.953745, 26.893364, 0.0)
(30.013666, 26.864889, 0.0)
(30.125542, 26.811779, 0.0)
(30.182497, 26.743370, 0.0)
(33.927078, 25.028563, 0.0)
(37.578995, 24.379517, 0.0)
(38.136616, 24.117283, 0.0)
(38.195572, 23.992691, 0.0)
(38.293396, 23.999067, 0.0)
(38.329205, 23.974310, 0.0)
(38.360203, 23.960785, 0.0)
(35.581169, 24.582737, 0.0)
(35.706577, 24.498497, 0.0)
(35.904400, 24.425385, 0.0)
(36.016930, 24.381828, 0.0)
(36.083942, 24.327276, 0.0)
(36.143536, 24.310299, 0.0)
(36.230576, 24.301855, 0.0)
(36.358982, 24.281950, 0.0)
(36.475094, 24.238256, 0.0)
(36.599613, 24.242357, 0.0)
(37.167484, 24.116127, 0.0)
(38.839111, 23.857685, 0.0)
(38.981926, 23.802443, 0.0)
(39.064037, 23.771774, 0.0)
(39.210953, 23.736958, 0.0)
(39.322201, 23.693043, 0.0)
(39.454411, 23.632524, 0.0)
(39.564072, 23.631790, 0.0)
(41.856857, 23.605875, 0.0)
(42.141483, 23.528795, 0.0)
(42.207569, 23.489252, 0.0)
(42.315228, 23.472919, 0.0)
(42.406654, 23.477179, 0.0)
(42.456856, 23.500019, 0.0)
(44.240231, 23.859816, 0.0)
(46.103043, 24.365313, 0.0)
(46.200489, 24.391670, 0.0)
(46.181637, 24.362654, 0.0)
(46.175465, 24.334166, 0.0)
(46.128906, 24.306732, 0.0)
(46.124371, 24.295349, 0.0)
(46.147209, 24.280886, 0.0)
(46.141808, 24.261740, 0.0)
(46.134739, 24.231632, 0.0)
(46.139408, 24.227692, 0.0)
(46.145809, 24.238382, 0.0)
(46.145809, 24.238382, 0.0)
(46.141857, 24.237827, 0.0)
(46.136341, 24.236242, 0.0)
(46.136341, 24.236242, 0.0)
(46.105721, 24.223890, 0.0)
(46.095009, 24.222811, 0.0)
(46.106396, 24.278488, 0.0)
(46.606937, 25.017391, 0.0)
(46.597672, 25.214359, 0.0)
(46.602264, 25.188234, 0.0)
(46.564465, 25.266605, 0.0)
(46.632610, 25.459732, 0.0)
(47.001480, 26.243649, 0.0)
(46.791073, 26.367296, 0.0)
(46.946823, 26.826622, 0.0)
(47.002502, 26.871258, 0.0)
(47.027653, 26.872711, 0.0)
(47.074604, 26.938156, 0.0)
(47.121548, 27.002357, 0.0)
(47.137234, 27.032742, 0.0)
(47.153484, 27.066370, 0.0)
(47.153419, 27.142979, 0.0)
(47.448311, 27.747547, 0.0)
(47.796295, 29.330563, 0.0)
(47.779533, 29.422995, 0.0)
(47.793411, 29.392660, 0.0)
(47.796333, 29.355156, 0.0)
(47.790546, 29.354044, 0.0)
(47.800529, 29.423767, 0.0)
(48.100304, 31.327265, 0.0)
(48.038013, 31.757689, 0.0)
(48.032322, 31.720421, 0.0)
(48.023270, 31.653002, 0.0)
(48.031494, 31.641014, 0.0)
(48.042587, 31.637569, 0.0)
(48.031631, 31.640524, 0.0)
(48.011299, 31.660707, 0.0)
(48.000702, 31.678209, 0.0)
(47.983406, 31.670628, 0.0)
(47.989296, 31.672153, 0.0)
(47.998989, 31.654955, 0.0)
(47.992107, 31.628345, 0.0)
(48.009651, 31.652977, 0.0)
(48.000702, 31.675440, 0.0)
(47.993755, 31.714272, 0.0)
(47.924557, 32.477783, 0.0)
(47.877441, 32.729401, 0.0)
(47.863152, 32.716446, 0.0)
(47.852043, 32.703297, 0.0)
(47.834801, 32.671871, 0.0)
(47.847786, 32.662205, 0.0)
(47.832962, 32.666740, 0.0)
(47.825073, 32.675411, 0.0)
(47.815220, 32.670055, 0.0)
(47.808540, 32.681755, 0.0)
(47.778873, 32.629261, 0.0)
(47.755371, 32.585434, 0.0)
(47.719368, 32.592670, 0.0)
(47.674385, 32.585083, 0.0)
(47.689220, 32.589230, 0.0)
(47.659142, 32.578018, 0.0)
(47.646484, 32.522778, 0.0)
(47.643669, 32.484642, 0.0)
(47.648357, 32.466770, 0.0)
(47.209728, 32.327709, 0.0)
(47.203358, 32.287014, 0.0)
(47.239002, 32.227505, 0.0)
(47.239845, 32.177402, 0.0)
(47.258045, 32.071442, 0.0)
(47.339550, 31.651911, 0.0)
(47.423641, 30.713181, 0.0)
(47.412388, 30.538269, 0.0)
(47.376282, 30.442230, 0.0)
(47.358891, 30.356184, 0.0)
(47.337452, 30.223078, 0.0)
(47.323986, 30.093599, 0.0)
(47.334312, 30.034088, 0.0)
(47.332592, 29.906700, 0.0)
(47.342785, 29.831930, 0.0)
(47.334721, 29.651258, 0.0)
(47.239796, 28.358042, 0.0)
(47.213871, 28.156672, 0.0)
(47.203915, 28.149271, 0.0)
(47.185936, 28.088781, 0.0)
(47.183044, 27.996418, 0.0)
(47.133411, 27.898207, 0.0)
(46.703892, 26.247112, 0.0)
(46.533638, 25.633158, 0.0)
(46.534294, 25.618713, 0.0)
(46.533016, 25.589502, 0.0)
(46.527950, 25.566483, 0.0)
(46.547661, 25.465734, 0.0)
(46.578785, 24.743656, 0.0)
(46.564491, 24.634069, 0.0)
(46.558128, 24.590895, 0.0)
(46.530785, 24.554258, 0.0)
(46.525181, 24.537586, 0.0)
(46.517456, 24.528000, 0.0)
(46.498627, 24.508236, 0.0)
(46.499626, 24.497873, 0.0)
(46.492809, 24.499523, 0.0)
(46.475311, 24.491688, 0.0)
(46.339336, 24.483547, 0.0)
(45.880455, 24.280678, 0.0)
(45.937122, 24.461914, 0.0)
(45.955605, 24.440416, 0.0)
(45.929596, 24.401289, 0.0)
(45.916275, 24.425589, 0.0)
(45.898952, 24.507559, 0.0)
(45.884129, 24.513987, 0.0)
(45.876465, 24.531837, 0.0)
(45.854515, 24.530243, 0.0)
(45.851070, 24.511333, 0.0)
(45.834435, 24.514185, 0.0)
(45.855003, 24.542889, 0.0)
(45.874779, 24.592064, 0.0)
(45.870396, 24.650085, 0.0)
(45.967468, 24.901293, 0.0)
(46.392452, 27.139734, 0.0)
(46.377903, 27.406271, 0.0)
(46.406437, 27.429422, 0.0)
(46.422218, 27.454359, 0.0)
(46.446663, 27.478043, 0.0)
(46.450550, 27.527363, 0.0)
(46.462349, 27.592674, 0.0)
(46.488071, 27.610909, 0.0)
(46.520771, 27.600252, 0.0)
(46.526310, 27.603323, 0.0)
(46.530071, 27.619276, 0.0)
(47.157860, 29.612787, 0.0)
(47.059055, 30.072208, 0.0)
(47.020237, 30.103838, 0.0)
(47.002590, 30.122766, 0.0)
(46.982246, 30.079889, 0.0)
(46.970383, 30.057726, 0.0)
(46.942394, 30.026146, 0.0)
(46.974659, 30.534786, 0.0)
(46.949062, 31.346016, 0.0)
(46.942329, 31.403967, 0.0)
(46.924339, 31.396526, 0.0)
(46.915924, 31.411695, 0.0)
(46.913582, 31.398403, 0.0)
(46.911194, 31.384615, 0.0)
(46.911194, 31.384615, 0.0)
(46.895725, 31.425808, 0.0)
(46.885948, 31.433472, 0.0)
(46.874279, 31.465141, 0.0)
(46.880852, 31.475931, 0.0)
(46.871082, 31.493387, 0.0)
(46.883373, 31.530746, 0.0)
(46.872540, 31.572851, 0.0)
(46.874382, 31.582489, 0.0)
(46.872845, 31.591665, 0.0)
(46.862106, 31.603949, 0.0)
(46.849651, 31.659979, 0.0)
(46.589039, 32.106339, 0.0)
(46.522068, 32.145344, 0.0)
(46.536140, 32.135632, 0.0)
(46.606064, 34.025013, 0.0)
(46.069828, 32.713047, 0.0)
(45.706623, 31.394249, 0.0)
(45.781334, 31.015146, 0.0)
(45.812553, 31.067823, 0.0)
(45.828808, 31.003572, 0.0)
(45.844540, 30.954199, 0.0)
(45.831081, 30.875664, 0.0)
(45.803844, 30.784334, 0.0)
(45.789280, 30.701988, 0.0)
(45.787018, 30.620256, 0.0)
(45.796455, 30.561916, 0.0)
(45.793175, 30.440771, 0.0)
(45.806717, 30.357168, 0.0)
(45.797443, 30.267874, 0.0)
(45.807224, 30.200657, 0.0)
(45.804634, 30.041586, 0.0)
(45.810184, 29.946608, 0.0)
(45.808071, 29.837940, 0.0)
(45.786285, 29.738010, 0.0)
(45.779831, 29.637581, 0.0)
(45.755898, 29.535969, 0.0)
(45.763187, 29.371389, 0.0)
(45.725147, 29.233818, 0.0)
(45.731792, 29.086153, 0.0)
(45.747833, 28.845087, 0.0)
(45.816364, 27.260302, 0.0)
(45.798428, 27.154655, 0.0)
(45.786545, 27.127337, 0.0)
(45.762371, 26.987213, 0.0)
(45.754040, 26.934046, 0.0)
(45.718769, 26.800478, 0.0)
(44.811565, 25.227522, 0.0)
(44.659538, 24.193508, 0.0)
(44.651867, 24.155018, 0.0)
(44.646458, 24.184355, 0.0)
(44.612995, 24.186958, 0.0)
(44.598759, 24.182375, 0.0)
(44.766190, 23.920362, 0.0)
(44.759811, 23.737022, 0.0)
(44.757957, 23.697260, 0.0)
(44.754501, 23.687357, 0.0)
(44.743168, 23.701405, 0.0)
(44.504200, 23.605782, 0.0)
(44.470959, 23.776381, 0.0)
(44.551685, 24.197680, 0.0)
(44.613617, 24.209381, 0.0)
(44.622776, 24.155010, 0.0)
(44.608780, 24.101788, 0.0)
(44.597984, 24.168308, 0.0)
(44.563789, 24.157784, 0.0)
(44.540363, 24.164209, 0.0)
(44.522350, 24.175234, 0.0)
(44.506470, 24.193949, 0.0)
(44.440548, 24.200727, 0.0)
(44.430058, 24.228750, 0.0)
(44.190987, 24.257536, 0.0)
(43.905930, 24.341589, 0.0)
(43.864296, 24.378145, 0.0)
(43.842461, 24.401649, 0.0)
(43.870449, 24.404190, 0.0)
(43.917271, 24.451569, 0.0)
(43.881153, 24.504961, 0.0)
(44.387508, 25.326843, 0.0)
(44.436028, 25.835451, 0.0)
(44.440086, 25.881319, 0.0)
(44.496449, 25.890633, 0.0)
(44.531536, 26.007427, 0.0)
(44.523510, 26.073416, 0.0)
(44.944466, 27.192730, 0.0)
(45.456280, 29.667887, 0.0)
(45.342606, 30.293108, 0.0)
(45.299294, 30.332878, 0.0)
(45.294773, 30.299591, 0.0)
(45.296604, 30.311207, 0.0)
(45.293331, 30.296259, 0.0)
(45.297302, 30.308132, 0.0)
(45.299557, 30.332670, 0.0)
(45.304623, 30.365898, 0.0)
(45.298317, 30.404263, 0.0)
(45.301666, 30.449951, 0.0)
(45.313465, 30.489054, 0.0)
(45.321007, 30.499437, 0.0)
(45.322147, 30.551735, 0.0)
(45.343689, 30.592173, 0.0)
(45.326042, 30.606050, 0.0)
(45.348656, 30.688915, 0.0)
(45.352440, 30.761616, 0.0)
(45.281895, 30.822386, 0.0)
(45.411869, 31.862082, 0.0)
(45.261108, 32.131592, 0.0)
(45.334850, 32.353188, 0.0)
(45.404217, 32.416145, 0.0)
(45.406921, 32.400742, 0.0)
(45.399143, 32.389645, 0.0)
(45.393692, 32.448524, 0.0)
(45.396446, 32.447258, 0.0)
(45.381947, 32.469448, 0.0)
(45.138805, 33.084316, 0.0)
(45.104218, 33.206108, 0.0)
(45.088516, 33.209492, 0.0)
(45.052303, 33.214684, 0.0)
(45.029709, 33.230110, 0.0)
(45.010845, 33.230331, 0.0)
(45.009251, 33.248646, 0.0)
(44.987099, 33.249939, 0.0)
(44.994343, 33.215397, 0.0)
(44.991909, 33.154613, 0.0)
(44.962826, 33.088577, 0.0)
(44.172256, 32.678276, 0.0)
(44.028954, 32.547668, 0.0)
(44.033398, 32.497002, 0.0)
(44.038738, 32.427303, 0.0)
(44.018406, 32.341095, 0.0)
(44.033424, 32.226101, 0.0)
(44.019482, 32.095840, 0.0)
(44.583008, 31.643898, 0.0)
(44.638474, 31.325035, 0.0)
(44.625832, 31.221891, 0.0)
(44.621593, 31.128977, 0.0)
(44.596291, 31.057091, 0.0)
(44.626308, 30.934053, 0.0)
(44.612820, 30.798849, 0.0)
(44.601452, 30.688076, 0.0)
(43.977409, 28.949383, 0.0)
(43.975048, 28.763849, 0.0)
(43.983044, 28.722775, 0.0)
(43.994930, 28.658892, 0.0)
(43.976742, 28.565159, 0.0)
(43.982758, 28.509495, 0.0)
(43.982079, 28.422213, 0.0)
(43.971336, 28.347870, 0.0)
(44.129684, 27.942884, 0.0)
(44.328968, 26.761789, 0.0)
(44.284805, 26.641840, 0.0)
(44.249172, 26.605663, 0.0)
(44.241623, 26.599094, 0.0)
(44.252899, 26.551592, 0.0)
(44.246532, 26.517653, 0.0)
(43.478298, 25.611189, 0.0)
(43.174824, 24.453333, 0.0)
(43.170734, 24.406322, 0.0)
(43.161888, 24.430683, 0.0)
(43.142700, 24.417706, 0.0)
(43.127964, 24.418116, 0.0)
(43.306973, 24.022511, 0.0)
(43.286007, 23.937725, 0.0)
(43.270424, 23.921038, 0.0)
(43.262066, 23.895830, 0.0)
(43.261734, 23.871788, 0.0)
(43.244091, 23.888662, 0.0)
(43.233448, 23.912189, 0.0)
(43.186172, 23.953171, 0.0)
(42.675018, 24.227684, 0.0)
(42.627388, 24.311388, 0.0)
(42.614807, 24.274776, 0.0)
(42.585968, 24.257683, 0.0)
(42.583817, 24.245846, 0.0)
(42.536274, 24.259222, 0.0)
(42.546505, 24.288578, 0.0)
(42.536404, 24.299711, 0.0)
(42.510841, 24.310452, 0.0)
(42.450867, 24.307249, 0.0)
(42.442459, 24.271873, 0.0)
(42.427856, 24.246155, 0.0)
(42.436882, 24.283524, 0.0)
(42.420765, 24.321215, 0.0)
(42.405003, 24.358843, 0.0)
(42.528564, 25.311434, 0.0)
(42.451908, 25.440609, 0.0)
(42.563114, 25.941036, 0.0)
(42.589245, 26.100307, 0.0)
(42.588207, 26.139320, 0.0)
(42.624313, 26.233866, 0.0)
(42.627697, 26.320189, 0.0)
(42.625175, 26.399355, 0.0)
(43.106976, 27.299892, 0.0)
(43.493710, 29.041136, 0.0)
(43.485603, 29.211515, 0.0)
(43.482174, 29.232735, 0.0)
(43.468918, 29.243265, 0.0)
(43.463261, 29.252340, 0.0)
(43.467854, 29.307928, 0.0)
(43.463058, 29.348532, 0.0)
(43.457973, 29.366871, 0.0)
(43.469128, 29.432861, 0.0)
(43.475658, 29.443024, 0.0)
(43.472122, 29.452854, 0.0)
(43.488594, 29.476799, 0.0)
(43.484417, 30.293940, 0.0)
(43.562500, 31.160818, 0.0)
(43.531696, 31.251862, 0.0)
(43.512699, 31.270863, 0.0)
(43.512981, 31.301107, 0.0)
(43.501354, 31.298565, 0.0)
(43.502304, 31.301922, 0.0)
(43.495876, 31.346998, 0.0)
(43.478436, 31.388586, 0.0)
(43.506252, 32.766743, 0.0)
(43.787830, 33.836426, 0.0)
(43.455578, 32.991337, 0.0)
(43.361546, 32.626614, 0.0)
(43.349503, 32.647808, 0.0)
(43.309589, 32.644501, 0.0)
(43.304413, 32.667347, 0.0)
(43.308704, 32.689579, 0.0)
(43.305038, 32.719627, 0.0)
(43.371143, 33.617001, 0.0)
(43.365162, 33.697952, 0.0)
(43.340309, 33.707119, 0.0)
(43.306973, 33.690651, 0.0)
(43.256500, 33.617790, 0.0)
(43.231941, 33.611584, 0.0)
(43.196804, 33.615486, 0.0)
(43.168262, 33.676922, 0.0)
(43.147507, 33.609436, 0.0)
(43.056870, 33.517776, 0.0)
(42.252857, 32.705181, 0.0)
(42.163242, 32.583580, 0.0)
(42.176132, 32.485466, 0.0)
(42.137730, 32.311714, 0.0)
(42.142227, 32.182098, 0.0)
(42.132305, 32.002228, 0.0)
(42.127014, 31.857630, 0.0)
(42.103058, 31.747026, 0.0)
(42.083755, 31.571743, 0.0)
(42.085480, 31.502586, 0.0)
(42.082436, 31.348951, 0.0)
(42.072342, 31.223051, 0.0)
(42.063156, 31.062674, 0.0)
(42.064781, 30.908075, 0.0)
(42.315479, 29.177006, 0.0)
(42.265564, 28.747379, 0.0)
(42.230236, 28.700048, 0.0)
(42.200882, 28.683903, 0.0)
(42.165089, 28.629116, 0.0)
(42.139481, 28.572371, 0.0)
(42.138138, 28.523018, 0.0)
(42.139019, 28.449741, 0.0)
(42.132767, 28.412981, 0.0)
(42.102337, 28.366381, 0.0)
(41.558052, 27.196817, 0.0)
(41.446766, 26.620119, 0.0)
(41.468983, 26.561546, 0.0)
(41.428360, 26.493927, 0.0)
(41.418457, 26.399670, 0.0)
(41.407555, 26.335560, 0.0)
(41.344662, 24.672323, 0.0)
(41.132320, 24.266399, 0.0)
(41.119869, 24.287277, 0.0)
(41.103157, 24.300592, 0.0)
(41.076668, 24.302288, 0.0)
(41.080585, 24.288385, 0.0)
(41.056690, 24.288504, 0.0)
(41.055740, 24.294340, 0.0)
(41.043289, 24.291885, 0.0)
(41.029091, 24.326408, 0.0)
(41.030872, 24.353291, 0.0)
(40.991184, 24.339331, 0.0)
(40.965828, 24.325668, 0.0)
(40.957630, 24.290733, 0.0)
(40.900360, 24.284742, 0.0)
(40.881237, 24.275249, 0.0)
(40.845020, 24.309435, 0.0)
(40.764835, 24.289021, 0.0)
(40.420700, 24.490017, 0.0)
(39.986099, 24.774893, 0.0)
(39.949745, 24.769651, 0.0)
(39.977375, 24.771421, 0.0)
(39.948586, 24.796833, 0.0)
(39.925949, 24.804523, 0.0)
(39.870274, 24.895847, 0.0)
(40.511044, 25.739119, 0.0)
(40.796463, 27.577829, 0.0)
(40.904018, 28.340111, 0.0)
(40.893234, 28.393213, 0.0)
(40.899052, 28.404703, 0.0)
(40.878445, 28.483004, 0.0)
(40.870243, 28.507511, 0.0)
(40.881283, 28.523438, 0.0)
(40.890553, 28.541538, 0.0)
(40.893814, 28.554071, 0.0)
(41.237762, 29.611372, 0.0)
(41.303532, 31.191788, 0.0)
(41.228214, 31.394131, 0.0)
(41.158916, 31.395346, 0.0)
(41.140194, 31.367905, 0.0)
(41.115826, 31.371984, 0.0)
(41.087513, 31.425152, 0.0)
(41.084084, 31.441380, 0.0)
(41.081593, 31.478264, 0.0)
(41.075485, 31.496437, 0.0)
(41.071186, 31.545897, 0.0)
(41.077290, 31.558727, 0.0)
(41.072472, 31.580090, 0.0)
(41.073341, 31.602867, 0.0)
(41.066021, 31.596300, 0.0)
(41.061314, 31.626539, 0.0)
(41.061779, 31.692657, 0.0)
(41.072845, 31.754641, 0.0)
(41.083969, 31.771799, 0.0)
(41.470490, 32.380260, 0.0)
(41.468246, 32.693619, 0.0)
(41.431778, 32.805187, 0.0)
(41.434685, 32.833954, 0.0)
(41.427189, 32.859428, 0.0)
(41.415897, 32.875000, 0.0)
(41.341686, 33.076420, 0.0)
(40.930000, 34.044224, 0.0)
(40.886234, 34.090775, 0.0)
(40.874149, 34.010223, 0.0)
(40.849121, 33.978756, 0.0)
(40.834305, 33.992512, 0.0)
(40.829536, 33.990047, 0.0)
(40.802498, 34.023125, 0.0)
(40.792339, 34.034618, 0.0)
(40.775429, 33.970169, 0.0)
(40.755112, 33.941402, 0.0)
(40.752331, 33.932156, 0.0)
(40.742622, 33.833828, 0.0)
(40.735153, 33.806683, 0.0)
(40.719765, 33.811481, 0.0)
(40.697556, 33.763638, 0.0)
(40.684593, 33.715855, 0.0)
(40.681320, 33.660801, 0.0)
(40.023262, 32.120640, 0.0)
(40.007671, 31.636202, 0.0)
(39.985950, 31.524227, 0.0)
(39.992470, 31.436506, 0.0)
(40.008839, 31.333704, 0.0)
(39.989414, 31.238663, 0.0)
(39.990437, 31.146564, 0.0)
(40.101379, 30.826202, 0.0)
(40.531956, 28.691658, 0.0)
(40.454948, 28.350807, 0.0)
(40.466633, 28.302994, 0.0)
(40.446163, 28.258734, 0.0)
(40.427532, 28.251873, 0.0)
(40.395817, 28.235023, 0.0)
(40.390205, 28.185913, 0.0)
(39.932693, 27.759071, 0.0)
(39.695862, 27.093603, 0.0)
(40.004753, 26.078678, 0.0)
(39.974030, 25.877306, 0.0)
(39.966339, 25.877970, 0.0)
(39.954597, 25.876083, 0.0)
(39.947670, 25.878565, 0.0)
(39.930927, 25.829556, 0.0)
(39.108601, 25.050974, 0.0)
(39.024456, 24.887449, 0.0)
(39.031651, 24.845222, 0.0)
(39.022129, 24.837036, 0.0)
(39.019821, 24.817703, 0.0)
(39.017982, 24.801746, 0.0)
(39.026363, 24.770672, 0.0)
(39.035934, 24.755760, 0.0)
(39.046070, 24.757309, 0.0)
(39.017437, 24.778336, 0.0)
(39.003216, 24.730850, 0.0)
(39.017994, 24.710014, 0.0)
(39.024780, 24.707439, 0.0)
(39.021969, 24.709927, 0.0)
(39.009251, 24.680475, 0.0)
(38.998604, 24.687004, 0.0)
(38.998005, 24.669838, 0.0)
(38.990124, 24.665609, 0.0)
(38.950741, 24.679102, 0.0)
(38.917839, 24.682220, 0.0)
(38.123642, 24.767601, 0.0)
(38.032444, 24.778164, 0.0)
(38.064960, 24.793236, 0.0)
(38.050888, 24.780619, 0.0)
(38.034222, 24.789841, 0.0)
(38.015690, 24.841600, 0.0)
(37.978901, 24.827526, 0.0)
(37.981110, 24.852783, 0.0)
(37.975128, 24.874468, 0.0)
(37.969185, 24.978046, 0.0)
(38.432621, 26.384489, 0.0)
(38.462952, 27.031742, 0.0)
(38.420525, 27.124651, 0.0)
(38.420006, 27.183804, 0.0)
(38.417858, 27.225445, 0.0)
(38.395256, 27.281429, 0.0)
(38.402859, 27.308649, 0.0)
(38.411945, 27.346354, 0.0)
(38.418018, 27.421143, 0.0)
(38.411613, 27.519339, 0.0)
(39.315491, 29.424213, 0.0)
(39.201820, 30.023571, 0.0)
(39.150227, 30.066603, 0.0)
(39.114925, 30.078279, 0.0)
(39.089943, 30.096043, 0.0)
(39.078167, 30.115467, 0.0)
(39.041531, 30.100250, 0.0)
(38.606998, 31.636312, 0.0)
(39.274796, 33.123363, 0.0)
(39.264362, 33.173836, 0.0)
(39.186047, 33.141563, 0.0)
(39.169262, 33.093628, 0.0)
(39.141579, 33.079590, 0.0)
(39.138809, 33.074291, 0.0)
(39.125107, 33.072052, 0.0)
(39.126492, 33.118481, 0.0)
(39.134174, 33.103931, 0.0)
(39.130959, 33.081627, 0.0)
(39.116436, 33.104012, 0.0)
(39.336311, 33.351810, 0.0)
(39.576691, 34.256023, 0.0)
(39.537968, 34.414532, 0.0)
(39.532681, 34.421432, 0.0)
(39.511547, 34.406200, 0.0)
(39.492973, 34.340839, 0.0)
(39.499088, 34.327564, 0.0)
(39.074337, 34.613636, 0.0)
(39.028618, 34.869076, 0.0)
(39.039547, 34.879227, 0.0)
(39.031452, 34.899754, 0.0)
(39.017242, 34.878353, 0.0)
(38.980957, 34.890797, 0.0)
(38.960121, 34.866837, 0.0)
(38.950924, 34.841599, 0.0)
(38.933647, 34.831997, 0.0)
(38.907932, 34.750557, 0.0)
(38.890980, 34.720963, 0.0)
(38.900414, 34.686111, 0.0)
(38.855900, 34.674355, 0.0)
(38.034489, 35.265503, 0.0)
(37.948692, 35.312851, 0.0)
(37.952377, 35.195347, 0.0)
(37.933208, 35.140976, 0.0)
(37.908146, 35.008858, 0.0)
(37.887245, 34.930439, 0.0)
(38.173725, 34.068989, 0.0)
(38.305328, 32.833221, 0.0)
(38.264847, 32.665241, 0.0)
(38.267544, 32.540699, 0.0)
(38.239933, 32.321552, 0.0)
(38.245522, 32.058857, 0.0)
(38.240349, 31.881393, 0.0)
(38.242775, 31.734974, 0.0)
(38.234818, 31.602417, 0.0)
(38.220676, 31.437204, 0.0)
(38.226437, 31.304789, 0.0)
(38.225746, 31.138939, 0.0)
(38.093781, 30.373043, 0.0)
(37.995056, 27.629734, 0.0)
(37.932182, 27.405035, 0.0)
(37.892258, 27.413559, 0.0)
(37.840866, 27.368168, 0.0)
(37.801598, 27.350933, 0.0)
(37.724823, 26.825600, 0.0)
(37.450596, 25.146999, 0.0)
(37.312714, 24.881281, 0.0)
(37.280586, 24.868910, 0.0)
(37.270004, 24.850407, 0.0)
(37.259937, 24.864090, 0.0)
(37.253036, 24.888252, 0.0)
(37.261848, 24.900621, 0.0)
(37.255943, 24.879936, 0.0)
(37.257061, 24.856438, 0.0)
(37.255142, 24.812754, 0.0)
(37.255314, 24.788954, 0.0)
(37.253273, 24.809105, 0.0)
(37.239208, 24.819109, 0.0)
(37.238995, 24.837788, 0.0)
(37.218277, 24.857910, 0.0)
(37.201836, 24.848112, 0.0)
(37.211819, 24.820463, 0.0)
(37.226254, 24.804733, 0.0)
(36.685360, 24.914490, 0.0)
(36.613964, 24.931581, 0.0)
(36.604008, 24.943590, 0.0)
(36.567528, 24.977943, 0.0)
(36.550713, 24.991508, 0.0)
(36.539623, 24.966026, 0.0)
(36.517979, 24.946022, 0.0)
(36.499641, 24.934607, 0.0)
(36.494465, 24.966402, 0.0)
(35.738598, 25.661539, 0.0)
(35.530907, 26.090197, 0.0)
(35.496132, 26.116688, 0.0)
(35.478859, 26.144335, 0.0)
(35.476288, 26.170818, 0.0)
(35.484840, 26.213593, 0.0)
(36.317806, 27.009592, 0.0)
(36.353577, 27.271067, 0.0)
(36.342934, 27.376495, 0.0)
(36.368534, 27.464109, 0.0)
(36.386787, 27.519005, 0.0)
(36.422070, 27.560955, 0.0)
(36.440022, 27.673199, 0.0)
(36.450260, 27.728872, 0.0)
(36.605049, 28.249411, 0.0)
(36.895638, 29.474026, 0.0)
(36.889374, 29.631090, 0.0)
(36.884262, 29.663418, 0.0)
(36.864937, 29.713106, 0.0)
(36.868225, 29.761309, 0.0)
(36.869648, 29.798012, 0.0)
(36.857136, 29.813074, 0.0)
(36.871899, 29.834244, 0.0)
(36.888386, 29.874172, 0.0)
(36.923264, 30.573154, 0.0)
(37.009380, 31.290037, 0.0)
(37.014046, 31.395691, 0.0)
(36.974102, 31.494307, 0.0)
(36.954636, 31.548717, 0.0)
(36.967693, 31.585928, 0.0)
(36.950272, 31.636171, 0.0)
(36.961914, 31.705540, 0.0)
(37.321205, 33.165306, 0.0)
(37.294903, 33.406971, 0.0)
(37.228813, 33.427120, 0.0)
(37.202824, 33.452896, 0.0)
(37.193508, 33.519409, 0.0)
(37.172165, 33.551510, 0.0)
(36.798508, 33.961124, 0.0)
(36.752384, 34.061699, 0.0)
(36.756603, 34.091991, 0.0)
(36.741295, 34.132347, 0.0)
(36.706833, 34.158581, 0.0)
(36.683247, 34.191017, 0.0)
(36.615761, 34.206882, 0.0)
(35.925903, 34.714142, 0.0)
(35.885895, 34.727287, 0.0)
(35.867359, 34.721809, 0.0)
(35.834164, 34.743992, 0.0)
(35.801544, 34.711414, 0.0)
(35.764954, 34.635181, 0.0)
(35.745342, 34.561485, 0.0)
(35.711678, 34.542324, 0.0)
(35.672405, 34.522793, 0.0)
(35.353107, 34.508224, 0.0)
(35.330204, 34.446537, 0.0)
(35.331791, 34.393654, 0.0)
(35.325420, 34.309719, 0.0)
(35.320057, 34.176029, 0.0)
(35.316933, 34.118904, 0.0)
(35.327141, 33.990440, 0.0)
(35.317421, 33.889950, 0.0)
(35.329624, 33.707558, 0.0)
(35.310791, 33.592133, 0.0)
(35.312176, 33.453506, 0.0)
(35.318737, 33.353161, 0.0)
(35.314518, 33.323883, 0.0)
(35.312138, 33.208504, 0.0)
(35.339901, 32.908428, 0.0)
(35.422771, 31.778763, 0.0)
(35.401062, 31.580002, 0.0)
(35.443359, 31.465374, 0.0)
(35.429291, 31.363310, 0.0)
(35.416454, 31.187967, 0.0)
(35.422836, 31.049921, 0.0)
(35.407776, 30.890209, 0.0)
(35.412155, 30.683916, 0.0)
(35.414391, 30.562227, 0.0)
(35.418201, 30.436911, 0.0)
(35.421703, 30.256971, 0.0)
(35.450027, 29.413271, 0.0)
(35.353661, 28.199144, 0.0)
(35.336235, 28.005650, 0.0)
(35.307076, 27.920597, 0.0)
(35.293888, 27.794977, 0.0)
(35.279541, 27.680166, 0.0)
(35.260937, 27.591328, 0.0)
(35.262398, 27.471605, 0.0)
(35.256721, 27.433886, 0.0)
(35.045387, 26.949707, 0.0)
(34.936119, 26.341034, 0.0)
(34.890469, 26.307728, 0.0)
(34.899025, 26.271069, 0.0)
(34.876709, 26.223951, 0.0)
(34.880447, 26.222372, 0.0)
(34.890732, 26.196308, 0.0)
(34.887379, 26.204479, 0.0)
(34.884914, 26.232122, 0.0)
(34.864750, 26.221510, 0.0)
(34.826511, 26.168756, 0.0)
(34.798271, 26.142185, 0.0)
(34.249660, 25.893471, 0.0)
(34.168613, 25.883104, 0.0)
(34.157181, 25.885420, 0.0)
(34.102310, 25.916866, 0.0)
(34.079250, 25.967918, 0.0)
(34.067066, 26.021450, 0.0)
(34.037270, 26.057596, 0.0)
(34.028702, 26.056234, 0.0)
(33.992058, 26.102070, 0.0)
(33.976177, 26.112494, 0.0)
(33.944004, 26.603336, 0.0)
(33.916058, 26.788521, 0.0)
(33.923397, 26.847029, 0.0)
(33.910992, 26.919094, 0.0)
(33.903496, 26.976915, 0.0)
(33.889492, 26.976482, 0.0)
(34.357533, 28.208145, 0.0)
(34.340584, 29.108135, 0.0)
(34.307831, 29.230549, 0.0)
(34.279320, 29.299807, 0.0)
(34.264191, 29.348703, 0.0)
(34.264191, 29.348703, 0.0)
(34.263195, 29.355560, 0.0)
(34.580444, 29.789835, 0.0)
(35.187057, 31.257433, 0.0)
(35.223324, 31.864508, 0.0)
(35.208527, 31.883131, 0.0)
(35.173553, 31.874763, 0.0)
(35.126534, 31.868008, 0.0)
(35.120594, 31.869886, 0.0)
(35.092834, 31.842968, 0.0)
(35.068420, 31.823328, 0.0)
(35.076553, 31.802021, 0.0)
(35.066162, 31.816488, 0.0)
(35.053749, 31.783728, 0.0)
(34.544640, 32.768166, 0.0)
(34.568104, 33.451797, 0.0)
(34.562523, 33.525833, 0.0)
(34.521194, 33.541237, 0.0)
(34.891621, 33.831024, 0.0)
(35.153225, 34.506367, 0.0)
(35.118317, 34.660038, 0.0)
(35.090893, 34.685890, 0.0)
(35.028374, 34.667992, 0.0)
(35.020123, 34.685349, 0.0)
(34.865509, 34.905163, 0.0)
(34.804714, 35.300594, 0.0)
(34.785133, 35.312485, 0.0)
(34.751785, 35.277985, 0.0)
(34.722900, 35.284332, 0.0)
(34.717728, 35.283257, 0.0)
(34.701401, 35.280540, 0.0)
(34.681515, 35.239082, 0.0)
(34.666271, 35.241150, 0.0)
(34.643040, 35.210186, 0.0)
(34.662487, 35.230465, 0.0)
(34.636295, 35.173874, 0.0)
(34.552204, 35.198868, 0.0)
(33.645668, 35.205341, 0.0)
(33.553814, 35.189430, 0.0)
(33.546486, 35.163231, 0.0)
(33.527130, 35.062801, 0.0)
(33.483017, 34.885960, 0.0)
(33.465233, 34.801186, 0.0)
(33.479336, 34.721573, 0.0)
(33.455364, 34.582790, 0.0)
(33.450745, 34.497280, 0.0)
(33.430332, 32.444332, 0.0)
(33.365345, 32.148148, 0.0)
(33.330540, 32.117443, 0.0)
(33.295746, 32.048977, 0.0)
(33.301216, 32.041416, 0.0)
(33.272446, 32.026512, 0.0)
(33.263153, 31.958107, 0.0)
(33.281113, 31.875607, 0.0)
(33.293301, 31.778616, 0.0)
(33.296486, 31.673666, 0.0)
(33.320053, 31.560375, 0.0)
(33.438488, 30.813086, 0.0)
(33.436752, 28.923698, 0.0)
(33.410637, 28.781849, 0.0)
(33.404022, 28.791040, 0.0)
(33.413090, 28.766411, 0.0)
(33.417923, 28.761000, 0.0)
(33.407040, 28.712360, 0.0)
(33.433769, 28.391306, 0.0)
(33.344418, 26.331682, 0.0)
(33.182377, 26.203352, 0.0)
(33.144123, 26.273390, 0.0)
(33.145008, 26.302244, 0.0)
(33.146732, 26.264935, 0.0)
(33.076511, 26.255547, 0.0)
(32.849125, 26.062189, 0.0)
(32.828140, 26.026224, 0.0)
(32.815022, 26.075596, 0.0)
(32.805069, 26.092026, 0.0)
(32.799721, 26.098455, 0.0)
(32.804935, 26.087606, 0.0)
(32.804890, 26.053829, 0.0)
(32.798489, 26.053583, 0.0)
(32.861523, 26.377258, 0.0)
(32.835854, 26.490023, 0.0)
(32.844269, 26.447567, 0.0)
(32.811424, 26.392899, 0.0)
(32.814030, 26.369524, 0.0)
(32.808167, 26.338724, 0.0)
(32.805386, 26.309578, 0.0)
(32.812077, 26.250179, 0.0)
(32.790401, 26.266064, 0.0)
(32.747421, 26.366497, 0.0)
(32.084747, 27.410114, 0.0)
(32.008358, 27.553167, 0.0)
(31.972885, 27.555143, 0.0)
(31.922234, 27.521183, 0.0)
(32.192635, 28.133163, 0.0)
(32.513416, 29.777981, 0.0)
(32.614590, 30.542204, 0.0)
(32.549931, 30.688837, 0.0)
(32.496582, 30.726891, 0.0)
(32.460030, 30.837618, 0.0)
(32.462193, 30.899059, 0.0)
(32.457493, 30.899498, 0.0)
(32.457005, 30.909561, 0.0)
(32.454437, 30.860407, 0.0)
(32.448803, 30.815945, 0.0)
(33.064980, 32.018791, 0.0)
(33.327496, 33.441174, 0.0)
(33.257805, 33.496250, 0.0)
(33.196686, 33.496357, 0.0)
(33.157761, 33.511917, 0.0)
(33.152302, 33.592384, 0.0)
(33.123112, 33.637848, 0.0)
(33.116375, 33.644657, 0.0)
(33.114010, 33.704586, 0.0)
(33.126736, 33.715710, 0.0)
(33.091599, 33.742962, 0.0)
(33.098190, 33.783226, 0.0)
(33.085602, 33.769642, 0.0)
(33.091805, 33.754986, 0.0)
(33.100777, 33.745384, 0.0)
(33.088455, 33.719349, 0.0)
(33.088455, 33.719349, 0.0)
(33.094925, 33.752438, 0.0)
(33.134636, 34.336311, 0.0)
(33.313740, 34.880001, 0.0)
(33.320343, 34.875114, 0.0)
(33.288841, 34.868767, 0.0)
(33.400227, 34.960968, 0.0)
(33.865231, 35.701405, 0.0)
(33.850842, 35.844204, 0.0)
(33.823208, 35.847656, 0.0)
(33.784199, 35.831245, 0.0)
(33.755699, 35.821472, 0.0)
(33.733776, 35.787292, 0.0)
(33.710262, 35.715664, 0.0)
(33.699837, 35.679302, 0.0)
(32.727486, 35.854450, 0.0)
(31.887770, 35.058746, 0.0)
(31.780083, 34.363270, 0.0)
(31.746027, 34.304123, 0.0)
(31.694288, 34.351254, 0.0)
(31.685810, 34.321846, 0.0)
(31.692642, 34.263756, 0.0)
(31.620386, 32.953846, 0.0)
(31.559284, 32.831001, 0.0)
(31.534784, 32.853798, 0.0)
(31.541021, 32.861755, 0.0)
(31.533381, 32.837059, 0.0)
(31.510569, 32.829830, 0.0)
(31.518431, 32.796310, 0.0)
(31.504328, 32.747383, 0.0)
(31.497700, 32.711628, 0.0)
(31.502695, 32.681637, 0.0)
(31.495972, 32.654682, 0.0)
(31.486477, 32.668270, 0.0)
(31.485662, 32.662086, 0.0)
(31.476431, 32.643879, 0.0)
(31.470896, 32.590103, 0.0)
(31.681662, 32.767693, 0.0)
(31.691887, 32.739147, 0.0)
(31.673117, 32.600224, 0.0)
(31.651701, 32.454422, 0.0)
(31.642511, 32.361275, 0.0)
(31.654667, 32.201912, 0.0)
(31.655996, 32.052425, 0.0)
(31.655178, 31.877790, 0.0)
(31.656601, 31.759331, 0.0)
(31.665298, 31.630989, 0.0)
(31.577627, 31.305462, 0.0)
(31.352325, 29.710255, 0.0)
(31.280005, 28.357452, 0.0)
(31.246258, 28.287914, 0.0)
(31.204563, 28.303631, 0.0)
(31.182493, 28.229944, 0.0)
(31.161627, 28.175543, 0.0)
(31.159168, 28.139030, 0.0)
(31.322119, 27.311724, 0.0)
(31.300081, 26.998678, 0.0)
(31.256824, 26.999161, 0.0)
(31.261953, 27.055460, 0.0)
(31.243227, 27.012203, 0.0)
(31.218945, 26.943289, 0.0)
(30.763687, 26.538710, 0.0)
(30.634699, 26.801922, 0.0)
(30.730621, 27.200520, 0.0)
(30.896793, 27.451595, 0.0)
(30.899788, 27.484791, 0.0)
(30.899788, 27.484791, 0.0)
(30.906483, 27.480370, 0.0)
(30.894735, 27.468037, 0.0)
(30.875105, 27.472223, 0.0)
(30.871038, 27.476112, 0.0)
(30.854113, 27.508066, 0.0)
(30.832590, 27.536953, 0.0)
(30.837770, 27.579752, 0.0)
(30.803560, 27.545300, 0.0)
(30.560558, 28.017651, 0.0)
(30.541515, 29.438202, 0.0)
(30.679235, 29.721113, 0.0)
(30.632685, 29.779278, 0.0)
(30.591709, 29.803774, 0.0)
(30.568987, 29.831438, 0.0)
(30.228901, 31.287912, 0.0)
(30.683031, 32.824604, 0.0)
(31.149902, 33.485889, 0.0)
(31.141090, 33.522514, 0.0)
(31.055130, 33.488091, 0.0)
(31.038567, 33.517487, 0.0)
(31.011333, 33.537762, 0.0)
(30.967232, 33.528305, 0.0)
(30.946056, 33.519108, 0.0)
(30.950459, 33.484814, 0.0)
(30.922697, 33.482471, 0.0)
(30.918270, 33.484268, 0.0)
(30.917768, 33.484936, 0.0)
(30.902460, 33.522663, 0.0)
(30.898777, 33.541874, 0.0)
(30.886395, 33.548409, 0.0)
(30.880867, 33.563393, 0.0)
(30.881056, 33.591114, 0.0)
(30.887415, 33.606262, 0.0)
(30.885302, 33.662998, 0.0)
(30.884180, 33.668327, 0.0)
(30.913538, 33.782455, 0.0)
(31.263338, 34.386707, 0.0)
(31.276236, 34.429470, 0.0)
(31.271137, 34.420300, 0.0)
(31.253014, 34.461323, 0.0)
(31.239050, 34.406742, 0.0)
(31.108135, 35.267132, 0.0)
(31.194775, 35.438267, 0.0)
(31.163046, 35.439423, 0.0)
(31.137957, 35.449715, 0.0)
(31.118212, 35.429249, 0.0)
(31.111237, 35.470375, 0.0)
(31.086704, 35.455589, 0.0)
(31.068510, 35.444717, 0.0)
(31.050688, 35.438328, 0.0)
(31.062298, 35.432560, 0.0)
(30.852589, 35.822102, 0.0)
(30.845650, 36.017670, 0.0)
(30.835043, 35.990150, 0.0)
(30.821024, 35.973152, 0.0)
(30.794889, 35.976521, 0.0)
(30.783808, 35.958801, 0.0)
(30.758984, 35.924191, 0.0)
(30.743313, 35.907745, 0.0)
(30.710009, 35.926083, 0.0)
(30.703974, 35.884941, 0.0)
(30.676640, 35.853088, 0.0)
(30.488424, 35.900860, 0.0)
(30.499357, 35.779091, 0.0)
(30.489201, 35.620850, 0.0)
(30.479549, 35.578354, 0.0)
(30.479362, 35.530556, 0.0)
(30.459881, 35.479282, 0.0)
(30.461603, 35.396156, 0.0)
(30.448214, 35.293419, 0.0)
(30.430042, 35.195721, 0.0)
(30.434280, 35.051449, 0.0)
(30.430794, 34.889572, 0.0)
(30.443159, 34.737141, 0.0)
(30.356886, 33.874931, 0.0)
(30.253517, 33.204662, 0.0)
(30.205259, 33.071430, 0.0)
(30.207386, 32.944614, 0.0)
(30.191051, 32.802216, 0.0)
(30.174221, 32.636948, 0.0)
(29.995678, 32.074966, 0.0)
(29.735161, 29.890549, 0.0)
(29.646925, 29.175552, 0.0)
(29.639868, 29.182663, 0.0)
(29.644911, 29.253925, 0.0)
(29.624416, 29.257023, 0.0)
(29.619236, 29.255497, 0.0)
(29.376635, 28.667500, 0.0)
(29.340168, 28.474020, 0.0)
(29.345579, 28.509274, 0.0)
(29.333939, 28.585966, 0.0)
(29.321304, 28.571026, 0.0)
(29.318233, 28.549097, 0.0)
(29.309187, 28.541525, 0.0)
(29.302118, 28.488523, 0.0)
(29.289526, 28.467999, 0.0)
(29.267248, 28.453520, 0.0)
(29.249880, 28.499628, 0.0)
(29.251276, 28.498062, 0.0)
(29.230265, 28.489830, 0.0)
(29.227650, 28.471527, 0.0)
(29.213911, 28.429827, 0.0)
(29.214565, 28.413761, 0.0)
(29.207855, 28.378136, 0.0)
(29.210762, 28.328798, 0.0)
(29.224243, 28.312178, 0.0)
(29.246618, 28.288898, 0.0)
(29.223871, 28.299635, 0.0)
(29.213556, 28.339823, 0.0)
(29.207268, 28.339144, 0.0)
(29.177086, 28.338169, 0.0)
(29.159386, 28.370213, 0.0)
(29.134626, 28.378359, 0.0)
(29.125364, 28.389744, 0.0)
(29.108278, 28.408926, 0.0)
(28.900167, 28.862843, 0.0)
(28.880129, 28.909546, 0.0)
(28.876677, 28.923208, 0.0)
(28.872911, 28.932064, 0.0)
(28.876347, 28.952257, 0.0)
(28.859766, 28.959793, 0.0)
(29.357378, 29.831816, 0.0)
(29.400457, 30.875124, 0.0)
(29.347874, 31.025845, 0.0)
(29.323900, 31.041914, 0.0)
(29.288239, 31.038740, 0.0)
(29.272831, 31.083925, 0.0)
(29.262497, 31.043928, 0.0)
(29.209192, 31.362549, 0.0)
(29.616409, 33.214317, 0.0)
(29.959446, 33.770615, 0.0)
(29.955505, 33.811657, 0.0)
(29.913057, 33.788673, 0.0)
(29.892155, 33.801979, 0.0)
(29.882179, 33.812111, 0.0)
(29.866274, 33.840698, 0.0)
(29.844069, 33.878361, 0.0)
(29.843578, 33.883347, 0.0)
(29.841896, 33.913761, 0.0)
(29.813786, 33.923862, 0.0)
(29.817047, 33.910839, 0.0)
(29.816526, 33.931713, 0.0)
(29.815121, 33.952938, 0.0)
(29.810904, 33.993801, 0.0)
(29.793266, 34.035393, 0.0)
(29.705263, 34.311230, 0.0)
(29.895264, 34.901718, 0.0)
(29.902857, 34.952774, 0.0)
(29.901302, 34.956627, 0.0)
(29.892868, 34.950859, 0.0)
(29.891041, 34.989712, 0.0)
(29.892883, 34.994133, 0.0)
(29.899677, 35.421558, 0.0)
(30.243778, 36.137524, 0.0)
(30.238533, 36.153614, 0.0)
(30.203293, 36.121277, 0.0)
(30.187628, 36.133472, 0.0)
(30.179132, 36.145187, 0.0)
(30.166777, 36.157452, 0.0)
(30.171680, 36.171429, 0.0)
(30.172567, 36.143066, 0.0)
(30.342777, 36.484962, 0.0)
(30.374268, 36.522869, 0.0)
(30.358519, 36.488911, 0.0)
(30.351097, 36.453110, 0.0)
(30.359871, 36.434940, 0.0)
(30.366970, 36.473381, 0.0)
(30.355726, 36.478844, 0.0)
(30.629610, 37.444538, 0.0)
(30.722702, 37.618233, 0.0)
(30.729429, 37.579624, 0.0)
(30.710495, 37.558487, 0.0)
(30.726625, 37.538864, 0.0)
(30.707302, 37.535168, 0.0)
(30.701002, 37.527580, 0.0)
(30.698313, 37.497501, 0.0)
(30.705948, 37.500347, 0.0)
(30.697683, 37.510643, 0.0)
(30.707573, 37.437870, 0.0)
(30.713968, 37.373074, 0.0)
(30.728453, 37.379120, 0.0)
(30.547308, 37.457691, 0.0)
(30.491325, 37.509510, 0.0)
(30.518839, 37.449989, 0.0)
(30.456545, 37.424316, 0.0)
(30.471157, 37.418941, 0.0)
(30.474545, 37.364719, 0.0)
(30.450491, 37.368347, 0.0)
(30.454239, 37.373161, 0.0)
(30.447672, 37.361084, 0.0)
(30.440912, 37.368309, 0.0)
(30.445610, 37.382565, 0.0)
(30.611618, 37.489773, 0.0)
(30.629665, 37.478416, 0.0)
(30.618372, 37.413960, 0.0)
(30.639774, 37.400940, 0.0)
(30.640831, 37.384491, 0.0)
(30.637339, 37.370831, 0.0)
(30.685246, 37.380703, 0.0)
(30.659069, 37.326122, 0.0)
(30.659939, 37.176952, 0.0)
(31.779202, 37.171227, 0.0)
