(36.188572, 25.982256, 0.0)
(36.082436, 25.138517, 0.0)
(36.003407, 24.900938, 0.0)
(36.020405, 24.779863, 0.0)
(36.085064, 24.775499, 0.0)
(36.083324, 24.704235, 0.0)
(36.140900, 24.738688, 0.0)
(36.150547, 24.751997, 0.0)
(36.214596, 24.741051, 0.0)
(36.187317, 25.320253, 0.0)
(36.222095, 25.319710, 0.0)
(36.234116, 25.340227, 0.0)
(36.240795, 25.369486, 0.0)
(36.254601, 25.380486, 0.0)
(36.269592, 25.398800, 0.0)
(36.279686, 25.374235, 0.0)
(36.296402, 25.384903, 0.0)
(36.319534, 25.345995, 0.0)
(36.334705, 25.333399, 0.0)
(36.331184, 25.325703, 0.0)
(36.308208, 25.325964, 0.0)
(36.317890, 25.309961, 0.0)
(36.357460, 24.971247, 0.0)
(36.354382, 24.948235, 0.0)
(36.334015, 24.928568, 0.0)
(36.343765, 24.932871, 0.0)
(36.322792, 24.972290, 0.0)
(36.305298, 25.002689, 0.0)
(36.291431, 24.979279, 0.0)
(36.297173, 24.960396, 0.0)
(36.327446, 24.931267, 0.0)
(36.331490, 24.935385, 0.0)
(36.314606, 24.937178, 0.0)
(36.322018, 24.939579, 0.0)
(36.309704, 24.939787, 0.0)
(36.279625, 24.869457, 0.0)
(36.312321, 24.880749, 0.0)
(36.304871, 24.857294, 0.0)
(36.304146, 24.831936, 0.0)
(36.301483, 24.870871, 0.0)
(36.309849, 24.895292, 0.0)
(36.304218, 24.901558, 0.0)
(36.306511, 24.925657, 0.0)
(36.344990, 24.952932, 0.0)
(36.329464, 24.977018, 0.0)
(36.372890, 25.010256, 0.0)
(36.397022, 25.087229, 0.0)
(36.373569, 25.037104, 0.0)
(36.367146, 25.032631, 0.0)
(36.369034, 25.031977, 0.0)
(36.344444, 25.025742, 0.0)
(36.388775, 25.036493, 0.0)
(36.375809, 25.059319, 0.0)
(36.368004, 25.079350, 0.0)
(36.366665, 25.077734, 0.0)
(36.370174, 25.075693, 0.0)
(36.382320, 25.070692, 0.0)
(36.375500, 25.134024, 0.0)
(36.371410, 25.150263, 0.0)
(36.373428, 25.121971, 0.0)
(36.363216, 25.055105, 0.0)
(36.376263, 25.066713, 0.0)
(36.355358, 25.069551, 0.0)
(36.343082, 25.060345, 0.0)
(36.349171, 25.085268, 0.0)
(36.336761, 25.091728, 0.0)
(36.315228, 25.064507, 0.0)
(36.317699, 25.051140, 0.0)
(36.329723, 25.062685, 0.0)
(36.328175, 25.060556, 0.0)
(36.307747, 25.078014, 0.0)
(36.320332, 25.075037, 0.0)
(36.314945, 25.028509, 0.0)
(36.320148, 25.050606, 0.0)
(36.329159, 25.066708, 0.0)
(36.316711, 25.065830, 0.0)
(36.320396, 25.089397, 0.0)
(36.307907, 25.055428, 0.0)
(36.302803, 25.056480, 0.0)
(36.303612, 25.035999, 0.0)
(36.324863, 25.030924, 0.0)
(36.336189, 25.028061, 0.0)
(36.325390, 25.051668, 0.0)
(36.319180, 25.066963, 0.0)
(36.336502, 25.018112, 0.0)
(36.348358, 24.972845, 0.0)
(36.345291, 24.982073, 0.0)
(36.328400, 24.952442, 0.0)
(36.328400, 24.952772, 0.0)
(36.336353, 24.982443, 0.0)
(36.307076, 24.984236, 0.0)
(36.288361, 24.967855, 0.0)
(36.299828, 24.960600, 0.0)
(36.298855, 24.963421, 0.0)
(36.304428, 24.968691, 0.0)
(36.293587, 24.972418, 0.0)
(36.287308, 24.963917, 0.0)
(36.300625, 24.893700, 0.0)
(36.305157, 24.911018, 0.0)
(36.312668, 24.882322, 0.0)
(36.310696, 24.861538, 0.0)
(36.322922, 24.875368, 0.0)
(36.323277, 24.928467, 0.0)
(36.316936, 24.932516, 0.0)
(36.333149, 24.915621, 0.0)
(36.342388, 24.897949, 0.0)
(36.358986, 24.897511, 0.0)
(36.352753, 24.911753, 0.0)
(36.352226, 24.948124, 0.0)
(36.354942, 24.938231, 0.0)
(36.344620, 24.939327, 0.0)
(36.360744, 24.956030, 0.0)
(36.349018, 24.954576, 0.0)
(36.329815, 24.943768, 0.0)
(36.366039, 24.953712, 0.0)
(36.346321, 24.957605, 0.0)
(36.318008, 24.929914, 0.0)
(36.343231, 24.886738, 0.0)
(36.341347, 24.882736, 0.0)
(36.351093, 24.875288, 0.0)
(36.321651, 24.872047, 0.0)
(36.325508, 24.888714, 0.0)
(36.334965, 24.823931, 0.0)
(36.330292, 24.811260, 0.0)
(36.340408, 24.826891, 0.0)
(36.130123, 24.793987, 0.0)
(36.081619, 24.817200, 0.0)
(36.045982, 24.822645, 0.0)
(36.054626, 24.829176, 0.0)
(36.057552, 24.848482, 0.0)
(36.061211, 24.848520, 0.0)
(36.058334, 24.834829, 0.0)
(36.066078, 24.849146, 0.0)
(36.059048, 24.871025, 0.0)
(36.067810, 24.881685, 0.0)
(36.069958, 24.840500, 0.0)
(36.067757, 24.841761, 0.0)
(36.085003, 24.840729, 0.0)
(36.068729, 24.818066, 0.0)
(36.045456, 24.841869, 0.0)
(36.077599, 24.884346, 0.0)
(36.090492, 24.866922, 0.0)
(36.083420, 24.849171, 0.0)
(36.230061, 24.819067, 0.0)
(36.241989, 24.816132, 0.0)
(36.224297, 24.830881, 0.0)
(36.205460, 24.862434, 0.0)
(36.214142, 24.868925, 0.0)
(36.229004, 24.800508, 0.0)
(36.219978, 24.774118, 0.0)
(36.235119, 24.763752, 0.0)
(36.213158, 24.725260, 0.0)
(36.212765, 24.772409, 0.0)
(36.217548, 24.777262, 0.0)
(36.209652, 24.790182, 0.0)
(36.203323, 24.785927, 0.0)
(36.214699, 24.777473, 0.0)
(36.209389, 24.784632, 0.0)
(36.221199, 24.784231, 0.0)
(36.214069, 24.832596, 0.0)
(36.208912, 24.864155, 0.0)
(36.226082, 24.822472, 0.0)
(36.222977, 24.783216, 0.0)
(36.233604, 24.803335, 0.0)
(36.239166, 24.783203, 0.0)
(36.233604, 24.803335, 0.0)
(36.228008, 24.809891, 0.0)
(36.192226, 24.842302, 0.0)
(36.166542, 24.837160, 0.0)
(36.198231, 24.847540, 0.0)
(36.203300, 24.853228, 0.0)
(36.206173, 24.811810, 0.0)
(36.163258, 24.854048, 0.0)
(37.581394, 25.596878, 0.0)
(40.963985, 26.960205, 0.0)
(42.680931, 28.115917, 0.0)
(43.233086, 28.486443, 0.0)
(43.258781, 28.487173, 0.0)
(43.224480, 28.477530, 0.0)
(43.241642, 28.539930, 0.0)
(43.556725, 30.003241, 0.0)
(43.608345, 30.158247, 0.0)
(43.613453, 30.136169, 0.0)
(43.616730, 30.115240, 0.0)
(43.615639, 30.080397, 0.0)
(43.618771, 30.083378, 0.0)
(43.614693, 30.100870, 0.0)
(43.587841, 30.080500, 0.0)
(43.582073, 30.037264, 0.0)
(43.586857, 30.020386, 0.0)
(43.594425, 30.040579, 0.0)
(43.562977, 30.047834, 0.0)
(43.589390, 30.021664, 0.0)
(43.613605, 30.031361, 0.0)
(43.420391, 26.581202, 0.0)
(43.054066, 23.061283, 0.0)
(43.018448, 21.510366, 0.0)
(43.125145, 21.094231, 0.0)
(43.152668, 21.187233, 0.0)
(43.154236, 21.234552, 0.0)
(43.142483, 21.284019, 0.0)
(43.137093, 21.279285, 0.0)
(43.136681, 21.211330, 0.0)
(43.121674, 21.150629, 0.0)
(43.134151, 21.131460, 0.0)
(43.030117, 20.679604, 0.0)
(42.972565, 20.621452, 0.0)
(42.961205, 20.628790, 0.0)
(42.939541, 20.664450, 0.0)
(42.924816, 20.671274, 0.0)
(42.924969, 20.657804, 0.0)
(42.921741, 20.675373, 0.0)
(42.920486, 20.710995, 0.0)
(42.921898, 20.723482, 0.0)
(42.913010, 20.737801, 0.0)
(42.878239, 20.725092, 0.0)
(42.861176, 20.704819, 0.0)
(42.840839, 20.679949, 0.0)
(42.837379, 20.630934, 0.0)
(42.858875, 20.674671, 0.0)
(42.858761, 20.674305, 0.0)
(42.852562, 20.661793, 0.0)
(42.839581, 20.712193, 0.0)
(42.827209, 20.692148, 0.0)
(42.826851, 20.651558, 0.0)
(42.828148, 20.625774, 0.0)
(42.838463, 20.589613, 0.0)
(42.848568, 20.614246, 0.0)
(42.854855, 20.622763, 0.0)
(42.836994, 20.687862, 0.0)
(42.836994, 20.687862, 0.0)
(42.811775, 20.639679, 0.0)
(42.768787, 20.629431, 0.0)
(42.782700, 20.562271, 0.0)
(42.781952, 20.582426, 0.0)
(42.789402, 20.619663, 0.0)
(42.796444, 20.677916, 0.0)
(42.789566, 20.671291, 0.0)
(42.788181, 20.617180, 0.0)
(42.786980, 20.563238, 0.0)
(42.787476, 20.511423, 0.0)
(42.779758, 20.468689, 0.0)
(42.796688, 20.503035, 0.0)
(42.786545, 20.536310, 0.0)
(42.786674, 20.498360, 0.0)
(42.816666, 20.419739, 0.0)
(40.368267, 20.119040, 0.0)
(30.561037, 28.940111, 0.0)
(29.006577, 29.528957, 0.0)
(28.283661, 30.114727, 0.0)
(28.355705, 30.268730, 0.0)
(28.321846, 30.212313, 0.0)
(28.326843, 30.124100, 0.0)
(27.986338, 30.734976, 0.0)
(27.940697, 30.787975, 0.0)
(27.931217, 30.772137, 0.0)
(27.933599, 30.837278, 0.0)
(27.928997, 30.797792, 0.0)
(27.909967, 30.761316, 0.0)
(27.887644, 30.756647, 0.0)
(27.852652, 30.743433, 0.0)
(27.848345, 30.758024, 0.0)
(27.666546, 30.431772, 0.0)
(26.755684, 25.439558, 0.0)
(26.651537, 22.335283, 0.0)
(26.924673, 21.628748, 0.0)
(27.041838, 21.732594, 0.0)
(26.981142, 21.842590, 0.0)
(27.001080, 21.888443, 0.0)
(26.973539, 21.927061, 0.0)
(26.974667, 21.934706, 0.0)
(26.978573, 21.865494, 0.0)
(26.876873, 21.727478, 0.0)
(26.737253, 21.342712, 0.0)
(26.709621, 21.316650, 0.0)
(26.687355, 21.377329, 0.0)
(26.691591, 21.372528, 0.0)
(26.674061, 21.399307, 0.0)
(26.664684, 21.367918, 0.0)
(26.660601, 21.365953, 0.0)
(26.696167, 21.349567, 0.0)
(26.676233, 21.372002, 0.0)
(26.657671, 21.375809, 0.0)
(26.662359, 21.397625, 0.0)
(26.663216, 21.408052, 0.0)
(26.655478, 21.370487, 0.0)
(26.642365, 21.347961, 0.0)
(26.636723, 21.295488, 0.0)
(26.630522, 21.304871, 0.0)
(26.603052, 21.338209, 0.0)
(26.646364, 21.337570, 0.0)
(26.655163, 21.338757, 0.0)
(26.642109, 21.320469, 0.0)
(26.660074, 21.313208, 0.0)
(26.708202, 21.303747, 0.0)
(26.719734, 21.328039, 0.0)
(26.707035, 21.331320, 0.0)
(26.690706, 21.381563, 0.0)
(26.684868, 21.352755, 0.0)
(26.700737, 21.274483, 0.0)
(26.680019, 21.242931, 0.0)
(26.671457, 21.245722, 0.0)
(26.652027, 21.257200, 0.0)
(26.651857, 21.280563, 0.0)
(26.643974, 21.309034, 0.0)
(26.635550, 21.320961, 0.0)
(26.628330, 21.301243, 0.0)
(26.632524, 21.293840, 0.0)
(26.660301, 21.277744, 0.0)
(26.667597, 21.282124, 0.0)
(26.665571, 21.329973, 0.0)
(26.671762, 21.369267, 0.0)
(26.657169, 21.334330, 0.0)
(29.150625, 21.857916, 0.0)
(35.185352, 24.322760, 0.0)
(36.316860, 25.477667, 0.0)
(36.358738, 25.568777, 0.0)
(36.320263, 25.500843, 0.0)
(36.346947, 25.458157, 0.0)
(36.310101, 24.648024, 0.0)
(36.310509, 24.607693, 0.0)
(36.298607, 24.597818, 0.0)
(36.337017, 24.549366, 0.0)
(36.326881, 24.600975, 0.0)
(36.342274, 24.613657, 0.0)
(36.354084, 24.630077, 0.0)
(36.345528, 24.583853, 0.0)
(36.334660, 24.526443, 0.0)
(36.350677, 24.513538, 0.0)
(36.319256, 24.540321, 0.0)
(36.322952, 24.536831, 0.0)
(36.262257, 24.519089, 0.0)
(36.281723, 24.481934, 0.0)
(36.275284, 24.458994, 0.0)
(36.321411, 24.405478, 0.0)
(36.335522, 24.354595, 0.0)
(36.331879, 24.389505, 0.0)
(36.298512, 24.421631, 0.0)
(36.300674, 24.467138, 0.0)
(36.279396, 24.448627, 0.0)
(36.282539, 24.352901, 0.0)
(36.280552, 24.342096, 0.0)
(36.281784, 24.337238, 0.0)
(36.292370, 24.341536, 0.0)
(36.285339, 24.385029, 0.0)
(36.285988, 24.386410, 0.0)
(36.290657, 24.389980, 0.0)
(36.296482, 24.347660, 0.0)
(36.279652, 24.305048, 0.0)
(36.306942, 24.342632, 0.0)
(36.317078, 24.379923, 0.0)
(36.313023, 24.423874, 0.0)
(36.353119, 24.448837, 0.0)
(36.331341, 24.387484, 0.0)
(36.304321, 24.395632, 0.0)
(36.323605, 24.371256, 0.0)
(38.663513, 24.413412, 0.0)
(41.550644, 24.799713, 0.0)
(43.072639, 25.566910, 0.0)
(43.564117, 26.312124, 0.0)
(43.602135, 26.654806, 0.0)
(43.618694, 26.618956, 0.0)
(43.614925, 26.612001, 0.0)
(43.610664, 26.627295, 0.0)
(43.580273, 26.643583, 0.0)
(43.578091, 26.605158, 0.0)
(43.560169, 26.569624, 0.0)
(43.551315, 26.509035, 0.0)
(38.882053, 27.661539, 0.0)
(35.397530, 29.301092, 0.0)
(34.975174, 29.726387, 0.0)
(35.057178, 29.794704, 0.0)
(35.211151, 29.823441, 0.0)
(35.343697, 29.837669, 0.0)
(36.655083, 30.200598, 0.0)
(36.947792, 30.320745, 0.0)
(37.131485, 30.339046, 0.0)
(37.285851, 30.365780, 0.0)
(37.433907, 30.334932, 0.0)
(39.615807, 29.461164, 0.0)
(40.607700, 29.100975, 0.0)
(40.697487, 29.116758, 0.0)
(40.776943, 29.087322, 0.0)
(40.842304, 29.121241, 0.0)
(40.882355, 29.136648, 0.0)
(40.917511, 29.135923, 0.0)
(40.977570, 29.105240, 0.0)
(41.091728, 29.074514, 0.0)
(41.154781, 29.066525, 0.0)
(41.195843, 29.065088, 0.0)
(41.251423, 29.085377, 0.0)
(42.821377, 29.259773, 0.0)
(43.242294, 29.205959, 0.0)
(43.281586, 29.230219, 0.0)
(43.312088, 29.242008, 0.0)
(43.316307, 29.229923, 0.0)
(43.370388, 29.249958, 0.0)
(43.407158, 29.263206, 0.0)
(43.419891, 29.264820, 0.0)
(43.436024, 29.259077, 0.0)
(43.461754, 29.240034, 0.0)
(43.471363, 29.245892, 0.0)
(43.477844, 29.278742, 0.0)
(43.462326, 29.273712, 0.0)
(43.457706, 29.257494, 0.0)
(43.441967, 29.166788, 0.0)
(42.974194, 29.069908, 0.0)
(41.908768, 28.655325, 0.0)
(41.874123, 28.621595, 0.0)
(41.872410, 28.656649, 0.0)
(41.865486, 28.691057, 0.0)
(41.824295, 28.710640, 0.0)
(41.803936, 28.701082, 0.0)
(41.216038, 29.052998, 0.0)
(40.757526, 29.232004, 0.0)
(40.648823, 29.262777, 0.0)
(40.565697, 29.322355, 0.0)
(40.431694, 29.297516, 0.0)
(39.204433, 29.417751, 0.0)
(38.949821, 29.429060, 0.0)
(38.784031, 29.439676, 0.0)
(38.596626, 29.448133, 0.0)
(38.376289, 29.449711, 0.0)
(36.288681, 29.499775, 0.0)
(35.877457, 29.485929, 0.0)
(35.730385, 29.536303, 0.0)
(35.636780, 29.537569, 0.0)
(35.485809, 29.536873, 0.0)
(35.365154, 29.622330, 0.0)
(33.069897, 29.722822, 0.0)
(32.535240, 29.596090, 0.0)
(32.423435, 29.549490, 0.0)
(32.363380, 29.572403, 0.0)
(32.291145, 29.553066, 0.0)
(32.227798, 29.603317, 0.0)
(32.192154, 29.622490, 0.0)
(32.138351, 29.624313, 0.0)
(32.059933, 29.648190, 0.0)
(32.019951, 29.632879, 0.0)
(31.941681, 29.627956, 0.0)
(31.869083, 29.617754, 0.0)
(31.724150, 29.681324, 0.0)
(30.810472, 29.874144, 0.0)
(28.286171, 30.075504, 0.0)
(27.706942, 30.016836, 0.0)
(27.632736, 29.979872, 0.0)
(27.584835, 29.915289, 0.0)
(27.546938, 29.895741, 0.0)
(27.557949, 29.875902, 0.0)
(27.597225, 29.891964, 0.0)
(27.591921, 29.865456, 0.0)
(27.630314, 29.810957, 0.0)
(27.614840, 29.823898, 0.0)
(27.626368, 29.827152, 0.0)
(27.619524, 29.884535, 0.0)
(27.593357, 29.869186, 0.0)
(27.646473, 29.789783, 0.0)
(30.852194, 28.969389, 0.0)
(31.407745, 29.025816, 0.0)
(31.473783, 28.986172, 0.0)
(31.493031, 29.002522, 0.0)
(31.503376, 28.995268, 0.0)
(31.530434, 29.009409, 0.0)
(31.606897, 28.971632, 0.0)
(30.519907, 29.253805, 0.0)
(30.641235, 29.289520, 0.0)
(30.894781, 29.309013, 0.0)
(31.145878, 29.326462, 0.0)
(31.928596, 29.263842, 0.0)
(33.079330, 29.107132, 0.0)
(33.383686, 29.050543, 0.0)
(33.696232, 29.031662, 0.0)
(33.917065, 29.031765, 0.0)
(34.253674, 29.018911, 0.0)
(35.606075, 29.053406, 0.0)
(36.555679, 28.956415, 0.0)
(36.764740, 28.920961, 0.0)
(36.919334, 28.869200, 0.0)
(37.082584, 28.866171, 0.0)
(37.248856, 28.890249, 0.0)
(37.399940, 28.941332, 0.0)
(37.576729, 29.026943, 0.0)
(37.791569, 28.993650, 0.0)
(37.931675, 28.955656, 0.0)
(38.123718, 28.930515, 0.0)
(38.310638, 28.865065, 0.0)
(40.078617, 28.577906, 0.0)
(40.820480, 28.528273, 0.0)
(40.981537, 28.551477, 0.0)
(41.057323, 28.577080, 0.0)
(41.114918, 28.615440, 0.0)
(41.217869, 28.597893, 0.0)
(41.323044, 28.599615, 0.0)
(41.433708, 28.586292, 0.0)
(41.501091, 28.564655, 0.0)
(41.559593, 28.559587, 0.0)
(41.623798, 28.487331, 0.0)
(41.655910, 28.517200, 0.0)
(41.725857, 28.493450, 0.0)
(41.725746, 28.513538, 0.0)
(41.719013, 28.514874, 0.0)
(41.754948, 28.510305, 0.0)
(41.754597, 28.506725, 0.0)
(41.750595, 28.492247, 0.0)
(41.767128, 28.465347, 0.0)
(41.771099, 28.440474, 0.0)
(41.763641, 28.466455, 0.0)
(41.759228, 28.509808, 0.0)
(41.745274, 28.529184, 0.0)
(41.735477, 28.508142, 0.0)
(41.723614, 28.391153, 0.0)
(41.721180, 28.387463, 0.0)
(41.711693, 28.350132, 0.0)
(41.522171, 27.493063, 0.0)
(41.476753, 27.406275, 0.0)
(41.383385, 27.438900, 0.0)
(41.302479, 27.363731, 0.0)
(41.207397, 27.369190, 0.0)
(41.106758, 27.341099, 0.0)
(40.978935, 27.386909, 0.0)
(40.807518, 27.447792, 0.0)
(40.025288, 28.116922, 0.0)
(39.754230, 28.186590, 0.0)
(39.572803, 28.133150, 0.0)
(39.389946, 28.118412, 0.0)
(39.188053, 28.145058, 0.0)
(38.888538, 28.173300, 0.0)
(37.958786, 28.432350, 0.0)
(37.726891, 28.467794, 0.0)
(37.494873, 28.503830, 0.0)
(37.283165, 28.488333, 0.0)
(37.098701, 28.520700, 0.0)
(36.912971, 28.467039, 0.0)
(36.728420, 28.517992, 0.0)
(35.772533, 28.615120, 0.0)
(35.435387, 28.612965, 0.0)
(35.265903, 28.648603, 0.0)
(35.084858, 28.540676, 0.0)
(34.879635, 28.504686, 0.0)
(33.617882, 28.642826, 0.0)
(33.327229, 28.628826, 0.0)
(33.203915, 28.666443, 0.0)
(33.059666, 28.725471, 0.0)
(32.936985, 28.721792, 0.0)
(32.835217, 28.753567, 0.0)
(32.733536, 28.769354, 0.0)
(32.654648, 28.750769, 0.0)
(32.613434, 28.762627, 0.0)
(32.552982, 28.801384, 0.0)
(30.097622, 29.325453, 0.0)
(28.736509, 29.423470, 0.0)
(28.654802, 29.316307, 0.0)
(28.619741, 29.318674, 0.0)
(28.598854, 29.322773, 0.0)
(28.565763, 29.313789, 0.0)
(28.559441, 29.325520, 0.0)
(28.547701, 29.320827, 0.0)
(28.539776, 29.326839, 0.0)
(28.527414, 29.276770, 0.0)
(28.558662, 29.220345, 0.0)
(28.587095, 29.220190, 0.0)
(29.828669, 28.623682, 0.0)
(31.318520, 28.058901, 0.0)
(31.463091, 28.049252, 0.0)
(31.549351, 27.961216, 0.0)
(31.638300, 27.848692, 0.0)
(31.720200, 27.818605, 0.0)
(31.845280, 27.821594, 0.0)
(31.974749, 27.830694, 0.0)
(32.171906, 27.835930, 0.0)
(31.075439, 28.231787, 0.0)
(31.216108, 28.217064, 0.0)
(31.462662, 28.185276, 0.0)
(31.769421, 28.196266, 0.0)
(32.085064, 28.135605, 0.0)
(32.336620, 28.142262, 0.0)
(32.578953, 28.123032, 0.0)
(33.212368, 28.079908, 0.0)
(33.947414, 28.035847, 0.0)
(34.178249, 27.980688, 0.0)
(34.393112, 27.951059, 0.0)
(34.646984, 27.961134, 0.0)
(34.962746, 27.937523, 0.0)
(35.792164, 27.852835, 0.0)
(36.125233, 27.830219, 0.0)
(36.339336, 27.709023, 0.0)
(36.577091, 27.648111, 0.0)
(36.834671, 27.690105, 0.0)
(37.704926, 27.800549, 0.0)
(40.450733, 27.524273, 0.0)
(40.739166, 27.578552, 0.0)
(40.863987, 27.567734, 0.0)
(41.004944, 27.515270, 0.0)
(41.086666, 27.474489, 0.0)
(41.183548, 27.491135, 0.0)
(41.277630, 27.507584, 0.0)
(41.373753, 27.563707, 0.0)
(41.509541, 27.593510, 0.0)
(41.590862, 27.618191, 0.0)
(41.725178, 27.599228, 0.0)
(41.887405, 27.603935, 0.0)
(41.984955, 27.601448, 0.0)
(42.130932, 27.586643, 0.0)
(42.214973, 27.616880, 0.0)
(42.312592, 27.626537, 0.0)
(42.409420, 27.598234, 0.0)
(42.485798, 27.552603, 0.0)
(42.561123, 27.500063, 0.0)
(42.593693, 27.508211, 0.0)
(42.610435, 27.531120, 0.0)
(42.605663, 27.577864, 0.0)
(42.585682, 27.572317, 0.0)
(42.543736, 27.564150, 0.0)
(42.090118, 27.491018, 0.0)
(41.236069, 27.251955, 0.0)
(41.161377, 27.190115, 0.0)
(41.137215, 27.218576, 0.0)
(41.127880, 27.196022, 0.0)
(41.093536, 27.109573, 0.0)
(41.049019, 27.047743, 0.0)
(40.992046, 27.094477, 0.0)
(40.846939, 27.062599, 0.0)
(40.760754, 27.081762, 0.0)
(41.196651, 27.206661, 0.0)
(41.137207, 27.231201, 0.0)
(40.957993, 27.223253, 0.0)
(40.711975, 27.261288, 0.0)
(40.455654, 27.253704, 0.0)
(40.195576, 27.271193, 0.0)
(39.927246, 27.360575, 0.0)
(39.674442, 27.379911, 0.0)
(39.419731, 27.337675, 0.0)
(39.147331, 27.298096, 0.0)
(38.875195, 27.286800, 0.0)
(38.637482, 27.260561, 0.0)
(37.749962, 27.226120, 0.0)
(37.290771, 27.226044, 0.0)
(37.073059, 27.259150, 0.0)
(36.865993, 27.247143, 0.0)
(36.647800, 27.307209, 0.0)
(35.560654, 27.403200, 0.0)
(35.276722, 27.309965, 0.0)
(35.049274, 27.371387, 0.0)
(34.844921, 27.414843, 0.0)
(34.662613, 27.422264, 0.0)
(34.482483, 27.392551, 0.0)
(34.325859, 27.412300, 0.0)
(33.707390, 27.595245, 0.0)
(32.851402, 27.590998, 0.0)
(32.594791, 27.673019, 0.0)
(32.430321, 27.668045, 0.0)
(32.331554, 27.695068, 0.0)
(32.210094, 27.671877, 0.0)
(32.108963, 27.669212, 0.0)
(30.895945, 27.971605, 0.0)
(30.005886, 28.116810, 0.0)
(29.857803, 28.138580, 0.0)
(29.803188, 28.121483, 0.0)
(29.757622, 28.060904, 0.0)
(29.732409, 28.095114, 0.0)
(29.682705, 28.062162, 0.0)
(29.283424, 28.182629, 0.0)
(28.518923, 28.101091, 0.0)
(28.450174, 28.151508, 0.0)
(28.404512, 28.093307, 0.0)
(28.430880, 28.034498, 0.0)
(28.497709, 27.964439, 0.0)
(28.612450, 27.905296, 0.0)
(28.703983, 27.775755, 0.0)
(28.854570, 27.757982, 0.0)
(29.069593, 27.686993, 0.0)
(30.623985, 27.176352, 0.0)
(31.241922, 27.114855, 0.0)
(31.499037, 26.965483, 0.0)
(31.717545, 26.919994, 0.0)
(31.300545, 27.154966, 0.0)
(31.086077, 27.119225, 0.0)
(31.256289, 27.103708, 0.0)
(31.558807, 27.053453, 0.0)
(31.780802, 26.992331, 0.0)
(32.120216, 26.983406, 0.0)
(32.428246, 27.018324, 0.0)
(32.734196, 27.077463, 0.0)
(33.056271, 27.107441, 0.0)
(33.359932, 26.962856, 0.0)
(33.610458, 26.829384, 0.0)
(33.896511, 26.822395, 0.0)
(35.436188, 26.569172, 0.0)
(35.960709, 26.465841, 0.0)
(36.279778, 26.487516, 0.0)
(36.526962, 26.478838, 0.0)
(36.761868, 26.481749, 0.0)
(37.001339, 26.450930, 0.0)
(37.229034, 26.450905, 0.0)
(38.669384, 26.356119, 0.0)
(39.266880, 26.143457, 0.0)
(39.473091, 26.227682, 0.0)
(39.621517, 26.160065, 0.0)
(39.744946, 26.200691, 0.0)
(39.907116, 26.234238, 0.0)
(39.977386, 26.218718, 0.0)
(40.117714, 26.228031, 0.0)
(40.312691, 26.277182, 0.0)
(40.400757, 26.272726, 0.0)
(40.518654, 26.224340, 0.0)
(40.642372, 26.235710, 0.0)
(42.193443, 26.155512, 0.0)
(43.697189, 26.118620, 0.0)
(43.787518, 26.075256, 0.0)
(43.827095, 26.208593, 0.0)
(43.823956, 26.177317, 0.0)
(43.832722, 26.142578, 0.0)
(43.850452, 26.142591, 0.0)
(43.901310, 26.138836, 0.0)
(43.921581, 26.139282, 0.0)
(43.943455, 26.163595, 0.0)
(44.009632, 26.186022, 0.0)
(43.988194, 26.149183, 0.0)
(43.977852, 26.133993, 0.0)
(43.970367, 26.140701, 0.0)
(43.969364, 26.093475, 0.0)
(43.951977, 26.071077, 0.0)
(43.916939, 26.084959, 0.0)
(43.873344, 26.067776, 0.0)
(43.279282, 25.687668, 0.0)
(43.173565, 25.601057, 0.0)
(42.765755, 25.667204, 0.0)
(42.023457, 25.830381, 0.0)
(41.773548, 25.871735, 0.0)
(41.582008, 25.895193, 0.0)
(41.371449, 25.960371, 0.0)
(41.174744, 25.958513, 0.0)
(41.009254, 25.965069, 0.0)
(40.846889, 25.979036, 0.0)
(40.687397, 25.943851, 0.0)
(40.540134, 25.981901, 0.0)
(40.421272, 25.994276, 0.0)
(40.326221, 25.998714, 0.0)
(38.730259, 26.071329, 0.0)
(38.587036, 26.071526, 0.0)
(38.430336, 26.081137, 0.0)
(38.326759, 26.102095, 0.0)
(38.167412, 26.135117, 0.0)
(36.715626, 26.228260, 0.0)
(36.222797, 26.188105, 0.0)
(36.092400, 26.182068, 0.0)
(35.964233, 26.208200, 0.0)
(35.846153, 26.236492, 0.0)
(35.261269, 26.434189, 0.0)
(32.054470, 26.243488, 0.0)
(31.461094, 26.230770, 0.0)
(31.331558, 26.324509, 0.0)
(31.212357, 26.306192, 0.0)
(31.130531, 26.195255, 0.0)
(31.065170, 26.187029, 0.0)
(31.002048, 26.194292, 0.0)
(30.956144, 26.250250, 0.0)
(30.899593, 26.275356, 0.0)
(28.775217, 26.697578, 0.0)
(27.746191, 26.849417, 0.0)
(27.675623, 26.860521, 0.0)
(27.666290, 26.855595, 0.0)
(27.681038, 26.839136, 0.0)
(27.674120, 26.838898, 0.0)
(27.684357, 26.858120, 0.0)
(27.697657, 26.879154, 0.0)
(27.686230, 26.833406, 0.0)
(27.682545, 26.802038, 0.0)
(27.679724, 26.753675, 0.0)
(27.671263, 26.806454, 0.0)
(27.684134, 26.813637, 0.0)
(27.696978, 26.840275, 0.0)
(27.737818, 26.842207, 0.0)
(27.797613, 26.794724, 0.0)
(27.840103, 26.734781, 0.0)
(27.908983, 26.634920, 0.0)
(28.945726, 26.338942, 0.0)
(30.507032, 26.049343, 0.0)
(30.732107, 26.034361, 0.0)
(30.867935, 26.065765, 0.0)
(31.072702, 26.064674, 0.0)
(31.294268, 25.994722, 0.0)
(31.552944, 25.937119, 0.0)
(31.875872, 25.919003, 0.0)
(32.155972, 25.865562, 0.0)
(32.465046, 25.862789, 0.0)
(32.755146, 25.817675, 0.0)
(33.044254, 25.797749, 0.0)
(33.410122, 25.765108, 0.0)
(33.702118, 25.763678, 0.0)
(33.950577, 25.715714, 0.0)
(34.348515, 25.638769, 0.0)
(35.257557, 25.557760, 0.0)
(35.555969, 25.559593, 0.0)
(35.843201, 25.560284, 0.0)
(36.080654, 25.466221, 0.0)
(36.363949, 25.442942, 0.0)
(36.580433, 25.413450, 0.0)
(37.477333, 25.577721, 0.0)
(38.349224, 25.583530, 0.0)
(38.575886, 25.655621, 0.0)
(38.834606, 25.655849, 0.0)
(39.154568, 25.579096, 0.0)
(39.472408, 25.511988, 0.0)
(39.745220, 25.387327, 0.0)
(39.889687, 25.324017, 0.0)
(39.929771, 25.349354, 0.0)
(40.084698, 25.423834, 0.0)
(40.693272, 25.538954, 0.0)
(41.127762, 25.452927, 0.0)
(41.251755, 25.461887, 0.0)
(41.372208, 25.403131, 0.0)
(41.406487, 25.349213, 0.0)
(41.448116, 25.414837, 0.0)
(42.884556, 25.276371, 0.0)
(43.356422, 25.299479, 0.0)
(43.386784, 25.431477, 0.0)
(43.434921, 25.483568, 0.0)
(43.433987, 25.412615, 0.0)
(43.419640, 25.411533, 0.0)
(43.420803, 25.436388, 0.0)
(43.382652, 25.460781, 0.0)
(43.380535, 25.434095, 0.0)
(43.361431, 25.405035, 0.0)
(43.378117, 25.416145, 0.0)
(43.341911, 25.441620, 0.0)
(43.351429, 25.437256, 0.0)
(43.344139, 25.457893, 0.0)
(43.331310, 25.437845, 0.0)
(43.294613, 25.428701, 0.0)
(43.240906, 25.380764, 0.0)
(42.556961, 25.172773, 0.0)
(42.234116, 25.123646, 0.0)
(41.851933, 25.070276, 0.0)
(41.652737, 25.065020, 0.0)
(41.465256, 25.027561, 0.0)
(41.219162, 24.941681, 0.0)
(40.992165, 24.897873, 0.0)
(40.805946, 24.894260, 0.0)
(40.553154, 24.868938, 0.0)
(40.291206, 24.810619, 0.0)
(40.084278, 24.813667, 0.0)
(39.872345, 24.824629, 0.0)
(39.483051, 24.791365, 0.0)
(38.059834, 24.841295, 0.0)
(37.665119, 24.881134, 0.0)
(37.344315, 24.875971, 0.0)
(37.021690, 24.928696, 0.0)
(36.734283, 24.949102, 0.0)
(36.419632, 24.922268, 0.0)
(36.132961, 24.932554, 0.0)
(35.882767, 24.988272, 0.0)
(35.620548, 25.035231, 0.0)
(35.357830, 25.057993, 0.0)
(34.849777, 25.160023, 0.0)
(32.744373, 25.168921, 0.0)
(32.399254, 25.170443, 0.0)
(32.199257, 25.185654, 0.0)
(32.040081, 25.198555, 0.0)
(31.887733, 25.231007, 0.0)
(31.725515, 25.266842, 0.0)
(31.491558, 25.365730, 0.0)
(31.330090, 25.350237, 0.0)
(31.153845, 25.329304, 0.0)
(30.608576, 25.505703, 0.0)
(29.285419, 25.575285, 0.0)
(29.048683, 25.616411, 0.0)
(28.883387, 25.686203, 0.0)
(28.703499, 25.743917, 0.0)
(28.562357, 25.711596, 0.0)
(28.430878, 25.699675, 0.0)
(28.353586, 25.691259, 0.0)
(28.281137, 25.717779, 0.0)
(28.214571, 25.751690, 0.0)
(28.128887, 25.808500, 0.0)
(28.107067, 25.770990, 0.0)
(28.068338, 25.722427, 0.0)
(28.070150, 25.727530, 0.0)
(29.878607, 25.117331, 0.0)
(30.145964, 25.038895, 0.0)
(30.337980, 25.020039, 0.0)
(30.511232, 25.002453, 0.0)
(30.625265, 24.941692, 0.0)
(30.134205, 24.979021, 0.0)
(30.125566, 24.888994, 0.0)
(30.574738, 24.856859, 0.0)
(31.039660, 24.831881, 0.0)
(30.456299, 24.979630, 0.0)
(30.803612, 24.922421, 0.0)
(31.194813, 24.834850, 0.0)
(31.588989, 24.781984, 0.0)
(31.957071, 24.764048, 0.0)
(31.679216, 24.567041, 0.0)
(32.035709, 24.570793, 0.0)
(32.458530, 24.577740, 0.0)
(32.828697, 24.438326, 0.0)
(33.299664, 24.397224, 0.0)
(33.712727, 24.343454, 0.0)
(34.983585, 24.249403, 0.0)
(35.419891, 24.222500, 0.0)
(35.775948, 24.248514, 0.0)
(36.186386, 24.169294, 0.0)
(36.545647, 24.110872, 0.0)
(36.907269, 24.080473, 0.0)
(37.258579, 24.106184, 0.0)
(37.531555, 24.091526, 0.0)
(37.869198, 24.102654, 0.0)
(38.191540, 24.128658, 0.0)
(38.451115, 24.108906, 0.0)
(38.698200, 24.105495, 0.0)
(39.427578, 24.165829, 0.0)
(39.842453, 24.204863, 0.0)
(40.119766, 24.216492, 0.0)
(40.390869, 24.212193, 0.0)
(40.725273, 24.168516, 0.0)
(41.578472, 24.017454, 0.0)
(41.878017, 23.948366, 0.0)
(42.056320, 23.997580, 0.0)
(42.211304, 24.035166, 0.0)
(42.336651, 24.142244, 0.0)
(42.502647, 24.238955, 0.0)
(42.557121, 24.285221, 0.0)
(42.574966, 24.278139, 0.0)
(42.701267, 24.268831, 0.0)
(42.722927, 24.290257, 0.0)
(42.760113, 24.300947, 0.0)
(42.744621, 24.344254, 0.0)
(42.814213, 24.392857, 0.0)
(43.646065, 24.234232, 0.0)
(43.713303, 24.223854, 0.0)
(43.706593, 24.247141, 0.0)
(43.645565, 24.273123, 0.0)
(43.525833, 24.340513, 0.0)
(43.358715, 24.453245, 0.0)
(43.345882, 24.495945, 0.0)
(42.505859, 24.194040, 0.0)
(42.341072, 24.097363, 0.0)
(42.246841, 24.078178, 0.0)
(41.979858, 24.083246, 0.0)
(41.707901, 24.147692, 0.0)
(41.534119, 24.169865, 0.0)
(41.351868, 24.082359, 0.0)
(41.114399, 23.933187, 0.0)
(39.917522, 23.722944, 0.0)
(39.551449, 23.758345, 0.0)
(39.338444, 23.743521, 0.0)
(39.129738, 23.764673, 0.0)
(38.888859, 23.727015, 0.0)
(38.672092, 23.684977, 0.0)
(38.453339, 23.629587, 0.0)
(38.137905, 23.753845, 0.0)
(37.705540, 23.874777, 0.0)
(37.424755, 24.034256, 0.0)
(37.188915, 24.175438, 0.0)
(36.892307, 24.172667, 0.0)
(36.467918, 24.141966, 0.0)
(35.284210, 23.990200, 0.0)
(35.025753, 24.084988, 0.0)
(34.834888, 24.082378, 0.0)
(34.592575, 24.111179, 0.0)
(34.375648, 24.126989, 0.0)
(34.178135, 24.154018, 0.0)
(34.001461, 24.127989, 0.0)
(32.452381, 24.366751, 0.0)
(32.074921, 24.413273, 0.0)
(31.900261, 24.482386, 0.0)
(31.716175, 24.538445, 0.0)
(31.566576, 24.650473, 0.0)
(29.976688, 24.800472, 0.0)
(29.743557, 24.788916, 0.0)
(29.655640, 24.809132, 0.0)
(29.590204, 24.845922, 0.0)
(29.416321, 24.930555, 0.0)
(29.336378, 25.049608, 0.0)
(29.259203, 25.109459, 0.0)
(29.106363, 25.178450, 0.0)
(27.297106, 25.471195, 0.0)
(27.114653, 25.527056, 0.0)
(27.080891, 25.544056, 0.0)
(27.049501, 25.556736, 0.0)
(27.000883, 25.617546, 0.0)
(26.976215, 25.619673, 0.0)
(26.958822, 25.575613, 0.0)
(26.946112, 25.508556, 0.0)
(26.975718, 25.498837, 0.0)
(27.027020, 25.403950, 0.0)
(27.085903, 25.370937, 0.0)
(27.258535, 25.259308, 0.0)
(28.245289, 24.709251, 0.0)
(28.479328, 24.593958, 0.0)
(28.671427, 24.549566, 0.0)
(28.960001, 24.500128, 0.0)
(29.191364, 24.470825, 0.0)
(30.110678, 24.439123, 0.0)
(30.480759, 24.431417, 0.0)
(30.808578, 24.340481, 0.0)
(31.157276, 24.256872, 0.0)
(31.439352, 24.196779, 0.0)
(31.852095, 24.170238, 0.0)
(32.140903, 24.130962, 0.0)
(32.546787, 24.092905, 0.0)
(32.894314, 24.068970, 0.0)
(33.251102, 23.985659, 0.0)
(34.616901, 23.678307, 0.0)
(34.979107, 23.649532, 0.0)
(35.310551, 23.625332, 0.0)
(35.657978, 23.646154, 0.0)
(35.964901, 23.668549, 0.0)
(36.312416, 23.621256, 0.0)
(36.629051, 23.508902, 0.0)
(36.891357, 23.464441, 0.0)
(37.246578, 23.395901, 0.0)
(37.628735, 23.417068, 0.0)
(38.225521, 23.397779, 0.0)
(38.508915, 23.425896, 0.0)
(38.711155, 23.465651, 0.0)
(38.946434, 23.405386, 0.0)
(39.270641, 23.391855, 0.0)
(39.495567, 23.394323, 0.0)
(40.425087, 23.470507, 0.0)
(40.643333, 23.550972, 0.0)
(40.771889, 23.509834, 0.0)
(40.932648, 23.468897, 0.0)
(41.117596, 23.476500, 0.0)
(41.229153, 23.498913, 0.0)
(42.328587, 23.521236, 0.0)
(42.554527, 23.641335, 0.0)
(42.690918, 23.718569, 0.0)
(42.778526, 23.795799, 0.0)
(42.912086, 23.831949, 0.0)
(42.999554, 23.792042, 0.0)
(43.057095, 23.824953, 0.0)
(43.119190, 23.881765, 0.0)
(43.130604, 23.911512, 0.0)
(43.165359, 23.964981, 0.0)
(43.154243, 23.905264, 0.0)
(43.170910, 23.856613, 0.0)
(43.174252, 23.888607, 0.0)
(43.167366, 23.873711, 0.0)
(43.146000, 23.865013, 0.0)
(42.713940, 23.740255, 0.0)
(41.517742, 23.354931, 0.0)
(41.385021, 23.320736, 0.0)
(41.295738, 23.239328, 0.0)
(41.486771, 23.264057, 0.0)
(42.298199, 23.308197, 0.0)
(42.152767, 23.307558, 0.0)
(41.975399, 23.325468, 0.0)
(41.761948, 23.238693, 0.0)
(41.480892, 23.201496, 0.0)
(41.305367, 23.121231, 0.0)
(40.193859, 22.995844, 0.0)
(39.840439, 22.993069, 0.0)
(39.601109, 22.998373, 0.0)
(39.285995, 22.995470, 0.0)
(39.020481, 22.960520, 0.0)
(38.764271, 22.934647, 0.0)
(38.535397, 22.893297, 0.0)
(38.257366, 22.906458, 0.0)
(36.774029, 22.829252, 0.0)
(36.507187, 22.899025, 0.0)
(36.297676, 22.902264, 0.0)
(36.112225, 22.888573, 0.0)
(35.909039, 22.900423, 0.0)
(35.805302, 22.972677, 0.0)
(35.580532, 22.975491, 0.0)
(34.114891, 22.976730, 0.0)
(33.876236, 23.030014, 0.0)
(33.741360, 23.027426, 0.0)
(33.522491, 23.071161, 0.0)
(32.471237, 23.214651, 0.0)
(32.254642, 23.281130, 0.0)
(32.137352, 23.305986, 0.0)
(31.993441, 23.346209, 0.0)
(31.941225, 23.317326, 0.0)
(31.706398, 23.348759, 0.0)
(30.644751, 23.610659, 0.0)
(30.468641, 23.670958, 0.0)
(30.345993, 23.728783, 0.0)
(30.216396, 23.774853, 0.0)
(30.075283, 23.795717, 0.0)
(29.908930, 23.850204, 0.0)
(28.232960, 24.158491, 0.0)
(28.033373, 24.255644, 0.0)
(27.950260, 24.290882, 0.0)
(27.838943, 24.405085, 0.0)
(27.756216, 24.426886, 0.0)
(27.708048, 24.388781, 0.0)
(27.696472, 24.342571, 0.0)
(27.701908, 24.367760, 0.0)
(27.678324, 24.374760, 0.0)
(27.709192, 24.374720, 0.0)
(27.715872, 24.398895, 0.0)
(27.739471, 24.382589, 0.0)
(27.791746, 24.360960, 0.0)
(27.924572, 24.221653, 0.0)
(28.589514, 23.499622, 0.0)
(28.925102, 23.430059, 0.0)
(29.178759, 23.420849, 0.0)
(29.542053, 23.353699, 0.0)
(29.929405, 23.257364, 0.0)
(31.253351, 23.066162, 0.0)
(31.674744, 23.010954, 0.0)
(32.046509, 22.943508, 0.0)
(32.424053, 22.875956, 0.0)
(32.843624, 22.852375, 0.0)
(33.210899, 22.803516, 0.0)
(33.591194, 22.736067, 0.0)
(33.989117, 22.664165, 0.0)
(34.357864, 22.652285, 0.0)
(34.672497, 22.668280, 0.0)
(34.955566, 22.628439, 0.0)
(35.245228, 22.651630, 0.0)
(35.458488, 22.583874, 0.0)
(36.250778, 22.401691, 0.0)
(36.575104, 22.338631, 0.0)
(36.801830, 22.297861, 0.0)
(36.960491, 22.245365, 0.0)
(37.119652, 22.192583, 0.0)
(37.689594, 22.141432, 0.0)
(38.372650, 22.068291, 0.0)
(38.593437, 22.054810, 0.0)
(38.777481, 22.073719, 0.0)
(38.937233, 22.096483, 0.0)
(40.027279, 22.285465, 0.0)
(40.540043, 22.322412, 0.0)
(40.696335, 22.307592, 0.0)
(40.838413, 22.290598, 0.0)
(40.986244, 22.320166, 0.0)
(41.119339, 22.295179, 0.0)
(41.247971, 22.368113, 0.0)
(41.943512, 22.469269, 0.0)
(42.634182, 22.578661, 0.0)
(42.790310, 22.545336, 0.0)
(42.904613, 22.553736, 0.0)
(42.986172, 22.551346, 0.0)
(43.039127, 22.588442, 0.0)
(43.547031, 22.733799, 0.0)
(43.717785, 22.732578, 0.0)
(43.723804, 22.700308, 0.0)
(43.742031, 22.790770, 0.0)
(43.728016, 22.870564, 0.0)
(43.730572, 22.976068, 0.0)
(43.728619, 23.056551, 0.0)
(43.711197, 23.112310, 0.0)
(43.703121, 23.083897, 0.0)
(43.689262, 23.043633, 0.0)
(43.606861, 22.993988, 0.0)
(43.559250, 23.026539, 0.0)
(43.408783, 23.009258, 0.0)
(42.619625, 22.495285, 0.0)
(42.372223, 22.419090, 0.0)
(42.152603, 22.294989, 0.0)
(42.031029, 22.243147, 0.0)
(41.278404, 22.111519, 0.0)
(41.012936, 22.062323, 0.0)
(40.826481, 22.024765, 0.0)
(40.613087, 22.005676, 0.0)
(40.492905, 21.954195, 0.0)
(40.359856, 21.956156, 0.0)
(40.192810, 21.902824, 0.0)
(39.229393, 21.823723, 0.0)
(38.729267, 21.821505, 0.0)
(38.527302, 21.839075, 0.0)
(38.278419, 21.788813, 0.0)
(38.111683, 21.727747, 0.0)
(36.993481, 21.676289, 0.0)
(36.554302, 21.696377, 0.0)
(36.348759, 21.688925, 0.0)
(36.113083, 21.749130, 0.0)
(35.935936, 21.805449, 0.0)
(35.575047, 21.863947, 0.0)
(34.058697, 21.958399, 0.0)
(33.795376, 21.990154, 0.0)
(33.566532, 22.064280, 0.0)
(33.307159, 22.118507, 0.0)
(33.115234, 22.157743, 0.0)
(32.531960, 22.243982, 0.0)
(31.751949, 22.244659, 0.0)
(31.556469, 22.294378, 0.0)
(31.427809, 22.331902, 0.0)
(31.289936, 22.347486, 0.0)
(30.191990, 22.599031, 0.0)
(30.015018, 22.633675, 0.0)
(29.861519, 22.675022, 0.0)
(29.708197, 22.675508, 0.0)
(29.675789, 22.678591, 0.0)
(29.552353, 22.744432, 0.0)
(29.617353, 22.740290, 0.0)
(28.577923, 23.026003, 0.0)
(27.749735, 23.207674, 0.0)
(27.691025, 23.204918, 0.0)
(27.675549, 23.245987, 0.0)
(27.690262, 23.235395, 0.0)
(27.745232, 23.196836, 0.0)
(27.741846, 23.190121, 0.0)
(27.808075, 23.190916, 0.0)
(27.826754, 23.195639, 0.0)
(27.393204, 22.859306, 0.0)
(27.388041, 22.786966, 0.0)
(27.547665, 22.766211, 0.0)
(28.246128, 22.571341, 0.0)
(29.026615, 22.472136, 0.0)
(29.364803, 22.380035, 0.0)
(29.707588, 22.213736, 0.0)
(30.001867, 22.081827, 0.0)
(30.345242, 22.001762, 0.0)
(30.620415, 21.877913, 0.0)
(30.927551, 21.810198, 0.0)
(31.212063, 21.797026, 0.0)
(31.529799, 21.731697, 0.0)
(31.827761, 21.659691, 0.0)
(32.199364, 21.574883, 0.0)
(32.489208, 21.541788, 0.0)
(32.792488, 21.546276, 0.0)
(34.289368, 21.366966, 0.0)
(34.653267, 21.369167, 0.0)
(35.025089, 21.278782, 0.0)
(35.252064, 21.178566, 0.0)
(35.472088, 21.223503, 0.0)
(35.713017, 21.174196, 0.0)
(36.018364, 21.154814, 0.0)
(36.284676, 21.156834, 0.0)
(36.806576, 21.111605, 0.0)
(37.626480, 21.051283, 0.0)
(37.914185, 21.032598, 0.0)
(38.200600, 21.060230, 0.0)
(38.519417, 21.047239, 0.0)
(38.810276, 21.047079, 0.0)
(39.073521, 21.089935, 0.0)
(39.748234, 21.143421, 0.0)
(40.351776, 21.174238, 0.0)
(40.519669, 21.179632, 0.0)
(40.657906, 21.234289, 0.0)
(40.803844, 21.256479, 0.0)
(40.877529, 21.337423, 0.0)
(40.947227, 21.339005, 0.0)
(40.997875, 21.331726, 0.0)
(41.009583, 21.330423, 0.0)
(41.045387, 21.338753, 0.0)
(42.497318, 21.654896, 0.0)
(42.759987, 21.708109, 0.0)
(42.787079, 21.794750, 0.0)
(42.778175, 21.855852, 0.0)
(42.804550, 21.839592, 0.0)
(42.791859, 21.790680, 0.0)
(42.810711, 21.816446, 0.0)
(42.809151, 21.826229, 0.0)
(42.787788, 21.830309, 0.0)
(42.774117, 21.877907, 0.0)
(42.763023, 21.907013, 0.0)
(42.718536, 21.887987, 0.0)
(42.688652, 21.863808, 0.0)
(42.644379, 21.801502, 0.0)
(42.583195, 21.796827, 0.0)
(41.860367, 21.493515, 0.0)
(41.746864, 21.281750, 0.0)
(41.098862, 21.045382, 0.0)
(40.690125, 20.898743, 0.0)
(40.533203, 20.831667, 0.0)
(40.362038, 20.738213, 0.0)
(40.231472, 20.673828, 0.0)
(40.045586, 20.596039, 0.0)
(39.336163, 20.408798, 0.0)
(38.021198, 20.305668, 0.0)
(37.681335, 19.775700, 0.0)
(36.130276, 20.052896, 0.0)
(35.980782, 20.074591, 0.0)
(35.205246, 21.565281, 0.0)
(34.243275, 20.008429, 0.0)
(34.198502, 20.121414, 0.0)
(34.152992, 20.367367, 0.0)
(32.539448, 20.869291, 0.0)
(32.276630, 21.008707, 0.0)
(32.181923, 20.979342, 0.0)
(32.106232, 20.957727, 0.0)
(32.028088, 20.925121, 0.0)
(31.975685, 20.910980, 0.0)
(30.373896, 21.285881, 0.0)
(30.169407, 21.416046, 0.0)
(30.096571, 21.464615, 0.0)
(29.985071, 21.429041, 0.0)
(29.869759, 21.392542, 0.0)
(29.867926, 21.381559, 0.0)
(29.643332, 21.478189, 0.0)
(27.846739, 22.028284, 0.0)
(27.719343, 22.055130, 0.0)
(27.692371, 22.037766, 0.0)
(27.694517, 21.950583, 0.0)
(27.724707, 21.945889, 0.0)
(27.731073, 21.962061, 0.0)
(27.798199, 21.955572, 0.0)
(27.888147, 21.931108, 0.0)
(27.967041, 21.893970, 0.0)
(28.156551, 21.788311, 0.0)
(29.524446, 21.259918, 0.0)
(29.876368, 21.162176, 0.0)
(30.171949, 21.110561, 0.0)
(30.444012, 21.094730, 0.0)
(30.731308, 21.028040, 0.0)
(31.127676, 20.975262, 0.0)
(31.386589, 20.869238, 0.0)
(31.791771, 20.799759, 0.0)
(32.135010, 20.805012, 0.0)
(32.538578, 20.743353, 0.0)
(32.894367, 20.738523, 0.0)
(33.293686, 20.695440, 0.0)
(33.698269, 20.634060, 0.0)
(34.066540, 20.578512, 0.0)
(34.418705, 20.485954, 0.0)
(34.748169, 20.490377, 0.0)
(35.002712, 20.475426, 0.0)
(35.366688, 20.456516, 0.0)
(35.670914, 20.379801, 0.0)
(35.979687, 20.271353, 0.0)
(36.275272, 20.189514, 0.0)
(36.535885, 20.157230, 0.0)
(36.770546, 20.106882, 0.0)
(38.217876, 19.765293, 0.0)
(38.544514, 19.781693, 0.0)
(38.690182, 19.799498, 0.0)
(38.826378, 19.747047, 0.0)
(39.248268, 19.812681, 0.0)
(41.741398, 20.421728, 0.0)
(42.364006, 20.620998, 0.0)
(42.498238, 20.740820, 0.0)
(42.513996, 20.752954, 0.0)
(42.894928, 20.857893, 0.0)
(43.808979, 21.213530, 0.0)
(43.851433, 21.225798, 0.0)
(43.842045, 21.271147, 0.0)
(43.862579, 21.309830, 0.0)
(43.869602, 21.319658, 0.0)
(43.853230, 21.308895, 0.0)
(43.848976, 21.264490, 0.0)
(43.849510, 21.281260, 0.0)
(43.836140, 21.309507, 0.0)
(43.809563, 21.357937, 0.0)
(43.815483, 21.377028, 0.0)
(43.798752, 21.311272, 0.0)
(43.807972, 21.300859, 0.0)
(43.808018, 21.309942, 0.0)
(43.792187, 21.318043, 0.0)
(43.786392, 21.339355, 0.0)
(43.755211, 21.372906, 0.0)
(43.678783, 21.326187, 0.0)
(43.627369, 21.276852, 0.0)
(42.883850, 20.661249, 0.0)
(42.289516, 20.321589, 0.0)
(42.189175, 20.305889, 0.0)
(42.093723, 20.351074, 0.0)
(42.018990, 20.366293, 0.0)
(41.893845, 20.240702, 0.0)
(40.720856, 19.976091, 0.0)
(40.512974, 19.973953, 0.0)
(40.362961, 19.959362, 0.0)
(40.186848, 19.953442, 0.0)
(40.033031, 19.924936, 0.0)
(39.798004, 19.882530, 0.0)
(38.817089, 19.703917, 0.0)
(38.518436, 19.663630, 0.0)
(38.273083, 19.637299, 0.0)
(38.008957, 19.637852, 0.0)
(37.718269, 19.638672, 0.0)
(37.455303, 19.583376, 0.0)
(37.240360, 19.515881, 0.0)
(37.000500, 19.524242, 0.0)
(36.760750, 19.584959, 0.0)
(35.088356, 19.437990, 0.0)
(34.793579, 19.459274, 0.0)
(34.573105, 19.507534, 0.0)
(34.365353, 19.529711, 0.0)
(34.221088, 19.545696, 0.0)
(34.055103, 19.575077, 0.0)
(33.888466, 19.623966, 0.0)
(32.565750, 19.926924, 0.0)
(30.995905, 20.252029, 0.0)
(30.831547, 20.267775, 0.0)
(30.684917, 20.287663, 0.0)
(30.604734, 20.363354, 0.0)
(30.511454, 20.440783, 0.0)
(30.359964, 20.487009, 0.0)
(30.229273, 20.514803, 0.0)
(30.085365, 20.553303, 0.0)
(29.923206, 20.588169, 0.0)
(29.783970, 20.587729, 0.0)
(29.643002, 20.648785, 0.0)
(28.417465, 21.094664, 0.0)
(27.820890, 21.252079, 0.0)
(27.699223, 21.306366, 0.0)
(27.336319, 21.380337, 0.0)
(26.780432, 21.505688, 0.0)
(26.745388, 21.528088, 0.0)
(26.714258, 21.546402, 0.0)
(26.683033, 21.555079, 0.0)
(26.665144, 21.619995, 0.0)
(26.665646, 21.640720, 0.0)
(26.670521, 21.590660, 0.0)
(26.707737, 21.551411, 0.0)
(27.595425, 21.028757, 0.0)
(27.849918, 20.950514, 0.0)
(28.746199, 20.688425, 0.0)
(29.067234, 20.625599, 0.0)
(29.313148, 20.518436, 0.0)
(29.545893, 20.459442, 0.0)
(29.790842, 20.372660, 0.0)
(30.111889, 20.262787, 0.0)
(30.389730, 20.154903, 0.0)
(30.683359, 20.107008, 0.0)
(31.041569, 19.998493, 0.0)
(31.328373, 19.891361, 0.0)
(31.721052, 19.792698, 0.0)
(32.072784, 19.756783, 0.0)
(32.400951, 19.667778, 0.0)
(34.005432, 19.284151, 0.0)
(34.458965, 19.217934, 0.0)
(34.774349, 19.128563, 0.0)
(35.035957, 19.113615, 0.0)
(35.384411, 19.086023, 0.0)
(35.648872, 19.082354, 0.0)
(35.884624, 19.097101, 0.0)
(36.077568, 19.117638, 0.0)
(36.259720, 19.071627, 0.0)
(36.445660, 19.053434, 0.0)
(36.662449, 19.026909, 0.0)
(36.818169, 19.037876, 0.0)
(36.992817, 19.074900, 0.0)
(38.084209, 19.185688, 0.0)
(38.279442, 19.165501, 0.0)
(38.428959, 19.165274, 0.0)
(38.534882, 19.198477, 0.0)
(39.509399, 19.354715, 0.0)
(40.595524, 19.629021, 0.0)
(40.773556, 19.708872, 0.0)
(40.823120, 19.745197, 0.0)
(40.873306, 19.754183, 0.0)
(40.984165, 19.739016, 0.0)
(41.106487, 19.746666, 0.0)
(41.247768, 19.767725, 0.0)
(42.973457, 20.406069, 0.0)
(43.130028, 20.508263, 0.0)
(43.160435, 20.508179, 0.0)
(43.162899, 20.488110, 0.0)
(43.221581, 20.536264, 0.0)
(43.259739, 20.547832, 0.0)
(43.251389, 20.535913, 0.0)
(43.247040, 20.533640, 0.0)
(43.265591, 20.567207, 0.0)
(43.265678, 20.541559, 0.0)
(43.277885, 20.527727, 0.0)
(43.287605, 20.510237, 0.0)
(43.276947, 20.544144, 0.0)
(43.265018, 20.574360, 0.0)
(43.251213, 20.592422, 0.0)
(43.820217, 21.747746, 0.0)
(43.923279, 22.288462, 0.0)
(43.929482, 22.374395, 0.0)
(43.923172, 22.396296, 0.0)
(43.936237, 22.426172, 0.0)
(43.957432, 22.527185, 0.0)
(43.984425, 22.608583, 0.0)
(43.993469, 22.647772, 0.0)
(44.016335, 22.830688, 0.0)
(44.080524, 24.428951, 0.0)
(44.130474, 25.513317, 0.0)
(44.109619, 25.659620, 0.0)
(44.096535, 25.659266, 0.0)
(44.079052, 25.628426, 0.0)
(44.088562, 25.548162, 0.0)
(44.065582, 25.533577, 0.0)
(44.026566, 25.553579, 0.0)
(44.060543, 25.544806, 0.0)
(44.055569, 25.569113, 0.0)
(44.076412, 25.572968, 0.0)
(44.057743, 25.535936, 0.0)
(44.080502, 25.503773, 0.0)
(44.082016, 25.487638, 0.0)
(44.067955, 25.482769, 0.0)
(44.048153, 25.507729, 0.0)
(44.033848, 25.545816, 0.0)
(44.049358, 25.543440, 0.0)
(44.020744, 25.522358, 0.0)
(44.030945, 25.561529, 0.0)
(44.068108, 25.664808, 0.0)
(44.165527, 26.525301, 0.0)
(44.223953, 26.721367, 0.0)
(44.210163, 26.769230, 0.0)
(44.212265, 26.746559, 0.0)
(44.271736, 26.759398, 0.0)
(44.415741, 27.349483, 0.0)
(44.378979, 29.023037, 0.0)
(44.355793, 29.154228, 0.0)
(44.342247, 29.198534, 0.0)
(44.321888, 29.202932, 0.0)
(44.315380, 29.092957, 0.0)
(44.327820, 29.050539, 0.0)
(44.333664, 29.031042, 0.0)
(44.256252, 29.004183, 0.0)
(44.243900, 28.981302, 0.0)
(44.238747, 29.001751, 0.0)
(44.225422, 28.985310, 0.0)
(44.225945, 28.971838, 0.0)
(44.229465, 28.906940, 0.0)
(44.231915, 28.920734, 0.0)
(44.233894, 28.910755, 0.0)
(44.236855, 28.897791, 0.0)
(42.831352, 28.528984, 0.0)
(42.815113, 28.157827, 0.0)
(42.888115, 28.089891, 0.0)
(42.929718, 28.085737, 0.0)
(42.947514, 28.052172, 0.0)
(42.944286, 28.054752, 0.0)
(42.969803, 28.027971, 0.0)
(43.490326, 26.559509, 0.0)
(43.753052, 26.110205, 0.0)
(43.775028, 26.064503, 0.0)
(43.788765, 26.083799, 0.0)
(43.788563, 26.061064, 0.0)
(43.784576, 26.059155, 0.0)
(43.805222, 26.000257, 0.0)
(43.802048, 25.911993, 0.0)
(43.806229, 25.873571, 0.0)
(43.832695, 25.847969, 0.0)
(43.837463, 25.845240, 0.0)
(43.848465, 25.822058, 0.0)
(43.830780, 25.695335, 0.0)
(43.735001, 24.954386, 0.0)
(43.738781, 24.772972, 0.0)
(43.745316, 24.655428, 0.0)
(43.520195, 23.891439, 0.0)
(43.493011, 23.512880, 0.0)
(43.481178, 23.395164, 0.0)
(43.487564, 23.319735, 0.0)
(43.470730, 23.175016, 0.0)
(43.470566, 23.078144, 0.0)
(43.490002, 22.981127, 0.0)
(43.559082, 22.288040, 0.0)
(43.513912, 21.538668, 0.0)
(43.531742, 21.572823, 0.0)
(43.524780, 21.618399, 0.0)
(43.514214, 21.593605, 0.0)
(43.492401, 21.538054, 0.0)
(43.504772, 21.533964, 0.0)
(43.364468, 21.067612, 0.0)
(43.101692, 20.304792, 0.0)
(43.066822, 20.270769, 0.0)
(43.064274, 20.279572, 0.0)
(43.034317, 20.251423, 0.0)
(43.058460, 20.293282, 0.0)
(43.037663, 20.319159, 0.0)
(43.015072, 20.347450, 0.0)
(42.997242, 20.360331, 0.0)
(42.989391, 20.401186, 0.0)
(42.998360, 20.372271, 0.0)
(43.004768, 20.371061, 0.0)
(43.025799, 20.392271, 0.0)
(43.023628, 20.396221, 0.0)
(42.989426, 20.415731, 0.0)
(42.979717, 20.401041, 0.0)
(42.965977, 20.379747, 0.0)
(42.974663, 20.410448, 0.0)
(43.012798, 22.793579, 0.0)
(42.983643, 23.225859, 0.0)
(42.975033, 23.285128, 0.0)
(42.991089, 23.357718, 0.0)
(42.977921, 23.368813, 0.0)
(42.897861, 22.863186, 0.0)
(42.964233, 22.931042, 0.0)
(43.017006, 22.999147, 0.0)
(43.025043, 23.118090, 0.0)
(43.063797, 23.258562, 0.0)
(43.116409, 23.299921, 0.0)
(43.142693, 23.325495, 0.0)
(43.166763, 23.413700, 0.0)
(43.247757, 24.091484, 0.0)
(43.217175, 25.863085, 0.0)
(43.210205, 26.103743, 0.0)
(43.215786, 26.199961, 0.0)
(43.173649, 26.242636, 0.0)
(43.191734, 26.280046, 0.0)
(43.205288, 26.309805, 0.0)
(43.190971, 25.144527, 0.0)
(43.135998, 25.146650, 0.0)
(43.158985, 25.245436, 0.0)
(43.175785, 25.251259, 0.0)
(43.172813, 25.280087, 0.0)
(43.187366, 25.369831, 0.0)
(43.190971, 25.428341, 0.0)
(43.174637, 25.473104, 0.0)
(43.196037, 25.549011, 0.0)
(43.174274, 25.595030, 0.0)
(43.180012, 25.566460, 0.0)
(43.185757, 25.527193, 0.0)
(43.170273, 25.541761, 0.0)
(43.166016, 25.564795, 0.0)
(43.156254, 25.583664, 0.0)
(43.145878, 25.563553, 0.0)
(43.162102, 25.531313, 0.0)
(43.153652, 25.500425, 0.0)
(43.163120, 25.497044, 0.0)
(43.143158, 25.500156, 0.0)
(42.476040, 27.459057, 0.0)
(42.203472, 28.955841, 0.0)
(42.125622, 29.046396, 0.0)
(42.133022, 28.998297, 0.0)
(42.137917, 28.919060, 0.0)
(42.137211, 28.872257, 0.0)
(42.137615, 28.837963, 0.0)
(42.126263, 28.844471, 0.0)
(42.096146, 28.762804, 0.0)
(42.078384, 28.674007, 0.0)
(42.083797, 28.634893, 0.0)
(42.082310, 28.521349, 0.0)
(42.063328, 28.433191, 0.0)
(42.278461, 27.892946, 0.0)
(42.298759, 27.683840, 0.0)
(42.305859, 27.514063, 0.0)
(42.336025, 27.271734, 0.0)
(42.379505, 27.084501, 0.0)
(42.395489, 26.905224, 0.0)
(42.407162, 26.737812, 0.0)
(42.451874, 26.526161, 0.0)
(42.458939, 26.321325, 0.0)
(42.543770, 25.601385, 0.0)
(42.604301, 25.114475, 0.0)
(42.617767, 24.942457, 0.0)
(42.621986, 24.856718, 0.0)
(42.618202, 24.740465, 0.0)
(42.622997, 24.588163, 0.0)
(42.630112, 24.435165, 0.0)
(42.643452, 24.295624, 0.0)
(42.660770, 24.142342, 0.0)
(42.645462, 24.007809, 0.0)
(42.632935, 23.851791, 0.0)
(42.605907, 23.714996, 0.0)
(42.618683, 23.599007, 0.0)
(42.632191, 23.512548, 0.0)
(42.658958, 23.451340, 0.0)
(42.471642, 22.762012, 0.0)
(42.450043, 22.380644, 0.0)
(42.463135, 22.360014, 0.0)
(42.468304, 22.321291, 0.0)
(42.493820, 22.287909, 0.0)
(42.485584, 22.259125, 0.0)
(42.460072, 22.201288, 0.0)
(42.439026, 22.129511, 0.0)
(42.352142, 21.631237, 0.0)
(42.028873, 20.496016, 0.0)
(41.941151, 20.211157, 0.0)
(41.940216, 20.210110, 0.0)
(41.944462, 20.226162, 0.0)
(41.980606, 20.257601, 0.0)
(41.971054, 20.270214, 0.0)
(41.999935, 20.246733, 0.0)
(42.136852, 19.974108, 0.0)
(42.185619, 19.930092, 0.0)
(42.155792, 19.947252, 0.0)
(42.156460, 19.954643, 0.0)
(42.136852, 19.974108, 0.0)
(42.135189, 19.918789, 0.0)
(42.132816, 19.898062, 0.0)
(42.138988, 19.880161, 0.0)
(42.112206, 19.862444, 0.0)
(42.093033, 19.926825, 0.0)
(41.304874, 20.194872, 0.0)
(41.199585, 20.274126, 0.0)
(41.202457, 20.294960, 0.0)
(41.206184, 20.346773, 0.0)
(41.349396, 20.658520, 0.0)
(41.793331, 22.062803, 0.0)
(41.810173, 22.275064, 0.0)
(41.808964, 22.303074, 0.0)
(41.804832, 22.319645, 0.0)
(41.842800, 22.464014, 0.0)
(41.829208, 22.496059, 0.0)
(41.832561, 22.588612, 0.0)
(41.833679, 22.706106, 0.0)
(41.865479, 22.775024, 0.0)
(41.863403, 22.846584, 0.0)
(41.871426, 22.926987, 0.0)
(41.888973, 23.027658, 0.0)
(41.877258, 23.130167, 0.0)
(41.885166, 23.287186, 0.0)
(42.094631, 25.564747, 0.0)
(42.001442, 25.974453, 0.0)
(41.987106, 26.003254, 0.0)
(42.009521, 26.075113, 0.0)
(42.015026, 26.124334, 0.0)
(42.013195, 26.177156, 0.0)
(42.027840, 26.233910, 0.0)
(42.000465, 26.288206, 0.0)
(41.980480, 26.284224, 0.0)
(41.992718, 26.314732, 0.0)
(42.033920, 26.707224, 0.0)
(41.893703, 28.755381, 0.0)
(41.783962, 29.158148, 0.0)
(41.744576, 29.241945, 0.0)
(41.716309, 29.187380, 0.0)
(41.722088, 29.111076, 0.0)
(41.726673, 29.111538, 0.0)
(41.708935, 29.083731, 0.0)
(41.718224, 29.124859, 0.0)
(41.710781, 29.218191, 0.0)
(41.694733, 29.243717, 0.0)
(41.682922, 29.202105, 0.0)
(41.688354, 29.193584, 0.0)
(41.687542, 29.212954, 0.0)
(41.681194, 29.246040, 0.0)
(41.653831, 29.328279, 0.0)
(41.646416, 29.320433, 0.0)
(41.667164, 29.244392, 0.0)
(41.662769, 29.247381, 0.0)
(41.415783, 29.470955, 0.0)
(41.364941, 29.565351, 0.0)
(41.370251, 29.568682, 0.0)
(41.385883, 29.565926, 0.0)
(41.359615, 29.530308, 0.0)
(40.619129, 29.699160, 0.0)
(40.525703, 29.632050, 0.0)
(40.514286, 29.584751, 0.0)
(40.536121, 29.470417, 0.0)
(40.837925, 27.872152, 0.0)
(40.936405, 26.976992, 0.0)
(40.954243, 26.759470, 0.0)
(40.986134, 26.571278, 0.0)
(41.009518, 26.505522, 0.0)
(41.107029, 26.398760, 0.0)
(41.107616, 26.252743, 0.0)
(41.133072, 26.107809, 0.0)
(41.147945, 25.922661, 0.0)
(41.150921, 25.735071, 0.0)
(41.253731, 25.626352, 0.0)
(41.140694, 24.795435, 0.0)
(41.126385, 24.047337, 0.0)
(41.123100, 23.969273, 0.0)
(41.098530, 23.894861, 0.0)
(41.075817, 23.739395, 0.0)
(41.063583, 23.618967, 0.0)
(41.048428, 23.543932, 0.0)
(41.021370, 22.327188, 0.0)
(40.920532, 20.983932, 0.0)
(40.945820, 20.883596, 0.0)
(40.983284, 20.891891, 0.0)
(40.976948, 20.854069, 0.0)
(40.981480, 20.815092, 0.0)
(40.998413, 20.788734, 0.0)
(40.723476, 20.146677, 0.0)
(40.443485, 19.521893, 0.0)
(40.400799, 19.580900, 0.0)
(40.402412, 19.544353, 0.0)
(40.403114, 19.533569, 0.0)
(40.409912, 19.563879, 0.0)
(40.405945, 19.595440, 0.0)
(40.374004, 19.569231, 0.0)
(40.382469, 19.596809, 0.0)
(40.375504, 19.636345, 0.0)
(40.392422, 19.660078, 0.0)
(40.382595, 19.651348, 0.0)
(40.391308, 19.644791, 0.0)
(40.346714, 19.652605, 0.0)
(40.354340, 19.616800, 0.0)
(40.342873, 19.634521, 0.0)
(40.337151, 19.584148, 0.0)
(40.355320, 19.475946, 0.0)
(40.334614, 19.502758, 0.0)
(40.323700, 19.490297, 0.0)
(40.311275, 19.514927, 0.0)
(40.289886, 19.576605, 0.0)
(39.377174, 20.370285, 0.0)
(39.285179, 20.476076, 0.0)
(39.263145, 20.475916, 0.0)
(39.271862, 20.502579, 0.0)
(39.272827, 20.535492, 0.0)
(40.019741, 21.969591, 0.0)
(40.350571, 23.631117, 0.0)
(40.278347, 23.797245, 0.0)
(40.229832, 23.791420, 0.0)
(40.260704, 23.834171, 0.0)
(40.331623, 23.976110, 0.0)
(40.326664, 24.028757, 0.0)
(40.136047, 23.729036, 0.0)
(40.047688, 23.713140, 0.0)
(40.055248, 23.811821, 0.0)
(40.064789, 23.856920, 0.0)
(40.084183, 23.962093, 0.0)
(40.107533, 24.063728, 0.0)
(40.125237, 24.108059, 0.0)
(40.102325, 24.267431, 0.0)
(40.127659, 24.320131, 0.0)
(40.136028, 24.353561, 0.0)
(40.110455, 24.417696, 0.0)
(40.125465, 24.451807, 0.0)
(40.098373, 24.530022, 0.0)
(40.137314, 24.695345, 0.0)
(40.302944, 26.748213, 0.0)
(40.207664, 27.193491, 0.0)
(40.154610, 27.214436, 0.0)
(40.184525, 27.197325, 0.0)
(40.193092, 27.221321, 0.0)
(40.204208, 27.290804, 0.0)
(40.176998, 27.353518, 0.0)
(40.166965, 27.376095, 0.0)
(40.243683, 28.056633, 0.0)
(40.100227, 29.055344, 0.0)
(40.039288, 29.119129, 0.0)
(40.033985, 29.128654, 0.0)
(40.029392, 29.188005, 0.0)
(40.027355, 29.233700, 0.0)
(40.018780, 29.246073, 0.0)
(40.019318, 29.227438, 0.0)
(40.040127, 29.239971, 0.0)
(40.055603, 29.299782, 0.0)
(40.040607, 29.333866, 0.0)
(40.031162, 29.387094, 0.0)
(40.020027, 29.421200, 0.0)
(40.015236, 29.361279, 0.0)
(39.982487, 29.359570, 0.0)
(39.983410, 29.345860, 0.0)
(39.783356, 29.764540, 0.0)
(39.718433, 29.878519, 0.0)
(39.710613, 29.893089, 0.0)
(39.708580, 29.873074, 0.0)
(39.618114, 29.927603, 0.0)
(39.030613, 29.884216, 0.0)
(38.964085, 29.831684, 0.0)
(38.963848, 29.790266, 0.0)
(38.960396, 29.709902, 0.0)
(39.168900, 28.305668, 0.0)
(39.204617, 27.766558, 0.0)
(39.217228, 27.643614, 0.0)
(39.206860, 27.424160, 0.0)
(39.210373, 27.235481, 0.0)
(39.231033, 27.034908, 0.0)
(39.248444, 26.868950, 0.0)
(39.288128, 26.609003, 0.0)
(39.333782, 26.430103, 0.0)
(39.399265, 26.308924, 0.0)
(39.406761, 26.164896, 0.0)
(39.431591, 26.126572, 0.0)
(39.435131, 26.071299, 0.0)
(39.429634, 25.849306, 0.0)
(39.425438, 25.667278, 0.0)
(39.448006, 25.525990, 0.0)
(39.267567, 25.150629, 0.0)
(39.238842, 24.657089, 0.0)
(39.197536, 24.497217, 0.0)
(39.188152, 24.388893, 0.0)
(39.217537, 24.248781, 0.0)
(39.227024, 24.120356, 0.0)
(39.270695, 24.052578, 0.0)
(39.224716, 22.590902, 0.0)
(39.222679, 21.973680, 0.0)
(39.231583, 22.022041, 0.0)
(39.234463, 21.958073, 0.0)
(39.222889, 21.916578, 0.0)
(39.206821, 21.888483, 0.0)
(39.185131, 21.829391, 0.0)
(38.900379, 20.679758, 0.0)
(38.809444, 20.554077, 0.0)
(38.834988, 20.603601, 0.0)
(38.818676, 20.602131, 0.0)
(38.865734, 20.613087, 0.0)
(38.866096, 20.622276, 0.0)
(38.850121, 20.638643, 0.0)
(38.833225, 20.666115, 0.0)
(38.850121, 20.638643, 0.0)
(38.794186, 20.572027, 0.0)
(38.782963, 20.546282, 0.0)
(38.518860, 20.301311, 0.0)
(38.279533, 19.819443, 0.0)
(38.225739, 19.811066, 0.0)
(38.224625, 19.913258, 0.0)
(38.232777, 19.921829, 0.0)
(38.248672, 19.924831, 0.0)
(38.247810, 19.962788, 0.0)
(38.256630, 19.987776, 0.0)
(38.255672, 20.010885, 0.0)
(38.341694, 20.929523, 0.0)
(38.299374, 22.477713, 0.0)
(38.288479, 23.426239, 0.0)
(38.269562, 23.672623, 0.0)
(38.271755, 23.767902, 0.0)
(38.247322, 23.863808, 0.0)
(38.095615, 23.073183, 0.0)
(38.016003, 22.984442, 0.0)
(37.977646, 23.098946, 0.0)
(38.020592, 23.230587, 0.0)
(38.093311, 23.359341, 0.0)
(38.137329, 23.452871, 0.0)
(38.169815, 23.559294, 0.0)
(38.204437, 23.646269, 0.0)
(38.250526, 23.751266, 0.0)
(38.577835, 25.518076, 0.0)
(38.520306, 25.976402, 0.0)
(38.500248, 26.015194, 0.0)
(38.451145, 26.015942, 0.0)
(38.431530, 26.123617, 0.0)
(38.624435, 27.510208, 0.0)
(38.521313, 29.229330, 0.0)
(38.527367, 29.676517, 0.0)
(38.514862, 29.747738, 0.0)
(38.508656, 29.751228, 0.0)
(38.454067, 29.749950, 0.0)
(38.399830, 29.702658, 0.0)
(38.385670, 29.533749, 0.0)
(38.392551, 29.467121, 0.0)
(38.413788, 29.444336, 0.0)
(38.402153, 29.488190, 0.0)
(38.417297, 29.509365, 0.0)
(38.415073, 29.531843, 0.0)
(38.393196, 29.534161, 0.0)
(38.385738, 29.507410, 0.0)
(38.407017, 29.494274, 0.0)
(38.409100, 29.501240, 0.0)
(38.423641, 29.534781, 0.0)
(38.410503, 29.589104, 0.0)
(38.435326, 29.602718, 0.0)
(38.447800, 29.589291, 0.0)
(38.440815, 29.608757, 0.0)
(38.346565, 30.037191, 0.0)
(38.227303, 30.677217, 0.0)
(38.217411, 30.749943, 0.0)
(38.193283, 30.767410, 0.0)
(38.187325, 30.762487, 0.0)
(38.175125, 30.743858, 0.0)
(38.185249, 30.704788, 0.0)
(38.184341, 30.698500, 0.0)
(38.164471, 30.672565, 0.0)
(37.887264, 30.618956, 0.0)
(37.303017, 30.286304, 0.0)
(37.230587, 30.107641, 0.0)
(37.232578, 29.958311, 0.0)
(37.245728, 29.773973, 0.0)
(37.265079, 29.574997, 0.0)
(37.264622, 29.397949, 0.0)
(37.283924, 29.171530, 0.0)
(37.295532, 28.901669, 0.0)
(37.315460, 28.631754, 0.0)
(37.430550, 26.998835, 0.0)
(37.430939, 26.744045, 0.0)
(37.422058, 26.591015, 0.0)
(37.391785, 26.420851, 0.0)
(37.373199, 26.213337, 0.0)
(37.156559, 25.805906, 0.0)
(37.094109, 25.405336, 0.0)
(37.071983, 25.252520, 0.0)
(37.060162, 25.176941, 0.0)
(37.075008, 25.116627, 0.0)
(37.075020, 25.059410, 0.0)
(37.104061, 24.935688, 0.0)
(37.098148, 24.829216, 0.0)
(37.114925, 24.747614, 0.0)
(37.103477, 24.716780, 0.0)
(37.092659, 24.641262, 0.0)
(37.105347, 24.560575, 0.0)
(37.104610, 24.390921, 0.0)
(37.121403, 24.293642, 0.0)
(37.191288, 23.827290, 0.0)
(37.213387, 22.476191, 0.0)
(37.198814, 22.442127, 0.0)
(37.182152, 22.390326, 0.0)
(37.144646, 22.319637, 0.0)
(37.146759, 22.292467, 0.0)
(37.164703, 22.241335, 0.0)
(37.151035, 22.173328, 0.0)
(36.492405, 20.628780, 0.0)
(36.394657, 20.014046, 0.0)
(36.387024, 20.054419, 0.0)
(36.365501, 20.133284, 0.0)
(36.370018, 20.191114, 0.0)
(36.375492, 20.195692, 0.0)
(36.647591, 20.290342, 0.0)
(36.670597, 20.322477, 0.0)
(36.670677, 20.328970, 0.0)
(36.641640, 20.347597, 0.0)
(36.664280, 20.357094, 0.0)
(36.665562, 20.378387, 0.0)
(36.648666, 20.416018, 0.0)
(36.629303, 20.452919, 0.0)
(36.614037, 20.455137, 0.0)
(36.610214, 20.408798, 0.0)
(36.589920, 20.396070, 0.0)
(36.504032, 20.360964, 0.0)
(36.194500, 22.051250, 0.0)
(36.133011, 23.608459, 0.0)
(36.138798, 23.615805, 0.0)
(36.198898, 23.182205, 0.0)
(36.195721, 22.920271, 0.0)
(36.203964, 22.980967, 0.0)
(36.227989, 23.119499, 0.0)
(36.131020, 22.726721, 0.0)
(36.095390, 22.848738, 0.0)
(36.102867, 22.950756, 0.0)
(36.119812, 22.997856, 0.0)
(36.154800, 23.085249, 0.0)
(36.151222, 23.222933, 0.0)
(36.155437, 23.284864, 0.0)
(36.169952, 23.420683, 0.0)
(36.618729, 25.717098, 0.0)
(36.549931, 25.878336, 0.0)
(36.521130, 25.908188, 0.0)
(36.528427, 25.923836, 0.0)
(36.498001, 26.014509, 0.0)
(36.499279, 26.063259, 0.0)
(36.467903, 26.170231, 0.0)
(36.488243, 26.204630, 0.0)
(36.492188, 26.246595, 0.0)
(36.488663, 26.336718, 0.0)
(36.496815, 26.409567, 0.0)
(36.290997, 27.446568, 0.0)
(36.266380, 27.713772, 0.0)
(36.259457, 27.842123, 0.0)
(36.231140, 27.886633, 0.0)
(36.232101, 27.882215, 0.0)
(36.373257, 29.641663, 0.0)
(36.349678, 29.966961, 0.0)
(36.339352, 30.060711, 0.0)
(36.330379, 30.096525, 0.0)
(36.322647, 30.099741, 0.0)
(36.315445, 30.076031, 0.0)
(36.330269, 30.077461, 0.0)
(36.303482, 30.109015, 0.0)
(36.304447, 30.067505, 0.0)
(36.304203, 30.128128, 0.0)
(36.301388, 30.145792, 0.0)
(36.307518, 30.129810, 0.0)
(36.328323, 30.119780, 0.0)
(36.354832, 30.120573, 0.0)
(36.493587, 30.662466, 0.0)
(36.463799, 30.736635, 0.0)
(36.459980, 30.696560, 0.0)
(36.451511, 30.605961, 0.0)
(36.453209, 30.578794, 0.0)
(36.456249, 30.549801, 0.0)
(35.571461, 30.515911, 0.0)
(35.453987, 30.537144, 0.0)
(35.460011, 30.499821, 0.0)
(35.393246, 30.363632, 0.0)
(35.387596, 30.226196, 0.0)
(35.425236, 30.013365, 0.0)
(35.620495, 29.210901, 0.0)
(35.639874, 29.001890, 0.0)
(35.622955, 28.839121, 0.0)
(35.639969, 28.579092, 0.0)
(35.650799, 28.294336, 0.0)
(35.645779, 27.969618, 0.0)
(35.664822, 27.673267, 0.0)
(35.661610, 27.382994, 0.0)
(35.681225, 27.160215, 0.0)
(35.638245, 27.065994, 0.0)
(35.635513, 26.838402, 0.0)
(35.441578, 26.510164, 0.0)
(35.192627, 25.557865, 0.0)
(35.106289, 25.421028, 0.0)
(35.086235, 25.368437, 0.0)
(35.064194, 25.313091, 0.0)
(35.029152, 25.236063, 0.0)
(35.013256, 24.988281, 0.0)
(34.928711, 23.791655, 0.0)
(34.868080, 23.543247, 0.0)
(34.864384, 23.514364, 0.0)
(34.861263, 23.487494, 0.0)
(34.858421, 23.411766, 0.0)
(34.867733, 23.341372, 0.0)
(34.866821, 23.246231, 0.0)
(34.888653, 23.177528, 0.0)
(34.893513, 23.145245, 0.0)
(34.900398, 23.102627, 0.0)
(34.900661, 23.082304, 0.0)
(34.903320, 22.999182, 0.0)
(34.941792, 22.059034, 0.0)
(34.759308, 20.872137, 0.0)
(34.737411, 20.837351, 0.0)
(34.724808, 20.832029, 0.0)
(34.704254, 20.872694, 0.0)
(34.697269, 20.889149, 0.0)
(34.714554, 20.824615, 0.0)
(34.716728, 20.773859, 0.0)
(34.732578, 20.758366, 0.0)
(34.720444, 20.709225, 0.0)
(34.475063, 20.069921, 0.0)
(34.383461, 19.970871, 0.0)
(34.409962, 19.964891, 0.0)
(34.424541, 19.934847, 0.0)
(34.414410, 19.920153, 0.0)
(34.418339, 19.951033, 0.0)
(34.413723, 19.983253, 0.0)
(34.395161, 19.992891, 0.0)
(33.794331, 21.259762, 0.0)
(33.630196, 23.252851, 0.0)
(33.751060, 23.450613, 0.0)
(33.835930, 23.652987, 0.0)
(33.829559, 23.469532, 0.0)
(33.760342, 22.910286, 0.0)
(33.796677, 22.957720, 0.0)
(33.829189, 23.130510, 0.0)
(33.844990, 23.212831, 0.0)
(33.876976, 23.316673, 0.0)
(33.898220, 23.345955, 0.0)
(33.916656, 23.422897, 0.0)
(33.952324, 23.559978, 0.0)
(33.971867, 23.677368, 0.0)
(33.962837, 24.543415, 0.0)
(34.088326, 25.121162, 0.0)
(34.197662, 25.787949, 0.0)
(34.196056, 26.034893, 0.0)
(34.226425, 26.262627, 0.0)
(34.271133, 26.659189, 0.0)
(34.319305, 26.835917, 0.0)
(34.238911, 26.645111, 0.0)
(34.232990, 26.705074, 0.0)
(34.239056, 26.737530, 0.0)
(34.243473, 26.777941, 0.0)
(34.250095, 26.899973, 0.0)
(34.251812, 26.981539, 0.0)
(34.256157, 27.070646, 0.0)
(34.284866, 27.110672, 0.0)
(34.315918, 27.184118, 0.0)
(34.317440, 27.248865, 0.0)
(34.309330, 27.363287, 0.0)
(34.301628, 27.505831, 0.0)
(34.314720, 27.516283, 0.0)
(34.206039, 28.518578, 0.0)
(34.200371, 29.028334, 0.0)
(34.171978, 29.132498, 0.0)
(34.168243, 29.176872, 0.0)
(34.167255, 29.202223, 0.0)
(34.156727, 29.169460, 0.0)
(34.161598, 29.154963, 0.0)
(34.189629, 29.154076, 0.0)
(34.197609, 29.160063, 0.0)
(34.231804, 29.170483, 0.0)
(34.217289, 29.211454, 0.0)
(34.016983, 30.406681, 0.0)
(34.014950, 30.666477, 0.0)
(34.008816, 30.664610, 0.0)
(34.000298, 30.650888, 0.0)
(33.973583, 30.582617, 0.0)
(32.986176, 29.758457, 0.0)
(32.822002, 29.547369, 0.0)
(32.790810, 29.402918, 0.0)
(32.783482, 29.261166, 0.0)
(32.756153, 29.037325, 0.0)
(32.762024, 28.913465, 0.0)
(32.781025, 28.774099, 0.0)
(32.781857, 28.610340, 0.0)
(32.798340, 28.440466, 0.0)
(32.802898, 28.181366, 0.0)
(32.820122, 27.920630, 0.0)
(32.840500, 27.810652, 0.0)
(32.846420, 27.480909, 0.0)
(32.857052, 27.307882, 0.0)
(32.886215, 27.144531, 0.0)
(32.890507, 26.965458, 0.0)
(32.892235, 26.768465, 0.0)
(32.884472, 26.528517, 0.0)
(32.893555, 26.350822, 0.0)
(32.905148, 26.151592, 0.0)
(32.871269, 26.007504, 0.0)
(32.832680, 25.833447, 0.0)
(32.841328, 25.657934, 0.0)
(32.836143, 25.518785, 0.0)
(32.830307, 25.362362, 0.0)
(32.957863, 24.471550, 0.0)
(32.973083, 24.268223, 0.0)
(32.963081, 24.232752, 0.0)
(32.960197, 24.152367, 0.0)
(32.983051, 24.051678, 0.0)
(32.984821, 23.961420, 0.0)
(32.991455, 23.847178, 0.0)
(32.991474, 23.760920, 0.0)
(32.973442, 23.702646, 0.0)
(32.970249, 23.587719, 0.0)
(32.569378, 22.417397, 0.0)
(32.388527, 21.462561, 0.0)
(32.359097, 21.435669, 0.0)
(32.337090, 21.432714, 0.0)
(32.259811, 21.127531, 0.0)
(32.284302, 20.261724, 0.0)
(32.250072, 20.225016, 0.0)
(32.208611, 20.200346, 0.0)
(32.227070, 20.188860, 0.0)
(32.241116, 20.224464, 0.0)
(32.244064, 20.245232, 0.0)
(32.209309, 20.331984, 0.0)
(32.223324, 20.367561, 0.0)
(32.240002, 20.328012, 0.0)
(32.247921, 20.283890, 0.0)
(32.251888, 20.255203, 0.0)
(32.210987, 20.184269, 0.0)
(32.202698, 20.188375, 0.0)
(32.203030, 20.199720, 0.0)
(31.939493, 20.336123, 0.0)
(31.308451, 20.784010, 0.0)
(31.266644, 20.845612, 0.0)
(31.269720, 20.867565, 0.0)
(31.257111, 20.916168, 0.0)
(31.251230, 20.973598, 0.0)
(31.656336, 22.365707, 0.0)
(31.676966, 23.174822, 0.0)
(31.684544, 23.386171, 0.0)
(31.673796, 23.515877, 0.0)
(31.691200, 23.643988, 0.0)
(31.686222, 23.779963, 0.0)
(31.736870, 23.939163, 0.0)
(31.766047, 24.073046, 0.0)
(31.772327, 24.153521, 0.0)
(31.796377, 24.259895, 0.0)
(31.814581, 24.379648, 0.0)
(31.849781, 24.499022, 0.0)
(31.838703, 24.622156, 0.0)
(31.747707, 25.675491, 0.0)
(31.768730, 26.309866, 0.0)
(31.767073, 26.443157, 0.0)
(31.757090, 26.573851, 0.0)
(31.742649, 26.651432, 0.0)
(31.744656, 26.753811, 0.0)
(31.766895, 26.818741, 0.0)
(31.767500, 26.908531, 0.0)
(31.801514, 26.906199, 0.0)
(31.837927, 26.919798, 0.0)
(31.884661, 27.010143, 0.0)
(31.888363, 27.086657, 0.0)
(31.897511, 27.187189, 0.0)
(31.933447, 27.244160, 0.0)
(32.123077, 28.177612, 0.0)
(32.318729, 29.509186, 0.0)
(32.337933, 29.719681, 0.0)
(32.372002, 29.793758, 0.0)
(32.365147, 29.945526, 0.0)
(32.389759, 29.992899, 0.0)
(32.654018, 30.833366, 0.0)
(32.621094, 31.050833, 0.0)
(32.632885, 31.101925, 0.0)
(32.642452, 31.125298, 0.0)
(32.649910, 31.163380, 0.0)
(32.635746, 31.189682, 0.0)
(32.631824, 31.155380, 0.0)
(32.615887, 31.123365, 0.0)
(32.626881, 31.045792, 0.0)
(32.621868, 30.992802, 0.0)
(32.626034, 30.978420, 0.0)
(32.626602, 31.022831, 0.0)
(31.926767, 30.915115, 0.0)
(31.821524, 30.879047, 0.0)
(31.825249, 30.837034, 0.0)
(31.814302, 30.806356, 0.0)
(31.803007, 30.791399, 0.0)
(31.780193, 30.794518, 0.0)
(31.765501, 30.811121, 0.0)
(31.765123, 30.741238, 0.0)
(31.763266, 30.572113, 0.0)
(31.423828, 30.014660, 0.0)
(31.251810, 28.887812, 0.0)
(31.138613, 28.557953, 0.0)
(31.076527, 28.592047, 0.0)
(31.020388, 28.245176, 0.0)
(30.974306, 28.128035, 0.0)
(30.952980, 27.911932, 0.0)
(30.961882, 27.764656, 0.0)
(30.962070, 27.590208, 0.0)
(30.919563, 27.418755, 0.0)
(30.946491, 27.351727, 0.0)
(30.631681, 25.419870, 0.0)
(30.512810, 24.887215, 0.0)
(30.515318, 24.855505, 0.0)
(30.517149, 24.813076, 0.0)
(30.471216, 24.718143, 0.0)
(30.463579, 24.633499, 0.0)
(30.486563, 24.571409, 0.0)
(30.477015, 24.465565, 0.0)
(30.470467, 24.365904, 0.0)
(30.472258, 24.301895, 0.0)
(30.471409, 24.198095, 0.0)
(30.445580, 24.161730, 0.0)
(30.459087, 24.082394, 0.0)
(30.636703, 22.946930, 0.0)
(30.688889, 21.735495, 0.0)
(30.654005, 21.293774, 0.0)
(30.626474, 21.318590, 0.0)
(30.605957, 21.372561, 0.0)
(30.585148, 21.392975, 0.0)
(30.564756, 21.390512, 0.0)
(30.559172, 21.346165, 0.0)
(30.571943, 21.302706, 0.0)
(30.574432, 21.283720, 0.0)
(30.567421, 21.316923, 0.0)
(30.558279, 21.335930, 0.0)
(30.560913, 21.319572, 0.0)
(30.545267, 21.256247, 0.0)
(30.529732, 21.178713, 0.0)
(30.522894, 21.157022, 0.0)
(30.511295, 21.131575, 0.0)
(30.473169, 21.144258, 0.0)
(30.463614, 21.135700, 0.0)
(30.438583, 21.124187, 0.0)
(30.454231, 21.079861, 0.0)
(29.991537, 21.190319, 0.0)
(29.527029, 21.480406, 0.0)
(29.462105, 21.551456, 0.0)
(29.453201, 21.570187, 0.0)
(29.442574, 21.608027, 0.0)
(29.445610, 21.640417, 0.0)
(29.629108, 23.013140, 0.0)
(29.975534, 24.777102, 0.0)
(29.922392, 24.930433, 0.0)
(29.680826, 24.555464, 0.0)
(29.591818, 24.287067, 0.0)
(29.572685, 24.276020, 0.0)
(29.579111, 24.373753, 0.0)
(29.592709, 24.523439, 0.0)
(29.604748, 24.600286, 0.0)
(29.625998, 24.738297, 0.0)
(29.606094, 24.816090, 0.0)
(29.629299, 24.836164, 0.0)
(29.633789, 24.862190, 0.0)
(30.083870, 26.506048, 0.0)
(30.155251, 27.723902, 0.0)
(30.070105, 27.875408, 0.0)
(30.024921, 27.947681, 0.0)
(30.011772, 28.047142, 0.0)
(30.002974, 28.149647, 0.0)
(30.008865, 28.181772, 0.0)
(30.016275, 28.257233, 0.0)
(30.033308, 28.333506, 0.0)
(30.032938, 28.447641, 0.0)
(30.033302, 28.590963, 0.0)
(30.035728, 28.614878, 0.0)
(30.040655, 28.649364, 0.0)
(30.044220, 28.719269, 0.0)
(30.051807, 28.780657, 0.0)
(30.063692, 28.862202, 0.0)
(30.091049, 29.574467, 0.0)
(30.106911, 29.895372, 0.0)
(30.095734, 29.998503, 0.0)
(30.106613, 30.054852, 0.0)
(30.114506, 30.075628, 0.0)
(30.115238, 30.134449, 0.0)
(30.116861, 30.200727, 0.0)
(30.140099, 30.237141, 0.0)
(30.150799, 30.250952, 0.0)
(30.157021, 30.248701, 0.0)
(30.189714, 30.250471, 0.0)
(30.198071, 30.207949, 0.0)
(30.255871, 31.289080, 0.0)
(30.294683, 32.317238, 0.0)
(30.274910, 32.384041, 0.0)
(30.232969, 32.389168, 0.0)
(30.231174, 32.376949, 0.0)
(30.244665, 32.375313, 0.0)
(30.239162, 32.368397, 0.0)
(30.216272, 32.380779, 0.0)
(30.218601, 32.379402, 0.0)
(29.595690, 31.916208, 0.0)
(29.533405, 31.817364, 0.0)
(29.572584, 31.754053, 0.0)
(29.525129, 31.618319, 0.0)
(29.412231, 29.202154, 0.0)
(29.256235, 28.551336, 0.0)
(29.217978, 28.515846, 0.0)
(29.200588, 28.387255, 0.0)
(29.235435, 28.290016, 0.0)
(29.256594, 28.234905, 0.0)
(29.251905, 28.118036, 0.0)
(29.230104, 28.038898, 0.0)
(29.239532, 27.876589, 0.0)
(29.244593, 27.612099, 0.0)
(29.241526, 27.512201, 0.0)
(29.255316, 27.228659, 0.0)
(29.269291, 27.059771, 0.0)
(29.241278, 27.016645, 0.0)
(29.214355, 26.825388, 0.0)
(29.193562, 26.740791, 0.0)
(29.171804, 26.556820, 0.0)
(29.156940, 26.324301, 0.0)
(29.141071, 26.126692, 0.0)
(29.175114, 25.954939, 0.0)
(29.147701, 25.853195, 0.0)
(28.921301, 25.746698, 0.0)
(28.763960, 25.381760, 0.0)
(28.744291, 25.202969, 0.0)
(28.732178, 25.101198, 0.0)
(28.706423, 25.001852, 0.0)
(28.699911, 24.938210, 0.0)
(28.653353, 24.159115, 0.0)
(28.544510, 22.605534, 0.0)
(28.515102, 22.384901, 0.0)
(28.482630, 22.388699, 0.0)
(28.505135, 22.394569, 0.0)
(28.507614, 22.390211, 0.0)
(28.518629, 22.375055, 0.0)
(28.527916, 22.376785, 0.0)
(28.511187, 22.311956, 0.0)
(28.503689, 22.304173, 0.0)
(28.511467, 22.286362, 0.0)
(28.504665, 22.274237, 0.0)
(28.451895, 22.253675, 0.0)
(28.432125, 22.239027, 0.0)
(28.440834, 22.216278, 0.0)
(28.361673, 21.563910, 0.0)
(28.410967, 21.429043, 0.0)
(28.376383, 21.522303, 0.0)
(28.386292, 21.630806, 0.0)
(28.362967, 21.705975, 0.0)
(28.317926, 21.742340, 0.0)
(28.322506, 21.717588, 0.0)
(28.332537, 21.798744, 0.0)
(28.387381, 23.394791, 0.0)
(28.256439, 24.289730, 0.0)
(28.192146, 24.548027, 0.0)
(28.191902, 24.615654, 0.0)
(28.168543, 24.659109, 0.0)
(28.175798, 24.688831, 0.0)
(28.212708, 24.756884, 0.0)
(28.193155, 24.832403, 0.0)
(28.212486, 24.898851, 0.0)
(28.201982, 24.920975, 0.0)
(28.208199, 24.937668, 0.0)
(27.904968, 25.725246, 0.0)
(27.883337, 27.466644, 0.0)
(27.974043, 27.961880, 0.0)
(27.937536, 28.003889, 0.0)
(27.920176, 28.066423, 0.0)
(27.902122, 28.113651, 0.0)
(27.892967, 28.059883, 0.0)
(27.916824, 28.017101, 0.0)
(27.934149, 28.032551, 0.0)
(27.953691, 28.045143, 0.0)
(27.937422, 28.066864, 0.0)
(28.095425, 27.182484, 0.0)
(28.112257, 27.237192, 0.0)
(28.131496, 27.284111, 0.0)
(28.178768, 27.299782, 0.0)
(28.192478, 27.367094, 0.0)
(28.188837, 27.406643, 0.0)
(28.201368, 27.472221, 0.0)
(28.209980, 27.549931, 0.0)
(29.124126, 29.999968, 0.0)
(29.478611, 31.679422, 0.0)
(29.524176, 32.025482, 0.0)
(29.468657, 32.005009, 0.0)
(29.436779, 32.004444, 0.0)
(29.374760, 32.015888, 0.0)
(29.377499, 31.980410, 0.0)
(29.382013, 31.908178, 0.0)
(29.358002, 31.851522, 0.0)
(28.433659, 28.784294, 0.0)
(27.674885, 27.247950, 0.0)
(27.487000, 27.321680, 0.0)
(27.461905, 27.380558, 0.0)
(27.412176, 27.375746, 0.0)
(27.417032, 27.330189, 0.0)
(27.420527, 27.320068, 0.0)
(27.027637, 27.677765, 0.0)
(27.048994, 27.771582, 0.0)
(27.014597, 27.676401, 0.0)
(27.012518, 27.630960, 0.0)
(27.016340, 27.556684, 0.0)
(27.015614, 27.525036, 0.0)
(27.013121, 27.497192, 0.0)
(27.011227, 27.469706, 0.0)
(27.008291, 27.521957, 0.0)
(27.003292, 27.571360, 0.0)
(26.993164, 27.529978, 0.0)
(27.001120, 27.443769, 0.0)
(27.022451, 27.451700, 0.0)
(27.012165, 27.506689, 0.0)
(27.058985, 27.661509, 0.0)
(27.281307, 28.383595, 0.0)
(27.323441, 28.473019, 0.0)
(27.288931, 28.393341, 0.0)
(27.284857, 28.342176, 0.0)
(27.284847, 28.289642, 0.0)
(27.264944, 28.266891, 0.0)
(27.237411, 28.233133, 0.0)
(27.219940, 28.180065, 0.0)
(27.194410, 28.046265, 0.0)
(27.179430, 27.902679, 0.0)
(27.196127, 27.756809, 0.0)
(27.006647, 26.569376, 0.0)
(26.990906, 26.156582, 0.0)
(26.957254, 26.119234, 0.0)
(26.938551, 26.057596, 0.0)
(26.947615, 25.875523, 0.0)
(26.977383, 25.801117, 0.0)
(26.983322, 25.750790, 0.0)
(27.002022, 25.625561, 0.0)
(27.028576, 25.547129, 0.0)
(27.018961, 25.462357, 0.0)
(27.009443, 25.399239, 0.0)
(26.967495, 25.261461, 0.0)
(26.961796, 25.164642, 0.0)
(26.846813, 24.574903, 0.0)
(26.812515, 24.244146, 0.0)
(26.771839, 24.261854, 0.0)
(26.776375, 24.235497, 0.0)
(26.754210, 24.108536, 0.0)
(26.767588, 24.056765, 0.0)
(26.774046, 24.020742, 0.0)
(26.775410, 24.017435, 0.0)
(26.768965, 23.248018, 0.0)
(26.824820, 22.145664, 0.0)
(26.822607, 22.110085, 0.0)
(26.813391, 22.125587, 0.0)
(26.837442, 22.103878, 0.0)
(26.832975, 22.151203, 0.0)
(26.827913, 22.169821, 0.0)
(26.799627, 22.202356, 0.0)
(26.783325, 22.184494, 0.0)
(26.791771, 22.137285, 0.0)
(26.241621, 23.195316, 0.0)
(25.944084, 24.498274, 0.0)
(25.914497, 24.607981, 0.0)
(25.894585, 24.659698, 0.0)
(26.075628, 25.579733, 0.0)
(26.558237, 27.251225, 0.0)
(26.602028, 28.136091, 0.0)
(26.634487, 28.335442, 0.0)
(26.589165, 28.377949, 0.0)
(26.523239, 28.388992, 0.0)
(26.483282, 28.422239, 0.0)
(26.484844, 28.371044, 0.0)
(26.488192, 28.327513, 0.0)
(26.470192, 28.333654, 0.0)
(26.479677, 28.318926, 0.0)
(26.492947, 28.349569, 0.0)
(26.487825, 28.454027, 0.0)
(26.506687, 28.458687, 0.0)
(26.494326, 28.487995, 0.0)
(26.508944, 28.540522, 0.0)
(26.559013, 28.552866, 0.0)
(26.556065, 28.623476, 0.0)
(26.566450, 28.683712, 0.0)
(26.623367, 28.786674, 0.0)
(26.623417, 28.783216, 0.0)
(26.642952, 28.843756, 0.0)
(26.649105, 28.888021, 0.0)
(26.660282, 28.910398, 0.0)
(26.657408, 28.942764, 0.0)
(26.647753, 29.022243, 0.0)
(26.649050, 29.061977, 0.0)
(26.663137, 29.058758, 0.0)
(26.692696, 29.066298, 0.0)
(26.724100, 29.089930, 0.0)
(26.805933, 30.183184, 0.0)
(26.923592, 30.767576, 0.0)
(26.940393, 30.824139, 0.0)
(26.917549, 30.723005, 0.0)
(26.899937, 30.766497, 0.0)
(27.107761, 31.812344, 0.0)
(27.076063, 32.248482, 0.0)
(27.065790, 32.299236, 0.0)
(27.034237, 32.341530, 0.0)
(27.040539, 32.352844, 0.0)
(27.076380, 32.370876, 0.0)
(27.051184, 32.395916, 0.0)
(27.078447, 32.420128, 0.0)
(27.049585, 32.442440, 0.0)
(27.030128, 32.421207, 0.0)
(27.048742, 32.383636, 0.0)
(27.036581, 32.338604, 0.0)
(27.027216, 32.299755, 0.0)
(27.010695, 32.256195, 0.0)
(27.019804, 32.223949, 0.0)
(26.992867, 32.198956, 0.0)
(26.987009, 32.194984, 0.0)
(27.005411, 32.164677, 0.0)
(27.019783, 32.160343, 0.0)
(27.015312, 32.163940, 0.0)
(27.073093, 32.210815, 0.0)
(27.230209, 32.375408, 0.0)
(27.253401, 32.359100, 0.0)
(27.245897, 32.305508, 0.0)
(27.238605, 32.285900, 0.0)
(27.259378, 32.253109, 0.0)
(27.231079, 32.239723, 0.0)
(27.237240, 32.248558, 0.0)
(27.236509, 32.270470, 0.0)
(27.222780, 32.282810, 0.0)
(27.226683, 32.269741, 0.0)
(27.232353, 32.274048, 0.0)
(27.236715, 32.266895, 0.0)
(27.304628, 32.257877, 0.0)
(27.372292, 32.248230, 0.0)
(27.395226, 32.197952, 0.0)
(27.387941, 32.186596, 0.0)
(27.408215, 32.468212, 0.0)
