(43.444729, 25.442032, 0.0)
(43.186325, 24.017673, 0.0)
(43.358494, 24.028893, 0.0)
(43.483624, 24.116102, 0.0)
(43.534512, 24.136683, 0.0)
(43.558208, 24.114389, 0.0)
(43.573097, 24.085672, 0.0)
(43.816624, 24.081867, 0.0)
(43.872250, 24.074488, 0.0)
(43.887802, 24.066923, 0.0)
(43.923344, 24.079668, 0.0)
(43.961937, 24.051361, 0.0)
(43.954182, 24.063797, 0.0)
(43.960857, 24.005745, 0.0)
(43.934238, 23.995525, 0.0)
(43.984009, 23.985727, 0.0)
(44.008789, 23.974043, 0.0)
(44.010063, 23.961990, 0.0)
(44.015598, 23.952549, 0.0)
(44.021400, 23.914324, 0.0)
(44.034988, 23.897724, 0.0)
(44.019291, 23.921608, 0.0)
(44.054890, 23.873367, 0.0)
(44.046204, 23.826654, 0.0)
(44.021599, 23.816093, 0.0)
(44.029751, 23.810373, 0.0)
(44.037304, 23.788179, 0.0)
(44.018032, 23.830719, 0.0)
(44.027504, 23.831038, 0.0)
(44.048805, 23.852346, 0.0)
(44.033413, 23.835073, 0.0)
(44.046417, 23.832474, 0.0)
(44.061844, 23.823912, 0.0)
(44.073017, 23.851978, 0.0)
(44.080669, 23.842644, 0.0)
(44.056728, 23.872988, 0.0)
(44.051132, 23.852659, 0.0)
(44.071068, 23.838223, 0.0)
(44.098129, 23.848064, 0.0)
(44.123470, 23.885893, 0.0)
(44.143044, 23.877914, 0.0)
(44.137627, 23.861620, 0.0)
(44.131714, 23.866856, 0.0)
(44.140545, 23.848248, 0.0)
(44.117287, 23.842718, 0.0)
(44.099358, 23.851162, 0.0)
(44.100113, 23.852180, 0.0)
(44.124474, 23.840893, 0.0)
(44.135014, 23.833559, 0.0)
(44.139622, 23.830730, 0.0)
(44.155449, 23.843168, 0.0)
(44.140854, 23.851448, 0.0)
(44.151859, 23.854631, 0.0)
(44.155449, 23.877560, 0.0)
(44.134247, 23.884237, 0.0)
(44.093307, 23.791956, 0.0)
(44.100426, 23.787413, 0.0)
(44.110825, 23.806459, 0.0)
(44.116425, 23.783566, 0.0)
(44.104462, 23.817909, 0.0)
(44.096527, 23.840696, 0.0)
(44.132206, 23.837061, 0.0)
(44.124615, 23.804327, 0.0)
(44.074329, 23.805649, 0.0)
(44.053551, 23.815828, 0.0)
(44.066982, 23.802242, 0.0)
(44.080078, 23.813269, 0.0)
(44.082153, 23.845125, 0.0)
(44.086864, 23.829964, 0.0)
(44.073673, 23.853607, 0.0)
(44.066338, 23.852385, 0.0)
(44.077251, 23.849188, 0.0)
(44.053375, 23.860435, 0.0)
(44.044628, 23.876541, 0.0)
(44.049137, 23.873499, 0.0)
(44.042160, 23.867470, 0.0)
(44.044052, 23.872406, 0.0)
(44.066170, 23.883575, 0.0)
(44.061485, 23.873276, 0.0)
(44.061260, 23.880911, 0.0)
(44.059738, 23.841452, 0.0)
(44.053059, 23.843842, 0.0)
(44.070488, 23.882557, 0.0)
(44.071331, 23.904119, 0.0)
(44.070595, 23.922495, 0.0)
(44.061134, 23.899672, 0.0)
(44.101006, 23.912136, 0.0)
(44.058250, 23.899153, 0.0)
(44.054432, 23.898718, 0.0)
(44.069717, 23.903856, 0.0)
(44.064816, 23.934246, 0.0)
(44.045586, 23.982157, 0.0)
(44.065254, 23.964771, 0.0)
(44.045937, 23.908466, 0.0)
(44.058052, 23.910835, 0.0)
(44.049828, 23.916540, 0.0)
(44.062038, 23.907764, 0.0)
(44.055187, 23.909433, 0.0)
(44.052315, 23.918964, 0.0)
(44.058384, 23.889879, 0.0)
(44.053516, 23.895414, 0.0)
(44.057465, 23.896013, 0.0)
(44.060463, 23.893969, 0.0)
(44.064224, 23.890167, 0.0)
(44.076653, 23.885611, 0.0)
(44.074635, 23.881262, 0.0)
(44.075657, 23.866728, 0.0)
(44.080814, 23.873993, 0.0)
(44.099625, 23.871935, 0.0)
(44.088104, 23.894041, 0.0)
(44.092125, 23.895882, 0.0)
(44.094933, 23.868639, 0.0)
(44.097065, 23.845600, 0.0)
(43.867516, 23.894321, 0.0)
(43.786755, 24.546986, 0.0)
(43.790909, 23.819998, 0.0)
(43.811943, 23.587757, 0.0)
(43.894276, 23.633095, 0.0)
(43.942493, 23.675524, 0.0)
(43.937717, 23.715580, 0.0)
(43.926090, 23.696878, 0.0)
(43.946087, 23.731878, 0.0)
(43.949547, 23.757166, 0.0)
(43.962490, 23.756855, 0.0)
(43.976208, 23.763609, 0.0)
(44.003902, 23.812565, 0.0)
(44.057320, 23.845564, 0.0)
(44.041428, 23.862082, 0.0)
(44.037430, 23.847799, 0.0)
(44.030144, 23.869558, 0.0)
(44.031704, 23.834089, 0.0)
(44.073109, 23.825348, 0.0)
(44.091492, 23.818623, 0.0)
(44.076191, 23.808662, 0.0)
(44.072491, 23.829357, 0.0)
(44.081345, 23.826262, 0.0)
(44.078411, 23.837143, 0.0)
(44.096432, 23.825891, 0.0)
(44.093586, 23.822222, 0.0)
(44.093361, 23.827932, 0.0)
(44.088860, 23.815384, 0.0)
(43.893047, 24.627979, 0.0)
(44.056423, 24.325317, 0.0)
(43.846905, 23.580496, 0.0)
(43.800888, 23.485287, 0.0)
(43.860474, 23.573778, 0.0)
(43.878956, 23.619133, 0.0)
(43.891064, 23.629303, 0.0)
(43.895508, 23.673372, 0.0)
(43.920406, 23.655094, 0.0)
(43.945263, 23.693739, 0.0)
(43.968857, 23.727339, 0.0)
(43.971970, 23.719522, 0.0)
(43.985519, 23.734900, 0.0)
(43.990543, 23.740461, 0.0)
(43.983879, 23.730816, 0.0)
(43.989510, 23.745996, 0.0)
(44.041393, 23.773659, 0.0)
(44.051754, 23.775316, 0.0)
(44.024261, 23.770256, 0.0)
(44.043930, 23.759693, 0.0)
(44.053169, 23.736040, 0.0)
(44.053169, 23.736040, 0.0)
(44.050999, 23.731369, 0.0)
(44.050999, 23.731369, 0.0)
(44.060116, 23.748358, 0.0)
(44.067780, 23.764950, 0.0)
(43.867168, 23.746624, 0.0)
(43.875946, 23.754633, 0.0)
(43.897850, 23.746809, 0.0)
(43.904110, 23.756969, 0.0)
(43.932022, 23.788307, 0.0)
(43.931328, 23.817539, 0.0)
(43.923237, 23.817539, 0.0)
(44.080769, 23.924644, 0.0)
(47.275883, 26.855824, 0.0)
(49.157528, 29.352964, 0.0)
(49.691166, 29.713911, 0.0)
(49.683460, 29.718430, 0.0)
(49.638374, 29.670082, 0.0)
(49.956318, 29.963875, 0.0)
(50.230606, 30.146559, 0.0)
(50.218758, 30.089132, 0.0)
(50.210300, 30.086479, 0.0)
(50.205345, 30.073561, 0.0)
(50.189514, 30.077955, 0.0)
(50.215080, 30.121851, 0.0)
(50.290073, 30.294621, 0.0)
(50.265598, 30.302332, 0.0)
(50.271900, 30.292908, 0.0)
(50.262974, 30.255779, 0.0)
(50.268055, 30.262257, 0.0)
(50.237446, 30.269487, 0.0)
(50.208347, 30.228310, 0.0)
(50.201271, 30.205830, 0.0)
(50.192165, 30.187378, 0.0)
(50.198959, 30.170143, 0.0)
(50.186161, 30.150362, 0.0)
(50.186150, 30.209858, 0.0)
(50.168213, 30.177515, 0.0)
(50.165691, 30.164209, 0.0)
(50.168030, 30.158379, 0.0)
(50.168034, 30.153847, 0.0)
(50.239597, 30.161505, 0.0)
(50.238205, 30.139105, 0.0)
(50.241383, 30.133039, 0.0)
(50.232941, 30.143944, 0.0)
(50.222569, 30.144676, 0.0)
(50.231331, 30.138662, 0.0)
(50.243107, 30.113056, 0.0)
(50.240810, 30.109043, 0.0)
(50.247372, 30.116959, 0.0)
(50.290131, 28.317455, 0.0)
(51.716072, 25.152010, 0.0)
(51.840134, 23.769670, 0.0)
(51.671436, 23.388163, 0.0)
(51.504761, 23.304909, 0.0)
(51.469269, 23.348913, 0.0)
(48.551586, 21.283453, 0.0)
(46.208241, 21.027582, 0.0)
(45.997940, 22.530390, 0.0)
(46.083897, 22.912897, 0.0)
(46.151684, 22.821182, 0.0)
(46.173840, 22.781614, 0.0)
(45.065800, 23.336565, 0.0)
(41.259651, 24.619499, 0.0)
(38.625576, 26.342785, 0.0)
(37.601044, 27.282051, 0.0)
(37.669655, 27.205572, 0.0)
(37.659157, 27.078888, 0.0)
(37.632824, 27.051298, 0.0)
(37.595974, 27.014101, 0.0)
(37.711170, 26.899008, 0.0)
(41.031399, 27.489759, 0.0)
(44.571892, 24.275000, 0.0)
(43.947567, 23.189911, 0.0)
(43.811497, 22.786510, 0.0)
(43.801617, 22.732000, 0.0)
(43.808136, 22.718916, 0.0)
(43.813503, 22.775166, 0.0)
(43.801769, 22.813715, 0.0)
(43.865517, 22.897017, 0.0)
(43.930752, 22.945873, 0.0)
(43.911728, 22.947783, 0.0)
(43.951275, 22.972775, 0.0)
(43.963612, 22.981846, 0.0)
(43.995090, 22.981897, 0.0)
(43.999176, 22.974749, 0.0)
(43.998562, 22.977058, 0.0)
(44.019653, 23.000813, 0.0)
(44.001602, 23.005405, 0.0)
(43.989292, 23.004562, 0.0)
(44.012619, 22.966753, 0.0)
(44.004967, 22.955694, 0.0)
(44.019264, 22.966467, 0.0)
(41.171394, 21.915287, 0.0)
(38.173630, 20.674580, 0.0)
(36.310318, 20.715103, 0.0)
(36.267944, 20.696566, 0.0)
(36.302181, 20.697639, 0.0)
(36.069595, 20.775568, 0.0)
(34.946465, 20.696255, 0.0)
(34.910080, 20.628548, 0.0)
(34.923939, 20.629547, 0.0)
(34.552235, 20.695831, 0.0)
(34.404099, 20.659441, 0.0)
(34.436050, 20.600618, 0.0)
(34.476871, 20.602104, 0.0)
(34.476006, 20.577028, 0.0)
(34.443233, 20.584520, 0.0)
(34.441853, 20.564297, 0.0)
(34.438442, 20.540737, 0.0)
(34.448650, 20.529074, 0.0)
(34.495186, 20.535139, 0.0)
(34.480389, 20.506781, 0.0)
(34.495796, 20.512432, 0.0)
(34.522831, 20.502693, 0.0)
(34.522648, 20.497972, 0.0)
(34.541344, 20.430387, 0.0)
(34.543991, 20.449617, 0.0)
(34.534134, 20.437887, 0.0)
(34.546139, 20.429287, 0.0)
(34.546783, 20.416891, 0.0)
(34.544853, 20.411528, 0.0)
(34.543690, 20.406334, 0.0)
(34.547176, 20.402903, 0.0)
(34.598026, 20.385185, 0.0)
(34.600060, 20.381678, 0.0)
(34.625256, 20.364878, 0.0)
(34.655983, 20.347818, 0.0)
(37.541473, 20.136644, 0.0)
(41.705849, 20.929489, 0.0)
(43.347874, 23.005981, 0.0)
(43.667202, 23.265793, 0.0)
(43.654808, 23.207785, 0.0)
(43.648151, 23.119198, 0.0)
(44.087547, 23.675524, 0.0)
(44.102924, 23.747946, 0.0)
(44.090405, 23.693359, 0.0)
(44.075726, 23.693598, 0.0)
(44.073174, 23.663494, 0.0)
(44.093353, 23.655474, 0.0)
(44.101414, 23.638994, 0.0)
(44.093472, 23.665161, 0.0)
(44.128853, 23.681698, 0.0)
(44.130371, 23.676104, 0.0)
(44.111969, 23.667761, 0.0)
(44.112289, 23.688335, 0.0)
(44.112381, 23.652594, 0.0)
(44.060669, 23.665672, 0.0)
(44.095623, 23.681761, 0.0)
(44.075687, 23.676783, 0.0)
(44.057785, 23.644760, 0.0)
(44.052628, 23.630770, 0.0)
(44.052254, 23.626253, 0.0)
(44.039024, 23.615919, 0.0)
(44.038170, 23.583067, 0.0)
(44.027473, 23.592035, 0.0)
(44.053284, 23.590631, 0.0)
(44.081463, 23.591427, 0.0)
(44.078716, 23.601728, 0.0)
(44.074883, 23.599367, 0.0)
(44.060917, 23.596460, 0.0)
(44.056820, 23.603273, 0.0)
(44.024574, 23.628189, 0.0)
(44.018337, 23.615484, 0.0)
(44.035561, 23.586412, 0.0)
(44.047176, 23.599068, 0.0)
(44.039684, 23.576885, 0.0)
(41.912788, 23.790077, 0.0)
(38.726093, 24.818083, 0.0)
(36.752647, 27.038549, 0.0)
(35.807453, 27.828913, 0.0)
(35.708622, 27.919714, 0.0)
(35.713089, 27.758829, 0.0)
(35.701302, 27.715073, 0.0)
(35.709248, 27.663267, 0.0)
(35.738007, 27.621330, 0.0)
(37.959217, 27.940266, 0.0)
(38.009769, 27.864315, 0.0)
(38.035118, 27.822836, 0.0)
(39.066959, 27.966278, 0.0)
(39.541565, 28.026566, 0.0)
(39.630787, 27.969715, 0.0)
(39.819057, 27.938744, 0.0)
(41.049255, 28.049301, 0.0)
(41.378460, 28.036640, 0.0)
(42.687706, 28.212612, 0.0)
(42.974598, 28.212044, 0.0)
(43.103794, 28.224792, 0.0)
(43.384090, 28.223320, 0.0)
(43.584541, 28.260227, 0.0)
(43.807919, 28.255444, 0.0)
(44.023121, 28.317984, 0.0)
(44.790276, 28.648651, 0.0)
(45.438766, 28.809547, 0.0)
(45.598579, 28.873817, 0.0)
(45.743420, 28.944054, 0.0)
(45.916714, 28.992552, 0.0)
(46.093994, 28.993832, 0.0)
(46.255749, 29.049129, 0.0)
(46.402451, 29.061375, 0.0)
(46.579460, 29.117022, 0.0)
(46.687576, 29.170679, 0.0)
(46.878666, 29.101625, 0.0)
(46.967155, 29.102320, 0.0)
(48.209507, 29.448317, 0.0)
(48.775330, 29.529858, 0.0)
(48.827126, 29.507198, 0.0)
(48.865295, 29.523249, 0.0)
(48.919228, 29.548246, 0.0)
(49.398697, 29.726082, 0.0)
(49.471577, 29.732794, 0.0)
(49.523872, 29.732588, 0.0)
(49.568604, 29.761620, 0.0)
(49.597973, 29.793501, 0.0)
(49.656906, 29.812189, 0.0)
(49.688717, 29.828096, 0.0)
(49.710789, 29.794628, 0.0)
(49.714996, 29.769102, 0.0)
(49.725700, 29.720823, 0.0)
(49.741333, 29.690313, 0.0)
(49.741421, 29.690842, 0.0)
(49.729145, 29.610800, 0.0)
(49.706593, 29.558777, 0.0)
(50.035877, 29.537048, 0.0)
(50.095257, 29.408653, 0.0)
(50.001659, 29.332575, 0.0)
(49.907990, 29.277601, 0.0)
(49.794987, 29.189093, 0.0)
(48.906631, 29.037416, 0.0)
(48.742195, 29.033230, 0.0)
(48.549500, 28.960016, 0.0)
(48.390984, 28.898153, 0.0)
(48.191402, 28.826269, 0.0)
(48.006493, 28.846489, 0.0)
(46.973068, 28.909182, 0.0)
(46.729179, 28.925356, 0.0)
(46.550709, 28.930464, 0.0)
(46.358006, 28.960772, 0.0)
(46.149033, 28.877132, 0.0)
(46.042011, 30.385651, 0.0)
(44.660316, 31.360001, 0.0)
(43.915062, 30.511818, 0.0)
(43.318367, 29.957130, 0.0)
(43.128193, 29.587009, 0.0)
(42.979675, 29.376802, 0.0)
(42.945679, 29.157152, 0.0)
(42.829475, 29.030039, 0.0)
(42.412060, 28.965134, 0.0)
(41.899284, 28.751993, 0.0)
(41.764385, 28.634890, 0.0)
(41.632935, 28.624090, 0.0)
(41.603287, 28.578848, 0.0)
(41.450890, 28.621679, 0.0)
(39.973866, 28.598171, 0.0)
(39.762089, 28.450899, 0.0)
(39.697678, 28.399178, 0.0)
(39.617290, 28.385365, 0.0)
(39.526432, 28.302486, 0.0)
(39.289894, 28.337395, 0.0)
(38.309277, 28.299128, 0.0)
(38.148109, 28.236198, 0.0)
(37.989212, 28.148775, 0.0)
(37.898010, 28.121922, 0.0)
(37.806114, 28.136387, 0.0)
(37.747658, 28.082737, 0.0)
(37.662693, 28.040974, 0.0)
(37.549839, 28.015873, 0.0)
(35.970646, 28.110304, 0.0)
(35.700470, 27.922771, 0.0)
(35.715179, 27.816675, 0.0)
(35.682911, 27.726858, 0.0)
(35.645847, 27.618093, 0.0)
(35.680645, 27.592035, 0.0)
(35.704720, 27.472977, 0.0)
(35.724468, 27.401968, 0.0)
(35.415302, 27.564251, 0.0)
(35.380474, 27.445538, 0.0)
(35.512814, 27.319342, 0.0)
(35.627346, 27.197672, 0.0)
(35.772388, 27.132586, 0.0)
(35.912277, 27.070738, 0.0)
(36.086704, 26.999039, 0.0)
(36.308933, 26.990173, 0.0)
(36.979763, 26.861614, 0.0)
(37.792217, 26.895468, 0.0)
(38.093113, 26.853632, 0.0)
(38.410995, 26.882902, 0.0)
(38.771301, 26.902309, 0.0)
(39.182297, 26.914806, 0.0)
(39.538059, 26.968708, 0.0)
(39.845589, 27.014448, 0.0)
(40.875107, 27.290121, 0.0)
(41.282948, 27.375593, 0.0)
(41.497288, 27.414009, 0.0)
(41.767040, 27.514658, 0.0)
(42.027874, 27.502836, 0.0)
(42.276653, 27.549850, 0.0)
(42.521553, 27.580952, 0.0)
(42.735126, 27.634930, 0.0)
(42.921661, 27.687912, 0.0)
(43.107159, 27.718935, 0.0)
(43.249584, 27.762115, 0.0)
(43.471069, 27.760000, 0.0)
(43.666584, 27.766333, 0.0)
(44.974400, 28.032946, 0.0)
(45.268082, 28.060902, 0.0)
(45.439896, 28.069702, 0.0)
(45.637226, 28.067385, 0.0)
(45.807167, 28.147692, 0.0)
(46.034912, 28.143183, 0.0)
(46.143665, 28.208624, 0.0)
(46.334007, 28.239265, 0.0)
(46.630127, 28.343502, 0.0)
(47.661186, 28.611483, 0.0)
(47.797195, 28.637274, 0.0)
(47.868908, 28.646734, 0.0)
(47.962032, 28.719677, 0.0)
(48.062016, 28.718620, 0.0)
(48.186066, 28.742544, 0.0)
(48.297249, 28.845415, 0.0)
(48.660641, 29.006498, 0.0)
(49.148838, 29.237320, 0.0)
(49.302029, 29.272724, 0.0)
(49.402550, 29.250671, 0.0)
(49.499500, 29.188267, 0.0)
(49.584389, 29.224096, 0.0)
(50.171360, 29.526840, 0.0)
(50.280437, 29.454086, 0.0)
(50.312931, 29.461100, 0.0)
(50.332424, 29.468132, 0.0)
(50.355659, 29.491404, 0.0)
(50.373703, 29.496946, 0.0)
(50.395988, 29.463577, 0.0)
(50.379749, 29.450680, 0.0)
(50.352909, 29.356760, 0.0)
(50.304970, 29.282402, 0.0)
(50.195667, 29.096874, 0.0)
(49.789654, 28.926702, 0.0)
(49.678909, 28.852453, 0.0)
(49.531433, 28.746355, 0.0)
(49.385265, 28.640034, 0.0)
(48.824520, 28.545549, 0.0)
(48.048065, 28.475029, 0.0)
(47.864376, 28.387039, 0.0)
(47.690426, 28.372263, 0.0)
(47.515160, 28.272141, 0.0)
(47.349842, 28.208313, 0.0)
(47.204353, 28.158680, 0.0)
(46.997372, 28.179953, 0.0)
(46.821564, 28.058867, 0.0)
(46.018772, 27.829525, 0.0)
(45.845943, 27.716404, 0.0)
(45.675426, 27.679245, 0.0)
(45.522827, 27.695698, 0.0)
(45.319008, 27.629177, 0.0)
(45.188118, 27.603380, 0.0)
(44.393288, 27.565680, 0.0)
(44.212055, 27.498901, 0.0)
(43.477192, 27.407301, 0.0)
(42.872097, 27.297035, 0.0)
(42.770912, 27.292517, 0.0)
(42.645882, 27.272676, 0.0)
(42.522800, 27.253027, 0.0)
(42.452023, 27.234024, 0.0)
(42.351967, 27.214371, 0.0)
(42.227486, 27.214849, 0.0)
(41.661629, 27.308228, 0.0)
(41.045547, 27.209513, 0.0)
(40.832424, 27.157906, 0.0)
(40.307625, 27.275846, 0.0)
(39.579872, 27.099300, 0.0)
(39.486607, 27.028587, 0.0)
(39.417297, 27.030874, 0.0)
(39.345509, 26.979540, 0.0)
(39.281136, 26.962166, 0.0)
(38.846508, 27.013454, 0.0)
(37.289253, 27.048180, 0.0)
(37.166458, 27.012535, 0.0)
(37.084328, 26.955202, 0.0)
(37.024975, 26.949066, 0.0)
(36.997978, 26.900175, 0.0)
(36.959148, 26.863470, 0.0)
(36.085342, 26.990080, 0.0)
(35.897999, 26.899828, 0.0)
(35.890568, 26.842028, 0.0)
(35.832737, 26.813658, 0.0)
(35.809864, 26.762957, 0.0)
(35.795734, 26.698111, 0.0)
(35.783833, 26.707844, 0.0)
(35.846153, 26.630903, 0.0)
(35.896027, 26.477169, 0.0)
(36.022774, 26.438288, 0.0)
(35.669453, 26.323195, 0.0)
(35.858109, 26.220778, 0.0)
(36.026093, 26.126795, 0.0)
(36.317642, 26.140682, 0.0)
(36.493046, 26.046015, 0.0)
(36.732784, 26.011549, 0.0)
(36.896904, 26.015169, 0.0)
(38.113613, 26.204472, 0.0)
(38.426109, 26.199606, 0.0)
(38.663338, 26.184069, 0.0)
(38.993835, 26.177761, 0.0)
(39.240173, 26.210718, 0.0)
(40.334160, 26.349125, 0.0)
(40.667717, 26.405725, 0.0)
(40.871624, 26.439016, 0.0)
(41.093632, 26.459553, 0.0)
(41.269741, 26.492977, 0.0)
(41.449223, 26.526464, 0.0)
(41.694637, 26.549696, 0.0)
(41.885010, 26.522648, 0.0)
(42.053635, 26.579716, 0.0)
(42.203300, 26.594704, 0.0)
(42.533867, 26.608141, 0.0)
(43.663155, 26.710407, 0.0)
(43.852749, 26.746391, 0.0)
(44.000057, 26.774197, 0.0)
(44.139778, 26.816574, 0.0)
(44.265060, 26.873053, 0.0)
(44.397160, 26.897076, 0.0)
(45.156643, 27.103865, 0.0)
(45.709511, 27.211901, 0.0)
(45.824268, 27.283159, 0.0)
(45.951828, 27.300112, 0.0)
(46.148178, 27.368011, 0.0)
(46.245785, 27.375849, 0.0)
(46.411640, 27.489189, 0.0)
(46.631802, 27.454945, 0.0)
(47.835083, 27.815062, 0.0)
(48.076359, 27.932121, 0.0)
(48.177387, 27.970045, 0.0)
(48.310970, 27.984253, 0.0)
(48.432758, 27.948589, 0.0)
(48.547386, 27.968849, 0.0)
(48.740913, 28.011623, 0.0)
(49.695660, 28.470816, 0.0)
(49.843662, 28.601006, 0.0)
(49.878769, 28.643356, 0.0)
(49.955196, 28.639174, 0.0)
(49.997231, 28.639288, 0.0)
(50.066116, 28.603157, 0.0)
(50.087090, 28.580103, 0.0)
(50.094524, 28.545572, 0.0)
(50.134392, 28.548832, 0.0)
(50.094955, 28.529655, 0.0)
(50.046505, 28.564623, 0.0)
(50.009163, 28.421036, 0.0)
(50.009640, 28.340572, 0.0)
(50.140381, 27.978134, 0.0)
(50.037182, 27.842440, 0.0)
(49.909359, 27.797548, 0.0)
(49.774811, 27.736511, 0.0)
(49.599968, 27.693594, 0.0)
(49.474007, 27.641203, 0.0)
(49.286709, 27.578941, 0.0)
(48.340744, 27.441069, 0.0)
(48.118469, 27.395935, 0.0)
(47.956802, 27.301741, 0.0)
(47.772377, 27.201756, 0.0)
(47.588734, 27.267481, 0.0)
(47.465191, 27.136551, 0.0)
(47.218849, 27.132229, 0.0)
(47.101650, 27.027767, 0.0)
(46.897289, 26.990202, 0.0)
(46.732372, 26.946915, 0.0)
(46.260586, 26.796854, 0.0)
(45.602100, 26.543083, 0.0)
(45.434250, 26.510736, 0.0)
(45.281509, 26.420080, 0.0)
(45.075638, 26.414730, 0.0)
(44.937767, 26.357222, 0.0)
(44.098267, 26.151384, 0.0)
(43.715462, 26.051960, 0.0)
(43.554764, 26.031084, 0.0)
(43.401421, 25.998070, 0.0)
(43.227127, 25.977140, 0.0)
(42.835526, 25.963020, 0.0)
(41.984360, 25.941296, 0.0)
(41.751484, 25.966818, 0.0)
(40.893986, 26.037426, 0.0)
(40.393284, 25.930759, 0.0)
(40.270779, 25.916906, 0.0)
(40.125301, 25.886187, 0.0)
(40.005402, 25.851110, 0.0)
(39.882847, 25.816938, 0.0)
(39.743370, 25.822710, 0.0)
(39.481136, 25.903421, 0.0)
(38.247856, 25.890575, 0.0)
(38.063309, 25.878817, 0.0)
(38.032085, 25.886280, 0.0)
(37.952843, 25.825697, 0.0)
(37.908180, 25.813784, 0.0)
(36.830029, 25.991934, 0.0)
(36.372654, 26.007048, 0.0)
(36.320396, 25.990606, 0.0)
(36.268402, 25.932827, 0.0)
(36.197540, 25.916187, 0.0)
(36.141415, 25.878927, 0.0)
(36.072227, 25.839230, 0.0)
(36.069881, 25.821987, 0.0)
(36.084671, 25.822332, 0.0)
(36.054249, 25.775240, 0.0)
(36.085602, 25.758362, 0.0)
(36.147045, 25.685532, 0.0)
(36.218342, 25.669855, 0.0)
(35.668140, 25.449226, 0.0)
(35.644634, 25.346748, 0.0)
(35.850868, 25.297527, 0.0)
(36.036919, 25.255825, 0.0)
(36.293072, 25.177238, 0.0)
(36.537193, 25.147139, 0.0)
(36.906116, 25.172895, 0.0)
(38.135712, 25.272764, 0.0)
(38.439171, 25.262625, 0.0)
(38.722691, 25.260181, 0.0)
(39.055355, 25.253954, 0.0)
(39.284409, 25.266785, 0.0)
(39.649261, 25.298733, 0.0)
(39.900669, 25.317680, 0.0)
(40.145695, 25.316473, 0.0)
(40.438511, 25.327288, 0.0)
(40.666893, 25.288445, 0.0)
(40.979027, 25.330584, 0.0)
(42.066200, 25.483267, 0.0)
(42.394779, 25.555811, 0.0)
(42.638622, 25.588034, 0.0)
(42.938301, 25.632132, 0.0)
(43.229359, 25.624964, 0.0)
(43.493900, 25.697212, 0.0)
(43.802166, 25.769897, 0.0)
(44.053791, 25.825432, 0.0)
(45.041443, 26.078270, 0.0)
(45.310452, 26.137033, 0.0)
(45.495846, 26.212086, 0.0)
(45.728676, 26.298422, 0.0)
(45.930950, 26.301027, 0.0)
(46.095394, 26.359694, 0.0)
(46.193302, 26.390764, 0.0)
(46.376740, 26.433939, 0.0)
(47.073818, 26.753036, 0.0)
(47.368816, 26.823977, 0.0)
(47.465351, 26.849422, 0.0)
(47.605057, 26.874041, 0.0)
(47.721302, 26.954260, 0.0)
(48.460457, 27.283728, 0.0)
(48.788925, 27.320887, 0.0)
(48.901165, 27.339056, 0.0)
(48.999004, 27.382582, 0.0)
(49.185677, 27.415163, 0.0)
(49.378635, 27.432430, 0.0)
(50.223000, 27.740366, 0.0)
(50.319408, 27.833279, 0.0)
(50.444794, 27.835773, 0.0)
(50.503487, 27.840849, 0.0)
(50.578514, 27.906422, 0.0)
(50.653057, 27.904474, 0.0)
(50.757015, 27.967066, 0.0)
(50.807751, 28.005096, 0.0)
(50.794964, 27.967716, 0.0)
(50.804218, 27.960672, 0.0)
(50.735756, 27.925871, 0.0)
(50.692673, 27.798773, 0.0)
(50.894413, 27.527180, 0.0)
(50.783527, 27.410372, 0.0)
(50.632965, 27.394762, 0.0)
(50.518291, 27.239515, 0.0)
(49.937794, 27.052128, 0.0)
(49.476166, 26.956814, 0.0)
(49.329716, 26.845276, 0.0)
(49.129917, 26.817953, 0.0)
(48.955685, 26.750923, 0.0)
(48.756836, 26.708363, 0.0)
(48.564648, 26.607935, 0.0)
(48.354820, 26.524031, 0.0)
(48.126232, 26.460056, 0.0)
(47.231556, 26.141932, 0.0)
(46.981792, 26.062693, 0.0)
(46.820274, 25.992249, 0.0)
(46.566475, 25.879122, 0.0)
(46.332951, 25.827719, 0.0)
(45.714798, 25.612291, 0.0)
(45.439419, 25.605862, 0.0)
(45.236561, 25.564251, 0.0)
(44.330597, 25.317295, 0.0)
(44.098969, 25.283516, 0.0)
(43.973248, 25.219492, 0.0)
(43.801594, 25.227688, 0.0)
(43.637867, 25.197290, 0.0)
(43.438583, 25.180769, 0.0)
(43.208763, 25.190065, 0.0)
(42.957291, 25.146832, 0.0)
(42.074146, 25.024567, 0.0)
(41.888691, 25.040031, 0.0)
(41.758987, 25.003860, 0.0)
(41.687042, 24.991570, 0.0)
(41.542816, 24.952599, 0.0)
(40.252686, 24.928904, 0.0)
(40.072491, 24.864803, 0.0)
(39.963882, 24.924639, 0.0)
(39.587856, 24.992014, 0.0)
(38.817833, 24.963371, 0.0)
(38.669235, 24.938803, 0.0)
(38.616451, 24.933191, 0.0)
(38.451385, 24.912704, 0.0)
(38.353470, 24.908258, 0.0)
(37.665886, 25.043797, 0.0)
(37.327374, 25.049492, 0.0)
(37.224651, 25.057974, 0.0)
(36.344421, 25.258789, 0.0)
(35.977013, 25.230591, 0.0)
(35.907120, 25.187164, 0.0)
(35.920544, 25.143509, 0.0)
(35.860943, 25.129082, 0.0)
(35.854088, 25.065971, 0.0)
(35.425262, 25.084517, 0.0)
(35.374878, 25.020693, 0.0)
(35.413769, 25.001060, 0.0)
(35.434589, 24.969189, 0.0)
(35.594242, 24.894979, 0.0)
(35.318844, 24.692719, 0.0)
(35.378059, 24.554192, 0.0)
(35.610073, 24.493698, 0.0)
(35.790775, 24.406071, 0.0)
(36.719513, 24.387194, 0.0)
(37.031948, 24.362711, 0.0)
(37.255875, 24.321304, 0.0)
(37.572254, 24.266346, 0.0)
(37.958317, 24.216061, 0.0)
(38.408195, 24.165764, 0.0)
(39.497021, 24.240158, 0.0)
(39.843880, 24.184692, 0.0)
(40.125301, 24.152960, 0.0)
(40.389942, 24.163950, 0.0)
(40.652920, 24.148182, 0.0)
(40.892357, 24.194071, 0.0)
(41.055470, 24.250780, 0.0)
(42.364658, 25.412321, 0.0)
(42.617279, 24.812141, 0.0)
(42.948940, 24.509377, 0.0)
(43.122677, 24.354160, 0.0)
(43.385696, 24.356775, 0.0)
(43.631809, 24.395710, 0.0)
(43.808315, 24.441357, 0.0)
(44.804256, 24.687540, 0.0)
(45.108490, 24.775419, 0.0)
(45.319695, 24.797720, 0.0)
(45.514893, 24.830986, 0.0)
(45.733116, 24.926315, 0.0)
(46.760529, 25.318787, 0.0)
(47.026264, 25.397829, 0.0)
(47.214928, 25.476360, 0.0)
(47.385662, 25.554865, 0.0)
(47.579155, 25.603817, 0.0)
(47.702587, 25.723671, 0.0)
(48.543156, 26.133333, 0.0)
(48.725521, 26.156317, 0.0)
(48.846699, 26.127411, 0.0)
(48.949039, 26.155804, 0.0)
(49.055130, 26.172594, 0.0)
(49.165985, 26.221373, 0.0)
(49.711933, 26.483854, 0.0)
(49.924286, 26.603868, 0.0)
(49.961430, 26.671631, 0.0)
(50.054577, 26.675182, 0.0)
(50.132053, 26.690973, 0.0)
(50.646217, 26.933250, 0.0)
(50.792839, 27.016262, 0.0)
(50.828033, 27.066439, 0.0)
(50.834167, 27.068966, 0.0)
(50.862560, 27.071442, 0.0)
(50.855396, 27.063416, 0.0)
(50.846458, 27.039873, 0.0)
(50.801769, 26.986052, 0.0)
(50.775867, 26.940226, 0.0)
(50.817654, 26.748718, 0.0)
(50.741005, 26.658064, 0.0)
(50.624397, 26.654215, 0.0)
(50.177582, 26.468941, 0.0)
(49.781059, 26.311211, 0.0)
(49.599846, 26.278624, 0.0)
(49.461674, 26.232330, 0.0)
(49.298687, 26.194010, 0.0)
(49.184521, 26.106157, 0.0)
(48.328308, 25.712927, 0.0)
(48.091545, 25.586649, 0.0)
(47.942101, 25.468498, 0.0)
(47.762226, 25.423700, 0.0)
(47.641350, 25.384312, 0.0)
(47.476318, 25.318739, 0.0)
(46.722462, 24.956545, 0.0)
(46.487675, 24.864222, 0.0)
(46.298897, 24.767040, 0.0)
(46.161388, 24.703243, 0.0)
(46.058655, 24.696054, 0.0)
(45.014904, 24.501776, 0.0)
(44.723896, 24.334417, 0.0)
(44.619919, 24.277485, 0.0)
(44.537533, 24.310181, 0.0)
(44.426693, 24.276329, 0.0)
(44.028847, 24.239693, 0.0)
(42.928207, 24.074423, 0.0)
(42.760166, 24.045492, 0.0)
(42.735752, 24.011581, 0.0)
(42.602581, 24.040318, 0.0)
(42.506084, 23.993763, 0.0)
(41.441315, 23.952929, 0.0)
(40.875992, 23.856871, 0.0)
(40.802177, 23.828098, 0.0)
(40.562729, 23.865078, 0.0)
(39.481174, 23.907438, 0.0)
(39.325073, 23.885370, 0.0)
(38.398212, 24.016005, 0.0)
(37.961926, 23.961458, 0.0)
(37.878307, 23.977058, 0.0)
(37.802620, 23.944216, 0.0)
(37.709499, 23.969984, 0.0)
(37.632557, 23.956553, 0.0)
(37.556557, 23.946672, 0.0)
(37.424000, 23.998112, 0.0)
(36.270630, 24.108131, 0.0)
(36.148479, 24.110620, 0.0)
(36.141026, 24.113838, 0.0)
(35.613178, 24.268101, 0.0)
(35.287922, 24.262835, 0.0)
(35.231651, 24.277388, 0.0)
(35.235840, 24.239384, 0.0)
(35.251648, 24.180170, 0.0)
(35.312279, 24.136560, 0.0)
(35.388454, 24.101645, 0.0)
(35.531136, 24.001587, 0.0)
(35.718906, 23.912455, 0.0)
(35.821770, 23.884968, 0.0)
(36.012566, 23.804951, 0.0)
(36.255550, 23.764830, 0.0)
(36.499920, 23.688387, 0.0)
(36.810909, 23.631718, 0.0)
(37.067223, 23.594845, 0.0)
(37.360641, 23.514565, 0.0)
(37.667858, 23.480843, 0.0)
(37.990147, 23.388929, 0.0)
(38.537643, 23.329676, 0.0)
(39.403515, 23.227972, 0.0)
(39.730389, 23.245647, 0.0)
(39.991085, 23.230532, 0.0)
(40.261021, 23.243195, 0.0)
(40.481163, 23.234715, 0.0)
(40.758869, 23.256311, 0.0)
(40.975090, 23.252792, 0.0)
(41.183132, 23.308201, 0.0)
(41.482265, 23.372276, 0.0)
(41.684132, 23.390015, 0.0)
(42.345222, 23.472179, 0.0)
(43.023628, 23.623793, 0.0)
(43.246834, 23.628151, 0.0)
(43.495766, 23.690903, 0.0)
(43.752064, 23.715269, 0.0)
(44.542301, 23.927622, 0.0)
(45.072330, 24.018175, 0.0)
(45.240334, 24.055197, 0.0)
(45.477360, 24.084040, 0.0)
(45.643269, 24.179853, 0.0)
(45.821194, 24.210340, 0.0)
(46.425232, 24.386335, 0.0)
(46.892345, 24.535259, 0.0)
(47.058094, 24.622307, 0.0)
(47.274113, 24.656475, 0.0)
(47.474846, 24.764475, 0.0)
(48.074871, 25.072918, 0.0)
(48.801704, 25.425806, 0.0)
(48.956547, 25.516945, 0.0)
(49.084602, 25.568848, 0.0)
(49.176357, 25.568083, 0.0)
(49.285435, 25.555841, 0.0)
(49.382988, 25.651428, 0.0)
(49.473648, 25.681448, 0.0)
(50.248611, 26.170382, 0.0)
(50.531460, 26.244522, 0.0)
(50.557133, 26.219906, 0.0)
(50.565758, 26.229849, 0.0)
(50.604946, 26.180147, 0.0)
(50.669376, 26.192759, 0.0)
(51.130665, 26.533890, 0.0)
(51.167080, 26.568666, 0.0)
(51.171360, 26.543325, 0.0)
(51.159092, 26.521881, 0.0)
(51.150539, 26.513981, 0.0)
(51.136173, 26.480026, 0.0)
(51.150593, 26.444265, 0.0)
(51.173622, 26.242002, 0.0)
(50.440197, 25.540768, 0.0)
(50.275723, 25.453171, 0.0)
(50.748596, 27.316334, 0.0)
(49.819267, 26.415627, 0.0)
(49.463169, 25.475872, 0.0)
(49.022106, 24.833792, 0.0)
(48.900845, 24.834326, 0.0)
(48.662388, 24.891247, 0.0)
(48.088184, 24.597448, 0.0)
(47.911938, 24.446131, 0.0)
(47.800453, 24.448261, 0.0)
(47.604736, 24.364185, 0.0)
(47.478981, 24.341259, 0.0)
(46.506210, 23.991817, 0.0)
(46.309715, 23.959980, 0.0)
(46.118874, 23.859531, 0.0)
(45.022736, 23.580063, 0.0)
(44.829201, 23.497383, 0.0)
(44.711716, 23.463612, 0.0)
(44.642029, 23.426884, 0.0)
(44.527107, 23.422977, 0.0)
(44.429913, 23.391666, 0.0)
(44.353718, 23.362267, 0.0)
(43.352997, 23.202545, 0.0)
(42.985378, 23.120060, 0.0)
(42.869038, 23.100407, 0.0)
(42.783703, 23.078789, 0.0)
(42.689018, 23.042423, 0.0)
(41.673580, 23.018665, 0.0)
(40.885323, 23.004818, 0.0)
(40.724323, 22.971029, 0.0)
(40.676968, 22.996450, 0.0)
(40.576828, 22.949892, 0.0)
(40.478214, 22.914062, 0.0)
(39.646210, 23.034229, 0.0)
(38.583691, 22.948999, 0.0)
(38.486103, 22.944130, 0.0)
(38.406746, 22.956018, 0.0)
(38.266171, 22.993460, 0.0)
(38.179848, 22.981710, 0.0)
(37.130714, 23.216351, 0.0)
(36.242096, 23.259541, 0.0)
(36.164413, 23.274250, 0.0)
(36.131653, 23.268000, 0.0)
(36.110497, 23.260738, 0.0)
(36.104061, 23.263002, 0.0)
(35.947960, 23.321917, 0.0)
(35.362740, 23.362144, 0.0)
(35.351242, 23.371145, 0.0)
(35.359371, 23.364897, 0.0)
(35.352345, 23.383247, 0.0)
(35.416183, 23.378262, 0.0)
(35.452629, 23.365042, 0.0)
(35.515675, 23.328938, 0.0)
(35.648190, 23.244413, 0.0)
(35.747181, 23.184273, 0.0)
(35.907604, 23.129545, 0.0)
(36.073410, 23.052608, 0.0)
(36.729088, 22.866251, 0.0)
(37.460339, 22.561136, 0.0)
(37.665421, 22.538763, 0.0)
(37.834393, 22.505974, 0.0)
(38.113113, 22.460936, 0.0)
(38.294334, 22.441860, 0.0)
(38.502174, 22.412601, 0.0)
(38.815182, 22.406820, 0.0)
(39.031353, 22.404449, 0.0)
(39.547527, 22.410011, 0.0)
(40.361141, 22.463762, 0.0)
(40.600601, 22.458664, 0.0)
(41.562016, 22.552423, 0.0)
(41.926422, 22.559040, 0.0)
(42.160030, 22.570900, 0.0)
(42.451080, 22.607227, 0.0)
(42.665806, 22.611153, 0.0)
(42.920994, 22.632494, 0.0)
(43.213497, 22.733822, 0.0)
(43.395302, 22.784922, 0.0)
(43.616402, 22.792118, 0.0)
(43.885551, 22.851526, 0.0)
(45.018665, 23.055679, 0.0)
(45.262192, 23.092346, 0.0)
(45.388451, 23.130692, 0.0)
(45.541378, 23.114559, 0.0)
(45.732311, 23.119976, 0.0)
(46.333862, 23.294401, 0.0)
(47.235897, 23.552280, 0.0)
(47.411510, 23.620472, 0.0)
(47.521687, 23.647474, 0.0)
(47.697830, 23.682306, 0.0)
(47.805973, 23.691883, 0.0)
(47.870876, 23.680542, 0.0)
(48.814896, 24.474268, 0.0)
(49.001770, 24.283846, 0.0)
(49.442505, 24.667988, 0.0)
(49.619041, 24.835386, 0.0)
(49.666126, 24.870958, 0.0)
(49.748802, 24.958256, 0.0)
(49.809219, 24.976860, 0.0)
(50.079395, 25.128069, 0.0)
(50.736862, 25.572100, 0.0)
(50.811626, 25.611553, 0.0)
(50.839458, 25.582773, 0.0)
(50.849808, 25.571199, 0.0)
(50.868408, 25.557995, 0.0)
(50.869102, 25.533571, 0.0)
(50.876282, 25.475330, 0.0)
(50.903160, 25.488935, 0.0)
(50.901543, 25.485249, 0.0)
(50.880020, 25.475561, 0.0)
(50.848385, 25.438759, 0.0)
(51.029503, 25.331736, 0.0)
(51.043392, 25.072243, 0.0)
(50.944702, 24.951714, 0.0)
(50.748192, 24.883066, 0.0)
(50.649879, 25.415741, 0.0)
(49.273636, 24.197121, 0.0)
(49.440342, 25.346720, 0.0)
(49.100323, 24.530739, 0.0)
(48.501194, 23.571442, 0.0)
(48.284744, 23.369324, 0.0)
(48.176151, 23.405066, 0.0)
(48.105560, 23.436808, 0.0)
(47.953148, 23.372686, 0.0)
(47.764717, 23.341282, 0.0)
(47.654526, 24.940985, 0.0)
(45.846268, 23.748173, 0.0)
(45.642628, 22.759993, 0.0)
(45.570503, 22.624376, 0.0)
(45.412201, 22.554163, 0.0)
(45.345623, 22.568451, 0.0)
(44.106800, 22.289976, 0.0)
(43.914951, 22.290207, 0.0)
(43.717579, 22.272652, 0.0)
(43.520576, 22.228535, 0.0)
(43.338280, 22.166529, 0.0)
(43.092049, 22.111959, 0.0)
(42.794361, 23.354210, 0.0)
(40.936207, 22.586046, 0.0)
(40.852417, 21.804974, 0.0)
(40.771172, 21.821539, 0.0)
(40.689980, 21.916899, 0.0)
(40.656483, 21.935871, 0.0)
(40.565441, 21.953968, 0.0)
(40.504505, 22.001387, 0.0)
(38.653278, 22.023468, 0.0)
(38.543102, 22.097492, 0.0)
(38.564594, 22.159111, 0.0)
(38.480427, 22.205778, 0.0)
(38.469696, 22.240572, 0.0)
(38.249214, 22.285492, 0.0)
(37.066307, 22.500675, 0.0)
(36.979946, 22.526199, 0.0)
(36.944420, 22.540434, 0.0)
(36.945408, 22.536753, 0.0)
(36.918766, 22.555758, 0.0)
(36.237125, 22.806482, 0.0)
(35.705906, 22.916033, 0.0)
(35.711258, 22.831169, 0.0)
(35.789074, 22.764652, 0.0)
(35.695126, 22.750443, 0.0)
(35.730553, 22.705877, 0.0)
(35.775742, 22.611408, 0.0)
(35.846233, 22.550739, 0.0)
(35.946316, 22.538313, 0.0)
(35.592484, 22.502228, 0.0)
(35.308907, 22.166046, 0.0)
(35.523689, 22.043999, 0.0)
(35.786736, 21.933102, 0.0)
(36.042603, 21.846939, 0.0)
(36.270332, 21.758936, 0.0)
(36.540920, 21.653879, 0.0)
(37.838661, 21.573183, 0.0)
(38.130665, 21.507788, 0.0)
(38.453804, 21.469625, 0.0)
(38.754330, 21.441740, 0.0)
(39.009533, 21.439098, 0.0)
(39.290493, 21.363373, 0.0)
(39.655869, 21.356802, 0.0)
(39.938610, 21.325199, 0.0)
(40.307556, 21.301062, 0.0)
(40.654537, 21.323011, 0.0)
(41.014103, 21.297066, 0.0)
(42.475067, 21.425541, 0.0)
(42.922504, 21.474258, 0.0)
(43.196487, 21.463329, 0.0)
(43.505283, 21.467178, 0.0)
(43.783566, 21.534349, 0.0)
(44.062878, 21.544403, 0.0)
(44.379868, 21.542997, 0.0)
(44.615906, 21.570360, 0.0)
(45.054386, 21.747105, 0.0)
(45.639000, 21.864035, 0.0)
(45.630966, 21.789289, 0.0)
(46.275276, 22.043489, 0.0)
(46.594051, 22.156393, 0.0)
(46.779694, 22.179707, 0.0)
(47.005241, 22.295784, 0.0)
(47.188908, 22.315697, 0.0)
(47.376572, 22.387112, 0.0)
(47.569523, 22.481838, 0.0)
(47.794571, 22.560408, 0.0)
(48.879627, 23.041437, 0.0)
(49.088833, 23.085764, 0.0)
(49.206387, 23.141714, 0.0)
(49.385075, 23.256762, 0.0)
(49.560093, 23.330793, 0.0)
(49.626377, 23.357512, 0.0)
(49.733246, 23.476923, 0.0)
(49.813736, 23.534246, 0.0)
(50.582275, 23.972551, 0.0)
(50.794090, 24.149515, 0.0)
(50.827465, 24.166433, 0.0)
(50.868111, 24.207165, 0.0)
(51.215523, 24.423077, 0.0)
(51.292442, 24.476063, 0.0)
(51.266308, 24.475275, 0.0)
(51.194496, 24.441406, 0.0)
(51.228569, 24.417452, 0.0)
(51.220524, 24.399578, 0.0)
(51.163593, 24.432863, 0.0)
(51.158558, 24.426722, 0.0)
(51.084084, 24.391111, 0.0)
(50.998489, 24.353813, 0.0)
(50.895065, 24.313055, 0.0)
(50.820435, 24.262665, 0.0)
(50.736725, 24.181545, 0.0)
(50.246227, 23.787371, 0.0)
(50.103619, 23.664831, 0.0)
(49.500237, 23.371099, 0.0)
(48.652390, 22.904486, 0.0)
(48.309662, 22.512983, 0.0)
(47.841869, 22.300619, 0.0)
(47.652336, 22.182953, 0.0)
(47.331196, 21.920109, 0.0)
(47.226677, 21.917747, 0.0)
(47.221642, 21.996183, 0.0)
(47.161015, 22.003397, 0.0)
(47.053333, 21.984713, 0.0)
(46.935825, 21.986870, 0.0)
(46.849911, 21.959330, 0.0)
(46.550777, 21.773323, 0.0)
(45.074013, 20.960085, 0.0)
(44.633499, 21.231575, 0.0)
(44.548462, 21.274418, 0.0)
(44.475945, 21.248714, 0.0)
(44.366825, 21.232153, 0.0)
(44.295979, 21.209690, 0.0)
(43.242832, 21.085625, 0.0)
(42.977207, 21.098146, 0.0)
(42.832680, 21.054754, 0.0)
(42.726482, 21.043398, 0.0)
(42.566330, 21.036827, 0.0)
(41.985043, 21.056549, 0.0)
(40.996197, 21.009094, 0.0)
(40.841988, 21.031593, 0.0)
(40.756149, 20.997015, 0.0)
(40.639927, 20.984304, 0.0)
(40.572502, 20.982601, 0.0)
(38.740437, 21.113657, 0.0)
(38.473305, 21.132595, 0.0)
(38.416298, 21.130541, 0.0)
(38.334454, 21.107538, 0.0)
(38.242081, 21.135386, 0.0)
(38.021599, 21.179605, 0.0)
(36.889263, 21.385633, 0.0)
(36.786812, 21.439205, 0.0)
(36.754772, 21.419573, 0.0)
(36.672222, 21.423481, 0.0)
(36.644150, 21.427790, 0.0)
(35.860897, 21.706446, 0.0)
(35.600460, 21.717142, 0.0)
(35.577179, 21.713793, 0.0)
(35.603138, 21.695120, 0.0)
(35.635807, 21.638096, 0.0)
(35.671227, 21.585201, 0.0)
(35.772919, 21.497871, 0.0)
(35.864140, 21.437468, 0.0)
(35.994938, 21.311827, 0.0)
(36.106213, 21.208654, 0.0)
(36.284485, 21.147577, 0.0)
(36.478222, 21.029211, 0.0)
(35.993881, 21.155752, 0.0)
(36.208866, 21.042828, 0.0)
(36.513248, 20.942060, 0.0)
(36.805721, 20.863649, 0.0)
(37.102844, 20.770054, 0.0)
(37.394756, 20.699158, 0.0)
(37.664246, 20.643875, 0.0)
(37.976616, 20.554155, 0.0)
(38.299255, 20.488359, 0.0)
(39.726009, 20.480814, 0.0)
(40.127934, 20.406824, 0.0)
(40.427776, 20.362965, 0.0)
(40.773537, 20.371809, 0.0)
(41.042896, 20.352713, 0.0)
(41.370747, 20.392038, 0.0)
(41.681873, 20.371273, 0.0)
(41.993404, 20.340899, 0.0)
(42.288414, 20.342398, 0.0)
(43.024223, 20.412886, 0.0)
(43.597023, 20.452021, 0.0)
(43.886726, 20.495777, 0.0)
(44.242649, 20.549133, 0.0)
(44.580410, 20.670206, 0.0)
(44.785381, 20.717817, 0.0)
(44.920189, 20.747417, 0.0)
(45.155167, 22.011181, 0.0)
(46.082588, 21.293835, 0.0)
(46.231953, 20.752865, 0.0)
(46.665154, 21.066488, 0.0)
(46.968884, 21.223785, 0.0)
(47.157097, 21.317274, 0.0)
(47.456627, 21.408030, 0.0)
(48.099987, 21.748800, 0.0)
(48.298813, 21.841673, 0.0)
(48.295197, 21.940483, 0.0)
(49.573677, 23.234083, 0.0)
(50.271690, 22.970327, 0.0)
(49.989727, 22.586065, 0.0)
(50.149296, 22.851746, 0.0)
(50.504543, 22.997637, 0.0)
(50.712399, 23.071808, 0.0)
(50.860184, 23.101904, 0.0)
(51.009048, 23.181353, 0.0)
(51.114315, 23.255527, 0.0)
(51.196453, 23.296270, 0.0)
(51.330246, 23.279509, 0.0)
(51.414631, 23.274439, 0.0)
(51.427536, 23.228916, 0.0)
(51.424221, 23.251032, 0.0)
(51.417995, 23.194338, 0.0)
(51.371941, 23.047121, 0.0)
(51.319389, 23.052681, 0.0)
(51.299965, 22.951414, 0.0)
(51.249809, 22.857460, 0.0)
(51.193111, 22.822823, 0.0)
(51.063717, 22.715473, 0.0)
(50.982792, 22.671473, 0.0)
(50.701576, 22.510437, 0.0)
(49.922153, 22.106060, 0.0)
(49.777458, 21.995604, 0.0)
(49.634048, 21.915808, 0.0)
(49.475403, 21.846418, 0.0)
(49.361866, 21.810896, 0.0)
(49.197376, 21.703997, 0.0)
(49.021011, 21.613676, 0.0)
(48.844139, 21.537727, 0.0)
(47.823956, 21.159367, 0.0)
(47.655373, 21.087326, 0.0)
(47.524361, 21.035604, 0.0)
(47.067410, 21.011417, 0.0)
(46.747543, 20.519081, 0.0)
(46.154858, 20.401834, 0.0)
(45.638073, 20.341030, 0.0)
(45.527885, 20.355925, 0.0)
(45.410713, 20.357986, 0.0)
(45.254551, 20.333593, 0.0)
(45.122154, 20.331032, 0.0)
(44.799274, 20.215183, 0.0)
(43.698360, 20.051451, 0.0)
(42.318184, 19.543045, 0.0)
(42.211346, 19.635927, 0.0)
(42.159626, 19.702213, 0.0)
(41.932312, 19.701874, 0.0)
(41.818058, 19.718315, 0.0)
(41.045471, 19.802237, 0.0)
(40.676800, 19.816486, 0.0)
(40.554108, 19.835062, 0.0)
(40.407928, 19.829670, 0.0)
(40.289898, 19.865767, 0.0)
(39.364590, 20.041201, 0.0)
(38.721523, 20.003983, 0.0)
(38.548191, 20.022898, 0.0)
(38.508770, 20.019915, 0.0)
(38.391842, 20.026138, 0.0)
(37.610153, 20.272709, 0.0)
(36.647156, 20.501570, 0.0)
(36.511700, 20.536264, 0.0)
(36.454357, 20.573509, 0.0)
(36.314812, 20.581217, 0.0)
(35.949921, 20.790985, 0.0)
(35.292931, 20.978025, 0.0)
(35.178501, 20.996962, 0.0)
(35.174911, 20.992651, 0.0)
(35.183315, 20.988291, 0.0)
(35.205978, 20.990175, 0.0)
(35.239258, 20.993460, 0.0)
(35.310173, 20.977448, 0.0)
(35.368450, 20.936605, 0.0)
(35.421539, 20.872787, 0.0)
(35.591827, 20.701727, 0.0)
(35.707352, 20.541971, 0.0)
(35.862240, 20.460617, 0.0)
(36.030262, 20.380209, 0.0)
(36.257069, 20.303511, 0.0)
(36.497417, 20.207851, 0.0)
(36.696739, 20.129875, 0.0)
(36.991554, 20.037420, 0.0)
(37.368450, 19.932755, 0.0)
(37.721329, 19.842480, 0.0)
(38.126148, 19.744129, 0.0)
(39.130074, 19.703527, 0.0)
(39.597603, 19.642107, 0.0)
(39.853470, 19.581999, 0.0)
(40.077503, 19.626713, 0.0)
(40.325005, 19.621483, 0.0)
(40.574169, 19.595032, 0.0)
(40.835453, 19.582430, 0.0)
(41.064941, 19.560375, 0.0)
(41.398808, 19.517487, 0.0)
(41.659260, 19.508627, 0.0)
(41.890110, 19.517838, 0.0)
(42.941685, 19.591431, 0.0)
(43.269688, 19.633905, 0.0)
(43.555664, 19.666353, 0.0)
(43.832214, 19.643244, 0.0)
(44.457737, 19.751694, 0.0)
(45.377892, 20.027687, 0.0)
(45.438751, 19.667736, 0.0)
(46.430260, 19.915041, 0.0)
(47.086971, 20.124239, 0.0)
(47.321182, 20.209702, 0.0)
(47.563660, 20.291388, 0.0)
(47.774078, 20.391428, 0.0)
(48.036457, 20.441185, 0.0)
(48.212223, 20.514286, 0.0)
(48.417793, 20.649509, 0.0)
(48.629597, 20.730083, 0.0)
(48.824883, 20.829304, 0.0)
(48.974926, 20.928896, 0.0)
(49.165409, 20.973984, 0.0)
(49.286388, 21.036829, 0.0)
(49.399769, 21.083076, 0.0)
(50.168839, 21.406593, 0.0)
(50.327293, 21.496740, 0.0)
(50.382374, 21.504570, 0.0)
(50.507416, 21.556147, 0.0)
(50.567627, 21.608843, 0.0)
(51.634857, 22.215385, 0.0)
(0.000000, 0.000000, 1.0)
(51.824276, 22.363077, 0.0)
(0.000000, 0.000000, 1.0)
(51.867699, 22.289532, 0.0)
(0.000000, 0.000000, 1.0)
(0.000000, 0.000000, 1.0)
(0.000000, 0.000000, 1.0)
(0.000000, 0.000000, 1.0)
(0.000000, 0.000000, 1.0)
(0.000000, 0.000000, 1.0)
(51.695061, 21.946009, 0.0)
(51.617111, 21.840000, 0.0)
(51.471916, 21.762285, 0.0)
(50.689838, 21.297071, 0.0)
(50.149364, 20.964571, 0.0)
(50.028515, 20.918291, 0.0)
(49.937885, 20.974092, 0.0)
(49.772564, 20.904522, 0.0)
(49.641380, 20.839334, 0.0)
(48.992596, 20.666876, 0.0)
(48.806610, 20.649948, 0.0)
(48.509075, 20.564102, 0.0)
(47.483715, 20.179178, 0.0)
(47.242588, 20.103226, 0.0)
(47.124775, 20.064219, 0.0)
(46.999840, 20.062511, 0.0)
(46.856808, 19.979486, 0.0)
(46.283443, 19.818003, 0.0)
(46.204006, 20.093863, 0.0)
(44.858963, 19.045839, 0.0)
(44.628365, 19.067324, 0.0)
(44.559666, 19.125381, 0.0)
(44.488285, 19.150768, 0.0)
(44.367722, 19.168465, 0.0)
(44.240192, 19.151785, 0.0)
(43.117596, 19.119268, 0.0)
(42.948177, 19.133682, 0.0)
(42.806221, 19.095171, 0.0)
(42.589745, 19.066700, 0.0)
(42.439758, 19.066746, 0.0)
(40.746166, 19.042536, 0.0)
(40.365570, 19.001932, 0.0)
(40.268036, 19.015764, 0.0)
(40.092487, 19.039316, 0.0)
(39.945789, 18.993231, 0.0)
(39.516300, 19.100498, 0.0)
(38.337246, 19.259651, 0.0)
(38.129322, 19.319637, 0.0)
(38.010548, 19.333670, 0.0)
(37.889732, 19.318674, 0.0)
(37.545696, 19.393951, 0.0)
(36.290199, 19.735525, 0.0)
(36.088879, 19.787533, 0.0)
(36.081715, 19.828272, 0.0)
(36.078079, 19.841946, 0.0)
(36.071335, 19.819319, 0.0)
(35.837166, 19.970634, 0.0)
(34.924644, 20.285418, 0.0)
(34.886860, 20.295746, 0.0)
(34.955505, 20.303474, 0.0)
(34.994728, 20.292212, 0.0)
(35.002495, 20.283388, 0.0)
(35.014202, 20.239666, 0.0)
(35.068516, 20.204605, 0.0)
(34.780392, 20.340836, 0.0)
(34.736267, 20.234400, 0.0)
(34.831932, 20.167089, 0.0)
(34.894814, 20.131786, 0.0)
(34.946674, 20.078468, 0.0)
(35.009239, 20.074503, 0.0)
(36.298283, 19.597178, 0.0)
(36.716904, 19.403688, 0.0)
(36.998360, 19.295889, 0.0)
(38.705273, 18.859566, 0.0)
(39.165668, 18.714180, 0.0)
(39.457069, 18.632729, 0.0)
(39.815441, 18.610180, 0.0)
(40.062431, 18.557453, 0.0)
(40.335732, 18.517771, 0.0)
(40.641792, 18.511143, 0.0)
(40.376347, 18.504250, 0.0)
(40.629116, 18.501610, 0.0)
(40.923855, 18.447060, 0.0)
(41.174103, 18.433672, 0.0)
(41.451847, 18.450134, 0.0)
(41.638493, 18.418100, 0.0)
(41.821728, 18.420912, 0.0)
(42.533920, 18.526720, 0.0)
(42.869663, 18.464809, 0.0)
(44.057194, 18.722376, 0.0)
(44.459030, 18.813124, 0.0)
(44.605816, 18.855564, 0.0)
(44.786896, 18.920692, 0.0)
(44.937416, 18.928461, 0.0)
(44.864906, 19.089903, 0.0)
(45.383255, 19.541325, 0.0)
(45.502892, 18.707693, 0.0)
(46.477547, 18.927811, 0.0)
(46.964577, 19.269686, 0.0)
(47.139999, 19.395596, 0.0)
(47.294399, 19.539522, 0.0)
(47.528706, 19.637070, 0.0)
(47.604015, 19.672659, 0.0)
(47.773472, 19.744358, 0.0)
(47.858730, 19.851360, 0.0)
(49.331490, 20.549164, 0.0)
(49.974434, 20.979342, 0.0)
(50.116318, 21.021971, 0.0)
(50.172726, 21.047249, 0.0)
(50.226639, 21.057680, 0.0)
(50.306248, 21.115139, 0.0)
(51.098892, 21.736164, 0.0)
(0.000000, 0.000000, 1.0)
(0.000000, 0.000000, 1.0)
(0.000000, 0.000000, 1.0)
(0.000000, 0.000000, 1.0)
(0.000000, 0.000000, 1.0)
(0.000000, 0.000000, 1.0)
(0.000000, 0.000000, 1.0)
(0.000000, 0.000000, 1.0)
(0.000000, 0.000000, 1.0)
(0.000000, 0.000000, 1.0)
(51.755436, 22.801012, 0.0)
(51.805180, 23.103140, 0.0)
(51.821819, 23.140556, 0.0)
(51.814201, 23.110989, 0.0)
(51.822735, 23.206154, 0.0)
(51.825943, 23.251692, 0.0)
(51.836269, 23.309568, 0.0)
(52.020138, 23.582134, 0.0)
(52.105492, 23.919231, 0.0)
(52.113686, 23.961451, 0.0)
(52.036018, 23.887808, 0.0)
(52.040386, 23.894974, 0.0)
(52.072838, 23.980257, 0.0)
(52.087742, 24.203550, 0.0)
(52.055035, 25.057076, 0.0)
(52.025711, 25.207466, 0.0)
(52.020260, 25.243458, 0.0)
(52.024673, 25.269251, 0.0)
(52.047024, 25.312927, 0.0)
(52.050308, 25.427444, 0.0)
(52.023922, 25.473579, 0.0)
(52.026081, 25.497538, 0.0)
(52.024952, 25.595125, 0.0)
(52.028595, 25.696726, 0.0)
(52.026505, 25.802326, 0.0)
(51.927441, 26.421268, 0.0)
(51.887726, 26.524185, 0.0)
(51.871120, 26.610556, 0.0)
(51.865158, 26.640163, 0.0)
(51.864323, 26.672173, 0.0)
(51.851776, 26.724726, 0.0)
(51.687458, 27.424673, 0.0)
(51.632385, 27.600569, 0.0)
(51.614063, 27.620659, 0.0)
(51.613224, 27.665724, 0.0)
(51.611290, 27.693274, 0.0)
(51.448483, 27.839346, 0.0)
(51.355328, 28.722507, 0.0)
(51.123280, 28.241508, 0.0)
(51.085518, 28.534912, 0.0)
(51.071636, 28.781528, 0.0)
(51.069469, 28.793997, 0.0)
(51.060974, 28.816675, 0.0)
(51.044353, 28.808245, 0.0)
(51.050560, 28.832327, 0.0)
(51.131809, 29.099442, 0.0)
(51.110157, 29.082491, 0.0)
(51.094997, 29.098322, 0.0)
(51.106991, 29.158394, 0.0)
(51.096840, 29.155176, 0.0)
(51.094490, 29.160318, 0.0)
(51.073868, 29.117886, 0.0)
(51.081631, 29.103565, 0.0)
(51.080544, 29.062689, 0.0)
(50.679974, 28.985142, 0.0)
(50.512352, 28.929609, 0.0)
(50.504093, 28.886068, 0.0)
(50.507725, 28.819839, 0.0)
(50.498135, 28.778151, 0.0)
(50.509884, 28.728601, 0.0)
(50.849033, 28.698082, 0.0)
(50.966259, 28.488373, 0.0)
(50.990097, 28.324175, 0.0)
(51.036747, 28.146858, 0.0)
(51.091858, 28.036329, 0.0)
(51.134079, 28.557499, 0.0)
(51.841709, 29.797239, 0.0)
(51.277939, 27.972755, 0.0)
(51.234249, 27.338415, 0.0)
(51.258549, 27.307184, 0.0)
(51.329479, 27.175385, 0.0)
(51.455482, 28.239948, 0.0)
(51.578449, 28.415384, 0.0)
(51.370880, 26.971619, 0.0)
(51.317341, 26.243847, 0.0)
(51.295422, 26.230089, 0.0)
(51.369865, 26.091078, 0.0)
(51.398056, 25.975092, 0.0)
(51.449535, 25.842314, 0.0)
(51.497490, 25.675379, 0.0)
(51.525768, 25.535019, 0.0)
(51.554985, 25.390835, 0.0)
(51.580986, 25.193581, 0.0)
(51.605549, 25.096609, 0.0)
(51.681580, 24.935190, 0.0)
(51.714680, 24.781826, 0.0)
(51.741138, 24.581865, 0.0)
(51.726051, 24.424412, 0.0)
(51.765789, 24.185755, 0.0)
(51.872688, 24.067493, 0.0)
(51.871113, 23.887207, 0.0)
(51.899078, 23.665739, 0.0)
(51.869820, 23.467842, 0.0)
(51.864693, 23.345289, 0.0)
(51.852222, 23.183565, 0.0)
(51.857468, 23.009932, 0.0)
(51.863148, 22.854053, 0.0)
(51.914955, 22.588049, 0.0)
(51.870777, 22.111362, 0.0)
(0.000000, 0.000000, 1.0)
(0.000000, 0.000000, 1.0)
(0.000000, 0.000000, 1.0)
(0.000000, 0.000000, 1.0)
(0.000000, 0.000000, 1.0)
(0.000000, 0.000000, 1.0)
(51.205818, 21.442120, 0.0)
(51.135227, 21.432772, 0.0)
(51.173283, 21.453674, 0.0)
(51.147449, 21.504105, 0.0)
(51.130421, 21.571880, 0.0)
(51.306030, 22.289196, 0.0)
(51.324905, 22.477093, 0.0)
(51.328457, 22.594475, 0.0)
(51.357780, 22.749054, 0.0)
(51.395752, 22.893623, 0.0)
(51.417686, 23.066324, 0.0)
(51.527481, 23.791651, 0.0)
(51.537571, 24.002237, 0.0)
(51.528130, 24.054611, 0.0)
(51.324039, 24.211823, 0.0)
(51.308968, 24.318611, 0.0)
(51.223278, 24.593185, 0.0)
(51.267105, 24.735123, 0.0)
(51.293610, 24.805382, 0.0)
(51.288940, 24.874149, 0.0)
(51.302673, 24.966898, 0.0)
(51.289944, 25.057627, 0.0)
(51.282005, 25.155893, 0.0)
(51.279411, 25.245113, 0.0)
(51.149811, 25.558533, 0.0)
(51.136372, 25.934097, 0.0)
(51.137142, 26.029135, 0.0)
(51.117023, 26.205486, 0.0)
(51.137466, 26.617834, 0.0)
(51.133205, 26.755356, 0.0)
(51.117435, 26.842014, 0.0)
(51.108723, 26.915707, 0.0)
(51.119171, 26.997078, 0.0)
(51.100357, 27.159388, 0.0)
(51.086323, 27.244015, 0.0)
(51.084126, 27.336096, 0.0)
(51.063225, 27.447161, 0.0)
(51.046619, 27.538860, 0.0)
(50.879005, 28.256947, 0.0)
(50.844467, 28.481560, 0.0)
(50.825916, 28.519009, 0.0)
(50.797295, 28.549662, 0.0)
(50.766834, 28.646441, 0.0)
(50.769730, 28.687906, 0.0)
(50.654209, 29.115467, 0.0)
(50.635075, 29.255663, 0.0)
(50.607265, 29.236464, 0.0)
(50.549091, 29.285316, 0.0)
(50.531742, 29.293770, 0.0)
(50.512051, 29.310741, 0.0)
(50.511963, 29.318541, 0.0)
(50.484203, 29.340965, 0.0)
(50.478748, 29.355913, 0.0)
(50.463890, 29.319540, 0.0)
(50.449417, 29.303177, 0.0)
(50.071083, 29.049919, 0.0)
(50.046539, 28.981985, 0.0)
(50.054604, 28.956963, 0.0)
(50.028084, 28.804819, 0.0)
(50.041252, 28.696503, 0.0)
(50.058746, 28.559385, 0.0)
(50.155315, 28.681561, 0.0)
(50.186642, 28.563286, 0.0)
(50.227188, 28.332491, 0.0)
(50.271458, 28.107016, 0.0)
(50.305046, 27.905060, 0.0)
(50.332905, 27.713680, 0.0)
(50.374168, 27.517311, 0.0)
(50.408783, 27.375742, 0.0)
(50.458759, 27.247307, 0.0)
(50.466530, 27.089172, 0.0)
(50.474770, 26.902515, 0.0)
(50.510952, 26.692797, 0.0)
(50.521893, 26.517447, 0.0)
(50.550751, 26.386461, 0.0)
(50.571651, 26.184156, 0.0)
(50.593307, 26.083252, 0.0)
(50.673302, 25.875359, 0.0)
(50.703300, 25.710432, 0.0)
(50.730640, 25.539206, 0.0)
(50.738670, 25.358580, 0.0)
(50.754601, 25.259041, 0.0)
(50.801311, 25.034790, 0.0)
(50.799820, 24.829241, 0.0)
(50.822632, 24.681995, 0.0)
(50.860325, 24.458294, 0.0)
(50.883961, 24.336830, 0.0)
(50.905830, 24.162809, 0.0)
(50.924725, 24.019655, 0.0)
(50.937569, 23.826939, 0.0)
(50.974216, 23.742613, 0.0)
(50.979885, 23.575630, 0.0)
(51.005974, 23.419342, 0.0)
(51.016884, 23.297255, 0.0)
(51.005684, 23.155708, 0.0)
(51.031105, 23.026028, 0.0)
(50.826912, 22.730959, 0.0)
(50.804684, 22.504032, 0.0)
(50.827385, 22.320818, 0.0)
(50.827667, 22.241590, 0.0)
(50.837307, 22.098803, 0.0)
(50.849121, 21.963579, 0.0)
(50.809429, 21.742731, 0.0)
(50.804382, 21.567381, 0.0)
(50.808266, 21.453825, 0.0)
(50.808151, 21.376881, 0.0)
(50.769646, 21.249214, 0.0)
(50.730019, 21.151203, 0.0)
(50.371078, 20.937107, 0.0)
(50.235664, 20.811131, 0.0)
(50.233955, 20.793655, 0.0)
(50.239300, 20.809566, 0.0)
(50.225536, 20.829124, 0.0)
(50.215897, 20.863726, 0.0)
(49.871349, 20.954128, 0.0)
(49.810074, 20.998430, 0.0)
(49.824409, 21.050964, 0.0)
(49.786903, 21.068605, 0.0)
(49.776592, 21.119263, 0.0)
(50.220776, 22.249020, 0.0)
(50.243912, 22.468599, 0.0)
(50.268703, 22.573404, 0.0)
(50.263870, 22.640760, 0.0)
(50.117062, 23.049236, 0.0)
(50.222183, 23.817327, 0.0)
(50.018589, 23.463783, 0.0)
(50.035503, 23.557316, 0.0)
(50.067574, 23.691874, 0.0)
(50.056995, 23.801184, 0.0)
(50.084137, 23.857693, 0.0)
(50.103699, 23.973083, 0.0)
(50.134258, 24.072615, 0.0)
(50.167503, 24.233784, 0.0)
(50.126575, 24.730362, 0.0)
(50.118176, 24.921780, 0.0)
(50.118973, 25.009153, 0.0)
(50.118748, 25.127399, 0.0)
(50.116459, 25.207850, 0.0)
(50.107983, 25.480352, 0.0)
(50.060810, 26.094515, 0.0)
(50.003944, 26.165028, 0.0)
(49.997334, 26.222071, 0.0)
(50.000492, 26.323961, 0.0)
(49.998341, 26.357592, 0.0)
(49.980755, 26.446827, 0.0)
(49.956940, 26.544304, 0.0)
(49.939255, 26.678167, 0.0)
(49.817432, 27.530365, 0.0)
(49.775024, 27.680120, 0.0)
(49.761883, 27.773727, 0.0)
(49.740524, 27.849731, 0.0)
(49.706871, 27.894360, 0.0)
(49.697395, 28.047606, 0.0)
(49.576271, 28.386848, 0.0)
(49.557068, 28.427622, 0.0)
(49.551071, 28.501076, 0.0)
(49.536194, 28.505203, 0.0)
(49.529381, 28.527111, 0.0)
(49.522831, 28.558405, 0.0)
(49.523285, 28.541910, 0.0)
(49.505608, 28.583090, 0.0)
(49.486698, 28.631445, 0.0)
(49.483955, 28.628361, 0.0)
(49.454609, 28.601002, 0.0)
(48.889694, 28.413937, 0.0)
(48.822685, 28.396030, 0.0)
(48.826180, 28.362499, 0.0)
(48.832603, 28.341827, 0.0)
(48.830708, 28.286205, 0.0)
(48.819492, 28.254412, 0.0)
(48.823605, 28.187685, 0.0)
(48.819439, 28.114088, 0.0)
(48.814930, 28.138195, 0.0)
(48.744183, 28.243595, 0.0)
(48.758110, 28.122627, 0.0)
(48.797127, 27.985678, 0.0)
(48.851234, 27.786694, 0.0)
(48.886917, 27.563745, 0.0)
(48.915646, 27.393360, 0.0)
(48.955189, 27.238060, 0.0)
(49.003338, 27.029850, 0.0)
(49.050541, 26.874950, 0.0)
(49.088505, 26.743589, 0.0)
(49.124962, 26.594255, 0.0)
(49.118587, 26.350803, 0.0)
(49.135353, 26.156834, 0.0)
(49.192631, 26.067240, 0.0)
(49.206558, 25.915373, 0.0)
(49.236115, 25.754421, 0.0)
(49.288651, 25.608007, 0.0)
(49.315655, 25.467670, 0.0)
(49.328884, 25.293715, 0.0)
(49.353336, 25.130814, 0.0)
(49.376991, 24.945871, 0.0)
(49.401974, 24.762714, 0.0)
(49.437729, 24.583261, 0.0)
(49.486156, 24.438715, 0.0)
(49.503315, 24.272203, 0.0)
(49.525028, 24.086790, 0.0)
(49.536472, 23.985600, 0.0)
(49.547264, 23.860106, 0.0)
(49.570484, 23.737162, 0.0)
(49.607273, 23.608862, 0.0)
(49.615952, 23.484591, 0.0)
(49.444817, 22.910007, 0.0)
(49.425552, 22.795969, 0.0)
(49.427357, 22.630369, 0.0)
(49.431480, 22.497154, 0.0)
(49.438927, 22.405390, 0.0)
(49.431908, 22.239525, 0.0)
(49.344738, 21.576128, 0.0)
(49.312786, 21.332689, 0.0)
(49.340027, 21.246861, 0.0)
(49.346054, 21.159163, 0.0)
(49.370609, 21.053637, 0.0)
(49.351006, 20.980371, 0.0)
(49.328030, 20.861805, 0.0)
(49.164589, 20.587854, 0.0)
(49.088387, 20.294825, 0.0)
(49.089947, 20.230051, 0.0)
(49.101776, 20.252380, 0.0)
(49.083401, 20.259048, 0.0)
(49.074978, 20.236343, 0.0)
(49.066608, 20.269846, 0.0)
(49.041828, 20.316711, 0.0)
(48.320084, 20.269962, 0.0)
(48.183369, 20.363636, 0.0)
(48.219357, 20.439711, 0.0)
(48.210835, 20.473534, 0.0)
(48.219345, 20.553593, 0.0)
(48.491505, 21.212587, 0.0)
(48.514709, 21.610458, 0.0)
(48.564648, 21.744453, 0.0)
(48.595295, 21.895124, 0.0)
(48.643799, 22.056255, 0.0)
(48.489117, 22.205059, 0.0)
(48.450790, 23.124079, 0.0)
(48.335571, 23.039906, 0.0)
(48.377426, 22.711079, 0.0)
(48.472363, 22.790813, 0.0)
(48.246399, 22.999840, 0.0)
(48.273994, 23.446442, 0.0)
(48.396034, 23.454062, 0.0)
(48.440536, 23.627493, 0.0)
(48.481956, 23.726416, 0.0)
(48.481552, 24.038353, 0.0)
(48.489975, 24.238647, 0.0)
(48.525139, 24.337673, 0.0)
(48.509949, 24.456268, 0.0)
(48.524330, 25.002666, 0.0)
(48.425724, 25.698656, 0.0)
(48.412907, 25.837755, 0.0)
(48.438793, 25.939545, 0.0)
(48.444027, 26.034426, 0.0)
(48.443626, 26.108259, 0.0)
(48.422535, 26.140022, 0.0)
(48.424389, 26.208107, 0.0)
(48.419086, 26.268492, 0.0)
(48.414051, 26.334358, 0.0)
(48.410358, 26.398893, 0.0)
(48.409477, 26.554005, 0.0)
(48.323936, 27.342857, 0.0)
(48.270187, 27.449741, 0.0)
(48.259785, 27.505575, 0.0)
(48.273434, 27.570175, 0.0)
(48.248909, 27.629513, 0.0)
(48.193233, 28.372770, 0.0)
(48.033710, 28.880280, 0.0)
(47.997997, 28.904734, 0.0)
(48.024036, 28.918509, 0.0)
(47.988022, 28.914223, 0.0)
(47.975433, 28.887476, 0.0)
(47.937904, 28.938208, 0.0)
(47.915150, 28.950073, 0.0)
(47.864407, 29.051716, 0.0)
(47.827034, 29.075443, 0.0)
(47.800289, 29.051386, 0.0)
(47.763577, 29.031420, 0.0)
(47.414330, 28.838673, 0.0)
(47.345852, 28.733198, 0.0)
(47.320171, 28.669115, 0.0)
(47.302990, 28.525389, 0.0)
(47.328125, 28.342569, 0.0)
(47.308498, 28.178045, 0.0)
(47.320671, 28.007032, 0.0)
(47.329422, 27.727472, 0.0)
(47.402462, 27.459150, 0.0)
(47.430653, 27.272678, 0.0)
(47.477371, 27.009651, 0.0)
(47.511845, 26.790668, 0.0)
(47.290321, 26.577785, 0.0)
(47.306065, 26.384989, 0.0)
(47.361252, 26.218964, 0.0)
(47.380310, 26.079071, 0.0)
(47.400558, 25.945181, 0.0)
(47.393303, 25.824360, 0.0)
(47.450264, 25.620043, 0.0)
(47.486217, 25.470737, 0.0)
(47.537811, 25.397509, 0.0)
(47.563419, 25.222565, 0.0)
(47.570621, 25.058651, 0.0)
(47.593559, 24.912153, 0.0)
(47.580730, 24.677870, 0.0)
(47.623875, 24.516037, 0.0)
(47.664604, 24.375038, 0.0)
(47.661709, 24.161909, 0.0)
(47.716488, 24.051212, 0.0)
(47.731255, 23.888174, 0.0)
(47.747379, 23.771921, 0.0)
(47.759750, 23.612862, 0.0)
(47.766129, 23.484350, 0.0)
(47.814487, 23.349348, 0.0)
(47.678463, 22.982527, 0.0)
(47.702118, 22.582605, 0.0)
(47.723721, 22.418814, 0.0)
(47.741013, 22.249771, 0.0)
(47.740887, 22.131062, 0.0)
(47.751331, 21.983088, 0.0)
(47.756657, 21.829390, 0.0)
(47.743240, 21.735126, 0.0)
(47.735401, 21.576416, 0.0)
(47.576839, 20.992294, 0.0)
(47.559105, 20.831944, 0.0)
(47.582157, 20.756359, 0.0)
(47.563179, 20.641830, 0.0)
(47.544163, 20.511789, 0.0)
(47.341091, 19.988115, 0.0)
(47.291210, 19.750509, 0.0)
(47.299164, 19.706530, 0.0)
(47.291080, 19.700550, 0.0)
(47.283764, 19.679382, 0.0)
(47.293476, 19.682192, 0.0)
(47.281590, 19.669672, 0.0)
(47.290092, 19.668541, 0.0)
(47.265255, 19.695156, 0.0)
(47.255157, 19.734768, 0.0)
(47.151600, 19.771076, 0.0)
(46.478230, 19.659243, 0.0)
(46.405396, 19.712820, 0.0)
(46.419754, 19.763216, 0.0)
(46.109707, 19.807272, 0.0)
(46.151722, 20.976883, 0.0)
(46.405239, 21.594257, 0.0)
(46.471340, 21.786688, 0.0)
(46.524548, 21.907282, 0.0)
(46.567238, 21.995836, 0.0)
(46.560421, 22.089424, 0.0)
(46.559101, 22.197052, 0.0)
(46.585075, 22.278685, 0.0)
(46.585205, 22.350536, 0.0)
(46.635040, 22.442055, 0.0)
(46.656624, 22.539474, 0.0)
(46.654793, 22.637135, 0.0)
(46.670834, 22.676643, 0.0)
(46.654068, 22.768314, 0.0)
(46.818123, 23.695398, 0.0)
(46.871246, 23.865133, 0.0)
(46.860233, 23.912695, 0.0)
(46.837307, 23.978876, 0.0)
(46.831604, 24.065098, 0.0)
(46.832611, 24.126520, 0.0)
(46.821327, 24.225065, 0.0)
(46.816727, 24.321644, 0.0)
(46.817200, 24.387440, 0.0)
(46.800201, 24.480936, 0.0)
(46.646725, 25.305983, 0.0)
(46.576359, 25.549015, 0.0)
(46.569492, 25.641455, 0.0)
(46.557297, 25.693544, 0.0)
(46.562401, 25.821947, 0.0)
(46.533276, 25.878027, 0.0)
(46.539230, 26.292459, 0.0)
(46.491356, 26.666567, 0.0)
(46.498158, 26.720798, 0.0)
(46.490314, 26.778996, 0.0)
(46.493084, 26.853256, 0.0)
(46.467808, 26.961157, 0.0)
(46.390057, 28.046551, 0.0)
(46.336956, 28.235146, 0.0)
(46.330513, 28.198790, 0.0)
(46.307800, 28.257845, 0.0)
(46.291683, 28.332169, 0.0)
(46.268753, 28.405602, 0.0)
(46.274429, 28.405989, 0.0)
(46.278858, 28.470783, 0.0)
(46.189579, 28.533041, 0.0)
(45.972878, 28.496675, 0.0)
(45.940681, 28.511433, 0.0)
(45.931759, 28.530996, 0.0)
(45.914993, 28.507046, 0.0)
(45.913418, 28.494644, 0.0)
(45.890694, 28.423374, 0.0)
(45.891289, 28.358685, 0.0)
(45.875294, 28.235102, 0.0)
(45.874073, 28.187778, 0.0)
(45.867348, 28.083151, 0.0)
(45.893673, 27.922880, 0.0)
(45.882133, 27.789474, 0.0)
(45.854095, 27.559954, 0.0)
(45.905903, 27.387035, 0.0)
(45.906784, 27.140295, 0.0)
(45.729065, 26.844185, 0.0)
(45.662296, 26.446529, 0.0)
(45.705818, 26.220711, 0.0)
(45.704258, 25.997454, 0.0)
(45.706425, 25.792280, 0.0)
(45.678032, 25.549759, 0.0)
(45.641342, 25.328493, 0.0)
(45.612122, 25.302868, 0.0)
(45.600830, 25.125109, 0.0)
(45.601101, 24.929523, 0.0)
(45.623165, 24.838757, 0.0)
(45.641392, 24.697937, 0.0)
(45.657902, 24.488230, 0.0)
(45.682678, 24.367731, 0.0)
(45.687862, 24.224220, 0.0)
(45.658314, 24.054029, 0.0)
(45.687626, 23.839533, 0.0)
(45.699226, 23.697054, 0.0)
(45.724659, 23.606285, 0.0)
(45.761848, 23.404039, 0.0)
(45.761131, 23.213125, 0.0)
(45.814758, 23.119858, 0.0)
(45.807644, 22.924839, 0.0)
(45.821720, 22.791967, 0.0)
(45.868797, 22.670309, 0.0)
(45.714546, 22.188549, 0.0)
(45.747501, 21.998339, 0.0)
(45.757851, 21.899792, 0.0)
(45.738102, 21.777452, 0.0)
(45.744480, 21.665392, 0.0)
(45.746655, 21.533186, 0.0)
(45.647121, 21.288155, 0.0)
(45.640202, 21.186972, 0.0)
(45.669231, 21.082899, 0.0)
(45.697914, 21.024750, 0.0)
(45.655178, 20.772873, 0.0)
(45.629036, 20.563801, 0.0)
(45.628944, 20.523304, 0.0)
(45.653980, 20.480459, 0.0)
(45.479298, 19.945742, 0.0)
(45.421944, 19.854118, 0.0)
(45.434433, 19.824356, 0.0)
(45.447502, 19.804955, 0.0)
(45.441116, 19.798990, 0.0)
(45.452126, 19.808907, 0.0)
(45.447502, 19.804955, 0.0)
(45.291397, 19.807364, 0.0)
(45.016804, 19.736782, 0.0)
(45.014061, 19.755062, 0.0)
(44.983242, 19.803431, 0.0)
(44.985497, 19.842978, 0.0)
(44.684643, 20.099331, 0.0)
(44.564610, 20.380745, 0.0)
(44.588795, 20.441607, 0.0)
(44.592598, 20.474186, 0.0)
(44.817242, 20.832289, 0.0)
(44.844090, 20.945930, 0.0)
(44.858803, 20.999128, 0.0)
(44.799072, 21.055790, 0.0)
(44.883209, 21.872183, 0.0)
(44.835251, 22.205667, 0.0)
(44.842205, 22.269783, 0.0)
(44.827122, 22.393906, 0.0)
(44.821297, 22.439627, 0.0)
(44.815388, 22.475380, 0.0)
(44.830334, 22.562790, 0.0)
(44.839561, 22.593571, 0.0)
(44.850792, 22.690908, 0.0)
(44.846863, 22.781036, 0.0)
(44.824741, 22.834988, 0.0)
(44.762280, 22.806170, 0.0)
(44.721954, 23.245817, 0.0)
(44.736713, 23.383997, 0.0)
(44.735142, 23.421694, 0.0)
(44.576218, 23.935350, 0.0)
(44.956646, 25.786539, 0.0)
(44.967796, 25.119280, 0.0)
(44.801579, 24.753614, 0.0)
(44.783894, 24.703072, 0.0)
(44.782948, 24.868246, 0.0)
(44.795341, 24.950762, 0.0)
(44.774567, 25.025545, 0.0)
(44.729038, 25.719809, 0.0)
(44.679665, 26.060778, 0.0)
(44.678890, 26.154682, 0.0)
(44.683231, 26.224873, 0.0)
(44.703197, 26.265162, 0.0)
(44.690823, 26.343374, 0.0)
(44.731602, 26.540668, 0.0)
(44.661983, 27.068638, 0.0)
(44.657478, 27.220825, 0.0)
(44.653114, 27.324423, 0.0)
(44.634758, 27.532043, 0.0)
(44.613777, 28.342089, 0.0)
(44.492802, 28.668066, 0.0)
(44.466137, 28.655329, 0.0)
(44.481960, 28.662865, 0.0)
(44.480915, 28.684162, 0.0)
(44.493389, 28.672108, 0.0)
(44.492538, 28.670588, 0.0)
(44.447227, 28.712418, 0.0)
(44.434238, 28.670790, 0.0)
(44.130169, 28.619059, 0.0)
(44.045357, 28.504885, 0.0)
(43.675606, 28.364918, 0.0)
(43.605492, 28.216759, 0.0)
(43.618290, 28.118132, 0.0)
(43.666348, 27.895336, 0.0)
(43.689346, 27.701521, 0.0)
(43.715187, 27.499861, 0.0)
(43.692802, 27.309824, 0.0)
(43.720192, 27.092676, 0.0)
(43.794651, 26.863928, 0.0)
(43.789669, 26.601782, 0.0)
(43.776779, 26.392344, 0.0)
(43.762047, 26.183455, 0.0)
(43.791115, 25.955273, 0.0)
(43.817760, 25.768951, 0.0)
(43.782383, 25.613029, 0.0)
(43.789989, 25.477489, 0.0)
(43.822807, 25.313286, 0.0)
(43.804634, 25.133099, 0.0)
(43.783360, 25.019800, 0.0)
(43.772182, 24.860392, 0.0)
(43.848549, 24.690172, 0.0)
(43.849998, 24.512894, 0.0)
(43.626045, 24.143539, 0.0)
(43.609062, 23.862022, 0.0)
(43.577240, 23.680544, 0.0)
(43.612431, 23.588120, 0.0)
(43.600197, 23.445004, 0.0)
(43.632961, 23.330809, 0.0)
(43.633621, 23.202744, 0.0)
(43.621483, 23.011608, 0.0)
(43.638477, 22.872427, 0.0)
(43.652699, 22.701353, 0.0)
(43.659313, 22.564211, 0.0)
(43.571106, 22.113920, 0.0)
(43.567345, 21.886650, 0.0)
(43.589817, 21.735657, 0.0)
(43.576153, 21.565308, 0.0)
(43.590267, 21.460823, 0.0)
(43.584579, 21.331486, 0.0)
(43.573177, 21.144314, 0.0)
(43.614559, 20.990702, 0.0)
(43.590813, 20.637651, 0.0)
(43.587803, 20.508286, 0.0)
(43.591309, 20.392149, 0.0)
(43.575516, 20.302118, 0.0)
(43.550491, 20.225786, 0.0)
(43.490864, 19.775108, 0.0)
(43.488003, 19.575134, 0.0)
(43.488075, 19.584730, 0.0)
(43.483391, 19.564178, 0.0)
(43.484550, 19.510468, 0.0)
(43.472359, 19.498606, 0.0)
(43.476772, 19.471682, 0.0)
(43.484589, 19.479761, 0.0)
(43.117630, 19.426159, 0.0)
(43.005615, 19.420429, 0.0)
(43.020729, 19.439157, 0.0)
(42.426594, 19.489643, 0.0)
(42.341366, 19.517023, 0.0)
(42.345592, 19.534571, 0.0)
(42.365578, 19.610922, 0.0)
(42.379322, 19.847895, 0.0)
(42.357826, 20.448536, 0.0)
(42.325676, 20.549641, 0.0)
(42.365963, 20.579254, 0.0)
(42.386860, 20.641859, 0.0)
(42.386536, 20.731546, 0.0)
(42.453758, 20.889860, 0.0)
(42.598564, 21.030748, 0.0)
(42.626629, 21.080912, 0.0)
(42.669285, 21.169905, 0.0)
(42.701973, 21.268030, 0.0)
(42.727558, 21.349766, 0.0)
(42.516663, 22.174910, 0.0)
(42.692310, 23.037169, 0.0)
(42.537411, 22.343981, 0.0)
(42.628269, 22.429274, 0.0)
(42.673950, 22.605774, 0.0)
(42.673626, 22.740019, 0.0)
(42.660454, 22.801352, 0.0)
(42.669003, 22.891996, 0.0)
(42.695492, 22.983999, 0.0)
(42.572105, 23.459335, 0.0)
(42.569397, 23.645285, 0.0)
(42.562092, 23.727880, 0.0)
(42.570805, 23.849379, 0.0)
(42.730446, 24.684263, 0.0)
(42.765148, 24.872240, 0.0)
(42.774937, 24.916552, 0.0)
(42.813057, 24.996061, 0.0)
(42.809971, 25.032642, 0.0)
(42.800583, 25.104328, 0.0)
(42.747993, 25.601950, 0.0)
(42.737270, 25.743706, 0.0)
(42.769779, 25.813669, 0.0)
(42.755383, 25.876255, 0.0)
(42.746059, 25.956024, 0.0)
(42.831039, 26.497656, 0.0)
(42.771942, 26.806675, 0.0)
(42.772629, 26.879946, 0.0)
(42.788567, 26.956940, 0.0)
(42.633930, 27.308109, 0.0)
(42.586899, 27.436850, 0.0)
(42.588398, 27.467905, 0.0)
(42.628616, 27.497095, 0.0)
(42.626965, 27.511234, 0.0)
(42.630001, 27.555277, 0.0)
(42.638954, 27.589182, 0.0)
(42.632824, 27.669918, 0.0)
(42.640270, 27.644360, 0.0)
(42.236507, 27.594221, 0.0)
(42.015572, 27.489637, 0.0)
(41.967590, 27.495155, 0.0)
(41.947315, 27.408861, 0.0)
(41.659813, 27.529776, 0.0)
(41.556583, 27.454699, 0.0)
(41.532394, 27.318007, 0.0)
(41.497009, 27.114889, 0.0)
(41.528282, 26.912821, 0.0)
(41.524128, 26.655304, 0.0)
(41.711266, 26.476217, 0.0)
(41.737274, 26.231514, 0.0)
(41.740124, 25.986813, 0.0)
(41.740871, 25.765354, 0.0)
(41.735260, 25.571840, 0.0)
(41.740616, 25.412119, 0.0)
(41.755981, 25.254467, 0.0)
(41.759602, 25.108210, 0.0)
(41.781708, 24.965481, 0.0)
(41.778793, 24.807240, 0.0)
(41.795994, 24.585794, 0.0)
(41.769123, 24.445580, 0.0)
(41.750648, 24.361450, 0.0)
(41.773746, 24.180843, 0.0)
(41.743309, 24.015467, 0.0)
(41.742981, 23.875105, 0.0)
(41.743866, 23.757679, 0.0)
(41.720253, 23.610928, 0.0)
(41.721306, 23.465940, 0.0)
(41.715050, 23.346041, 0.0)
(41.697350, 23.136787, 0.0)
(41.478912, 22.758974, 0.0)
(41.486038, 22.544897, 0.0)
(41.521008, 22.362642, 0.0)
(41.541016, 22.232819, 0.0)
(41.580677, 22.121819, 0.0)
(41.578194, 22.012169, 0.0)
(41.579014, 21.894955, 0.0)
(41.589420, 21.765268, 0.0)
(41.444012, 21.501423, 0.0)
(41.433273, 21.363457, 0.0)
(41.458221, 21.219215, 0.0)
(41.443802, 20.693403, 0.0)
(41.441498, 20.526968, 0.0)
(41.417198, 20.454281, 0.0)
(41.418133, 20.359619, 0.0)
(41.382881, 20.266426, 0.0)
(41.398125, 20.124355, 0.0)
(41.393436, 20.058411, 0.0)
(41.251923, 19.485001, 0.0)
(41.222744, 19.374025, 0.0)
(41.237896, 19.326912, 0.0)
(41.253716, 19.260679, 0.0)
(41.244865, 19.195469, 0.0)
(41.235504, 19.163002, 0.0)
(41.230911, 19.133348, 0.0)
(41.232643, 19.129292, 0.0)
(41.218010, 19.126606, 0.0)
(41.181728, 19.136961, 0.0)
(41.147457, 19.159037, 0.0)
(40.546848, 19.731306, 0.0)
(40.468575, 19.846333, 0.0)
(40.466919, 19.892748, 0.0)
(40.494423, 19.985003, 0.0)
(40.487347, 20.128204, 0.0)
(40.497284, 20.204819, 0.0)
(40.514599, 20.298655, 0.0)
(40.520851, 20.403971, 0.0)
(40.418083, 20.857752, 0.0)
(40.409142, 21.094572, 0.0)
(40.414566, 21.183693, 0.0)
(40.447388, 21.331442, 0.0)
(40.470142, 21.464256, 0.0)
(40.494476, 21.580372, 0.0)
(40.573433, 21.813540, 0.0)
(40.570328, 21.828028, 0.0)
(40.578426, 21.973234, 0.0)
(40.461876, 22.442886, 0.0)
(40.501369, 22.607582, 0.0)
(40.521091, 22.694263, 0.0)
(40.553349, 22.840580, 0.0)
(40.568180, 22.918903, 0.0)
(40.572552, 23.009905, 0.0)
(40.572979, 23.116405, 0.0)
(40.633663, 23.411125, 0.0)
(40.626419, 23.479996, 0.0)
(40.601154, 23.584688, 0.0)
(40.635174, 23.678785, 0.0)
(40.582066, 24.241356, 0.0)
(40.615738, 24.445711, 0.0)
(40.623989, 24.507290, 0.0)
(40.660595, 24.605429, 0.0)
(40.714676, 24.887608, 0.0)
(40.809528, 25.535538, 0.0)
(40.829262, 25.726198, 0.0)
(40.882641, 25.782604, 0.0)
(40.930779, 25.897028, 0.0)
(40.957886, 25.955585, 0.0)
(40.977383, 26.082378, 0.0)
(40.981113, 26.182459, 0.0)
(40.987633, 26.600479, 0.0)
(40.991238, 26.778439, 0.0)
(40.990242, 26.805925, 0.0)
(41.011974, 26.894939, 0.0)
(41.024216, 26.956854, 0.0)
(41.042103, 27.036192, 0.0)
(41.047264, 27.133593, 0.0)
(40.883293, 27.554531, 0.0)
(40.838062, 27.633787, 0.0)
(40.854156, 27.674934, 0.0)
(40.854202, 27.694593, 0.0)
(40.858082, 27.725096, 0.0)
(40.830196, 27.772903, 0.0)
(40.807064, 27.764837, 0.0)
(40.785080, 27.735350, 0.0)
(40.806446, 27.760139, 0.0)
(40.398563, 27.775721, 0.0)
(40.262394, 27.684572, 0.0)
(40.244678, 27.625675, 0.0)
(40.184132, 27.476835, 0.0)
(40.174080, 27.314760, 0.0)
(40.144348, 27.159939, 0.0)
(40.157043, 26.984495, 0.0)
(40.131199, 26.730547, 0.0)
(40.128441, 26.483171, 0.0)
(40.123577, 26.321003, 0.0)
(39.796215, 25.996363, 0.0)
(39.751534, 25.800232, 0.0)
(39.710423, 25.572456, 0.0)
(39.730045, 25.430422, 0.0)
(39.691715, 25.246923, 0.0)
(39.711018, 25.037806, 0.0)
(39.749081, 24.836870, 0.0)
(39.772118, 24.608345, 0.0)
(39.708801, 24.495512, 0.0)
(39.268894, 24.954508, 0.0)
(39.266190, 24.015097, 0.0)
(39.187965, 23.212505, 0.0)
(39.230747, 23.087791, 0.0)
(39.207787, 23.012348, 0.0)
(39.490887, 23.033136, 0.0)
(39.558132, 22.974159, 0.0)
(39.544403, 22.874725, 0.0)
(39.561806, 22.740532, 0.0)
(39.571396, 22.668585, 0.0)
(39.586491, 22.533321, 0.0)
(39.573563, 22.422539, 0.0)
(39.619492, 22.248196, 0.0)
(39.398376, 21.854301, 0.0)
(39.440426, 21.658041, 0.0)
(39.474503, 21.575565, 0.0)
(39.488209, 21.468203, 0.0)
(39.472984, 21.342148, 0.0)
(39.490288, 21.254171, 0.0)
(39.487873, 21.174889, 0.0)
(39.243382, 20.790001, 0.0)
(39.201374, 20.612982, 0.0)
(39.232967, 20.520279, 0.0)
(39.273285, 20.447517, 0.0)
(39.280785, 20.400297, 0.0)
(39.134640, 20.286919, 0.0)
(38.964470, 20.083693, 0.0)
(38.954479, 20.024656, 0.0)
(38.947041, 20.018295, 0.0)
(38.921238, 20.012182, 0.0)
(38.914040, 20.005518, 0.0)
(38.907852, 20.000925, 0.0)
(38.914455, 20.002676, 0.0)
(38.886051, 20.052603, 0.0)
(38.867050, 20.109890, 0.0)
(38.829250, 20.142027, 0.0)
(38.342728, 20.465551, 0.0)
(38.249882, 20.538671, 0.0)
(38.287903, 20.610836, 0.0)
(38.290127, 20.702717, 0.0)
(38.303455, 20.751240, 0.0)
(38.323467, 20.843023, 0.0)
(38.328545, 20.907949, 0.0)
(38.070969, 21.157381, 0.0)
(38.068466, 21.265610, 0.0)
(38.104298, 21.325207, 0.0)
(38.135040, 21.458265, 0.0)
(38.141430, 21.531471, 0.0)
(38.161743, 21.611534, 0.0)
(38.164169, 21.698317, 0.0)
(38.210648, 21.778137, 0.0)
(38.241035, 21.855652, 0.0)
(38.336662, 22.241802, 0.0)
(38.364838, 22.396875, 0.0)
(38.372501, 22.475620, 0.0)
(38.390186, 22.576181, 0.0)
(38.410778, 22.618217, 0.0)
(38.425606, 22.728718, 0.0)
(38.484356, 23.184750, 0.0)
(38.523052, 23.318096, 0.0)
(38.542149, 23.408743, 0.0)
(38.564281, 23.554249, 0.0)
(38.523808, 23.580433, 0.0)
(38.583248, 24.473001, 0.0)
(38.591228, 24.815722, 0.0)
(38.614906, 24.880381, 0.0)
(38.636765, 24.892271, 0.0)
(38.652069, 24.974852, 0.0)
(38.666351, 25.056732, 0.0)
(38.670223, 25.109192, 0.0)
(38.681805, 25.123039, 0.0)
(38.669491, 25.229748, 0.0)
(38.684254, 25.292673, 0.0)
(38.737637, 25.376595, 0.0)
(38.771759, 25.718475, 0.0)
(38.765083, 26.072456, 0.0)
(38.784969, 26.160290, 0.0)
(38.803131, 26.207367, 0.0)
(38.810398, 26.271664, 0.0)
(38.824219, 26.335112, 0.0)
(39.044640, 27.391891, 0.0)
(39.050266, 27.597935, 0.0)
(39.018604, 27.628889, 0.0)
(38.998753, 27.682007, 0.0)
(38.989769, 27.682510, 0.0)
(38.957466, 27.662436, 0.0)
(38.944679, 27.715492, 0.0)
(38.885124, 27.749233, 0.0)
(38.861954, 27.764521, 0.0)
(38.838032, 27.773531, 0.0)
(38.810444, 27.739887, 0.0)
(38.233871, 27.564085, 0.0)
(38.082569, 27.487268, 0.0)
(38.059174, 27.373064, 0.0)
(38.014099, 27.287411, 0.0)
(38.001350, 27.147945, 0.0)
(37.983112, 26.989805, 0.0)
(37.958797, 26.793900, 0.0)
(37.940395, 26.621363, 0.0)
(37.897873, 26.434666, 0.0)
(37.782314, 26.386511, 0.0)
(37.740582, 26.292139, 0.0)
(37.754387, 26.081617, 0.0)
(37.749550, 25.913433, 0.0)
(37.750214, 25.761721, 0.0)
(37.723740, 25.647745, 0.0)
(37.700218, 25.519629, 0.0)
(37.685093, 25.345694, 0.0)
(37.689297, 25.146212, 0.0)
(37.690159, 24.925337, 0.0)
(37.651009, 24.816082, 0.0)
(37.646931, 24.637253, 0.0)
(37.660522, 24.469856, 0.0)
(37.646549, 24.335590, 0.0)
(37.623531, 24.196922, 0.0)
(37.642139, 23.999308, 0.0)
(37.646961, 23.793293, 0.0)
(37.446514, 23.686417, 0.0)
(37.426327, 23.390112, 0.0)
(37.431240, 23.236032, 0.0)
(37.424992, 23.084597, 0.0)
(37.460300, 22.964331, 0.0)
(37.426052, 22.812416, 0.0)
(37.437389, 22.639509, 0.0)
(37.414677, 22.563669, 0.0)
(37.430702, 22.404957, 0.0)
(37.421444, 22.263659, 0.0)
(37.432690, 22.140476, 0.0)
(37.435184, 22.027134, 0.0)
(37.455322, 21.877716, 0.0)
(37.441010, 21.693474, 0.0)
(37.243443, 21.283239, 0.0)
(37.226357, 21.084911, 0.0)
(37.242882, 20.946686, 0.0)
(37.214706, 20.832098, 0.0)
(37.194580, 20.684553, 0.0)
(37.205967, 20.515141, 0.0)
(37.075672, 20.077950, 0.0)
(37.108398, 19.935423, 0.0)
(37.067394, 19.873543, 0.0)
(37.059219, 19.813314, 0.0)
(37.063320, 19.700668, 0.0)
(37.046524, 19.635609, 0.0)
(37.043522, 19.594591, 0.0)
(37.014263, 19.542557, 0.0)
(37.004417, 19.543961, 0.0)
(37.010303, 19.534565, 0.0)
(36.975037, 19.525927, 0.0)
(36.961758, 19.512754, 0.0)
(36.391026, 19.992729, 0.0)
(35.881214, 20.171505, 0.0)
(35.849476, 20.225641, 0.0)
(35.872986, 20.256001, 0.0)
(35.816662, 20.432386, 0.0)
(35.895882, 20.807644, 0.0)
(35.913090, 20.849722, 0.0)
(36.070175, 21.154139, 0.0)
(36.155632, 21.309034, 0.0)
(36.227459, 21.386631, 0.0)
(36.220703, 21.477009, 0.0)
(36.246906, 21.567101, 0.0)
(36.271473, 21.654831, 0.0)
(36.309132, 21.769108, 0.0)
(36.374092, 22.514557, 0.0)
(36.384327, 22.675915, 0.0)
(36.389629, 22.732674, 0.0)
(36.439762, 22.828882, 0.0)
(36.447388, 22.889021, 0.0)
(36.480907, 22.995293, 0.0)
(36.521442, 23.059965, 0.0)
(36.508167, 23.145876, 0.0)
(36.486267, 23.330046, 0.0)
(36.426094, 23.718681, 0.0)
(36.438438, 23.869421, 0.0)
(36.454521, 23.913080, 0.0)
(36.492527, 24.035843, 0.0)
(36.520943, 24.098490, 0.0)
(36.527573, 24.182673, 0.0)
(36.591969, 24.244278, 0.0)
(36.644299, 24.309574, 0.0)
(36.719425, 24.979658, 0.0)
(36.740387, 25.176773, 0.0)
(36.736950, 25.226408, 0.0)
(36.758976, 25.272547, 0.0)
(36.787685, 25.354691, 0.0)
(36.979328, 25.740101, 0.0)
(37.066189, 26.225401, 0.0)
(37.053223, 26.282494, 0.0)
(37.053371, 26.374166, 0.0)
(37.065842, 26.420156, 0.0)
(37.070408, 26.445173, 0.0)
(37.105202, 26.499264, 0.0)
(37.111053, 26.530478, 0.0)
(37.090565, 26.593304, 0.0)
(37.090137, 26.594795, 0.0)
(37.079426, 26.632536, 0.0)
(37.084057, 26.653267, 0.0)
(37.056335, 26.661278, 0.0)
(37.060421, 26.688494, 0.0)
(37.063412, 26.712837, 0.0)
(37.026791, 26.674198, 0.0)
(36.436684, 26.856003, 0.0)
(36.324955, 26.869747, 0.0)
(36.324841, 26.890623, 0.0)
(36.328690, 26.869265, 0.0)
(36.328033, 26.843132, 0.0)
(36.266911, 26.815384, 0.0)
(36.356213, 27.179623, 0.0)
(36.352741, 27.129631, 0.0)
(36.343624, 27.020119, 0.0)
(36.363140, 26.886501, 0.0)
(36.170147, 26.997326, 0.0)
(36.128468, 26.795067, 0.0)
(36.100662, 26.628956, 0.0)
(36.074570, 26.409857, 0.0)
(36.054100, 26.181309, 0.0)
(36.001038, 26.030165, 0.0)
(35.996109, 25.808514, 0.0)
(35.984688, 25.657984, 0.0)
(35.936325, 25.537498, 0.0)
(35.933411, 25.373360, 0.0)
(35.911850, 25.213348, 0.0)
(35.906868, 25.074623, 0.0)
(35.878998, 24.915251, 0.0)
(35.838421, 24.791954, 0.0)
(35.827362, 24.597509, 0.0)
(35.625607, 24.515999, 0.0)
(35.602104, 24.385017, 0.0)
(35.609791, 24.236507, 0.0)
(35.598267, 24.108875, 0.0)
(35.590786, 23.968201, 0.0)
(35.583084, 23.838892, 0.0)
(35.604115, 23.652109, 0.0)
(35.584579, 23.541067, 0.0)
(35.599094, 23.417149, 0.0)
(35.596325, 23.303288, 0.0)
(35.580078, 23.203419, 0.0)
(35.605530, 22.999142, 0.0)
(35.610760, 22.804850, 0.0)
(35.610325, 22.704470, 0.0)
(35.596142, 22.545929, 0.0)
(35.550648, 22.436872, 0.0)
(35.551140, 22.281330, 0.0)
(35.536556, 22.140659, 0.0)
(35.531883, 22.026442, 0.0)
(35.546249, 21.880537, 0.0)
(35.277176, 21.677490, 0.0)
(35.261967, 21.478201, 0.0)
(35.269032, 21.384245, 0.0)
(35.266888, 21.262985, 0.0)
(35.288815, 21.121880, 0.0)
(35.132912, 20.711748, 0.0)
(35.126980, 20.492308, 0.0)
(35.155655, 20.483288, 0.0)
(35.142090, 20.426746, 0.0)
(35.139042, 20.389137, 0.0)
(35.160633, 20.310122, 0.0)
(35.177811, 20.272844, 0.0)
(35.177132, 20.244761, 0.0)
(35.170547, 20.232412, 0.0)
(35.135941, 20.222364, 0.0)
(34.849289, 20.524954, 0.0)
(34.838661, 20.552349, 0.0)
(34.870136, 20.532215, 0.0)
(34.846176, 20.562492, 0.0)
(34.623558, 21.007910, 0.0)
(34.613983, 21.176481, 0.0)
(34.646488, 21.364456, 0.0)
(34.794430, 21.825090, 0.0)
(34.804550, 21.937616, 0.0)
(34.826492, 21.970106, 0.0)
(34.847420, 22.032343, 0.0)
(34.870216, 22.089579, 0.0)
(34.883209, 22.165998, 0.0)
(34.897881, 22.192095, 0.0)
(34.898720, 22.234781, 0.0)
(34.873852, 22.292307, 0.0)
(34.596405, 22.213949, 0.0)
(34.419323, 22.302502, 0.0)
(34.641521, 22.593958, 0.0)
(34.795410, 22.788065, 0.0)
(34.855919, 22.892014, 0.0)
(34.856365, 22.943396, 0.0)
(34.876030, 22.998543, 0.0)
(34.852833, 23.020933, 0.0)
(34.806625, 23.303219, 0.0)
(34.769371, 23.714020, 0.0)
(34.820656, 23.927303, 0.0)
(34.851723, 24.009592, 0.0)
(34.861938, 24.083866, 0.0)
(34.910923, 24.167637, 0.0)
(34.929478, 24.266823, 0.0)
(35.187515, 24.717661, 0.0)
(35.246174, 24.788507, 0.0)
(35.229107, 24.901690, 0.0)
(34.999775, 25.306427, 0.0)
(35.028751, 25.500084, 0.0)
(35.071575, 25.621300, 0.0)
(35.103336, 25.670176, 0.0)
(35.141438, 25.783730, 0.0)
(35.213123, 25.894835, 0.0)
(35.451290, 26.208290, 0.0)
(35.504425, 26.320217, 0.0)
(35.516113, 26.371338, 0.0)
(35.535858, 26.413414, 0.0)
(35.483116, 26.837763, 0.0)
(35.557354, 27.179802, 0.0)
(35.570507, 27.242552, 0.0)
(35.578690, 27.317106, 0.0)
(35.598564, 27.357582, 0.0)
(35.607952, 27.392324, 0.0)
(35.615532, 27.430634, 0.0)
(35.632736, 27.435705, 0.0)
(35.617531, 27.481339, 0.0)
(35.624207, 27.457170, 0.0)
(35.624863, 27.422569, 0.0)
(35.626804, 27.412197, 0.0)
(35.637764, 27.426918, 0.0)
(35.655151, 27.394905, 0.0)
(35.638100, 27.354445, 0.0)
(35.612434, 27.348358, 0.0)
(35.652782, 27.287422, 0.0)
(35.648075, 27.253162, 0.0)
(35.659149, 27.258715, 0.0)
(35.663334, 27.249598, 0.0)
(35.664593, 27.251326, 0.0)
(35.675297, 27.242157, 0.0)
(35.669701, 27.204683, 0.0)
(35.682552, 27.189428, 0.0)
(35.676128, 27.187107, 0.0)
(35.667236, 27.194065, 0.0)
(35.675983, 27.207409, 0.0)
(39.214058, 26.187208, 0.0)
(43.001801, 25.798111, 0.0)
(45.626060, 26.060677, 0.0)
(46.747425, 26.245665, 0.0)
(46.776352, 26.247852, 0.0)
(46.757713, 26.266027, 0.0)
(46.788155, 26.285002, 0.0)
(46.781101, 26.267036, 0.0)
(45.773510, 25.592541, 0.0)
(45.087051, 24.673376, 0.0)
(45.128605, 24.601389, 0.0)
(45.120464, 24.601847, 0.0)
(45.116112, 24.597647, 0.0)
(45.095150, 24.609097, 0.0)
(45.095146, 24.611588, 0.0)
(45.083450, 24.600571, 0.0)
(45.034950, 24.588921, 0.0)
(45.028069, 24.624266, 0.0)
(45.010666, 24.579224, 0.0)
(45.023197, 24.566280, 0.0)
(45.036015, 24.589523, 0.0)
(45.029404, 24.549618, 0.0)
(45.011414, 24.523849, 0.0)
(44.962116, 24.466705, 0.0)
(44.920456, 24.326004, 0.0)
