(37.257164, 30.239452, 0.0)
(36.881771, 28.700539, 0.0)
(36.789028, 28.307272, 0.0)
(36.749275, 28.346128, 0.0)
(36.771240, 28.381454, 0.0)
(36.821571, 29.011927, 0.0)
(36.848598, 29.156033, 0.0)
(36.863064, 29.167570, 0.0)
(36.885220, 29.198965, 0.0)
(36.833839, 29.193846, 0.0)
(36.836384, 29.145458, 0.0)
(36.919846, 29.175657, 0.0)
(36.910049, 29.127645, 0.0)
(36.925362, 29.162582, 0.0)
(36.911011, 29.077578, 0.0)
(36.894016, 29.041115, 0.0)
(36.940170, 29.064535, 0.0)
(36.958408, 29.034550, 0.0)
(36.923588, 29.001474, 0.0)
(36.899643, 28.993498, 0.0)
(36.852158, 28.960497, 0.0)
(36.862144, 28.894440, 0.0)
(36.895901, 28.921082, 0.0)
(36.898720, 28.915941, 0.0)
(36.890812, 28.872665, 0.0)
(36.882694, 28.780090, 0.0)
(36.920437, 28.799999, 0.0)
(36.895432, 28.872078, 0.0)
(36.862766, 28.918848, 0.0)
(36.842197, 28.881184, 0.0)
(36.862236, 28.938034, 0.0)
(36.876141, 28.936241, 0.0)
(36.857555, 28.935894, 0.0)
(36.839676, 28.964371, 0.0)
(36.798103, 29.001654, 0.0)
(37.071228, 29.493349, 0.0)
(36.804905, 28.792681, 0.0)
(36.817204, 28.701311, 0.0)
(36.901733, 28.801500, 0.0)
(36.894131, 28.846729, 0.0)
(36.875252, 28.911692, 0.0)
(36.869850, 28.943064, 0.0)
(36.859039, 29.004614, 0.0)
(36.869320, 29.025503, 0.0)
(36.865036, 29.076841, 0.0)
(36.849110, 29.106964, 0.0)
(36.856720, 29.135843, 0.0)
(36.857395, 29.156319, 0.0)
(36.862236, 29.161722, 0.0)
(36.868359, 29.179556, 0.0)
(36.883690, 29.205587, 0.0)
(36.877029, 29.234470, 0.0)
(36.932652, 29.176117, 0.0)
(37.023029, 29.177292, 0.0)
(37.033161, 29.181631, 0.0)
(37.039833, 29.178726, 0.0)
(37.008514, 29.092028, 0.0)
(37.001572, 29.075888, 0.0)
(37.050983, 29.101398, 0.0)
(37.057373, 29.163815, 0.0)
(37.026630, 29.161051, 0.0)
(36.982761, 29.157614, 0.0)
(37.002007, 29.160120, 0.0)
(37.020493, 29.176825, 0.0)
(37.059425, 29.186518, 0.0)
(37.036530, 29.185881, 0.0)
(36.977951, 29.191715, 0.0)
(37.030525, 29.154867, 0.0)
(37.048679, 29.187840, 0.0)
(36.987160, 29.186720, 0.0)
(36.945454, 29.152607, 0.0)
(36.945087, 29.170193, 0.0)
(36.995422, 29.176584, 0.0)
(37.018532, 29.154005, 0.0)
(36.982113, 29.187273, 0.0)
(36.936478, 29.160303, 0.0)
(36.937473, 29.185942, 0.0)
(36.950851, 29.181984, 0.0)
(36.977840, 29.148397, 0.0)
(36.996140, 29.135229, 0.0)
(36.929482, 29.111580, 0.0)
(36.958458, 29.116718, 0.0)
(37.079853, 29.117460, 0.0)
(37.058472, 29.188988, 0.0)
(36.962990, 29.154526, 0.0)
(36.987873, 29.109648, 0.0)
(37.038670, 29.099760, 0.0)
(37.075993, 29.117886, 0.0)
(37.070847, 29.101608, 0.0)
(37.066177, 29.126261, 0.0)
(37.019234, 29.133804, 0.0)
(37.046646, 29.128004, 0.0)
(37.035980, 29.150051, 0.0)
(37.046970, 29.159506, 0.0)
(37.009617, 29.225796, 0.0)
(36.993546, 29.230993, 0.0)
(37.016640, 29.240988, 0.0)
(37.052551, 29.243313, 0.0)
(37.006744, 29.276533, 0.0)
(36.996235, 29.280090, 0.0)
(36.988663, 29.290237, 0.0)
(36.994442, 29.318670, 0.0)
(37.016193, 29.343328, 0.0)
(36.996265, 29.375570, 0.0)
(36.983097, 29.353922, 0.0)
(36.983181, 29.330984, 0.0)
(37.016171, 29.351944, 0.0)
(37.073524, 29.365538, 0.0)
(37.057980, 29.374670, 0.0)
(36.975655, 29.375080, 0.0)
(37.005882, 29.339470, 0.0)
(37.083004, 29.341539, 0.0)
(37.055878, 29.333334, 0.0)
(37.009613, 29.317993, 0.0)
(36.957989, 29.270746, 0.0)
(36.978561, 29.297962, 0.0)
(37.002827, 29.282907, 0.0)
(36.961918, 29.308502, 0.0)
(36.935841, 29.327223, 0.0)
(36.935539, 29.306263, 0.0)
(36.964909, 29.266304, 0.0)
(36.956676, 30.069357, 0.0)
(37.065693, 29.978926, 0.0)
(36.910763, 29.334524, 0.0)
(36.925289, 29.222816, 0.0)
(36.896614, 29.342678, 0.0)
(36.886002, 29.342743, 0.0)
(36.889721, 29.280512, 0.0)
(36.895027, 29.264616, 0.0)
(36.882187, 29.279528, 0.0)
(36.846748, 29.266590, 0.0)
(36.865826, 29.258812, 0.0)
(36.948582, 29.239927, 0.0)
(37.011215, 29.265364, 0.0)
(37.017307, 29.306646, 0.0)
(36.998436, 29.305632, 0.0)
(36.987812, 29.257498, 0.0)
(37.038963, 29.242569, 0.0)
(37.083374, 29.194365, 0.0)
(37.046043, 29.232878, 0.0)
(37.010185, 29.215752, 0.0)
(37.004650, 29.219995, 0.0)
(37.042156, 29.230318, 0.0)
(37.063251, 29.236977, 0.0)
(37.020313, 29.223549, 0.0)
(37.003101, 29.257191, 0.0)
(37.019466, 29.228107, 0.0)
(37.023361, 29.210476, 0.0)
(37.021206, 29.239746, 0.0)
(37.064548, 29.273077, 0.0)
(37.022568, 29.300301, 0.0)
(36.993977, 29.319622, 0.0)
(37.078800, 29.274771, 0.0)
(37.112343, 29.306337, 0.0)
(37.013439, 29.396524, 0.0)
(36.997547, 29.386593, 0.0)
(36.934704, 29.370558, 0.0)
(37.219807, 30.692270, 0.0)
(36.946281, 29.569069, 0.0)
(36.923710, 29.306017, 0.0)
(36.995598, 29.410034, 0.0)
(36.917988, 29.406246, 0.0)
(36.951324, 29.443323, 0.0)
(36.881630, 29.478834, 0.0)
(37.539700, 29.799215, 0.0)
(42.430935, 32.446835, 0.0)
(44.163853, 33.624695, 0.0)
(44.176201, 33.665203, 0.0)
(44.119743, 33.638535, 0.0)
(44.118553, 33.661930, 0.0)
(44.165382, 33.694073, 0.0)
(44.360680, 34.096039, 0.0)
(44.352768, 34.254650, 0.0)
(44.339928, 34.257454, 0.0)
(44.355930, 34.237297, 0.0)
(44.391987, 34.230202, 0.0)
(44.461872, 34.247383, 0.0)
(44.438461, 34.243843, 0.0)
(44.394981, 34.244495, 0.0)
(44.400772, 34.283588, 0.0)
(44.428295, 34.265839, 0.0)
(44.434212, 34.259090, 0.0)
(44.385483, 34.288525, 0.0)
(44.376316, 34.265903, 0.0)
(44.379253, 34.247303, 0.0)
(44.416500, 34.266247, 0.0)
(44.388493, 34.221001, 0.0)
(44.413734, 34.259968, 0.0)
(44.409332, 34.230446, 0.0)
(44.402138, 34.194950, 0.0)
(44.427551, 34.177837, 0.0)
(44.429565, 34.193897, 0.0)
(44.415009, 34.210285, 0.0)
(44.364872, 34.214470, 0.0)
(44.412968, 34.236393, 0.0)
(44.423386, 34.229733, 0.0)
(44.403286, 34.224159, 0.0)
(44.379616, 34.183960, 0.0)
(44.330090, 34.212753, 0.0)
(44.386696, 34.243031, 0.0)
(44.422565, 34.192444, 0.0)
(44.163288, 33.122173, 0.0)
(43.710522, 26.092308, 0.0)
(43.656879, 25.422222, 0.0)
(43.630684, 25.412613, 0.0)
(43.650597, 25.460894, 0.0)
(43.641537, 25.465734, 0.0)
(43.657482, 25.458033, 0.0)
(43.664715, 25.462427, 0.0)
(43.661968, 25.510895, 0.0)
(43.617363, 25.526546, 0.0)
(43.612556, 25.552839, 0.0)
(43.636162, 25.511194, 0.0)
(43.666622, 25.542625, 0.0)
(43.716457, 25.617491, 0.0)
(43.650543, 25.687662, 0.0)
(43.721561, 25.720839, 0.0)
(43.675331, 25.637587, 0.0)
(43.699703, 25.666388, 0.0)
(43.742496, 25.690487, 0.0)
(43.728432, 25.668036, 0.0)
(43.682957, 25.610670, 0.0)
(43.665474, 25.589588, 0.0)
(43.643791, 25.554443, 0.0)
(43.679523, 25.580948, 0.0)
(43.649254, 25.564196, 0.0)
(43.618156, 25.526445, 0.0)
(43.621719, 25.516264, 0.0)
(43.623169, 25.533197, 0.0)
(43.606136, 25.588617, 0.0)
(43.552090, 25.607872, 0.0)
(43.538170, 25.576019, 0.0)
(43.553776, 25.557724, 0.0)
(43.522995, 25.508362, 0.0)
(43.517067, 25.518391, 0.0)
(43.423004, 25.553347, 0.0)
(42.581001, 25.509598, 0.0)
(37.883331, 25.807360, 0.0)
(31.783585, 31.889231, 0.0)
(30.626078, 33.583256, 0.0)
(30.756096, 33.914612, 0.0)
(30.841908, 33.828571, 0.0)
(30.784973, 33.813202, 0.0)
(30.119061, 34.354767, 0.0)
(28.841911, 35.356419, 0.0)
(28.825211, 35.301834, 0.0)
(28.850044, 35.230888, 0.0)
(28.862148, 35.237968, 0.0)
(28.857832, 35.204987, 0.0)
(28.812931, 35.171680, 0.0)
(28.806398, 35.138695, 0.0)
(28.881214, 35.100418, 0.0)
(28.902668, 35.038074, 0.0)
(28.792168, 35.009918, 0.0)
(28.758278, 35.042889, 0.0)
(28.753881, 35.006031, 0.0)
(28.772898, 34.924229, 0.0)
(28.760471, 34.929230, 0.0)
(28.713404, 34.984444, 0.0)
(28.643204, 34.989506, 0.0)
(28.649851, 34.960461, 0.0)
(28.706612, 34.883801, 0.0)
(28.673288, 34.853039, 0.0)
(28.598362, 34.845310, 0.0)
(28.555531, 34.867294, 0.0)
(28.527115, 34.701122, 0.0)
(28.262377, 32.246155, 0.0)
(27.451002, 29.382469, 0.0)
(27.150723, 27.441214, 0.0)
(27.136974, 27.174047, 0.0)
(27.223782, 27.261139, 0.0)
(27.315599, 27.289604, 0.0)
(27.327286, 27.285208, 0.0)
(27.304005, 27.277346, 0.0)
(27.230368, 27.334318, 0.0)
(27.227224, 27.333092, 0.0)
(27.104372, 26.510492, 0.0)
(27.122765, 26.482323, 0.0)
(27.062817, 26.520037, 0.0)
(27.040142, 26.508974, 0.0)
(27.080034, 26.470802, 0.0)
(27.133604, 26.478865, 0.0)
(27.097250, 26.479120, 0.0)
(27.066986, 26.508114, 0.0)
(27.049343, 26.525753, 0.0)
(27.101099, 26.497684, 0.0)
(27.149944, 26.500042, 0.0)
(27.087883, 26.545504, 0.0)
(27.069109, 26.555410, 0.0)
(27.080568, 26.546934, 0.0)
(27.099947, 26.542707, 0.0)
(27.118160, 26.537325, 0.0)
(27.116156, 26.542648, 0.0)
(27.099632, 26.552280, 0.0)
(27.074991, 26.580132, 0.0)
(27.080563, 26.561462, 0.0)
(27.101309, 26.556681, 0.0)
(27.094591, 26.576057, 0.0)
(27.038111, 26.571791, 0.0)
(27.042526, 26.546490, 0.0)
(27.076712, 26.551659, 0.0)
(27.095987, 26.556322, 0.0)
(27.071434, 26.525570, 0.0)
(27.062603, 26.507816, 0.0)
(27.059521, 26.534437, 0.0)
(27.064714, 26.500364, 0.0)
(27.051231, 26.529873, 0.0)
(27.047922, 26.556387, 0.0)
(27.047667, 26.572269, 0.0)
(27.003525, 26.534334, 0.0)
(28.601940, 27.315254, 0.0)
(36.956097, 29.310884, 0.0)
(36.789421, 29.319361, 0.0)
(36.777657, 29.314686, 0.0)
(36.771599, 29.291298, 0.0)
(36.749687, 29.300669, 0.0)
(36.704506, 29.319988, 0.0)
(36.703552, 29.315969, 0.0)
(36.718128, 29.313784, 0.0)
(36.749630, 29.315702, 0.0)
(36.756325, 29.310089, 0.0)
(36.743053, 29.306871, 0.0)
(36.731209, 29.341539, 0.0)
(36.766987, 29.361334, 0.0)
(36.811508, 29.362207, 0.0)
(36.791538, 29.390320, 0.0)
(36.743206, 29.419294, 0.0)
(36.739815, 29.418751, 0.0)
(36.774082, 29.345739, 0.0)
(36.809250, 29.352060, 0.0)
(36.810928, 29.366154, 0.0)
(36.764744, 29.414089, 0.0)
(36.747410, 29.437317, 0.0)
(36.770679, 29.411228, 0.0)
(36.820469, 29.481657, 0.0)
(36.801743, 29.468184, 0.0)
(36.781982, 29.493286, 0.0)
(36.750309, 29.483488, 0.0)
(36.792145, 29.455826, 0.0)
(36.815231, 29.476490, 0.0)
(36.765388, 29.508442, 0.0)
(36.761871, 29.543156, 0.0)
(36.726982, 29.553722, 0.0)
(36.743877, 29.509792, 0.0)
(36.753189, 29.496395, 0.0)
(36.744244, 29.576870, 0.0)
(36.593067, 29.581682, 0.0)
(29.272976, 34.843128, 0.0)
(29.323278, 34.803604, 0.0)
(29.293655, 34.785065, 0.0)
(29.260473, 34.785091, 0.0)
(29.303438, 34.763947, 0.0)
(29.345322, 34.746895, 0.0)
(29.441648, 34.777290, 0.0)
(31.813635, 35.618401, 0.0)
(31.933123, 35.748554, 0.0)
(31.992731, 35.667294, 0.0)
(32.281425, 35.585400, 0.0)
(34.501347, 35.260780, 0.0)
(34.579445, 35.249619, 0.0)
(34.700016, 35.130127, 0.0)
(34.836620, 35.066765, 0.0)
(34.973534, 35.022770, 0.0)
(36.535954, 34.851978, 0.0)
(36.743587, 34.802238, 0.0)
(36.777557, 34.811337, 0.0)
(36.917130, 34.767670, 0.0)
(37.018002, 34.760441, 0.0)
(38.523052, 34.598686, 0.0)
(39.033192, 34.624878, 0.0)
(39.048248, 34.625641, 0.0)
(39.110313, 34.608894, 0.0)
(39.114662, 34.608673, 0.0)
(39.117073, 34.571594, 0.0)
(42.159641, 34.538498, 0.0)
(43.170906, 34.598858, 0.0)
(43.267532, 34.625420, 0.0)
(43.262318, 34.554569, 0.0)
(43.253937, 34.521214, 0.0)
(43.251606, 34.636642, 0.0)
(43.255360, 34.520824, 0.0)
(43.331814, 34.494774, 0.0)
(43.402493, 34.566711, 0.0)
(44.119869, 34.442772, 0.0)
(44.142532, 34.306190, 0.0)
(44.126556, 34.340481, 0.0)
(44.137661, 34.296375, 0.0)
(44.212212, 34.317226, 0.0)
(44.169857, 34.264431, 0.0)
(44.110439, 34.263729, 0.0)
(44.132648, 34.261620, 0.0)
(44.180805, 34.230164, 0.0)
(44.204002, 34.265621, 0.0)
(44.199181, 34.242779, 0.0)
(44.092812, 34.243206, 0.0)
(44.042728, 34.210091, 0.0)
(44.054710, 34.163124, 0.0)
(43.989414, 34.078548, 0.0)
(43.855591, 33.977219, 0.0)
(43.800236, 33.882847, 0.0)
(43.108696, 33.889614, 0.0)
(41.748974, 33.980038, 0.0)
(41.603397, 33.938374, 0.0)
(41.433262, 33.912018, 0.0)
(41.250122, 33.909515, 0.0)
(41.120255, 33.954567, 0.0)
(40.969437, 33.938248, 0.0)
(40.786003, 33.933495, 0.0)
(40.572323, 33.903458, 0.0)
(40.415825, 33.863873, 0.0)
(39.166664, 34.069176, 0.0)
(38.364246, 34.230080, 0.0)
(38.303211, 34.234272, 0.0)
(38.131638, 34.197468, 0.0)
(37.988007, 34.214233, 0.0)
(37.901176, 34.229565, 0.0)
(37.797981, 34.256641, 0.0)
(37.745132, 34.240303, 0.0)
(37.464405, 34.355766, 0.0)
(35.667786, 34.305031, 0.0)
(35.496967, 34.293934, 0.0)
(35.446548, 34.223038, 0.0)
(35.363247, 34.211639, 0.0)
(35.186333, 34.228539, 0.0)
(35.083107, 34.245075, 0.0)
(34.311462, 34.547012, 0.0)
(31.930117, 35.204842, 0.0)
(31.652752, 35.111671, 0.0)
(31.671162, 35.036949, 0.0)
(31.607105, 35.023201, 0.0)
(31.583748, 34.940308, 0.0)
(31.531424, 34.900845, 0.0)
(31.421064, 34.900211, 0.0)
(30.076252, 35.388329, 0.0)
(28.886112, 35.411369, 0.0)
(28.816271, 35.347153, 0.0)
(28.818497, 35.323078, 0.0)
(28.778419, 35.275215, 0.0)
(28.762115, 35.223701, 0.0)
(28.700329, 35.184063, 0.0)
(28.691460, 35.134315, 0.0)
(28.703497, 35.115528, 0.0)
(28.683821, 35.084953, 0.0)
(28.654617, 34.989662, 0.0)
(28.587477, 34.968990, 0.0)
(28.577185, 34.965168, 0.0)
(28.566965, 34.929623, 0.0)
(28.649939, 35.131870, 0.0)
(28.627430, 35.169930, 0.0)
(28.649197, 35.155212, 0.0)
(28.673573, 35.092327, 0.0)
(28.739466, 35.064426, 0.0)
(28.720854, 34.917221, 0.0)
(33.144569, 35.322426, 0.0)
(33.082542, 34.358517, 0.0)
(33.204834, 34.123638, 0.0)
(33.289944, 34.127472, 0.0)
(33.431767, 34.100468, 0.0)
(33.619255, 34.119209, 0.0)
(33.734840, 34.109985, 0.0)
(33.934113, 34.070793, 0.0)
(35.778233, 33.874954, 0.0)
(35.923878, 33.817028, 0.0)
(36.008827, 33.800560, 0.0)
(36.082245, 33.800632, 0.0)
(36.157276, 33.792774, 0.0)
(36.259674, 33.819515, 0.0)
(36.365520, 33.768520, 0.0)
(36.507904, 33.756222, 0.0)
(36.575356, 33.734646, 0.0)
(37.792866, 33.562378, 0.0)
(38.208374, 33.562096, 0.0)
(38.312164, 33.546963, 0.0)
(38.408886, 33.548046, 0.0)
(38.417770, 33.590172, 0.0)
(38.409370, 33.604877, 0.0)
(39.703094, 33.502583, 0.0)
(39.863518, 33.519344, 0.0)
(39.927814, 33.502140, 0.0)
(40.017960, 33.398655, 0.0)
(40.018814, 33.447361, 0.0)
(40.946903, 33.557270, 0.0)
(42.915459, 33.347370, 0.0)
(43.069744, 33.295994, 0.0)
(43.065723, 33.316277, 0.0)
(43.046619, 33.356647, 0.0)
(43.044292, 33.340378, 0.0)
(43.055382, 33.306862, 0.0)
(43.103016, 33.279369, 0.0)
(43.532833, 33.375126, 0.0)
(43.685162, 33.137310, 0.0)
(43.700275, 33.149475, 0.0)
(43.721531, 33.162315, 0.0)
(43.738716, 33.147770, 0.0)
(43.761684, 33.145973, 0.0)
(43.750278, 33.182621, 0.0)
(43.695103, 33.148556, 0.0)
(43.757202, 33.135719, 0.0)
(43.753536, 33.269524, 0.0)
(42.964504, 33.927521, 0.0)
(42.530117, 33.322186, 0.0)
(42.385254, 33.264450, 0.0)
(42.260509, 33.359821, 0.0)
(40.225063, 33.599369, 0.0)
(39.541786, 33.664547, 0.0)
(39.416992, 33.620899, 0.0)
(39.184566, 33.676903, 0.0)
(39.042130, 33.635056, 0.0)
(38.829407, 33.643944, 0.0)
(38.673775, 33.644825, 0.0)
(38.559784, 33.620258, 0.0)
(38.473537, 33.586792, 0.0)
(38.284992, 33.523655, 0.0)
(38.099327, 33.524181, 0.0)
(38.046478, 33.473064, 0.0)
(37.892017, 33.464233, 0.0)
(37.671555, 33.468597, 0.0)
(37.571064, 33.485176, 0.0)
(36.006828, 33.263893, 0.0)
(35.571365, 33.195751, 0.0)
(35.448696, 33.194157, 0.0)
(35.287857, 33.185474, 0.0)
(35.176704, 33.200909, 0.0)
(35.005058, 33.226917, 0.0)
(34.923832, 33.292049, 0.0)
(32.959274, 33.593170, 0.0)
(32.401413, 33.711395, 0.0)
(32.268501, 33.696365, 0.0)
(32.197598, 33.678268, 0.0)
(32.117546, 33.658772, 0.0)
(32.063274, 33.680668, 0.0)
(29.409500, 34.386909, 0.0)
(28.642063, 34.339512, 0.0)
(28.586401, 34.251072, 0.0)
(28.577112, 34.220295, 0.0)
(28.560280, 34.226196, 0.0)
(28.559164, 34.243286, 0.0)
(28.513618, 34.289135, 0.0)
(28.455242, 34.239391, 0.0)
(28.456013, 34.223438, 0.0)
(28.463173, 34.198841, 0.0)
(28.421255, 34.134758, 0.0)
(28.365582, 34.095482, 0.0)
(28.310432, 34.145775, 0.0)
(28.223438, 33.980434, 0.0)
(28.164217, 33.732365, 0.0)
(28.297764, 33.777210, 0.0)
(28.340197, 33.746250, 0.0)
(28.371683, 33.726715, 0.0)
(28.399740, 33.750721, 0.0)
(28.405762, 33.692787, 0.0)
(29.120090, 33.574486, 0.0)
(32.046707, 33.657516, 0.0)
(32.027145, 33.711887, 0.0)
(32.032513, 33.643101, 0.0)
(32.157433, 33.582973, 0.0)
(32.287788, 33.556137, 0.0)
(32.423073, 33.558102, 0.0)
(32.526379, 33.544025, 0.0)
(32.653233, 33.538708, 0.0)
(32.760849, 33.557007, 0.0)
(34.459042, 33.065857, 0.0)
(34.654827, 33.031586, 0.0)
(34.797607, 32.998924, 0.0)
(34.874352, 32.965481, 0.0)
(35.025490, 32.877407, 0.0)
(36.032585, 32.722340, 0.0)
(36.790283, 32.657696, 0.0)
(36.797844, 32.691719, 0.0)
(36.895691, 32.670776, 0.0)
(37.009884, 32.620441, 0.0)
(38.339848, 32.605049, 0.0)
(39.682728, 32.613552, 0.0)
(39.726467, 32.575874, 0.0)
(39.732651, 32.531982, 0.0)
(39.757866, 32.490795, 0.0)
(39.853069, 32.528381, 0.0)
(39.895107, 32.540337, 0.0)
(40.049141, 32.558147, 0.0)
(43.097683, 32.817928, 0.0)
(43.361103, 32.625977, 0.0)
(43.382744, 32.618763, 0.0)
(43.377666, 32.614788, 0.0)
(43.354889, 32.586460, 0.0)
(43.336044, 32.564587, 0.0)
(43.356609, 32.534153, 0.0)
(43.381126, 32.562939, 0.0)
(43.378162, 32.631176, 0.0)
(43.368683, 32.597740, 0.0)
(43.366623, 32.571571, 0.0)
(43.381912, 32.540382, 0.0)
(43.405540, 32.531315, 0.0)
(43.430248, 32.498737, 0.0)
(43.423420, 32.538719, 0.0)
(43.395432, 32.565392, 0.0)
(43.364731, 32.518410, 0.0)
(43.458721, 33.147816, 0.0)
(43.199348, 32.075493, 0.0)
(43.121948, 31.968912, 0.0)
(43.022709, 32.026703, 0.0)
(42.884861, 31.995010, 0.0)
(42.659302, 32.048344, 0.0)
(42.484211, 32.093964, 0.0)
(41.762039, 32.189972, 0.0)
(40.972839, 32.213730, 0.0)
(40.781124, 32.193577, 0.0)
(40.561554, 32.150093, 0.0)
(40.364861, 32.122746, 0.0)
(40.192108, 32.065090, 0.0)
(40.002232, 32.023426, 0.0)
(39.798691, 32.004173, 0.0)
(39.649170, 31.965660, 0.0)
(39.484783, 31.941391, 0.0)
(39.365021, 31.906878, 0.0)
(39.223694, 31.886951, 0.0)
(37.658138, 32.076569, 0.0)
(36.811607, 32.045921, 0.0)
(36.676086, 32.052422, 0.0)
(36.537281, 32.037655, 0.0)
(36.379658, 32.032913, 0.0)
(35.675201, 32.229778, 0.0)
(31.875872, 33.167675, 0.0)
(31.495232, 33.207790, 0.0)
(31.366217, 33.210152, 0.0)
(31.274363, 33.151573, 0.0)
(31.201460, 33.095860, 0.0)
(31.142681, 33.135952, 0.0)
(31.122669, 33.129082, 0.0)
(31.131748, 33.129280, 0.0)
(31.089373, 33.145721, 0.0)
(31.014482, 33.149712, 0.0)
(30.948214, 33.094429, 0.0)
(30.914267, 33.108727, 0.0)
(30.839443, 33.102325, 0.0)
(30.659023, 33.119068, 0.0)
(28.715363, 33.604702, 0.0)
(28.012211, 33.676884, 0.0)
(27.973284, 33.629025, 0.0)
(27.979313, 33.546757, 0.0)
(27.964397, 33.526279, 0.0)
(27.933998, 33.554604, 0.0)
(27.876083, 33.728817, 0.0)
(27.824594, 33.977650, 0.0)
(27.818712, 33.577099, 0.0)
(27.824230, 33.347881, 0.0)
(27.841576, 33.366577, 0.0)
(27.836687, 33.454189, 0.0)
(27.861500, 33.554691, 0.0)
(27.890585, 33.593338, 0.0)
(27.910397, 33.547153, 0.0)
(27.840158, 33.731625, 0.0)
(31.449265, 33.511295, 0.0)
(32.104881, 32.606503, 0.0)
(32.206158, 32.341949, 0.0)
(32.367489, 32.401447, 0.0)
(32.507748, 32.363880, 0.0)
(32.636181, 32.312904, 0.0)
(32.734299, 32.250835, 0.0)
(32.837345, 32.229671, 0.0)
(32.979851, 32.250813, 0.0)
(33.051716, 32.235806, 0.0)
(33.720348, 32.100746, 0.0)
(35.013569, 31.824980, 0.0)
(35.168015, 31.825642, 0.0)
(35.348961, 31.793375, 0.0)
(35.491425, 31.852205, 0.0)
(35.609894, 31.814814, 0.0)
(35.717476, 31.821327, 0.0)
(35.862003, 31.852308, 0.0)
(36.012318, 31.917181, 0.0)
(36.146435, 31.958467, 0.0)
(37.023861, 31.887180, 0.0)
(37.518127, 31.848434, 0.0)
(37.632339, 31.840441, 0.0)
(37.715080, 31.902102, 0.0)
(37.817745, 32.047348, 0.0)
(37.878574, 32.122242, 0.0)
(38.596832, 32.223679, 0.0)
(39.681873, 32.214878, 0.0)
(39.833195, 32.208385, 0.0)
(39.883591, 32.126556, 0.0)
(41.939796, 32.419739, 0.0)
(42.844078, 32.313431, 0.0)
(42.912319, 32.270802, 0.0)
(42.875076, 32.267021, 0.0)
(42.838482, 32.288361, 0.0)
(42.890419, 32.338135, 0.0)
(42.965866, 32.361134, 0.0)
(43.004681, 32.342403, 0.0)
(43.016880, 32.297024, 0.0)
(43.685883, 32.264172, 0.0)
(43.759552, 32.191067, 0.0)
(43.821312, 32.140862, 0.0)
(43.893085, 32.141617, 0.0)
(43.868446, 32.116005, 0.0)
(43.824661, 32.071064, 0.0)
(43.853958, 32.046867, 0.0)
(43.891354, 32.055393, 0.0)
(43.839828, 32.030117, 0.0)
(43.781044, 31.953661, 0.0)
(43.744846, 31.824642, 0.0)
(43.736008, 31.806816, 0.0)
(43.896599, 32.069721, 0.0)
(43.709946, 31.763184, 0.0)
(43.481339, 31.558554, 0.0)
(41.940186, 31.161650, 0.0)
(41.828770, 31.083380, 0.0)
(41.731110, 31.053837, 0.0)
(41.456070, 31.027967, 0.0)
(41.207607, 31.014751, 0.0)
(40.897400, 30.926090, 0.0)
(40.705769, 30.914459, 0.0)
(38.978683, 30.734375, 0.0)
(38.759647, 30.784286, 0.0)
(38.501328, 30.815903, 0.0)
(38.249249, 30.843626, 0.0)
(38.128052, 30.792013, 0.0)
(37.940250, 30.771725, 0.0)
(37.700741, 30.782549, 0.0)
(36.150364, 31.020285, 0.0)
(34.264420, 31.258307, 0.0)
(34.094601, 31.237732, 0.0)
(33.977066, 31.339148, 0.0)
(33.797207, 31.355387, 0.0)
(33.699184, 31.385075, 0.0)
(33.608036, 31.404730, 0.0)
(31.379745, 32.421116, 0.0)
(29.401793, 32.492767, 0.0)
(29.304682, 32.442009, 0.0)
(29.264595, 32.398777, 0.0)
(29.265659, 32.422180, 0.0)
(29.282061, 32.378918, 0.0)
(29.226851, 32.420395, 0.0)
(29.198931, 32.478443, 0.0)
(29.141729, 32.480621, 0.0)
(29.178658, 32.521236, 0.0)
(29.150734, 32.530704, 0.0)
(29.022348, 32.480522, 0.0)
(28.918444, 32.495029, 0.0)
(28.889406, 32.498398, 0.0)
(28.310699, 32.598335, 0.0)
(28.126400, 32.369232, 0.0)
(28.086267, 32.433456, 0.0)
(28.043116, 32.443077, 0.0)
(28.009237, 32.431763, 0.0)
(27.972872, 32.471554, 0.0)
(27.906837, 32.479927, 0.0)
(27.867119, 32.479744, 0.0)
(27.851980, 32.462975, 0.0)
(27.883053, 32.402176, 0.0)
(27.874313, 32.386124, 0.0)
(27.861166, 32.329529, 0.0)
(27.916784, 32.282452, 0.0)
(27.920361, 32.616020, 0.0)
(28.983177, 33.897591, 0.0)
(29.096460, 32.224575, 0.0)
(29.037523, 31.674776, 0.0)
(29.153999, 31.506365, 0.0)
(29.392788, 31.525412, 0.0)
(30.470430, 31.218409, 0.0)
(32.419632, 31.000919, 0.0)
(32.497437, 31.009224, 0.0)
(32.662548, 30.944769, 0.0)
(32.793159, 30.877558, 0.0)
(32.895901, 30.887032, 0.0)
(34.266026, 30.714684, 0.0)
(37.144154, 30.568995, 0.0)
(37.253105, 30.559902, 0.0)
(37.284863, 30.568552, 0.0)
(37.327206, 30.570784, 0.0)
(37.352856, 30.596085, 0.0)
(37.436096, 30.602144, 0.0)
(37.525230, 30.628355, 0.0)
(37.596550, 30.617481, 0.0)
(37.659046, 30.617317, 0.0)
(37.700947, 30.657681, 0.0)
(37.868645, 30.614456, 0.0)
(37.923962, 30.686680, 0.0)
(37.940582, 30.706758, 0.0)
(39.997452, 30.961668, 0.0)
(40.629089, 31.002995, 0.0)
(40.715488, 30.956131, 0.0)
(40.712307, 30.927311, 0.0)
(40.706478, 30.895248, 0.0)
(40.745552, 30.884836, 0.0)
(40.772179, 30.899160, 0.0)
(42.993904, 31.262959, 0.0)
(43.458118, 31.017794, 0.0)
(43.416023, 31.009884, 0.0)
(43.409824, 31.005758, 0.0)
(43.464836, 31.026777, 0.0)
(43.469009, 31.069653, 0.0)
(43.430126, 31.066063, 0.0)
(43.410267, 31.051714, 0.0)
(43.432812, 31.020702, 0.0)
(43.501415, 31.072756, 0.0)
(43.510300, 31.142801, 0.0)
(43.844509, 31.014982, 0.0)
(43.897438, 30.980455, 0.0)
(43.898266, 30.992411, 0.0)
(43.916420, 30.956797, 0.0)
(43.899910, 30.947369, 0.0)
(43.840534, 30.812834, 0.0)
(43.795963, 30.743320, 0.0)
(43.768234, 30.678150, 0.0)
(43.725262, 30.634460, 0.0)
(43.609535, 30.634104, 0.0)
(42.961075, 30.357611, 0.0)
(42.922199, 30.240229, 0.0)
(42.878036, 30.200769, 0.0)
(42.766846, 30.195133, 0.0)
(42.584190, 30.183018, 0.0)
(41.067177, 30.089832, 0.0)
(40.951614, 30.063959, 0.0)
(40.849201, 30.019783, 0.0)
(40.606117, 29.992170, 0.0)
(40.402447, 29.930544, 0.0)
(40.240097, 29.901546, 0.0)
(40.073170, 29.861889, 0.0)
(39.880535, 29.843981, 0.0)
(38.914871, 29.839798, 0.0)
(38.471542, 29.791401, 0.0)
(38.288418, 29.794483, 0.0)
(38.037216, 29.789909, 0.0)
(37.811275, 29.828817, 0.0)
(37.538414, 29.808121, 0.0)
(37.392418, 29.803818, 0.0)
(37.170212, 29.802141, 0.0)
(36.917183, 29.837633, 0.0)
(36.660793, 29.858967, 0.0)
(34.399952, 30.215445, 0.0)
(34.178547, 30.222221, 0.0)
(34.072208, 30.207062, 0.0)
(33.831692, 30.261873, 0.0)
(33.549633, 30.276669, 0.0)
(33.370388, 30.314774, 0.0)
(33.222652, 30.333099, 0.0)
(33.044846, 30.401148, 0.0)
(32.847454, 30.403156, 0.0)
(31.972540, 30.826582, 0.0)
(29.691874, 31.185999, 0.0)
(29.589085, 31.163704, 0.0)
(29.539764, 31.119629, 0.0)
(29.402714, 31.114492, 0.0)
(29.245163, 31.068991, 0.0)
(28.613846, 31.562393, 0.0)
(28.038858, 31.707657, 0.0)
(27.965412, 31.667070, 0.0)
(27.930187, 31.631067, 0.0)
(27.890678, 31.571024, 0.0)
(27.910332, 31.517490, 0.0)
(27.924126, 31.517849, 0.0)
(27.900751, 31.520044, 0.0)
(27.847006, 31.547375, 0.0)
(27.832775, 31.516335, 0.0)
(27.902813, 31.463261, 0.0)
(27.950991, 31.458521, 0.0)
(28.017464, 31.512035, 0.0)
(27.984407, 31.481646, 0.0)
(28.008204, 31.375257, 0.0)
(28.133999, 31.346216, 0.0)
(28.265121, 31.328619, 0.0)
(29.885704, 30.618084, 0.0)
(30.107773, 30.536785, 0.0)
(30.232449, 30.526623, 0.0)
(30.422737, 30.450209, 0.0)
(30.526531, 30.361370, 0.0)
(31.938763, 30.049189, 0.0)
(32.191956, 29.984581, 0.0)
(32.241707, 30.011965, 0.0)
(32.423061, 29.963154, 0.0)
(32.556583, 29.885353, 0.0)
(34.266842, 29.703005, 0.0)
(35.035900, 29.464220, 0.0)
(35.137974, 29.462296, 0.0)
(35.299454, 29.426041, 0.0)
(35.426643, 29.414457, 0.0)
(35.550316, 29.395006, 0.0)
(35.632431, 29.344200, 0.0)
(35.676624, 29.338478, 0.0)
(35.787552, 29.352924, 0.0)
(37.814438, 29.296419, 0.0)
(38.166954, 29.279449, 0.0)
(38.243813, 29.270241, 0.0)
(38.354851, 29.303425, 0.0)
(38.405067, 29.292307, 0.0)
(38.420326, 29.313496, 0.0)
(38.913082, 29.395144, 0.0)
(41.469036, 29.669106, 0.0)
(41.702106, 29.637918, 0.0)
(41.692966, 29.708212, 0.0)
(41.672729, 29.696980, 0.0)
(41.690857, 29.669262, 0.0)
(41.738392, 29.654377, 0.0)
(41.785149, 29.697937, 0.0)
(41.757290, 29.689888, 0.0)
(41.997246, 29.816677, 0.0)
(43.153072, 29.868567, 0.0)
(43.249992, 29.851919, 0.0)
(43.280361, 29.833233, 0.0)
(43.294437, 29.818251, 0.0)
(43.282063, 29.819725, 0.0)
(43.278309, 29.739475, 0.0)
(43.307011, 29.695877, 0.0)
(43.317921, 29.731539, 0.0)
(43.302059, 29.780703, 0.0)
(43.540188, 29.524723, 0.0)
(43.311195, 29.582588, 0.0)
(43.121284, 29.021721, 0.0)
(43.089935, 29.113808, 0.0)
(43.029877, 29.126413, 0.0)
(42.896427, 29.105392, 0.0)
(42.689640, 29.084219, 0.0)
(42.568161, 28.999865, 0.0)
(41.589527, 29.055950, 0.0)
(41.289146, 29.042273, 0.0)
(41.165478, 29.066639, 0.0)
(40.973518, 29.022312, 0.0)
(40.763870, 29.023344, 0.0)
(40.559738, 28.884556, 0.0)
(40.397503, 28.900389, 0.0)
(40.184185, 28.875763, 0.0)
(39.470169, 28.913214, 0.0)
(38.636051, 28.797176, 0.0)
(38.472267, 28.836107, 0.0)
(38.249367, 28.781755, 0.0)
(38.050503, 28.778595, 0.0)
(36.699310, 28.974951, 0.0)
(36.254333, 28.882866, 0.0)
(36.198082, 28.864735, 0.0)
(36.022175, 28.914200, 0.0)
(35.850780, 28.964800, 0.0)
(35.701557, 28.982872, 0.0)
(35.558437, 29.026983, 0.0)
(35.425091, 29.067318, 0.0)
(33.495060, 29.376179, 0.0)
(32.749470, 29.489740, 0.0)
(32.609898, 29.537945, 0.0)
(32.446674, 29.532545, 0.0)
(32.336952, 29.559366, 0.0)
(32.098152, 29.648630, 0.0)
(30.149002, 30.248367, 0.0)
(29.697985, 30.374233, 0.0)
(29.638107, 30.398289, 0.0)
(29.493612, 30.436781, 0.0)
(29.390493, 30.463194, 0.0)
(29.268381, 30.444925, 0.0)
(29.171350, 30.459932, 0.0)
(28.814802, 30.752378, 0.0)
(27.906225, 31.050949, 0.0)
(27.803774, 31.058723, 0.0)
(27.726931, 31.053783, 0.0)
(27.702347, 31.067844, 0.0)
(27.719610, 31.054644, 0.0)
(27.694019, 31.056793, 0.0)
(27.671076, 31.048471, 0.0)
(27.535635, 31.057493, 0.0)
(27.499954, 31.004400, 0.0)
(27.539293, 30.975063, 0.0)
(27.561340, 30.998438, 0.0)
(27.825792, 32.447746, 0.0)
(29.538916, 30.749195, 0.0)
(29.898132, 29.808949, 0.0)
(30.118763, 29.550146, 0.0)
(30.403606, 29.562786, 0.0)
(30.603149, 29.524403, 0.0)
(30.772991, 29.554163, 0.0)
(32.139381, 29.294296, 0.0)
(32.304253, 29.200186, 0.0)
(32.458767, 29.180351, 0.0)
(32.608257, 29.141323, 0.0)
(32.690662, 29.101259, 0.0)
(32.767109, 29.065334, 0.0)
(32.817959, 29.106808, 0.0)
(32.968925, 29.079195, 0.0)
(34.333057, 28.665733, 0.0)
(34.517673, 28.664684, 0.0)
(34.548077, 28.669325, 0.0)
(34.697750, 28.660976, 0.0)
(34.879562, 28.687567, 0.0)
(36.416557, 28.513103, 0.0)
(36.566814, 28.472912, 0.0)
(36.589207, 28.486973, 0.0)
(36.654789, 28.513807, 0.0)
(36.760551, 28.529091, 0.0)
(38.637222, 28.678175, 0.0)
(39.934032, 28.858330, 0.0)
(39.984180, 28.927332, 0.0)
(39.991516, 28.876568, 0.0)
(40.038635, 28.809389, 0.0)
(40.074986, 28.838991, 0.0)
(40.431343, 28.883904, 0.0)
(42.893768, 29.387592, 0.0)
(43.078709, 29.367853, 0.0)
(43.076763, 29.356506, 0.0)
(43.053558, 29.400511, 0.0)
(43.022728, 29.441759, 0.0)
(43.045830, 29.354038, 0.0)
(43.049667, 29.331896, 0.0)
(43.082901, 29.343420, 0.0)
(43.052475, 29.331997, 0.0)
(43.080887, 29.325762, 0.0)
(43.117802, 29.328791, 0.0)
(43.242458, 29.362637, 0.0)
(43.472652, 29.220419, 0.0)
(43.498501, 29.235868, 0.0)
(43.504768, 29.248472, 0.0)
(43.488842, 29.217161, 0.0)
(43.457264, 29.192249, 0.0)
(43.434746, 29.008472, 0.0)
(43.282269, 28.541410, 0.0)
(43.232040, 28.531429, 0.0)
(43.117664, 28.510223, 0.0)
(43.026165, 28.512596, 0.0)
(42.947998, 28.443186, 0.0)
(42.789124, 28.366341, 0.0)
(41.346432, 28.323122, 0.0)
(41.188843, 28.331347, 0.0)
(41.022480, 28.258165, 0.0)
(40.715080, 28.203817, 0.0)
(40.427586, 28.074295, 0.0)
(40.070568, 27.999495, 0.0)
(39.707130, 27.937799, 0.0)
(39.514084, 27.878551, 0.0)
(37.928619, 27.895521, 0.0)
(37.516109, 27.798176, 0.0)
(37.327442, 27.774155, 0.0)
(37.085781, 27.759523, 0.0)
(36.983955, 27.814474, 0.0)
(36.754898, 27.861881, 0.0)
(36.543034, 27.878181, 0.0)
(36.366276, 27.924433, 0.0)
(35.120159, 28.216745, 0.0)
(34.402210, 28.054575, 0.0)
(34.285267, 28.056986, 0.0)
(34.124249, 28.134394, 0.0)
(33.951721, 28.115683, 0.0)
(33.806442, 28.116009, 0.0)
(33.615402, 28.169424, 0.0)
(33.487686, 28.146845, 0.0)
(33.276527, 28.169167, 0.0)
(33.163300, 28.230453, 0.0)
(31.419872, 28.838923, 0.0)
(30.990587, 28.900896, 0.0)
(30.849585, 28.893785, 0.0)
(30.641624, 28.970535, 0.0)
(30.447500, 28.959568, 0.0)
(29.641237, 29.360966, 0.0)
(28.196383, 29.742094, 0.0)
(28.134283, 29.731472, 0.0)
(28.016037, 29.718496, 0.0)
(27.963301, 29.710476, 0.0)
(27.959187, 29.713713, 0.0)
(27.913671, 29.691593, 0.0)
(27.822803, 29.689039, 0.0)
(27.715244, 29.700663, 0.0)
(27.756413, 29.682028, 0.0)
(27.765343, 29.680971, 0.0)
(27.752531, 29.664999, 0.0)
(27.785976, 29.609989, 0.0)
(27.808453, 29.605928, 0.0)
(27.962687, 30.358252, 0.0)
(28.821375, 30.328342, 0.0)
(29.359268, 28.876190, 0.0)
(29.697618, 28.388990, 0.0)
(29.887238, 28.392984, 0.0)
(30.064123, 28.360680, 0.0)
(30.246557, 28.288671, 0.0)
(30.602627, 28.249790, 0.0)
(31.848244, 28.036659, 0.0)
(32.082916, 28.005304, 0.0)
(32.275410, 27.983118, 0.0)
(32.390335, 27.963131, 0.0)
(32.537663, 27.959206, 0.0)
(32.677944, 27.899218, 0.0)
(32.780197, 27.857574, 0.0)
(32.883488, 27.922346, 0.0)
(34.263580, 27.599892, 0.0)
(34.513069, 27.542753, 0.0)
(34.617310, 27.536156, 0.0)
(34.723186, 27.550318, 0.0)
(35.032818, 27.500496, 0.0)
(36.774967, 27.382778, 0.0)
(36.999157, 27.371557, 0.0)
(37.038998, 27.382666, 0.0)
(37.121052, 27.396080, 0.0)
(37.168392, 27.420538, 0.0)
(37.573551, 27.453665, 0.0)
(40.282429, 27.746237, 0.0)
(40.518620, 27.780415, 0.0)
(40.457783, 27.813015, 0.0)
(40.461857, 27.806629, 0.0)
(40.532074, 27.769503, 0.0)
(40.617462, 27.796831, 0.0)
(40.622822, 27.807476, 0.0)
(41.328011, 27.996212, 0.0)
(42.637775, 28.094334, 0.0)
(42.735165, 28.042604, 0.0)
(42.736031, 28.064835, 0.0)
(42.740250, 28.069658, 0.0)
(42.689121, 28.063375, 0.0)
(42.724083, 28.077723, 0.0)
(42.773216, 28.088007, 0.0)
(43.083923, 28.065516, 0.0)
(43.181801, 27.798250, 0.0)
(43.149906, 27.785397, 0.0)
(43.217518, 27.835009, 0.0)
(43.180546, 27.783623, 0.0)
(43.176098, 27.783934, 0.0)
(43.165298, 27.794346, 0.0)
(43.111992, 27.736931, 0.0)
(43.114067, 27.675196, 0.0)
(43.059566, 27.683184, 0.0)
(42.897457, 27.645185, 0.0)
(42.857716, 27.593494, 0.0)
(42.713638, 27.511732, 0.0)
(41.607502, 27.944916, 0.0)
(39.753407, 28.356922, 0.0)
(39.380322, 27.352657, 0.0)
(39.114586, 26.932428, 0.0)
(38.840336, 26.942928, 0.0)
(38.638874, 26.930935, 0.0)
(38.406551, 26.958689, 0.0)
(38.191677, 26.988409, 0.0)
(38.478577, 27.073315, 0.0)
(38.526623, 27.065863, 0.0)
(38.245342, 27.053276, 0.0)
(38.053444, 26.982931, 0.0)
(37.845085, 27.033430, 0.0)
(37.553257, 27.013477, 0.0)
(37.343952, 26.954479, 0.0)
(36.010349, 27.005219, 0.0)
(35.462933, 26.902592, 0.0)
(35.344955, 26.894157, 0.0)
(35.175297, 26.907467, 0.0)
(34.645943, 26.890884, 0.0)
(31.563488, 27.595808, 0.0)
(30.934929, 27.781647, 0.0)
(30.754173, 27.826189, 0.0)
(30.592192, 27.829884, 0.0)
(30.471804, 27.880495, 0.0)
(30.391014, 27.932253, 0.0)
(30.388681, 27.968212, 0.0)
(29.553295, 28.406513, 0.0)
(28.323109, 28.667479, 0.0)
(28.250193, 28.632521, 0.0)
(28.278751, 28.616732, 0.0)
(28.284086, 28.643707, 0.0)
(28.212093, 28.615681, 0.0)
(28.105011, 28.675455, 0.0)
(28.090155, 28.687580, 0.0)
(28.055622, 28.728012, 0.0)
(28.011086, 28.740265, 0.0)
(27.929972, 28.708023, 0.0)
(27.370953, 28.801443, 0.0)
(27.318676, 28.658232, 0.0)
(27.379896, 28.525488, 0.0)
(27.385136, 28.525589, 0.0)
(27.291685, 28.546640, 0.0)
(27.324036, 28.500576, 0.0)
(27.436644, 28.447218, 0.0)
(27.481136, 28.451208, 0.0)
(27.519882, 28.402008, 0.0)
(27.606880, 28.354311, 0.0)
(27.684526, 28.258875, 0.0)
(29.204809, 27.539497, 0.0)
(29.764698, 27.390184, 0.0)
(29.820124, 27.395102, 0.0)
(29.982653, 27.411552, 0.0)
(30.141649, 27.350788, 0.0)
(30.919519, 27.170414, 0.0)
(32.794941, 26.551411, 0.0)
(32.910339, 26.535770, 0.0)
(33.031910, 26.461126, 0.0)
(33.236698, 26.415232, 0.0)
(33.315121, 26.402391, 0.0)
(33.427860, 26.416859, 0.0)
(33.490192, 26.429852, 0.0)
(33.616684, 26.430252, 0.0)
(33.820023, 26.442062, 0.0)
(33.923908, 26.432472, 0.0)
(35.029736, 26.428026, 0.0)
(35.444519, 26.443047, 0.0)
(35.573200, 26.415728, 0.0)
(35.760769, 26.400618, 0.0)
(35.820507, 26.398005, 0.0)
(36.094044, 26.390024, 0.0)
(38.024605, 26.281536, 0.0)
(38.258862, 26.280636, 0.0)
(38.285225, 26.332781, 0.0)
(38.322411, 26.349493, 0.0)
(38.365932, 26.352591, 0.0)
(38.484280, 26.362913, 0.0)
(38.554455, 26.344992, 0.0)
(39.905426, 26.629065, 0.0)
(40.344540, 26.657421, 0.0)
(40.353149, 26.691534, 0.0)
(40.396542, 26.731062, 0.0)
(40.465164, 26.775297, 0.0)
(41.910408, 27.238661, 0.0)
(42.513882, 27.212887, 0.0)
(42.589668, 27.225681, 0.0)
(42.627167, 27.157309, 0.0)
(42.636417, 27.159874, 0.0)
(42.629086, 27.204298, 0.0)
(42.637493, 27.267443, 0.0)
(42.638985, 27.244484, 0.0)
(42.979126, 27.273504, 0.0)
(43.051117, 27.262526, 0.0)
(43.050201, 27.279846, 0.0)
(43.064877, 27.293308, 0.0)
(43.128700, 27.352327, 0.0)
(43.144936, 27.337584, 0.0)
(43.065090, 27.309698, 0.0)
(42.972309, 27.238632, 0.0)
(42.198418, 27.543783, 0.0)
(41.549458, 26.812777, 0.0)
(41.285007, 26.557665, 0.0)
(41.132271, 26.535313, 0.0)
(40.901001, 26.529284, 0.0)
(40.642345, 26.459814, 0.0)
(40.370136, 26.406437, 0.0)
(40.069942, 26.297058, 0.0)
(39.775200, 26.247877, 0.0)
(39.437061, 26.185553, 0.0)
(39.122124, 26.077944, 0.0)
(37.307610, 25.986008, 0.0)
(36.253330, 25.812086, 0.0)
(35.989128, 25.766985, 0.0)
(35.722923, 25.748297, 0.0)
(35.546852, 25.749390, 0.0)
(35.341042, 25.744274, 0.0)
(35.172230, 25.795475, 0.0)
(35.022789, 25.876923, 0.0)
(34.706226, 25.890398, 0.0)
(34.477619, 25.940159, 0.0)
(34.210835, 25.963530, 0.0)
(34.011593, 25.999792, 0.0)
(33.521694, 26.172390, 0.0)
(30.466904, 26.835222, 0.0)
(30.273525, 26.789064, 0.0)
(30.238794, 26.791197, 0.0)
(30.120043, 26.822720, 0.0)
(30.034538, 26.843708, 0.0)
(29.921644, 26.890133, 0.0)
(29.882116, 26.925228, 0.0)
(29.826471, 26.967768, 0.0)
(28.882191, 27.456238, 0.0)
(27.691059, 27.655973, 0.0)
(27.653793, 27.648340, 0.0)
(27.694859, 27.655548, 0.0)
(27.671774, 27.657795, 0.0)
(27.588017, 27.607843, 0.0)
(27.491179, 27.607323, 0.0)
(27.494495, 27.620750, 0.0)
(27.519140, 27.645384, 0.0)
(27.512564, 27.657457, 0.0)
(27.352861, 27.723192, 0.0)
(27.111544, 27.603046, 0.0)
(27.056084, 27.555122, 0.0)
(27.051632, 27.561491, 0.0)
(27.054054, 27.780794, 0.0)
(28.176699, 28.904634, 0.0)
(28.321859, 27.473427, 0.0)
(28.337048, 26.914467, 0.0)
(28.482319, 26.889801, 0.0)
(28.644978, 26.815474, 0.0)
(28.790461, 26.659121, 0.0)
(30.351389, 26.144745, 0.0)
(30.724148, 26.066824, 0.0)
(30.831032, 26.064898, 0.0)
(31.027634, 26.077446, 0.0)
(31.124578, 26.108215, 0.0)
(31.251654, 26.120462, 0.0)
(31.374748, 26.111956, 0.0)
(31.459108, 26.156521, 0.0)
(34.080711, 25.624329, 0.0)
(34.416634, 25.647079, 0.0)
(34.418922, 25.644297, 0.0)
(34.535057, 25.605141, 0.0)
(34.686474, 25.567320, 0.0)
(34.736256, 25.547512, 0.0)
(34.730221, 25.616726, 0.0)
(36.346512, 26.822592, 0.0)
(40.141308, 27.237309, 0.0)
(40.094971, 26.276262, 0.0)
(40.176712, 25.738094, 0.0)
(40.202065, 25.698038, 0.0)
(40.203827, 25.726070, 0.0)
(40.261597, 25.800045, 0.0)
(40.356140, 25.857296, 0.0)
(40.357895, 25.869942, 0.0)
(40.382275, 25.920000, 0.0)
(40.409969, 25.841764, 0.0)
(40.460430, 25.904173, 0.0)
(41.058640, 26.050417, 0.0)
(42.227795, 26.163456, 0.0)
(42.330967, 26.219368, 0.0)
(42.309208, 26.176382, 0.0)
(42.334591, 26.158751, 0.0)
(42.350189, 26.135906, 0.0)
(42.376663, 26.174358, 0.0)
(42.505695, 26.228895, 0.0)
(43.009369, 26.323606, 0.0)
(43.058743, 26.338987, 0.0)
(43.079807, 26.376905, 0.0)
(43.053890, 26.346823, 0.0)
(43.024967, 26.337952, 0.0)
(43.066742, 26.353119, 0.0)
(43.089169, 26.357630, 0.0)
(43.027409, 26.362284, 0.0)
(42.980984, 26.390486, 0.0)
(42.976833, 26.473282, 0.0)
(39.445393, 26.279776, 0.0)
(38.315018, 25.455479, 0.0)
(38.086910, 25.222050, 0.0)
(38.013191, 25.221918, 0.0)
(37.804440, 25.225607, 0.0)
(37.636868, 25.187798, 0.0)
(37.456886, 25.179884, 0.0)
(37.238228, 25.245501, 0.0)
(37.029037, 25.320381, 0.0)
(36.826283, 25.297016, 0.0)
(36.641136, 25.283285, 0.0)
(36.512436, 25.342060, 0.0)
(36.392811, 25.331530, 0.0)
(36.209328, 25.305378, 0.0)
(36.034439, 25.294287, 0.0)
(35.942371, 25.289320, 0.0)
(35.814934, 25.320665, 0.0)
(35.581829, 25.304752, 0.0)
(35.296032, 25.343548, 0.0)
(34.250927, 25.235447, 0.0)
(34.006683, 25.215643, 0.0)
(33.860844, 25.240698, 0.0)
(33.718159, 25.229830, 0.0)
(33.518673, 25.288122, 0.0)
(33.403332, 25.298838, 0.0)
(31.769331, 25.880035, 0.0)
(29.333412, 26.514830, 0.0)
(29.159494, 26.540739, 0.0)
(29.120358, 26.530165, 0.0)
(29.053452, 26.549725, 0.0)
(29.022686, 26.558083, 0.0)
(28.931009, 26.552494, 0.0)
(28.824940, 26.573584, 0.0)
(28.759954, 26.605232, 0.0)
(27.834272, 27.009050, 0.0)
(27.304562, 27.151867, 0.0)
(27.239590, 27.183359, 0.0)
(27.216974, 27.214022, 0.0)
(27.214573, 27.220512, 0.0)
(27.233757, 27.219076, 0.0)
(27.243341, 27.177074, 0.0)
(27.187365, 27.207363, 0.0)
(27.135128, 27.181787, 0.0)
(27.218750, 27.151443, 0.0)
(27.274450, 27.162872, 0.0)
(27.254572, 27.148035, 0.0)
(27.245541, 27.104921, 0.0)
(27.723175, 28.670509, 0.0)
(30.781689, 27.588964, 0.0)
(31.445391, 26.095142, 0.0)
(32.515312, 25.269587, 0.0)
(33.128231, 25.265306, 0.0)
(33.353683, 25.328568, 0.0)
(33.449982, 25.388691, 0.0)
(33.479294, 25.384853, 0.0)
(33.547779, 25.337248, 0.0)
(33.678188, 25.320879, 0.0)
(33.738033, 25.347256, 0.0)
(33.762257, 25.329815, 0.0)
(33.793251, 25.308409, 0.0)
(33.695145, 25.377825, 0.0)
(33.491871, 25.165205, 0.0)
(33.595673, 25.149508, 0.0)
(33.640320, 25.156029, 0.0)
(33.679626, 25.148577, 0.0)
(33.769844, 25.082609, 0.0)
(33.818012, 25.044197, 0.0)
(35.017197, 24.861538, 0.0)
(35.102730, 24.876783, 0.0)
(35.107113, 24.854429, 0.0)
(35.237663, 24.875362, 0.0)
(35.286968, 24.811443, 0.0)
(37.087185, 24.823570, 0.0)
(37.294796, 24.869125, 0.0)
(37.311577, 24.873888, 0.0)
(37.395653, 24.892460, 0.0)
(37.445011, 24.906006, 0.0)
(37.818207, 24.968462, 0.0)
(41.513615, 25.895653, 0.0)
(41.808468, 26.047638, 0.0)
(41.839176, 26.009623, 0.0)
(41.837589, 26.010574, 0.0)
(41.798431, 26.024782, 0.0)
(41.745312, 26.028896, 0.0)
(41.819553, 25.974583, 0.0)
(42.260696, 26.149645, 0.0)
(42.922989, 26.326637, 0.0)
(42.895393, 26.299288, 0.0)
(42.864075, 26.314163, 0.0)
(42.920235, 26.317270, 0.0)
(42.923138, 26.332458, 0.0)
(42.929432, 26.357185, 0.0)
(42.901321, 26.347252, 0.0)
(42.886284, 26.348265, 0.0)
(42.906803, 26.336302, 0.0)
(42.914505, 26.366348, 0.0)
(42.910923, 26.404207, 0.0)
(42.910912, 26.421921, 0.0)
(42.893929, 26.425772, 0.0)
(42.893063, 26.681730, 0.0)
(43.588810, 30.334814, 0.0)
(43.639072, 30.505136, 0.0)
(43.643478, 30.744658, 0.0)
(43.637054, 30.760395, 0.0)
(43.629498, 30.850147, 0.0)
(43.588978, 30.833519, 0.0)
(43.596264, 30.859278, 0.0)
(43.634842, 30.933332, 0.0)
(43.655098, 30.930635, 0.0)
(43.670643, 30.892307, 0.0)
(43.642647, 30.936108, 0.0)
(43.669147, 30.947647, 0.0)
(43.684456, 30.960335, 0.0)
(43.641167, 31.007622, 0.0)
(43.631798, 31.024418, 0.0)
(43.608215, 31.048931, 0.0)
(43.633961, 31.054203, 0.0)
(43.639236, 31.076471, 0.0)
(43.647419, 31.154692, 0.0)
(43.646416, 31.190437, 0.0)
(43.639290, 31.187151, 0.0)
(43.619762, 31.176193, 0.0)
(43.647091, 31.225988, 0.0)
(43.790012, 31.705580, 0.0)
(43.996513, 33.468285, 0.0)
(43.859768, 33.855812, 0.0)
(43.827599, 33.756943, 0.0)
(43.816151, 33.755650, 0.0)
(43.780788, 33.740223, 0.0)
(43.726330, 33.778931, 0.0)
(43.742844, 33.773651, 0.0)
(43.675175, 34.820896, 0.0)
(43.572067, 35.803867, 0.0)
(43.530029, 35.947243, 0.0)
(43.525597, 36.014175, 0.0)
(43.517532, 35.992943, 0.0)
(43.538311, 35.967594, 0.0)
(43.523548, 35.963009, 0.0)
(43.499413, 36.011135, 0.0)
(43.447178, 35.947567, 0.0)
(43.462177, 35.916054, 0.0)
(43.538265, 35.905933, 0.0)
(43.450939, 35.885502, 0.0)
(43.425426, 35.878513, 0.0)
(43.425541, 35.898384, 0.0)
(43.453068, 35.944172, 0.0)
(43.443695, 35.969734, 0.0)
(43.426376, 36.003185, 0.0)
(43.412109, 35.838253, 0.0)
(43.200943, 35.508354, 0.0)
(43.552830, 38.078106, 0.0)
(43.483814, 32.810535, 0.0)
(43.290718, 31.810860, 0.0)
(43.216576, 31.570829, 0.0)
(43.265018, 31.606730, 0.0)
(43.263096, 31.594278, 0.0)
(43.229248, 31.575457, 0.0)
(43.196083, 31.510126, 0.0)
(43.212440, 31.488449, 0.0)
(43.216274, 31.458542, 0.0)
(43.185329, 31.478830, 0.0)
(43.157150, 31.440821, 0.0)
(43.248692, 31.355570, 0.0)
(43.275154, 31.301991, 0.0)
(43.221798, 31.269758, 0.0)
(43.227283, 31.258034, 0.0)
(43.213074, 31.160128, 0.0)
(43.231781, 31.096840, 0.0)
(43.345680, 31.094440, 0.0)
(43.254086, 31.022074, 0.0)
(43.010048, 29.017752, 0.0)
(42.855251, 27.650080, 0.0)
(42.866470, 27.659864, 0.0)
(42.892963, 27.728382, 0.0)
(42.907974, 27.756025, 0.0)
(42.836121, 27.686602, 0.0)
(42.810303, 27.588419, 0.0)
(42.889591, 27.669495, 0.0)
(42.881767, 27.648672, 0.0)
(42.863743, 27.562977, 0.0)
(42.779320, 27.582458, 0.0)
(42.624168, 27.350683, 0.0)
(42.484680, 26.824213, 0.0)
(42.426220, 26.816927, 0.0)
(42.425026, 26.823530, 0.0)
(42.483944, 26.809208, 0.0)
(42.458630, 26.765245, 0.0)
(42.461445, 26.706196, 0.0)
(42.424828, 26.223749, 0.0)
(42.368069, 26.165567, 0.0)
(42.371437, 26.174553, 0.0)
(42.378887, 26.147461, 0.0)
(42.371437, 26.174553, 0.0)
(42.335644, 26.176687, 0.0)
(42.305782, 26.187386, 0.0)
(42.315117, 26.165155, 0.0)
(42.314960, 26.133911, 0.0)
(42.267185, 26.130089, 0.0)
(42.243092, 26.134457, 0.0)
(41.925453, 26.053581, 0.0)
(41.818916, 26.027475, 0.0)
(41.710060, 26.131613, 0.0)
(42.628643, 31.116825, 0.0)
(42.622959, 31.040756, 0.0)
(42.510525, 31.121239, 0.0)
(42.459846, 31.094221, 0.0)
(42.502007, 31.108467, 0.0)
(42.500713, 31.140707, 0.0)
(42.488770, 31.178411, 0.0)
(42.484550, 31.203735, 0.0)
(42.482388, 31.208368, 0.0)
(42.486553, 31.269058, 0.0)
(42.484402, 31.339987, 0.0)
(42.452190, 31.376984, 0.0)
(42.457012, 31.393185, 0.0)
(42.482094, 31.432501, 0.0)
(42.495285, 31.429150, 0.0)
(42.515686, 31.453083, 0.0)
(42.483345, 31.506458, 0.0)
(42.478069, 31.512243, 0.0)
(42.519638, 31.470243, 0.0)
(42.536407, 31.480808, 0.0)
(42.493301, 31.539961, 0.0)
(42.480755, 31.545593, 0.0)
(42.511536, 31.601919, 0.0)
(42.532692, 31.645372, 0.0)
(42.542732, 31.715088, 0.0)
(42.657291, 33.210705, 0.0)
(42.651489, 33.686344, 0.0)
(42.660027, 33.681042, 0.0)
(42.688099, 33.645802, 0.0)
(42.702831, 33.648064, 0.0)
(42.666759, 33.657688, 0.0)
(42.642952, 33.674438, 0.0)
(42.645073, 33.699966, 0.0)
(42.660988, 33.667480, 0.0)
(42.664177, 33.749935, 0.0)
(42.637486, 33.767632, 0.0)
(42.650978, 33.798534, 0.0)
(42.672195, 33.847809, 0.0)
(42.667500, 33.864265, 0.0)
(42.647259, 33.893604, 0.0)
(42.619987, 33.936947, 0.0)
(42.612095, 33.933960, 0.0)
(42.614559, 33.856705, 0.0)
(42.592808, 33.852104, 0.0)
(42.565628, 33.854408, 0.0)
(42.539646, 33.816380, 0.0)
(42.551720, 33.798344, 0.0)
(42.542774, 33.749699, 0.0)
(42.536705, 33.756538, 0.0)
(42.504963, 33.716496, 0.0)
(42.501698, 33.718037, 0.0)
(42.491257, 33.640896, 0.0)
(42.499100, 33.638672, 0.0)
(42.510017, 33.633175, 0.0)
(42.459381, 33.512253, 0.0)
(42.053913, 33.938282, 0.0)
(41.906231, 31.683577, 0.0)
(41.899620, 31.165478, 0.0)
(41.968620, 31.180124, 0.0)
(42.009926, 31.240286, 0.0)
(41.991318, 31.211771, 0.0)
(41.993610, 31.187769, 0.0)
(41.960621, 31.175671, 0.0)
(42.004787, 31.197805, 0.0)
(42.007389, 31.115879, 0.0)
(42.010201, 31.021862, 0.0)
(41.979099, 30.309397, 0.0)
(41.689117, 26.624687, 0.0)
(41.616673, 26.165619, 0.0)
(41.669014, 26.208055, 0.0)
(41.661861, 26.269518, 0.0)
(41.656429, 26.249992, 0.0)
(41.711185, 26.266064, 0.0)
(41.703869, 26.249197, 0.0)
(41.667263, 26.212029, 0.0)
(41.663685, 26.241236, 0.0)
(41.665707, 26.268785, 0.0)
(41.680733, 26.215673, 0.0)
(41.615479, 26.173212, 0.0)
(41.372616, 25.488544, 0.0)
(41.325996, 25.411556, 0.0)
(41.272381, 25.413799, 0.0)
(41.309643, 25.414675, 0.0)
(41.293331, 25.485277, 0.0)
(41.330860, 25.560480, 0.0)
(41.324280, 25.653967, 0.0)
(41.348373, 25.660725, 0.0)
(41.421864, 25.673845, 0.0)
(41.388756, 25.644423, 0.0)
(41.335579, 25.656086, 0.0)
(41.311764, 25.621674, 0.0)
(41.331146, 25.625832, 0.0)
(41.336273, 25.634005, 0.0)
(41.211937, 25.654255, 0.0)
(40.882320, 25.696192, 0.0)
(40.865715, 25.683359, 0.0)
(40.890869, 25.690948, 0.0)
(40.920567, 25.648724, 0.0)
(40.883842, 25.716364, 0.0)
(40.841095, 25.750288, 0.0)
(40.839809, 25.758421, 0.0)
(40.842812, 25.826799, 0.0)
(40.787579, 25.846636, 0.0)
(40.876160, 26.409790, 0.0)
(41.242996, 27.685938, 0.0)
(41.652241, 29.366194, 0.0)
(41.944599, 31.291508, 0.0)
(42.025261, 33.014858, 0.0)
(41.741089, 33.646561, 0.0)
(41.660061, 33.656044, 0.0)
(41.658504, 33.570278, 0.0)
(41.640594, 33.561153, 0.0)
(41.624969, 33.548687, 0.0)
(41.572983, 33.563202, 0.0)
(41.570389, 33.524853, 0.0)
(41.626858, 33.497154, 0.0)
(41.660378, 33.479908, 0.0)
(41.602757, 33.448444, 0.0)
(41.524429, 33.457790, 0.0)
(41.560364, 33.490990, 0.0)
(41.602982, 33.519802, 0.0)
(41.533127, 33.508167, 0.0)
(41.483139, 33.558334, 0.0)
(41.480431, 33.561428, 0.0)
(41.482433, 33.537495, 0.0)
(41.497261, 33.501156, 0.0)
(41.505299, 33.513142, 0.0)
(41.477020, 33.545616, 0.0)
(41.371490, 34.125900, 0.0)
(41.530437, 35.309620, 0.0)
(41.528507, 35.412136, 0.0)
(41.463413, 35.332394, 0.0)
(41.402699, 35.232094, 0.0)
(41.402424, 35.140640, 0.0)
(41.401608, 35.117496, 0.0)
(41.381962, 35.069027, 0.0)
(41.381138, 35.056274, 0.0)
(41.370193, 35.110367, 0.0)
(41.375984, 35.041817, 0.0)
(41.344528, 35.004059, 0.0)
(41.272701, 35.117855, 0.0)
(41.242535, 35.156902, 0.0)
(41.204014, 35.115479, 0.0)
(41.228302, 35.080086, 0.0)
(41.310005, 35.103630, 0.0)
(41.296780, 35.085258, 0.0)
(41.224800, 35.079491, 0.0)
(41.207428, 35.144459, 0.0)
(41.171215, 35.119652, 0.0)
(41.140488, 35.127014, 0.0)
(41.045822, 35.070675, 0.0)
(40.969250, 35.092785, 0.0)
(40.879887, 35.141499, 0.0)
(40.858826, 35.778259, 0.0)
(40.613319, 30.607038, 0.0)
(40.625610, 29.750000, 0.0)
(40.571873, 29.573753, 0.0)
(40.534775, 29.575594, 0.0)
(40.578316, 29.398697, 0.0)
(40.647068, 29.297863, 0.0)
(40.663773, 29.210453, 0.0)
(40.611607, 29.160707, 0.0)
(40.543926, 29.173452, 0.0)
(40.453106, 29.202917, 0.0)
(40.227741, 29.028694, 0.0)
(39.845509, 26.794756, 0.0)
(39.848709, 26.420244, 0.0)
(39.910515, 26.466579, 0.0)
(39.948193, 26.428646, 0.0)
(39.965233, 26.412577, 0.0)
(39.947914, 26.359966, 0.0)
(39.977272, 26.334257, 0.0)
(40.041336, 26.333141, 0.0)
(40.062500, 26.328365, 0.0)
(40.033134, 26.352800, 0.0)
(39.929600, 26.333870, 0.0)
(39.906742, 26.332525, 0.0)
(39.933281, 26.343002, 0.0)
(39.779083, 25.966263, 0.0)
(39.642281, 25.302431, 0.0)
(39.546413, 25.247963, 0.0)
(39.559601, 25.235693, 0.0)
(39.589771, 25.204128, 0.0)
(39.597382, 25.190918, 0.0)
(39.592590, 25.195080, 0.0)
(39.605789, 25.174469, 0.0)
(39.659809, 25.182571, 0.0)
(39.666988, 25.185043, 0.0)
(39.673176, 25.206238, 0.0)
(39.633724, 25.213543, 0.0)
(39.638947, 25.238386, 0.0)
(39.675419, 25.184664, 0.0)
(39.460979, 24.967581, 0.0)
(39.431164, 24.901859, 0.0)
(39.463921, 24.881824, 0.0)
(39.530788, 24.893950, 0.0)
(39.549152, 24.931988, 0.0)
(39.506638, 24.911194, 0.0)
(39.422329, 24.900066, 0.0)
(39.429016, 24.895580, 0.0)
(39.479771, 24.945934, 0.0)
(39.446651, 25.050213, 0.0)
(39.378719, 25.081758, 0.0)
(39.335415, 25.119335, 0.0)
(39.663990, 26.431170, 0.0)
(39.730804, 27.350857, 0.0)
(39.677155, 27.367764, 0.0)
(39.619278, 27.391788, 0.0)
(39.664444, 27.525421, 0.0)
(39.688961, 27.572161, 0.0)
(39.669250, 27.694113, 0.0)
(39.639572, 27.745758, 0.0)
(39.671207, 27.941671, 0.0)
(40.232838, 29.538462, 0.0)
(40.273842, 30.242754, 0.0)
(40.240387, 30.301670, 0.0)
(40.168549, 30.306604, 0.0)
(40.178879, 30.444841, 0.0)
(40.293747, 31.955273, 0.0)
(40.378075, 33.186867, 0.0)
(40.319092, 33.495609, 0.0)
(40.258518, 33.472328, 0.0)
(40.229210, 33.369705, 0.0)
(40.215973, 33.272160, 0.0)
(40.200321, 33.786915, 0.0)
(40.170639, 34.332561, 0.0)
(40.140495, 34.304752, 0.0)
(40.161125, 34.226948, 0.0)
(40.174679, 34.260910, 0.0)
(40.143269, 34.223690, 0.0)
(40.106915, 34.319576, 0.0)
(40.230076, 34.513996, 0.0)
(40.283676, 34.659409, 0.0)
(40.295925, 34.657909, 0.0)
(40.247379, 34.642151, 0.0)
(40.230934, 34.671104, 0.0)
(40.218727, 34.627472, 0.0)
(40.239639, 34.665615, 0.0)
(40.198868, 34.634983, 0.0)
(40.168392, 34.650112, 0.0)
(40.176662, 34.609482, 0.0)
(40.202454, 34.611633, 0.0)
(40.194595, 34.610989, 0.0)
(40.171047, 34.676575, 0.0)
(40.115963, 34.682194, 0.0)
(39.876400, 34.726295, 0.0)
(39.692291, 34.698204, 0.0)
(39.730347, 34.712887, 0.0)
(39.674374, 34.660255, 0.0)
(39.598328, 34.672676, 0.0)
(39.572193, 34.672897, 0.0)
(39.565979, 34.625381, 0.0)
(39.467010, 34.611370, 0.0)
(39.323761, 34.716019, 0.0)
(39.284771, 34.927372, 0.0)
(39.216042, 36.750961, 0.0)
(39.007664, 31.098635, 0.0)
(38.936085, 29.667597, 0.0)
(38.816734, 29.191433, 0.0)
(38.840149, 29.121912, 0.0)
(38.845436, 29.116089, 0.0)
(38.842033, 29.105040, 0.0)
(38.855896, 29.082293, 0.0)
(38.857075, 29.097616, 0.0)
(38.840462, 29.046923, 0.0)
(38.828583, 29.054594, 0.0)
(38.849976, 29.080908, 0.0)
(38.827908, 29.086672, 0.0)
(38.837795, 29.064678, 0.0)
(38.819878, 29.051434, 0.0)
(38.794758, 28.985125, 0.0)
(38.815186, 28.914400, 0.0)
(38.826172, 28.873446, 0.0)
(38.831856, 28.781010, 0.0)
(38.771381, 28.743988, 0.0)
(38.776997, 28.659922, 0.0)
(38.789238, 28.640896, 0.0)
(38.768223, 28.656441, 0.0)
(38.716679, 28.581356, 0.0)
(38.673145, 28.562395, 0.0)
(38.475128, 26.944000, 0.0)
(38.426487, 26.226912, 0.0)
(38.418247, 26.247307, 0.0)
(38.408066, 26.258509, 0.0)
(38.395710, 26.220945, 0.0)
(38.420429, 26.242571, 0.0)
(38.435226, 26.282328, 0.0)
(38.455463, 26.215574, 0.0)
(38.231400, 25.444286, 0.0)
(38.131065, 24.985603, 0.0)
(38.211895, 24.993835, 0.0)
(38.244156, 24.989523, 0.0)
(38.192822, 24.956213, 0.0)
(38.139042, 24.950520, 0.0)
(38.139042, 24.949272, 0.0)
(38.068535, 24.893181, 0.0)
(37.646126, 24.679508, 0.0)
(37.609455, 24.648560, 0.0)
(37.557056, 24.625116, 0.0)
(37.612003, 24.587496, 0.0)
(37.631275, 24.600000, 0.0)
(37.604198, 24.614574, 0.0)
(37.506916, 24.630341, 0.0)
(37.497574, 24.778772, 0.0)
(38.092159, 28.440577, 0.0)
(37.889179, 28.034023, 0.0)
(38.027565, 28.623432, 0.0)
(38.051304, 28.936422, 0.0)
(38.033054, 29.015099, 0.0)
(38.015850, 29.088659, 0.0)
(38.032974, 29.230299, 0.0)
(38.050671, 29.302717, 0.0)
(38.057182, 29.379080, 0.0)
(38.059601, 29.478416, 0.0)
(38.038399, 29.542004, 0.0)
(38.064117, 29.620609, 0.0)
(38.109016, 29.666714, 0.0)
(38.171555, 29.731770, 0.0)
(38.103428, 29.853649, 0.0)
(38.544979, 32.788059, 0.0)
(38.815090, 34.056576, 0.0)
(38.787323, 34.151459, 0.0)
(38.763603, 34.073208, 0.0)
(38.748978, 34.046730, 0.0)
(38.757572, 34.081524, 0.0)
(38.757599, 34.082302, 0.0)
(38.691059, 34.999500, 0.0)
(38.720749, 35.196564, 0.0)
(38.644714, 35.201897, 0.0)
(38.599842, 35.125862, 0.0)
(38.622688, 35.107994, 0.0)
(38.644485, 35.061226, 0.0)
(38.601540, 35.086838, 0.0)
(38.582466, 35.107460, 0.0)
(38.592899, 35.092667, 0.0)
(38.649944, 35.113689, 0.0)
(38.634335, 35.154072, 0.0)
(38.632866, 35.195629, 0.0)
(38.580101, 35.220577, 0.0)
(38.630825, 35.170654, 0.0)
(38.680630, 35.141056, 0.0)
(38.663189, 35.183624, 0.0)
(38.674389, 35.214630, 0.0)
(38.606789, 35.159351, 0.0)
(38.577034, 35.271816, 0.0)
(38.650188, 35.253292, 0.0)
(38.637062, 35.278728, 0.0)
(38.587025, 35.291340, 0.0)
(38.535385, 35.313450, 0.0)
(38.557449, 35.304867, 0.0)
(38.501705, 35.342304, 0.0)
(38.092251, 35.400116, 0.0)
(38.030842, 35.363319, 0.0)
(38.014126, 35.342758, 0.0)
(37.997219, 35.332687, 0.0)
(38.033089, 35.305305, 0.0)
(38.007687, 35.289631, 0.0)
(37.942097, 35.244900, 0.0)
(37.991772, 35.106647, 0.0)
(37.847324, 33.823803, 0.0)
(37.704418, 33.486317, 0.0)
(37.654449, 33.381302, 0.0)
(37.578770, 33.225475, 0.0)
(37.640343, 33.067623, 0.0)
(37.670361, 32.874794, 0.0)
(37.573166, 32.794498, 0.0)
(37.678314, 31.445034, 0.0)
(37.618664, 30.997030, 0.0)
(37.589443, 30.868244, 0.0)
(37.587624, 30.677235, 0.0)
(37.495846, 30.511854, 0.0)
(37.465424, 30.348022, 0.0)
(37.461040, 30.214188, 0.0)
(37.508301, 30.044083, 0.0)
(37.528053, 29.974113, 0.0)
(37.478168, 29.846085, 0.0)
(37.450161, 29.703863, 0.0)
(37.422436, 29.586428, 0.0)
(37.446609, 29.519505, 0.0)
(37.241692, 28.769001, 0.0)
(37.159695, 28.111572, 0.0)
(37.099815, 28.012371, 0.0)
(37.075085, 27.998388, 0.0)
(37.090881, 27.920198, 0.0)
(37.112148, 27.863523, 0.0)
(37.064308, 27.853846, 0.0)
(36.870384, 26.808170, 0.0)
(36.624004, 25.791653, 0.0)
(36.655415, 25.719389, 0.0)
(36.634239, 25.772701, 0.0)
(36.555721, 25.792845, 0.0)
(36.556301, 25.776596, 0.0)
(36.447590, 25.417406, 0.0)
(36.398014, 25.122747, 0.0)
(36.417328, 25.169991, 0.0)
(36.392200, 25.210512, 0.0)
(36.402081, 25.222513, 0.0)
(36.446232, 25.259378, 0.0)
(36.446556, 25.290186, 0.0)
(36.464890, 25.328409, 0.0)
(36.452114, 25.328478, 0.0)
(36.469639, 25.333664, 0.0)
(36.474270, 25.325214, 0.0)
(36.442291, 25.369329, 0.0)
(36.318306, 25.394804, 0.0)
(36.311668, 25.391994, 0.0)
(36.298954, 25.360138, 0.0)
(36.328644, 27.058559, 0.0)
(36.812378, 29.787821, 0.0)
(37.036888, 31.643513, 0.0)
(36.976532, 31.822821, 0.0)
(36.945965, 31.702929, 0.0)
(36.912251, 31.709322, 0.0)
(36.865910, 31.735462, 0.0)
(36.842148, 31.820284, 0.0)
(36.866508, 31.843735, 0.0)
(36.852356, 31.909557, 0.0)
(36.848236, 31.891623, 0.0)
(36.821789, 31.829500, 0.0)
(36.819958, 31.819908, 0.0)
(36.799992, 31.770988, 0.0)
(36.810246, 31.766073, 0.0)
(36.788696, 31.786406, 0.0)
(36.779354, 31.795427, 0.0)
(36.842655, 31.864365, 0.0)
(36.846729, 31.904715, 0.0)
(37.162891, 33.641499, 0.0)
(37.110390, 35.162369, 0.0)
(37.090797, 35.164661, 0.0)
(37.111229, 35.050583, 0.0)
(37.083481, 35.008831, 0.0)
(37.047466, 34.912163, 0.0)
(37.026314, 34.911827, 0.0)
(36.957123, 34.908070, 0.0)
(37.152962, 34.817623, 0.0)
(37.126820, 34.729889, 0.0)
(37.091961, 34.752308, 0.0)
(37.161419, 34.746895, 0.0)
(37.178864, 34.754673, 0.0)
(37.157932, 34.829098, 0.0)
(37.155697, 35.206947, 0.0)
(37.414856, 37.244900, 0.0)
(37.020416, 35.512150, 0.0)
(36.901653, 34.787621, 0.0)
(36.879852, 34.714069, 0.0)
(36.916924, 34.756798, 0.0)
(36.935097, 34.776878, 0.0)
(36.929028, 34.812344, 0.0)
(36.936977, 34.822060, 0.0)
(36.957539, 34.829102, 0.0)
(36.955376, 34.810032, 0.0)
(36.915684, 34.813663, 0.0)
(36.924320, 34.789322, 0.0)
(36.917606, 34.805119, 0.0)
(36.827927, 34.750206, 0.0)
(35.927338, 34.813858, 0.0)
(35.774387, 34.772972, 0.0)
(35.806797, 34.713417, 0.0)
(35.738468, 34.672684, 0.0)
(35.741673, 34.575317, 0.0)
(35.758301, 34.384739, 0.0)
(36.252842, 32.865765, 0.0)
(36.241966, 32.445080, 0.0)
(36.138527, 32.236877, 0.0)
(36.134823, 32.059319, 0.0)
(36.116310, 31.882538, 0.0)
(36.113842, 31.714151, 0.0)
(36.127632, 31.627266, 0.0)
(35.998280, 31.556725, 0.0)
(35.777126, 31.202522, 0.0)
(35.784534, 30.393591, 0.0)
(35.816013, 30.203640, 0.0)
(35.775146, 30.117777, 0.0)
(35.666142, 30.017141, 0.0)
(35.656654, 29.920071, 0.0)
(35.729881, 29.872486, 0.0)
(35.720024, 29.748356, 0.0)
(35.727489, 29.665215, 0.0)
(35.678326, 29.592539, 0.0)
(35.225178, 27.921829, 0.0)
(35.097363, 26.408882, 0.0)
(35.119602, 26.320120, 0.0)
(35.092758, 26.411615, 0.0)
(35.033775, 26.381414, 0.0)
(35.008095, 26.340126, 0.0)
(35.095577, 26.348007, 0.0)
(35.111237, 26.398779, 0.0)
(34.737061, 25.109205, 0.0)
(34.647148, 24.884783, 0.0)
(34.594707, 24.976810, 0.0)
(34.611942, 24.961901, 0.0)
(34.621315, 24.968943, 0.0)
(34.595337, 24.996923, 0.0)
(34.578197, 25.001083, 0.0)
(34.556202, 24.994854, 0.0)
(34.559311, 24.982016, 0.0)
(34.575439, 24.966850, 0.0)
(34.578156, 24.939783, 0.0)
(34.530869, 24.911270, 0.0)
(34.525650, 24.926708, 0.0)
(34.552540, 24.910030, 0.0)
(34.519466, 24.936119, 0.0)
(34.475235, 24.963133, 0.0)
(34.474960, 24.965097, 0.0)
(34.458626, 24.969925, 0.0)
(34.428532, 25.006685, 0.0)
(34.375610, 25.011967, 0.0)
(34.343369, 25.032600, 0.0)
(34.250137, 25.163225, 0.0)
(34.241413, 32.600422, 0.0)
(34.614239, 32.443310, 0.0)
(34.918068, 32.623383, 0.0)
(34.928295, 32.693268, 0.0)
(34.917385, 32.697289, 0.0)
(34.884056, 32.704006, 0.0)
(34.859676, 32.650814, 0.0)
(34.866737, 32.690620, 0.0)
(35.305466, 33.824234, 0.0)
(35.502041, 35.212582, 0.0)
(35.468159, 35.274448, 0.0)
(35.436188, 35.221142, 0.0)
(35.420895, 35.221008, 0.0)
(35.439251, 35.251205, 0.0)
(35.447033, 35.229820, 0.0)
(35.484318, 35.247162, 0.0)
(35.463039, 35.248726, 0.0)
(35.425411, 35.257843, 0.0)
(35.457668, 35.276329, 0.0)
(35.478878, 35.303120, 0.0)
(35.477142, 35.346600, 0.0)
(35.423058, 35.357315, 0.0)
(35.432617, 35.306782, 0.0)
(35.464077, 35.322414, 0.0)
(35.460178, 35.330910, 0.0)
(35.469360, 35.326145, 0.0)
(35.395042, 35.349335, 0.0)
(35.389076, 35.379471, 0.0)
(35.491127, 35.370312, 0.0)
(35.480560, 35.392086, 0.0)
(35.419449, 35.460945, 0.0)
(35.377998, 35.467865, 0.0)
(35.376942, 35.474350, 0.0)
(35.382568, 35.458488, 0.0)
(35.452656, 35.470276, 0.0)
(35.363438, 35.530075, 0.0)
(35.389263, 35.527927, 0.0)
(35.381554, 35.524601, 0.0)
(35.399570, 35.526459, 0.0)
(35.351700, 35.641613, 0.0)
(35.050972, 35.620701, 0.0)
(34.992977, 35.619080, 0.0)
(34.990120, 35.664047, 0.0)
(35.015221, 35.684074, 0.0)
(35.042538, 35.732761, 0.0)
(34.983585, 35.836472, 0.0)
(34.707497, 36.742218, 0.0)
(33.950123, 36.388573, 0.0)
(34.133060, 34.627098, 0.0)
(34.020634, 33.776047, 0.0)
(33.937122, 33.296810, 0.0)
(33.904709, 33.063900, 0.0)
(33.894958, 32.919342, 0.0)
(33.877747, 32.755421, 0.0)
(33.894257, 32.651367, 0.0)
(33.919380, 32.491558, 0.0)
(33.920704, 32.395245, 0.0)
(33.874916, 32.241283, 0.0)
(33.851818, 32.059155, 0.0)
(33.870190, 31.894464, 0.0)
(33.881104, 31.748137, 0.0)
(33.869904, 31.609922, 0.0)
(33.852055, 31.527035, 0.0)
(33.701172, 30.751514, 0.0)
(33.552032, 29.501841, 0.0)
(33.515690, 29.349733, 0.0)
(33.514214, 29.375196, 0.0)
(33.515907, 29.323315, 0.0)
(33.519489, 29.308867, 0.0)
(33.505749, 29.219032, 0.0)
(33.494549, 29.158129, 0.0)
(33.403976, 29.101612, 0.0)
(32.979496, 26.047598, 0.0)
(32.769371, 25.470383, 0.0)
(32.846870, 25.425032, 0.0)
(32.836048, 25.603388, 0.0)
(32.871449, 25.636646, 0.0)
(32.847809, 25.626543, 0.0)
(32.839340, 25.622118, 0.0)
(32.894115, 25.607407, 0.0)
(32.930172, 25.586561, 0.0)
(32.898430, 25.568823, 0.0)
(32.891224, 25.532867, 0.0)
(32.935146, 25.535038, 0.0)
(32.934258, 25.551577, 0.0)
(32.885220, 25.551439, 0.0)
(32.842434, 25.528578, 0.0)
(32.803173, 25.444145, 0.0)
(32.796619, 25.771687, 0.0)
(32.143867, 27.456409, 0.0)
(32.026470, 26.758112, 0.0)
(32.098755, 26.704641, 0.0)
(32.066315, 26.760723, 0.0)
(32.034393, 26.806923, 0.0)
(32.044258, 26.853422, 0.0)
(32.095871, 26.943935, 0.0)
(32.079960, 27.062027, 0.0)
(32.107311, 27.446678, 0.0)
(33.032486, 30.072609, 0.0)
(33.163982, 30.853779, 0.0)
(33.155952, 30.926304, 0.0)
(33.160576, 30.934280, 0.0)
(33.157261, 30.943378, 0.0)
(33.143589, 30.963495, 0.0)
(33.146584, 30.974094, 0.0)
(33.181499, 31.031118, 0.0)
(33.173370, 31.041933, 0.0)
(33.207245, 31.456821, 0.0)
(33.726479, 33.949409, 0.0)
(33.716999, 34.169777, 0.0)
(33.693439, 34.102737, 0.0)
(33.661102, 34.127956, 0.0)
(33.605896, 34.117500, 0.0)
(33.593319, 34.096497, 0.0)
(33.611244, 34.089458, 0.0)
(33.630936, 34.085812, 0.0)
(33.208733, 35.262012, 0.0)
(33.072159, 35.518627, 0.0)
(33.047695, 35.461994, 0.0)
(33.083778, 35.476368, 0.0)
(33.088696, 35.480282, 0.0)
(33.037094, 35.371937, 0.0)
(32.961575, 35.345081, 0.0)
(32.969318, 35.290829, 0.0)
(32.967674, 35.217934, 0.0)
(32.965862, 35.246155, 0.0)
(32.939102, 35.356697, 0.0)
(32.895847, 35.431900, 0.0)
(32.903336, 35.470829, 0.0)
(32.914352, 35.516960, 0.0)
(32.940136, 35.557850, 0.0)
(32.946507, 35.570305, 0.0)
(32.905594, 35.566296, 0.0)
(32.911880, 35.581474, 0.0)
(32.501583, 35.685036, 0.0)
(32.296463, 35.853516, 0.0)
(32.290161, 35.924698, 0.0)
(32.267342, 35.877995, 0.0)
(32.289547, 35.851952, 0.0)
(32.184971, 36.007015, 0.0)
(36.780792, 39.223667, 0.0)
(32.215645, 34.690994, 0.0)
(32.141430, 33.583084, 0.0)
(31.748020, 32.956131, 0.0)
(31.677145, 32.718372, 0.0)
(31.667442, 32.595280, 0.0)
(31.670214, 32.501686, 0.0)
(31.599405, 32.402004, 0.0)
(31.563442, 32.222458, 0.0)
(31.557926, 32.075500, 0.0)
(31.579136, 31.977991, 0.0)
(31.546501, 31.870321, 0.0)
(31.552488, 31.759344, 0.0)
(31.515001, 31.622913, 0.0)
(31.506048, 31.469751, 0.0)
(31.528254, 31.284479, 0.0)
(31.518011, 31.118282, 0.0)
(31.468887, 30.956259, 0.0)
(31.496960, 30.852493, 0.0)
(31.380630, 29.061558, 0.0)
(31.061319, 26.845678, 0.0)
(31.079277, 26.723703, 0.0)
(31.112494, 26.760101, 0.0)
(31.123917, 26.689222, 0.0)
(31.146959, 26.672779, 0.0)
(31.151693, 26.656033, 0.0)
(31.151140, 26.700632, 0.0)
(31.137190, 26.688503, 0.0)
(31.257196, 27.174025, 0.0)
(31.073118, 26.300695, 0.0)
(30.832758, 25.458038, 0.0)
(30.856035, 25.286938, 0.0)
(30.925720, 25.336264, 0.0)
(30.914150, 25.391972, 0.0)
(30.926744, 25.429865, 0.0)
(30.930981, 25.446203, 0.0)
(30.940355, 25.424509, 0.0)
(30.932461, 25.449551, 0.0)
(30.919907, 25.477875, 0.0)
(30.913843, 25.482561, 0.0)
(30.892553, 25.496710, 0.0)
(30.869656, 25.456139, 0.0)
(30.904869, 25.505619, 0.0)
(30.872711, 25.533728, 0.0)
(30.792072, 25.534506, 0.0)
(30.697983, 25.528625, 0.0)
(30.177679, 25.889704, 0.0)
(29.641798, 26.132536, 0.0)
(29.603144, 26.195200, 0.0)
(29.597956, 26.230585, 0.0)
(29.558741, 26.343241, 0.0)
(30.121326, 27.492582, 0.0)
(30.601854, 29.741636, 0.0)
(30.902409, 30.856838, 0.0)
(30.839214, 31.133778, 0.0)
(30.758499, 31.187578, 0.0)
(30.757198, 31.260405, 0.0)
(30.768686, 31.294180, 0.0)
(30.774712, 31.335850, 0.0)
(30.780991, 31.377466, 0.0)
(30.735260, 31.438461, 0.0)
(30.747007, 31.458920, 0.0)
(30.797543, 31.490303, 0.0)
(30.763748, 31.502800, 0.0)
(30.775335, 31.539299, 0.0)
(30.741482, 31.605715, 0.0)
(30.787592, 31.579712, 0.0)
(30.835972, 31.568268, 0.0)
(30.658043, 30.944956, 0.0)
(30.493385, 30.366240, 0.0)
(30.450277, 30.416737, 0.0)
(30.523117, 30.543676, 0.0)
(30.568439, 30.666027, 0.0)
(31.184263, 32.374260, 0.0)
(31.375626, 33.618870, 0.0)
(31.342997, 33.668453, 0.0)
(31.313463, 33.665283, 0.0)
(31.328207, 33.725574, 0.0)
(31.378813, 33.758499, 0.0)
(31.303684, 34.184834, 0.0)
(31.361296, 35.097260, 0.0)
(31.344782, 35.241264, 0.0)
(31.367441, 35.161209, 0.0)
(31.269556, 35.156540, 0.0)
(31.260115, 35.246513, 0.0)
(31.227121, 35.271519, 0.0)
(31.237749, 35.325417, 0.0)
(31.225496, 35.293461, 0.0)
(31.226303, 35.314804, 0.0)
(31.236460, 35.365108, 0.0)
(31.305122, 35.448925, 0.0)
(31.289408, 35.532776, 0.0)
(31.304956, 35.547974, 0.0)
(31.315636, 35.590530, 0.0)
(30.350365, 35.690193, 0.0)
(30.222221, 35.769554, 0.0)
(30.258793, 35.955353, 0.0)
(30.219261, 36.168854, 0.0)
(30.139791, 36.222672, 0.0)
(30.096952, 36.112724, 0.0)
(29.935528, 36.109016, 0.0)
(29.746170, 34.319912, 0.0)
(29.491831, 33.495361, 0.0)
(29.365549, 33.174034, 0.0)
(29.416714, 33.159412, 0.0)
(29.412876, 33.063576, 0.0)
(29.386559, 32.937756, 0.0)
(29.381126, 32.845078, 0.0)
(29.388113, 32.735622, 0.0)
(29.432032, 32.604382, 0.0)
(29.404074, 32.483517, 0.0)
(29.426983, 32.438122, 0.0)
(29.499203, 32.327934, 0.0)
(29.481379, 32.216064, 0.0)
(29.553757, 32.023735, 0.0)
(29.565317, 31.863297, 0.0)
(29.980585, 31.373985, 0.0)
(29.972731, 30.959953, 0.0)
(29.903778, 30.830416, 0.0)
(29.982918, 30.695623, 0.0)
(29.909363, 30.595642, 0.0)
(29.809305, 30.534637, 0.0)
(29.764263, 30.342110, 0.0)
(29.627718, 29.931631, 0.0)
(29.557583, 29.551519, 0.0)
(29.503242, 29.461422, 0.0)
(29.420622, 29.417963, 0.0)
(29.369648, 29.329393, 0.0)
(29.205524, 28.189192, 0.0)
(28.948330, 27.121550, 0.0)
(28.947285, 27.057102, 0.0)
(28.948484, 27.062073, 0.0)
(28.943941, 27.057230, 0.0)
(28.948967, 26.989891, 0.0)
(28.978806, 26.980314, 0.0)
(29.006269, 26.469339, 0.0)
(28.993578, 26.076496, 0.0)
(28.997557, 26.070314, 0.0)
(28.997969, 26.083992, 0.0)
(29.008307, 26.108610, 0.0)
(29.000076, 26.136616, 0.0)
(29.003592, 26.161577, 0.0)
(28.977776, 26.167921, 0.0)
(28.979731, 26.162872, 0.0)
(28.977369, 26.182413, 0.0)
(28.864614, 26.342230, 0.0)
(27.375036, 28.395832, 0.0)
(27.417212, 28.110617, 0.0)
(27.482677, 28.178953, 0.0)
(27.503822, 28.278469, 0.0)
(27.518526, 28.351088, 0.0)
(27.497330, 28.549540, 0.0)
(28.244261, 29.087124, 0.0)
(28.573992, 30.230854, 0.0)
(28.567619, 30.477654, 0.0)
(28.592625, 30.596012, 0.0)
(28.612015, 30.702932, 0.0)
(28.597652, 30.823141, 0.0)
(28.588717, 30.924204, 0.0)
(28.615028, 31.004290, 0.0)
(28.657745, 31.083033, 0.0)
(28.641272, 31.142607, 0.0)
(28.634501, 31.153057, 0.0)
(28.617361, 31.269480, 0.0)
(28.612768, 31.370296, 0.0)
(28.626869, 31.459042, 0.0)
(28.574818, 31.483433, 0.0)
(28.489700, 31.535656, 0.0)
(28.547117, 31.562550, 0.0)
(28.534891, 31.657585, 0.0)
(28.552179, 31.777126, 0.0)
(28.879713, 32.532356, 0.0)
(29.284403, 34.390442, 0.0)
(29.227139, 34.614937, 0.0)
(29.191975, 34.555298, 0.0)
(29.188019, 34.579170, 0.0)
(29.133410, 34.597813, 0.0)
(29.122622, 34.610882, 0.0)
(29.124228, 34.621571, 0.0)
(29.108597, 34.641949, 0.0)
(28.878908, 35.215424, 0.0)
(28.733967, 36.132656, 0.0)
(28.685278, 36.181671, 0.0)
(28.668514, 36.104565, 0.0)
(28.682735, 36.090069, 0.0)
(28.651655, 36.059093, 0.0)
(28.604675, 36.108360, 0.0)
(28.584570, 36.127426, 0.0)
(28.625547, 36.111244, 0.0)
(28.667274, 36.077316, 0.0)
(28.612749, 36.110432, 0.0)
(28.571230, 36.127270, 0.0)
(28.580692, 36.131748, 0.0)
(28.606905, 36.115257, 0.0)
(28.651411, 36.161900, 0.0)
(28.655703, 36.190056, 0.0)
(28.584715, 36.200684, 0.0)
(28.576246, 36.191414, 0.0)
(28.620310, 36.283630, 0.0)
(29.545362, 38.428524, 0.0)
(28.333220, 34.115143, 0.0)
(28.113319, 32.506847, 0.0)
(28.111595, 31.954161, 0.0)
(28.060713, 31.886293, 0.0)
(28.131021, 31.666666, 0.0)
(28.168182, 31.501013, 0.0)
(28.128887, 31.395660, 0.0)
(28.144211, 31.265345, 0.0)
(28.091345, 31.167553, 0.0)
(28.081263, 31.110386, 0.0)
(28.106005, 31.044641, 0.0)
(28.095140, 30.879200, 0.0)
(28.097706, 30.843111, 0.0)
(28.079393, 30.798700, 0.0)
(28.015945, 30.702034, 0.0)
(28.059660, 30.666994, 0.0)
(28.090235, 30.625822, 0.0)
(28.006620, 30.560350, 0.0)
(27.931471, 30.482670, 0.0)
(27.917522, 30.449564, 0.0)
(27.908842, 30.433836, 0.0)
(27.916601, 30.386366, 0.0)
(27.903450, 30.332867, 0.0)
(27.864714, 30.254343, 0.0)
(27.853264, 30.209387, 0.0)
(27.876953, 30.172539, 0.0)
(27.700199, 29.659472, 0.0)
(27.525055, 28.442528, 0.0)
(27.457508, 28.363867, 0.0)
(27.464958, 28.375719, 0.0)
(27.466017, 28.374966, 0.0)
(27.463202, 28.336306, 0.0)
(27.472113, 28.254545, 0.0)
(27.199789, 27.438938, 0.0)
(27.072323, 27.168207, 0.0)
(27.107853, 27.190382, 0.0)
(27.137611, 27.178553, 0.0)
(27.129673, 27.180931, 0.0)
(27.098408, 27.180847, 0.0)
(27.103193, 27.179581, 0.0)
(27.126852, 27.187693, 0.0)
(27.122677, 27.182365, 0.0)
(27.066072, 27.214886, 0.0)
(27.051683, 27.191505, 0.0)
(27.056545, 27.238630, 0.0)
(27.078207, 27.276497, 0.0)
(27.062613, 27.263857, 0.0)
(27.047661, 27.281992, 0.0)
(26.981607, 27.335314, 0.0)
(27.428934, 29.337830, 0.0)
(28.113031, 33.100552, 0.0)
(27.974232, 32.174053, 0.0)
(27.840773, 31.859774, 0.0)
(27.825659, 31.927710, 0.0)
(27.790983, 32.054768, 0.0)
(27.732780, 32.100113, 0.0)
(27.657476, 32.134510, 0.0)
(27.703241, 32.215195, 0.0)
(27.729803, 32.241810, 0.0)
(27.709719, 32.283852, 0.0)
(27.682384, 32.319675, 0.0)
(27.695787, 32.371899, 0.0)
(27.644497, 32.397865, 0.0)
(27.568876, 32.986595, 0.0)
(27.803770, 33.671413, 0.0)
(27.816046, 33.697041, 0.0)
(27.826527, 33.630936, 0.0)
(27.823534, 33.648964, 0.0)
(27.796202, 33.668083, 0.0)
(27.770182, 33.731152, 0.0)
(27.744453, 33.763725, 0.0)
(27.729351, 33.779266, 0.0)
(27.747589, 33.796700, 0.0)
(27.712471, 33.830311, 0.0)
(27.691095, 33.839394, 0.0)
(27.687365, 33.859863, 0.0)
(27.711376, 33.863693, 0.0)
(27.733053, 33.901787, 0.0)
(27.764139, 34.014099, 0.0)
(28.086149, 34.924976, 0.0)
(28.152370, 35.148628, 0.0)
(28.145374, 35.110790, 0.0)
(28.153416, 35.144863, 0.0)
(28.154322, 35.227417, 0.0)
(28.163145, 35.240776, 0.0)
(28.121254, 35.288963, 0.0)
(28.340721, 35.991589, 0.0)
(28.458487, 36.238491, 0.0)
(28.455730, 36.181332, 0.0)
(28.415380, 36.187866, 0.0)
(28.411694, 36.192585, 0.0)
(28.404955, 36.224468, 0.0)
(28.435102, 36.254986, 0.0)
(28.437422, 36.267258, 0.0)
(28.400909, 36.329014, 0.0)
(28.388723, 36.402332, 0.0)
(28.395504, 36.371151, 0.0)
(28.401331, 36.341579, 0.0)
(28.418207, 36.358250, 0.0)
(28.431940, 36.332012, 0.0)
(28.436104, 36.369453, 0.0)
(28.424641, 36.370651, 0.0)
(28.449814, 36.356892, 0.0)
(28.447474, 36.413078, 0.0)
(28.433683, 36.482079, 0.0)
(28.441586, 36.543423, 0.0)
(28.420820, 36.518795, 0.0)
(28.476440, 36.502254, 0.0)
(28.507460, 36.509956, 0.0)
(28.469748, 36.516739, 0.0)
(28.482056, 36.533073, 0.0)
(28.470659, 36.523346, 0.0)
(28.531334, 36.530388, 0.0)
(28.527168, 36.580307, 0.0)
(28.552273, 36.786629, 0.0)
(28.566456, 37.108376, 0.0)
(28.537811, 37.061001, 0.0)
(28.561384, 37.003887, 0.0)
(28.551437, 36.959732, 0.0)
(28.508406, 36.892307, 0.0)
(28.501577, 36.830769, 0.0)
(28.456316, 36.869675, 0.0)
(28.652189, 37.769093, 0.0)
(28.899212, 38.556644, 0.0)
(28.736076, 37.074390, 0.0)
(28.581564, 36.437031, 0.0)
(28.546028, 36.150646, 0.0)
(28.546362, 36.111210, 0.0)
(28.537844, 36.119144, 0.0)
(28.504631, 36.180988, 0.0)
(28.534216, 36.189259, 0.0)
(28.574448, 36.248543, 0.0)
(28.583796, 36.244877, 0.0)
(28.564203, 36.265385, 0.0)
(28.522167, 36.256180, 0.0)
(28.513729, 36.157829, 0.0)
(28.521336, 36.121784, 0.0)
(28.488592, 36.129948, 0.0)
(28.428652, 36.105038, 0.0)
(28.419424, 36.118916, 0.0)
(28.429193, 36.136230, 0.0)
(28.430355, 36.148193, 0.0)
(28.438221, 36.173660, 0.0)
(28.441607, 36.202679, 0.0)
(28.426861, 36.222904, 0.0)
(28.436163, 36.216564, 0.0)
(28.470551, 36.244793, 0.0)
(28.467482, 36.269070, 0.0)
(28.397154, 36.287430, 0.0)
(28.417067, 36.402271, 0.0)
(28.449844, 36.478943, 0.0)
(28.507725, 36.737022, 0.0)
(30.341475, 35.376587, 0.0)
