(35.744965, 27.902555, 0.0)
(35.964870, 27.445723, 0.0)
(36.018581, 27.245617, 0.0)
(36.015903, 27.142614, 0.0)
(35.804203, 26.807766, 0.0)
(35.831245, 26.711967, 0.0)
(35.860069, 26.631823, 0.0)
(35.895515, 26.553875, 0.0)
(35.866825, 26.464746, 0.0)
(35.847851, 26.460960, 0.0)
(35.838634, 26.453663, 0.0)
(35.791454, 26.439960, 0.0)
(35.752670, 26.428719, 0.0)
(35.757626, 26.428200, 0.0)
(35.816429, 26.429163, 0.0)
(35.854130, 26.440739, 0.0)
(35.814098, 26.479847, 0.0)
(35.776257, 26.496162, 0.0)
(35.708035, 26.501381, 0.0)
(35.633022, 26.460030, 0.0)
(35.565887, 26.430735, 0.0)
(35.604736, 26.426832, 0.0)
(35.643932, 26.404385, 0.0)
(35.652859, 26.408100, 0.0)
(35.668270, 26.414223, 0.0)
(35.718395, 26.413914, 0.0)
(35.730072, 26.441429, 0.0)
(35.727222, 26.438061, 0.0)
(35.737053, 26.444279, 0.0)
(35.748634, 26.423712, 0.0)
(35.806110, 26.379908, 0.0)
(35.928123, 26.351549, 0.0)
(35.966835, 26.293631, 0.0)
(35.951080, 26.325434, 0.0)
(35.899181, 26.317970, 0.0)
(35.877979, 26.317127, 0.0)
(35.867435, 26.325865, 0.0)
(35.835571, 26.328367, 0.0)
(35.891407, 26.306683, 0.0)
(35.898434, 26.301338, 0.0)
(35.845306, 26.264713, 0.0)
(35.817463, 26.261976, 0.0)
(35.807785, 26.281878, 0.0)
(35.834190, 26.287937, 0.0)
(35.839855, 26.297117, 0.0)
(35.854370, 26.345358, 0.0)
(35.813801, 26.395065, 0.0)
(35.711906, 26.439344, 0.0)
(35.718472, 26.433937, 0.0)
(35.714455, 26.405060, 0.0)
(35.680397, 26.408089, 0.0)
(35.689724, 26.376711, 0.0)
(35.716961, 26.373829, 0.0)
(35.718204, 26.316322, 0.0)
(35.702637, 26.229641, 0.0)
(35.737686, 26.196079, 0.0)
(35.764172, 26.206308, 0.0)
(35.749653, 26.218678, 0.0)
(35.750271, 26.220287, 0.0)
(35.715080, 26.215385, 0.0)
(35.692017, 26.253206, 0.0)
(35.682255, 26.278521, 0.0)
(35.684177, 26.236040, 0.0)
(35.655094, 26.183826, 0.0)
(35.616791, 26.119738, 0.0)
(35.677914, 26.056053, 0.0)
(35.755398, 26.010416, 0.0)
(35.830902, 25.940350, 0.0)
(35.797016, 25.891165, 0.0)
(35.779598, 25.893185, 0.0)
(35.735420, 25.858473, 0.0)
(35.711617, 25.861258, 0.0)
(35.723015, 25.884146, 0.0)
(35.743191, 25.869587, 0.0)
(35.766777, 25.870234, 0.0)
(35.740692, 25.901073, 0.0)
(35.741161, 25.889503, 0.0)
(35.742626, 25.859926, 0.0)
(35.785599, 25.821184, 0.0)
(35.683086, 25.784889, 0.0)
(35.661030, 25.809782, 0.0)
(35.668354, 25.807991, 0.0)
(35.641155, 25.857323, 0.0)
(35.616604, 25.918842, 0.0)
(35.595154, 25.906082, 0.0)
(35.629189, 25.896763, 0.0)
(35.651775, 25.864086, 0.0)
(35.705578, 25.805847, 0.0)
(35.793377, 25.825497, 0.0)
(35.796761, 27.567436, 0.0)
(35.345028, 27.864721, 0.0)
(35.581387, 27.060944, 0.0)
(35.674355, 26.655067, 0.0)
(35.728607, 26.420424, 0.0)
(35.774986, 26.295475, 0.0)
(35.863205, 26.199203, 0.0)
(35.930450, 26.147985, 0.0)
(35.940224, 26.093019, 0.0)
(35.955238, 26.113466, 0.0)
(35.980885, 26.093929, 0.0)
(35.967613, 26.066048, 0.0)
(35.891617, 26.056313, 0.0)
(35.843452, 26.062973, 0.0)
(35.773842, 26.039354, 0.0)
(35.726658, 26.029379, 0.0)
(35.677254, 25.994793, 0.0)
(35.693607, 26.869455, 0.0)
(35.669426, 28.285517, 0.0)
(35.584553, 27.805269, 0.0)
(35.553310, 27.357000, 0.0)
(35.694561, 27.090578, 0.0)
(35.746563, 26.916002, 0.0)
(35.766598, 26.787987, 0.0)
(35.780899, 26.709354, 0.0)
(35.760365, 26.668570, 0.0)
(35.755726, 26.620136, 0.0)
(35.736538, 26.581917, 0.0)
(35.769810, 26.589405, 0.0)
(35.753918, 26.540688, 0.0)
(35.735947, 26.437498, 0.0)
(35.728752, 26.373329, 0.0)
(35.707954, 26.348267, 0.0)
(35.688656, 26.332731, 0.0)
(35.655373, 26.309284, 0.0)
(35.609112, 26.337673, 0.0)
(35.629459, 26.335012, 0.0)
(35.640297, 26.307627, 0.0)
(35.669426, 26.305197, 0.0)
(35.724342, 26.281574, 0.0)
(35.696239, 26.258528, 0.0)
(35.667942, 26.215645, 0.0)
(35.651237, 26.208921, 0.0)
(35.618782, 26.244120, 0.0)
(35.607128, 26.235350, 0.0)
(35.613300, 26.246029, 0.0)
(35.615276, 26.246216, 0.0)
(35.625435, 26.260372, 0.0)
(35.681492, 26.262253, 0.0)
(35.704189, 26.257467, 0.0)
(35.718987, 26.250946, 0.0)
(35.734421, 26.258823, 0.0)
(35.752426, 26.252224, 0.0)
(35.737785, 26.259127, 0.0)
(35.716904, 26.241613, 0.0)
(35.717957, 26.216808, 0.0)
(35.747902, 26.204672, 0.0)
(35.754097, 26.226959, 0.0)
(35.720390, 26.283367, 0.0)
(35.635040, 26.306738, 0.0)
(35.577785, 26.328533, 0.0)
(35.547985, 26.339392, 0.0)
(35.532757, 26.327888, 0.0)
(35.599556, 26.312805, 0.0)
(35.622147, 26.297049, 0.0)
(35.614784, 26.212217, 0.0)
(35.586620, 26.209219, 0.0)
(35.603622, 26.167131, 0.0)
(35.629448, 26.168343, 0.0)
(35.649258, 26.180670, 0.0)
(35.675224, 26.221605, 0.0)
(35.661140, 26.252247, 0.0)
(36.193848, 26.542648, 0.0)
(38.845047, 27.786133, 0.0)
(40.711338, 28.668760, 0.0)
(41.283981, 28.754541, 0.0)
(41.307693, 28.680105, 0.0)
(41.289520, 28.628849, 0.0)
(41.373951, 28.603077, 0.0)
(41.436134, 28.600552, 0.0)
(41.391907, 28.563887, 0.0)
(41.451637, 28.497288, 0.0)
(41.479343, 28.489000, 0.0)
(41.460876, 28.543310, 0.0)
(41.788742, 28.857758, 0.0)
(42.095860, 29.119453, 0.0)
(42.082874, 29.131048, 0.0)
(42.005257, 29.103426, 0.0)
(41.989864, 29.096218, 0.0)
(42.017181, 29.070768, 0.0)
(42.027439, 29.111414, 0.0)
(42.054340, 29.112396, 0.0)
(42.152046, 29.076830, 0.0)
(42.189297, 29.060877, 0.0)
(42.093258, 29.055531, 0.0)
(42.101234, 29.069876, 0.0)
(42.106796, 29.096413, 0.0)
(42.130260, 29.112411, 0.0)
(42.066517, 29.109238, 0.0)
(42.128845, 29.124550, 0.0)
(42.152138, 29.134769, 0.0)
(42.158203, 29.129995, 0.0)
(42.179951, 29.142294, 0.0)
(42.174351, 29.148371, 0.0)
(42.216385, 29.134836, 0.0)
(42.191166, 29.102001, 0.0)
(42.198914, 29.096846, 0.0)
(42.202549, 28.775553, 0.0)
(42.284565, 27.200579, 0.0)
(42.567406, 25.367092, 0.0)
(42.418880, 24.343319, 0.0)
(42.306591, 23.950321, 0.0)
(42.241997, 23.764910, 0.0)
(42.604149, 23.660032, 0.0)
(42.638371, 23.447840, 0.0)
(42.635231, 23.352226, 0.0)
(42.698772, 23.228767, 0.0)
(42.693424, 23.133818, 0.0)
(42.711895, 23.210403, 0.0)
(42.707199, 23.248167, 0.0)
(42.675133, 23.154404, 0.0)
(42.615284, 23.166433, 0.0)
(42.600899, 23.161558, 0.0)
(42.608070, 23.175110, 0.0)
(42.599445, 23.191517, 0.0)
(42.596073, 23.150558, 0.0)
(42.586452, 23.105600, 0.0)
(42.588261, 23.102959, 0.0)
(42.586315, 23.150499, 0.0)
(42.589478, 23.177525, 0.0)
(42.592922, 23.165337, 0.0)
(42.572582, 23.155479, 0.0)
(42.567162, 23.162224, 0.0)
(42.543354, 23.229288, 0.0)
(42.484005, 23.237844, 0.0)
(42.500778, 23.234838, 0.0)
(42.512115, 23.233286, 0.0)
(42.498901, 23.184258, 0.0)
(42.534988, 23.228151, 0.0)
(42.527859, 23.198389, 0.0)
(42.538792, 23.222086, 0.0)
(42.508850, 23.176086, 0.0)
(42.498371, 23.178774, 0.0)
(42.531734, 23.203402, 0.0)
(42.575211, 23.252996, 0.0)
(42.563324, 23.285269, 0.0)
(40.443417, 23.059603, 0.0)
(37.199875, 23.007444, 0.0)
(34.659779, 25.385506, 0.0)
(32.783535, 27.002365, 0.0)
(31.519695, 28.529297, 0.0)
(30.787779, 29.422094, 0.0)
(30.546005, 29.612425, 0.0)
(30.465326, 29.634228, 0.0)
(29.945982, 30.073494, 0.0)
(29.530798, 30.385931, 0.0)
(29.454464, 30.452559, 0.0)
(29.449286, 30.382198, 0.0)
(29.424725, 30.437719, 0.0)
(29.358381, 30.511406, 0.0)
(29.333250, 30.531765, 0.0)
(29.287090, 30.520000, 0.0)
(29.270893, 30.566624, 0.0)
(29.244637, 30.556192, 0.0)
(29.238136, 30.541565, 0.0)
(29.207113, 30.510494, 0.0)
(29.262548, 30.505724, 0.0)
(29.409815, 29.403601, 0.0)
(29.482956, 27.126894, 0.0)
(29.666683, 25.550961, 0.0)
(29.694815, 25.160440, 0.0)
(29.682793, 25.017145, 0.0)
(29.625793, 24.963036, 0.0)
(29.578602, 24.960180, 0.0)
(29.568434, 24.960060, 0.0)
(29.629419, 24.952450, 0.0)
(29.603102, 24.987942, 0.0)
(29.629545, 25.007654, 0.0)
(29.687752, 24.921547, 0.0)
(29.703964, 24.874281, 0.0)
(29.712132, 24.843327, 0.0)
(29.710638, 24.855335, 0.0)
(29.664295, 24.923426, 0.0)
(29.262512, 24.840073, 0.0)
(28.260187, 24.067493, 0.0)
(28.178064, 23.877243, 0.0)
(28.181196, 23.875353, 0.0)
(28.198364, 23.986071, 0.0)
(28.203016, 23.977428, 0.0)
(28.214592, 23.963078, 0.0)
(28.222879, 23.964977, 0.0)
(28.239830, 23.950506, 0.0)
(28.069115, 24.009264, 0.0)
(28.053949, 24.044622, 0.0)
(28.048960, 24.080980, 0.0)
(28.023239, 24.075800, 0.0)
(27.993549, 24.131229, 0.0)
(27.975029, 24.179693, 0.0)
(27.932003, 24.197044, 0.0)
(27.952450, 24.206842, 0.0)
(29.012878, 24.595142, 0.0)
(29.222042, 24.787453, 0.0)
(29.251516, 24.752373, 0.0)
(29.261602, 24.703278, 0.0)
(29.253950, 24.682821, 0.0)
(29.235321, 24.683245, 0.0)
(29.228495, 24.694042, 0.0)
(29.184801, 24.724300, 0.0)
(29.172916, 24.733837, 0.0)
(29.194443, 24.738073, 0.0)
(29.227215, 24.775976, 0.0)
(29.293158, 24.728954, 0.0)
(29.301369, 24.704000, 0.0)
(29.315557, 24.661997, 0.0)
(29.333824, 24.648048, 0.0)
(29.389030, 24.624422, 0.0)
(29.472193, 24.577698, 0.0)
(29.454056, 24.595491, 0.0)
(29.400669, 24.587624, 0.0)
(29.772505, 24.589165, 0.0)
(33.200085, 25.234188, 0.0)
(35.302082, 25.762449, 0.0)
(35.472958, 25.653887, 0.0)
(35.477425, 25.610033, 0.0)
(35.547054, 25.582291, 0.0)
(35.622982, 25.555285, 0.0)
(35.699932, 25.512575, 0.0)
(35.712624, 25.430119, 0.0)
(35.697472, 25.381458, 0.0)
(35.732941, 25.322222, 0.0)
(35.788548, 25.371239, 0.0)
(35.803925, 25.335192, 0.0)
(35.796467, 25.282719, 0.0)
(35.772144, 25.338213, 0.0)
(35.755611, 25.332769, 0.0)
(35.732964, 25.338106, 0.0)
(35.719097, 25.291216, 0.0)
(35.707161, 25.264242, 0.0)
(35.702534, 25.271019, 0.0)
(35.730808, 25.305246, 0.0)
(35.738892, 25.260036, 0.0)
(35.743809, 25.298788, 0.0)
(35.726192, 25.322508, 0.0)
(35.695389, 25.330223, 0.0)
(35.700428, 25.336990, 0.0)
(35.649975, 25.543257, 0.0)
(35.605232, 25.617868, 0.0)
(35.637829, 25.597904, 0.0)
(35.670227, 25.561914, 0.0)
(35.663616, 25.522280, 0.0)
(35.658890, 25.497183, 0.0)
(35.668911, 25.479950, 0.0)
(35.672943, 25.499323, 0.0)
(35.610649, 25.559963, 0.0)
(35.590595, 25.607908, 0.0)
(35.573494, 25.655945, 0.0)
(35.564930, 25.641434, 0.0)
(35.581795, 25.642002, 0.0)
(34.301563, 26.300713, 0.0)
(31.629019, 28.256804, 0.0)
(29.890879, 29.529455, 0.0)
(29.505892, 30.247282, 0.0)
(29.485439, 30.343235, 0.0)
(29.456844, 30.320393, 0.0)
(29.376019, 30.326891, 0.0)
(29.367537, 30.359591, 0.0)
(30.561016, 30.728205, 0.0)
(30.645370, 30.722511, 0.0)
(30.648407, 30.806000, 0.0)
(30.702919, 30.804432, 0.0)
(32.463615, 30.604399, 0.0)
(32.887177, 30.545630, 0.0)
(32.927391, 30.527412, 0.0)
(32.961777, 30.473703, 0.0)
(33.016338, 30.514814, 0.0)
(33.113304, 30.548155, 0.0)
(33.184994, 30.649096, 0.0)
(33.485355, 30.702053, 0.0)
(35.005402, 30.670366, 0.0)
(35.266727, 30.690605, 0.0)
(35.324432, 30.722738, 0.0)
(35.340637, 30.745266, 0.0)
(36.202164, 30.860888, 0.0)
(38.535877, 30.747948, 0.0)
(40.106396, 30.475397, 0.0)
(40.351791, 30.378998, 0.0)
(40.377468, 30.357418, 0.0)
(40.411301, 30.299856, 0.0)
(40.437836, 30.288754, 0.0)
(40.435604, 30.281517, 0.0)
(40.419502, 30.287676, 0.0)
(40.443302, 30.304274, 0.0)
(41.529678, 30.175686, 0.0)
(41.780987, 30.049664, 0.0)
(41.840992, 29.954098, 0.0)
(41.893005, 29.833160, 0.0)
(41.891479, 29.761290, 0.0)
(41.909809, 29.745251, 0.0)
(41.948853, 29.768333, 0.0)
(41.944088, 29.746229, 0.0)
(41.919987, 29.755058, 0.0)
(42.002613, 29.776127, 0.0)
(42.015949, 29.771128, 0.0)
(42.078800, 29.779900, 0.0)
(42.051888, 29.724985, 0.0)
(42.071640, 29.709534, 0.0)
(42.030548, 29.733084, 0.0)
(42.108688, 29.760635, 0.0)
(42.142826, 29.721138, 0.0)
(42.327156, 29.553715, 0.0)
(42.553089, 29.333874, 0.0)
(42.472435, 29.291204, 0.0)
(42.440498, 29.293964, 0.0)
(42.415844, 29.272772, 0.0)
(42.516476, 29.273899, 0.0)
(42.499020, 29.355371, 0.0)
(42.531975, 29.378265, 0.0)
(42.419384, 29.433191, 0.0)
(41.962315, 29.365088, 0.0)
(41.631241, 29.432346, 0.0)
(41.550316, 29.512857, 0.0)
(41.286472, 29.638941, 0.0)
(39.205902, 29.850817, 0.0)
(38.728207, 29.872393, 0.0)
(38.713131, 29.894907, 0.0)
(38.643059, 29.946732, 0.0)
(38.533035, 29.976894, 0.0)
(38.493614, 29.995047, 0.0)
(38.165630, 30.086475, 0.0)
(34.957180, 30.544399, 0.0)
(32.460056, 30.805523, 0.0)
(31.862856, 30.684641, 0.0)
(31.772295, 30.684891, 0.0)
(31.655455, 30.673429, 0.0)
(31.514929, 30.713785, 0.0)
(31.451492, 30.735664, 0.0)
(31.433390, 30.751554, 0.0)
(31.415817, 30.777887, 0.0)
(31.380117, 30.797522, 0.0)
(31.392351, 30.834133, 0.0)
(31.358395, 30.805914, 0.0)
(31.340822, 30.775229, 0.0)
(31.338764, 30.719114, 0.0)
(31.323395, 30.759655, 0.0)
(31.306087, 30.829254, 0.0)
(31.264814, 30.845407, 0.0)
(31.207541, 30.836929, 0.0)
(31.092283, 30.884937, 0.0)
(30.371847, 31.058664, 0.0)
(30.193047, 31.066408, 0.0)
(30.169197, 31.049337, 0.0)
(30.118052, 31.015680, 0.0)
(30.108280, 31.037325, 0.0)
(30.159840, 31.024685, 0.0)
(30.160061, 31.020649, 0.0)
(30.122076, 31.017504, 0.0)
(30.062695, 31.025375, 0.0)
(30.026976, 30.993744, 0.0)
(29.987711, 31.043633, 0.0)
(29.951197, 31.059441, 0.0)
(30.247654, 30.981859, 0.0)
(30.480627, 30.955494, 0.0)
(30.451674, 30.935408, 0.0)
(30.299433, 30.911434, 0.0)
(29.720884, 30.932629, 0.0)
(29.668003, 30.903030, 0.0)
(29.678017, 30.923382, 0.0)
(29.600508, 30.913538, 0.0)
(29.557438, 30.912024, 0.0)
(29.532585, 30.946606, 0.0)
(29.518417, 30.956392, 0.0)
(29.549479, 30.941723, 0.0)
(29.582434, 30.910273, 0.0)
(29.592270, 30.900276, 0.0)
(29.742300, 30.962206, 0.0)
(29.755590, 30.958197, 0.0)
(30.483879, 30.778444, 0.0)
(31.451809, 30.541584, 0.0)
(31.668287, 30.544563, 0.0)
(31.705046, 30.554123, 0.0)
(32.181591, 30.541393, 0.0)
(32.699020, 30.488970, 0.0)
(32.791382, 30.473406, 0.0)
(32.893402, 30.491838, 0.0)
(32.958443, 30.573030, 0.0)
(33.046730, 30.569052, 0.0)
(33.117573, 30.608458, 0.0)
(33.225342, 30.577635, 0.0)
(33.291386, 30.602858, 0.0)
(34.061291, 30.734163, 0.0)
(36.883640, 30.639019, 0.0)
(39.298538, 30.404821, 0.0)
(40.573753, 30.005129, 0.0)
(40.910309, 29.781946, 0.0)
(40.983932, 29.765526, 0.0)
(40.968052, 29.749161, 0.0)
(40.982014, 29.745373, 0.0)
(41.033012, 29.736208, 0.0)
(41.074326, 29.742796, 0.0)
(41.565273, 29.668201, 0.0)
(42.007259, 29.632915, 0.0)
(42.048313, 29.595375, 0.0)
(42.049568, 29.625422, 0.0)
(42.067486, 29.617708, 0.0)
(42.073975, 29.620987, 0.0)
(42.077499, 29.626123, 0.0)
(42.100834, 29.512974, 0.0)
(42.143658, 29.477749, 0.0)
(42.207558, 29.478500, 0.0)
(42.247952, 29.471718, 0.0)
(42.369659, 29.413584, 0.0)
(42.370197, 29.387867, 0.0)
(42.368782, 29.368139, 0.0)
(42.359730, 29.357590, 0.0)
(42.367588, 29.337805, 0.0)
(42.350883, 29.331671, 0.0)
(42.288860, 29.374733, 0.0)
(42.242054, 29.429060, 0.0)
(42.242371, 29.409447, 0.0)
(42.207153, 29.326126, 0.0)
(42.246910, 29.305349, 0.0)
(42.237583, 29.291191, 0.0)
(42.200142, 29.291161, 0.0)
(42.279171, 29.320797, 0.0)
(42.202953, 29.229630, 0.0)
(42.233051, 29.206039, 0.0)
(42.204971, 29.207146, 0.0)
(42.210579, 29.216658, 0.0)
(42.170689, 29.197586, 0.0)
(42.217701, 29.202745, 0.0)
(42.161766, 29.227938, 0.0)
(42.052540, 29.224068, 0.0)
(41.655212, 29.157480, 0.0)
(41.640339, 29.152920, 0.0)
(41.572037, 29.147274, 0.0)
(40.629658, 29.236059, 0.0)
(40.418041, 29.168737, 0.0)
(40.300758, 29.228861, 0.0)
(40.024441, 29.275461, 0.0)
(39.903061, 29.375271, 0.0)
(37.955284, 29.524006, 0.0)
(36.198051, 29.674997, 0.0)
(34.340164, 29.899860, 0.0)
(33.291313, 29.936945, 0.0)
(33.070354, 29.893719, 0.0)
(33.087662, 29.893112, 0.0)
(33.100342, 29.944860, 0.0)
(33.064381, 29.994696, 0.0)
(33.026299, 29.988691, 0.0)
(32.643330, 30.189217, 0.0)
(31.380165, 30.528290, 0.0)
(30.833113, 30.563023, 0.0)
(30.712378, 30.600531, 0.0)
(30.686651, 30.638893, 0.0)
(30.652975, 30.639639, 0.0)
(30.616310, 30.626143, 0.0)
(30.565245, 30.566111, 0.0)
(30.558897, 30.529335, 0.0)
(30.542362, 30.527803, 0.0)
(30.538565, 30.521255, 0.0)
(30.501869, 30.559731, 0.0)
(30.451372, 30.644238, 0.0)
(30.398720, 30.659409, 0.0)
(30.323076, 30.631414, 0.0)
(30.307501, 30.647800, 0.0)
(30.327377, 30.695047, 0.0)
(30.189966, 30.676271, 0.0)
(30.287201, 30.719404, 0.0)
(30.237381, 30.671989, 0.0)
(30.030491, 30.719208, 0.0)
(29.572575, 30.599106, 0.0)
(29.419142, 30.515768, 0.0)
(29.312492, 30.486319, 0.0)
(29.240704, 30.468012, 0.0)
(29.200199, 30.504168, 0.0)
(29.149965, 30.504698, 0.0)
(29.087147, 30.509308, 0.0)
(29.057913, 30.485258, 0.0)
(29.064201, 30.444098, 0.0)
(29.045931, 30.350643, 0.0)
(29.044081, 30.332443, 0.0)
(29.063971, 30.340752, 0.0)
(29.064682, 30.372036, 0.0)
(29.001741, 30.378994, 0.0)
(28.964918, 30.390816, 0.0)
(28.965744, 30.413279, 0.0)
(28.984507, 30.427153, 0.0)
(29.373960, 30.115147, 0.0)
(29.554920, 29.981150, 0.0)
(29.654934, 29.940878, 0.0)
(29.731102, 29.909811, 0.0)
(29.887726, 29.956158, 0.0)
(30.012011, 30.004822, 0.0)
(31.805872, 29.816299, 0.0)
(32.074997, 29.795195, 0.0)
(32.237175, 29.794489, 0.0)
(32.359966, 29.813681, 0.0)
(32.454620, 29.828634, 0.0)
(32.518387, 29.797461, 0.0)
(32.613602, 29.894182, 0.0)
(32.713768, 29.846243, 0.0)
(34.866440, 29.967403, 0.0)
(38.003231, 29.908276, 0.0)
(39.840855, 29.898901, 0.0)
(40.432690, 29.673044, 0.0)
(40.451298, 29.528078, 0.0)
(40.487640, 29.453363, 0.0)
(40.507439, 29.452772, 0.0)
(40.548687, 29.398811, 0.0)
(40.626938, 29.396868, 0.0)
(40.676064, 29.386410, 0.0)
(40.621063, 29.359089, 0.0)
(40.627846, 29.373808, 0.0)
(40.680756, 29.355368, 0.0)
(40.692398, 29.379511, 0.0)
(41.532101, 29.344007, 0.0)
(41.971558, 29.429060, 0.0)
(41.931725, 29.304316, 0.0)
(41.865124, 29.198753, 0.0)
(41.829647, 29.184000, 0.0)
(41.831799, 29.161469, 0.0)
(42.125496, 29.240408, 0.0)
(42.214149, 29.198534, 0.0)
(42.281879, 29.114491, 0.0)
(42.356342, 29.061071, 0.0)
(42.433064, 28.980995, 0.0)
(42.457253, 28.906393, 0.0)
(42.438988, 28.865103, 0.0)
(42.411560, 28.892923, 0.0)
(42.308460, 28.875921, 0.0)
(42.264542, 28.891857, 0.0)
(42.299549, 28.894903, 0.0)
(42.369751, 28.931515, 0.0)
(42.419304, 28.927483, 0.0)
(42.422897, 28.923677, 0.0)
(42.232994, 28.811243, 0.0)
(42.210052, 28.785313, 0.0)
(42.221531, 28.797649, 0.0)
(42.258385, 28.809710, 0.0)
(42.212074, 28.815203, 0.0)
(42.197350, 28.798262, 0.0)
(42.074211, 28.789623, 0.0)
(42.007286, 28.802916, 0.0)
(35.345890, 29.648636, 0.0)
(35.259842, 29.531221, 0.0)
(35.105568, 29.433523, 0.0)
(35.031296, 29.390770, 0.0)
(34.980610, 29.319311, 0.0)
(34.080753, 29.473465, 0.0)
(33.237759, 29.448404, 0.0)
(33.163033, 29.419758, 0.0)
(33.176392, 29.442430, 0.0)
(33.153141, 29.463680, 0.0)
(33.072010, 29.490870, 0.0)
(32.939629, 29.533924, 0.0)
(32.886066, 29.557722, 0.0)
(32.810959, 29.558645, 0.0)
(32.768650, 29.556454, 0.0)
(32.701950, 29.552549, 0.0)
(32.663231, 29.575876, 0.0)
(31.598917, 29.978140, 0.0)
(31.241404, 29.938105, 0.0)
(31.144732, 29.839624, 0.0)
(31.006966, 29.880636, 0.0)
(30.950804, 29.880047, 0.0)
(30.844753, 29.909880, 0.0)
(30.785938, 29.951391, 0.0)
(30.762638, 29.951200, 0.0)
(30.738726, 29.939196, 0.0)
(30.819233, 29.969913, 0.0)
(30.818256, 29.991385, 0.0)
(30.797829, 29.965002, 0.0)
(30.696367, 29.944065, 0.0)
(30.697231, 29.971518, 0.0)
(30.041962, 30.225925, 0.0)
(29.665527, 30.230818, 0.0)
(29.590912, 30.159229, 0.0)
(29.513756, 30.138681, 0.0)
(29.398073, 30.181673, 0.0)
(29.393368, 30.216105, 0.0)
(29.382071, 30.196888, 0.0)
(29.321156, 30.183270, 0.0)
(29.285223, 30.169298, 0.0)
(29.319939, 30.233568, 0.0)
(29.331480, 30.228197, 0.0)
(29.316301, 30.227047, 0.0)
(29.315882, 30.172100, 0.0)
(29.298550, 30.189062, 0.0)
(29.297625, 30.205505, 0.0)
(29.288906, 30.228708, 0.0)
(29.302528, 30.238495, 0.0)
(29.283115, 30.269911, 0.0)
(29.463984, 30.199888, 0.0)
(31.228632, 29.672886, 0.0)
(32.209301, 29.399748, 0.0)
(32.797138, 29.322710, 0.0)
(35.201214, 29.146412, 0.0)
(37.440277, 29.140564, 0.0)
(39.520409, 29.059635, 0.0)
(40.725224, 28.960300, 0.0)
(41.410240, 28.826895, 0.0)
(41.515278, 28.645056, 0.0)
(41.664925, 28.578066, 0.0)
(41.718510, 28.580561, 0.0)
(41.714222, 28.577791, 0.0)
(41.759476, 28.552464, 0.0)
(41.824757, 28.575674, 0.0)
(41.837551, 28.637426, 0.0)
(42.238091, 28.585861, 0.0)
(42.304733, 28.492575, 0.0)
(42.320099, 28.458387, 0.0)
(42.338551, 28.450430, 0.0)
(42.361572, 28.467375, 0.0)
(42.338051, 28.465252, 0.0)
(42.282433, 28.477228, 0.0)
(42.259705, 28.495604, 0.0)
(42.247318, 28.497877, 0.0)
(42.262821, 28.483438, 0.0)
(42.277660, 28.458839, 0.0)
(42.239384, 28.461607, 0.0)
(42.276814, 28.463388, 0.0)
(42.395042, 28.385309, 0.0)
(42.442196, 28.389011, 0.0)
(42.467381, 28.407692, 0.0)
(42.449810, 28.435556, 0.0)
(42.442459, 28.420700, 0.0)
(42.411591, 28.390306, 0.0)
(42.441959, 28.420042, 0.0)
(42.407707, 28.416340, 0.0)
(42.377098, 28.430479, 0.0)
(42.389065, 28.435946, 0.0)
(42.429783, 28.447161, 0.0)
(42.365200, 28.419992, 0.0)
(42.357964, 28.406042, 0.0)
(42.361713, 28.396397, 0.0)
(42.369045, 28.401569, 0.0)
(42.372921, 28.451731, 0.0)
(42.251007, 28.476818, 0.0)
(42.210575, 28.516327, 0.0)
(42.192902, 28.562677, 0.0)
(42.251682, 28.571938, 0.0)
(42.284145, 28.573494, 0.0)
(42.273964, 28.544485, 0.0)
(42.295769, 28.517904, 0.0)
(42.324036, 28.481707, 0.0)
(42.296585, 28.477131, 0.0)
(42.302597, 28.458958, 0.0)
(42.299240, 28.484076, 0.0)
(42.241650, 28.550991, 0.0)
(40.841373, 28.331654, 0.0)
(40.650898, 28.327827, 0.0)
(40.628746, 28.363026, 0.0)
(40.513668, 28.348633, 0.0)
(40.331081, 28.360439, 0.0)
(40.204926, 28.328331, 0.0)
(38.104710, 28.342100, 0.0)
(35.048412, 28.317303, 0.0)
(32.733578, 28.626923, 0.0)
(31.416426, 28.562180, 0.0)
(31.171545, 28.513367, 0.0)
(31.065409, 28.508194, 0.0)
(30.929079, 28.481066, 0.0)
(30.877974, 28.462807, 0.0)
(30.870714, 28.499435, 0.0)
(30.890173, 28.492453, 0.0)
(30.936306, 28.434294, 0.0)
(30.959368, 28.364567, 0.0)
(30.974777, 28.342548, 0.0)
(30.994322, 28.417130, 0.0)
(31.007948, 28.431875, 0.0)
(31.002920, 28.506582, 0.0)
(30.235714, 28.758718, 0.0)
(29.704988, 28.793713, 0.0)
(29.651009, 28.780945, 0.0)
(29.553349, 28.816259, 0.0)
(29.566900, 28.829657, 0.0)
(29.548698, 28.825771, 0.0)
(29.544008, 28.823334, 0.0)
(29.506912, 28.762543, 0.0)
(29.438843, 28.795227, 0.0)
(29.356815, 28.712582, 0.0)
(29.352741, 28.689049, 0.0)
(28.953388, 28.883865, 0.0)
(28.920860, 28.932743, 0.0)
(28.930965, 28.936787, 0.0)
(28.920326, 28.924980, 0.0)
(28.891262, 28.966295, 0.0)
(28.914822, 28.962864, 0.0)
(28.930410, 28.961006, 0.0)
(28.917841, 28.953962, 0.0)
(28.919849, 28.952190, 0.0)
(28.909731, 28.979834, 0.0)
(28.917688, 28.970154, 0.0)
(28.916380, 28.987532, 0.0)
(28.888187, 28.998688, 0.0)
(28.820908, 29.024181, 0.0)
(28.749794, 29.028572, 0.0)
(28.731953, 29.041063, 0.0)
(28.670744, 29.034277, 0.0)
(28.661238, 29.036156, 0.0)
(28.655918, 29.035553, 0.0)
(28.649338, 29.015930, 0.0)
(28.680637, 29.045860, 0.0)
(28.678829, 29.010948, 0.0)
(28.693174, 28.975029, 0.0)
(28.782196, 28.908792, 0.0)
(28.810011, 28.928579, 0.0)
(28.859970, 29.000559, 0.0)
(30.845833, 28.234512, 0.0)
(31.043312, 28.119356, 0.0)
(31.093016, 28.118618, 0.0)
(31.229446, 28.161339, 0.0)
(31.338638, 28.135860, 0.0)
(31.712267, 28.087280, 0.0)
(34.163116, 27.831175, 0.0)
(37.297581, 27.954664, 0.0)
(39.593864, 28.210318, 0.0)
(40.956997, 28.227753, 0.0)
(41.476501, 28.012583, 0.0)
(41.542274, 27.895597, 0.0)
(41.574192, 27.851255, 0.0)
(41.614204, 27.829672, 0.0)
(41.671345, 27.828060, 0.0)
(41.934341, 27.851597, 0.0)
(42.183666, 27.804920, 0.0)
(42.213829, 27.744730, 0.0)
(42.222847, 27.738405, 0.0)
(42.304836, 27.697861, 0.0)
(42.399788, 27.634270, 0.0)
(42.386917, 27.602289, 0.0)
(42.458561, 27.609270, 0.0)
(42.506081, 27.644547, 0.0)
(42.507423, 27.587826, 0.0)
(42.520065, 27.580299, 0.0)
(42.514793, 27.598398, 0.0)
(42.531693, 27.640362, 0.0)
(42.504108, 27.634300, 0.0)
(42.516788, 27.624842, 0.0)
(42.495338, 27.626266, 0.0)
(42.465824, 27.575224, 0.0)
(42.431412, 27.533157, 0.0)
(42.468090, 27.469072, 0.0)
(42.450706, 27.454416, 0.0)
(42.476120, 27.446154, 0.0)
(42.459015, 27.428511, 0.0)
(42.435848, 27.421539, 0.0)
(42.375923, 27.444456, 0.0)
(42.361877, 27.454613, 0.0)
(42.305622, 27.457306, 0.0)
(42.332615, 27.492487, 0.0)
(42.330318, 27.440733, 0.0)
(42.313797, 27.384415, 0.0)
(42.285477, 27.355551, 0.0)
(42.305019, 27.337040, 0.0)
(42.324093, 27.326679, 0.0)
(42.301514, 27.333433, 0.0)
(42.272003, 27.344877, 0.0)
(42.227161, 27.346254, 0.0)
(42.208599, 27.337086, 0.0)
(42.187496, 27.332451, 0.0)
(42.180725, 27.317804, 0.0)
(42.136112, 27.320229, 0.0)
(40.943649, 26.970144, 0.0)
(40.702061, 26.926603, 0.0)
(40.765114, 26.900772, 0.0)
(40.709751, 26.930304, 0.0)
(40.618740, 26.940720, 0.0)
(40.476246, 26.938461, 0.0)
(40.305923, 26.953108, 0.0)
(40.188053, 26.886421, 0.0)
(40.031612, 26.880072, 0.0)
(39.925644, 26.887413, 0.0)
(39.786049, 26.964968, 0.0)
(38.240604, 26.817398, 0.0)
(37.855267, 26.816668, 0.0)
(37.780235, 26.807636, 0.0)
(37.681095, 26.759048, 0.0)
(37.542553, 26.785162, 0.0)
(37.318306, 26.795099, 0.0)
(37.187588, 26.852516, 0.0)
(37.008953, 27.208578, 0.0)
(35.976395, 28.216835, 0.0)
(35.627110, 28.452038, 0.0)
(35.668594, 28.342485, 0.0)
(35.458958, 28.185055, 0.0)
(35.506908, 27.938662, 0.0)
(33.552620, 28.096001, 0.0)
(32.283009, 27.977205, 0.0)
(32.062649, 27.800886, 0.0)
(31.957314, 27.644054, 0.0)
(31.823685, 27.649868, 0.0)
(31.717258, 27.557802, 0.0)
(31.652203, 27.596966, 0.0)
(30.671019, 27.991488, 0.0)
(30.103771, 28.086769, 0.0)
(29.983580, 28.034092, 0.0)
(29.939104, 28.025810, 0.0)
(29.898266, 28.013147, 0.0)
(29.868229, 27.942360, 0.0)
(29.830229, 27.825356, 0.0)
(29.793726, 27.765079, 0.0)
(29.762833, 27.748589, 0.0)
(29.705276, 27.744562, 0.0)
(29.613190, 27.706503, 0.0)
(29.440838, 27.813087, 0.0)
(29.377329, 27.910145, 0.0)
(28.531792, 28.331543, 0.0)
(28.271864, 28.329315, 0.0)
(28.259523, 28.287798, 0.0)
(28.223618, 28.231544, 0.0)
(28.232431, 28.207582, 0.0)
(28.250372, 28.196337, 0.0)
(28.263760, 28.144367, 0.0)
(28.229319, 28.116302, 0.0)
(28.219051, 28.112869, 0.0)
(28.232975, 28.115751, 0.0)
(28.263935, 28.089277, 0.0)
(28.272020, 28.110359, 0.0)
(28.290216, 28.134886, 0.0)
(29.274218, 27.594929, 0.0)
(29.491383, 27.421198, 0.0)
(29.602482, 27.304998, 0.0)
(29.725504, 27.147753, 0.0)
(29.848589, 27.002306, 0.0)
(30.013838, 26.967813, 0.0)
(30.133980, 26.924730, 0.0)
(30.720829, 26.746033, 0.0)
(31.726181, 26.493135, 0.0)
(31.917768, 26.513958, 0.0)
(31.991806, 26.456085, 0.0)
(32.121109, 26.504810, 0.0)
(34.881771, 26.489012, 0.0)
(38.197918, 26.767740, 0.0)
(40.101585, 26.979723, 0.0)
(40.534283, 26.874491, 0.0)
(40.582859, 26.777710, 0.0)
(40.625992, 26.723139, 0.0)
(40.628815, 26.668888, 0.0)
(40.644585, 26.644571, 0.0)
(41.908367, 26.956631, 0.0)
(42.218765, 26.972780, 0.0)
(42.233707, 26.921865, 0.0)
(42.257805, 26.873077, 0.0)
(42.497185, 26.807926, 0.0)
(42.557373, 26.699753, 0.0)
(42.530903, 26.631952, 0.0)
(42.520786, 26.588961, 0.0)
(42.535931, 26.587776, 0.0)
(42.524441, 26.587761, 0.0)
(42.490887, 26.576725, 0.0)
(42.461014, 26.609661, 0.0)
(42.426968, 26.595284, 0.0)
(42.420338, 26.592939, 0.0)
(42.461704, 26.545895, 0.0)
(42.485081, 26.521784, 0.0)
(42.496887, 26.491465, 0.0)
(42.525124, 26.478836, 0.0)
(42.516548, 26.500734, 0.0)
(42.558422, 26.490244, 0.0)
(42.537746, 26.496675, 0.0)
(42.468773, 26.494425, 0.0)
(42.365265, 26.500174, 0.0)
(42.339764, 26.486713, 0.0)
(42.297710, 26.455828, 0.0)
(42.294781, 26.456491, 0.0)
(42.423801, 26.468279, 0.0)
(42.486835, 26.445583, 0.0)
(42.493118, 26.497669, 0.0)
(42.496891, 26.481440, 0.0)
(42.458069, 26.453487, 0.0)
(42.401291, 26.455751, 0.0)
(42.364799, 26.492987, 0.0)
(42.303272, 26.581495, 0.0)
(42.265606, 26.627964, 0.0)
(41.812775, 26.520451, 0.0)
(40.970299, 26.153669, 0.0)
(40.878880, 26.068577, 0.0)
(40.909351, 25.988966, 0.0)
(40.898544, 25.929621, 0.0)
(40.757252, 25.834820, 0.0)
(40.688454, 25.780560, 0.0)
(40.589039, 25.775873, 0.0)
(40.472542, 25.768955, 0.0)
(40.269997, 25.758478, 0.0)
(40.057758, 25.781567, 0.0)
(38.235977, 25.613234, 0.0)
(35.911861, 25.505589, 0.0)
(35.283852, 25.460739, 0.0)
(35.190285, 25.418741, 0.0)
(35.070484, 25.421024, 0.0)
(34.532047, 25.506760, 0.0)
(32.344296, 25.958944, 0.0)
(31.839964, 26.053181, 0.0)
(31.722357, 25.915415, 0.0)
(31.668585, 25.867310, 0.0)
(31.540188, 25.891407, 0.0)
(30.014530, 26.487509, 0.0)
(29.795137, 26.564678, 0.0)
(29.741819, 26.560638, 0.0)
(29.703875, 26.582291, 0.0)
(29.659487, 26.614515, 0.0)
(29.656837, 26.602848, 0.0)
(28.614475, 27.002338, 0.0)
(28.305542, 27.059977, 0.0)
(28.305525, 26.997925, 0.0)
(28.314657, 26.984400, 0.0)
(28.307858, 26.949287, 0.0)
(28.305502, 26.940741, 0.0)
(28.273745, 26.997019, 0.0)
(28.249088, 27.008116, 0.0)
(28.213470, 27.027407, 0.0)
(28.198080, 27.011301, 0.0)
(28.191784, 27.045225, 0.0)
(28.162615, 27.062958, 0.0)
(28.173304, 27.058292, 0.0)
(28.182888, 27.042551, 0.0)
(28.195061, 27.045874, 0.0)
(28.207249, 26.985037, 0.0)
(28.199516, 26.949858, 0.0)
(28.193041, 26.957300, 0.0)
(28.194792, 26.973761, 0.0)
(28.148018, 27.038736, 0.0)
(28.098791, 27.071192, 0.0)
(28.076277, 27.099276, 0.0)
(28.072859, 27.100380, 0.0)
(28.133698, 27.106407, 0.0)
(28.156872, 27.093315, 0.0)
(28.181654, 27.077745, 0.0)
(28.209114, 27.111156, 0.0)
(28.217604, 27.072075, 0.0)
(28.234142, 27.076923, 0.0)
(28.692684, 26.636904, 0.0)
(28.925907, 26.481619, 0.0)
(28.983107, 26.398432, 0.0)
(29.643476, 26.124834, 0.0)
(32.468285, 25.709108, 0.0)
(34.916016, 27.113846, 0.0)
(38.468761, 27.361320, 0.0)
(40.040607, 27.340302, 0.0)
(40.573174, 26.839605, 0.0)
(40.642864, 26.481773, 0.0)
(40.668762, 26.308592, 0.0)
(40.772804, 26.165268, 0.0)
(40.791584, 26.080490, 0.0)
(40.842373, 26.015949, 0.0)
(40.831741, 26.011822, 0.0)
(40.862648, 25.994520, 0.0)
(40.848339, 26.018906, 0.0)
(40.842873, 26.030855, 0.0)
(40.818989, 26.041525, 0.0)
(41.487476, 26.169964, 0.0)
(42.269154, 26.246588, 0.0)
(42.347679, 26.204035, 0.0)
(42.217468, 26.056952, 0.0)
(42.296726, 25.980736, 0.0)
(42.401367, 25.918961, 0.0)
(42.427372, 25.887844, 0.0)
(42.437702, 25.886450, 0.0)
(42.404125, 25.843508, 0.0)
(42.364796, 25.856934, 0.0)
(42.371216, 25.850971, 0.0)
(42.372940, 25.850117, 0.0)
(42.364296, 25.815548, 0.0)
(42.396542, 25.811296, 0.0)
(42.446480, 25.754009, 0.0)
(42.452461, 25.740902, 0.0)
(42.464535, 25.647369, 0.0)
(42.449448, 25.618450, 0.0)
(42.420879, 25.644106, 0.0)
(42.419418, 25.679577, 0.0)
(42.410568, 25.689997, 0.0)
(42.423592, 25.684694, 0.0)
(42.419308, 25.687319, 0.0)
(42.404079, 25.691429, 0.0)
(42.370529, 25.702665, 0.0)
(42.355350, 25.685144, 0.0)
(42.326839, 25.670504, 0.0)
(42.352940, 25.674812, 0.0)
(42.378231, 25.678049, 0.0)
(42.419136, 25.657236, 0.0)
(42.409271, 25.664074, 0.0)
(42.405315, 25.654701, 0.0)
(42.414692, 25.702732, 0.0)
(42.386353, 25.736086, 0.0)
(42.332378, 25.759253, 0.0)
(42.280102, 25.746998, 0.0)
(42.304409, 25.720747, 0.0)
(42.351166, 25.724037, 0.0)
(42.265461, 25.704393, 0.0)
(42.237274, 25.677713, 0.0)
(42.008743, 25.620729, 0.0)
(41.444923, 25.397285, 0.0)
(41.300896, 25.387659, 0.0)
(41.183903, 25.332254, 0.0)
(40.240265, 25.127666, 0.0)
(39.943569, 25.106186, 0.0)
(39.818367, 25.062799, 0.0)
(39.686626, 25.015018, 0.0)
(39.498325, 24.983742, 0.0)
(39.274338, 24.959663, 0.0)
(37.001408, 24.660688, 0.0)
(35.216087, 24.492422, 0.0)
(35.012539, 24.495247, 0.0)
(34.848377, 24.464363, 0.0)
(34.757359, 24.499464, 0.0)
(34.617565, 24.511160, 0.0)
(34.502453, 24.555563, 0.0)
(34.404625, 24.580149, 0.0)
(34.324955, 24.570473, 0.0)
(34.200581, 24.588034, 0.0)
(32.353722, 25.154076, 0.0)
(29.831232, 26.080444, 0.0)
(29.087210, 26.429361, 0.0)
(28.952353, 26.444885, 0.0)
(28.889980, 26.437906, 0.0)
(28.873846, 26.429379, 0.0)
(28.501852, 26.533724, 0.0)
(28.239874, 26.564760, 0.0)
(28.229786, 26.612242, 0.0)
(28.210363, 26.636538, 0.0)
(28.202202, 26.635496, 0.0)
(28.190573, 26.564013, 0.0)
(28.178291, 26.551794, 0.0)
(28.177746, 26.552748, 0.0)
(28.199049, 26.546051, 0.0)
(28.213350, 26.546745, 0.0)
(28.211933, 26.556713, 0.0)
(28.536638, 26.426334, 0.0)
(30.099657, 25.854269, 0.0)
(30.274731, 25.771858, 0.0)
(30.228739, 25.777380, 0.0)
(30.208984, 25.792439, 0.0)
(30.179235, 25.825317, 0.0)
(29.491398, 26.183098, 0.0)
(29.251478, 26.331125, 0.0)
(29.244385, 26.273897, 0.0)
(29.205723, 26.225725, 0.0)
(29.190823, 26.209846, 0.0)
(28.722692, 26.445507, 0.0)
(28.378677, 26.598680, 0.0)
(28.343233, 26.573105, 0.0)
(28.302326, 26.592373, 0.0)
(28.269457, 26.655205, 0.0)
(28.289249, 26.657135, 0.0)
(28.309534, 26.590315, 0.0)
(28.539442, 26.461933, 0.0)
(29.224686, 25.822783, 0.0)
(29.641619, 25.607756, 0.0)
(30.413071, 25.203791, 0.0)
(30.663095, 24.979113, 0.0)
(30.771673, 24.876570, 0.0)
(30.827597, 24.847578, 0.0)
(30.878429, 24.775824, 0.0)
(30.923971, 24.783562, 0.0)
(30.953924, 24.780390, 0.0)
(31.709332, 24.845766, 0.0)
(33.902946, 26.203978, 0.0)
(39.499680, 27.033291, 0.0)
(40.179790, 26.442133, 0.0)
(40.275368, 25.820744, 0.0)
(40.277721, 25.447737, 0.0)
(40.288685, 25.241743, 0.0)
(40.294361, 25.182135, 0.0)
(40.310154, 25.143747, 0.0)
(40.315861, 25.132145, 0.0)
(40.328335, 25.120358, 0.0)
(40.575821, 25.236006, 0.0)
(41.956463, 25.670925, 0.0)
(42.185638, 25.643127, 0.0)
(42.186600, 25.574690, 0.0)
(42.224129, 25.456675, 0.0)
(42.265293, 25.426008, 0.0)
(42.309464, 25.398602, 0.0)
(42.363365, 25.369179, 0.0)
(42.342010, 25.392620, 0.0)
(42.311069, 25.381392, 0.0)
(42.335342, 25.424669, 0.0)
(42.341019, 25.405832, 0.0)
(42.321323, 25.404909, 0.0)
(42.356743, 25.443159, 0.0)
(42.367580, 25.441727, 0.0)
(42.351372, 25.413385, 0.0)
(42.385273, 25.424114, 0.0)
(42.398087, 25.339670, 0.0)
(42.381138, 25.304529, 0.0)
(42.374172, 25.280087, 0.0)
(42.359360, 25.287540, 0.0)
(42.272598, 25.353846, 0.0)
(42.224682, 25.337868, 0.0)
(42.217621, 25.361200, 0.0)
(42.203537, 25.393938, 0.0)
(42.226398, 25.371368, 0.0)
(42.205975, 25.342146, 0.0)
(42.223480, 25.292732, 0.0)
(42.223740, 25.287722, 0.0)
(42.241253, 25.284002, 0.0)
(42.355537, 25.290310, 0.0)
(42.316086, 25.290417, 0.0)
(42.262424, 25.274456, 0.0)
(42.205357, 25.313457, 0.0)
(41.953976, 25.214569, 0.0)
(41.087379, 24.815939, 0.0)
(40.944996, 24.737604, 0.0)
(40.924301, 24.689274, 0.0)
(40.851429, 24.641165, 0.0)
(40.797287, 24.580395, 0.0)
(39.873611, 24.205000, 0.0)
(39.644253, 24.106617, 0.0)
(39.554913, 24.011723, 0.0)
(39.441551, 23.955475, 0.0)
(39.315605, 23.881495, 0.0)
(38.708729, 23.858147, 0.0)
(36.305767, 23.569378, 0.0)
(35.912247, 23.588490, 0.0)
(35.755962, 23.573706, 0.0)
(35.695217, 23.614824, 0.0)
(35.644894, 23.641582, 0.0)
(35.585381, 23.585835, 0.0)
(35.499619, 23.557459, 0.0)
(35.430088, 23.543451, 0.0)
(35.365280, 23.526447, 0.0)
(34.143757, 23.756357, 0.0)
(31.582933, 24.387995, 0.0)
(29.896528, 25.205355, 0.0)
(29.617149, 25.404202, 0.0)
(29.514622, 25.453432, 0.0)
(29.465443, 25.477066, 0.0)
(29.445452, 25.502113, 0.0)
(28.495825, 25.966322, 0.0)
(28.305304, 26.046192, 0.0)
(28.331560, 26.069098, 0.0)
(28.329515, 25.997519, 0.0)
(28.362764, 26.017706, 0.0)
(28.378567, 25.989420, 0.0)
(28.366220, 25.998348, 0.0)
(28.337801, 25.945526, 0.0)
(28.371109, 25.901258, 0.0)
(28.340330, 25.935137, 0.0)
(28.284090, 25.949244, 0.0)
(28.539015, 25.815575, 0.0)
(29.590654, 25.201641, 0.0)
(29.697186, 25.173296, 0.0)
(29.716326, 25.164299, 0.0)
(29.722107, 25.129753, 0.0)
(29.704538, 25.112017, 0.0)
(29.667103, 25.149633, 0.0)
(29.620243, 25.162554, 0.0)
(29.593605, 25.167463, 0.0)
(29.218420, 25.441341, 0.0)
(28.596256, 25.796129, 0.0)
(28.528717, 25.853874, 0.0)
(28.573814, 25.817320, 0.0)
(28.614845, 25.824722, 0.0)
(28.650120, 25.826244, 0.0)
(28.665628, 25.798225, 0.0)
(28.676495, 25.791977, 0.0)
(28.696945, 25.752285, 0.0)
(28.720047, 25.740700, 0.0)
(28.778315, 25.728170, 0.0)
(29.065723, 25.547407, 0.0)
(30.545322, 24.692518, 0.0)
(30.716061, 24.515032, 0.0)
(30.737129, 24.409592, 0.0)
(30.843834, 24.344719, 0.0)
(30.896938, 24.330648, 0.0)
(30.946068, 24.322710, 0.0)
(31.013046, 24.250563, 0.0)
(31.092985, 24.261772, 0.0)
(32.790558, 23.694632, 0.0)
(33.112461, 24.161093, 0.0)
(33.723541, 24.928015, 0.0)
(35.000725, 24.578413, 0.0)
(35.347645, 24.024725, 0.0)
(35.417953, 23.733757, 0.0)
(35.519001, 23.530643, 0.0)
(35.707573, 23.452711, 0.0)
(35.773182, 23.431164, 0.0)
(35.826290, 23.427458, 0.0)
(35.865665, 23.429625, 0.0)
(35.896545, 23.455715, 0.0)
(35.944012, 23.491163, 0.0)
(36.033264, 23.495939, 0.0)
(36.149086, 23.484697, 0.0)
(36.243031, 23.490444, 0.0)
(36.855392, 23.379433, 0.0)
(37.290134, 23.383005, 0.0)
(37.459469, 23.359304, 0.0)
(37.612564, 23.327963, 0.0)
(37.742706, 23.319357, 0.0)
(38.079250, 23.421116, 0.0)
(39.383968, 23.653118, 0.0)
(39.566864, 23.744856, 0.0)
(39.576900, 23.732977, 0.0)
(39.656250, 23.785198, 0.0)
(41.232334, 24.457846, 0.0)
(42.272419, 24.839447, 0.0)
(42.454338, 24.815359, 0.0)
(42.419937, 24.800304, 0.0)
(42.407932, 24.785767, 0.0)
(42.458290, 24.803911, 0.0)
(42.475040, 24.816292, 0.0)
(42.477135, 24.828028, 0.0)
(42.482113, 24.856106, 0.0)
(42.486633, 24.867828, 0.0)
(42.468552, 24.841547, 0.0)
(42.458298, 24.851019, 0.0)
(42.470436, 24.856499, 0.0)
(42.440273, 24.829559, 0.0)
(42.470932, 24.809805, 0.0)
(42.520111, 24.802649, 0.0)
(42.514332, 24.808489, 0.0)
(42.513882, 24.771839, 0.0)
(42.476120, 24.777107, 0.0)
(42.462723, 24.749191, 0.0)
(42.344372, 24.688257, 0.0)
(41.861027, 24.300213, 0.0)
(41.297009, 24.036699, 0.0)
(41.141483, 24.034622, 0.0)
(41.003769, 24.016125, 0.0)
(40.845848, 23.963732, 0.0)
(40.672230, 23.884441, 0.0)
(40.545547, 23.848034, 0.0)
(39.343578, 23.455473, 0.0)
(39.097347, 23.452194, 0.0)
(39.021114, 23.441296, 0.0)
(38.838364, 23.387836, 0.0)
(38.656349, 23.411474, 0.0)
(38.500584, 23.347961, 0.0)
(38.330383, 23.305796, 0.0)
(38.221581, 23.295193, 0.0)
(38.030743, 23.208048, 0.0)
(36.576401, 23.102262, 0.0)
(36.343880, 23.214294, 0.0)
(36.190632, 23.195080, 0.0)
(36.030472, 23.170059, 0.0)
(35.811478, 23.131914, 0.0)
(35.698975, 23.145300, 0.0)
(35.576782, 23.183216, 0.0)
(35.282146, 23.159361, 0.0)
(33.959431, 23.232168, 0.0)
(33.762653, 23.295712, 0.0)
(33.641201, 23.282051, 0.0)
(33.477264, 23.250980, 0.0)
(33.307621, 23.311609, 0.0)
(33.121151, 23.369267, 0.0)
(32.925274, 23.415142, 0.0)
(32.375652, 23.628870, 0.0)
(30.598806, 24.192034, 0.0)
(30.342556, 24.357523, 0.0)
(30.267881, 24.430342, 0.0)
(30.145741, 24.434084, 0.0)
(30.087465, 24.456915, 0.0)
(29.970169, 24.509178, 0.0)
(29.935045, 24.538961, 0.0)
(29.885208, 24.583942, 0.0)
(29.824848, 24.647089, 0.0)
(29.724524, 24.688789, 0.0)
(29.639662, 24.730871, 0.0)
(29.474016, 24.819813, 0.0)
(29.421507, 24.869812, 0.0)
(29.366116, 24.878584, 0.0)
(29.339674, 24.881220, 0.0)
(28.577194, 25.318602, 0.0)
(28.413160, 25.457180, 0.0)
(28.413061, 25.445322, 0.0)
(28.401640, 25.434706, 0.0)
(28.400429, 25.434444, 0.0)
(28.414532, 25.412067, 0.0)
(28.406591, 25.305841, 0.0)
(28.416336, 25.266010, 0.0)
(28.424829, 25.273043, 0.0)
(28.947977, 24.826561, 0.0)
(29.071291, 24.749723, 0.0)
(29.152853, 24.663813, 0.0)
(29.278748, 24.591013, 0.0)
(29.447842, 24.520565, 0.0)
(30.543905, 23.958351, 0.0)
(30.796135, 23.820415, 0.0)
(30.908871, 23.712910, 0.0)
(31.092960, 23.644089, 0.0)
(31.195925, 23.567701, 0.0)
(31.363365, 23.511936, 0.0)
(31.484995, 23.501719, 0.0)
(31.625891, 23.479168, 0.0)
(32.871979, 23.111843, 0.0)
(33.141159, 23.025942, 0.0)
(33.257000, 22.965887, 0.0)
(33.420612, 22.907675, 0.0)
(33.494156, 22.921724, 0.0)
(33.619217, 22.890388, 0.0)
(33.699093, 22.899277, 0.0)
(35.017342, 22.794195, 0.0)
(35.719826, 22.819805, 0.0)
(35.860199, 22.817678, 0.0)
(35.965965, 22.812498, 0.0)
(36.045025, 22.759668, 0.0)
(36.129929, 22.742313, 0.0)
(36.189571, 22.746969, 0.0)
(36.278919, 22.758636, 0.0)
(36.321018, 22.761862, 0.0)
(37.488220, 22.788752, 0.0)
(38.015331, 22.903732, 0.0)
(38.131714, 22.916853, 0.0)
(38.249344, 22.886364, 0.0)
(38.764774, 22.968626, 0.0)
(40.375156, 23.367161, 0.0)
(40.636967, 23.437363, 0.0)
(40.692936, 23.446272, 0.0)
(40.755054, 23.424992, 0.0)
(41.874783, 23.973606, 0.0)
(42.502567, 24.190508, 0.0)
(42.519714, 24.189306, 0.0)
(42.516571, 24.177097, 0.0)
(42.541245, 24.165691, 0.0)
(42.544605, 24.133635, 0.0)
(42.636276, 24.106821, 0.0)
(42.668930, 24.095413, 0.0)
(42.703854, 24.081131, 0.0)
(42.675415, 24.022650, 0.0)
(42.671349, 24.049391, 0.0)
(42.690342, 24.039173, 0.0)
(42.736046, 23.990494, 0.0)
(42.707813, 23.943354, 0.0)
(42.655643, 23.916840, 0.0)
(42.602222, 23.891075, 0.0)
(42.565136, 23.908548, 0.0)
(42.552086, 23.905447, 0.0)
(41.605122, 23.361729, 0.0)
(41.409336, 23.337564, 0.0)
(41.306519, 23.293720, 0.0)
(41.229832, 23.262037, 0.0)
(41.012096, 23.200888, 0.0)
(40.891880, 23.120808, 0.0)
(40.731812, 23.095482, 0.0)
(40.702682, 23.093342, 0.0)
(39.864731, 22.698187, 0.0)
(39.132175, 22.572269, 0.0)
(38.938427, 22.554419, 0.0)
(38.826706, 22.537922, 0.0)
(38.723755, 22.517380, 0.0)
(38.615452, 22.533348, 0.0)
(36.541729, 22.212040, 0.0)
(34.768887, 22.113626, 0.0)
(33.625832, 22.340124, 0.0)
(32.733265, 22.689928, 0.0)
(32.537975, 22.802744, 0.0)
(32.503658, 22.793785, 0.0)
(32.430988, 22.780531, 0.0)
(32.364918, 22.759203, 0.0)
(32.294315, 22.754377, 0.0)
(32.255054, 22.795376, 0.0)
(32.114399, 22.845051, 0.0)
(32.016308, 22.873281, 0.0)
(32.346466, 22.796532, 0.0)
(33.614731, 22.443592, 0.0)
(33.651939, 22.446411, 0.0)
(33.522316, 22.408642, 0.0)
(33.398788, 22.402355, 0.0)
(33.273170, 22.407196, 0.0)
(31.288141, 23.020607, 0.0)
(30.386520, 23.473423, 0.0)
(30.211946, 23.585985, 0.0)
(30.122078, 23.618036, 0.0)
(29.987314, 23.692640, 0.0)
(29.885584, 23.717104, 0.0)
(29.803253, 23.751389, 0.0)
(29.686256, 23.799034, 0.0)
(29.595621, 23.843208, 0.0)
(29.518452, 23.925076, 0.0)
(29.443899, 23.955425, 0.0)
(29.376350, 23.974407, 0.0)
(29.274418, 23.991405, 0.0)
(29.205450, 23.970325, 0.0)
(29.183331, 23.940193, 0.0)
(28.618116, 24.337069, 0.0)
(28.258333, 24.582670, 0.0)
(28.235826, 24.581488, 0.0)
(28.224070, 24.617868, 0.0)
(28.246550, 24.605024, 0.0)
(28.237366, 24.628111, 0.0)
(28.227661, 24.660646, 0.0)
(28.229881, 24.658878, 0.0)
(28.257643, 24.623724, 0.0)
(28.327299, 24.571243, 0.0)
(28.404537, 24.473301, 0.0)
(29.524042, 23.646341, 0.0)
(29.717299, 23.542240, 0.0)
(29.831829, 23.449184, 0.0)
(30.816454, 22.887222, 0.0)
(31.068514, 22.739676, 0.0)
(31.143442, 22.722185, 0.0)
(31.754147, 22.526875, 0.0)
(32.522400, 22.329506, 0.0)
(32.665600, 22.225536, 0.0)
(32.712345, 22.255713, 0.0)
(32.774872, 22.221134, 0.0)
(32.855492, 22.194778, 0.0)
(32.900391, 22.179388, 0.0)
(33.044884, 22.143864, 0.0)
(35.323292, 22.022976, 0.0)
(38.221798, 22.660313, 0.0)
(40.172600, 23.103970, 0.0)
(41.118942, 23.322414, 0.0)
(41.228848, 23.289375, 0.0)
(41.198009, 23.248659, 0.0)
(41.191360, 23.246365, 0.0)
(41.167229, 23.241655, 0.0)
(41.161716, 23.202721, 0.0)
(41.579742, 23.243956, 0.0)
(41.734169, 23.225937, 0.0)
(41.717983, 23.199001, 0.0)
(41.714390, 23.113199, 0.0)
(41.750263, 23.104715, 0.0)
(41.792885, 23.096207, 0.0)
(41.839478, 23.091200, 0.0)
(41.855953, 23.043526, 0.0)
(41.797173, 23.063713, 0.0)
(41.785423, 23.070419, 0.0)
(41.766777, 23.098997, 0.0)
(41.742958, 23.063829, 0.0)
(41.744259, 23.064877, 0.0)
(41.750065, 23.084837, 0.0)
(41.767731, 23.106970, 0.0)
(42.516300, 23.506855, 0.0)
(42.849106, 23.743742, 0.0)
(42.830769, 23.782249, 0.0)
(42.846481, 23.756186, 0.0)
(42.825966, 23.692993, 0.0)
(42.829716, 23.688206, 0.0)
(42.783749, 23.652096, 0.0)
(42.766918, 23.751907, 0.0)
(42.684589, 23.722361, 0.0)
(42.698231, 23.775335, 0.0)
(42.744625, 23.783554, 0.0)
(42.724346, 23.768404, 0.0)
(42.786476, 23.815384, 0.0)
(42.785038, 23.714821, 0.0)
(42.807873, 23.715977, 0.0)
(42.810604, 23.733475, 0.0)
(42.751923, 23.635014, 0.0)
(42.727077, 23.614193, 0.0)
(42.706814, 23.621773, 0.0)
(42.571854, 23.655539, 0.0)
(42.535519, 23.704535, 0.0)
(42.455372, 23.886797, 0.0)
(42.391022, 24.551762, 0.0)
(42.380901, 24.682596, 0.0)
(42.388939, 24.595917, 0.0)
(42.404381, 24.567533, 0.0)
(42.418312, 24.539082, 0.0)
(42.436214, 24.563814, 0.0)
(42.473869, 24.588785, 0.0)
(42.654980, 25.620609, 0.0)
(42.562420, 26.249088, 0.0)
(42.438400, 26.311068, 0.0)
(42.417713, 26.327625, 0.0)
(42.417713, 26.350073, 0.0)
(42.401939, 26.347736, 0.0)
(42.435135, 26.351767, 0.0)
(42.459114, 26.393337, 0.0)
(42.505531, 26.340820, 0.0)
(42.558079, 26.346693, 0.0)
(42.517437, 26.321814, 0.0)
(42.552658, 26.802902, 0.0)
(42.436005, 27.785048, 0.0)
(42.389408, 27.960482, 0.0)
(42.397888, 27.961962, 0.0)
(42.390705, 27.959970, 0.0)
(42.378403, 27.944227, 0.0)
(42.367020, 27.935093, 0.0)
(42.390602, 27.978561, 0.0)
(42.455070, 28.212189, 0.0)
(42.451168, 28.929110, 0.0)
(42.398041, 29.016342, 0.0)
(42.407028, 28.965034, 0.0)
(42.395672, 28.894917, 0.0)
(42.406021, 28.885313, 0.0)
(42.473148, 28.952728, 0.0)
(42.454350, 28.872114, 0.0)
(42.456734, 28.854435, 0.0)
(42.446159, 28.888115, 0.0)
(42.471066, 28.938234, 0.0)
(42.497948, 28.951262, 0.0)
(42.454086, 28.911034, 0.0)
(42.454350, 28.932545, 0.0)
(42.473076, 28.909311, 0.0)
(42.489582, 28.885868, 0.0)
(42.510193, 28.856276, 0.0)
(42.520535, 28.837248, 0.0)
(42.572170, 28.804304, 0.0)
(42.441460, 29.261490, 0.0)
(42.354534, 29.444332, 0.0)
(42.310303, 29.491186, 0.0)
(42.297131, 29.508858, 0.0)
(42.289886, 29.510754, 0.0)
(42.276802, 29.505058, 0.0)
(42.289280, 29.533644, 0.0)
(42.011883, 29.380573, 0.0)
(41.929672, 29.278902, 0.0)
(41.908962, 29.250528, 0.0)
(41.930176, 29.200470, 0.0)
(42.144081, 28.546118, 0.0)
(42.254280, 28.359213, 0.0)
(42.234009, 28.300396, 0.0)
(42.228989, 28.178259, 0.0)
(42.201683, 28.092358, 0.0)
(42.275906, 27.561676, 0.0)
(42.419735, 26.230946, 0.0)
(42.440929, 25.730198, 0.0)
(42.413288, 25.623268, 0.0)
(42.459164, 25.579556, 0.0)
(42.470230, 25.535679, 0.0)
(42.489170, 25.518364, 0.0)
(42.500015, 25.447042, 0.0)
(42.499943, 25.432129, 0.0)
(42.476177, 25.413305, 0.0)
(42.466541, 25.412256, 0.0)
(42.476913, 25.402828, 0.0)
(42.461212, 25.402660, 0.0)
(42.421295, 25.366823, 0.0)
(42.381145, 25.329020, 0.0)
(42.383274, 25.268301, 0.0)
(42.411709, 25.215563, 0.0)
(42.406796, 25.102736, 0.0)
(42.409397, 25.060627, 0.0)
(42.412163, 25.011299, 0.0)
(42.416744, 24.976191, 0.0)
(42.424129, 24.886238, 0.0)
(42.411140, 24.804283, 0.0)
(42.429882, 24.541332, 0.0)
(42.443489, 23.774736, 0.0)
(42.416733, 23.461760, 0.0)
(42.453850, 23.440199, 0.0)
(42.425220, 23.443050, 0.0)
(42.394260, 23.402122, 0.0)
(42.367130, 23.371864, 0.0)
(42.384926, 23.363091, 0.0)
(42.375580, 23.352242, 0.0)
(42.392315, 23.297607, 0.0)
(42.431133, 23.081511, 0.0)
(42.404503, 22.995884, 0.0)
(42.451576, 22.972891, 0.0)
(42.446255, 22.980173, 0.0)
(42.464951, 22.914175, 0.0)
(42.448277, 22.929888, 0.0)
(42.434792, 22.933229, 0.0)
(42.421429, 22.930557, 0.0)
(42.289536, 22.837336, 0.0)
(42.228062, 22.794094, 0.0)
(42.224358, 22.787861, 0.0)
(42.232750, 22.754116, 0.0)
(42.255154, 22.780420, 0.0)
(41.933544, 22.659918, 0.0)
(41.648308, 22.602415, 0.0)
(41.635311, 22.592243, 0.0)
(41.604725, 22.554031, 0.0)
(41.543179, 22.524797, 0.0)
(41.532513, 22.644230, 0.0)
(41.779881, 23.961527, 0.0)
(41.855888, 25.252638, 0.0)
(41.842735, 26.314739, 0.0)
(41.906811, 26.943924, 0.0)
(41.897877, 27.123695, 0.0)
(41.872318, 27.141539, 0.0)
(41.830929, 27.186211, 0.0)
(41.824741, 27.207077, 0.0)
(41.781910, 27.275970, 0.0)
(41.785656, 27.298279, 0.0)
(41.828915, 27.305964, 0.0)
(41.889198, 27.354626, 0.0)
(41.898815, 27.344465, 0.0)
(41.893219, 27.370415, 0.0)
(41.880085, 27.352207, 0.0)
(41.905682, 27.409504, 0.0)
(41.915771, 27.437729, 0.0)
(41.898052, 27.482090, 0.0)
(41.845482, 27.480301, 0.0)
(41.788338, 27.452991, 0.0)
(41.765659, 27.503435, 0.0)
(41.898041, 27.599583, 0.0)
(41.960049, 27.492542, 0.0)
(42.021717, 27.350018, 0.0)
(42.054199, 27.391970, 0.0)
(42.060978, 27.438543, 0.0)
(42.042057, 27.512222, 0.0)
(41.978302, 27.542255, 0.0)
(41.986160, 27.536234, 0.0)
(42.002121, 27.549129, 0.0)
(41.997181, 27.561352, 0.0)
(42.063744, 27.602762, 0.0)
(42.087452, 28.086515, 0.0)
(41.965763, 28.495308, 0.0)
(41.933826, 28.556038, 0.0)
(41.958988, 28.565567, 0.0)
(41.958580, 28.582914, 0.0)
(41.937119, 28.582333, 0.0)
(41.913784, 28.613531, 0.0)
(41.876728, 28.618465, 0.0)
(41.867016, 28.623312, 0.0)
(41.870296, 28.665291, 0.0)
(41.899029, 28.672461, 0.0)
(41.907619, 28.670639, 0.0)
(41.924839, 28.664356, 0.0)
(41.940750, 28.710855, 0.0)
(41.940750, 28.710855, 0.0)
(41.922279, 28.673805, 0.0)
(41.891991, 28.610203, 0.0)
(41.895271, 28.624901, 0.0)
(41.890514, 28.647240, 0.0)
(41.885468, 28.590462, 0.0)
(41.879570, 28.588444, 0.0)
(41.834160, 28.572809, 0.0)
(41.381050, 28.568712, 0.0)
(41.312870, 28.522007, 0.0)
(41.302280, 28.449324, 0.0)
(41.284237, 28.313976, 0.0)
(41.287014, 28.258600, 0.0)
(41.292015, 28.162754, 0.0)
(41.335724, 28.088812, 0.0)
(41.334545, 27.848228, 0.0)
(41.354290, 27.144606, 0.0)
(41.346466, 26.930746, 0.0)
(41.323956, 26.861448, 0.0)
(41.255520, 26.777386, 0.0)
(41.283566, 26.698704, 0.0)
(41.326717, 26.562407, 0.0)
(41.388329, 26.498480, 0.0)
(41.438255, 26.380659, 0.0)
(41.510643, 26.181175, 0.0)
(41.688961, 25.817039, 0.0)
(41.666691, 25.656719, 0.0)
(41.621571, 25.623055, 0.0)
(41.590912, 25.545900, 0.0)
(41.585873, 25.567825, 0.0)
(41.557407, 25.495640, 0.0)
(41.527725, 25.450712, 0.0)
(41.519558, 25.387812, 0.0)
(41.518375, 25.330511, 0.0)
(41.424080, 24.415054, 0.0)
(41.407459, 23.805040, 0.0)
(41.433212, 23.743572, 0.0)
(41.397171, 23.713953, 0.0)
(41.380993, 23.671377, 0.0)
(41.418453, 23.601097, 0.0)
(41.417637, 23.542797, 0.0)
(41.351902, 23.032167, 0.0)
(41.250343, 22.748995, 0.0)
(41.267414, 22.747993, 0.0)
(41.270809, 22.727234, 0.0)
(41.251808, 22.662020, 0.0)
(41.360794, 22.739998, 0.0)
(41.302746, 22.754328, 0.0)
(41.272480, 22.740719, 0.0)
(41.191555, 22.391460, 0.0)
(41.202015, 22.220016, 0.0)
(41.174332, 22.215515, 0.0)
(41.218632, 22.149710, 0.0)
(41.241158, 22.108761, 0.0)
(41.237766, 22.121538, 0.0)
(41.217281, 22.112228, 0.0)
(41.186642, 22.095867, 0.0)
(41.173641, 22.140486, 0.0)
(41.110802, 22.134111, 0.0)
(41.129700, 22.156898, 0.0)
(41.107220, 22.152304, 0.0)
(40.452061, 22.184069, 0.0)
(40.333366, 22.235010, 0.0)
(40.336052, 22.223604, 0.0)
(40.356163, 22.249249, 0.0)
(40.339649, 22.248695, 0.0)
(40.389877, 22.363892, 0.0)
(40.740505, 23.272276, 0.0)
(40.688122, 23.380941, 0.0)
(40.692436, 23.564621, 0.0)
(40.839127, 25.100639, 0.0)
(40.893433, 26.029409, 0.0)
(40.834644, 26.404707, 0.0)
(40.863796, 26.446918, 0.0)
(40.845394, 26.391710, 0.0)
(40.871281, 26.330982, 0.0)
(40.830315, 26.254974, 0.0)
(40.850174, 26.260832, 0.0)
(40.794468, 26.294390, 0.0)
(40.744831, 26.352283, 0.0)
(40.721947, 26.357946, 0.0)
(40.701439, 26.395864, 0.0)
(40.717430, 26.416313, 0.0)
(40.736122, 26.426651, 0.0)
(40.729382, 26.431652, 0.0)
(40.698997, 26.451822, 0.0)
(40.692425, 26.450203, 0.0)
(40.686058, 26.504192, 0.0)
(40.716034, 26.516924, 0.0)
(40.751003, 26.642515, 0.0)
(40.821911, 27.096710, 0.0)
(40.809811, 27.212938, 0.0)
(40.802509, 27.274450, 0.0)
(40.808933, 27.303856, 0.0)
(40.800148, 27.360394, 0.0)
(40.790024, 27.461020, 0.0)
(40.861683, 28.108280, 0.0)
(40.702026, 28.782276, 0.0)
(40.684727, 28.924561, 0.0)
(40.678104, 28.919466, 0.0)
(40.671387, 28.897408, 0.0)
(40.662731, 28.899054, 0.0)
(40.663345, 28.974045, 0.0)
(40.656548, 29.016079, 0.0)
(40.702393, 29.066208, 0.0)
(40.684357, 29.079554, 0.0)
(40.732819, 29.140854, 0.0)
(40.739079, 29.151884, 0.0)
(40.694412, 29.194530, 0.0)
(40.685532, 29.186090, 0.0)
(40.680428, 29.219910, 0.0)
(40.683495, 29.241070, 0.0)
(40.671089, 29.240505, 0.0)
(40.687160, 29.262840, 0.0)
(40.692001, 29.265402, 0.0)
(40.673058, 29.257710, 0.0)
(40.651478, 29.282171, 0.0)
(40.653561, 29.275730, 0.0)
(40.648552, 29.268812, 0.0)
(40.072502, 29.343948, 0.0)
(39.977665, 29.357615, 0.0)
(39.983513, 29.290327, 0.0)
(39.998013, 29.137138, 0.0)
(39.988056, 28.945736, 0.0)
(40.180302, 28.662844, 0.0)
(40.200386, 28.440521, 0.0)
(40.151978, 28.328375, 0.0)
(40.173729, 28.268593, 0.0)
(40.178974, 28.196115, 0.0)
(40.208820, 28.052111, 0.0)
(40.237144, 27.965494, 0.0)
(40.219574, 27.776413, 0.0)
(40.198227, 27.626213, 0.0)
(40.226307, 27.510622, 0.0)
(40.267391, 27.407841, 0.0)
(40.293488, 27.296627, 0.0)
(40.302559, 26.801582, 0.0)
(40.298889, 26.441179, 0.0)
(40.268398, 26.205416, 0.0)
(40.278301, 26.024391, 0.0)
(40.288506, 25.928205, 0.0)
(40.315609, 25.738855, 0.0)
(40.249382, 25.185349, 0.0)
(40.283669, 24.725969, 0.0)
(40.291359, 24.628222, 0.0)
(40.313614, 24.519915, 0.0)
(40.278633, 24.420187, 0.0)
(40.294991, 24.296762, 0.0)
(40.321850, 23.559385, 0.0)
(40.307781, 23.311319, 0.0)
(40.291962, 23.311239, 0.0)
(40.260971, 23.367491, 0.0)
(40.211418, 23.278812, 0.0)
(40.057060, 22.366096, 0.0)
(39.974350, 21.708519, 0.0)
(39.924992, 21.554935, 0.0)
(39.897617, 21.527925, 0.0)
(39.888557, 21.475273, 0.0)
(39.899895, 21.500265, 0.0)
(39.881470, 21.523844, 0.0)
(39.888474, 21.605021, 0.0)
(39.843285, 21.677498, 0.0)
(39.822826, 21.707390, 0.0)
(39.810921, 21.737095, 0.0)
(39.818779, 21.737095, 0.0)
(39.885262, 21.763330, 0.0)
(39.856220, 21.760742, 0.0)
(39.854851, 21.782076, 0.0)
(39.862652, 21.774971, 0.0)
(39.843338, 21.794443, 0.0)
(39.818748, 21.799234, 0.0)
(39.811363, 21.789139, 0.0)
(39.789257, 21.753309, 0.0)
(39.767712, 21.745499, 0.0)
(38.891613, 21.637690, 0.0)
(38.748020, 21.680206, 0.0)
(38.731110, 21.644081, 0.0)
(38.741024, 21.632069, 0.0)
(38.714611, 21.624722, 0.0)
(38.679848, 22.037416, 0.0)
(38.944824, 24.336378, 0.0)
(39.277008, 25.516436, 0.0)
(39.446014, 26.295090, 0.0)
(39.424358, 27.172577, 0.0)
(39.287861, 28.001944, 0.0)
(39.236004, 28.108273, 0.0)
(39.206127, 28.122110, 0.0)
(39.145622, 28.150116, 0.0)
(39.148830, 28.150024, 0.0)
(39.148312, 28.179640, 0.0)
(39.137943, 28.212942, 0.0)
(39.103321, 28.213116, 0.0)
(39.162235, 28.216070, 0.0)
(39.472687, 28.756254, 0.0)
(39.583092, 29.362591, 0.0)
(39.528660, 29.398077, 0.0)
(39.515034, 29.402800, 0.0)
(39.497581, 29.468859, 0.0)
(39.455273, 29.453604, 0.0)
(39.428619, 29.488424, 0.0)
(39.438480, 29.523584, 0.0)
(39.375912, 29.640076, 0.0)
(39.495808, 29.699841, 0.0)
(39.521389, 29.774061, 0.0)
(39.475330, 29.793962, 0.0)
(39.467419, 29.773426, 0.0)
(39.468376, 29.716379, 0.0)
(39.464592, 29.685863, 0.0)
(39.551220, 29.712324, 0.0)
(39.594646, 29.693693, 0.0)
(39.567863, 29.770092, 0.0)
(39.519173, 29.809938, 0.0)
(39.438156, 29.889626, 0.0)
(39.483158, 29.942230, 0.0)
(39.494736, 30.002832, 0.0)
(39.491470, 30.049561, 0.0)
(39.518646, 30.070257, 0.0)
(39.488071, 30.097490, 0.0)
(39.459934, 30.139168, 0.0)
(39.447098, 30.225704, 0.0)
(39.425434, 30.249615, 0.0)
(39.478603, 30.291979, 0.0)
(39.490158, 30.364946, 0.0)
(39.526100, 30.366398, 0.0)
(39.518444, 30.438814, 0.0)
(39.444199, 30.500986, 0.0)
(39.230083, 30.786566, 0.0)
(39.144012, 30.858433, 0.0)
(39.153709, 30.843710, 0.0)
(39.156765, 30.825209, 0.0)
(39.164528, 30.779503, 0.0)
(39.196140, 30.708599, 0.0)
(38.978012, 30.779123, 0.0)
(38.316032, 30.617723, 0.0)
(38.251446, 30.487062, 0.0)
(38.274067, 30.441813, 0.0)
(38.520691, 29.902979, 0.0)
(38.544281, 29.560654, 0.0)
(38.564407, 29.365086, 0.0)
(38.521881, 29.161695, 0.0)
(38.500076, 29.020819, 0.0)
(38.515499, 28.836119, 0.0)
(38.521355, 28.636892, 0.0)
(38.522148, 28.461794, 0.0)
(38.582123, 28.223536, 0.0)
(38.597443, 28.025091, 0.0)
(38.557850, 27.832312, 0.0)
(38.643677, 27.491766, 0.0)
(38.578632, 27.200289, 0.0)
(38.619843, 27.041044, 0.0)
(38.623455, 26.834269, 0.0)
(38.645435, 26.629898, 0.0)
(38.624458, 26.510859, 0.0)
(38.626396, 26.337559, 0.0)
(38.636932, 26.170969, 0.0)
(38.663998, 25.392797, 0.0)
(38.702770, 24.989149, 0.0)
(38.706051, 24.874783, 0.0)
(38.714352, 24.699493, 0.0)
(38.699902, 24.564184, 0.0)
(38.679955, 24.480665, 0.0)
(38.649685, 24.293808, 0.0)
(38.555950, 23.066236, 0.0)
(38.427822, 22.371706, 0.0)
(38.416649, 22.251488, 0.0)
(38.413570, 22.236723, 0.0)
(38.399254, 22.233412, 0.0)
(38.441071, 22.155931, 0.0)
(38.428455, 22.163103, 0.0)
(38.353626, 21.879324, 0.0)
(38.238060, 21.428595, 0.0)
(38.257809, 21.375586, 0.0)
(38.282204, 21.322105, 0.0)
(38.309425, 21.275280, 0.0)
(38.294880, 21.237270, 0.0)
(38.310699, 21.246618, 0.0)
(38.281864, 21.252724, 0.0)
(38.205299, 21.334360, 0.0)
(38.139515, 21.356272, 0.0)
(38.155037, 21.398087, 0.0)
(38.132122, 21.428131, 0.0)
(38.133881, 21.430384, 0.0)
(38.134598, 21.390636, 0.0)
(38.111713, 21.343977, 0.0)
(38.098724, 21.292751, 0.0)
(38.110188, 21.283678, 0.0)
(38.137299, 21.303371, 0.0)
(37.826759, 21.423149, 0.0)
(37.549133, 21.525995, 0.0)
(37.503067, 21.591810, 0.0)
(37.458035, 21.626045, 0.0)
(37.417995, 21.701952, 0.0)
(37.417107, 21.946003, 0.0)
(37.481636, 23.162159, 0.0)
(37.532597, 24.014263, 0.0)
(37.856270, 25.047775, 0.0)
(37.932816, 25.469187, 0.0)
(37.904144, 25.468674, 0.0)
(37.937424, 25.481873, 0.0)
(37.936024, 25.494085, 0.0)
(37.934734, 25.478876, 0.0)
(37.907848, 25.512320, 0.0)
(37.849384, 25.589520, 0.0)
(37.797249, 25.700897, 0.0)
(37.760632, 25.753807, 0.0)
(37.773525, 25.815733, 0.0)
(37.811962, 25.892935, 0.0)
(37.850952, 25.921137, 0.0)
(37.873348, 25.927698, 0.0)
(37.877869, 25.990860, 0.0)
(37.907181, 26.054438, 0.0)
(37.936432, 26.168875, 0.0)
(37.996471, 26.462833, 0.0)
(38.091030, 27.193619, 0.0)
(38.005760, 27.580433, 0.0)
(38.015652, 27.630848, 0.0)
(37.967850, 27.611788, 0.0)
(38.005882, 27.680346, 0.0)
(38.008312, 27.934780, 0.0)
(38.201328, 28.763477, 0.0)
(38.170029, 28.969175, 0.0)
(38.183350, 28.972427, 0.0)
(38.168861, 29.039406, 0.0)
(38.207031, 29.025640, 0.0)
(38.216927, 29.041754, 0.0)
(38.148815, 29.069695, 0.0)
(38.116364, 29.117973, 0.0)
(38.105164, 29.125137, 0.0)
(38.110264, 29.245407, 0.0)
(38.131542, 29.814856, 0.0)
(38.032436, 29.992233, 0.0)
(38.001034, 30.053667, 0.0)
(38.006493, 30.056854, 0.0)
(38.042011, 30.095848, 0.0)
(38.031540, 30.120388, 0.0)
(37.987282, 30.176758, 0.0)
(37.980145, 30.259613, 0.0)
(37.948689, 30.302216, 0.0)
(37.913181, 30.399096, 0.0)
(37.884949, 30.796999, 0.0)
(37.883167, 30.858425, 0.0)
(37.938416, 30.847633, 0.0)
(37.934784, 30.851379, 0.0)
(37.911274, 30.946363, 0.0)
(37.911034, 31.021194, 0.0)
(36.990944, 31.206875, 0.0)
(36.807747, 31.147110, 0.0)
(36.958786, 30.928617, 0.0)
(36.822884, 30.963346, 0.0)
(37.029846, 30.412991, 0.0)
(37.257809, 29.800529, 0.0)
(37.290871, 29.490026, 0.0)
(37.271072, 29.332851, 0.0)
(37.256561, 29.171606, 0.0)
(37.235657, 28.988327, 0.0)
(37.156612, 28.850687, 0.0)
(37.138264, 28.740417, 0.0)
(37.147827, 28.602894, 0.0)
(37.185093, 28.436659, 0.0)
(37.207027, 28.276157, 0.0)
(37.200657, 28.100740, 0.0)
(37.183346, 27.676481, 0.0)
(37.186272, 27.468946, 0.0)
(37.200832, 27.278212, 0.0)
(37.210434, 27.161283, 0.0)
(37.194511, 26.986378, 0.0)
(37.205967, 26.818892, 0.0)
(37.149185, 26.679680, 0.0)
(37.174896, 26.157909, 0.0)
(37.129044, 25.367382, 0.0)
(37.123882, 25.029562, 0.0)
(37.117821, 24.847210, 0.0)
(37.110897, 24.722792, 0.0)
(37.114880, 24.629124, 0.0)
(37.140491, 24.449827, 0.0)
(37.097389, 23.429871, 0.0)
(37.059662, 22.748034, 0.0)
(37.032246, 22.628199, 0.0)
(36.965668, 22.601015, 0.0)
(36.917374, 22.588795, 0.0)
(36.873249, 22.540277, 0.0)
(36.891659, 22.560551, 0.0)
(36.922817, 22.550102, 0.0)
(36.929138, 22.288845, 0.0)
(36.855148, 21.671780, 0.0)
(36.884430, 21.550920, 0.0)
(36.883804, 21.549444, 0.0)
(36.902466, 21.574432, 0.0)
(36.935593, 21.555820, 0.0)
(36.907261, 21.608648, 0.0)
(36.922558, 21.595110, 0.0)
(36.892517, 21.608383, 0.0)
(36.887947, 21.603813, 0.0)
(36.600513, 21.299572, 0.0)
(36.505600, 21.216568, 0.0)
(36.540878, 21.167934, 0.0)
(36.551010, 21.176226, 0.0)
(36.552494, 21.195002, 0.0)
(36.587013, 21.178165, 0.0)
(36.589172, 21.153061, 0.0)
(36.245152, 21.390516, 0.0)
(35.988766, 21.694414, 0.0)
(35.951626, 21.713766, 0.0)
(35.897926, 21.699162, 0.0)
(35.874218, 21.707743, 0.0)
(36.098797, 22.485884, 0.0)
(36.182003, 23.008459, 0.0)
(36.165020, 23.083252, 0.0)
(36.154251, 23.134975, 0.0)
(36.153515, 23.206068, 0.0)
(36.101566, 23.250568, 0.0)
(36.079597, 23.360443, 0.0)
(36.096844, 23.390371, 0.0)
(36.129082, 23.416269, 0.0)
(36.218983, 23.486324, 0.0)
(36.252415, 23.609379, 0.0)
(36.564396, 24.757942, 0.0)
(36.648228, 25.945469, 0.0)
(36.640240, 26.175020, 0.0)
(36.586647, 26.196711, 0.0)
(36.573677, 26.221609, 0.0)
(36.568806, 26.250259, 0.0)
(36.560295, 26.285519, 0.0)
(36.567173, 26.310652, 0.0)
(36.654797, 26.321447, 0.0)
(36.712521, 26.585958, 0.0)
(36.851933, 27.168705, 0.0)
(36.829929, 27.263876, 0.0)
(36.799015, 27.253445, 0.0)
(36.776047, 27.364628, 0.0)
(36.769321, 27.372358, 0.0)
(36.719189, 27.445509, 0.0)
(36.725258, 27.505251, 0.0)
(36.699306, 27.593102, 0.0)
(36.694588, 27.602739, 0.0)
(36.666012, 27.668840, 0.0)
(36.457611, 27.976780, 0.0)
(36.482819, 28.171478, 0.0)
(36.554840, 28.279015, 0.0)
(36.571228, 28.339905, 0.0)
(36.592228, 28.597334, 0.0)
(36.663795, 29.731474, 0.0)
(36.638073, 29.918020, 0.0)
(36.613293, 30.004457, 0.0)
(36.535870, 30.090620, 0.0)
(36.509483, 30.113716, 0.0)
(36.533928, 30.162968, 0.0)
(36.562321, 30.175512, 0.0)
(36.605782, 30.184986, 0.0)
(36.597984, 30.296701, 0.0)
(36.784199, 30.357586, 0.0)
(36.729389, 30.578484, 0.0)
(36.612747, 30.689371, 0.0)
(36.621029, 30.696033, 0.0)
(36.626366, 30.678738, 0.0)
(36.647343, 30.648863, 0.0)
(36.575283, 30.653183, 0.0)
(36.533817, 30.651545, 0.0)
(36.561501, 30.589911, 0.0)
(35.769245, 30.714090, 0.0)
(35.499569, 30.696611, 0.0)
(35.505947, 30.543198, 0.0)
(35.587936, 30.373800, 0.0)
(35.626095, 29.909266, 0.0)
(35.599915, 29.465597, 0.0)
(35.616005, 29.230165, 0.0)
(35.521420, 28.965399, 0.0)
(35.504902, 28.748583, 0.0)
(35.547554, 28.519022, 0.0)
(35.571537, 28.223776, 0.0)
(35.601536, 28.014303, 0.0)
(35.662865, 27.787128, 0.0)
(35.678112, 27.549936, 0.0)
(35.686367, 27.364300, 0.0)
(35.714741, 27.238527, 0.0)
(35.676411, 27.037682, 0.0)
(35.690613, 26.847300, 0.0)
(35.538837, 26.348564, 0.0)
(35.485977, 26.163473, 0.0)
(35.459404, 26.034262, 0.0)
(35.462040, 25.877119, 0.0)
(35.498569, 25.760683, 0.0)
(35.565674, 25.657436, 0.0)
(35.442406, 24.689503, 0.0)
(35.289864, 23.506056, 0.0)
(35.264271, 23.117027, 0.0)
(35.237377, 23.013172, 0.0)
(35.319397, 22.961880, 0.0)
(35.291542, 22.917028, 0.0)
(35.296543, 22.899321, 0.0)
(35.314354, 22.593885, 0.0)
(35.295444, 21.743219, 0.0)
(35.314629, 21.528580, 0.0)
(35.325520, 21.612232, 0.0)
(35.293697, 21.615751, 0.0)
(35.289803, 21.641512, 0.0)
(35.336422, 21.674475, 0.0)
(35.281811, 21.420322, 0.0)
(35.291077, 21.147776, 0.0)
(35.253052, 21.080584, 0.0)
(35.266541, 21.002506, 0.0)
(35.268726, 21.046755, 0.0)
(35.287468, 21.042534, 0.0)
(35.277199, 21.061411, 0.0)
(35.269447, 21.052439, 0.0)
(35.283085, 21.075806, 0.0)
(35.249947, 21.150982, 0.0)
(35.221581, 21.185722, 0.0)
(35.199139, 21.176342, 0.0)
(35.183216, 21.185352, 0.0)
(35.161751, 21.180508, 0.0)
(34.773205, 21.157286, 0.0)
(34.734261, 21.240137, 0.0)
(34.717312, 21.246521, 0.0)
(34.641972, 21.309366, 0.0)
(34.594646, 21.349270, 0.0)
(34.562160, 21.381887, 0.0)
(34.529346, 21.401522, 0.0)
(34.414944, 22.206669, 0.0)
(34.368320, 22.371788, 0.0)
(34.367733, 22.341160, 0.0)
(34.381081, 22.364540, 0.0)
(34.453125, 23.002413, 0.0)
(34.488472, 23.712923, 0.0)
(34.467514, 23.858461, 0.0)
(34.470325, 23.840975, 0.0)
(34.438740, 23.859529, 0.0)
(34.360428, 23.888111, 0.0)
(34.268185, 23.962751, 0.0)
(34.258415, 23.981216, 0.0)
(34.340927, 24.197456, 0.0)
(34.745243, 25.355984, 0.0)
(34.806286, 25.575603, 0.0)
(34.754387, 25.529444, 0.0)
(34.676594, 25.660591, 0.0)
(34.660397, 25.685093, 0.0)
(34.646149, 25.720089, 0.0)
(34.626507, 25.771107, 0.0)
(34.627277, 25.828091, 0.0)
(34.676903, 25.864527, 0.0)
(34.730450, 25.868776, 0.0)
(34.756374, 25.869827, 0.0)
(34.751446, 25.947720, 0.0)
(34.911739, 26.534636, 0.0)
(35.103981, 27.793657, 0.0)
(35.104774, 28.206886, 0.0)
(35.128349, 28.264162, 0.0)
(35.104053, 28.342636, 0.0)
(35.073128, 28.380167, 0.0)
(35.017109, 28.411745, 0.0)
(35.014496, 28.483067, 0.0)
(34.983055, 28.581722, 0.0)
(34.953293, 28.688454, 0.0)
(34.957291, 28.757298, 0.0)
(34.956978, 28.878361, 0.0)
(35.115486, 29.645685, 0.0)
(35.142296, 29.783731, 0.0)
(35.027420, 29.838408, 0.0)
(34.995914, 29.881433, 0.0)
(34.992390, 29.936739, 0.0)
(35.060513, 29.944952, 0.0)
(35.065468, 29.980799, 0.0)
(35.089874, 30.067430, 0.0)
(35.155926, 30.545565, 0.0)
(34.929211, 30.928198, 0.0)
(34.863552, 30.957077, 0.0)
(34.856678, 30.934027, 0.0)
(34.833210, 30.949991, 0.0)
(34.831734, 30.865578, 0.0)
(34.849178, 30.831877, 0.0)
(34.842331, 30.819166, 0.0)
(34.885155, 30.761393, 0.0)
(34.863449, 30.660250, 0.0)
(34.276737, 30.498049, 0.0)
(34.152210, 30.405777, 0.0)
(34.100304, 30.334066, 0.0)
(34.056267, 30.184723, 0.0)
(34.019432, 30.032534, 0.0)
(34.034458, 29.738987, 0.0)
(34.051334, 29.109638, 0.0)
(34.118679, 28.842215, 0.0)
(34.123070, 28.625481, 0.0)
(34.118019, 28.526796, 0.0)
(34.143517, 28.444614, 0.0)
(34.120052, 28.371946, 0.0)
(34.127857, 28.256258, 0.0)
(34.071770, 28.195103, 0.0)
(34.059422, 28.077538, 0.0)
(34.002613, 27.943121, 0.0)
(33.963406, 27.658266, 0.0)
(33.894794, 27.126919, 0.0)
(33.897049, 26.921181, 0.0)
(33.900604, 26.820808, 0.0)
(33.913944, 26.734709, 0.0)
(33.889591, 26.602964, 0.0)
(33.874275, 26.474531, 0.0)
(33.821957, 26.318064, 0.0)
(33.715511, 25.946522, 0.0)
(33.615612, 25.289305, 0.0)
(33.536793, 25.013582, 0.0)
(33.479164, 24.832010, 0.0)
(33.535137, 24.635897, 0.0)
(33.640892, 24.439903, 0.0)
(33.789001, 24.276011, 0.0)
(33.763802, 23.442654, 0.0)
(33.788734, 22.847361, 0.0)
(33.746410, 22.775537, 0.0)
(33.622711, 22.721918, 0.0)
(33.567898, 22.688560, 0.0)
(33.577457, 22.698153, 0.0)
(33.566601, 22.715214, 0.0)
(33.598396, 22.703012, 0.0)
(33.512177, 22.119482, 0.0)
(33.498348, 21.449562, 0.0)
(33.449711, 21.404230, 0.0)
(33.420681, 21.440456, 0.0)
(33.402699, 21.452991, 0.0)
(33.380817, 21.477110, 0.0)
(33.426918, 21.530502, 0.0)
(33.426918, 21.530502, 0.0)
(33.385151, 21.503864, 0.0)
(33.379444, 21.481380, 0.0)
(33.326920, 21.455181, 0.0)
(33.311993, 21.479967, 0.0)
(33.277103, 21.534229, 0.0)
(33.246872, 21.512842, 0.0)
(33.212936, 21.592754, 0.0)
(32.325054, 22.223194, 0.0)
(32.121231, 22.252974, 0.0)
(32.064228, 22.301273, 0.0)
(31.882786, 22.447718, 0.0)
(31.843487, 22.560448, 0.0)
(31.883879, 22.625830, 0.0)
(32.613613, 24.173094, 0.0)
(32.787777, 25.506594, 0.0)
(33.114285, 26.625866, 0.0)
(33.243656, 27.033566, 0.0)
(33.233829, 27.018066, 0.0)
(33.176556, 27.060999, 0.0)
(33.179821, 27.049810, 0.0)
(33.171818, 27.049959, 0.0)
(33.220768, 27.042852, 0.0)
(33.216473, 27.035595, 0.0)
(33.224751, 27.029406, 0.0)
(33.218781, 26.992579, 0.0)
(33.244419, 27.005022, 0.0)
(33.247559, 27.046627, 0.0)
(33.231201, 27.080418, 0.0)
(33.223526, 27.079935, 0.0)
(33.210705, 27.134739, 0.0)
(33.229919, 27.117990, 0.0)
(33.238087, 27.084419, 0.0)
(33.215656, 27.093813, 0.0)
(33.191597, 27.152719, 0.0)
(33.194817, 27.193058, 0.0)
(33.216785, 27.488625, 0.0)
(33.304749, 27.989094, 0.0)
(33.293404, 28.159472, 0.0)
(33.269840, 28.216890, 0.0)
(33.242008, 28.300938, 0.0)
(33.185955, 28.406488, 0.0)
(33.349476, 29.369942, 0.0)
(33.322071, 29.661266, 0.0)
(33.289902, 29.765636, 0.0)
(33.315109, 29.805321, 0.0)
(33.339634, 29.849180, 0.0)
(33.383064, 29.867819, 0.0)
(33.394329, 29.878979, 0.0)
(33.390957, 29.900503, 0.0)
(33.378895, 30.024971, 0.0)
(33.417747, 30.090927, 0.0)
(33.362656, 30.150206, 0.0)
(33.341927, 30.165035, 0.0)
(33.363914, 30.170208, 0.0)
(33.376633, 30.185623, 0.0)
(33.442051, 30.204189, 0.0)
(33.428169, 30.233088, 0.0)
(33.404995, 30.243959, 0.0)
(33.379829, 30.259253, 0.0)
(33.365097, 30.311733, 0.0)
(33.367836, 30.349823, 0.0)
(33.335072, 30.390854, 0.0)
(33.309605, 30.442318, 0.0)
(33.219700, 30.461035, 0.0)
(33.212894, 30.456341, 0.0)
(33.213543, 30.462294, 0.0)
(32.881229, 30.449099, 0.0)
(32.680683, 30.296209, 0.0)
(32.640266, 30.170738, 0.0)
(32.626553, 30.092308, 0.0)
(32.607182, 30.018700, 0.0)
(32.502132, 29.848843, 0.0)
(32.333527, 29.473312, 0.0)
(32.204865, 29.248188, 0.0)
(32.237160, 29.206568, 0.0)
(32.226231, 29.161827, 0.0)
(32.212982, 29.122866, 0.0)
(32.399792, 29.124092, 0.0)
(32.400623, 29.016485, 0.0)
(32.416023, 28.831093, 0.0)
(32.373806, 28.564936, 0.0)
(32.326332, 27.736193, 0.0)
(32.380920, 27.440228, 0.0)
(32.323280, 27.378181, 0.0)
(32.313602, 27.244793, 0.0)
(32.270309, 27.083815, 0.0)
(32.252342, 26.931969, 0.0)
(32.105141, 26.609531, 0.0)
(31.812935, 25.234329, 0.0)
(31.781502, 24.437826, 0.0)
(31.750847, 24.147989, 0.0)
(31.742338, 24.073072, 0.0)
(31.773722, 24.015554, 0.0)
(31.767073, 23.994530, 0.0)
(31.974724, 23.434916, 0.0)
(32.021774, 23.202604, 0.0)
(32.000248, 23.169935, 0.0)
(32.004398, 23.112448, 0.0)
(31.986771, 23.082058, 0.0)
(31.854521, 22.520704, 0.0)
(31.838770, 22.143778, 0.0)
(31.816872, 22.140541, 0.0)
(31.807610, 22.143620, 0.0)
(31.803188, 22.114630, 0.0)
(31.841568, 22.096767, 0.0)
(31.855799, 22.090122, 0.0)
(31.855766, 22.102930, 0.0)
(31.863836, 22.107346, 0.0)
(31.877058, 22.122240, 0.0)
(31.922558, 22.154587, 0.0)
(31.919266, 22.165253, 0.0)
(31.901476, 22.160419, 0.0)
(31.858007, 22.186064, 0.0)
(31.853745, 22.188192, 0.0)
(31.853033, 22.223873, 0.0)
(31.837593, 22.221582, 0.0)
(31.849014, 22.225655, 0.0)
(31.872160, 22.228510, 0.0)
(31.864643, 22.246958, 0.0)
(31.861021, 22.260870, 0.0)
(31.106955, 22.825203, 0.0)
(30.900543, 23.030308, 0.0)
(30.888002, 23.038332, 0.0)
(30.874659, 23.095877, 0.0)
(30.821949, 23.141083, 0.0)
(30.772928, 23.150091, 0.0)
(30.903805, 23.537874, 0.0)
(31.229395, 24.759190, 0.0)
(31.270079, 24.951756, 0.0)
(31.270895, 24.904572, 0.0)
(31.255907, 24.921467, 0.0)
(31.218067, 25.019800, 0.0)
(31.210381, 25.094456, 0.0)
(31.218800, 25.179029, 0.0)
(31.213394, 25.253519, 0.0)
(31.212002, 25.285833, 0.0)
(31.131285, 25.500757, 0.0)
(31.142027, 25.556332, 0.0)
(31.143009, 25.640751, 0.0)
(31.120872, 25.674284, 0.0)
(31.161451, 25.977724, 0.0)
(31.358662, 27.043344, 0.0)
(31.356092, 27.312721, 0.0)
(31.329195, 27.365116, 0.0)
(31.300524, 27.438454, 0.0)
(31.322081, 27.825937, 0.0)
(31.442469, 28.511286, 0.0)
(31.423693, 28.643791, 0.0)
(31.443951, 28.639257, 0.0)
(31.448128, 28.668955, 0.0)
(31.477438, 28.643242, 0.0)
(31.460768, 28.648888, 0.0)
(31.441647, 28.735664, 0.0)
(31.437078, 28.761173, 0.0)
(31.432961, 28.787962, 0.0)
(31.458492, 28.828959, 0.0)
(31.433952, 28.860044, 0.0)
(31.463465, 28.900723, 0.0)
(31.488901, 28.876774, 0.0)
(31.498253, 28.870214, 0.0)
(31.498404, 28.882689, 0.0)
(31.507973, 28.904676, 0.0)
(31.506403, 28.928108, 0.0)
(31.503616, 28.962294, 0.0)
(31.529587, 28.960068, 0.0)
(31.549145, 29.033566, 0.0)
(31.568335, 29.062214, 0.0)
(31.561033, 29.158394, 0.0)
(31.592714, 29.154606, 0.0)
(31.562689, 29.170786, 0.0)
(31.584551, 29.188417, 0.0)
(31.372482, 29.228071, 0.0)
(31.208023, 29.042633, 0.0)
(31.183987, 28.970856, 0.0)
(31.158861, 28.923077, 0.0)
(31.149469, 28.943054, 0.0)
(31.157606, 28.956493, 0.0)
(31.177769, 28.945654, 0.0)
(31.211332, 28.835976, 0.0)
(31.210020, 28.771391, 0.0)
(31.229321, 28.708063, 0.0)
(31.188070, 28.625753, 0.0)
(31.185194, 28.531960, 0.0)
(31.149174, 28.437614, 0.0)
(31.066486, 28.359280, 0.0)
(30.874844, 28.256153, 0.0)
(30.865847, 28.144215, 0.0)
(30.859676, 28.089125, 0.0)
(30.812248, 28.097620, 0.0)
(30.820833, 28.086180, 0.0)
(30.813963, 28.030373, 0.0)
(30.823969, 28.002537, 0.0)
(30.400604, 27.341068, 0.0)
(29.931810, 26.600567, 0.0)
(29.897087, 25.604965, 0.0)
(30.145376, 24.821983, 0.0)
(30.226387, 24.537298, 0.0)
(30.211334, 24.467876, 0.0)
(30.231199, 24.470680, 0.0)
(30.202431, 24.521507, 0.0)
(30.187990, 24.538559, 0.0)
(30.429831, 25.241426, 0.0)
(30.503853, 25.716248, 0.0)
(30.489620, 25.725388, 0.0)
(30.513348, 25.645796, 0.0)
(30.536390, 25.576233, 0.0)
(30.589756, 25.504337, 0.0)
(30.570065, 25.430277, 0.0)
(30.545052, 25.407270, 0.0)
(30.554062, 25.388342, 0.0)
(30.586582, 25.311258, 0.0)
(30.567604, 25.291950, 0.0)
(30.537407, 25.261831, 0.0)
(30.520903, 25.210802, 0.0)
(30.485802, 25.127457, 0.0)
(30.504215, 25.085178, 0.0)
(30.512941, 24.919136, 0.0)
(30.427977, 24.741829, 0.0)
(30.327988, 24.132111, 0.0)
(30.323374, 24.065411, 0.0)
(30.277889, 24.039162, 0.0)
(30.259375, 24.001495, 0.0)
(30.200874, 24.031279, 0.0)
(30.173605, 24.025167, 0.0)
(30.140146, 23.576778, 0.0)
(30.120178, 23.418247, 0.0)
(30.123064, 23.382839, 0.0)
(30.144974, 23.334394, 0.0)
(30.163483, 23.253637, 0.0)
(30.184475, 22.987877, 0.0)
(30.165974, 22.846603, 0.0)
(30.149200, 22.847422, 0.0)
(30.104729, 22.877785, 0.0)
(30.053308, 22.906809, 0.0)
(30.010086, 22.957949, 0.0)
(29.640953, 23.242741, 0.0)
(29.266161, 24.728750, 0.0)
(29.548029, 25.563034, 0.0)
(29.707769, 25.793503, 0.0)
(29.660948, 25.767359, 0.0)
(29.635012, 25.741915, 0.0)
(29.630144, 25.801426, 0.0)
(29.637321, 25.879402, 0.0)
(29.631966, 25.978491, 0.0)
(29.638433, 26.044363, 0.0)
(29.655100, 26.100313, 0.0)
(29.703590, 26.196127, 0.0)
(29.709095, 26.267006, 0.0)
(29.713305, 26.347866, 0.0)
(29.666298, 26.417068, 0.0)
(29.659721, 26.461136, 0.0)
(29.755898, 26.729427, 0.0)
(30.017372, 27.342907, 0.0)
(30.089636, 27.464462, 0.0)
(30.034607, 27.517649, 0.0)
(30.004572, 27.536251, 0.0)
(29.968714, 27.586775, 0.0)
(29.918976, 27.633295, 0.0)
(29.885622, 27.736040, 0.0)
(29.896296, 27.864563, 0.0)
(29.825041, 28.425619, 0.0)
(29.837919, 28.574036, 0.0)
(29.854803, 28.578487, 0.0)
(29.837322, 28.578140, 0.0)
(29.822790, 28.571447, 0.0)
(29.821012, 28.621887, 0.0)
(29.844862, 28.693653, 0.0)
(29.798824, 28.732916, 0.0)
(29.775692, 28.947046, 0.0)
(29.822929, 29.426924, 0.0)
(29.833279, 29.524786, 0.0)
(29.858019, 29.508892, 0.0)
(29.868242, 29.580050, 0.0)
(29.892208, 29.640272, 0.0)
(30.043411, 30.098082, 0.0)
(30.346888, 30.798489, 0.0)
(30.356646, 30.957293, 0.0)
(30.377825, 31.043404, 0.0)
(30.374765, 31.074036, 0.0)
(30.432695, 31.068687, 0.0)
(30.467670, 31.070152, 0.0)
(30.463264, 31.061293, 0.0)
(30.439024, 31.064316, 0.0)
(30.451036, 31.092119, 0.0)
(30.466675, 31.116169, 0.0)
(30.515779, 31.138790, 0.0)
(30.534121, 31.056974, 0.0)
(30.556948, 31.002171, 0.0)
(30.567966, 31.012941, 0.0)
(30.572655, 31.019650, 0.0)
(30.549622, 31.031216, 0.0)
(30.265284, 31.062567, 0.0)
(29.859657, 31.219940, 0.0)
(29.758873, 31.120602, 0.0)
(29.739422, 30.948616, 0.0)
(29.679319, 30.790649, 0.0)
(29.771782, 30.416790, 0.0)
(29.762884, 30.219742, 0.0)
(29.782927, 30.109701, 0.0)
(29.769337, 29.928791, 0.0)
(29.747444, 29.719822, 0.0)
(29.660538, 29.620918, 0.0)
(29.628599, 29.477819, 0.0)
(29.603291, 29.348579, 0.0)
(29.593134, 29.152969, 0.0)
(29.526464, 28.879940, 0.0)
(29.465439, 28.648054, 0.0)
(29.438431, 28.565968, 0.0)
(29.456591, 28.435394, 0.0)
(29.418928, 28.353060, 0.0)
(29.330204, 28.296587, 0.0)
(29.299652, 28.246841, 0.0)
(29.272957, 28.163223, 0.0)
(29.169661, 27.915600, 0.0)
(29.081234, 27.369671, 0.0)
(29.095081, 27.150831, 0.0)
(29.132500, 26.926430, 0.0)
(29.113644, 26.819118, 0.0)
(29.127718, 26.729464, 0.0)
(29.115896, 26.659754, 0.0)
(28.969196, 25.675196, 0.0)
(28.941406, 24.329887, 0.0)
(28.945837, 24.026289, 0.0)
(28.904968, 24.072090, 0.0)
(28.890125, 24.049334, 0.0)
(28.863724, 24.072409, 0.0)
(28.840450, 24.056358, 0.0)
(28.823950, 24.011026, 0.0)
(28.858667, 23.997711, 0.0)
(28.869007, 23.990126, 0.0)
(28.884130, 23.967482, 0.0)
(28.875431, 23.832581, 0.0)
(28.862190, 23.708591, 0.0)
(28.844913, 23.675400, 0.0)
(28.796917, 23.674530, 0.0)
(28.778440, 23.675926, 0.0)
(28.774471, 23.677898, 0.0)
(28.773422, 23.656487, 0.0)
(28.709944, 23.599092, 0.0)
(28.695066, 23.652878, 0.0)
(28.676950, 23.643274, 0.0)
(28.644844, 23.637072, 0.0)
(28.609026, 23.629465, 0.0)
(28.660643, 23.614008, 0.0)
(28.701471, 23.605473, 0.0)
(28.716579, 23.601906, 0.0)
(28.682787, 23.616405, 0.0)
(28.628931, 23.618219, 0.0)
(28.580690, 23.663868, 0.0)
(28.375040, 24.196922, 0.0)
(28.463121, 25.134583, 0.0)
(28.436298, 25.291862, 0.0)
(28.407104, 25.352957, 0.0)
(28.410597, 25.392927, 0.0)
(28.404854, 25.436474, 0.0)
(28.398273, 25.431852, 0.0)
(28.369617, 25.479523, 0.0)
(28.272203, 25.600288, 0.0)
(28.321463, 25.697554, 0.0)
(28.323540, 25.737225, 0.0)
(28.515331, 26.403482, 0.0)
(28.960180, 28.193420, 0.0)
(29.177280, 28.918669, 0.0)
(29.346729, 29.271124, 0.0)
(29.524797, 29.583841, 0.0)
(29.487392, 29.713297, 0.0)
(29.450453, 29.722088, 0.0)
(29.454399, 29.767962, 0.0)
(29.467884, 29.832523, 0.0)
(29.442894, 29.915915, 0.0)
(29.420935, 29.952244, 0.0)
(29.437807, 29.998592, 0.0)
(29.470020, 30.051689, 0.0)
(29.545279, 30.039677, 0.0)
(29.575916, 29.969034, 0.0)
(29.592402, 29.955315, 0.0)
(29.592770, 29.975298, 0.0)
(29.564514, 30.003300, 0.0)
(29.489201, 30.029934, 0.0)
(29.459181, 29.993116, 0.0)
(29.440441, 30.062977, 0.0)
(29.404703, 30.083878, 0.0)
(29.428320, 30.141640, 0.0)
(29.429342, 30.160879, 0.0)
(29.459955, 30.186815, 0.0)
(29.446726, 30.225603, 0.0)
(29.434061, 30.269127, 0.0)
(29.433697, 30.314606, 0.0)
(29.412672, 30.363800, 0.0)
(29.456253, 30.441025, 0.0)
(29.498192, 30.741474, 0.0)
(29.529057, 30.946941, 0.0)
(29.495220, 30.918264, 0.0)
(29.480513, 30.949959, 0.0)
(29.441984, 30.963066, 0.0)
(29.450880, 31.009592, 0.0)
(29.516256, 31.042639, 0.0)
(29.516533, 31.084286, 0.0)
(29.538265, 31.192923, 0.0)
(29.540220, 31.227524, 0.0)
(29.527285, 31.162270, 0.0)
(29.511652, 31.102043, 0.0)
(29.493673, 31.098206, 0.0)
(29.532770, 31.108021, 0.0)
(29.534227, 31.081701, 0.0)
(29.502563, 31.055302, 0.0)
(29.477766, 31.067068, 0.0)
(29.455427, 31.097141, 0.0)
(29.445690, 31.102720, 0.0)
(29.466208, 31.368343, 0.0)
(29.463732, 31.394562, 0.0)
(29.465111, 31.387152, 0.0)
(29.521343, 31.382818, 0.0)
(29.565907, 31.371040, 0.0)
(29.615622, 31.382778, 0.0)
(29.615128, 31.422033, 0.0)
(29.542297, 31.428801, 0.0)
(29.540705, 31.497688, 0.0)
(29.526884, 31.556562, 0.0)
(29.543709, 31.595499, 0.0)
(29.556677, 31.599928, 0.0)
(29.615124, 31.609308, 0.0)
(29.595598, 31.605679, 0.0)
(29.631752, 31.569389, 0.0)
(29.662165, 31.554653, 0.0)
(29.643761, 31.521248, 0.0)
(29.618349, 31.577662, 0.0)
(29.586246, 31.622458, 0.0)
(29.618744, 31.639935, 0.0)
(29.628204, 31.683098, 0.0)
(29.628794, 31.716892, 0.0)
(29.648020, 31.719772, 0.0)
(29.624348, 31.739017, 0.0)
(29.576206, 31.747883, 0.0)
(29.610193, 31.755547, 0.0)
(29.681255, 31.697380, 0.0)
(29.688246, 31.715267, 0.0)
(29.656948, 31.679695, 0.0)
(29.657801, 31.688137, 0.0)
(29.680883, 31.688002, 0.0)
(29.641932, 31.694223, 0.0)
(29.606125, 31.733889, 0.0)
(29.587311, 31.770615, 0.0)
(29.652502, 31.802742, 0.0)
(29.669865, 31.806404, 0.0)
(29.677309, 31.821249, 0.0)
(29.632515, 31.753201, 0.0)
(29.609642, 31.674370, 0.0)
(29.608553, 31.693583, 0.0)
(29.618706, 31.723116, 0.0)
(29.912258, 31.678659, 0.0)
(29.942196, 31.656090, 0.0)
(29.901495, 31.699179, 0.0)
(29.871679, 31.696758, 0.0)
(29.880383, 31.664991, 0.0)
(29.895895, 31.633617, 0.0)
(29.803976, 31.673807, 0.0)
(29.728777, 31.698107, 0.0)
(29.787216, 31.724138, 0.0)
(29.786018, 31.737108, 0.0)
(29.767481, 31.788088, 0.0)
(29.918360, 31.760508, 0.0)
