(38.271015, 25.639355, 0.0)
(38.180519, 25.485889, 0.0)
(38.197235, 25.527601, 0.0)
(38.209991, 25.610632, 0.0)
(38.228287, 25.612930, 0.0)
(38.243416, 25.647680, 0.0)
(38.252743, 25.649412, 0.0)
(38.249561, 25.641064, 0.0)
(38.237099, 25.620884, 0.0)
(38.242241, 25.639971, 0.0)
(38.245918, 25.612383, 0.0)
(38.245399, 25.608292, 0.0)
(38.264225, 25.624094, 0.0)
(38.252914, 25.678980, 0.0)
(38.233223, 25.760878, 0.0)
(38.476624, 27.090944, 0.0)
(38.811699, 27.442011, 0.0)
(38.546585, 26.263090, 0.0)
(38.315361, 25.612993, 0.0)
(38.298820, 25.662031, 0.0)
(38.333698, 25.679768, 0.0)
(38.339916, 25.707739, 0.0)
(38.338982, 25.716110, 0.0)
(38.421993, 25.831930, 0.0)
(38.459610, 25.830799, 0.0)
(38.446980, 25.847809, 0.0)
(38.460125, 25.852926, 0.0)
(38.434532, 25.854708, 0.0)
(38.314392, 25.793056, 0.0)
(38.296612, 25.758965, 0.0)
(38.311428, 25.734455, 0.0)
(38.314655, 25.767622, 0.0)
(38.343010, 25.726025, 0.0)
(38.345798, 25.744543, 0.0)
(38.340179, 25.769341, 0.0)
(38.311382, 25.780077, 0.0)
(38.520458, 25.786425, 0.0)
(38.533665, 25.792297, 0.0)
(38.531849, 25.796741, 0.0)
(38.544678, 25.804977, 0.0)
(38.538918, 25.826557, 0.0)
(38.345238, 25.808306, 0.0)
(38.323288, 25.824909, 0.0)
(38.356300, 25.830908, 0.0)
(38.338905, 25.819653, 0.0)
(38.337349, 25.830956, 0.0)
(38.314720, 25.844269, 0.0)
(38.315357, 25.874567, 0.0)
(38.478298, 25.886049, 0.0)
(38.501801, 25.902840, 0.0)
(38.535381, 25.905598, 0.0)
(38.530369, 25.914602, 0.0)
(38.520485, 25.874132, 0.0)
(38.523678, 25.871525, 0.0)
(38.496315, 25.898220, 0.0)
(38.505375, 25.925793, 0.0)
(38.471439, 25.926414, 0.0)
(38.482765, 25.928205, 0.0)
(38.500069, 25.946482, 0.0)
(38.501720, 26.044197, 0.0)
(38.804157, 27.104673, 0.0)
(38.447529, 25.964998, 0.0)
(38.405258, 25.821442, 0.0)
(38.451050, 25.930912, 0.0)
(38.491089, 25.896795, 0.0)
(38.519440, 25.905670, 0.0)
(38.512585, 25.910761, 0.0)
(38.529148, 25.902788, 0.0)
(38.513893, 25.895823, 0.0)
(38.504623, 25.757256, 0.0)
(38.484882, 25.732288, 0.0)
(38.483864, 25.732935, 0.0)
(38.478474, 25.745903, 0.0)
(38.457153, 25.737118, 0.0)
(38.464252, 25.709669, 0.0)
(38.438061, 25.688837, 0.0)
(38.418171, 25.688267, 0.0)
(38.443161, 25.699902, 0.0)
(38.447731, 25.694530, 0.0)
(38.471878, 25.696402, 0.0)
(38.475140, 25.728588, 0.0)
(38.462097, 25.693411, 0.0)
(38.454140, 25.675947, 0.0)
(38.448170, 25.690048, 0.0)
(38.458191, 25.699863, 0.0)
(38.452164, 25.721064, 0.0)
(38.414932, 25.708342, 0.0)
(38.420902, 25.733229, 0.0)
(38.437943, 25.758986, 0.0)
(38.426937, 25.758818, 0.0)
(38.427090, 25.765799, 0.0)
(38.452866, 25.783104, 0.0)
(38.429184, 25.808426, 0.0)
(38.417633, 25.815058, 0.0)
(38.410576, 25.813177, 0.0)
(38.436836, 25.815449, 0.0)
(38.456940, 25.810431, 0.0)
(38.463547, 25.827017, 0.0)
(38.463505, 25.821671, 0.0)
(38.455853, 25.802179, 0.0)
(38.466881, 25.792383, 0.0)
(38.455326, 25.769470, 0.0)
(38.456028, 25.802473, 0.0)
(38.422089, 25.825710, 0.0)
(38.436783, 25.857687, 0.0)
(38.434914, 25.850958, 0.0)
(38.439053, 25.861271, 0.0)
(38.393623, 25.844120, 0.0)
(38.382050, 25.849358, 0.0)
(38.366726, 25.851107, 0.0)
(38.335205, 25.876886, 0.0)
(38.525043, 25.950949, 0.0)
(38.543972, 25.956766, 0.0)
(38.577225, 25.943029, 0.0)
(38.591236, 25.939377, 0.0)
(38.601013, 25.887865, 0.0)
(38.606430, 25.887497, 0.0)
(38.494717, 25.904243, 0.0)
(38.431015, 25.943930, 0.0)
(38.424557, 25.941170, 0.0)
(38.425896, 25.954721, 0.0)
(38.407692, 25.929749, 0.0)
(38.409760, 25.926750, 0.0)
(38.425442, 25.880116, 0.0)
(38.430183, 25.820698, 0.0)
(38.439957, 25.775532, 0.0)
(38.471298, 25.741243, 0.0)
(38.472824, 25.702650, 0.0)
(38.486835, 25.712032, 0.0)
(38.496273, 25.714155, 0.0)
(38.502914, 25.731718, 0.0)
(38.666538, 25.679379, 0.0)
(38.687462, 25.662699, 0.0)
(38.687298, 25.658375, 0.0)
(38.706661, 25.576939, 0.0)
(38.710049, 25.597395, 0.0)
(38.671253, 25.602337, 0.0)
(38.530785, 25.625626, 0.0)
(38.438114, 25.655443, 0.0)
(38.475719, 25.655840, 0.0)
(38.474564, 25.692148, 0.0)
(38.483208, 25.674894, 0.0)
(38.454559, 25.655264, 0.0)
(38.484318, 25.675093, 0.0)
(38.468658, 25.689648, 0.0)
(38.450157, 25.682806, 0.0)
(38.441868, 25.710882, 0.0)
(38.481236, 25.686789, 0.0)
(38.480648, 25.693447, 0.0)
(38.471897, 25.688545, 0.0)
(38.511059, 25.637188, 0.0)
(38.604893, 25.662106, 0.0)
(38.614460, 25.720694, 0.0)
(38.775963, 25.823227, 0.0)
(38.430622, 25.857901, 0.0)
(38.726837, 25.728724, 0.0)
(38.493717, 25.979708, 0.0)
(38.491047, 25.976545, 0.0)
(38.610107, 25.962780, 0.0)
(38.401569, 26.018536, 0.0)
(38.525379, 26.014536, 0.0)
(38.313118, 25.954063, 0.0)
(38.160847, 25.988855, 0.0)
(38.235798, 25.997957, 0.0)
(38.169373, 26.037607, 0.0)
(38.175175, 26.061909, 0.0)
(38.268188, 25.996439, 0.0)
(38.272396, 26.017973, 0.0)
(38.489960, 26.036411, 0.0)
(38.532158, 26.036863, 0.0)
(38.521618, 26.039307, 0.0)
(38.523258, 26.020906, 0.0)
(38.559616, 26.017355, 0.0)
(38.492252, 26.057547, 0.0)
(38.318050, 26.043463, 0.0)
(38.254219, 26.040762, 0.0)
(38.289631, 26.049700, 0.0)
(38.264996, 26.026773, 0.0)
(38.232910, 26.045874, 0.0)
(38.287079, 26.064699, 0.0)
(38.194519, 26.118582, 0.0)
(38.214245, 26.110422, 0.0)
(38.142040, 26.136703, 0.0)
(38.343121, 26.111280, 0.0)
(38.036163, 26.172129, 0.0)
(38.977940, 26.041077, 0.0)
(39.002785, 26.000269, 0.0)
(38.844460, 25.964176, 0.0)
(39.089317, 25.938343, 0.0)
(38.857574, 25.972296, 0.0)
(38.907597, 26.033779, 0.0)
(39.052361, 25.989042, 0.0)
(38.895081, 26.014410, 0.0)
(39.001701, 26.011703, 0.0)
(39.048622, 26.012606, 0.0)
(38.948589, 26.009369, 0.0)
(38.835457, 26.014095, 0.0)
(38.779308, 26.029259, 0.0)
(38.715679, 26.051924, 0.0)
(38.753185, 26.071815, 0.0)
(38.738869, 26.069662, 0.0)
(38.743137, 26.029173, 0.0)
(38.771614, 26.022297, 0.0)
(38.772316, 26.014042, 0.0)
(38.766720, 26.018141, 0.0)
(38.777409, 26.008699, 0.0)
(38.780735, 26.005257, 0.0)
(38.766293, 26.011566, 0.0)
(38.745461, 26.028597, 0.0)
(38.748013, 26.031731, 0.0)
(38.744041, 26.032490, 0.0)
(38.755619, 26.017349, 0.0)
(38.743359, 26.030119, 0.0)
(38.746822, 26.012545, 0.0)
(38.755619, 26.017349, 0.0)
(38.753670, 26.010809, 0.0)
(38.743378, 26.005724, 0.0)
(38.752159, 26.014700, 0.0)
(38.764809, 26.003380, 0.0)
(38.815926, 26.036287, 0.0)
(40.883858, 26.255720, 0.0)
(43.052299, 26.504126, 0.0)
(43.886265, 26.395243, 0.0)
(43.906250, 26.370464, 0.0)
(43.919708, 26.372341, 0.0)
(43.930748, 26.349007, 0.0)
(43.904633, 26.345985, 0.0)
(43.927540, 26.329922, 0.0)
(43.940395, 26.308157, 0.0)
(43.902592, 26.255880, 0.0)
(45.250771, 25.137892, 0.0)
(45.513813, 24.143707, 0.0)
(45.536995, 24.114691, 0.0)
(45.572544, 24.155005, 0.0)
(45.550034, 24.084267, 0.0)
(45.553673, 24.031868, 0.0)
(45.550941, 23.964634, 0.0)
(45.573563, 23.928011, 0.0)
(45.576427, 23.902140, 0.0)
(45.614353, 23.866693, 0.0)
(45.608097, 23.832642, 0.0)
(45.589279, 23.774134, 0.0)
(45.593250, 23.772943, 0.0)
(45.580513, 23.778755, 0.0)
(45.564362, 23.737114, 0.0)
(45.562466, 23.722134, 0.0)
(45.562836, 23.718138, 0.0)
(45.571251, 23.698805, 0.0)
(45.593620, 23.709444, 0.0)
(45.564354, 23.711782, 0.0)
(45.574169, 23.691132, 0.0)
(45.528645, 23.683739, 0.0)
(45.513527, 23.698402, 0.0)
(45.530228, 23.729076, 0.0)
(45.518597, 23.721334, 0.0)
(44.285923, 23.299202, 0.0)
(40.003181, 23.219185, 0.0)
(35.902756, 24.533937, 0.0)
(33.062988, 28.401390, 0.0)
(31.452818, 31.825481, 0.0)
(31.336517, 32.533207, 0.0)
(31.281040, 32.598862, 0.0)
(31.199001, 32.543995, 0.0)
(31.117584, 32.534222, 0.0)
(29.854225, 33.415020, 0.0)
(29.689053, 33.455795, 0.0)
(29.634018, 33.428242, 0.0)
(29.611101, 33.424103, 0.0)
(29.600710, 33.376591, 0.0)
(29.532621, 33.359943, 0.0)
(29.527637, 33.376156, 0.0)
(29.513739, 33.358459, 0.0)
(29.493631, 33.333405, 0.0)
(29.478912, 33.312534, 0.0)
(29.464584, 33.293575, 0.0)
(29.450100, 33.239342, 0.0)
(29.463745, 33.224560, 0.0)
(29.483315, 33.233162, 0.0)
(30.487228, 32.333992, 0.0)
(33.690926, 29.851591, 0.0)
(35.773109, 28.556864, 0.0)
(35.841953, 28.465631, 0.0)
(35.880466, 28.402519, 0.0)
(35.930126, 28.392300, 0.0)
(36.004539, 28.361485, 0.0)
(36.006527, 28.350124, 0.0)
(36.030743, 28.300890, 0.0)
(36.045338, 28.303379, 0.0)
(36.056522, 28.316111, 0.0)
(36.102837, 28.286064, 0.0)
(36.115753, 28.288738, 0.0)
(36.114353, 28.278400, 0.0)
(36.125549, 28.275831, 0.0)
(36.129288, 28.274359, 0.0)
(38.055607, 27.104666, 0.0)
(39.151917, 25.507133, 0.0)
(39.163544, 25.453293, 0.0)
(39.148949, 25.434158, 0.0)
(38.940704, 25.343601, 0.0)
(34.798977, 23.364649, 0.0)
(31.337837, 23.493702, 0.0)
(29.490681, 24.014175, 0.0)
(29.342546, 23.960253, 0.0)
(29.276173, 23.919794, 0.0)
(29.218748, 23.866173, 0.0)
(29.204662, 23.840317, 0.0)
(29.232155, 23.789427, 0.0)
(28.622599, 23.980503, 0.0)
(28.232550, 24.054102, 0.0)
(28.179180, 24.008776, 0.0)
(28.153814, 23.993822, 0.0)
(28.122692, 23.943424, 0.0)
(28.131872, 23.958471, 0.0)
(28.082117, 24.011141, 0.0)
(28.087999, 23.940430, 0.0)
(28.093262, 23.906660, 0.0)
(28.051468, 23.879677, 0.0)
(28.076422, 23.891502, 0.0)
(28.010578, 23.931812, 0.0)
(28.069260, 23.881924, 0.0)
(28.042765, 23.845337, 0.0)
(28.027967, 23.851126, 0.0)
(28.082121, 23.823874, 0.0)
(28.016447, 23.910929, 0.0)
(28.050213, 23.884382, 0.0)
(28.054810, 23.894085, 0.0)
(28.008989, 23.928820, 0.0)
(28.039297, 23.899385, 0.0)
(28.053719, 23.876463, 0.0)
(28.050047, 23.860453, 0.0)
(29.431028, 23.575878, 0.0)
(34.319473, 24.106234, 0.0)
(37.736809, 25.959873, 0.0)
(38.608635, 26.746063, 0.0)
(38.701443, 26.791441, 0.0)
(38.716747, 26.723318, 0.0)
(38.677776, 26.607891, 0.0)
(38.429935, 26.410925, 0.0)
(38.582882, 25.838812, 0.0)
(38.622128, 25.837925, 0.0)
(38.677822, 25.859404, 0.0)
(38.712135, 25.910824, 0.0)
(38.738590, 25.929867, 0.0)
(38.763882, 25.937601, 0.0)
(38.762737, 25.957083, 0.0)
(38.757721, 25.980055, 0.0)
(38.749161, 25.995670, 0.0)
(38.745899, 26.058071, 0.0)
(38.431931, 25.961805, 0.0)
(38.406517, 25.925314, 0.0)
(38.420395, 25.942451, 0.0)
(38.413776, 25.933418, 0.0)
(38.425396, 25.944778, 0.0)
(38.410969, 25.968142, 0.0)
(38.512714, 25.975534, 0.0)
(38.635052, 25.954439, 0.0)
(38.658108, 25.934067, 0.0)
(38.665176, 25.929441, 0.0)
(38.679417, 25.928682, 0.0)
(38.671005, 25.910555, 0.0)
(38.646145, 25.893906, 0.0)
(38.641426, 25.913313, 0.0)
(38.655102, 25.925163, 0.0)
(38.653839, 25.910318, 0.0)
(38.583412, 25.946688, 0.0)
(37.416599, 26.432692, 0.0)
(33.789177, 29.381592, 0.0)
(31.207266, 32.173546, 0.0)
(30.571695, 32.863026, 0.0)
(30.378483, 32.875603, 0.0)
(30.298304, 32.900959, 0.0)
(30.240505, 32.911121, 0.0)
(30.226053, 32.911198, 0.0)
(30.159168, 32.943378, 0.0)
(30.151426, 32.939724, 0.0)
(30.181503, 32.901794, 0.0)
(32.384243, 32.268440, 0.0)
(34.302292, 32.130791, 0.0)
(32.767857, 33.672886, 0.0)
(32.622475, 33.789902, 0.0)
(32.601246, 33.771927, 0.0)
(32.573692, 33.772118, 0.0)
(32.612358, 33.722385, 0.0)
(34.934910, 32.940914, 0.0)
(35.016361, 32.993141, 0.0)
(35.045803, 32.959007, 0.0)
(35.103146, 32.910416, 0.0)
(35.163368, 32.907993, 0.0)
(37.463852, 32.813602, 0.0)
(38.803703, 32.813496, 0.0)
(39.010086, 32.845776, 0.0)
(39.130936, 32.802898, 0.0)
(41.505116, 32.857430, 0.0)
(42.383167, 32.662155, 0.0)
(42.489532, 32.675152, 0.0)
(42.543537, 32.665619, 0.0)
(42.672272, 32.599384, 0.0)
(42.702103, 32.605587, 0.0)
(42.717411, 32.592293, 0.0)
(43.585064, 32.686115, 0.0)
(45.200871, 32.490200, 0.0)
(45.151314, 32.345955, 0.0)
(45.231049, 32.340405, 0.0)
(45.271675, 32.331760, 0.0)
(45.289139, 32.294952, 0.0)
(45.342228, 32.299145, 0.0)
(45.369392, 32.300888, 0.0)
(45.369392, 32.300888, 0.0)
(45.386425, 32.276020, 0.0)
(45.392193, 32.260410, 0.0)
(45.393482, 32.255035, 0.0)
(45.432671, 32.218872, 0.0)
(45.426739, 32.218315, 0.0)
(45.442310, 32.187077, 0.0)
(45.435963, 32.150070, 0.0)
(45.436943, 32.117218, 0.0)
(45.414112, 32.093914, 0.0)
(45.376995, 32.110123, 0.0)
(45.763931, 32.515205, 0.0)
(46.058971, 32.619736, 0.0)
(46.040310, 32.537315, 0.0)
(46.021412, 32.525928, 0.0)
(46.026630, 32.460655, 0.0)
(46.018730, 32.399078, 0.0)
(46.018532, 32.339233, 0.0)
(45.476971, 31.773598, 0.0)
(44.341026, 31.530954, 0.0)
(44.260147, 31.647060, 0.0)
(44.328041, 31.646591, 0.0)
(44.272320, 31.655607, 0.0)
(44.238571, 31.686613, 0.0)
(44.182690, 31.725348, 0.0)
(43.225204, 32.102283, 0.0)
(43.102798, 32.192940, 0.0)
(43.027466, 32.205776, 0.0)
(42.904240, 32.323078, 0.0)
(42.035637, 32.440853, 0.0)
(41.072746, 32.499668, 0.0)
(40.893684, 32.563190, 0.0)
(40.789673, 32.523300, 0.0)
(40.739082, 32.543114, 0.0)
(40.670498, 32.573460, 0.0)
(39.832096, 32.702164, 0.0)
(38.219189, 32.750050, 0.0)
(38.040154, 32.786076, 0.0)
(37.962654, 32.805981, 0.0)
(37.909931, 32.803150, 0.0)
(37.867290, 32.794670, 0.0)
(37.354790, 32.903660, 0.0)
(34.021030, 32.782970, 0.0)
(32.461426, 32.719826, 0.0)
(32.337742, 32.756237, 0.0)
(32.323746, 32.768070, 0.0)
(32.234070, 32.823551, 0.0)
(32.177162, 32.846203, 0.0)
(32.139809, 32.809799, 0.0)
(32.108212, 32.809017, 0.0)
(32.087185, 32.806320, 0.0)
(32.046089, 32.805496, 0.0)
(31.835279, 32.940441, 0.0)
(29.656227, 33.695011, 0.0)
(29.401058, 33.785557, 0.0)
(29.346443, 33.828613, 0.0)
(29.227180, 33.863735, 0.0)
(29.127821, 33.946777, 0.0)
(29.102259, 33.970345, 0.0)
(29.085770, 33.955402, 0.0)
(29.080700, 33.986988, 0.0)
(29.068668, 33.965153, 0.0)
(29.050739, 33.929573, 0.0)
(29.052216, 33.916267, 0.0)
(29.052216, 33.916267, 0.0)
(29.023836, 33.907829, 0.0)
(28.990425, 33.899914, 0.0)
(28.966475, 33.908638, 0.0)
(28.963442, 33.899822, 0.0)
(28.981424, 33.850979, 0.0)
(29.004829, 33.828304, 0.0)
(29.030376, 33.771664, 0.0)
(29.035986, 32.237217, 0.0)
(28.936764, 32.067631, 0.0)
(28.920179, 32.031078, 0.0)
(29.112886, 31.860357, 0.0)
(31.437965, 31.526903, 0.0)
(31.643936, 31.446470, 0.0)
(31.783047, 31.359602, 0.0)
(31.901922, 31.309599, 0.0)
(32.010925, 31.195396, 0.0)
(32.089359, 31.145002, 0.0)
(32.199875, 31.098448, 0.0)
(32.264542, 31.086439, 0.0)
(33.131104, 31.861315, 0.0)
(33.631348, 32.469212, 0.0)
(33.739799, 32.432766, 0.0)
(33.818611, 32.370525, 0.0)
(33.893776, 32.335938, 0.0)
(33.973186, 32.307693, 0.0)
(35.772633, 32.200459, 0.0)
(36.702610, 32.217903, 0.0)
(36.855698, 32.179520, 0.0)
(36.963364, 32.148472, 0.0)
(39.752213, 32.014702, 0.0)
(40.583344, 31.854359, 0.0)
(40.751053, 31.847878, 0.0)
(40.812332, 31.876923, 0.0)
(40.939758, 31.821579, 0.0)
(41.057808, 31.823465, 0.0)
(43.339378, 32.052166, 0.0)
(43.739288, 31.929178, 0.0)
(43.789688, 31.935505, 0.0)
(43.810635, 31.925699, 0.0)
(43.855183, 31.923994, 0.0)
(43.879120, 31.890955, 0.0)
(43.949379, 31.908407, 0.0)
(44.002731, 31.891182, 0.0)
(44.049484, 31.837595, 0.0)
(45.632694, 32.494965, 0.0)
(45.657593, 32.236244, 0.0)
(45.779198, 32.270939, 0.0)
(45.873589, 32.237747, 0.0)
(45.920910, 32.217533, 0.0)
(45.958103, 32.216328, 0.0)
(45.939697, 32.245472, 0.0)
(45.966213, 32.226067, 0.0)
(45.970322, 32.227375, 0.0)
(45.973473, 32.215977, 0.0)
(45.956978, 32.207146, 0.0)
(45.940094, 32.241142, 0.0)
(45.904980, 32.233650, 0.0)
(45.929234, 32.186501, 0.0)
(45.923080, 32.152473, 0.0)
(45.906616, 32.177921, 0.0)
(45.901325, 32.169685, 0.0)
(45.894539, 32.147251, 0.0)
(45.882000, 32.147003, 0.0)
(45.848530, 32.110519, 0.0)
(45.839691, 32.080383, 0.0)
(45.759911, 32.036572, 0.0)
(44.678085, 31.184616, 0.0)
(44.185600, 30.920839, 0.0)
(44.045567, 30.815973, 0.0)
(43.986420, 30.807745, 0.0)
(43.886230, 30.747717, 0.0)
(43.786415, 30.730436, 0.0)
(41.946606, 30.760242, 0.0)
(40.443840, 30.963230, 0.0)
(40.180180, 30.967030, 0.0)
(40.101955, 31.008324, 0.0)
(39.984768, 30.953846, 0.0)
(39.900959, 30.956116, 0.0)
(39.785931, 30.939497, 0.0)
(39.715473, 30.966249, 0.0)
(39.639107, 30.971092, 0.0)
(39.543190, 30.976631, 0.0)
(39.439869, 30.971903, 0.0)
(39.363869, 30.993313, 0.0)
(39.291420, 30.980354, 0.0)
(39.219303, 30.983217, 0.0)
(37.150299, 31.160528, 0.0)
(33.622250, 31.504059, 0.0)
(31.663258, 32.103916, 0.0)
(31.439461, 32.182743, 0.0)
(31.391914, 32.234505, 0.0)
(31.302727, 32.305683, 0.0)
(31.228407, 32.332256, 0.0)
(31.211464, 32.335682, 0.0)
(31.170399, 32.337162, 0.0)
(31.113737, 32.317196, 0.0)
(31.103670, 32.325138, 0.0)
(31.087143, 32.299709, 0.0)
(31.017780, 32.278610, 0.0)
(30.992207, 32.326618, 0.0)
(30.978226, 32.325523, 0.0)
(30.961643, 32.338833, 0.0)
(30.902424, 32.321686, 0.0)
(30.852316, 32.334869, 0.0)
(30.308271, 32.618839, 0.0)
(28.950167, 32.876663, 0.0)
(28.833620, 32.982399, 0.0)
(28.787601, 32.972984, 0.0)
(28.698498, 33.023991, 0.0)
(28.629219, 33.025249, 0.0)
(28.595232, 33.036491, 0.0)
(28.561537, 33.047344, 0.0)
(28.520102, 33.071083, 0.0)
(28.501892, 33.035034, 0.0)
(28.490377, 33.035526, 0.0)
(28.458271, 33.024399, 0.0)
(28.427643, 33.006702, 0.0)
(28.431990, 33.013515, 0.0)
(28.435371, 32.996937, 0.0)
(28.469545, 32.972233, 0.0)
(28.477539, 32.925369, 0.0)
(28.525528, 32.173351, 0.0)
(28.427830, 31.698172, 0.0)
(28.453043, 31.633602, 0.0)
(28.488838, 31.564081, 0.0)
(28.541313, 31.507692, 0.0)
(30.423431, 30.962210, 0.0)
(30.602814, 30.884102, 0.0)
(30.708328, 30.845327, 0.0)
(30.884237, 30.798859, 0.0)
(30.964161, 30.769230, 0.0)
(31.159620, 30.670382, 0.0)
(32.528187, 30.749809, 0.0)
(32.769474, 30.769938, 0.0)
(32.927883, 30.757149, 0.0)
(33.184776, 30.667358, 0.0)
(33.392632, 30.635071, 0.0)
(34.284447, 30.776318, 0.0)
(34.822819, 30.910688, 0.0)
(35.006653, 30.846096, 0.0)
(35.228603, 30.798313, 0.0)
(35.442024, 30.773247, 0.0)
(37.540909, 30.707449, 0.0)
(37.713058, 30.712729, 0.0)
(37.806622, 30.674198, 0.0)
(37.956684, 30.667208, 0.0)
(38.086739, 30.645674, 0.0)
(38.443699, 30.660549, 0.0)
(41.292168, 30.675810, 0.0)
(41.521709, 30.569393, 0.0)
(41.573990, 30.563847, 0.0)
(41.647945, 30.537420, 0.0)
(41.728439, 30.513836, 0.0)
(43.599014, 30.996866, 0.0)
(45.047504, 31.234541, 0.0)
(45.112820, 31.121347, 0.0)
(45.145760, 31.090755, 0.0)
(45.235023, 31.074341, 0.0)
(45.266182, 31.049200, 0.0)
(45.297134, 31.013540, 0.0)
(45.322407, 31.024187, 0.0)
(45.358330, 31.026909, 0.0)
(45.391018, 31.013412, 0.0)
(45.452690, 31.000576, 0.0)
(45.486526, 31.004166, 0.0)
(45.508595, 30.952692, 0.0)
(45.557236, 30.916193, 0.0)
(46.325684, 31.424374, 0.0)
(46.316326, 31.345282, 0.0)
(46.326977, 31.291540, 0.0)
(46.347290, 31.318453, 0.0)
(46.344601, 31.274494, 0.0)
(46.331375, 31.286016, 0.0)
(46.322895, 31.296507, 0.0)
(46.291183, 31.270016, 0.0)
(46.265991, 31.283268, 0.0)
(46.261349, 31.274744, 0.0)
(46.230000, 31.260178, 0.0)
(46.206444, 31.263922, 0.0)
(45.878296, 30.961529, 0.0)
(44.919880, 29.750652, 0.0)
(43.799034, 28.962337, 0.0)
(43.925617, 29.468090, 0.0)
(43.806019, 29.524883, 0.0)
(43.723141, 29.481102, 0.0)
(43.672546, 29.481411, 0.0)
(43.539200, 29.453522, 0.0)
(43.487473, 29.407665, 0.0)
(43.061012, 29.535597, 0.0)
(42.194214, 29.953423, 0.0)
(41.981300, 29.953150, 0.0)
(41.852863, 29.939882, 0.0)
(41.709446, 29.893108, 0.0)
(41.606525, 29.889835, 0.0)
(41.480537, 29.863844, 0.0)
(41.392185, 29.851135, 0.0)
(41.225300, 29.883986, 0.0)
(41.141983, 29.890400, 0.0)
(41.089321, 29.902468, 0.0)
(39.062183, 29.818117, 0.0)
(38.535091, 29.772488, 0.0)
(38.452431, 29.725603, 0.0)
(38.396694, 29.710632, 0.0)
(38.312759, 29.718407, 0.0)
(38.235069, 29.743589, 0.0)
(35.518032, 29.997684, 0.0)
(33.061451, 30.319744, 0.0)
(32.845818, 30.359526, 0.0)
(32.766720, 30.332968, 0.0)
(32.722385, 30.345705, 0.0)
(32.673679, 30.368011, 0.0)
(32.649708, 30.395323, 0.0)
(32.529072, 30.447525, 0.0)
(31.573471, 30.922268, 0.0)
(29.083164, 31.645332, 0.0)
(28.730133, 31.750471, 0.0)
(28.645519, 31.781479, 0.0)
(28.617970, 31.833216, 0.0)
(28.558886, 31.822704, 0.0)
(28.558563, 31.828341, 0.0)
(28.556488, 31.826340, 0.0)
(28.548759, 31.829607, 0.0)
(28.534632, 31.784885, 0.0)
(28.576294, 31.707232, 0.0)
(28.580873, 31.679083, 0.0)
(28.614243, 31.665262, 0.0)
(28.651447, 31.664480, 0.0)
(28.610851, 31.679735, 0.0)
(28.578911, 31.695089, 0.0)
(28.578520, 31.675066, 0.0)
(28.548668, 31.664520, 0.0)
(28.559425, 31.672045, 0.0)
(28.561802, 31.650150, 0.0)
(28.583649, 31.644608, 0.0)
(28.600771, 31.650660, 0.0)
(28.627905, 31.621847, 0.0)
(28.649401, 31.588129, 0.0)
(29.276428, 30.674370, 0.0)
(29.473808, 30.328606, 0.0)
(29.529932, 30.232779, 0.0)
(29.636459, 30.165632, 0.0)
(29.774693, 30.044121, 0.0)
(30.289953, 29.829241, 0.0)
(32.060768, 29.547211, 0.0)
(32.375908, 29.447508, 0.0)
(32.590221, 29.365477, 0.0)
(32.769054, 29.288357, 0.0)
(32.906586, 29.261045, 0.0)
(33.082203, 29.228094, 0.0)
(33.234600, 29.191238, 0.0)
(33.454891, 29.115910, 0.0)
(35.945530, 29.314034, 0.0)
(36.136372, 29.315773, 0.0)
(36.232677, 29.266323, 0.0)
(36.420971, 29.263363, 0.0)
(39.595867, 29.284925, 0.0)
(41.360218, 29.284367, 0.0)
(41.496094, 29.231398, 0.0)
(41.526649, 29.205446, 0.0)
(41.606308, 29.190432, 0.0)
(43.257706, 29.647436, 0.0)
(45.254353, 30.160706, 0.0)
(46.020870, 30.462646, 0.0)
(45.877708, 30.310888, 0.0)
(45.914124, 30.257246, 0.0)
(45.917259, 30.255728, 0.0)
(45.928658, 30.249943, 0.0)
(45.948566, 30.231588, 0.0)
(45.987324, 30.181984, 0.0)
(46.041603, 30.151495, 0.0)
(46.057209, 30.147722, 0.0)
(46.081367, 30.126017, 0.0)
(46.112995, 30.072060, 0.0)
(46.115887, 30.068823, 0.0)
(46.137291, 30.070536, 0.0)
(46.172592, 30.051744, 0.0)
(46.240452, 30.028450, 0.0)
(46.263962, 29.988474, 0.0)
(46.329651, 29.987511, 0.0)
(46.384708, 29.932156, 0.0)
(46.404068, 29.904356, 0.0)
(46.421120, 29.862135, 0.0)
(46.375587, 29.788193, 0.0)
(46.425293, 29.771564, 0.0)
(46.424793, 29.826057, 0.0)
(46.446136, 29.826000, 0.0)
(46.442780, 29.812481, 0.0)
(46.404091, 29.839434, 0.0)
(46.366352, 29.818628, 0.0)
(46.346283, 29.822182, 0.0)
(46.289886, 29.833063, 0.0)
(46.220684, 29.823574, 0.0)
(46.121487, 29.815208, 0.0)
(46.072624, 29.829338, 0.0)
(45.946976, 29.796040, 0.0)
(43.669395, 28.392563, 0.0)
(42.396114, 27.665615, 0.0)
(42.209694, 27.969681, 0.0)
(42.106388, 28.056387, 0.0)
(41.998940, 28.067987, 0.0)
(41.895363, 28.081659, 0.0)
(41.800537, 28.129192, 0.0)
(41.675728, 28.087011, 0.0)
(41.598358, 28.103432, 0.0)
(41.475826, 28.094034, 0.0)
(41.405674, 28.135666, 0.0)
(41.316326, 28.155581, 0.0)
(41.223209, 28.129257, 0.0)
(41.177277, 28.129740, 0.0)
(41.141018, 28.108450, 0.0)
(41.049839, 28.161345, 0.0)
(39.253593, 28.432064, 0.0)
(39.110306, 28.463789, 0.0)
(38.992065, 28.463713, 0.0)
(38.904312, 28.470545, 0.0)
(38.767349, 28.498846, 0.0)
(38.602013, 28.596037, 0.0)
(38.432995, 28.647900, 0.0)
(38.263912, 28.693895, 0.0)
(35.600834, 28.955938, 0.0)
(34.886677, 29.011917, 0.0)
(34.805550, 28.990288, 0.0)
(34.789845, 28.959797, 0.0)
(34.768353, 28.961346, 0.0)
(34.725487, 28.932491, 0.0)
(34.698757, 28.967459, 0.0)
(34.656410, 28.966742, 0.0)
(34.046383, 29.169346, 0.0)
(31.266161, 29.873102, 0.0)
(30.357893, 30.139013, 0.0)
(30.207190, 30.210806, 0.0)
(30.121897, 30.265297, 0.0)
(30.072681, 30.257797, 0.0)
(30.017529, 30.270294, 0.0)
(29.989992, 30.314287, 0.0)
(29.912493, 30.372375, 0.0)
(28.614178, 30.868965, 0.0)
(28.488522, 30.865086, 0.0)
(28.457565, 30.863148, 0.0)
(28.424946, 30.860165, 0.0)
(28.406805, 30.859018, 0.0)
(28.434696, 30.842863, 0.0)
(29.552677, 30.145346, 0.0)
(29.593260, 30.120876, 0.0)
(29.568951, 30.129183, 0.0)
(29.604408, 30.121395, 0.0)
(29.628307, 30.120611, 0.0)
(29.624376, 30.054520, 0.0)
(29.628599, 29.989288, 0.0)
(29.628855, 29.935942, 0.0)
(29.639746, 29.931360, 0.0)
(29.676733, 29.896118, 0.0)
(29.755375, 29.831139, 0.0)
(29.785282, 29.800669, 0.0)
(29.901836, 29.713488, 0.0)
(31.198578, 28.932781, 0.0)
(31.378723, 28.845331, 0.0)
(31.567240, 28.803705, 0.0)
(31.738091, 28.694777, 0.0)
(31.901651, 28.627203, 0.0)
(34.588417, 28.325834, 0.0)
(35.583687, 28.288811, 0.0)
(35.862450, 28.245640, 0.0)
(36.019043, 28.203167, 0.0)
(36.174175, 28.175783, 0.0)
(36.305138, 28.157644, 0.0)
(36.417618, 28.148121, 0.0)
(36.520275, 28.094376, 0.0)
(36.622616, 28.092216, 0.0)
(36.733383, 28.067535, 0.0)
(36.811680, 28.080952, 0.0)
(36.871914, 28.081945, 0.0)
(36.952606, 28.038168, 0.0)
(38.597366, 28.023830, 0.0)
(38.859802, 28.021381, 0.0)
(38.915192, 27.981993, 0.0)
(39.988834, 28.126839, 0.0)
(41.771317, 28.328808, 0.0)
(41.875626, 28.321758, 0.0)
(41.939774, 28.298555, 0.0)
(41.977356, 28.305279, 0.0)
(42.023033, 28.285872, 0.0)
(42.115646, 28.303139, 0.0)
(44.584816, 29.258699, 0.0)
(45.745502, 29.663282, 0.0)
(45.748009, 29.594391, 0.0)
(45.750618, 29.571260, 0.0)
(45.824196, 29.532953, 0.0)
(45.799316, 29.579197, 0.0)
(45.789314, 29.578360, 0.0)
(45.791840, 29.564316, 0.0)
(45.780487, 29.538090, 0.0)
(45.804218, 29.541506, 0.0)
(45.807140, 29.518141, 0.0)
(45.787548, 29.558016, 0.0)
(45.790878, 29.544991, 0.0)
(45.784943, 29.580507, 0.0)
(45.768768, 29.554441, 0.0)
(45.760094, 29.530546, 0.0)
(45.731941, 29.539576, 0.0)
(45.723160, 29.513700, 0.0)
(45.848522, 29.514292, 0.0)
(45.847836, 29.454563, 0.0)
(45.834782, 29.450867, 0.0)
(45.812836, 29.424032, 0.0)
(45.803432, 29.418512, 0.0)
(45.802223, 29.423861, 0.0)
(45.771278, 29.424852, 0.0)
(45.743107, 29.408983, 0.0)
(44.522789, 28.660513, 0.0)
(43.919380, 28.234432, 0.0)
(43.886879, 28.192196, 0.0)
(43.841026, 28.161657, 0.0)
(43.731884, 28.097591, 0.0)
(43.673603, 28.109102, 0.0)
(43.598206, 28.046469, 0.0)
(43.566734, 28.036955, 0.0)
(43.406471, 28.004538, 0.0)
(41.216469, 27.496159, 0.0)
(41.048592, 27.535490, 0.0)
(41.028656, 27.540581, 0.0)
(40.981667, 27.492689, 0.0)
(40.931271, 27.439383, 0.0)
(40.886208, 27.455667, 0.0)
(40.797226, 27.465099, 0.0)
(40.641933, 27.497688, 0.0)
(37.807098, 27.426561, 0.0)
(37.110245, 27.432293, 0.0)
(36.984184, 27.409218, 0.0)
(36.914181, 27.409052, 0.0)
(36.845028, 27.446711, 0.0)
(36.777622, 27.451553, 0.0)
(36.688652, 27.499140, 0.0)
(34.859352, 27.881498, 0.0)
(31.548361, 28.692953, 0.0)
(29.487675, 29.398294, 0.0)
(28.592028, 29.933588, 0.0)
(28.641336, 29.871140, 0.0)
(28.645384, 29.828072, 0.0)
(28.611286, 29.831570, 0.0)
(29.977404, 29.153557, 0.0)
(30.081186, 29.069769, 0.0)
(30.036558, 29.099041, 0.0)
(29.989004, 29.127537, 0.0)
(29.959400, 29.140940, 0.0)
(29.922390, 29.150537, 0.0)
(29.907585, 29.159439, 0.0)
(29.887341, 29.158371, 0.0)
(29.853569, 29.174778, 0.0)
(29.821728, 29.235132, 0.0)
(28.850418, 29.661539, 0.0)
(28.373556, 29.700630, 0.0)
(28.331482, 29.691257, 0.0)
(28.348162, 29.663322, 0.0)
(28.311317, 29.682245, 0.0)
(28.309025, 29.654909, 0.0)
(28.325312, 29.665546, 0.0)
(28.290676, 29.703032, 0.0)
(28.280745, 29.711548, 0.0)
(28.278706, 29.730839, 0.0)
(28.255478, 29.744789, 0.0)
(28.236599, 29.715490, 0.0)
(28.255249, 29.689985, 0.0)
(28.284334, 29.677103, 0.0)
(28.316048, 29.638489, 0.0)
(29.106731, 28.945791, 0.0)
(29.961967, 28.233667, 0.0)
(30.069237, 28.053705, 0.0)
(30.161116, 27.952410, 0.0)
(30.262592, 27.948162, 0.0)
(30.316399, 27.853790, 0.0)
(30.768570, 27.721258, 0.0)
(32.056072, 27.444073, 0.0)
(32.287830, 27.376537, 0.0)
(32.434357, 27.344797, 0.0)
(32.554913, 27.301197, 0.0)
(32.734943, 27.233307, 0.0)
(33.589069, 27.087553, 0.0)
(34.224007, 27.083822, 0.0)
(34.400204, 27.051159, 0.0)
(34.601250, 27.030682, 0.0)
(34.722504, 26.994122, 0.0)
(35.935627, 27.054197, 0.0)
(36.189617, 27.083033, 0.0)
(36.390247, 27.022223, 0.0)
(36.746471, 26.963245, 0.0)
(37.911484, 27.014465, 0.0)
(38.151985, 27.001091, 0.0)
(38.250748, 27.040850, 0.0)
(38.347046, 27.027752, 0.0)
(39.922928, 27.134109, 0.0)
(40.778111, 27.123734, 0.0)
(40.950245, 27.097933, 0.0)
(41.610207, 27.265400, 0.0)
(44.268681, 28.282473, 0.0)
(45.385605, 28.771269, 0.0)
(45.961994, 29.143087, 0.0)
(46.093388, 29.198418, 0.0)
(46.106270, 29.206583, 0.0)
(46.111794, 29.209440, 0.0)
(46.098160, 29.236975, 0.0)
(46.091518, 29.207512, 0.0)
(46.101067, 29.204277, 0.0)
(46.105476, 29.239017, 0.0)
(46.058773, 29.207531, 0.0)
(46.064247, 29.190245, 0.0)
(46.059425, 29.206802, 0.0)
(46.047966, 29.229460, 0.0)
(46.038280, 29.159763, 0.0)
(45.670216, 28.641697, 0.0)
(45.644318, 28.598284, 0.0)
(45.656433, 28.590006, 0.0)
(45.664371, 28.549938, 0.0)
(45.653812, 28.562124, 0.0)
(45.657196, 28.544729, 0.0)
(45.672935, 28.522753, 0.0)
(45.647945, 28.511093, 0.0)
(45.624035, 28.505743, 0.0)
(45.570587, 28.517473, 0.0)
(45.532398, 28.444069, 0.0)
(45.492027, 28.329582, 0.0)
(45.477261, 28.297831, 0.0)
(45.439087, 28.249725, 0.0)
(45.364761, 28.282118, 0.0)
(44.563358, 27.672409, 0.0)
(44.410538, 27.523436, 0.0)
(44.289600, 27.388451, 0.0)
(44.245892, 27.368027, 0.0)
(44.146610, 27.377043, 0.0)
(41.922070, 26.630751, 0.0)
(41.578480, 26.575636, 0.0)
(41.495335, 26.553961, 0.0)
(41.416256, 26.543791, 0.0)
(41.290031, 26.515095, 0.0)
(41.188244, 26.465864, 0.0)
(41.105038, 26.403223, 0.0)
(40.979301, 26.502365, 0.0)
(40.915970, 26.504774, 0.0)
(40.900227, 26.487728, 0.0)
(39.954212, 26.391554, 0.0)
(37.372490, 26.223843, 0.0)
(36.836514, 26.267633, 0.0)
(36.685787, 26.293680, 0.0)
(36.662830, 26.311769, 0.0)
(36.635025, 26.330416, 0.0)
(36.605400, 26.309450, 0.0)
(36.593636, 26.317774, 0.0)
(36.535664, 26.349072, 0.0)
(36.152050, 26.444599, 0.0)
(33.017227, 26.982296, 0.0)
(30.475903, 27.570774, 0.0)
(29.884550, 27.770575, 0.0)
(29.823950, 27.780569, 0.0)
(29.754246, 27.800888, 0.0)
(29.704964, 27.874977, 0.0)
(29.674198, 27.863474, 0.0)
(29.627485, 27.851194, 0.0)
(29.620857, 27.856562, 0.0)
(29.581532, 27.896933, 0.0)
(29.586197, 27.897232, 0.0)
(29.576948, 27.922367, 0.0)
(29.562328, 27.924719, 0.0)
(29.548904, 27.916939, 0.0)
(29.540113, 27.905336, 0.0)
(29.526575, 27.920450, 0.0)
(29.534763, 27.926704, 0.0)
(29.520321, 27.934177, 0.0)
(29.511019, 27.917997, 0.0)
(29.051266, 28.134298, 0.0)
(28.727940, 28.194822, 0.0)
(28.668779, 28.189829, 0.0)
(28.663122, 28.195330, 0.0)
(28.589853, 28.241898, 0.0)
(28.574089, 28.224279, 0.0)
(28.552633, 28.237776, 0.0)
(28.595953, 28.190687, 0.0)
(28.638830, 28.163231, 0.0)
(28.658758, 28.044964, 0.0)
(29.402670, 27.492023, 0.0)
(30.025629, 27.026201, 0.0)
(30.112089, 26.913712, 0.0)
(30.206808, 26.806688, 0.0)
(30.303423, 26.719776, 0.0)
(30.408718, 26.684137, 0.0)
(30.515421, 26.579378, 0.0)
(31.363779, 26.253883, 0.0)
(32.976311, 25.921711, 0.0)
(33.213554, 25.870148, 0.0)
(33.430737, 25.830132, 0.0)
(33.579933, 25.794621, 0.0)
(36.058472, 25.801504, 0.0)
(39.207645, 25.992558, 0.0)
(41.482361, 26.265726, 0.0)
(43.288216, 26.994871, 0.0)
(44.359379, 27.502384, 0.0)
(44.218792, 27.456457, 0.0)
(44.244408, 27.436338, 0.0)
(44.239449, 27.388538, 0.0)
(44.248493, 27.388744, 0.0)
(44.248264, 27.368847, 0.0)
(44.262650, 27.340548, 0.0)
(44.279911, 27.321907, 0.0)
(44.275036, 27.311747, 0.0)
(44.279305, 27.266453, 0.0)
(44.265053, 27.253138, 0.0)
(44.262531, 27.242455, 0.0)
(44.255573, 27.225002, 0.0)
(44.280140, 27.260071, 0.0)
(44.258827, 27.211575, 0.0)
(44.294567, 27.236084, 0.0)
(44.322964, 27.224693, 0.0)
(44.386135, 27.230469, 0.0)
(44.406124, 27.199394, 0.0)
(44.466751, 27.184591, 0.0)
(44.506386, 27.196609, 0.0)
(44.514591, 27.195839, 0.0)
(44.541714, 27.200813, 0.0)
(44.597458, 27.195076, 0.0)
(44.620506, 27.203072, 0.0)
(44.599472, 27.061844, 0.0)
(44.644230, 27.013945, 0.0)
(44.664623, 26.967062, 0.0)
(44.653831, 26.963186, 0.0)
(44.688957, 26.968483, 0.0)
(45.288517, 27.195223, 0.0)
(45.260284, 27.199554, 0.0)
(45.259277, 27.210703, 0.0)
(45.264534, 27.185068, 0.0)
(45.277458, 27.196833, 0.0)
(45.273636, 27.192066, 0.0)
(45.275337, 27.201134, 0.0)
(45.268002, 27.190672, 0.0)
(45.253094, 27.174480, 0.0)
(45.233593, 27.180996, 0.0)
(45.203701, 27.183186, 0.0)
(45.175323, 27.153008, 0.0)
(45.138645, 27.116165, 0.0)
(45.110203, 27.101851, 0.0)
(45.083199, 27.089365, 0.0)
(45.026016, 27.011518, 0.0)
(43.182766, 25.968266, 0.0)
(42.968071, 25.844627, 0.0)
(42.866837, 25.781658, 0.0)
(42.773994, 25.786894, 0.0)
(42.715694, 25.817392, 0.0)
(42.678055, 25.816586, 0.0)
(41.245037, 25.478930, 0.0)
(40.989697, 25.482143, 0.0)
(40.915710, 25.463736, 0.0)
(40.872189, 25.434872, 0.0)
(40.848476, 25.427139, 0.0)
(40.783222, 25.417143, 0.0)
(40.714840, 25.373241, 0.0)
(40.679123, 25.350985, 0.0)
(40.667877, 25.330385, 0.0)
(39.208416, 25.168194, 0.0)
(39.099945, 25.199781, 0.0)
(39.063145, 25.129787, 0.0)
(38.990517, 25.145061, 0.0)
(38.926197, 25.148485, 0.0)
(38.884212, 25.163765, 0.0)
(38.497307, 25.206436, 0.0)
(36.226170, 25.157665, 0.0)
(35.656853, 25.152540, 0.0)
(35.536140, 25.111341, 0.0)
(33.546227, 25.612442, 0.0)
(31.019678, 26.380346, 0.0)
(30.789349, 26.434870, 0.0)
(30.738020, 26.444996, 0.0)
(30.697170, 26.464712, 0.0)
(30.647398, 26.484949, 0.0)
(30.586363, 26.494623, 0.0)
(30.563358, 26.499025, 0.0)
(30.579029, 26.488907, 0.0)
(30.562141, 26.511286, 0.0)
(29.860113, 26.734142, 0.0)
(28.695858, 26.709003, 0.0)
(28.581272, 26.481209, 0.0)
(28.900167, 26.369276, 0.0)
(29.083794, 26.366934, 0.0)
(29.086704, 26.397121, 0.0)
(29.081596, 26.450415, 0.0)
(29.089418, 26.447981, 0.0)
(29.083754, 26.463808, 0.0)
(29.080811, 26.465374, 0.0)
(29.076263, 26.500032, 0.0)
(28.883850, 26.710752, 0.0)
(28.755735, 26.879999, 0.0)
(28.727337, 26.899937, 0.0)
(28.704792, 26.877384, 0.0)
(28.722544, 26.877592, 0.0)
(28.726816, 26.847492, 0.0)
(28.760614, 26.795938, 0.0)
(28.839439, 26.736851, 0.0)
(32.566879, 25.321365, 0.0)
(36.952515, 24.760660, 0.0)
(39.831825, 25.022074, 0.0)
(40.431843, 25.235222, 0.0)
(40.506279, 25.257294, 0.0)
(40.501999, 25.191519, 0.0)
(40.500896, 25.159063, 0.0)
(40.535328, 25.123619, 0.0)
(37.869766, 24.797657, 0.0)
(34.674694, 24.892054, 0.0)
(34.391804, 24.881384, 0.0)
(34.433182, 24.841316, 0.0)
(34.463253, 24.777300, 0.0)
(34.507301, 24.737261, 0.0)
(34.582832, 24.731710, 0.0)
(34.696251, 24.705206, 0.0)
(34.817154, 24.676155, 0.0)
(34.928795, 24.650452, 0.0)
(35.023338, 24.636610, 0.0)
(37.031528, 24.654896, 0.0)
(37.192669, 24.636835, 0.0)
(37.274189, 24.621370, 0.0)
(37.351387, 24.589176, 0.0)
(37.412025, 24.566082, 0.0)
(38.734833, 24.681345, 0.0)
(39.290054, 24.643068, 0.0)
(39.413181, 24.605284, 0.0)
(40.256565, 24.750713, 0.0)
(43.165558, 25.524033, 0.0)
(43.642723, 25.608698, 0.0)
(43.766758, 25.633684, 0.0)
(43.775726, 25.633228, 0.0)
(43.782169, 25.644438, 0.0)
(43.801418, 25.642771, 0.0)
(43.825146, 25.648020, 0.0)
(43.855198, 25.624830, 0.0)
(43.859097, 25.603430, 0.0)
(43.868710, 25.599144, 0.0)
(44.751019, 26.156126, 0.0)
(46.124554, 27.122944, 0.0)
(46.083786, 27.063505, 0.0)
(46.069977, 27.063858, 0.0)
(46.074585, 27.065498, 0.0)
(46.082596, 27.058069, 0.0)
(46.101601, 27.027485, 0.0)
(46.107861, 27.008749, 0.0)
(46.111492, 27.008083, 0.0)
(46.079403, 27.007936, 0.0)
(45.744007, 26.764753, 0.0)
(45.382755, 26.097383, 0.0)
(45.283401, 26.122265, 0.0)
(45.356739, 26.209814, 0.0)
(45.406124, 26.211670, 0.0)
(45.396248, 26.169140, 0.0)
(45.416378, 26.172272, 0.0)
(45.362095, 26.137238, 0.0)
(45.360794, 26.104097, 0.0)
(45.331764, 26.053093, 0.0)
(45.271244, 26.060101, 0.0)
(45.201878, 26.113512, 0.0)
(45.143890, 26.070013, 0.0)
(44.101036, 25.509377, 0.0)
(43.548424, 25.249887, 0.0)
(43.419579, 25.139229, 0.0)
(43.368923, 25.119474, 0.0)
(40.701820, 24.618011, 0.0)
(37.004303, 24.556406, 0.0)
(34.897320, 24.719440, 0.0)
(35.120750, 24.717009, 0.0)
(35.138237, 24.665449, 0.0)
(35.073456, 24.675104, 0.0)
(35.077976, 24.631413, 0.0)
(35.104446, 24.619543, 0.0)
(35.099823, 24.650389, 0.0)
(35.062855, 24.612429, 0.0)
(35.052158, 24.633457, 0.0)
(35.017239, 24.637274, 0.0)
(35.006439, 24.632215, 0.0)
(34.984234, 24.671679, 0.0)
(34.958763, 24.724710, 0.0)
(34.954151, 24.719854, 0.0)
(34.944485, 24.714525, 0.0)
(34.922340, 24.694181, 0.0)
(34.867435, 24.717581, 0.0)
(34.836308, 24.728361, 0.0)
(34.782036, 24.774801, 0.0)
(34.705631, 24.806215, 0.0)
(34.626965, 24.819269, 0.0)
(33.144981, 25.056591, 0.0)
(32.266544, 25.212616, 0.0)
(32.168804, 25.181356, 0.0)
(32.149345, 25.189379, 0.0)
(32.081234, 25.183657, 0.0)
(32.042366, 25.162966, 0.0)
(31.955372, 25.144299, 0.0)
(31.931721, 25.157593, 0.0)
(31.410648, 25.397089, 0.0)
(30.310846, 25.745247, 0.0)
(30.210716, 25.742331, 0.0)
(30.212891, 25.737589, 0.0)
(30.159111, 25.721561, 0.0)
(30.147163, 25.707006, 0.0)
(29.305162, 26.186447, 0.0)
(28.882734, 26.312128, 0.0)
(28.830923, 26.313282, 0.0)
(28.788563, 26.322678, 0.0)
(28.746450, 26.337702, 0.0)
(28.752729, 26.316809, 0.0)
(28.750278, 26.294424, 0.0)
(28.742296, 26.295044, 0.0)
(28.746836, 26.285229, 0.0)
(28.778114, 26.250147, 0.0)
(28.803415, 26.203646, 0.0)
(29.463169, 25.502085, 0.0)
(29.573027, 25.361282, 0.0)
(29.641691, 25.273722, 0.0)
(29.723545, 25.207317, 0.0)
(29.806561, 25.121019, 0.0)
(29.924892, 25.072859, 0.0)
(31.614643, 24.574360, 0.0)
(31.948023, 24.501001, 0.0)
(32.125961, 24.430769, 0.0)
(32.226044, 24.382423, 0.0)
(32.367950, 24.325680, 0.0)
(32.487991, 24.306545, 0.0)
(33.317448, 24.124622, 0.0)
(34.305798, 24.077929, 0.0)
(34.465500, 24.008568, 0.0)
(34.610180, 23.988064, 0.0)
(34.777176, 23.947914, 0.0)
(34.938953, 23.933611, 0.0)
(35.160755, 23.852270, 0.0)
(37.103401, 23.743219, 0.0)
(37.261497, 23.727705, 0.0)
(37.396366, 23.707764, 0.0)
(37.535431, 23.676733, 0.0)
(37.632824, 23.637943, 0.0)
(37.800983, 23.611404, 0.0)
(39.191143, 23.624342, 0.0)
(39.783375, 23.606310, 0.0)
(39.916531, 23.592453, 0.0)
(40.022045, 23.550562, 0.0)
(40.783669, 23.574751, 0.0)
(41.654518, 23.751255, 0.0)
(41.838562, 23.712820, 0.0)
(41.902706, 23.689163, 0.0)
(41.943558, 23.697737, 0.0)
(42.028847, 23.710966, 0.0)
(42.099216, 23.744202, 0.0)
(42.627300, 23.868402, 0.0)
(43.673859, 24.269342, 0.0)
(43.764542, 24.317463, 0.0)
(43.801537, 24.345377, 0.0)
(43.860252, 24.337751, 0.0)
(43.877254, 24.386925, 0.0)
(43.911198, 24.370275, 0.0)
(44.677021, 24.760509, 0.0)
(45.050449, 24.960346, 0.0)
(45.113708, 24.993053, 0.0)
(45.142262, 25.024460, 0.0)
(45.155788, 25.009947, 0.0)
(45.154049, 24.989992, 0.0)
(45.160782, 25.015684, 0.0)
(45.152206, 24.982529, 0.0)
(45.158665, 24.991819, 0.0)
(45.160217, 24.969797, 0.0)
(45.158398, 24.971613, 0.0)
(45.142490, 24.966774, 0.0)
(45.140656, 24.959276, 0.0)
(45.127972, 24.963852, 0.0)
(45.089745, 24.911848, 0.0)
(45.064945, 24.924887, 0.0)
(45.049484, 24.917974, 0.0)
(45.021149, 24.882101, 0.0)
(43.354774, 24.057858, 0.0)
(42.332756, 23.503963, 0.0)
(41.779762, 23.196898, 0.0)
(41.690929, 23.142090, 0.0)
(41.638176, 23.084517, 0.0)
(41.568192, 23.064306, 0.0)
(41.527939, 23.091282, 0.0)
(41.496826, 23.082472, 0.0)
(41.467834, 23.063026, 0.0)
(41.251896, 23.123138, 0.0)
(39.816593, 22.238508, 0.0)
(38.955219, 22.541336, 0.0)
(39.143085, 22.474792, 0.0)
(39.597179, 22.816963, 0.0)
(39.634769, 22.856081, 0.0)
(39.618019, 22.826357, 0.0)
(39.539326, 22.823776, 0.0)
(39.478168, 22.801498, 0.0)
(39.436455, 22.831793, 0.0)
(38.863808, 22.901724, 0.0)
(35.925781, 23.062624, 0.0)
(35.168034, 23.168480, 0.0)
(35.046032, 23.178553, 0.0)
(34.989391, 23.204535, 0.0)
(34.920868, 23.211794, 0.0)
(34.800148, 23.199564, 0.0)
(34.737572, 23.189011, 0.0)
(34.607357, 23.266443, 0.0)
(31.795610, 24.199726, 0.0)
(30.610815, 24.558792, 0.0)
(30.465015, 24.582319, 0.0)
(30.411102, 24.585243, 0.0)
(30.379625, 24.595856, 0.0)
(30.375116, 24.594986, 0.0)
(30.349463, 24.597834, 0.0)
(30.318565, 24.594946, 0.0)
(30.271738, 24.663126, 0.0)
(30.218748, 24.702108, 0.0)
(29.723457, 24.958937, 0.0)
(28.541271, 25.528040, 0.0)
(28.431667, 25.568958, 0.0)
(28.407442, 25.587822, 0.0)
(28.369984, 25.638338, 0.0)
(28.287720, 25.681173, 0.0)
(28.284594, 25.683788, 0.0)
(28.212635, 25.763670, 0.0)
(28.136160, 25.846575, 0.0)
(28.035324, 25.876495, 0.0)
(27.996559, 25.883205, 0.0)
(27.977766, 25.920473, 0.0)
(27.995504, 25.922649, 0.0)
(27.985525, 25.869375, 0.0)
(28.024065, 25.859968, 0.0)
(28.952625, 25.143528, 0.0)
(29.811865, 24.591236, 0.0)
(29.915993, 24.518185, 0.0)
(29.954088, 24.461798, 0.0)
(30.042955, 24.401339, 0.0)
(30.110849, 24.374928, 0.0)
(30.227076, 24.320000, 0.0)
(30.318958, 24.292881, 0.0)
(31.048489, 23.637259, 0.0)
(32.443222, 23.325333, 0.0)
(34.194904, 23.234236, 0.0)
(35.340244, 23.239614, 0.0)
(37.252975, 23.356817, 0.0)
(40.147488, 23.855011, 0.0)
(42.350754, 24.577320, 0.0)
(43.787251, 25.175976, 0.0)
(44.266190, 25.344181, 0.0)
(44.311092, 25.366411, 0.0)
(44.322495, 25.356180, 0.0)
(44.300579, 25.296865, 0.0)
(44.313972, 25.295561, 0.0)
(44.296795, 25.278881, 0.0)
(44.284355, 25.249554, 0.0)
(44.316628, 25.215595, 0.0)
(44.327003, 25.217157, 0.0)
(44.313976, 25.156002, 0.0)
(44.328087, 25.140551, 0.0)
(44.315228, 25.112930, 0.0)
(44.341412, 25.090656, 0.0)
(44.368843, 25.080147, 0.0)
(44.390453, 25.031240, 0.0)
(44.398373, 25.082371, 0.0)
(44.432636, 25.097042, 0.0)
(44.482010, 25.055281, 0.0)
(44.512985, 25.027016, 0.0)
(44.018345, 24.343807, 0.0)
(44.028469, 24.240519, 0.0)
(44.088799, 24.258045, 0.0)
(44.097561, 24.253359, 0.0)
(44.135376, 24.263391, 0.0)
(44.178886, 24.267437, 0.0)
(44.195145, 24.280615, 0.0)
(44.767483, 24.533333, 0.0)
(45.076542, 24.645815, 0.0)
(45.132950, 24.651625, 0.0)
(45.164478, 24.651049, 0.0)
(45.188278, 24.595894, 0.0)
(45.203053, 24.653419, 0.0)
(45.176991, 24.602930, 0.0)
(45.208267, 24.647812, 0.0)
(45.229111, 24.674101, 0.0)
(45.201603, 24.667484, 0.0)
(45.210499, 24.652843, 0.0)
(45.204399, 24.649893, 0.0)
(45.176033, 24.632202, 0.0)
(45.156139, 24.593554, 0.0)
(45.121460, 24.605446, 0.0)
(45.074478, 24.665514, 0.0)
(43.517986, 23.726999, 0.0)
(41.958271, 22.889675, 0.0)
(41.717640, 22.829948, 0.0)
(41.691422, 22.853104, 0.0)
(41.674229, 22.820700, 0.0)
(41.660778, 22.784895, 0.0)
(41.635750, 22.799841, 0.0)
(41.559383, 22.762253, 0.0)
(41.535919, 22.798117, 0.0)
(41.492039, 22.808792, 0.0)
(41.379230, 22.831076, 0.0)
(41.333256, 22.855141, 0.0)
(41.317455, 22.859692, 0.0)
(41.288090, 22.849716, 0.0)
(41.271019, 22.826794, 0.0)
(41.232979, 22.793846, 0.0)
(40.786613, 22.771173, 0.0)
(39.782333, 22.533644, 0.0)
(39.680706, 22.535107, 0.0)
(39.604927, 22.517885, 0.0)
(39.542503, 22.481844, 0.0)
(39.485695, 22.486216, 0.0)
(37.371277, 22.453846, 0.0)
(35.805737, 22.485693, 0.0)
(35.613529, 22.438478, 0.0)
(35.589291, 22.435083, 0.0)
(35.518261, 22.446753, 0.0)
(35.430805, 22.453936, 0.0)
(35.373154, 22.496296, 0.0)
(35.321682, 22.541813, 0.0)
(35.242611, 22.571962, 0.0)
(33.411263, 23.014814, 0.0)
(30.821457, 23.813084, 0.0)
(30.637743, 23.880978, 0.0)
(30.564762, 23.895157, 0.0)
(30.521933, 23.923325, 0.0)
(30.496214, 23.947573, 0.0)
(30.461664, 23.959349, 0.0)
(30.445652, 23.955423, 0.0)
(29.082092, 24.647367, 0.0)
(28.375319, 24.950998, 0.0)
(28.309191, 24.994167, 0.0)
(28.309134, 24.987869, 0.0)
(28.263828, 24.988691, 0.0)
(28.324823, 24.970825, 0.0)
(28.336891, 24.928991, 0.0)
(28.336428, 24.951880, 0.0)
(28.321379, 24.936670, 0.0)
(28.306139, 24.983381, 0.0)
(28.291512, 24.993303, 0.0)
(27.871563, 25.181883, 0.0)
(27.856647, 25.157898, 0.0)
(27.864077, 25.154673, 0.0)
(27.867996, 25.149862, 0.0)
(27.895439, 25.160511, 0.0)
(27.887749, 25.131514, 0.0)
(27.900183, 25.127705, 0.0)
(27.926483, 25.088100, 0.0)
(29.122368, 24.215385, 0.0)
(29.200901, 24.159351, 0.0)
(29.254517, 24.084373, 0.0)
(29.333920, 24.009348, 0.0)
(29.413532, 23.950300, 0.0)
(31.343008, 23.224258, 0.0)
(31.546822, 23.136923, 0.0)
(31.688717, 23.054676, 0.0)
(31.797775, 22.996964, 0.0)
(31.940502, 22.913315, 0.0)
(32.056419, 22.881046, 0.0)
(33.574532, 22.558596, 0.0)
(33.856621, 22.483315, 0.0)
(34.017429, 22.477957, 0.0)
(34.153885, 22.464001, 0.0)
(34.239166, 22.415148, 0.0)
(34.713322, 22.300444, 0.0)
(35.794796, 22.220879, 0.0)
(36.033936, 22.167551, 0.0)
(36.194073, 22.102610, 0.0)
(36.280106, 22.075851, 0.0)
(37.968342, 22.104385, 0.0)
(38.411758, 22.096163, 0.0)
(38.794811, 21.867649, 0.0)
(39.346062, 22.042681, 0.0)
(39.679459, 22.066792, 0.0)
(39.814919, 22.051332, 0.0)
(39.889694, 22.044579, 0.0)
(41.604649, 22.498724, 0.0)
(42.105652, 22.619827, 0.0)
(42.244251, 22.655319, 0.0)
(42.287891, 22.666113, 0.0)
(44.433460, 23.850044, 0.0)
(45.852478, 24.875877, 0.0)
(45.881107, 24.886703, 0.0)
(45.893185, 24.887827, 0.0)
(45.941139, 24.924284, 0.0)
(45.959667, 24.893990, 0.0)
(45.952362, 24.860737, 0.0)
(45.935101, 24.828230, 0.0)
(45.947060, 24.829674, 0.0)
(45.891804, 24.829981, 0.0)
(45.887016, 24.830868, 0.0)
(45.876984, 24.878107, 0.0)
(45.854042, 24.897484, 0.0)
(45.863556, 24.924812, 0.0)
(45.860271, 24.920038, 0.0)
(45.865524, 24.862288, 0.0)
(45.880657, 24.893517, 0.0)
(45.868320, 24.898312, 0.0)
(45.874535, 24.915148, 0.0)
(45.871136, 24.945848, 0.0)
(45.883747, 24.943335, 0.0)
(45.871700, 24.878853, 0.0)
(45.889019, 24.863077, 0.0)
(45.895519, 24.880116, 0.0)
(45.854565, 24.826591, 0.0)
(45.860767, 24.843191, 0.0)
(45.885548, 24.930000, 0.0)
(46.372253, 26.012308, 0.0)
(46.374733, 26.052433, 0.0)
(46.358879, 26.083977, 0.0)
(46.357334, 26.132465, 0.0)
(46.302208, 26.173620, 0.0)
(47.003094, 27.651514, 0.0)
(46.922745, 28.283646, 0.0)
(46.942654, 28.320845, 0.0)
(46.932964, 28.373823, 0.0)
(46.909031, 28.370426, 0.0)
(46.945133, 28.379364, 0.0)
(46.979202, 28.354277, 0.0)
(46.974598, 28.320677, 0.0)
(46.969357, 28.314884, 0.0)
(46.952106, 28.380220, 0.0)
(46.938969, 28.457123, 0.0)
(46.822056, 28.409237, 0.0)
(46.388027, 28.293095, 0.0)
(46.516659, 28.588709, 0.0)
(46.752533, 29.938000, 0.0)
(46.804707, 30.651058, 0.0)
(46.821888, 31.360920, 0.0)
(46.828121, 31.485191, 0.0)
(46.815334, 31.521608, 0.0)
(46.821419, 31.540138, 0.0)
(46.825684, 31.591000, 0.0)
(46.804272, 31.626181, 0.0)
(46.774723, 31.622923, 0.0)
(46.779655, 31.665728, 0.0)
(46.743286, 31.695101, 0.0)
(46.740891, 31.734041, 0.0)
(46.722904, 31.744097, 0.0)
(46.463673, 33.156811, 0.0)
(46.449738, 34.102062, 0.0)
(46.392593, 34.151897, 0.0)
(46.364967, 34.143032, 0.0)
(46.298454, 34.094296, 0.0)
(46.239491, 34.117432, 0.0)
(46.213581, 34.118084, 0.0)
(46.197975, 34.115532, 0.0)
(46.198372, 34.124752, 0.0)
(46.182571, 34.126930, 0.0)
(46.186489, 34.116486, 0.0)
(46.193722, 34.140263, 0.0)
(46.167519, 34.147152, 0.0)
(46.152351, 34.147720, 0.0)
(46.150017, 34.158215, 0.0)
(46.151108, 34.118446, 0.0)
(46.138897, 34.131287, 0.0)
(46.119637, 34.114735, 0.0)
(44.863022, 34.440002, 0.0)
(44.612492, 34.492310, 0.0)
(44.564400, 34.460934, 0.0)
(44.535542, 34.447929, 0.0)
(44.465378, 34.465057, 0.0)
(44.416077, 34.466496, 0.0)
(44.387817, 34.488014, 0.0)
(44.339935, 34.477409, 0.0)
(44.312164, 34.460957, 0.0)
(45.474743, 33.304012, 0.0)
(45.457600, 33.199364, 0.0)
(45.436466, 33.113338, 0.0)
(45.450485, 32.992256, 0.0)
(45.469368, 32.858810, 0.0)
(45.520699, 32.638294, 0.0)
(45.892384, 31.859291, 0.0)
(45.927387, 31.621435, 0.0)
(45.990875, 31.426693, 0.0)
(45.982910, 31.313677, 0.0)
(45.989101, 31.147957, 0.0)
(46.082466, 31.048553, 0.0)
(46.060692, 30.871677, 0.0)
(46.027061, 30.772053, 0.0)
(46.065857, 30.652763, 0.0)
(46.008774, 30.485264, 0.0)
(46.261330, 29.745419, 0.0)
(46.254002, 29.542788, 0.0)
(46.246140, 29.399313, 0.0)
(46.274441, 29.298983, 0.0)
(46.305401, 29.208109, 0.0)
(46.277580, 29.097326, 0.0)
(46.315346, 28.977428, 0.0)
(46.327080, 28.853491, 0.0)
(46.153580, 28.429796, 0.0)
(46.033245, 27.410048, 0.0)
(46.002037, 27.259840, 0.0)
(45.967564, 27.179623, 0.0)
(45.943218, 27.089449, 0.0)
(45.939907, 27.017603, 0.0)
(45.911930, 26.960560, 0.0)
(45.909740, 26.933521, 0.0)
(45.903954, 26.871017, 0.0)
(45.888321, 26.817225, 0.0)
(45.861187, 26.721699, 0.0)
(45.856350, 26.680275, 0.0)
(45.842236, 26.636436, 0.0)
(45.843872, 26.620047, 0.0)
(45.663979, 25.875233, 0.0)
(45.624725, 25.650543, 0.0)
(45.612793, 25.590858, 0.0)
(45.550526, 25.511654, 0.0)
(45.569782, 25.514353, 0.0)
(45.572319, 25.494120, 0.0)
(45.534153, 25.473803, 0.0)
(45.515045, 25.426285, 0.0)
(45.514584, 25.411140, 0.0)
(45.523018, 25.381357, 0.0)
(45.519905, 25.359690, 0.0)
(45.532417, 25.379797, 0.0)
(45.502892, 25.392954, 0.0)
(44.781174, 24.938461, 0.0)
(44.650150, 24.835897, 0.0)
(44.647949, 24.813919, 0.0)
(44.665710, 24.817125, 0.0)
(44.716476, 24.852365, 0.0)
(44.698322, 24.892496, 0.0)
(45.426098, 26.235525, 0.0)
(45.578926, 27.069029, 0.0)
(45.567295, 27.144804, 0.0)
(45.567657, 27.145184, 0.0)
(45.492783, 27.170408, 0.0)
(45.660187, 27.412882, 0.0)
(46.010239, 28.110769, 0.0)
(45.968010, 29.049738, 0.0)
(45.847534, 29.467264, 0.0)
(45.840996, 29.517546, 0.0)
(45.798378, 29.629801, 0.0)
(45.756523, 29.630831, 0.0)
(45.747673, 29.651466, 0.0)
(45.753948, 29.682329, 0.0)
(45.745399, 29.718849, 0.0)
(45.730335, 29.760000, 0.0)
(45.719856, 29.800138, 0.0)
(45.701611, 29.814241, 0.0)
(45.681416, 29.843796, 0.0)
(45.657509, 29.851519, 0.0)
(45.661041, 29.876513, 0.0)
(45.663601, 29.914955, 0.0)
(45.715851, 30.025101, 0.0)
(45.790131, 30.508482, 0.0)
(45.783142, 30.585300, 0.0)
(45.769939, 30.587053, 0.0)
(45.765713, 30.636806, 0.0)
(45.738415, 30.686401, 0.0)
(45.727932, 30.980219, 0.0)
(45.759239, 32.959484, 0.0)
(45.527748, 33.395466, 0.0)
(45.448566, 33.431076, 0.0)
(45.426758, 33.425743, 0.0)
(45.407413, 33.426376, 0.0)
(45.396935, 33.423485, 0.0)
(45.376587, 33.459194, 0.0)
(45.356400, 33.464973, 0.0)
(45.354298, 33.460217, 0.0)
(45.338387, 33.476925, 0.0)
(45.354000, 33.491123, 0.0)
(45.350605, 33.487038, 0.0)
(45.338032, 33.490471, 0.0)
(45.327965, 33.455078, 0.0)
(45.316456, 33.447086, 0.0)
(45.470634, 33.829731, 0.0)
(45.408840, 33.855278, 0.0)
(45.394810, 33.877525, 0.0)
(45.379417, 33.850773, 0.0)
(45.388180, 33.836929, 0.0)
(45.375664, 33.777283, 0.0)
(45.359367, 33.712677, 0.0)
(45.338284, 33.661221, 0.0)
(45.349792, 33.626995, 0.0)
(45.289406, 33.497330, 0.0)
(45.258175, 33.360844, 0.0)
(45.241047, 33.223736, 0.0)
(44.838001, 32.614929, 0.0)
(44.863792, 32.338844, 0.0)
(44.876404, 32.175648, 0.0)
(44.923222, 31.978245, 0.0)
(44.921917, 31.842091, 0.0)
(44.908390, 31.715904, 0.0)
(44.912415, 31.528973, 0.0)
(44.939121, 31.410147, 0.0)
(44.936275, 31.283403, 0.0)
(44.905869, 31.173872, 0.0)
(45.166580, 31.007805, 0.0)
(45.167595, 30.850555, 0.0)
(45.190056, 30.747358, 0.0)
(45.199539, 30.631384, 0.0)
(45.212681, 30.532440, 0.0)
(45.227070, 30.412090, 0.0)
(45.198410, 30.274925, 0.0)
(45.216805, 30.192320, 0.0)
(45.159008, 29.302036, 0.0)
(45.124825, 29.145531, 0.0)
(45.104588, 29.037767, 0.0)
(45.078094, 28.908222, 0.0)
(45.061314, 28.822454, 0.0)
(45.055149, 28.704203, 0.0)
(45.265774, 27.737553, 0.0)
(45.122910, 26.499310, 0.0)
(45.016342, 26.348064, 0.0)
(44.984501, 26.276270, 0.0)
(44.947975, 26.174532, 0.0)
(44.926052, 26.110876, 0.0)
(44.912609, 26.060930, 0.0)
(44.864510, 25.990162, 0.0)
(44.858334, 25.966030, 0.0)
(44.858028, 25.938231, 0.0)
(44.859573, 25.881958, 0.0)
(44.819958, 25.778412, 0.0)
(44.787632, 25.699018, 0.0)
(44.774265, 25.613556, 0.0)
(44.773312, 25.537199, 0.0)
(44.756420, 25.483131, 0.0)
(44.740879, 25.419537, 0.0)
(44.745255, 25.360704, 0.0)
(44.697617, 25.302107, 0.0)
(44.685535, 25.321079, 0.0)
(44.685535, 25.321079, 0.0)
(44.669609, 25.289282, 0.0)
(44.666893, 25.280643, 0.0)
(44.648899, 25.248352, 0.0)
(44.283344, 25.000669, 0.0)
(44.229855, 24.944607, 0.0)
(44.257420, 24.980141, 0.0)
(44.233723, 24.986097, 0.0)
(44.209721, 24.990028, 0.0)
(44.198414, 24.991055, 0.0)
(44.183826, 25.024445, 0.0)
(44.163952, 25.012587, 0.0)
(44.117939, 25.101486, 0.0)
(43.925434, 26.364342, 0.0)
(43.825176, 27.103655, 0.0)
(43.821373, 27.239210, 0.0)
(43.774090, 27.260738, 0.0)
(44.200741, 27.845253, 0.0)
(44.141457, 27.906099, 0.0)
(44.080551, 27.933498, 0.0)
(44.063381, 27.924465, 0.0)
(44.045177, 27.948875, 0.0)
(44.039116, 27.991209, 0.0)
(44.035046, 28.029806, 0.0)
(44.032768, 28.063309, 0.0)
(43.993576, 28.091026, 0.0)
(44.000950, 28.129400, 0.0)
(44.012276, 28.139467, 0.0)
(44.368645, 28.636303, 0.0)
(44.323364, 28.762344, 0.0)
(44.320980, 28.777010, 0.0)
(44.331505, 28.839214, 0.0)
(44.307873, 28.891239, 0.0)
(44.288567, 28.936752, 0.0)
(44.288490, 29.024057, 0.0)
(44.660275, 30.408710, 0.0)
(44.538437, 31.207739, 0.0)
(44.486111, 31.272728, 0.0)
(44.488026, 31.314651, 0.0)
(44.489368, 31.355570, 0.0)
(44.456421, 31.344067, 0.0)
(44.417912, 31.422457, 0.0)
(44.629742, 32.112434, 0.0)
(44.808846, 33.293201, 0.0)
(44.414749, 33.653133, 0.0)
(44.283775, 33.747925, 0.0)
(44.270645, 33.761772, 0.0)
(44.253006, 33.773529, 0.0)
(44.225880, 33.791874, 0.0)
(44.227325, 33.808392, 0.0)
(44.198444, 33.794792, 0.0)
(44.185989, 33.807606, 0.0)
(44.184940, 33.834908, 0.0)
(44.163342, 33.861118, 0.0)
(44.140102, 33.898247, 0.0)
(44.139389, 33.924892, 0.0)
(43.819653, 33.715664, 0.0)
(43.774559, 33.689526, 0.0)
(43.768620, 33.658455, 0.0)
(43.762962, 33.684116, 0.0)
(43.736679, 33.661247, 0.0)
(43.705433, 33.670994, 0.0)
(43.677708, 33.679256, 0.0)
(43.697811, 33.645065, 0.0)
(43.690887, 33.641422, 0.0)
(43.673954, 33.588676, 0.0)
(43.641869, 33.507618, 0.0)
(43.612198, 33.417965, 0.0)
(43.628910, 33.273830, 0.0)
(43.205719, 32.421528, 0.0)
(43.150627, 32.219528, 0.0)
(43.169708, 32.050266, 0.0)
(43.156757, 31.831398, 0.0)
(43.142876, 31.648724, 0.0)
(43.154793, 31.497742, 0.0)
(43.608917, 31.331913, 0.0)
(43.590122, 31.214607, 0.0)
(43.603333, 31.079119, 0.0)
(43.558174, 30.983191, 0.0)
(43.543575, 30.865448, 0.0)
(43.512199, 30.723385, 0.0)
(43.534637, 30.607164, 0.0)
(43.533558, 30.547398, 0.0)
(43.510551, 30.433365, 0.0)
(43.516193, 30.272469, 0.0)
(43.826286, 29.142105, 0.0)
(43.799164, 29.006363, 0.0)
(43.754234, 28.939592, 0.0)
(43.746704, 28.871120, 0.0)
(43.742096, 28.833242, 0.0)
(43.711685, 28.769329, 0.0)
(43.532574, 28.442976, 0.0)
(43.297592, 26.940605, 0.0)
(43.011181, 26.069849, 0.0)
(42.960758, 25.960871, 0.0)
(42.937744, 25.914530, 0.0)
(42.900440, 25.893673, 0.0)
(42.908581, 25.849051, 0.0)
(42.935253, 25.797617, 0.0)
(42.928905, 25.750601, 0.0)
(42.945534, 25.689022, 0.0)
(42.949356, 25.675089, 0.0)
(42.978188, 25.653461, 0.0)
(42.957615, 25.624676, 0.0)
(42.961029, 25.623211, 0.0)
(42.931091, 25.598753, 0.0)
(42.928787, 25.563765, 0.0)
(42.928307, 25.500120, 0.0)
(42.910828, 25.473969, 0.0)
(42.883125, 25.295269, 0.0)
(42.796909, 24.804840, 0.0)
(42.702419, 24.699505, 0.0)
(42.677406, 24.676924, 0.0)
(42.665813, 24.675388, 0.0)
(42.629707, 24.644625, 0.0)
(42.632526, 24.626234, 0.0)
(42.638641, 24.609961, 0.0)
(42.620125, 24.555731, 0.0)
(42.626434, 24.538200, 0.0)
(42.611996, 24.530312, 0.0)
(42.607117, 24.524216, 0.0)
(42.605545, 24.519777, 0.0)
(42.603020, 24.521544, 0.0)
(41.789558, 24.351404, 0.0)
(41.556839, 24.277685, 0.0)
(41.542988, 24.308535, 0.0)
(41.523769, 24.338711, 0.0)
(41.502274, 24.385685, 0.0)
(42.204239, 25.903341, 0.0)
(42.256138, 27.340578, 0.0)
(42.138096, 27.464056, 0.0)
(42.105328, 27.460617, 0.0)
(42.060242, 27.508471, 0.0)
(42.024227, 27.532133, 0.0)
(42.013374, 27.630646, 0.0)
(41.972782, 27.640461, 0.0)
(41.985973, 27.674257, 0.0)
(42.001797, 27.691397, 0.0)
(42.026237, 27.696537, 0.0)
(42.034435, 27.774286, 0.0)
(42.043995, 27.831196, 0.0)
(42.043140, 27.848206, 0.0)
(42.079380, 27.861898, 0.0)
(42.525948, 28.524794, 0.0)
(42.490841, 28.636290, 0.0)
(42.474171, 28.638887, 0.0)
(42.445023, 28.706318, 0.0)
(42.446030, 28.712143, 0.0)
(42.430454, 28.734058, 0.0)
(42.447628, 28.743801, 0.0)
(42.913296, 30.211140, 0.0)
(42.799507, 30.955574, 0.0)
(42.769371, 30.951200, 0.0)
(42.779705, 30.955555, 0.0)
(42.763531, 30.959703, 0.0)
(42.762230, 31.001242, 0.0)
(42.756195, 31.041349, 0.0)
(42.696735, 31.083649, 0.0)
(42.693043, 31.121359, 0.0)
(42.687191, 31.513332, 0.0)
(42.766418, 33.417934, 0.0)
(42.646217, 34.243328, 0.0)
(42.521202, 34.329041, 0.0)
(42.449730, 34.323910, 0.0)
(42.386402, 34.351498, 0.0)
(42.357479, 34.392796, 0.0)
(42.345299, 34.397900, 0.0)
(42.330582, 34.450798, 0.0)
(42.624943, 34.341236, 0.0)
(42.554756, 34.358646, 0.0)
(42.525684, 34.365398, 0.0)
(42.507694, 34.363670, 0.0)
(42.481323, 34.393543, 0.0)
(42.463570, 34.427135, 0.0)
(42.445686, 34.431320, 0.0)
(42.380550, 34.471375, 0.0)
(42.353382, 34.485256, 0.0)
(42.397560, 34.441025, 0.0)
(42.329277, 34.421963, 0.0)
(42.329716, 34.401115, 0.0)
(41.555916, 34.015350, 0.0)
(40.505436, 33.457932, 0.0)
(40.084225, 32.842785, 0.0)
(40.248791, 32.205257, 0.0)
(40.468040, 31.720631, 0.0)
(40.560322, 31.617411, 0.0)
(40.528828, 31.473766, 0.0)
(40.522537, 31.374088, 0.0)
(40.666687, 31.279993, 0.0)
(41.285107, 31.366308, 0.0)
(41.322544, 31.273779, 0.0)
(41.316628, 31.138866, 0.0)
(41.312252, 31.025436, 0.0)
(41.348186, 30.896223, 0.0)
(41.354439, 30.770971, 0.0)
(41.322544, 30.653856, 0.0)
(41.307419, 30.511002, 0.0)
(41.298470, 30.379812, 0.0)
(41.319775, 30.291584, 0.0)
(41.324032, 30.151016, 0.0)
(41.344707, 30.035107, 0.0)
(41.345207, 29.948717, 0.0)
(41.364616, 29.871864, 0.0)
(41.370541, 29.742516, 0.0)
(41.390617, 29.639547, 0.0)
(41.374313, 29.556797, 0.0)
(41.403236, 29.511068, 0.0)
(41.440773, 28.384432, 0.0)
(41.374233, 27.533638, 0.0)
(41.336407, 27.397902, 0.0)
(41.326912, 27.277351, 0.0)
(41.333454, 27.245750, 0.0)
(41.285946, 27.171158, 0.0)
(41.512543, 26.425930, 0.0)
(41.435387, 25.621298, 0.0)
(41.355400, 25.507755, 0.0)
(41.366158, 25.468891, 0.0)
(41.385307, 25.457989, 0.0)
(41.348969, 25.455553, 0.0)
(41.319504, 25.401054, 0.0)
(41.330235, 25.382603, 0.0)
(40.996738, 24.936481, 0.0)
(40.859818, 24.327108, 0.0)
(40.834358, 24.291149, 0.0)
(40.817623, 24.296049, 0.0)
(40.817455, 24.289848, 0.0)
(40.794674, 24.285618, 0.0)
(40.773628, 24.270769, 0.0)
(40.787373, 24.277006, 0.0)
(40.734184, 24.274817, 0.0)
(40.732582, 24.275133, 0.0)
(40.734917, 24.287857, 0.0)
(40.710129, 24.273924, 0.0)
(40.715858, 24.272970, 0.0)
(40.715858, 24.272970, 0.0)
(40.676350, 24.262541, 0.0)
(40.651482, 24.261932, 0.0)
(39.328209, 24.152155, 0.0)
(39.235157, 24.176353, 0.0)
(39.227371, 24.212225, 0.0)
(39.220722, 24.261131, 0.0)
(39.207005, 24.298061, 0.0)
(39.725845, 24.999058, 0.0)
(40.044697, 26.037085, 0.0)
(40.038353, 26.174553, 0.0)
(39.986958, 26.200752, 0.0)
(39.969276, 26.232967, 0.0)
(39.946487, 26.301376, 0.0)
(39.954525, 26.443153, 0.0)
(40.486660, 27.950981, 0.0)
(40.418987, 28.163170, 0.0)
(40.376694, 28.229084, 0.0)
(40.339954, 28.286062, 0.0)
(40.348892, 28.327639, 0.0)
(40.329258, 28.400976, 0.0)
(40.331806, 28.449150, 0.0)
(40.297768, 28.530458, 0.0)
(40.294228, 28.574764, 0.0)
(40.283630, 28.631636, 0.0)
(40.286221, 28.687687, 0.0)
(40.274940, 28.688208, 0.0)
(40.269234, 28.738024, 0.0)
(40.481575, 29.120346, 0.0)
(40.534298, 29.769421, 0.0)
(40.492901, 29.895868, 0.0)
(40.483990, 29.914328, 0.0)
(40.487431, 29.925932, 0.0)
(40.478542, 29.991331, 0.0)
(40.431969, 30.014687, 0.0)
(40.418137, 30.202232, 0.0)
(40.345951, 32.054291, 0.0)
(40.268894, 32.513580, 0.0)
(40.222256, 32.540287, 0.0)
(40.195625, 32.545753, 0.0)
(40.167850, 32.548519, 0.0)
(40.148590, 32.592636, 0.0)
(40.148590, 32.592636, 0.0)
(40.141338, 32.607140, 0.0)
(40.554470, 33.116230, 0.0)
(40.484791, 33.632648, 0.0)
(40.427937, 33.712074, 0.0)
(40.408405, 33.740330, 0.0)
(40.374691, 33.746925, 0.0)
(40.382236, 33.737522, 0.0)
(40.147068, 34.328609, 0.0)
(40.094082, 34.372826, 0.0)
(40.080822, 34.361877, 0.0)
(40.073410, 34.336700, 0.0)
(40.055035, 34.337250, 0.0)
(40.048855, 34.349968, 0.0)
(40.037544, 34.360683, 0.0)
(40.012691, 34.383110, 0.0)
(40.002674, 34.373775, 0.0)
(39.995323, 34.367954, 0.0)
(39.951603, 34.314888, 0.0)
(38.899647, 34.252831, 0.0)
(38.383366, 34.025311, 0.0)
(38.369942, 33.913399, 0.0)
(38.372219, 33.779427, 0.0)
(38.373936, 33.551113, 0.0)
(39.169014, 32.212624, 0.0)
(39.153225, 32.069103, 0.0)
(39.133484, 31.864628, 0.0)
(39.126064, 31.695419, 0.0)
(39.107574, 31.588306, 0.0)
(39.111542, 31.484053, 0.0)
(39.095665, 31.392977, 0.0)
(39.077877, 31.285238, 0.0)
(39.065311, 31.187748, 0.0)
(39.047844, 31.109993, 0.0)
(39.055855, 31.005550, 0.0)
(39.037407, 30.943396, 0.0)
(39.018414, 30.862467, 0.0)
(39.056602, 30.784393, 0.0)
(39.244255, 30.535860, 0.0)
(39.406078, 29.039736, 0.0)
(39.349339, 28.305071, 0.0)
(39.275204, 28.186575, 0.0)
(39.237087, 28.172422, 0.0)
(39.196636, 28.146173, 0.0)
(39.200333, 28.148417, 0.0)
(39.186893, 28.141434, 0.0)
(39.173801, 28.146082, 0.0)
(39.152725, 28.025259, 0.0)
(38.907375, 26.480675, 0.0)
(38.879524, 25.909828, 0.0)
(38.876114, 25.844553, 0.0)
(38.841747, 25.826229, 0.0)
(38.804821, 25.772350, 0.0)
(38.840603, 25.732817, 0.0)
(38.851524, 25.685879, 0.0)
(38.849030, 25.610661, 0.0)
(38.876823, 25.517605, 0.0)
(38.852646, 25.505650, 0.0)
(38.848171, 25.465067, 0.0)
(38.875416, 25.427168, 0.0)
(38.845268, 25.422058, 0.0)
(38.818935, 25.382273, 0.0)
(38.778206, 25.379461, 0.0)
(38.764389, 25.358231, 0.0)
(38.766544, 25.353218, 0.0)
(38.319691, 25.088520, 0.0)
(38.212799, 24.958639, 0.0)
(38.157028, 24.940084, 0.0)
(38.150520, 24.928282, 0.0)
(38.139759, 24.927952, 0.0)
(38.117130, 24.890957, 0.0)
(38.101364, 24.872240, 0.0)
(38.101364, 24.872240, 0.0)
(38.092430, 24.868673, 0.0)
(38.033707, 24.886963, 0.0)
(37.073372, 24.778736, 0.0)
(36.755909, 24.712702, 0.0)
(36.724365, 24.706989, 0.0)
(36.734180, 24.751707, 0.0)
(36.742870, 24.835684, 0.0)
(37.467205, 26.179043, 0.0)
(37.764992, 27.149210, 0.0)
(37.755825, 27.380419, 0.0)
(37.729523, 27.405598, 0.0)
(37.678997, 27.419764, 0.0)
(37.667187, 27.459169, 0.0)
(37.627068, 27.492670, 0.0)
(37.637028, 27.524277, 0.0)
(37.655014, 27.524124, 0.0)
(37.645180, 27.506145, 0.0)
(37.658047, 27.553846, 0.0)
(37.671459, 27.587801, 0.0)
(37.684738, 27.638788, 0.0)
(37.696880, 27.690784, 0.0)
(38.350849, 28.796835, 0.0)
(38.522533, 30.801699, 0.0)
(38.296635, 31.941074, 0.0)
(38.188572, 31.968218, 0.0)
(38.135796, 31.975508, 0.0)
(38.101086, 32.030315, 0.0)
(38.086945, 32.003296, 0.0)
(38.067142, 31.999397, 0.0)
(38.049870, 32.038311, 0.0)
(38.045162, 32.063705, 0.0)
(38.049133, 32.079586, 0.0)
(38.004841, 32.118309, 0.0)
(38.004276, 32.138645, 0.0)
(37.995213, 32.145416, 0.0)
(37.989655, 32.189571, 0.0)
(37.982658, 32.200001, 0.0)
(37.986511, 32.213676, 0.0)
(37.995476, 32.243618, 0.0)
(38.111618, 33.373451, 0.0)
(38.131741, 33.889870, 0.0)
(38.106068, 33.931568, 0.0)
(38.099457, 33.947189, 0.0)
(38.062325, 33.965000, 0.0)
(38.037663, 33.986008, 0.0)
(37.961941, 34.022888, 0.0)
(37.949356, 34.038021, 0.0)
(37.936409, 34.078239, 0.0)
(37.915466, 34.087505, 0.0)
(37.880672, 34.099010, 0.0)
(37.637348, 34.241894, 0.0)
(37.585747, 34.266888, 0.0)
(37.571735, 34.278553, 0.0)
(37.542599, 34.307537, 0.0)
(37.490841, 34.300171, 0.0)
(37.485054, 34.354698, 0.0)
(37.462666, 34.359528, 0.0)
(37.425026, 34.283733, 0.0)
(37.470093, 34.212727, 0.0)
(37.471897, 34.129169, 0.0)
(36.757687, 34.038326, 0.0)
(36.095787, 33.843105, 0.0)
(35.978477, 33.783432, 0.0)
(35.918831, 33.731346, 0.0)
(35.906105, 33.611904, 0.0)
(35.869080, 33.536205, 0.0)
(36.510677, 32.889404, 0.0)
(36.650200, 32.541725, 0.0)
(36.620392, 32.408142, 0.0)
(36.590694, 32.323238, 0.0)
(36.539875, 32.197918, 0.0)
(36.495750, 32.094730, 0.0)
(36.481628, 31.982279, 0.0)
(36.501469, 31.862215, 0.0)
(36.525600, 31.755648, 0.0)
(36.574398, 31.660330, 0.0)
(36.576077, 31.596779, 0.0)
(36.836544, 30.974033, 0.0)
(36.764511, 28.793213, 0.0)
(36.674076, 28.232267, 0.0)
(36.662277, 28.167124, 0.0)
(36.610962, 28.176561, 0.0)
(36.579002, 28.131132, 0.0)
(36.583496, 28.102886, 0.0)
(36.594231, 28.095627, 0.0)
(36.601562, 28.075159, 0.0)
(36.610146, 27.946354, 0.0)
(36.666485, 26.160538, 0.0)
(36.547680, 25.740444, 0.0)
(36.521221, 25.682833, 0.0)
(36.515434, 25.662657, 0.0)
(36.526443, 25.620512, 0.0)
(36.491875, 25.580763, 0.0)
(36.484959, 25.549599, 0.0)
(36.488174, 25.478609, 0.0)
(36.450100, 25.463303, 0.0)
(36.441235, 25.398973, 0.0)
(36.459370, 25.392824, 0.0)
(36.456608, 25.388933, 0.0)
(36.439724, 25.364428, 0.0)
(36.438034, 25.333521, 0.0)
(36.450035, 25.311583, 0.0)
(36.454792, 25.308622, 0.0)
(36.447441, 25.333902, 0.0)
(36.427666, 25.303926, 0.0)
(36.418514, 25.296776, 0.0)
(36.418514, 25.296776, 0.0)
(36.403088, 25.284992, 0.0)
(36.401199, 25.272934, 0.0)
(36.389442, 25.267635, 0.0)
(36.356388, 25.272926, 0.0)
(36.352535, 25.267101, 0.0)
(36.341133, 25.266375, 0.0)
(36.351166, 25.231596, 0.0)
(36.361820, 25.245184, 0.0)
(36.316967, 25.233269, 0.0)
(36.314056, 25.221939, 0.0)
(36.314056, 25.221939, 0.0)
(35.270515, 25.530130, 0.0)
(35.028015, 25.628805, 0.0)
(34.835472, 26.020763, 0.0)
(34.851059, 27.505842, 0.0)
(35.254120, 29.302668, 0.0)
(35.519726, 30.742704, 0.0)
(35.458595, 30.871576, 0.0)
(35.439114, 30.910456, 0.0)
(35.408604, 30.938051, 0.0)
(35.351818, 30.983656, 0.0)
(35.366524, 31.004211, 0.0)
(35.375484, 31.006548, 0.0)
(35.376713, 31.027460, 0.0)
(35.400711, 31.054806, 0.0)
(35.384171, 31.084616, 0.0)
(35.357853, 31.125202, 0.0)
(35.360737, 31.103989, 0.0)
(35.368599, 31.116959, 0.0)
(35.358578, 31.122972, 0.0)
(35.361614, 31.139284, 0.0)
(35.362457, 31.158497, 0.0)
(35.373386, 31.139814, 0.0)
(35.395844, 31.136717, 0.0)
(35.426014, 31.159737, 0.0)
(35.431885, 31.184198, 0.0)
(35.476620, 31.173834, 0.0)
(35.474247, 31.211201, 0.0)
(35.457581, 31.227758, 0.0)
(35.466248, 31.239113, 0.0)
(35.981098, 31.812832, 0.0)
(36.022022, 32.290356, 0.0)
(36.019470, 32.321640, 0.0)
(36.007896, 32.344971, 0.0)
(35.993935, 32.339218, 0.0)
(35.991302, 32.375126, 0.0)
(35.413929, 33.950050, 0.0)
(35.238346, 34.202415, 0.0)
(35.197613, 34.210609, 0.0)
(35.137520, 34.230888, 0.0)
(35.115807, 34.263485, 0.0)
(35.089825, 34.297981, 0.0)
(35.086281, 34.325123, 0.0)
(35.099747, 34.338924, 0.0)
(35.699959, 34.958126, 0.0)
(35.659950, 35.195053, 0.0)
(35.608883, 35.235298, 0.0)
(35.566349, 35.293327, 0.0)
(35.553814, 35.298275, 0.0)
(35.555286, 35.307766, 0.0)
(35.310879, 35.474083, 0.0)
(35.108593, 35.529850, 0.0)
(35.089977, 35.529026, 0.0)
(35.078949, 35.527168, 0.0)
(35.054279, 35.544659, 0.0)
(35.046135, 35.535564, 0.0)
(35.006847, 35.542999, 0.0)
(34.008759, 35.019501, 0.0)
(33.311935, 34.550289, 0.0)
(33.195198, 34.484531, 0.0)
(33.140038, 34.431892, 0.0)
(33.134758, 34.400112, 0.0)
(33.083828, 34.281494, 0.0)
(33.955078, 33.488422, 0.0)
(33.972183, 33.366478, 0.0)
(33.922180, 33.236389, 0.0)
(33.919739, 33.119396, 0.0)
(33.916134, 33.018486, 0.0)
(33.872478, 32.912273, 0.0)
(33.865765, 32.831272, 0.0)
(33.880508, 32.715347, 0.0)
(33.879761, 32.632626, 0.0)
(33.874775, 32.556343, 0.0)
(33.921772, 32.493816, 0.0)
(34.101894, 32.041321, 0.0)
(34.257538, 29.680126, 0.0)
(34.120052, 27.967485, 0.0)
(34.076542, 27.868599, 0.0)
(34.033970, 27.895542, 0.0)
(34.015350, 27.845558, 0.0)
(34.010704, 27.842735, 0.0)
(33.998039, 27.802692, 0.0)
(34.012642, 27.779772, 0.0)
(34.053951, 27.741758, 0.0)
(34.027225, 27.680668, 0.0)
(34.023872, 27.645554, 0.0)
(34.038074, 27.633230, 0.0)
(34.048786, 27.617865, 0.0)
(34.081337, 27.603771, 0.0)
(34.075676, 27.610477, 0.0)
(34.083851, 27.610628, 0.0)
(33.590752, 26.749037, 0.0)
(33.629875, 26.230036, 0.0)
(33.625992, 26.178900, 0.0)
(33.606960, 26.233521, 0.0)
(33.601421, 26.208284, 0.0)
(33.601089, 26.190582, 0.0)
(33.573830, 26.202124, 0.0)
(33.567001, 26.176224, 0.0)
(33.578159, 26.165630, 0.0)
(33.582966, 26.155510, 0.0)
(33.590462, 26.110540, 0.0)
(33.592049, 26.105238, 0.0)
(33.591110, 26.099955, 0.0)
(33.585468, 26.120247, 0.0)
(33.560444, 26.135349, 0.0)
(33.535843, 26.159660, 0.0)
(33.505611, 26.118839, 0.0)
(33.517654, 26.108126, 0.0)
(33.519245, 26.048281, 0.0)
(33.524792, 26.097799, 0.0)
(33.469063, 26.104099, 0.0)
(33.464230, 26.088369, 0.0)
(33.475365, 26.103540, 0.0)
(33.276840, 26.199850, 0.0)
(32.079716, 26.990585, 0.0)
(31.910585, 27.014704, 0.0)
(32.250061, 27.752630, 0.0)
(32.399727, 28.429935, 0.0)
(32.361382, 28.484272, 0.0)
(32.309093, 28.519199, 0.0)
(32.650932, 28.485643, 0.0)
(32.984936, 29.875227, 0.0)
(33.430359, 32.253742, 0.0)
(33.395538, 32.053497, 0.0)
(33.456329, 32.818764, 0.0)
(33.485313, 32.940639, 0.0)
(33.450726, 32.907600, 0.0)
(33.493816, 32.892838, 0.0)
(33.513268, 32.873032, 0.0)
(33.514160, 32.877922, 0.0)
(33.557964, 32.798416, 0.0)
(33.559662, 32.786385, 0.0)
(33.585827, 32.781811, 0.0)
(33.586315, 32.794720, 0.0)
(33.622139, 32.803108, 0.0)
(33.601971, 32.810902, 0.0)
(33.594894, 32.786278, 0.0)
(33.596035, 32.794483, 0.0)
(33.622108, 32.771633, 0.0)
(33.132973, 33.142624, 0.0)
(33.088562, 33.170422, 0.0)
(33.103004, 33.156620, 0.0)
(33.110401, 33.133991, 0.0)
(33.118645, 33.137665, 0.0)
(33.114445, 33.141376, 0.0)
(33.126640, 33.144344, 0.0)
(33.128014, 33.140137, 0.0)
(33.135342, 33.144859, 0.0)
(33.175098, 33.159355, 0.0)
(33.187859, 33.193558, 0.0)
(33.034382, 34.120338, 0.0)
(33.039120, 34.331059, 0.0)
(33.478668, 34.638966, 0.0)
(33.575394, 35.104683, 0.0)
(33.530632, 35.195618, 0.0)
(33.470528, 35.219528, 0.0)
(33.457146, 35.221676, 0.0)
(33.455791, 35.233109, 0.0)
(33.400982, 35.314381, 0.0)
(33.193401, 36.000591, 0.0)
(33.094131, 36.064236, 0.0)
(33.076359, 36.088902, 0.0)
(32.985519, 36.081722, 0.0)
(32.969967, 36.083790, 0.0)
(32.955627, 36.125954, 0.0)
(32.940083, 36.129120, 0.0)
(32.662811, 35.446831, 0.0)
(32.467625, 34.723827, 0.0)
(32.385082, 34.633961, 0.0)
(32.348019, 34.626781, 0.0)
(32.282417, 34.663002, 0.0)
(32.231213, 34.650318, 0.0)
(31.402752, 34.993351, 0.0)
(31.352602, 34.984383, 0.0)
(31.315502, 34.948700, 0.0)
(31.309828, 34.926262, 0.0)
(31.301083, 34.825222, 0.0)
(31.871119, 34.232700, 0.0)
(31.877680, 34.121265, 0.0)
(31.840685, 33.991436, 0.0)
(31.810539, 33.821301, 0.0)
(31.798874, 33.732738, 0.0)
(31.812607, 33.558479, 0.0)
(31.967712, 32.764603, 0.0)
(31.950071, 32.621269, 0.0)
(31.911213, 32.494968, 0.0)
(31.910740, 32.399826, 0.0)
(31.893343, 32.333050, 0.0)
(31.675034, 31.733309, 0.0)
(31.628265, 31.476700, 0.0)
(31.621174, 31.390678, 0.0)
(31.626848, 31.304241, 0.0)
(31.643421, 31.185726, 0.0)
(31.680889, 31.119984, 0.0)
(31.670897, 31.026573, 0.0)
(31.667542, 30.883667, 0.0)
(31.669191, 29.441597, 0.0)
(31.557791, 29.196486, 0.0)
(31.533106, 29.161188, 0.0)
(31.521626, 29.062422, 0.0)
(31.508879, 29.013121, 0.0)
(31.442781, 27.697292, 0.0)
(31.299837, 27.177910, 0.0)
(31.288151, 27.065973, 0.0)
(31.283392, 27.018276, 0.0)
(31.267614, 26.987110, 0.0)
(31.255690, 26.956160, 0.0)
(31.252287, 26.903704, 0.0)
(31.248493, 26.878056, 0.0)
(31.220186, 26.853024, 0.0)
(30.736219, 26.297184, 0.0)
(30.987007, 25.694149, 0.0)
(31.060823, 25.770985, 0.0)
(31.063509, 25.779409, 0.0)
(31.016291, 25.820419, 0.0)
(31.003969, 25.805885, 0.0)
(30.992935, 25.804558, 0.0)
(31.003571, 25.796808, 0.0)
(31.042862, 25.792162, 0.0)
(31.071152, 25.769415, 0.0)
(31.032663, 25.774899, 0.0)
(31.006903, 25.768484, 0.0)
(30.981974, 25.754377, 0.0)
(30.961317, 25.760641, 0.0)
(30.955704, 25.754002, 0.0)
(30.947514, 25.777231, 0.0)
(30.937223, 25.814234, 0.0)
(30.925604, 25.836357, 0.0)
(30.001942, 26.746866, 0.0)
(29.888168, 26.846849, 0.0)
(29.884111, 26.873997, 0.0)
(29.842154, 26.931633, 0.0)
(29.797771, 26.930658, 0.0)
(29.793808, 26.983892, 0.0)
(29.703276, 27.432478, 0.0)
(29.886677, 29.358637, 0.0)
(30.118690, 30.850021, 0.0)
(30.318750, 31.416225, 0.0)
(30.293610, 31.454884, 0.0)
(30.241983, 31.506010, 0.0)
(30.233805, 31.541035, 0.0)
(30.235706, 31.607355, 0.0)
(30.223173, 31.660717, 0.0)
(30.226124, 31.665588, 0.0)
(30.218321, 31.674946, 0.0)
(30.237921, 31.700077, 0.0)
(30.261477, 31.710548, 0.0)
(30.841549, 31.905375, 0.0)
(30.876892, 31.937658, 0.0)
(30.836716, 31.931694, 0.0)
(30.832268, 31.936979, 0.0)
(30.847755, 31.959900, 0.0)
(30.861786, 31.933891, 0.0)
(30.592751, 32.622410, 0.0)
(30.420546, 33.690735, 0.0)
(30.438490, 33.759338, 0.0)
(30.479053, 33.696411, 0.0)
(30.455666, 33.674892, 0.0)
(30.433058, 33.668823, 0.0)
(30.473137, 33.689896, 0.0)
(30.442650, 33.714355, 0.0)
(30.446117, 33.697929, 0.0)
(30.524176, 33.663956, 0.0)
(30.514482, 33.688107, 0.0)
(30.552179, 33.769382, 0.0)
(31.100941, 34.881004, 0.0)
(31.088593, 34.946136, 0.0)
(31.048361, 34.947720, 0.0)
(31.021904, 34.961967, 0.0)
(30.991297, 34.949360, 0.0)
(31.006842, 34.954128, 0.0)
(30.154886, 35.250103, 0.0)
(29.702047, 35.261467, 0.0)
(29.659077, 35.226799, 0.0)
(29.604723, 35.275208, 0.0)
(29.559713, 35.281193, 0.0)
(29.536648, 35.278439, 0.0)
(29.481382, 35.301609, 0.0)
(28.854845, 35.774071, 0.0)
(28.781078, 35.818497, 0.0)
(29.472345, 35.281864, 0.0)
(29.484350, 35.228760, 0.0)
(29.434347, 35.244267, 0.0)
(29.425501, 35.246967, 0.0)
(29.395649, 35.280533, 0.0)
(29.368423, 35.276852, 0.0)
(29.348177, 35.308990, 0.0)
(29.374611, 35.247063, 0.0)
(29.389875, 35.207397, 0.0)
(29.403185, 35.177109, 0.0)
(29.400223, 35.124065, 0.0)
(29.392204, 35.057770, 0.0)
(29.399176, 35.004318, 0.0)
(29.382828, 34.945095, 0.0)
(29.380667, 34.856171, 0.0)
(29.192373, 34.709641, 0.0)
(28.198456, 33.232834, 0.0)
(28.158377, 32.566242, 0.0)
(28.727335, 32.014141, 0.0)
(28.959276, 31.689314, 0.0)
(28.975307, 31.598763, 0.0)
(28.939747, 31.578310, 0.0)
(28.937410, 31.523638, 0.0)
(28.951862, 31.464252, 0.0)
(28.959084, 31.413876, 0.0)
(28.984268, 31.346601, 0.0)
(29.036579, 31.289967, 0.0)
(28.997566, 31.208414, 0.0)
(29.017591, 31.126757, 0.0)
(29.454241, 30.454069, 0.0)
(29.475807, 29.165012, 0.0)
(29.383177, 29.026068, 0.0)
(29.338192, 29.030399, 0.0)
(29.325401, 29.001543, 0.0)
(29.340553, 28.941229, 0.0)
(29.349449, 28.919081, 0.0)
(28.980087, 28.918154, 0.0)
(28.346165, 28.214294, 0.0)
(28.104559, 27.568811, 0.0)
(28.426424, 27.520439, 0.0)
(28.799469, 27.529087, 0.0)
(28.888725, 27.534832, 0.0)
(28.903774, 27.556561, 0.0)
(28.907408, 27.560995, 0.0)
(28.908440, 27.530754, 0.0)
(28.953293, 27.492838, 0.0)
(28.969780, 27.463469, 0.0)
(28.980101, 27.442865, 0.0)
(29.001764, 27.424656, 0.0)
(29.009933, 27.392382, 0.0)
(29.003468, 27.407059, 0.0)
(28.993393, 27.378376, 0.0)
(28.994408, 27.344006, 0.0)
(28.990187, 27.342051, 0.0)
(28.943171, 27.354294, 0.0)
(28.131462, 27.791271, 0.0)
(28.039953, 27.854649, 0.0)
(28.028250, 27.847227, 0.0)
(27.992802, 27.854973, 0.0)
(27.946901, 27.844078, 0.0)
(27.915537, 27.867630, 0.0)
(27.857872, 27.994776, 0.0)
(27.151167, 29.629930, 0.0)
(26.931126, 31.180374, 0.0)
(27.022223, 32.494831, 0.0)
(27.597189, 33.788246, 0.0)
(28.145451, 34.721760, 0.0)
(28.231703, 34.947441, 0.0)
(28.228466, 34.883240, 0.0)
(28.237959, 34.897781, 0.0)
(28.231571, 34.928318, 0.0)
(28.247093, 34.897869, 0.0)
(28.200586, 34.848606, 0.0)
(28.035231, 34.318096, 0.0)
(27.548731, 33.472839, 0.0)
(27.604441, 34.010361, 0.0)
(27.198889, 33.171577, 0.0)
(27.567072, 33.359722, 0.0)
(27.641354, 33.591221, 0.0)
(27.641876, 33.653534, 0.0)
(27.634214, 33.745201, 0.0)
(27.634727, 33.776176, 0.0)
(27.644585, 33.793842, 0.0)
(27.650452, 33.814705, 0.0)
(27.633875, 33.829124, 0.0)
(27.675411, 33.800297, 0.0)
(27.684958, 33.829239, 0.0)
(27.680204, 33.832542, 0.0)
(27.711451, 33.833492, 0.0)
(27.710043, 33.845867, 0.0)
(27.712910, 33.828773, 0.0)
(27.724543, 33.843174, 0.0)
(27.738525, 33.841114, 0.0)
(28.185909, 33.929012, 0.0)
(28.484226, 35.244888, 0.0)
(28.738897, 36.395187, 0.0)
(28.778036, 36.608013, 0.0)
(28.740953, 36.561584, 0.0)
(28.704351, 36.563492, 0.0)
(28.714029, 36.577122, 0.0)
(28.681053, 36.629620, 0.0)
(28.694921, 36.633434, 0.0)
(28.709507, 36.607170, 0.0)
(28.250290, 37.129368, 0.0)
(28.236824, 37.170673, 0.0)
(28.256176, 37.181335, 0.0)
(28.199587, 37.244308, 0.0)
(28.165104, 37.242764, 0.0)
(28.179964, 37.263100, 0.0)
(28.158325, 37.257629, 0.0)
(28.188705, 37.243107, 0.0)
(28.209242, 37.218460, 0.0)
(28.195629, 37.226379, 0.0)
(28.202972, 37.214569, 0.0)
(28.216179, 37.171162, 0.0)
(28.223455, 37.105839, 0.0)
(28.203981, 37.084446, 0.0)
(28.194204, 37.043007, 0.0)
(27.765135, 35.512585, 0.0)
(27.486914, 34.907658, 0.0)
(27.428453, 34.808807, 0.0)
(27.405888, 34.788258, 0.0)
(26.851603, 34.417694, 0.0)
(26.286398, 34.135334, 0.0)
(26.615505, 33.832188, 0.0)
(27.254255, 33.499325, 0.0)
(27.269333, 33.460381, 0.0)
(27.253881, 33.381989, 0.0)
(27.248686, 33.380482, 0.0)
(27.249294, 33.325806, 0.0)
(27.236164, 33.287064, 0.0)
(27.232586, 33.226948, 0.0)
(27.228964, 33.133259, 0.0)
(27.227787, 33.064812, 0.0)
(27.208086, 33.042004, 0.0)
(27.192669, 32.977810, 0.0)
(26.213650, 33.228107, 0.0)
(25.918077, 32.789757, 0.0)
(26.361387, 32.045231, 0.0)
(26.679066, 31.626379, 0.0)
(26.653969, 31.520519, 0.0)
(26.636299, 31.482248, 0.0)
(26.601496, 31.411247, 0.0)
(26.605570, 31.366394, 0.0)
(26.614365, 31.292713, 0.0)
(26.624529, 31.217726, 0.0)
(26.659424, 31.143398, 0.0)
(26.669004, 31.100784, 0.0)
(26.658995, 31.036919, 0.0)
(26.657921, 30.990578, 0.0)
(26.852518, 30.725470, 0.0)
(27.173149, 29.907898, 0.0)
(27.172348, 29.810352, 0.0)
(27.150064, 29.809607, 0.0)
(27.149260, 29.768599, 0.0)
(27.182991, 29.737278, 0.0)
(27.133862, 29.752048, 0.0)
(27.184889, 29.668905, 0.0)
(27.190096, 29.704453, 0.0)
(27.114002, 29.716667, 0.0)
(27.103117, 29.667562, 0.0)
(27.149214, 29.657652, 0.0)
(27.140039, 29.627579, 0.0)
(26.767204, 29.781092, 0.0)
(26.767580, 29.751411, 0.0)
(26.767769, 29.715370, 0.0)
(26.765013, 29.720264, 0.0)
(26.770945, 29.710634, 0.0)
(26.744246, 29.703917, 0.0)
(26.744246, 29.703917, 0.0)
(26.698763, 29.712839, 0.0)
(26.696701, 29.737556, 0.0)
(26.683353, 29.727255, 0.0)
(26.685884, 29.728815, 0.0)
(26.670416, 29.782381, 0.0)
(26.698154, 29.784176, 0.0)
(26.647337, 29.803415, 0.0)
(26.596741, 29.828337, 0.0)
(26.156000, 30.358549, 0.0)
(26.090206, 30.409369, 0.0)
(26.098116, 30.417158, 0.0)
(25.591221, 31.312439, 0.0)
(25.075727, 32.677959, 0.0)
(25.123125, 33.809151, 0.0)
(25.815668, 34.772629, 0.0)
(26.525076, 35.552223, 0.0)
(27.033525, 35.615295, 0.0)
(27.012302, 35.615929, 0.0)
(26.964504, 35.607510, 0.0)
(26.958847, 35.618496, 0.0)
(26.953245, 35.648083, 0.0)
(26.953764, 35.634407, 0.0)
(26.945412, 35.653748, 0.0)
(26.947721, 35.663574, 0.0)
(26.906109, 35.707985, 0.0)
(26.876833, 35.722191, 0.0)
(26.785246, 35.833054, 0.0)
(26.403685, 35.815384, 0.0)
(26.334761, 35.875595, 0.0)
(26.312668, 35.883099, 0.0)
(26.318947, 35.901287, 0.0)
(26.326778, 35.936607, 0.0)
(26.325930, 35.930443, 0.0)
(26.314610, 35.961090, 0.0)
(26.317890, 35.966934, 0.0)
(26.307178, 35.989758, 0.0)
(26.304813, 35.998783, 0.0)
(26.304270, 36.006344, 0.0)
(26.298334, 36.016228, 0.0)
(26.303720, 36.021946, 0.0)
(26.307283, 36.023075, 0.0)
(26.328251, 35.990170, 0.0)
(26.312832, 36.024307, 0.0)
(26.306692, 36.029766, 0.0)
(26.329632, 35.986095, 0.0)
(26.500872, 36.470203, 0.0)
(26.941881, 37.867710, 0.0)
(26.996532, 37.945789, 0.0)
(26.942217, 37.918228, 0.0)
(26.950268, 37.879124, 0.0)
(26.986410, 37.892113, 0.0)
(26.970436, 37.890511, 0.0)
(26.987492, 37.922626, 0.0)
(26.975740, 37.974777, 0.0)
(26.985205, 37.961369, 0.0)
(27.004976, 37.953396, 0.0)
(27.012215, 37.951572, 0.0)
(27.033686, 37.933685, 0.0)
(27.054499, 37.932201, 0.0)
(27.060858, 37.924244, 0.0)
(27.056875, 37.914543, 0.0)
(27.069153, 37.908745, 0.0)
(27.051926, 37.899071, 0.0)
(27.082258, 37.866928, 0.0)
(27.111225, 37.845238, 0.0)
(27.094698, 37.810925, 0.0)
(27.109947, 37.801178, 0.0)
(27.020304, 38.193008, 0.0)
(27.022039, 38.384472, 0.0)
(27.056210, 38.377712, 0.0)
(27.049902, 38.377666, 0.0)
(27.051044, 38.358604, 0.0)
(27.043770, 38.357544, 0.0)
(27.113213, 38.152851, 0.0)
(28.916147, 36.502361, 0.0)
(36.207695, 35.629398, 0.0)
(37.962673, 34.443153, 0.0)
(38.930725, 34.775620, 0.0)
(39.005959, 34.842602, 0.0)
(39.054028, 34.836697, 0.0)
(39.076550, 34.899361, 0.0)
(39.088062, 34.892368, 0.0)
(38.381859, 34.895985, 0.0)
(34.538910, 34.938152, 0.0)
(31.993401, 35.630272, 0.0)
(28.155739, 38.493160, 0.0)
(27.714417, 37.667995, 0.0)
(27.748148, 37.629753, 0.0)
(27.791908, 37.649078, 0.0)
(27.730761, 37.682137, 0.0)
(27.737698, 37.622154, 0.0)
(27.729057, 37.559418, 0.0)
(29.925922, 37.341251, 0.0)
(37.925442, 36.329578, 0.0)
(37.609226, 34.730682, 0.0)
(37.560772, 34.541843, 0.0)
(37.569008, 34.676716, 0.0)
(37.592697, 34.676331, 0.0)
(37.592037, 34.679028, 0.0)
