(33.433773, 24.958364, 0.0)
(33.373341, 24.416290, 0.0)
(33.458096, 24.431040, 0.0)
(33.524143, 24.459429, 0.0)
(33.556236, 24.467564, 0.0)
(33.608231, 24.507349, 0.0)
(33.643650, 24.514481, 0.0)
(33.628178, 24.500601, 0.0)
(33.636127, 24.468281, 0.0)
(33.664917, 24.494661, 0.0)
(33.687489, 24.622829, 0.0)
(33.717861, 24.728489, 0.0)
(34.001087, 25.427027, 0.0)
(33.987766, 25.498886, 0.0)
(33.965424, 25.540464, 0.0)
(34.003269, 25.716646, 0.0)
(34.032871, 25.856987, 0.0)
(34.000523, 25.795748, 0.0)
(33.977177, 25.746672, 0.0)
(34.010017, 25.709621, 0.0)
(34.031704, 25.680950, 0.0)
(34.012104, 25.770020, 0.0)
(34.033905, 25.928665, 0.0)
(34.018322, 25.979239, 0.0)
(34.015072, 26.030241, 0.0)
(34.019379, 26.190979, 0.0)
(34.037048, 26.174942, 0.0)
(34.012688, 26.047167, 0.0)
(33.971977, 26.036444, 0.0)
(33.978420, 26.086838, 0.0)
(33.949883, 26.046282, 0.0)
(33.915173, 25.976828, 0.0)
(33.884521, 25.935080, 0.0)
(33.898281, 25.956337, 0.0)
(33.889664, 25.936739, 0.0)
(33.843838, 25.829874, 0.0)
(33.824089, 25.717556, 0.0)
(33.837093, 25.592398, 0.0)
(33.823586, 25.443243, 0.0)
(33.830387, 25.375584, 0.0)
(33.804649, 25.399118, 0.0)
(33.859783, 25.356413, 0.0)
(33.889019, 25.366993, 0.0)
(33.902649, 25.418308, 0.0)
(33.930611, 25.496861, 0.0)
(33.975506, 25.700912, 0.0)
(33.969017, 25.796110, 0.0)
(34.000477, 25.902559, 0.0)
(34.037445, 25.890530, 0.0)
(33.993195, 25.794079, 0.0)
(34.014050, 25.919781, 0.0)
(34.079163, 25.918098, 0.0)
(34.074886, 25.980507, 0.0)
(34.084896, 25.901314, 0.0)
(34.059246, 25.919098, 0.0)
(34.044445, 26.021942, 0.0)
(34.047894, 25.970469, 0.0)
(34.040855, 25.984289, 0.0)
(34.102631, 25.965714, 0.0)
(34.047478, 25.844902, 0.0)
(33.980621, 25.775467, 0.0)
(33.987045, 25.730259, 0.0)
(33.981033, 25.708328, 0.0)
(33.977398, 25.702297, 0.0)
(33.995636, 25.704170, 0.0)
(34.004456, 25.674906, 0.0)
(33.983829, 25.558538, 0.0)
(33.993301, 25.488672, 0.0)
(34.055450, 25.530674, 0.0)
(34.083405, 25.524509, 0.0)
(34.081181, 25.462538, 0.0)
(34.107590, 25.434027, 0.0)
(34.218502, 25.435314, 0.0)
(34.304295, 25.426693, 0.0)
(34.364086, 25.461525, 0.0)
(34.423351, 25.470366, 0.0)
(34.421124, 25.524380, 0.0)
(34.385170, 25.565855, 0.0)
(34.330502, 25.608372, 0.0)
(34.262962, 25.661768, 0.0)
(33.872673, 25.844698, 0.0)
(33.994938, 26.464590, 0.0)
(33.987511, 25.842865, 0.0)
(33.963406, 25.665470, 0.0)
(33.963348, 25.646057, 0.0)
(34.001556, 25.636694, 0.0)
(34.008671, 25.625641, 0.0)
(34.041149, 25.645111, 0.0)
(34.077789, 25.695959, 0.0)
(34.106876, 25.701525, 0.0)
(34.131832, 25.688946, 0.0)
(34.143501, 25.759739, 0.0)
(34.174965, 25.758680, 0.0)
(34.183231, 25.717903, 0.0)
(34.196400, 25.669134, 0.0)
(34.186653, 25.619068, 0.0)
(34.176464, 25.604645, 0.0)
(34.192818, 25.631876, 0.0)
(34.160698, 25.635935, 0.0)
(34.155869, 25.636074, 0.0)
(34.146870, 25.617891, 0.0)
(34.164021, 25.571260, 0.0)
(34.115219, 25.528761, 0.0)
(34.130165, 25.544447, 0.0)
(34.125824, 25.559353, 0.0)
(34.134792, 25.572832, 0.0)
(34.157341, 25.602612, 0.0)
(34.181919, 25.654154, 0.0)
(34.166630, 25.645849, 0.0)
(34.150017, 25.631533, 0.0)
(34.097389, 25.599678, 0.0)
(34.101772, 25.484625, 0.0)
(34.100742, 25.401257, 0.0)
(34.095566, 25.377876, 0.0)
(34.112949, 25.385437, 0.0)
(34.116123, 25.255568, 0.0)
(34.037212, 25.144125, 0.0)
(33.957726, 25.060589, 0.0)
(33.946751, 25.052217, 0.0)
(33.906193, 25.049597, 0.0)
(33.891140, 24.991470, 0.0)
(33.812897, 25.019268, 0.0)
(33.858906, 25.077688, 0.0)
(33.909870, 25.131338, 0.0)
(33.905979, 25.178940, 0.0)
(33.922367, 25.882689, 0.0)
(33.934452, 25.248436, 0.0)
(33.839401, 24.977888, 0.0)
(33.900002, 24.942154, 0.0)
(33.927734, 24.985628, 0.0)
(33.960655, 25.045841, 0.0)
(33.993763, 25.101725, 0.0)
(34.015892, 25.085627, 0.0)
(34.039268, 25.144077, 0.0)
(34.089340, 25.181152, 0.0)
(34.142536, 25.171324, 0.0)
(34.146606, 25.160147, 0.0)
(34.185551, 25.070942, 0.0)
(34.187256, 25.051542, 0.0)
(34.197781, 25.016788, 0.0)
(34.208290, 25.104824, 0.0)
(34.213692, 25.185162, 0.0)
(34.198524, 25.183554, 0.0)
(34.164669, 25.144279, 0.0)
(34.197449, 25.115826, 0.0)
(34.192387, 25.060574, 0.0)
(34.179138, 25.067665, 0.0)
(34.188137, 25.085764, 0.0)
(34.197590, 25.091227, 0.0)
(34.208954, 25.138359, 0.0)
(34.213699, 25.195663, 0.0)
(34.198086, 25.195999, 0.0)
(34.211311, 25.145988, 0.0)
(34.200596, 25.100250, 0.0)
(34.167397, 25.089203, 0.0)
(34.135914, 25.069086, 0.0)
(34.139587, 25.058243, 0.0)
(34.124126, 25.037518, 0.0)
(34.107586, 25.054773, 0.0)
(34.095348, 24.968126, 0.0)
(34.080093, 24.952185, 0.0)
(34.077442, 24.976376, 0.0)
(34.071560, 25.015638, 0.0)
(34.106449, 25.069841, 0.0)
(34.073742, 25.532776, 0.0)
(34.049095, 26.086161, 0.0)
(34.042450, 26.183630, 0.0)
(34.020267, 26.089603, 0.0)
(33.965801, 26.036575, 0.0)
(33.961201, 26.027758, 0.0)
(33.946259, 26.029148, 0.0)
(33.919724, 26.016531, 0.0)
(33.910709, 26.105917, 0.0)
(33.891312, 26.196377, 0.0)
(32.150127, 27.004946, 0.0)
(29.453560, 28.654894, 0.0)
(27.812134, 29.754461, 0.0)
(27.701063, 29.794918, 0.0)
(27.687105, 29.734282, 0.0)
(27.667006, 29.733931, 0.0)
(27.643839, 29.738861, 0.0)
(27.652172, 29.795115, 0.0)
(27.639399, 29.748819, 0.0)
(27.660358, 29.741678, 0.0)
(27.665197, 29.694775, 0.0)
(27.644306, 29.674936, 0.0)
(32.214664, 25.086802, 0.0)
(37.305882, 23.004503, 0.0)
(39.402802, 22.622789, 0.0)
(39.354607, 22.522593, 0.0)
(39.330940, 22.601133, 0.0)
(39.282372, 22.657671, 0.0)
(39.246689, 22.640530, 0.0)
(39.190037, 22.558266, 0.0)
(39.154419, 22.459911, 0.0)
(39.122246, 22.429749, 0.0)
(39.136963, 22.439514, 0.0)
(39.078049, 22.453806, 0.0)
(40.445435, 21.969973, 0.0)
(41.216793, 21.710024, 0.0)
(41.239548, 21.631968, 0.0)
(41.244122, 21.646990, 0.0)
(41.211033, 21.624088, 0.0)
(41.185734, 21.589550, 0.0)
(41.184841, 21.615433, 0.0)
(41.139294, 21.569872, 0.0)
(41.066921, 21.502144, 0.0)
(40.913425, 21.532619, 0.0)
(40.875599, 22.176407, 0.0)
(40.835125, 21.552319, 0.0)
(40.879810, 21.529486, 0.0)
(40.895454, 21.642727, 0.0)
(40.876518, 21.733631, 0.0)
(40.884274, 21.784021, 0.0)
(40.899559, 21.839775, 0.0)
(40.886742, 21.849728, 0.0)
(40.888332, 21.924051, 0.0)
(40.904350, 21.976194, 0.0)
(40.898010, 21.983259, 0.0)
(40.961155, 22.041101, 0.0)
(40.972172, 22.005440, 0.0)
(40.944134, 21.975151, 0.0)
(40.943523, 22.034105, 0.0)
(40.970703, 22.068760, 0.0)
(40.949192, 22.051893, 0.0)
(40.914867, 21.943260, 0.0)
(40.385521, 21.944036, 0.0)
(39.903076, 22.169088, 0.0)
(38.644955, 22.033230, 0.0)
(38.030750, 21.743999, 0.0)
(35.427322, 21.718323, 0.0)
(32.688049, 22.348974, 0.0)
(0.000000, 0.000000, 1.0)
(28.292833, 29.835545, 0.0)
(27.614677, 28.730871, 0.0)
(27.359430, 28.085848, 0.0)
(27.334421, 28.021761, 0.0)
(27.249922, 28.006176, 0.0)
(26.112501, 30.292068, 0.0)
(26.044098, 30.656797, 0.0)
(26.035130, 30.654041, 0.0)
(25.994225, 30.655638, 0.0)
(25.958580, 30.616438, 0.0)
(26.031864, 30.568064, 0.0)
(26.049154, 30.610687, 0.0)
(26.048241, 30.682718, 0.0)
(26.039801, 30.672203, 0.0)
(25.979311, 30.645050, 0.0)
(25.992502, 30.645777, 0.0)
(25.995747, 30.682745, 0.0)
(25.979673, 30.681675, 0.0)
(25.974440, 30.626978, 0.0)
(25.933201, 30.614370, 0.0)
(25.953905, 30.627230, 0.0)
(25.910769, 30.563377, 0.0)
(25.872150, 30.514940, 0.0)
(25.891104, 30.529531, 0.0)
(25.895954, 30.549019, 0.0)
(25.871437, 30.524824, 0.0)
(25.862501, 30.527733, 0.0)
(25.857655, 30.513521, 0.0)
(25.843380, 30.465679, 0.0)
(25.833162, 30.482004, 0.0)
(25.813791, 30.495041, 0.0)
(25.817665, 30.460289, 0.0)
(25.961914, 28.245415, 0.0)
(25.370346, 24.170662, 0.0)
(24.968410, 22.967422, 0.0)
(24.842382, 22.772465, 0.0)
(24.759474, 22.792624, 0.0)
(24.578535, 22.334150, 0.0)
(24.512053, 22.222136, 0.0)
(24.492336, 22.134768, 0.0)
(24.469234, 22.158531, 0.0)
(24.493336, 22.240189, 0.0)
(24.470154, 22.231678, 0.0)
(24.462547, 22.178652, 0.0)
(24.489552, 22.124905, 0.0)
(24.479927, 22.082144, 0.0)
(24.470205, 22.057568, 0.0)
(24.470732, 22.059320, 0.0)
(24.466276, 22.061172, 0.0)
(24.450174, 22.084032, 0.0)
(24.459370, 22.120958, 0.0)
(24.457569, 22.152166, 0.0)
(24.457317, 22.143986, 0.0)
(24.438761, 22.146677, 0.0)
(24.437023, 22.036076, 0.0)
(24.460619, 22.023550, 0.0)
(24.446928, 21.990545, 0.0)
(24.426348, 22.000677, 0.0)
(24.464703, 22.167971, 0.0)
(24.489082, 22.222479, 0.0)
(24.480062, 22.236553, 0.0)
(24.457262, 22.191568, 0.0)
(24.478710, 22.171181, 0.0)
(24.501663, 22.147009, 0.0)
(24.512491, 22.170483, 0.0)
(25.928160, 21.984104, 0.0)
(26.080715, 22.024202, 0.0)
(26.052906, 22.026003, 0.0)
(26.068985, 22.049307, 0.0)
(27.067568, 22.110115, 0.0)
(32.347008, 23.991478, 0.0)
(34.273800, 27.141481, 0.0)
(33.945068, 25.830599, 0.0)
(33.788952, 25.340450, 0.0)
(33.767742, 25.364851, 0.0)
(33.806629, 25.539587, 0.0)
(33.828033, 25.614424, 0.0)
(33.820541, 25.625090, 0.0)
(33.781628, 25.583527, 0.0)
(33.804661, 25.546162, 0.0)
(34.151871, 25.396099, 0.0)
(34.249233, 25.231377, 0.0)
(34.245682, 25.196131, 0.0)
(34.205074, 25.176474, 0.0)
(34.227806, 25.227282, 0.0)
(34.268887, 25.280497, 0.0)
(34.282101, 25.314135, 0.0)
(34.279583, 25.319931, 0.0)
(34.312241, 25.359192, 0.0)
(34.315445, 25.391449, 0.0)
(34.324097, 25.390717, 0.0)
(34.292187, 25.306761, 0.0)
(34.330048, 25.353065, 0.0)
(34.333496, 25.434158, 0.0)
(34.309025, 25.460340, 0.0)
(34.305843, 25.444834, 0.0)
(34.327423, 25.442678, 0.0)
(34.316158, 25.425449, 0.0)
(34.303921, 25.428099, 0.0)
(34.334755, 25.511374, 0.0)
(34.321552, 25.471628, 0.0)
(34.310497, 25.468306, 0.0)
(34.321251, 25.507627, 0.0)
(34.347664, 25.518469, 0.0)
(34.337559, 25.516735, 0.0)
(34.325661, 25.580965, 0.0)
(34.344933, 25.590593, 0.0)
(31.191660, 26.950895, 0.0)
(27.527718, 30.031273, 0.0)
(26.324598, 31.096388, 0.0)
(26.244087, 31.229088, 0.0)
(26.226004, 31.255465, 0.0)
(26.211155, 31.245760, 0.0)
(26.206871, 31.246038, 0.0)
(26.208349, 31.212307, 0.0)
(28.786865, 30.446020, 0.0)
(29.164383, 30.472057, 0.0)
(29.128517, 30.492760, 0.0)
(29.097811, 30.523319, 0.0)
(29.090710, 30.549484, 0.0)
(29.428885, 30.575098, 0.0)
(30.990505, 30.527534, 0.0)
(31.102264, 30.544130, 0.0)
(31.225206, 30.524694, 0.0)
(31.421923, 30.468143, 0.0)
(32.290150, 30.505150, 0.0)
(33.322929, 30.401873, 0.0)
(33.486130, 30.424936, 0.0)
(33.725883, 30.520569, 0.0)
(33.891113, 30.542114, 0.0)
(35.006428, 30.620939, 0.0)
(35.544617, 30.516195, 0.0)
(35.843739, 30.544859, 0.0)
(37.648819, 30.430012, 0.0)
(37.804188, 30.416204, 0.0)
(37.856068, 30.435305, 0.0)
(37.924965, 30.427065, 0.0)
(37.965637, 30.472776, 0.0)
(38.044647, 30.412462, 0.0)
(38.097492, 30.364162, 0.0)
(38.147861, 30.360855, 0.0)
(39.327599, 30.279425, 0.0)
(39.425323, 30.255583, 0.0)
(39.447041, 30.221699, 0.0)
(39.451931, 30.179939, 0.0)
(39.474998, 30.144567, 0.0)
(39.519928, 30.166203, 0.0)
(39.561222, 30.161057, 0.0)
(39.558968, 30.121147, 0.0)
(39.574169, 30.088049, 0.0)
(39.618843, 30.066532, 0.0)
(39.645226, 30.057680, 0.0)
(39.638371, 29.994347, 0.0)
(39.644424, 30.015278, 0.0)
(39.646660, 30.059229, 0.0)
(39.724827, 29.903355, 0.0)
(40.599377, 27.520710, 0.0)
(40.682133, 27.017056, 0.0)
(40.693436, 26.961960, 0.0)
(40.703300, 26.985573, 0.0)
(40.722805, 26.986555, 0.0)
(40.740925, 26.960775, 0.0)
(40.750751, 26.965441, 0.0)
(40.722836, 26.908472, 0.0)
(40.750118, 26.862621, 0.0)
(40.129772, 27.369976, 0.0)
(39.403351, 28.433643, 0.0)
(39.261837, 28.425203, 0.0)
(38.990116, 28.487621, 0.0)
(37.388687, 29.366085, 0.0)
(37.161400, 29.451124, 0.0)
(37.025326, 29.455677, 0.0)
(36.874668, 29.488745, 0.0)
(36.708385, 29.555681, 0.0)
(36.466156, 29.633591, 0.0)
(35.073856, 29.926603, 0.0)
(34.738747, 29.974470, 0.0)
(34.578960, 30.045128, 0.0)
(34.364635, 30.095287, 0.0)
(34.229073, 30.103506, 0.0)
(34.077072, 30.127590, 0.0)
(33.919285, 30.081013, 0.0)
(33.750690, 30.058598, 0.0)
(30.748650, 30.044329, 0.0)
(30.550262, 30.064362, 0.0)
(30.487930, 30.087248, 0.0)
(30.401134, 30.060184, 0.0)
(30.358582, 30.046093, 0.0)
(30.339495, 30.018530, 0.0)
(30.318100, 30.009676, 0.0)
(30.296196, 29.998569, 0.0)
(30.262505, 30.026085, 0.0)
(30.218554, 30.037910, 0.0)
(30.167791, 30.018925, 0.0)
(29.230530, 30.273533, 0.0)
(26.435949, 30.791288, 0.0)
(26.205780, 30.855824, 0.0)
(26.179073, 30.861403, 0.0)
(26.128138, 30.924799, 0.0)
(26.116846, 30.952225, 0.0)
(26.110001, 30.910234, 0.0)
(26.074379, 30.887394, 0.0)
(26.052889, 30.890944, 0.0)
(26.060352, 30.951273, 0.0)
(26.036301, 31.025921, 0.0)
(26.010397, 31.013899, 0.0)
(26.015242, 30.995291, 0.0)
(26.016571, 31.006153, 0.0)
(25.821846, 30.871553, 0.0)
(25.846146, 30.725399, 0.0)
(25.871508, 30.679499, 0.0)
(25.882757, 30.599091, 0.0)
(25.941320, 30.487677, 0.0)
(27.621836, 29.957102, 0.0)
(28.926762, 29.744320, 0.0)
(29.057669, 29.678303, 0.0)
(29.217623, 29.595078, 0.0)
(29.382978, 29.540657, 0.0)
(29.493582, 29.518532, 0.0)
(29.619316, 29.422737, 0.0)
(29.726189, 29.379747, 0.0)
(29.887487, 29.311546, 0.0)
(30.087793, 29.329901, 0.0)
(30.318707, 29.302809, 0.0)
(30.507559, 29.294573, 0.0)
(31.082125, 29.225574, 0.0)
(33.022392, 29.179865, 0.0)
(33.319633, 29.190443, 0.0)
(33.494347, 29.188511, 0.0)
(33.764881, 29.114223, 0.0)
(33.978432, 29.103254, 0.0)
(34.151318, 29.154709, 0.0)
(34.335693, 29.166689, 0.0)
(35.401058, 29.182169, 0.0)
(38.256184, 29.161495, 0.0)
(38.931946, 29.057785, 0.0)
(38.969383, 29.070423, 0.0)
(38.969299, 29.094538, 0.0)
(38.984085, 29.123583, 0.0)
(38.956017, 29.080757, 0.0)
(38.959999, 29.100138, 0.0)
(38.998623, 29.174784, 0.0)
(39.044090, 29.209915, 0.0)
(39.034264, 29.202356, 0.0)
(39.054623, 29.217556, 0.0)
(39.088093, 29.194603, 0.0)
(39.111717, 29.178352, 0.0)
(39.154537, 29.168478, 0.0)
(39.175220, 29.153046, 0.0)
(39.219761, 29.130058, 0.0)
(39.270134, 29.148462, 0.0)
(39.298058, 29.159210, 0.0)
(39.358253, 29.142351, 0.0)
(39.387478, 29.118122, 0.0)
(39.401012, 29.113071, 0.0)
(39.459503, 29.153696, 0.0)
(39.480476, 29.151611, 0.0)
(39.477375, 29.169497, 0.0)
(39.482941, 29.172953, 0.0)
(39.463734, 29.119328, 0.0)
(39.457596, 29.088213, 0.0)
(39.454540, 29.123245, 0.0)
(39.438465, 29.200571, 0.0)
(39.423817, 29.208004, 0.0)
(39.412216, 29.211260, 0.0)
(39.397209, 29.185532, 0.0)
(39.399052, 29.177086, 0.0)
(39.392731, 29.133446, 0.0)
(39.372623, 29.101065, 0.0)
(39.354378, 29.055882, 0.0)
(39.341511, 29.060444, 0.0)
(39.326019, 29.111296, 0.0)
(39.306656, 29.100058, 0.0)
(37.735359, 29.141178, 0.0)
(37.555698, 29.200304, 0.0)
(37.473862, 29.238447, 0.0)
(37.366859, 29.284407, 0.0)
(37.276337, 29.321884, 0.0)
(37.183342, 29.310558, 0.0)
(37.012623, 29.294039, 0.0)
(35.986057, 31.519592, 0.0)
(31.934315, 31.122999, 0.0)
(32.124413, 29.899815, 0.0)
(31.988050, 29.331280, 0.0)
(32.576183, 29.230246, 0.0)
(33.212330, 29.289001, 0.0)
(33.167450, 29.262720, 0.0)
(32.621758, 29.384920, 0.0)
(30.259203, 29.401215, 0.0)
(30.125046, 29.382290, 0.0)
(30.042852, 29.409485, 0.0)
(29.959944, 29.457602, 0.0)
(29.878124, 29.463486, 0.0)
(29.803320, 29.450323, 0.0)
(29.712837, 29.464132, 0.0)
(29.612556, 29.406424, 0.0)
(29.493290, 29.411957, 0.0)
(29.435410, 29.440554, 0.0)
(27.758818, 29.990072, 0.0)
(26.393763, 30.273893, 0.0)
(26.223663, 30.237165, 0.0)
(26.177168, 30.111519, 0.0)
(26.103262, 30.057547, 0.0)
(26.045248, 30.014456, 0.0)
(26.007853, 30.012247, 0.0)
(25.972857, 30.005737, 0.0)
(25.953568, 29.978563, 0.0)
(25.956049, 29.942745, 0.0)
(25.934906, 29.895464, 0.0)
(25.923967, 29.823265, 0.0)
(25.915743, 29.825087, 0.0)
(25.885048, 29.800524, 0.0)
(25.841299, 29.767786, 0.0)
(25.833216, 29.679821, 0.0)
(25.825293, 29.558592, 0.0)
(25.884312, 29.463295, 0.0)
(26.030914, 29.416401, 0.0)
(28.820747, 28.859600, 0.0)
(29.312828, 28.809315, 0.0)
(29.370501, 28.712601, 0.0)
(29.460642, 28.760839, 0.0)
(29.580660, 28.785313, 0.0)
(29.683132, 28.722591, 0.0)
(28.956476, 29.075510, 0.0)
(28.875677, 29.078699, 0.0)
(29.036236, 29.100344, 0.0)
(29.219982, 29.130707, 0.0)
(29.454159, 29.145365, 0.0)
(30.104229, 29.161905, 0.0)
(32.279751, 29.008020, 0.0)
(32.651390, 29.061840, 0.0)
(32.877415, 28.990112, 0.0)
(33.213696, 28.949823, 0.0)
(33.453548, 28.932037, 0.0)
(33.736771, 28.885618, 0.0)
(34.006840, 28.872217, 0.0)
(34.280956, 28.952280, 0.0)
(35.193638, 28.914701, 0.0)
(36.911213, 28.930910, 0.0)
(37.170223, 28.901678, 0.0)
(38.452065, 28.970291, 0.0)
(38.808022, 28.914000, 0.0)
(38.855701, 28.873089, 0.0)
(38.899616, 28.868404, 0.0)
(38.924854, 28.857628, 0.0)
(38.960457, 28.831738, 0.0)
(39.036777, 28.830418, 0.0)
(39.060307, 28.800512, 0.0)
(39.076988, 28.802322, 0.0)
(39.130424, 28.774668, 0.0)
(39.147289, 28.816853, 0.0)
(39.187584, 28.810213, 0.0)
(39.267857, 28.804892, 0.0)
(39.298775, 28.716114, 0.0)
(39.369637, 28.679255, 0.0)
(39.538212, 28.732248, 0.0)
(40.642212, 28.632568, 0.0)
(40.784908, 28.576250, 0.0)
(40.835415, 28.520828, 0.0)
(40.960377, 28.523226, 0.0)
(40.983990, 28.484325, 0.0)
(40.982967, 28.478748, 0.0)
(40.755520, 28.489378, 0.0)
(38.652054, 28.039928, 0.0)
(38.703453, 28.086102, 0.0)
(38.766533, 28.054499, 0.0)
(38.751541, 28.046753, 0.0)
(38.704472, 28.060238, 0.0)
(38.688744, 28.091785, 0.0)
(38.651974, 28.124561, 0.0)
(38.627773, 28.130713, 0.0)
(38.622513, 28.123598, 0.0)
(38.527035, 28.094620, 0.0)
(38.484470, 28.045008, 0.0)
(38.460178, 28.083281, 0.0)
(38.401787, 28.147808, 0.0)
(38.264248, 28.124842, 0.0)
(38.127953, 28.144981, 0.0)
(38.020622, 28.109524, 0.0)
(37.716099, 28.097605, 0.0)
(36.812202, 28.596592, 0.0)
(36.602463, 28.687534, 0.0)
(36.416626, 28.715393, 0.0)
(36.191574, 28.663330, 0.0)
(36.025341, 28.683323, 0.0)
(35.868793, 28.688786, 0.0)
(35.647873, 28.663511, 0.0)
(35.478996, 28.741619, 0.0)
(35.296318, 28.719097, 0.0)
(34.199215, 28.728233, 0.0)
(33.920906, 28.739077, 0.0)
(33.772839, 28.710119, 0.0)
(33.556683, 28.677488, 0.0)
(33.151386, 28.777561, 0.0)
(31.049873, 28.903631, 0.0)
(30.786989, 28.957520, 0.0)
(30.558708, 28.998003, 0.0)
(30.307844, 28.953520, 0.0)
(30.120358, 28.923792, 0.0)
(28.974934, 29.288925, 0.0)
(26.751293, 29.511915, 0.0)
(26.596773, 29.524426, 0.0)
(26.442221, 29.476173, 0.0)
(26.375883, 29.441374, 0.0)
(26.328522, 29.407051, 0.0)
(26.293829, 29.346399, 0.0)
(26.266966, 29.343105, 0.0)
(26.220957, 29.338955, 0.0)
(26.188194, 29.332375, 0.0)
(26.147923, 29.299334, 0.0)
(25.693802, 29.299421, 0.0)
(25.591856, 29.207977, 0.0)
(25.576492, 29.201538, 0.0)
(25.569796, 29.192974, 0.0)
(25.546673, 29.157688, 0.0)
(25.552605, 29.102777, 0.0)
(25.561819, 29.059580, 0.0)
(25.601318, 29.004419, 0.0)
(25.669451, 28.924561, 0.0)
(26.157219, 28.659340, 0.0)
(30.036461, 27.315310, 0.0)
(30.356207, 27.174240, 0.0)
(30.376123, 27.107481, 0.0)
(30.449251, 27.075274, 0.0)
(30.512642, 27.073870, 0.0)
(30.508326, 27.179546, 0.0)
(30.584415, 27.187212, 0.0)
(30.666508, 27.105787, 0.0)
(30.808077, 27.102325, 0.0)
(29.865433, 27.437246, 0.0)
(29.853756, 27.458393, 0.0)
(30.137005, 27.470018, 0.0)
(30.451658, 27.393406, 0.0)
(30.811716, 27.280748, 0.0)
(31.191418, 27.282789, 0.0)
(31.538826, 27.250587, 0.0)
(31.869560, 27.218479, 0.0)
(32.134293, 27.350834, 0.0)
(35.483105, 28.367167, 0.0)
(35.526272, 27.399107, 0.0)
(35.596432, 26.925272, 0.0)
(35.745113, 26.882502, 0.0)
(35.924984, 26.908463, 0.0)
(36.081768, 26.903595, 0.0)
(36.511517, 26.941896, 0.0)
(39.087292, 27.030354, 0.0)
(39.344486, 27.056520, 0.0)
(39.432117, 27.128498, 0.0)
(39.577827, 27.206772, 0.0)
(40.261215, 27.321424, 0.0)
(40.329891, 27.339560, 0.0)
(40.312214, 27.315981, 0.0)
(40.284019, 27.323076, 0.0)
(40.283283, 27.360123, 0.0)
(40.301197, 27.413462, 0.0)
(40.305264, 27.474367, 0.0)
(40.334251, 27.499020, 0.0)
(40.374905, 27.501642, 0.0)
(40.388985, 27.505465, 0.0)
(40.414509, 27.533228, 0.0)
(40.420509, 27.561090, 0.0)
(40.442108, 27.609831, 0.0)
(40.446728, 27.630627, 0.0)
(40.430584, 27.584278, 0.0)
(40.402351, 27.526031, 0.0)
(40.373447, 27.549690, 0.0)
(40.377575, 27.590130, 0.0)
(40.318737, 27.538612, 0.0)
(40.280003, 27.514999, 0.0)
(40.238815, 27.490400, 0.0)
(40.176636, 27.441292, 0.0)
(40.127239, 27.386374, 0.0)
(40.070522, 27.343815, 0.0)
(38.766655, 27.157625, 0.0)
(36.995380, 26.907499, 0.0)
(36.883125, 26.900312, 0.0)
(36.809063, 26.858175, 0.0)
(36.682400, 26.842360, 0.0)
(36.602097, 26.801500, 0.0)
(36.517536, 26.819534, 0.0)
(37.859570, 27.116652, 0.0)
(37.806843, 27.107887, 0.0)
(37.536583, 27.050972, 0.0)
(37.355228, 27.024555, 0.0)
(37.121094, 27.054478, 0.0)
(36.914787, 27.031656, 0.0)
(36.645874, 27.012949, 0.0)
(36.409912, 27.044037, 0.0)
(34.274601, 27.149803, 0.0)
(30.913668, 27.230824, 0.0)
(30.779057, 27.301311, 0.0)
(30.618347, 27.275618, 0.0)
(30.465538, 27.267471, 0.0)
(30.353249, 27.289881, 0.0)
(30.229958, 27.306021, 0.0)
(30.131844, 27.307331, 0.0)
(30.062782, 27.328655, 0.0)
(29.935553, 27.371176, 0.0)
(29.861139, 27.342882, 0.0)
(29.793673, 27.334900, 0.0)
(29.680363, 27.270330, 0.0)
(29.546896, 27.264990, 0.0)
(29.485104, 27.360001, 0.0)
(29.370640, 27.383657, 0.0)
(27.529400, 27.764320, 0.0)
(27.199430, 27.811295, 0.0)
(27.147568, 27.787848, 0.0)
(27.066843, 27.772030, 0.0)
(27.003277, 27.763725, 0.0)
(26.927544, 27.773594, 0.0)
(26.828711, 27.799850, 0.0)
(26.752613, 27.793428, 0.0)
(26.655230, 27.777916, 0.0)
(25.929237, 28.073887, 0.0)
(25.716656, 28.195265, 0.0)
(25.640108, 28.268711, 0.0)
(25.572517, 28.254206, 0.0)
(25.576342, 28.232235, 0.0)
(25.571100, 28.196762, 0.0)
(25.567041, 28.124996, 0.0)
(25.567141, 28.047024, 0.0)
(27.951897, 27.455774, 0.0)
(31.277357, 26.525131, 0.0)
(31.297068, 26.445385, 0.0)
(31.264832, 26.380676, 0.0)
(31.276329, 26.296442, 0.0)
(31.253067, 26.275644, 0.0)
(27.789534, 26.941208, 0.0)
(27.530020, 26.897064, 0.0)
(27.701025, 26.783245, 0.0)
(27.951988, 26.657595, 0.0)
(28.149763, 26.611769, 0.0)
(28.430950, 26.509880, 0.0)
(28.700439, 26.435238, 0.0)
(28.994328, 26.433710, 0.0)
(29.301266, 26.441050, 0.0)
(29.691706, 26.409021, 0.0)
(33.143745, 26.119337, 0.0)
(33.686214, 26.127674, 0.0)
(33.947735, 26.063381, 0.0)
(34.148037, 26.042479, 0.0)
(34.359604, 26.083090, 0.0)
(34.488312, 26.078148, 0.0)
(34.699207, 26.072197, 0.0)
(34.854183, 26.079828, 0.0)
(35.012272, 26.076359, 0.0)
(35.191952, 26.076590, 0.0)
(36.291290, 26.148849, 0.0)
(38.777588, 26.276485, 0.0)
(39.022327, 26.363834, 0.0)
(39.085102, 26.362246, 0.0)
(39.182575, 26.371780, 0.0)
(39.262154, 26.367018, 0.0)
(40.935314, 26.670803, 0.0)
(41.678085, 26.965328, 0.0)
(41.692486, 26.935167, 0.0)
(41.678574, 26.925795, 0.0)
(41.653889, 26.854490, 0.0)
(41.606640, 26.851458, 0.0)
(41.642139, 26.941401, 0.0)
(41.640675, 26.956102, 0.0)
(41.589737, 26.915045, 0.0)
(41.611393, 26.940716, 0.0)
(41.632103, 26.932434, 0.0)
(41.626312, 26.953499, 0.0)
(41.628410, 26.957144, 0.0)
(41.608776, 26.953146, 0.0)
(40.533165, 26.662605, 0.0)
(40.626423, 26.687519, 0.0)
(40.713696, 26.736578, 0.0)
(40.722660, 26.775824, 0.0)
(40.745403, 26.742926, 0.0)
(40.761078, 26.847832, 0.0)
(40.767441, 26.877022, 0.0)
(40.771961, 26.870369, 0.0)
(40.749348, 26.878923, 0.0)
(41.122776, 26.858339, 0.0)
(41.275158, 26.790735, 0.0)
(41.188286, 26.842506, 0.0)
(41.104717, 26.859285, 0.0)
(40.951111, 26.783522, 0.0)
(40.300026, 26.696728, 0.0)
(40.144615, 26.650900, 0.0)
(39.966179, 26.617374, 0.0)
(39.780968, 26.544090, 0.0)
(38.662041, 26.618765, 0.0)
(38.124481, 26.674807, 0.0)
(37.874390, 26.692204, 0.0)
(37.556278, 26.707150, 0.0)
(37.351761, 26.690651, 0.0)
(37.041462, 26.665867, 0.0)
(36.735741, 26.632463, 0.0)
(36.406204, 26.681261, 0.0)
(32.983833, 26.711004, 0.0)
(32.658081, 26.748804, 0.0)
(32.467014, 26.638525, 0.0)
(32.252636, 26.625938, 0.0)
(32.128231, 26.619097, 0.0)
(31.999439, 26.596302, 0.0)
(31.842590, 26.550154, 0.0)
(31.692513, 26.546858, 0.0)
(31.573912, 26.568657, 0.0)
(31.408020, 26.615477, 0.0)
(31.266432, 26.625200, 0.0)
(31.149456, 26.682550, 0.0)
(30.937943, 26.690008, 0.0)
(28.536663, 27.169584, 0.0)
(26.251652, 27.860722, 0.0)
(25.547361, 28.082460, 0.0)
(25.471529, 28.047089, 0.0)
(25.433138, 28.031092, 0.0)
(25.400867, 27.944857, 0.0)
(25.399786, 27.867151, 0.0)
(25.989399, 29.528240, 0.0)
(25.106050, 27.719164, 0.0)
(25.163370, 27.140522, 0.0)
(25.130808, 27.027351, 0.0)
(25.103312, 27.005304, 0.0)
(25.337139, 26.892786, 0.0)
(25.337759, 26.889715, 0.0)
(25.333462, 26.893194, 0.0)
(25.350340, 26.960310, 0.0)
(25.379381, 26.897532, 0.0)
(25.498711, 26.831821, 0.0)
(25.597569, 26.820690, 0.0)
(25.716301, 26.775194, 0.0)
(25.961319, 26.615549, 0.0)
(26.157228, 26.561384, 0.0)
(26.277294, 26.429472, 0.0)
(26.548531, 26.301443, 0.0)
(26.838329, 26.263369, 0.0)
(27.731028, 26.206352, 0.0)
(28.419109, 26.056177, 0.0)
(28.721655, 25.944971, 0.0)
(29.017948, 25.935452, 0.0)
(29.340820, 25.899780, 0.0)
(29.609932, 25.839003, 0.0)
(29.925457, 25.835127, 0.0)
(30.195621, 25.767336, 0.0)
(32.593056, 25.487045, 0.0)
(33.211136, 25.482262, 0.0)
(33.429424, 25.468132, 0.0)
(33.682758, 25.431244, 0.0)
(33.940830, 25.453884, 0.0)
(34.221905, 25.482014, 0.0)
(34.433781, 25.439939, 0.0)
(34.680363, 25.399904, 0.0)
(35.038910, 25.422426, 0.0)
(35.260597, 25.455734, 0.0)
(35.569454, 25.483416, 0.0)
(35.752239, 25.458853, 0.0)
(37.858078, 25.543352, 0.0)
(40.351818, 25.986568, 0.0)
(40.746132, 26.041599, 0.0)
(40.770069, 26.059177, 0.0)
(40.777401, 26.054157, 0.0)
(40.776482, 26.056438, 0.0)
(40.775059, 26.050409, 0.0)
(40.781441, 26.048985, 0.0)
(40.780155, 26.080309, 0.0)
(41.309120, 26.142681, 0.0)
(41.296215, 26.190016, 0.0)
(41.260685, 26.163599, 0.0)
(41.244766, 26.170324, 0.0)
(41.207226, 26.203648, 0.0)
(41.408779, 26.178886, 0.0)
(41.472145, 26.168385, 0.0)
(41.498764, 26.261517, 0.0)
(41.475334, 26.180317, 0.0)
(41.432758, 26.165848, 0.0)
(41.430237, 26.156961, 0.0)
(41.439117, 26.162638, 0.0)
(41.426929, 26.167606, 0.0)
(41.417877, 26.233650, 0.0)
(41.385052, 26.235586, 0.0)
(41.357063, 26.210852, 0.0)
(41.329197, 26.208677, 0.0)
(41.233055, 26.143026, 0.0)
(41.183968, 26.128094, 0.0)
(40.493671, 25.802752, 0.0)
(40.408154, 25.782673, 0.0)
(40.337719, 25.801964, 0.0)
(40.246670, 25.720465, 0.0)
(40.063408, 25.630892, 0.0)
(39.010231, 25.585844, 0.0)
(38.814919, 25.697823, 0.0)
(38.658287, 25.682848, 0.0)
(38.472660, 25.626236, 0.0)
(38.326233, 25.608791, 0.0)
(38.220287, 25.612059, 0.0)
(38.080788, 25.611792, 0.0)
(37.984035, 25.623444, 0.0)
(36.733070, 25.454941, 0.0)
(36.459019, 25.406034, 0.0)
(36.274162, 25.373493, 0.0)
(36.102032, 25.399046, 0.0)
(35.943413, 25.444122, 0.0)
(35.790520, 25.447693, 0.0)
(34.469219, 25.556044, 0.0)
(34.058998, 25.567945, 0.0)
(33.910236, 25.575565, 0.0)
(33.654957, 25.571238, 0.0)
(33.503651, 25.594303, 0.0)
(33.428486, 25.658039, 0.0)
(31.052334, 25.856365, 0.0)
(30.652798, 25.759048, 0.0)
(30.518812, 25.663088, 0.0)
(30.414677, 25.624695, 0.0)
(30.277308, 25.597095, 0.0)
(30.177532, 25.587391, 0.0)
(30.065266, 25.613066, 0.0)
(29.952528, 25.701605, 0.0)
(27.102777, 26.469452, 0.0)
(26.257366, 26.615072, 0.0)
(26.127468, 26.601168, 0.0)
(25.200951, 27.168543, 0.0)
(25.077673, 27.077488, 0.0)
(25.043379, 26.977962, 0.0)
(24.972757, 26.870783, 0.0)
(24.965549, 26.815180, 0.0)
(24.959627, 26.834585, 0.0)
(24.942673, 26.853195, 0.0)
(24.920725, 26.823442, 0.0)
(24.893452, 26.671175, 0.0)
(24.908213, 26.671574, 0.0)
(24.893957, 26.759296, 0.0)
(24.906607, 26.718178, 0.0)
(24.890278, 26.674982, 0.0)
(24.893444, 26.620251, 0.0)
(24.980886, 26.502111, 0.0)
(25.095856, 26.433685, 0.0)
(25.170565, 26.377584, 0.0)
(25.943455, 25.707140, 0.0)
(26.053764, 25.581268, 0.0)
(26.149555, 25.515694, 0.0)
(26.296951, 25.437017, 0.0)
(26.407288, 25.329102, 0.0)
(26.906399, 25.193180, 0.0)
(27.787094, 25.068607, 0.0)
(28.041893, 24.992855, 0.0)
(28.212929, 24.952171, 0.0)
(28.491085, 24.883892, 0.0)
(29.098854, 24.799936, 0.0)
(30.735474, 24.572876, 0.0)
(31.064959, 24.547129, 0.0)
(31.287525, 24.510063, 0.0)
(31.498138, 24.428459, 0.0)
(31.674774, 24.441404, 0.0)
(31.941456, 24.437819, 0.0)
(32.133549, 24.415415, 0.0)
(32.414516, 24.390123, 0.0)
(32.701679, 24.344542, 0.0)
(32.950932, 24.351755, 0.0)
(34.279049, 24.300730, 0.0)
(35.713055, 24.238165, 0.0)
(35.966011, 24.251150, 0.0)
(36.163120, 24.331722, 0.0)
(36.308441, 24.299570, 0.0)
(36.439705, 24.248531, 0.0)
(36.999741, 24.326456, 0.0)
(40.032822, 24.948568, 0.0)
(40.936054, 25.215691, 0.0)
(41.039345, 25.242144, 0.0)
(41.037159, 25.214893, 0.0)
(41.063839, 25.196375, 0.0)
(41.079235, 25.218307, 0.0)
(41.118923, 25.226734, 0.0)
(41.111927, 25.216379, 0.0)
(41.106838, 25.220442, 0.0)
(41.119560, 25.219088, 0.0)
(41.103493, 25.213236, 0.0)
(41.118484, 25.159586, 0.0)
(41.120518, 25.161175, 0.0)
(41.114849, 25.255796, 0.0)
(41.170013, 25.323545, 0.0)
(41.169132, 25.362797, 0.0)
(41.151615, 25.331499, 0.0)
(41.169796, 25.384914, 0.0)
(41.167278, 25.474550, 0.0)
(41.106152, 25.490074, 0.0)
(41.056808, 25.524851, 0.0)
(41.047836, 25.568399, 0.0)
(41.036098, 25.642838, 0.0)
(40.973846, 25.749689, 0.0)
(40.882389, 25.739655, 0.0)
(40.798744, 25.650862, 0.0)
(40.754971, 25.622288, 0.0)
(39.673004, 25.286514, 0.0)
(39.537102, 25.187756, 0.0)
(39.402317, 25.130182, 0.0)
(39.155449, 25.195347, 0.0)
(38.912487, 25.255503, 0.0)
(38.653900, 25.236769, 0.0)
(38.326012, 25.158661, 0.0)
(38.034111, 25.103924, 0.0)
(35.432575, 24.823032, 0.0)
(34.844002, 25.110312, 0.0)
(34.186127, 25.135000, 0.0)
(33.930145, 25.095011, 0.0)
(33.559856, 25.222614, 0.0)
(32.325920, 25.785679, 0.0)
(32.108059, 24.808609, 0.0)
(32.018700, 24.410076, 0.0)
(31.916134, 24.345518, 0.0)
(31.803312, 24.460228, 0.0)
(31.661232, 24.506514, 0.0)
(31.552017, 24.499048, 0.0)
(31.382624, 24.470909, 0.0)
(31.269056, 24.489952, 0.0)
(31.164219, 24.539061, 0.0)
(30.981838, 24.558636, 0.0)
(28.625185, 24.925249, 0.0)
(28.112862, 25.015171, 0.0)
(27.872936, 25.063745, 0.0)
(26.400049, 25.493505, 0.0)
(26.163950, 25.520090, 0.0)
(26.080126, 25.542645, 0.0)
(25.985136, 25.530495, 0.0)
(25.943037, 25.528671, 0.0)
(25.867085, 25.464260, 0.0)
(25.782507, 25.410496, 0.0)
(25.749517, 25.436483, 0.0)
(25.674126, 25.424393, 0.0)
(25.560146, 25.364588, 0.0)
(25.180359, 25.375914, 0.0)
(24.934498, 25.330309, 0.0)
(24.866495, 25.267956, 0.0)
(24.830793, 25.294407, 0.0)
(24.804291, 25.275200, 0.0)
(24.831203, 25.163887, 0.0)
(24.915844, 25.132553, 0.0)
(29.379904, 23.490671, 0.0)
(33.514389, 22.950483, 0.0)
(33.626480, 22.809158, 0.0)
(33.614994, 22.709064, 0.0)
(33.628895, 22.637779, 0.0)
(33.643616, 22.610834, 0.0)
(33.703430, 22.584438, 0.0)
(33.767242, 22.545408, 0.0)
(33.811531, 22.381462, 0.0)
(33.849964, 22.277599, 0.0)
(33.909473, 22.187696, 0.0)
(34.373009, 22.095537, 0.0)
(38.079071, 22.547485, 0.0)
(40.268269, 23.425777, 0.0)
(40.406269, 23.477957, 0.0)
(40.370388, 23.535395, 0.0)
(40.406628, 23.620594, 0.0)
(40.420155, 23.636248, 0.0)
(40.416477, 23.636629, 0.0)
(40.402348, 23.635033, 0.0)
(40.445187, 23.653425, 0.0)
(40.416328, 23.636932, 0.0)
(40.391743, 23.579409, 0.0)
(40.404392, 23.599386, 0.0)
(40.456699, 23.659773, 0.0)
(40.471786, 23.746155, 0.0)
(40.492737, 23.853565, 0.0)
(40.542915, 23.954430, 0.0)
(40.580830, 24.037802, 0.0)
(40.581593, 24.095451, 0.0)
(40.591789, 24.152222, 0.0)
(41.100136, 24.290005, 0.0)
(41.582428, 24.436817, 0.0)
(41.587429, 24.451538, 0.0)
(41.568939, 24.496141, 0.0)
(41.570744, 24.503984, 0.0)
(41.575241, 24.533207, 0.0)
(41.568363, 24.464317, 0.0)
(41.572472, 24.428951, 0.0)
(41.567291, 24.311424, 0.0)
(41.549168, 24.250938, 0.0)
(40.664532, 23.905035, 0.0)
(40.715973, 23.965385, 0.0)
(40.786259, 23.935362, 0.0)
(40.782173, 23.745079, 0.0)
(40.815434, 23.710554, 0.0)
(40.875656, 23.681932, 0.0)
(40.871883, 23.660866, 0.0)
(40.863911, 23.690529, 0.0)
(40.861164, 23.756168, 0.0)
(40.848366, 23.799622, 0.0)
(38.639942, 24.627295, 0.0)
(36.798458, 24.345984, 0.0)
(37.015644, 23.148207, 0.0)
(36.989143, 22.700201, 0.0)
(36.952240, 22.583481, 0.0)
(36.950455, 22.634392, 0.0)
(36.949223, 22.720432, 0.0)
(38.944481, 23.056726, 0.0)
(39.320328, 23.124680, 0.0)
(39.139599, 23.034235, 0.0)
(38.948078, 22.960838, 0.0)
(38.791279, 22.922117, 0.0)
(38.679512, 22.937090, 0.0)
(37.401711, 22.794926, 0.0)
(37.219585, 22.832090, 0.0)
(37.059093, 22.807468, 0.0)
(36.893692, 22.790339, 0.0)
(36.683395, 22.776979, 0.0)
(36.477608, 22.731003, 0.0)
(34.305340, 22.693834, 0.0)
(33.727543, 22.679928, 0.0)
(33.526440, 22.659765, 0.0)
(33.348282, 22.571121, 0.0)
(33.240246, 22.524450, 0.0)
(32.714401, 22.578938, 0.0)
(29.165779, 22.764639, 0.0)
(28.058302, 23.010397, 0.0)
(27.892120, 22.998409, 0.0)
(27.786459, 22.978292, 0.0)
(27.755440, 22.975359, 0.0)
(27.724186, 22.987474, 0.0)
(27.693813, 22.990171, 0.0)
(27.657360, 23.001965, 0.0)
(27.642391, 23.033936, 0.0)
(27.626209, 23.087986, 0.0)
(27.562128, 23.084078, 0.0)
(27.543427, 23.089672, 0.0)
(27.022137, 23.277063, 0.0)
(26.795271, 23.333797, 0.0)
(26.753895, 23.360445, 0.0)
(26.691969, 23.333872, 0.0)
(26.630405, 23.300364, 0.0)
(25.969845, 23.585808, 0.0)
(25.655128, 23.843458, 0.0)
(25.579782, 23.859432, 0.0)
(25.498539, 23.811996, 0.0)
(25.475740, 23.833710, 0.0)
(25.505938, 23.836851, 0.0)
(25.070042, 23.977137, 0.0)
(24.978918, 23.982929, 0.0)
(25.000023, 24.014071, 0.0)
(25.008141, 23.996960, 0.0)
(25.033075, 24.032608, 0.0)
(25.064772, 24.005695, 0.0)
(25.122181, 23.879429, 0.0)
(25.175478, 23.847672, 0.0)
(25.900755, 23.567482, 0.0)
(27.206223, 23.177250, 0.0)
(27.389952, 23.059467, 0.0)
(27.546926, 22.920086, 0.0)
(27.781990, 22.789101, 0.0)
(27.955740, 22.738169, 0.0)
(28.153397, 22.674681, 0.0)
(28.369970, 22.608742, 0.0)
(28.623779, 22.553293, 0.0)
(28.914822, 22.457474, 0.0)
(29.180519, 22.384983, 0.0)
(29.559284, 22.299366, 0.0)
(29.836514, 22.232244, 0.0)
(31.036678, 22.046434, 0.0)
(32.356304, 21.762810, 0.0)
(32.647289, 21.714769, 0.0)
(33.066593, 21.644041, 0.0)
(36.861603, 22.198870, 0.0)
(39.428696, 22.803505, 0.0)
(39.710587, 22.858950, 0.0)
(39.740128, 22.840689, 0.0)
(39.788719, 22.784639, 0.0)
(39.827534, 22.735947, 0.0)
(39.856670, 22.691196, 0.0)
(39.898743, 22.741529, 0.0)
(39.914059, 22.763948, 0.0)
(40.814049, 22.960611, 0.0)
(41.185852, 23.008291, 0.0)
(41.200748, 23.005405, 0.0)
(41.204498, 22.954262, 0.0)
(41.198528, 22.918198, 0.0)
(41.201851, 22.917660, 0.0)
(41.189980, 22.898462, 0.0)
(41.190517, 22.900568, 0.0)
(41.222088, 22.941622, 0.0)
(41.255360, 22.930178, 0.0)
(41.248554, 22.948700, 0.0)
(41.253487, 22.942360, 0.0)
(40.911503, 22.765818, 0.0)
(40.923336, 22.749798, 0.0)
(41.029549, 22.778486, 0.0)
(41.012650, 22.716709, 0.0)
(41.010056, 22.699184, 0.0)
(41.061550, 22.712233, 0.0)
(41.086956, 22.700684, 0.0)
(41.043453, 22.634506, 0.0)
(41.045059, 22.623041, 0.0)
(41.076229, 22.666113, 0.0)
(41.253059, 22.493107, 0.0)
(41.272472, 22.452776, 0.0)
(41.224297, 22.369331, 0.0)
(41.203064, 22.344675, 0.0)
(41.197643, 22.350689, 0.0)
(41.158455, 22.365459, 0.0)
(41.101658, 22.395611, 0.0)
(40.661293, 22.333080, 0.0)
(40.165573, 22.175438, 0.0)
(40.018974, 22.104692, 0.0)
(39.957172, 22.137184, 0.0)
(39.812813, 22.089169, 0.0)
(38.784904, 22.019089, 0.0)
(37.162956, 22.029787, 0.0)
(36.913109, 22.159769, 0.0)
(36.700653, 22.139872, 0.0)
(36.480488, 22.086826, 0.0)
(36.243813, 22.031858, 0.0)
(35.991692, 21.937492, 0.0)
(35.825241, 21.911753, 0.0)
(35.638237, 21.937243, 0.0)
(35.398277, 21.949827, 0.0)
(35.186253, 21.987509, 0.0)
(34.973019, 22.005272, 0.0)
(34.815239, 22.031736, 0.0)
(34.599720, 21.957317, 0.0)
(33.037186, 21.877424, 0.0)
(32.637901, 21.892044, 0.0)
(32.451431, 21.854704, 0.0)
(32.264145, 21.824511, 0.0)
(31.346222, 21.964684, 0.0)
(28.728760, 22.223600, 0.0)
(28.067122, 22.394516, 0.0)
(27.870527, 22.359354, 0.0)
(27.758093, 22.304976, 0.0)
(26.072357, 22.849382, 0.0)
(25.732431, 22.801973, 0.0)
(25.634342, 22.787374, 0.0)
(25.595831, 22.751003, 0.0)
(25.555799, 22.711689, 0.0)
(25.509434, 22.697527, 0.0)
(25.492657, 22.713512, 0.0)
(25.495451, 22.704865, 0.0)
(25.482475, 22.669268, 0.0)
(25.470407, 22.691505, 0.0)
(25.462948, 22.716188, 0.0)
(25.452898, 22.677032, 0.0)
(25.413927, 22.621246, 0.0)
(25.370741, 22.611280, 0.0)
(25.391428, 22.665602, 0.0)
(24.891214, 22.831219, 0.0)
(24.787693, 22.763426, 0.0)
(24.787476, 22.746649, 0.0)
(24.811472, 22.736982, 0.0)
(24.869106, 22.695562, 0.0)
(24.883949, 22.604141, 0.0)
(24.954203, 22.481174, 0.0)
(24.999590, 22.423624, 0.0)
(25.082212, 22.393875, 0.0)
(25.163050, 22.331785, 0.0)
(26.352634, 21.820356, 0.0)
(26.579367, 21.751719, 0.0)
(28.340897, 22.108892, 0.0)
(36.944675, 21.627253, 0.0)
(35.558258, 20.515627, 0.0)
(34.905422, 20.113485, 0.0)
(34.975269, 20.133770, 0.0)
(35.138298, 20.147877, 0.0)
(35.202705, 20.168104, 0.0)
(35.289474, 20.219311, 0.0)
(35.343948, 20.217199, 0.0)
(35.406662, 20.227438, 0.0)
(35.440685, 20.239481, 0.0)
(35.484135, 20.287521, 0.0)
(35.471798, 20.351307, 0.0)
(35.475498, 20.374384, 0.0)
(35.531498, 20.381416, 0.0)
(35.495602, 20.347673, 0.0)
(35.539242, 20.376104, 0.0)
(38.536922, 21.073463, 0.0)
(40.279408, 21.779427, 0.0)
(40.312691, 21.834850, 0.0)
(40.199734, 21.799158, 0.0)
(40.211708, 21.802965, 0.0)
(40.216026, 21.739248, 0.0)
(40.218246, 21.734657, 0.0)
(40.217026, 21.724783, 0.0)
(40.212097, 21.678957, 0.0)
(40.192520, 21.602886, 0.0)
(40.203381, 21.527189, 0.0)
(40.219803, 21.471596, 0.0)
(40.230873, 21.459276, 0.0)
(40.227310, 21.507523, 0.0)
(40.256893, 21.600334, 0.0)
(41.116894, 21.893885, 0.0)
(41.385532, 22.001865, 0.0)
(41.397980, 21.970608, 0.0)
(41.411804, 21.945181, 0.0)
(41.454117, 21.956305, 0.0)
(41.469402, 21.948425, 0.0)
(41.474232, 21.974865, 0.0)
(41.489567, 21.982702, 0.0)
(41.484467, 21.944128, 0.0)
(41.420158, 21.877905, 0.0)
(41.418468, 21.845541, 0.0)
(41.398788, 21.834698, 0.0)
(40.457947, 21.309732, 0.0)
(40.445339, 21.272816, 0.0)
(40.424122, 21.230042, 0.0)
(38.823914, 20.788607, 0.0)
(38.686054, 20.800163, 0.0)
(38.579166, 20.816893, 0.0)
(38.360657, 20.798725, 0.0)
(38.145313, 20.754774, 0.0)
(36.772560, 20.605850, 0.0)
(34.054703, 20.378597, 0.0)
(33.871521, 20.401197, 0.0)
(33.793850, 20.354254, 0.0)
(33.733280, 20.354944, 0.0)
(33.695263, 20.369841, 0.0)
(33.662708, 20.359707, 0.0)
(33.596081, 20.375143, 0.0)
(33.528774, 20.441994, 0.0)
(33.812634, 20.456795, 0.0)
(33.703392, 20.468204, 0.0)
(33.563938, 20.465172, 0.0)
(33.435852, 20.436155, 0.0)
(33.091389, 20.474445, 0.0)
(30.059509, 20.699369, 0.0)
(27.945589, 21.200579, 0.0)
(27.213873, 21.404589, 0.0)
(27.077805, 21.430634, 0.0)
(27.025457, 21.383133, 0.0)
(26.980230, 21.402740, 0.0)
(26.983932, 21.481440, 0.0)
(26.957172, 21.514992, 0.0)
(26.907215, 21.524883, 0.0)
(26.890610, 21.515530, 0.0)
(26.884947, 21.537151, 0.0)
(26.882973, 21.517780, 0.0)
(26.884939, 21.530334, 0.0)
(26.870457, 21.535538, 0.0)
(26.847391, 21.519459, 0.0)
(26.102259, 21.751242, 0.0)
(25.900034, 21.766214, 0.0)
(25.810966, 21.763447, 0.0)
(25.785378, 21.750010, 0.0)
(25.768801, 21.747797, 0.0)
(25.742502, 21.740528, 0.0)
(24.958521, 22.114134, 0.0)
(24.479807, 22.184248, 0.0)
(24.426600, 22.161436, 0.0)
(24.445024, 22.178991, 0.0)
(24.471184, 22.197498, 0.0)
(24.469854, 22.140226, 0.0)
(24.490618, 22.047552, 0.0)
(24.559723, 21.999262, 0.0)
(24.623577, 21.932989, 0.0)
(24.666080, 21.889109, 0.0)
(24.798363, 21.797546, 0.0)
(25.686073, 21.414463, 0.0)
(30.222055, 20.245728, 0.0)
(30.847733, 20.170118, 0.0)
(30.934792, 20.089138, 0.0)
(31.028902, 20.062124, 0.0)
(31.060373, 20.049656, 0.0)
(31.099604, 20.050640, 0.0)
(31.167850, 20.030695, 0.0)
(31.196423, 19.962555, 0.0)
(31.248486, 19.817575, 0.0)
(33.869385, 19.708910, 0.0)
(34.029453, 19.765856, 0.0)
(34.033184, 19.747858, 0.0)
(34.133736, 19.729021, 0.0)
(34.180840, 19.651697, 0.0)
(34.277710, 19.606064, 0.0)
(34.300255, 19.625771, 0.0)
(34.321331, 19.659685, 0.0)
(34.326607, 19.703257, 0.0)
(34.366829, 19.712122, 0.0)
(35.135632, 19.591713, 0.0)
(35.278130, 19.509581, 0.0)
(35.274075, 19.558670, 0.0)
(35.257896, 19.558943, 0.0)
(35.268116, 19.594313, 0.0)
(35.310600, 19.623604, 0.0)
(35.331570, 19.596470, 0.0)
(35.399403, 19.504610, 0.0)
(35.445351, 19.538111, 0.0)
(36.099518, 19.753122, 0.0)
(36.925987, 19.850672, 0.0)
(37.007969, 19.847841, 0.0)
(37.014622, 19.830296, 0.0)
(38.828022, 20.312614, 0.0)
(40.616261, 21.091585, 0.0)
(40.806908, 21.184954, 0.0)
(40.742077, 21.140337, 0.0)
(40.727879, 21.123112, 0.0)
(40.746788, 21.179255, 0.0)
(40.788364, 21.275806, 0.0)
(40.792835, 21.399696, 0.0)
(40.760471, 21.461439, 0.0)
(40.688145, 21.393957, 0.0)
(40.695572, 21.326481, 0.0)
(40.745892, 21.252974, 0.0)
(40.722012, 21.163191, 0.0)
(40.717690, 21.252924, 0.0)
(40.738415, 21.365568, 0.0)
(40.832462, 21.653801, 0.0)
(40.844372, 21.790253, 0.0)
(40.832195, 21.738171, 0.0)
(40.860466, 21.688940, 0.0)
(40.859947, 21.626760, 0.0)
(40.840740, 21.754690, 0.0)
(40.831951, 21.794220, 0.0)
(41.001499, 22.542128, 0.0)
(41.165009, 23.663589, 0.0)
(41.161743, 23.869167, 0.0)
(41.186695, 23.926315, 0.0)
(41.171284, 23.929728, 0.0)
(41.198586, 23.878868, 0.0)
(41.328072, 24.057461, 0.0)
(41.598782, 24.656668, 0.0)
(41.593723, 24.686195, 0.0)
(41.604763, 24.710863, 0.0)
(41.633797, 24.800463, 0.0)
(41.621521, 24.763882, 0.0)
(41.620144, 24.830860, 0.0)
(41.648441, 26.071148, 0.0)
(41.637787, 26.216791, 0.0)
(41.642567, 26.261866, 0.0)
(41.651108, 26.302702, 0.0)
(41.622932, 26.293327, 0.0)
(41.615917, 26.333311, 0.0)
(41.600830, 26.392048, 0.0)
(41.585991, 26.397511, 0.0)
(41.576931, 26.419706, 0.0)
(41.550282, 26.441113, 0.0)
(41.554741, 26.485456, 0.0)
(41.337181, 26.783062, 0.0)
(41.149857, 27.243296, 0.0)
(41.139778, 27.317860, 0.0)
(41.164455, 27.358658, 0.0)
(41.163219, 27.364695, 0.0)
(41.378376, 27.968987, 0.0)
(41.384346, 28.191799, 0.0)
(41.399502, 28.206297, 0.0)
(41.407757, 28.221474, 0.0)
(41.410675, 28.223827, 0.0)
(41.407757, 28.221474, 0.0)
(41.435471, 28.224239, 0.0)
(41.430103, 28.230951, 0.0)
(41.444595, 28.267431, 0.0)
(41.435505, 28.277746, 0.0)
(41.390800, 28.282059, 0.0)
(39.310146, 28.961922, 0.0)
(39.263214, 29.070030, 0.0)
(39.254570, 29.043001, 0.0)
(39.229527, 29.032658, 0.0)
(39.239326, 29.075062, 0.0)
(39.227760, 29.160282, 0.0)
(39.199200, 29.208876, 0.0)
(39.195576, 29.249847, 0.0)
(39.260227, 29.637400, 0.0)
(39.276134, 30.103951, 0.0)
(39.276131, 30.092607, 0.0)
(39.258419, 30.109612, 0.0)
(39.251995, 30.110319, 0.0)
(39.251678, 30.121803, 0.0)
(39.269409, 30.177107, 0.0)
(39.270092, 30.192720, 0.0)
(39.261810, 30.192152, 0.0)
(39.265785, 30.184034, 0.0)
(39.254642, 30.164984, 0.0)
(39.270260, 30.155268, 0.0)
(39.249306, 30.084099, 0.0)
(39.247505, 30.099859, 0.0)
(39.262562, 30.195518, 0.0)
(39.246201, 30.262491, 0.0)
(39.319717, 30.032148, 0.0)
(40.504810, 27.280624, 0.0)
(40.555317, 26.827711, 0.0)
(40.569946, 26.798397, 0.0)
(40.575478, 26.733397, 0.0)
(40.612057, 26.680624, 0.0)
(41.093063, 25.789520, 0.0)
(41.275116, 25.417910, 0.0)
(41.315559, 25.297646, 0.0)
(41.315773, 25.169472, 0.0)
(41.310131, 24.981281, 0.0)
(41.329113, 24.845020, 0.0)
(41.354218, 24.646597, 0.0)
(41.343468, 24.505875, 0.0)
(41.311352, 24.352972, 0.0)
(41.336185, 24.275143, 0.0)
(41.331779, 24.165800, 0.0)
(41.317951, 24.060963, 0.0)
(41.311363, 23.892328, 0.0)
(41.320461, 23.800041, 0.0)
(41.302658, 23.639202, 0.0)
(41.147709, 22.583097, 0.0)
(41.128284, 22.409454, 0.0)
(41.140488, 22.379265, 0.0)
(41.146320, 22.311850, 0.0)
(41.186653, 22.242462, 0.0)
(41.201389, 22.191767, 0.0)
(41.181065, 22.139210, 0.0)
(41.184849, 22.071686, 0.0)
(41.203556, 22.042681, 0.0)
(41.210567, 22.022013, 0.0)
(41.188740, 21.925083, 0.0)
(41.162086, 21.900354, 0.0)
(41.185478, 21.918352, 0.0)
(41.182137, 21.918032, 0.0)
(41.165051, 21.898264, 0.0)
(40.756031, 21.743589, 0.0)
(40.595818, 21.722664, 0.0)
(40.582561, 21.728521, 0.0)
(40.581257, 21.764463, 0.0)
(40.568356, 22.006811, 0.0)
(40.700619, 23.375652, 0.0)
(40.800938, 24.900339, 0.0)
(40.707726, 25.272940, 0.0)
(40.678917, 25.357519, 0.0)
(40.768005, 25.866693, 0.0)
(40.742565, 26.040224, 0.0)
(40.717827, 26.092615, 0.0)
(40.692490, 26.058323, 0.0)
(40.654301, 26.020666, 0.0)
(40.656284, 26.103455, 0.0)
(40.610825, 26.516491, 0.0)
(40.558487, 27.037682, 0.0)
(40.529549, 27.074833, 0.0)
(40.533512, 27.111187, 0.0)
(40.548244, 27.136204, 0.0)
(40.533062, 27.150558, 0.0)
(40.543507, 27.190578, 0.0)
(40.558357, 27.225697, 0.0)
(40.548370, 27.313770, 0.0)
(40.582161, 27.376640, 0.0)
(40.618813, 28.091499, 0.0)
(40.581989, 28.211010, 0.0)
(40.554356, 28.233847, 0.0)
(40.538258, 28.268019, 0.0)
(40.544537, 28.260563, 0.0)
(40.529472, 28.199360, 0.0)
(40.492268, 28.190374, 0.0)
(40.515732, 28.264040, 0.0)
(40.521244, 28.296738, 0.0)
(40.482803, 28.230921, 0.0)
(40.455269, 28.179777, 0.0)
(40.368465, 28.374825, 0.0)
(40.076710, 28.995764, 0.0)
(40.039520, 29.105711, 0.0)
(40.024055, 29.127132, 0.0)
(39.989567, 29.136488, 0.0)
(39.992710, 29.121449, 0.0)
(39.956394, 29.106085, 0.0)
(39.963692, 29.161888, 0.0)
(39.942448, 29.183989, 0.0)
(39.931297, 29.166008, 0.0)
(39.929066, 29.188448, 0.0)
(39.928246, 29.108498, 0.0)
(39.830296, 28.789619, 0.0)
(39.262115, 25.907949, 0.0)
(39.162540, 25.194454, 0.0)
(39.401787, 24.863676, 0.0)
(39.432068, 24.534483, 0.0)
(39.485874, 24.485050, 0.0)
(39.493717, 24.523947, 0.0)
(39.348858, 25.976557, 0.0)
(39.310139, 26.262722, 0.0)
(39.324810, 26.248224, 0.0)
(39.155106, 24.734854, 0.0)
(39.304581, 21.982418, 0.0)
(39.335293, 21.344631, 0.0)
(39.319466, 21.261942, 0.0)
(39.311504, 21.259350, 0.0)
(39.302170, 21.255846, 0.0)
(39.297363, 21.265329, 0.0)
(39.284008, 21.233143, 0.0)
(39.287380, 21.161879, 0.0)
(39.280174, 21.118402, 0.0)
(39.313118, 21.177586, 0.0)
(39.325676, 21.216148, 0.0)
(39.283360, 21.235376, 0.0)
(39.296165, 21.225807, 0.0)
(39.308250, 21.179977, 0.0)
(39.314117, 21.138758, 0.0)
(39.331535, 21.169579, 0.0)
(39.353931, 21.182316, 0.0)
(39.340446, 21.186581, 0.0)
(39.344860, 21.212261, 0.0)
(39.357738, 21.188820, 0.0)
(39.667919, 21.330072, 0.0)
(39.749519, 21.364891, 0.0)
(39.749519, 21.364891, 0.0)
(39.756294, 21.374228, 0.0)
(39.798088, 21.428383, 0.0)
(39.795383, 21.391253, 0.0)
(39.755150, 21.348324, 0.0)
(39.808704, 21.424711, 0.0)
(39.854633, 21.471132, 0.0)
(39.828587, 21.448153, 0.0)
(39.791798, 21.439806, 0.0)
(39.845104, 21.468880, 0.0)
(39.856174, 21.404142, 0.0)
(39.820408, 21.341730, 0.0)
(39.838188, 21.409122, 0.0)
(39.828045, 21.341499, 0.0)
(39.798611, 21.338676, 0.0)
(39.819881, 21.331434, 0.0)
(39.833870, 21.335232, 0.0)
(39.828159, 21.320797, 0.0)
(39.827576, 21.301275, 0.0)
(39.838398, 21.287203, 0.0)
(39.814045, 21.270237, 0.0)
(39.842945, 21.247726, 0.0)
(39.818073, 21.216728, 0.0)
(39.788036, 21.231606, 0.0)
(39.797115, 21.276785, 0.0)
(39.395901, 21.151775, 0.0)
(38.907059, 20.837337, 0.0)
(38.873505, 20.782566, 0.0)
(38.889530, 20.790743, 0.0)
(38.624996, 20.775774, 0.0)
(38.150021, 22.309664, 0.0)
(38.291920, 24.928144, 0.0)
(38.350460, 26.231142, 0.0)
(38.384182, 26.849957, 0.0)
(38.345409, 27.262220, 0.0)
(38.313976, 27.333792, 0.0)
(38.305851, 27.411884, 0.0)
(38.307098, 27.452896, 0.0)
(38.334721, 27.499796, 0.0)
(38.416138, 27.570261, 0.0)
(38.445442, 27.507885, 0.0)
(38.429565, 27.359007, 0.0)
(38.456642, 27.413601, 0.0)
(38.460831, 27.459480, 0.0)
(38.411350, 27.394415, 0.0)
(38.420231, 27.379515, 0.0)
(38.445625, 27.372416, 0.0)
(38.434368, 27.321690, 0.0)
(38.439426, 27.322226, 0.0)
(38.464344, 27.347868, 0.0)
(38.584068, 27.794071, 0.0)
(39.118237, 30.001280, 0.0)
(39.028202, 30.219643, 0.0)
(38.998344, 30.193733, 0.0)
(38.999905, 30.182943, 0.0)
(39.014141, 30.196138, 0.0)
(39.028664, 30.174519, 0.0)
(39.051235, 30.222008, 0.0)
(39.053787, 30.181391, 0.0)
(39.070271, 30.088036, 0.0)
(39.387642, 28.982079, 0.0)
(39.448105, 28.735704, 0.0)
(39.450722, 28.789379, 0.0)
(39.410244, 28.826008, 0.0)
(39.402035, 28.848806, 0.0)
(39.405128, 28.832561, 0.0)
(39.410378, 28.818890, 0.0)
(39.396435, 28.846025, 0.0)
(39.388218, 28.865795, 0.0)
(39.383446, 28.917244, 0.0)
(39.385204, 28.987736, 0.0)
(39.373440, 29.023243, 0.0)
(39.096329, 29.135347, 0.0)
(38.903465, 29.275085, 0.0)
(38.905720, 29.318150, 0.0)
(38.897114, 29.335241, 0.0)
(38.879673, 29.324280, 0.0)
(38.867588, 29.277996, 0.0)
(38.843155, 29.252314, 0.0)
(38.363197, 29.272110, 0.0)
(38.026134, 28.926498, 0.0)
(38.002609, 28.650620, 0.0)
(38.146072, 24.958765, 0.0)
(38.338505, 21.974350, 0.0)
(38.305519, 20.917833, 0.0)
(38.301895, 20.626097, 0.0)
(38.321091, 20.593897, 0.0)
(38.320770, 20.623438, 0.0)
(38.350006, 20.645525, 0.0)
(38.336823, 20.636492, 0.0)
(38.219074, 20.606384, 0.0)
(39.382534, 21.835732, 0.0)
(38.484779, 20.505983, 0.0)
(38.465557, 20.165384, 0.0)
(38.499283, 20.234255, 0.0)
(38.544289, 20.329035, 0.0)
(38.561451, 20.354139, 0.0)
(38.541676, 20.301676, 0.0)
(38.578964, 20.329918, 0.0)
(38.633465, 20.372341, 0.0)
(38.647400, 20.366980, 0.0)
(38.648899, 20.364582, 0.0)
(38.642498, 20.376934, 0.0)
(38.628868, 20.361700, 0.0)
(38.626335, 20.375578, 0.0)
(38.624313, 20.382120, 0.0)
(38.619400, 20.369049, 0.0)
(38.616821, 20.374693, 0.0)
(38.617615, 20.385881, 0.0)
(38.617764, 20.398390, 0.0)
(38.635696, 20.396830, 0.0)
(38.588310, 20.349335, 0.0)
(38.555019, 20.263111, 0.0)
(38.558613, 20.275164, 0.0)
(38.599770, 20.374722, 0.0)
(38.589561, 20.356508, 0.0)
(38.576405, 20.360926, 0.0)
(38.592133, 20.377111, 0.0)
(38.607563, 20.380787, 0.0)
(38.593323, 20.365355, 0.0)
(38.471432, 20.365355, 0.0)
(38.075073, 20.288416, 0.0)
(38.031052, 20.283960, 0.0)
(38.040833, 20.308607, 0.0)
(38.018929, 20.340368, 0.0)
(38.014694, 20.352827, 0.0)
(38.011562, 20.348597, 0.0)
(38.009804, 20.319731, 0.0)
(38.028778, 20.323854, 0.0)
(38.043098, 20.318850, 0.0)
(37.467121, 20.412409, 0.0)
(37.371052, 20.554695, 0.0)
(37.395462, 20.641075, 0.0)
(37.397335, 20.822742, 0.0)
(37.417271, 22.348352, 0.0)
(37.908993, 24.774183, 0.0)
(37.810123, 25.417185, 0.0)
(37.747253, 25.567627, 0.0)
(37.765118, 25.616390, 0.0)
(37.766994, 25.721903, 0.0)
(37.772110, 25.784761, 0.0)
(37.792770, 25.839163, 0.0)
(37.867065, 24.681587, 0.0)
(37.856529, 24.590591, 0.0)
(37.853924, 24.676552, 0.0)
(37.873943, 24.795858, 0.0)
(37.875721, 24.900888, 0.0)
(37.860355, 24.936977, 0.0)
(37.845409, 24.968124, 0.0)
(37.833378, 25.036339, 0.0)
(37.855846, 25.147253, 0.0)
(37.835934, 25.224392, 0.0)
(37.762505, 25.231415, 0.0)
(38.085384, 26.448807, 0.0)
(38.070606, 26.887718, 0.0)
(38.050030, 26.928484, 0.0)
(38.047600, 26.993734, 0.0)
(38.069752, 27.035238, 0.0)
(38.056450, 27.066116, 0.0)
(38.053276, 27.116510, 0.0)
(38.072552, 27.141562, 0.0)
(38.064190, 27.141977, 0.0)
(38.043327, 27.170668, 0.0)
(38.048191, 27.223301, 0.0)
(38.054523, 27.266748, 0.0)
(37.748146, 27.697113, 0.0)
(37.583252, 28.183420, 0.0)
(37.589138, 28.330885, 0.0)
(37.598068, 28.384794, 0.0)
(37.578815, 28.412327, 0.0)
(37.589584, 28.418226, 0.0)
(37.595825, 28.455067, 0.0)
(37.584442, 28.486568, 0.0)
(37.556606, 28.504938, 0.0)
(37.575558, 28.508480, 0.0)
(37.567348, 28.527723, 0.0)
(37.574146, 28.549551, 0.0)
(37.605846, 28.567715, 0.0)
(37.610523, 28.639812, 0.0)
(37.637920, 28.650976, 0.0)
(37.614357, 28.682835, 0.0)
(37.611263, 28.700354, 0.0)
(37.641010, 28.736841, 0.0)
(37.431053, 28.715597, 0.0)
(36.695858, 28.273130, 0.0)
(36.614998, 28.204784, 0.0)
(36.640587, 28.196154, 0.0)
(36.609638, 28.148804, 0.0)
(36.632019, 28.091612, 0.0)
(36.884277, 27.748146, 0.0)
(37.028797, 27.546366, 0.0)
(37.075211, 27.340199, 0.0)
(37.080887, 27.220190, 0.0)
(37.096867, 27.081661, 0.0)
(37.094791, 26.988066, 0.0)
(37.116982, 26.874922, 0.0)
(37.094551, 26.750549, 0.0)
(37.198814, 26.324015, 0.0)
(37.210781, 26.157026, 0.0)
(37.209740, 26.070311, 0.0)
(37.208561, 25.925711, 0.0)
(37.203255, 25.731987, 0.0)
(37.210052, 25.692411, 0.0)
(37.223854, 25.674295, 0.0)
(37.194427, 25.502272, 0.0)
(37.172562, 25.356691, 0.0)
(37.191963, 25.183041, 0.0)
(37.212704, 25.039078, 0.0)
(37.208214, 24.851162, 0.0)
(37.192745, 24.704418, 0.0)
(37.179413, 24.585056, 0.0)
(37.159828, 24.441986, 0.0)
(37.156097, 24.314669, 0.0)
(37.005074, 23.912546, 0.0)
(36.819511, 22.988571, 0.0)
(36.810017, 22.776913, 0.0)
(36.800053, 22.675304, 0.0)
(36.814621, 22.523453, 0.0)
(36.786419, 22.329504, 0.0)
(36.760349, 22.243578, 0.0)
(36.752575, 22.136442, 0.0)
(36.754864, 21.927889, 0.0)
(36.736046, 21.799402, 0.0)
(36.737186, 21.760973, 0.0)
(36.759720, 21.626118, 0.0)
(36.790577, 21.006535, 0.0)
(36.759544, 20.637709, 0.0)
(36.773678, 20.451597, 0.0)
(36.772610, 20.314320, 0.0)
(36.784874, 20.294334, 0.0)
(36.585667, 20.276617, 0.0)
(36.482246, 20.243711, 0.0)
(36.482239, 20.289837, 0.0)
(36.479095, 20.279070, 0.0)
(36.454334, 20.231276, 0.0)
(36.396061, 20.105305, 0.0)
(35.636013, 20.378555, 0.0)
(36.028469, 29.189796, 0.0)
(36.102310, 29.246859, 0.0)
(36.045815, 29.022560, 0.0)
(36.044094, 28.961559, 0.0)
(35.997673, 28.971119, 0.0)
(35.950638, 29.006823, 0.0)
(35.945137, 29.063049, 0.0)
(35.983208, 29.177977, 0.0)
(35.982136, 29.189266, 0.0)
(35.966705, 29.163473, 0.0)
(35.995422, 29.159668, 0.0)
(36.310211, 28.595512, 0.0)
(36.469883, 27.746784, 0.0)
(36.453781, 27.647583, 0.0)
(36.474609, 27.775164, 0.0)
(36.461823, 27.929762, 0.0)
(36.427021, 27.909382, 0.0)
(36.381660, 27.912430, 0.0)
(36.150196, 27.228376, 0.0)
(36.135323, 27.221376, 0.0)
(36.124783, 27.305111, 0.0)
(36.084526, 27.348530, 0.0)
(36.082691, 27.384844, 0.0)
(36.130119, 27.442860, 0.0)
(36.129910, 27.483625, 0.0)
(36.136166, 27.464785, 0.0)
(36.155525, 27.515240, 0.0)
(36.175941, 27.596483, 0.0)
(36.186455, 27.661612, 0.0)
(36.182220, 27.665489, 0.0)
(36.559639, 29.440271, 0.0)
(36.428696, 30.242290, 0.0)
(36.363800, 30.388304, 0.0)
(36.317253, 30.360918, 0.0)
(36.272953, 30.344919, 0.0)
(36.281498, 30.354753, 0.0)
(36.292496, 30.365656, 0.0)
(36.283245, 30.413048, 0.0)
(36.288792, 30.468645, 0.0)
(36.269733, 30.456017, 0.0)
(36.279766, 30.422606, 0.0)
(36.285648, 30.436367, 0.0)
(36.293743, 30.336391, 0.0)
(36.266777, 30.219463, 0.0)
(35.989964, 29.650131, 0.0)
(35.772690, 25.955242, 0.0)
(35.763424, 22.448046, 0.0)
(35.724838, 21.762444, 0.0)
(35.764107, 21.829960, 0.0)
(35.776840, 21.850910, 0.0)
(35.781227, 21.784313, 0.0)
(35.752766, 21.697493, 0.0)
(35.743248, 21.642725, 0.0)
(35.613152, 20.609390, 0.0)
(35.539661, 20.284584, 0.0)
(35.546940, 20.342209, 0.0)
(35.479477, 20.375866, 0.0)
(35.470238, 20.383848, 0.0)
(35.467068, 20.379488, 0.0)
(35.477516, 20.293453, 0.0)
(35.579266, 19.992168, 0.0)
(35.577896, 19.912838, 0.0)
(35.618359, 20.019264, 0.0)
(35.622192, 20.022627, 0.0)
(35.597202, 19.926802, 0.0)
(35.593586, 19.932827, 0.0)
(35.591305, 19.893391, 0.0)
(35.255493, 19.327999, 0.0)
(35.134052, 19.139984, 0.0)
(35.217964, 19.081366, 0.0)
(35.210934, 19.034084, 0.0)
(35.170738, 19.090750, 0.0)
(34.947849, 19.043524, 0.0)
(34.930679, 19.073685, 0.0)
(34.930946, 19.087727, 0.0)
(34.934265, 19.098642, 0.0)
(34.951466, 19.168705, 0.0)
(34.865246, 19.307211, 0.0)
(34.767944, 19.719378, 0.0)
(34.688568, 19.223185, 0.0)
(34.706177, 19.294783, 0.0)
(34.747345, 19.304964, 0.0)
(34.729820, 19.319561, 0.0)
(34.737572, 19.337378, 0.0)
(34.764683, 19.419378, 0.0)
(34.764408, 19.437296, 0.0)
(34.745537, 19.472656, 0.0)
(34.768600, 19.404245, 0.0)
(34.727924, 19.305008, 0.0)
(34.096233, 19.481621, 0.0)
(33.978882, 19.524923, 0.0)
(33.965847, 19.549055, 0.0)
(33.952374, 19.589943, 0.0)
(33.943363, 19.581656, 0.0)
(33.948906, 19.545935, 0.0)
(33.928410, 19.413664, 0.0)
(33.919147, 19.356781, 0.0)
(33.940479, 19.454536, 0.0)
(34.526814, 19.976303, 0.0)
(34.522541, 20.023916, 0.0)
(34.492493, 19.980543, 0.0)
(34.500252, 19.947552, 0.0)
(34.459412, 19.918972, 0.0)
(34.449459, 19.894875, 0.0)
(34.187664, 21.425100, 0.0)
(34.350891, 27.326744, 0.0)
(34.330730, 26.974148, 0.0)
(34.228470, 26.792416, 0.0)
(34.151794, 26.843147, 0.0)
(34.114494, 26.893772, 0.0)
(34.086555, 26.870649, 0.0)
(34.089642, 26.839230, 0.0)
(34.089867, 26.854160, 0.0)
(34.120716, 26.886379, 0.0)
(34.122723, 26.876150, 0.0)
(34.416729, 24.721363, 0.0)
(34.382668, 24.406443, 0.0)
(34.377003, 24.448034, 0.0)
(34.359982, 24.541126, 0.0)
(34.325291, 24.556034, 0.0)
(34.314095, 24.577873, 0.0)
(34.290283, 24.604881, 0.0)
(34.294083, 24.611647, 0.0)
(34.304947, 24.654461, 0.0)
(34.304657, 24.674599, 0.0)
(34.283966, 24.769066, 0.0)
(34.297462, 24.712116, 0.0)
(34.273258, 24.744734, 0.0)
(34.291492, 26.654455, 0.0)
(34.884621, 27.362614, 0.0)
(34.838913, 26.822062, 0.0)
(34.796352, 26.545790, 0.0)
(34.774380, 26.474716, 0.0)
(34.748295, 26.467047, 0.0)
(34.750153, 26.472446, 0.0)
(34.719742, 26.510256, 0.0)
(34.728855, 28.443523, 0.0)
(34.639091, 29.907585, 0.0)
(34.566257, 30.009575, 0.0)
(34.549755, 30.005733, 0.0)
(34.537777, 30.008619, 0.0)
(34.554356, 30.025558, 0.0)
(34.551941, 30.101429, 0.0)
(34.509113, 30.122215, 0.0)
(34.501820, 29.971424, 0.0)
(34.473660, 29.980097, 0.0)
(34.520191, 30.045612, 0.0)
(34.470310, 30.051180, 0.0)
(34.453667, 30.073578, 0.0)
(34.443714, 30.030561, 0.0)
(34.427181, 29.965555, 0.0)
(34.454269, 29.859119, 0.0)
(34.446953, 29.696718, 0.0)
(34.311249, 27.289116, 0.0)
(34.225430, 26.696630, 0.0)
(34.102554, 26.416813, 0.0)
(34.078575, 26.336306, 0.0)
(34.085320, 26.263992, 0.0)
(34.091496, 26.206367, 0.0)
(34.090141, 26.170307, 0.0)
(34.082378, 26.139416, 0.0)
(34.080299, 26.054420, 0.0)
(34.068237, 25.947237, 0.0)
(34.033325, 25.880899, 0.0)
(33.472195, 27.460478, 0.0)
(33.401333, 23.086790, 0.0)
(33.376717, 22.428120, 0.0)
(33.371403, 22.316746, 0.0)
(33.372314, 22.339615, 0.0)
(33.426289, 22.387999, 0.0)
(33.405209, 22.309645, 0.0)
(33.398193, 22.260513, 0.0)
(33.020184, 21.724859, 0.0)
(32.924023, 21.434847, 0.0)
(32.900738, 21.380575, 0.0)
(32.884758, 21.388008, 0.0)
(32.875111, 21.339149, 0.0)
(32.866688, 21.326530, 0.0)
(32.629410, 20.964970, 0.0)
(32.510281, 20.217491, 0.0)
(32.529701, 20.188953, 0.0)
(32.487137, 20.194269, 0.0)
(32.433643, 20.160753, 0.0)
(32.429596, 20.141403, 0.0)
(32.428795, 20.128014, 0.0)
(31.878847, 20.032013, 0.0)
(31.767393, 19.962402, 0.0)
(31.755384, 19.959225, 0.0)
(31.677038, 20.027168, 0.0)
(32.885220, 27.657846, 0.0)
(32.680965, 26.631533, 0.0)
(32.576866, 26.087439, 0.0)
(32.510883, 26.101673, 0.0)
(32.499340, 26.185484, 0.0)
(32.474583, 26.206713, 0.0)
(32.495560, 26.234173, 0.0)
(32.483337, 26.233683, 0.0)
(32.491398, 26.241335, 0.0)
(32.486141, 26.268791, 0.0)
(32.497200, 26.273346, 0.0)
(32.481857, 26.267927, 0.0)
(32.434265, 26.259571, 0.0)
(32.397602, 26.179728, 0.0)
(32.393085, 26.089817, 0.0)
(32.395451, 26.141539, 0.0)
(32.426960, 26.242735, 0.0)
(32.399174, 26.220659, 0.0)
(32.378105, 26.200285, 0.0)
(32.361786, 26.175661, 0.0)
(32.383083, 26.146288, 0.0)
(32.340340, 27.124195, 0.0)
(32.274376, 27.726255, 0.0)
(32.228115, 27.795341, 0.0)
(32.200699, 27.798639, 0.0)
(32.176662, 27.858149, 0.0)
(32.190639, 27.868177, 0.0)
(32.181496, 27.874033, 0.0)
(32.179150, 27.902878, 0.0)
(32.212021, 27.943975, 0.0)
(32.195824, 27.982208, 0.0)
(32.202858, 27.959026, 0.0)
(32.180424, 28.040052, 0.0)
(32.500652, 29.331951, 0.0)
(32.521118, 29.622187, 0.0)
(32.497997, 29.714918, 0.0)
(32.448788, 29.703030, 0.0)
(32.425343, 29.731070, 0.0)
(32.436729, 29.741072, 0.0)
(32.431946, 29.723225, 0.0)
(32.422749, 29.742767, 0.0)
(32.435207, 29.784615, 0.0)
(32.434563, 29.794477, 0.0)
(31.937653, 29.982090, 0.0)
(31.860571, 29.993895, 0.0)
(31.831738, 29.976351, 0.0)
(31.828083, 29.944113, 0.0)
(31.830799, 29.941919, 0.0)
(31.816952, 29.941957, 0.0)
(31.829563, 29.919415, 0.0)
(31.822166, 29.790430, 0.0)
(31.486174, 28.655968, 0.0)
(31.405954, 28.160669, 0.0)
(31.404066, 27.945511, 0.0)
(31.356525, 27.753304, 0.0)
(31.339075, 27.597446, 0.0)
(31.341806, 27.484980, 0.0)
(31.384052, 27.366077, 0.0)
(31.354269, 26.129835, 0.0)
(31.314226, 24.614531, 0.0)
(31.243231, 24.276897, 0.0)
(31.188972, 24.194788, 0.0)
(31.168148, 24.103369, 0.0)
(31.137691, 24.067060, 0.0)
(31.125860, 24.016430, 0.0)
(31.137991, 23.966091, 0.0)
(31.104343, 23.905964, 0.0)
(31.109007, 23.881489, 0.0)
(31.124002, 23.796993, 0.0)
(31.126961, 23.704735, 0.0)
(31.125837, 23.663696, 0.0)
(31.182728, 23.721638, 0.0)
(31.174967, 23.693224, 0.0)
(31.168703, 23.627300, 0.0)
(31.169258, 23.513367, 0.0)
(31.171923, 23.453787, 0.0)
(31.165169, 23.342358, 0.0)
(31.173222, 23.306177, 0.0)
(31.161869, 23.265797, 0.0)
(31.131775, 23.179878, 0.0)
(30.913174, 22.689909, 0.0)
(30.860239, 22.606752, 0.0)
(30.837509, 22.522110, 0.0)
(30.838938, 22.450539, 0.0)
(30.826429, 22.366682, 0.0)
(30.807648, 22.320028, 0.0)
(30.674654, 22.107386, 0.0)
(30.316450, 21.076981, 0.0)
(30.259188, 20.945728, 0.0)
(30.255781, 21.005924, 0.0)
(30.229845, 20.958685, 0.0)
(30.233984, 20.950861, 0.0)
(30.316986, 20.082630, 0.0)
(30.243057, 19.869820, 0.0)
(30.244791, 19.886061, 0.0)
(30.232649, 19.902269, 0.0)
(30.220209, 19.898510, 0.0)
(30.201637, 19.926556, 0.0)
(30.201790, 19.961742, 0.0)
(30.122435, 19.974222, 0.0)
(29.546598, 21.015989, 0.0)
(29.223930, 22.791597, 0.0)
(29.786217, 25.912189, 0.0)
(29.932739, 27.599556, 0.0)
(29.839088, 27.708702, 0.0)
(29.755579, 27.705048, 0.0)
(29.725943, 27.778952, 0.0)
(29.870739, 29.665718, 0.0)
(30.210279, 29.176359, 0.0)
(30.102448, 27.890627, 0.0)
(29.964289, 27.145451, 0.0)
(29.961126, 26.861326, 0.0)
(29.962337, 26.776638, 0.0)
(29.967390, 26.742052, 0.0)
(30.004713, 26.796568, 0.0)
(30.018810, 26.841413, 0.0)
(30.015614, 26.851906, 0.0)
(30.005352, 26.876652, 0.0)
(30.010752, 26.884562, 0.0)
(30.035606, 26.911894, 0.0)
(30.031927, 26.923237, 0.0)
(29.997082, 26.977650, 0.0)
(30.030907, 27.069807, 0.0)
(30.066095, 27.100689, 0.0)
(30.041260, 27.128082, 0.0)
(30.039623, 27.125313, 0.0)
(30.051914, 27.152548, 0.0)
(30.499807, 29.083357, 0.0)
(30.426313, 30.067282, 0.0)
(30.371859, 30.175255, 0.0)
(30.323738, 30.173063, 0.0)
(30.333860, 30.212332, 0.0)
(30.328531, 30.237354, 0.0)
(30.325714, 30.224859, 0.0)
(30.633217, 30.437220, 0.0)
(30.775352, 30.618942, 0.0)
(30.769182, 30.674816, 0.0)
(30.728264, 30.642685, 0.0)
(30.691425, 30.614330, 0.0)
(30.702353, 30.708115, 0.0)
(30.525360, 30.892948, 0.0)
(30.467243, 30.910910, 0.0)
(30.478437, 30.944342, 0.0)
(30.458790, 30.912695, 0.0)
(30.452093, 30.887306, 0.0)
(30.454300, 30.894823, 0.0)
(30.453268, 30.881714, 0.0)
(30.483137, 30.873962, 0.0)
(30.490072, 30.860870, 0.0)
(30.477690, 30.899668, 0.0)
(29.928759, 30.940073, 0.0)
(29.309196, 30.755899, 0.0)
(29.184328, 30.744638, 0.0)
(29.158928, 30.756094, 0.0)
(29.117233, 30.680780, 0.0)
(29.094887, 30.484419, 0.0)
(29.103409, 30.383856, 0.0)
(29.115808, 30.370939, 0.0)
(29.131638, 30.196499, 0.0)
(29.108028, 29.992702, 0.0)
(29.112356, 29.840580, 0.0)
(29.172260, 29.559341, 0.0)
(29.245298, 28.285496, 0.0)
(29.150904, 27.712601, 0.0)
(29.115088, 27.240505, 0.0)
(29.083939, 26.908266, 0.0)
(29.089046, 26.735689, 0.0)
(29.080439, 26.615648, 0.0)
(29.090336, 26.440325, 0.0)
(29.096807, 26.345102, 0.0)
(29.108507, 26.205336, 0.0)
(29.135702, 26.083254, 0.0)
(29.124525, 25.962593, 0.0)
(29.083490, 25.763226, 0.0)
(29.129126, 25.308640, 0.0)
(29.186176, 24.368053, 0.0)
(29.103718, 24.131117, 0.0)
(29.040285, 23.958029, 0.0)
(29.050829, 23.869904, 0.0)
(29.015104, 23.827047, 0.0)
(28.994884, 23.747780, 0.0)
(28.970070, 23.708408, 0.0)
(28.944962, 23.619638, 0.0)
(28.959820, 23.593000, 0.0)
(28.941547, 23.570480, 0.0)
(28.925432, 23.526760, 0.0)
(28.940571, 23.433899, 0.0)
(28.847424, 23.331198, 0.0)
(28.577120, 23.055597, 0.0)
(28.550495, 22.895042, 0.0)
(28.512417, 22.755892, 0.0)
(28.503195, 22.768816, 0.0)
(28.507088, 22.793116, 0.0)
(28.420061, 22.515718, 0.0)
(28.287561, 21.414169, 0.0)
(28.247009, 21.211576, 0.0)
(28.251003, 21.181368, 0.0)
(28.228855, 21.125275, 0.0)
(28.207973, 21.090866, 0.0)
(28.194094, 21.068285, 0.0)
(28.086876, 20.905382, 0.0)
(27.904758, 20.367956, 0.0)
(27.866245, 20.315876, 0.0)
(27.821314, 20.287180, 0.0)
(27.772886, 20.274717, 0.0)
(27.509466, 21.222708, 0.0)
(28.679066, 29.376589, 0.0)
(28.546804, 28.765982, 0.0)
(28.342798, 28.249996, 0.0)
(28.276356, 28.111843, 0.0)
(28.248308, 28.092644, 0.0)
(28.197292, 28.218555, 0.0)
(28.197817, 28.234278, 0.0)
(28.194496, 28.302456, 0.0)
(28.325113, 28.944729, 0.0)
(28.544828, 30.092478, 0.0)
(28.525270, 30.362453, 0.0)
(28.480299, 30.387602, 0.0)
(28.463190, 30.354240, 0.0)
(28.488977, 30.322777, 0.0)
(28.454496, 30.370516, 0.0)
(28.407001, 30.348282, 0.0)
(28.367134, 30.361319, 0.0)
(28.413126, 30.373524, 0.0)
(28.468491, 30.460981, 0.0)
(28.451338, 30.478220, 0.0)
(28.449129, 30.445213, 0.0)
(28.452696, 30.457952, 0.0)
(28.462791, 30.457724, 0.0)
(28.476086, 30.485754, 0.0)
(28.474800, 30.533228, 0.0)
(28.473879, 30.545328, 0.0)
(28.466070, 30.551102, 0.0)
(28.482224, 30.601324, 0.0)
(28.460781, 30.609102, 0.0)
(28.488590, 30.604494, 0.0)
(28.453083, 30.587067, 0.0)
(28.461962, 30.632347, 0.0)
(28.481636, 30.642839, 0.0)
(28.463436, 30.582865, 0.0)
(28.443119, 30.574408, 0.0)
(28.455961, 30.641203, 0.0)
(28.517513, 30.647898, 0.0)
(28.449825, 30.630041, 0.0)
(28.446354, 30.589420, 0.0)
(28.460552, 30.643517, 0.0)
(28.457394, 30.672949, 0.0)
(28.478449, 30.708153, 0.0)
(28.486925, 30.750454, 0.0)
(28.472559, 30.793432, 0.0)
(28.475842, 30.829212, 0.0)
(28.477886, 30.879560, 0.0)
(28.497574, 30.902191, 0.0)
(28.481998, 30.905773, 0.0)
(28.480780, 30.940386, 0.0)
(28.480167, 30.973843, 0.0)
(28.447556, 30.907143, 0.0)
(28.422998, 30.875540, 0.0)
(28.419886, 30.922510, 0.0)
(28.166241, 29.420090, 0.0)
(27.795465, 26.833925, 0.0)
(27.533939, 25.515165, 0.0)
(27.385557, 24.426592, 0.0)
(27.244219, 23.832693, 0.0)
(27.266306, 23.797457, 0.0)
(27.234627, 23.750212, 0.0)
(27.199696, 23.671240, 0.0)
(27.188063, 23.641026, 0.0)
(27.305672, 22.119581, 0.0)
(27.191877, 21.524231, 0.0)
(27.107359, 21.452051, 0.0)
(27.055410, 21.435125, 0.0)
(27.034451, 21.425230, 0.0)
(27.131668, 20.510422, 0.0)
(27.084133, 20.318171, 0.0)
(27.051826, 20.420860, 0.0)
(27.088364, 20.448954, 0.0)
(27.040161, 20.475452, 0.0)
(27.020340, 20.429132, 0.0)
(27.152168, 21.789398, 0.0)
(27.485447, 20.341015, 0.0)
(27.360678, 19.810379, 0.0)
(27.300421, 19.808249, 0.0)
(27.291203, 19.852779, 0.0)
(27.298409, 19.926796, 0.0)
(27.302053, 19.966688, 0.0)
(26.850990, 20.309366, 0.0)
(26.755470, 20.346575, 0.0)
(26.781464, 20.362761, 0.0)
(26.742649, 20.334686, 0.0)
(26.744379, 20.258642, 0.0)
(26.781633, 20.283550, 0.0)
(26.796637, 20.359823, 0.0)
(26.796637, 20.362984, 0.0)
(26.779562, 20.334423, 0.0)
(26.771866, 20.311499, 0.0)
(26.773619, 20.321150, 0.0)
(26.769812, 20.305885, 0.0)
(26.762848, 20.341942, 0.0)
(26.729475, 20.331528, 0.0)
(26.202909, 20.604557, 0.0)
(26.121866, 20.666306, 0.0)
(26.131104, 20.675526, 0.0)
(26.087606, 20.703594, 0.0)
(26.075052, 20.695621, 0.0)
(25.718138, 20.869869, 0.0)
(25.437166, 20.981482, 0.0)
(25.404987, 20.974192, 0.0)
(25.375589, 20.911654, 0.0)
(25.421160, 21.157415, 0.0)
(25.888124, 22.975662, 0.0)
(25.972719, 25.499895, 0.0)
(25.892342, 26.337702, 0.0)
(25.799946, 26.450933, 0.0)
(25.744106, 26.465500, 0.0)
(25.703253, 26.511627, 0.0)
(25.656286, 26.678307, 0.0)
(25.650131, 26.684166, 0.0)
(25.648197, 26.797249, 0.0)
(25.650402, 26.833044, 0.0)
(25.641283, 26.844019, 0.0)
(25.638260, 26.857836, 0.0)
(25.632999, 26.874224, 0.0)
(25.643509, 26.874117, 0.0)
(25.608545, 26.892307, 0.0)
(26.338577, 26.858482, 0.0)
(26.485937, 26.782232, 0.0)
(26.440788, 26.821827, 0.0)
(26.429644, 26.803045, 0.0)
(26.414106, 26.797121, 0.0)
(26.405350, 26.773033, 0.0)
(26.401529, 26.774637, 0.0)
(26.416233, 26.764339, 0.0)
(26.420652, 26.770712, 0.0)
(26.418135, 26.791332, 0.0)
(26.429480, 26.792564, 0.0)
(26.467611, 26.883461, 0.0)
(26.466183, 26.912037, 0.0)
(26.435116, 26.906687, 0.0)
(26.173895, 27.261732, 0.0)
(25.952688, 27.593019, 0.0)
(25.938267, 27.649044, 0.0)
(25.948498, 27.710627, 0.0)
(25.930817, 27.707901, 0.0)
(25.931252, 27.668427, 0.0)
(25.913748, 27.772972, 0.0)
(25.938988, 27.893671, 0.0)
(25.895954, 28.269903, 0.0)
(25.841906, 28.896332, 0.0)
(25.847649, 29.099188, 0.0)
(25.758305, 29.021069, 0.0)
(25.665272, 29.227354, 0.0)
(25.700386, 30.086153, 0.0)
(25.642220, 30.252129, 0.0)
(25.594027, 30.284615, 0.0)
(25.560186, 30.313410, 0.0)
(25.581270, 30.315111, 0.0)
(25.560753, 30.306391, 0.0)
(25.576859, 30.281519, 0.0)
(25.560753, 30.288101, 0.0)
(25.559330, 30.274630, 0.0)
(25.553804, 30.223612, 0.0)
(25.700642, 29.533009, 0.0)
(25.819870, 28.494698, 0.0)
(25.827686, 28.375448, 0.0)
(25.807779, 28.309258, 0.0)
(25.787605, 28.214489, 0.0)
(25.776114, 28.051405, 0.0)
(25.775269, 27.896091, 0.0)
(25.813789, 27.142366, 0.0)
(25.863264, 25.968170, 0.0)
(25.860445, 25.755381, 0.0)
(25.820740, 25.676973, 0.0)
(25.802961, 25.613510, 0.0)
(25.804686, 25.489878, 0.0)
(25.807686, 25.465834, 0.0)
(25.845451, 25.448158, 0.0)
(25.825041, 25.354414, 0.0)
(25.644680, 24.416439, 0.0)
(25.583208, 24.328157, 0.0)
(25.553055, 24.243420, 0.0)
(25.521755, 24.155651, 0.0)
(25.512936, 24.112411, 0.0)
(25.406351, 22.173193, 0.0)
(25.287403, 21.569010, 0.0)
(25.229927, 21.521545, 0.0)
(25.208420, 21.482147, 0.0)
(25.192671, 21.367256, 0.0)
(25.441725, 21.721201, 0.0)
(29.031052, 22.363873, 0.0)
(28.573816, 21.910860, 0.0)
(28.404333, 21.801163, 0.0)
(28.381393, 21.864361, 0.0)
(28.339260, 21.906385, 0.0)
(28.202906, 22.018135, 0.0)
(25.866673, 22.810883, 0.0)
(25.651911, 22.779289, 0.0)
(25.657495, 22.689121, 0.0)
(25.666361, 22.701088, 0.0)
(25.688770, 22.663681, 0.0)
(25.033859, 22.480213, 0.0)
(24.905226, 22.286558, 0.0)
(24.909786, 22.214212, 0.0)
(24.887039, 22.159384, 0.0)
(24.874258, 22.157158, 0.0)
(24.869061, 22.121994, 0.0)
(24.843945, 22.090843, 0.0)
(24.820967, 22.091465, 0.0)
(24.828032, 22.087379, 0.0)
(24.227911, 22.218609, 0.0)
(24.150164, 22.175417, 0.0)
(24.143375, 22.167980, 0.0)
(24.150164, 22.175417, 0.0)
(24.155323, 22.179462, 0.0)
(24.262516, 22.476614, 0.0)
(24.782854, 24.247787, 0.0)
(24.852598, 25.722418, 0.0)
(24.790113, 26.079309, 0.0)
(24.689672, 26.112909, 0.0)
(24.632679, 26.154835, 0.0)
(24.555511, 26.233952, 0.0)
(24.543228, 26.256056, 0.0)
(24.515341, 26.318588, 0.0)
(24.499573, 26.368000, 0.0)
(24.527168, 26.510241, 0.0)
(25.247066, 28.124687, 0.0)
(25.231483, 28.518396, 0.0)
(25.156628, 28.586071, 0.0)
(25.114861, 28.630522, 0.0)
(25.131308, 28.715900, 0.0)
(25.111670, 28.804659, 0.0)
(25.109131, 28.848145, 0.0)
(25.115294, 28.827131, 0.0)
(25.134777, 28.781521, 0.0)
(25.152870, 28.858847, 0.0)
(25.174963, 28.974495, 0.0)
(25.185087, 29.011024, 0.0)
(25.161850, 29.001738, 0.0)
(25.173464, 29.013550, 0.0)
(25.183397, 28.994202, 0.0)
(25.167908, 28.983877, 0.0)
(25.160294, 28.963287, 0.0)
(25.176416, 28.964678, 0.0)
(25.154602, 28.968987, 0.0)
(25.173340, 29.038740, 0.0)
(25.171976, 29.067816, 0.0)
(25.176807, 29.075968, 0.0)
(25.176046, 29.081846, 0.0)
(25.367699, 29.354328, 0.0)
(25.764633, 30.008137, 0.0)
(25.787922, 30.169624, 0.0)
(25.764679, 30.141666, 0.0)
(25.747208, 30.205894, 0.0)
(25.757576, 30.269697, 0.0)
(25.767843, 30.276690, 0.0)
(25.763758, 30.245632, 0.0)
(25.769312, 30.271095, 0.0)
(25.669073, 30.593676, 0.0)
(25.652185, 30.658165, 0.0)
(25.679974, 30.692457, 0.0)
(25.700434, 30.597868, 0.0)
(25.681242, 30.590166, 0.0)
(25.709883, 30.609438, 0.0)
(25.717922, 30.608126, 0.0)
(25.723511, 30.613791, 0.0)
(25.754267, 30.672985, 0.0)
(25.754223, 30.738983, 0.0)
(25.717537, 30.721018, 0.0)
(25.773197, 30.667160, 0.0)
(27.019489, 29.638927, 0.0)
(0.000000, 0.000000, 1.0)
(34.954273, 25.967041, 0.0)
(34.673256, 25.061634, 0.0)
(34.491276, 24.396336, 0.0)
(34.513924, 24.388689, 0.0)
(34.501938, 24.415693, 0.0)
(34.503983, 24.413221, 0.0)
(34.488770, 24.416588, 0.0)
(34.482944, 24.438963, 0.0)
(34.490608, 24.456718, 0.0)
(34.504421, 24.465796, 0.0)
(34.502998, 24.512920, 0.0)
(34.491573, 24.541466, 0.0)
(34.500362, 24.578365, 0.0)
(34.516472, 24.598606, 0.0)
(34.502308, 24.582945, 0.0)
(34.458138, 24.528982, 0.0)
(34.395252, 24.469952, 0.0)
(34.391106, 24.534674, 0.0)
(34.405865, 24.596540, 0.0)
(33.344536, 24.955990, 0.0)
(32.927330, 25.161531, 0.0)
(32.890640, 25.139233, 0.0)
(32.868717, 25.086142, 0.0)
(32.275646, 25.581188, 0.0)
(28.462107, 28.727360, 0.0)
(26.457289, 31.676069, 0.0)
(26.109030, 32.325596, 0.0)
(26.118652, 32.330502, 0.0)
(26.048258, 32.220680, 0.0)
(26.034014, 32.135811, 0.0)
(26.310085, 32.121452, 0.0)
(30.622618, 30.715403, 0.0)
(38.470062, 28.015026, 0.0)
(38.507160, 26.824638, 0.0)
(38.429035, 26.255222, 0.0)
(38.428207, 26.105082, 0.0)
(38.387497, 26.108995, 0.0)
(38.385025, 26.069862, 0.0)
(38.387817, 26.053507, 0.0)
(38.391327, 26.048405, 0.0)
(38.365322, 25.999327, 0.0)
(38.345734, 25.977617, 0.0)
(38.336739, 25.945354, 0.0)
(38.340652, 25.946283, 0.0)
(38.340153, 25.941471, 0.0)
(38.328922, 25.959305, 0.0)
(37.985119, 26.466221, 0.0)
