(37.828686, 27.536968, 0.0)
(37.794655, 26.237295, 0.0)
(37.789513, 25.897713, 0.0)
(37.764294, 25.776552, 0.0)
(37.044823, 25.178473, 0.0)
(36.946049, 25.115099, 0.0)
(36.962223, 25.154940, 0.0)
(36.960670, 25.206388, 0.0)
(36.947231, 25.191574, 0.0)
(36.944588, 25.177286, 0.0)
(36.981670, 25.132074, 0.0)
(36.984257, 25.109392, 0.0)
(36.981411, 25.143831, 0.0)
(36.991882, 25.219015, 0.0)
(37.005577, 25.300787, 0.0)
(36.994968, 25.288492, 0.0)
(36.888794, 25.195057, 0.0)
(37.045601, 27.206154, 0.0)
(36.874165, 25.930735, 0.0)
(36.861351, 25.395628, 0.0)
(36.875946, 25.196726, 0.0)
(36.885307, 25.120378, 0.0)
(36.884991, 25.058620, 0.0)
(36.906631, 25.075880, 0.0)
(36.888882, 25.111294, 0.0)
(36.884388, 25.133711, 0.0)
(36.913177, 25.178593, 0.0)
(36.921944, 25.169912, 0.0)
(36.879879, 25.061800, 0.0)
(36.875858, 25.065201, 0.0)
(36.908936, 25.136066, 0.0)
(36.909466, 25.174622, 0.0)
(36.895329, 25.151058, 0.0)
(36.978436, 25.206564, 0.0)
(36.991856, 25.300369, 0.0)
(36.956699, 25.256941, 0.0)
(36.976643, 25.254297, 0.0)
(36.972240, 25.284306, 0.0)
(36.873363, 25.301781, 0.0)
(37.040222, 26.374849, 0.0)
(37.000107, 25.513487, 0.0)
(37.018318, 25.131886, 0.0)
(37.044121, 25.045124, 0.0)
(37.060078, 25.033304, 0.0)
(37.080215, 25.123077, 0.0)
(37.108376, 25.127190, 0.0)
(37.105446, 25.121983, 0.0)
(37.108955, 25.156551, 0.0)
(37.117599, 25.235132, 0.0)
(37.124001, 25.281996, 0.0)
(37.129078, 25.358997, 0.0)
(37.158962, 25.333866, 0.0)
(37.160671, 25.275330, 0.0)
(37.183945, 25.247490, 0.0)
(37.201538, 25.329800, 0.0)
(37.201065, 25.373253, 0.0)
(37.202343, 25.415470, 0.0)
(37.116283, 25.396950, 0.0)
(37.003925, 25.509953, 0.0)
(37.018208, 25.486923, 0.0)
(37.021187, 25.491552, 0.0)
(37.034573, 25.501617, 0.0)
(37.078972, 25.555677, 0.0)
(37.088058, 25.599199, 0.0)
(37.107075, 25.542175, 0.0)
(37.043587, 25.473881, 0.0)
(37.045193, 25.461081, 0.0)
(37.059574, 25.487495, 0.0)
(37.050449, 25.505083, 0.0)
(37.263565, 25.473194, 0.0)
(37.273827, 25.495813, 0.0)
(37.254696, 25.467024, 0.0)
(37.218769, 25.388227, 0.0)
(37.228481, 25.353846, 0.0)
(37.241291, 25.385277, 0.0)
(37.213970, 25.394985, 0.0)
(37.209301, 25.412775, 0.0)
(37.220543, 25.359119, 0.0)
(37.190144, 25.290688, 0.0)
(37.188812, 25.257818, 0.0)
(37.212669, 25.283381, 0.0)
(37.196831, 25.285591, 0.0)
(37.217064, 25.318506, 0.0)
(37.197430, 25.339531, 0.0)
(37.208908, 25.301641, 0.0)
(37.190857, 25.253572, 0.0)
(37.180187, 25.243193, 0.0)
(37.198116, 25.221870, 0.0)
(37.236462, 25.247763, 0.0)
(37.231213, 25.296854, 0.0)
(37.222931, 25.267588, 0.0)
(37.196911, 25.187363, 0.0)
(37.224213, 25.106609, 0.0)
(37.203926, 25.120859, 0.0)
(37.191948, 25.130941, 0.0)
(37.199158, 25.127253, 0.0)
(37.211769, 25.150677, 0.0)
(37.224541, 25.168407, 0.0)
(37.229637, 25.150642, 0.0)
(37.207340, 25.100557, 0.0)
(37.215557, 25.155043, 0.0)
(37.196918, 25.171282, 0.0)
(37.187878, 25.183510, 0.0)
(37.185009, 25.209723, 0.0)
(37.212486, 25.189087, 0.0)
(37.195362, 25.113235, 0.0)
(37.193642, 25.080448, 0.0)
(37.206024, 25.107054, 0.0)
(37.191063, 25.157303, 0.0)
(37.211025, 25.158716, 0.0)
(37.208675, 25.174826, 0.0)
(37.214993, 25.185265, 0.0)
(36.863560, 25.063557, 0.0)
(36.834633, 25.046595, 0.0)
(36.835293, 25.053938, 0.0)
(36.835423, 25.081642, 0.0)
(36.824242, 25.118254, 0.0)
(36.827946, 25.155382, 0.0)
(36.848934, 25.132885, 0.0)
(36.796452, 25.089115, 0.0)
(37.155445, 25.386709, 0.0)
(37.145538, 25.445377, 0.0)
(37.120049, 25.457666, 0.0)
(37.123421, 25.470375, 0.0)
(37.123169, 25.474068, 0.0)
(37.124950, 25.501539, 0.0)
(37.128223, 25.492804, 0.0)
(37.114895, 25.523323, 0.0)
(36.896748, 26.139339, 0.0)
(36.963776, 26.786667, 0.0)
(36.885906, 25.879927, 0.0)
(36.966801, 25.444172, 0.0)
(36.859047, 25.295267, 0.0)
(36.855324, 25.243298, 0.0)
(36.927895, 25.337242, 0.0)
(36.900135, 25.501198, 0.0)
(36.937935, 25.558832, 0.0)
(36.973572, 25.584703, 0.0)
(36.962727, 25.541325, 0.0)
(37.002472, 25.411018, 0.0)
(36.924179, 25.427692, 0.0)
(36.949013, 25.509485, 0.0)
(37.003239, 25.587999, 0.0)
(37.000751, 25.583179, 0.0)
(37.000412, 25.503357, 0.0)
(36.968075, 25.419699, 0.0)
(36.981022, 25.367090, 0.0)
(36.985123, 25.355576, 0.0)
(36.984028, 25.350384, 0.0)
(36.985939, 25.350077, 0.0)
(36.963970, 25.398733, 0.0)
(36.980961, 25.390871, 0.0)
(36.977577, 25.332268, 0.0)
(36.928974, 25.240042, 0.0)
(36.920021, 25.229239, 0.0)
(36.915184, 25.304285, 0.0)
(36.936440, 27.120861, 0.0)
(36.689266, 26.740957, 0.0)
(36.600700, 25.678600, 0.0)
(36.637577, 25.215004, 0.0)
(36.684052, 25.055559, 0.0)
(36.654099, 25.037975, 0.0)
(36.717167, 25.143780, 0.0)
(36.743977, 25.139551, 0.0)
(36.740295, 25.114773, 0.0)
(36.743290, 25.124048, 0.0)
(36.751369, 25.186333, 0.0)
(38.381706, 26.414845, 0.0)
(41.641308, 29.838114, 0.0)
(43.230259, 31.266716, 0.0)
(43.544254, 31.478777, 0.0)
(43.547844, 31.529865, 0.0)
(43.570011, 31.560625, 0.0)
(43.558075, 31.594269, 0.0)
(43.566101, 31.533157, 0.0)
(43.580894, 31.530003, 0.0)
(43.589348, 31.552513, 0.0)
(43.607609, 31.508410, 0.0)
(43.575497, 31.513838, 0.0)
(43.600292, 31.500618, 0.0)
(43.590103, 31.544172, 0.0)
(43.579140, 31.531887, 0.0)
(43.698887, 31.615473, 0.0)
(43.697983, 31.584049, 0.0)
(43.688133, 31.470005, 0.0)
(43.680714, 31.453398, 0.0)
(43.677261, 31.477625, 0.0)
(43.665527, 31.460974, 0.0)
(43.656071, 31.451603, 0.0)
(43.659630, 31.424051, 0.0)
(43.668255, 31.420122, 0.0)
(43.663467, 31.423943, 0.0)
(43.654865, 31.474039, 0.0)
(43.646240, 31.512150, 0.0)
(43.663231, 31.593035, 0.0)
(43.674770, 31.637314, 0.0)
(43.667995, 31.577341, 0.0)
(43.652935, 31.498924, 0.0)
(43.636902, 31.515898, 0.0)
(43.660301, 31.659700, 0.0)
(43.673512, 31.695772, 0.0)
(43.678539, 31.728371, 0.0)
(43.667446, 31.752848, 0.0)
(43.631920, 31.191301, 0.0)
(43.257080, 26.963614, 0.0)
(43.140999, 24.743650, 0.0)
(43.083012, 24.614962, 0.0)
(43.141941, 24.719658, 0.0)
(43.169731, 24.724260, 0.0)
(43.605976, 24.305395, 0.0)
(43.584888, 24.080494, 0.0)
(43.589878, 24.107214, 0.0)
(43.581367, 24.033302, 0.0)
(43.767120, 24.128984, 0.0)
(43.753475, 24.086187, 0.0)
(43.793652, 24.147335, 0.0)
(43.838718, 24.096649, 0.0)
(43.834637, 24.031939, 0.0)
(43.771912, 23.906860, 0.0)
(43.781433, 23.930099, 0.0)
(43.289383, 24.038300, 0.0)
(42.907387, 23.302826, 0.0)
(42.711002, 23.155750, 0.0)
(42.814892, 23.103651, 0.0)
(42.850605, 23.109550, 0.0)
(42.872677, 23.100208, 0.0)
(42.886150, 23.065371, 0.0)
(42.874550, 23.061954, 0.0)
(42.870422, 23.053694, 0.0)
(42.881153, 22.992384, 0.0)
(42.888432, 22.956066, 0.0)
(42.887554, 22.978342, 0.0)
(42.904720, 23.034132, 0.0)
(42.912071, 23.028425, 0.0)
(42.907818, 22.943319, 0.0)
(42.900517, 22.891499, 0.0)
(42.903591, 22.887465, 0.0)
(42.915092, 22.905849, 0.0)
(42.931732, 22.935049, 0.0)
(42.932674, 22.940758, 0.0)
(41.268139, 22.470081, 0.0)
(37.109867, 23.721710, 0.0)
(33.630219, 26.127911, 0.0)
(31.375654, 28.971081, 0.0)
(30.518572, 29.977049, 0.0)
(30.412785, 29.922533, 0.0)
(30.393387, 29.822206, 0.0)
(30.348722, 29.735527, 0.0)
(29.186775, 31.030390, 0.0)
(28.882515, 31.227322, 0.0)
(28.858917, 31.199474, 0.0)
(28.850338, 31.155947, 0.0)
(28.837452, 31.126627, 0.0)
(28.848576, 31.118250, 0.0)
(28.822666, 31.119650, 0.0)
(28.805683, 31.097540, 0.0)
(28.821819, 31.140430, 0.0)
(28.809643, 31.192747, 0.0)
(28.800154, 31.213423, 0.0)
(28.780903, 31.252411, 0.0)
(28.754885, 31.206806, 0.0)
(28.864176, 28.300470, 0.0)
(28.312708, 26.498322, 0.0)
(28.127676, 26.514505, 0.0)
(28.065182, 26.590715, 0.0)
(28.035711, 26.640366, 0.0)
(28.032244, 26.706924, 0.0)
(28.029753, 26.722090, 0.0)
(28.016279, 26.689796, 0.0)
(28.024433, 26.671961, 0.0)
(28.034773, 26.634686, 0.0)
(28.028130, 26.633066, 0.0)
(28.037827, 26.644455, 0.0)
(28.025667, 26.573324, 0.0)
(27.994123, 26.504257, 0.0)
(28.004955, 26.472527, 0.0)
(28.021486, 26.485781, 0.0)
(28.011181, 26.458111, 0.0)
(28.015865, 26.430731, 0.0)
(28.041573, 26.400528, 0.0)
(28.053949, 26.297886, 0.0)
(29.846018, 24.117331, 0.0)
(30.657671, 23.717594, 0.0)
(30.700306, 23.646172, 0.0)
(30.683689, 23.616898, 0.0)
(30.689417, 23.570414, 0.0)
(30.692245, 23.467558, 0.0)
(30.743776, 23.342289, 0.0)
(34.534172, 24.011404, 0.0)
(35.322815, 24.062569, 0.0)
(35.446041, 23.953371, 0.0)
(32.070087, 22.404558, 0.0)
(28.509417, 23.250664, 0.0)
(28.197580, 23.276945, 0.0)
(28.209146, 23.148279, 0.0)
(28.184162, 23.102657, 0.0)
(28.049734, 22.791672, 0.0)
(27.877514, 22.523621, 0.0)
(27.870325, 22.482180, 0.0)
(27.874224, 22.452946, 0.0)
(27.811005, 22.349173, 0.0)
(27.836493, 22.253101, 0.0)
(27.838839, 22.236202, 0.0)
(27.840641, 22.221066, 0.0)
(27.804056, 22.190443, 0.0)
(27.811087, 22.139336, 0.0)
(27.837948, 22.119373, 0.0)
(27.853323, 22.102404, 0.0)
(28.386080, 21.947123, 0.0)
(28.724434, 22.047102, 0.0)
(28.686802, 22.057550, 0.0)
(28.649212, 22.095928, 0.0)
(28.660498, 22.111406, 0.0)
(28.648651, 22.100492, 0.0)
(28.585184, 22.094303, 0.0)
(31.796614, 22.739822, 0.0)
(36.565758, 25.132744, 0.0)
(37.595585, 25.653463, 0.0)
(37.757626, 25.679575, 0.0)
(37.791412, 25.643656, 0.0)
(37.837334, 25.594383, 0.0)
(37.795021, 25.545954, 0.0)
(37.287121, 25.371740, 0.0)
(37.202484, 25.318218, 0.0)
(37.135311, 25.387085, 0.0)
(37.124954, 25.099766, 0.0)
(37.161152, 24.903446, 0.0)
(37.203030, 24.947872, 0.0)
(37.186935, 24.977282, 0.0)
(37.201004, 25.002806, 0.0)
(37.234016, 25.049839, 0.0)
(37.230873, 25.044706, 0.0)
(37.202213, 24.980612, 0.0)
(37.198528, 24.963453, 0.0)
(37.196392, 25.001534, 0.0)
(37.201767, 25.047607, 0.0)
(37.201832, 25.065384, 0.0)
(37.214184, 25.099771, 0.0)
(37.210846, 25.044504, 0.0)
(37.178013, 24.994976, 0.0)
(37.191269, 25.010618, 0.0)
(37.206158, 25.046940, 0.0)
(37.200195, 25.079424, 0.0)
(37.195545, 25.087206, 0.0)
(37.184532, 25.074743, 0.0)
(37.192226, 25.068085, 0.0)
(37.200981, 25.057604, 0.0)
(37.201809, 25.018061, 0.0)
(37.199326, 25.061476, 0.0)
(37.196007, 25.100344, 0.0)
(37.181213, 25.113073, 0.0)
(34.184105, 27.055962, 0.0)
(31.125065, 30.061090, 0.0)
(29.359402, 30.937605, 0.0)
(29.124191, 30.966496, 0.0)
(29.109774, 30.891743, 0.0)
(29.082405, 30.857422, 0.0)
(29.050484, 30.836464, 0.0)
(29.034435, 30.824547, 0.0)
(29.007820, 30.772354, 0.0)
(28.988405, 30.716139, 0.0)
(29.011938, 30.764055, 0.0)
(31.060835, 31.218973, 0.0)
(31.785625, 31.259596, 0.0)
(31.879419, 31.201502, 0.0)
(31.906605, 31.100933, 0.0)
(31.918774, 31.053377, 0.0)
(33.084496, 31.115206, 0.0)
(33.262833, 31.102722, 0.0)
(33.366272, 31.088282, 0.0)
(33.605385, 31.065807, 0.0)
(36.203075, 31.376604, 0.0)
(36.643444, 31.381891, 0.0)
(36.753811, 31.377262, 0.0)
(36.800224, 31.406590, 0.0)
(36.979031, 31.435867, 0.0)
(38.764790, 31.528805, 0.0)
(38.962284, 31.549242, 0.0)
(39.060669, 31.566393, 0.0)
(39.147964, 31.539238, 0.0)
(39.182274, 31.451469, 0.0)
(40.146652, 31.604780, 0.0)
(42.594482, 31.528559, 0.0)
(42.732361, 31.538723, 0.0)
(42.765095, 31.478802, 0.0)
(42.776756, 31.440613, 0.0)
(42.828861, 31.406624, 0.0)
(42.861435, 31.386629, 0.0)
(42.874928, 31.402727, 0.0)
(42.900219, 31.454363, 0.0)
(44.119297, 31.947954, 0.0)
(44.510197, 31.979374, 0.0)
(44.588528, 31.879520, 0.0)
(44.563286, 31.645411, 0.0)
(44.663242, 31.546124, 0.0)
(44.737881, 31.494637, 0.0)
(44.735176, 31.540577, 0.0)
(44.754498, 31.572384, 0.0)
(44.733383, 31.547436, 0.0)
(44.413216, 31.568672, 0.0)
(44.399055, 31.564766, 0.0)
(44.408619, 31.551001, 0.0)
(44.418941, 31.535114, 0.0)
(44.411701, 31.495134, 0.0)
(45.095089, 31.742331, 0.0)
(45.076073, 31.750374, 0.0)
(45.049149, 31.650829, 0.0)
(45.029846, 31.567953, 0.0)
(45.012424, 31.527277, 0.0)
(44.915352, 31.387691, 0.0)
(44.348011, 30.589056, 0.0)
(44.258434, 30.480053, 0.0)
(44.190296, 30.425861, 0.0)
(44.125984, 30.374184, 0.0)
(42.929092, 30.771626, 0.0)
(42.718609, 30.851465, 0.0)
(42.642101, 30.927591, 0.0)
(42.524113, 30.908442, 0.0)
(42.411285, 30.905346, 0.0)
(42.340801, 30.908293, 0.0)
(42.220280, 30.776932, 0.0)
(42.163826, 30.729183, 0.0)
(41.843990, 30.720051, 0.0)
(40.778782, 30.649805, 0.0)
(40.611526, 30.544521, 0.0)
(40.559620, 30.518709, 0.0)
(40.442741, 30.468102, 0.0)
(40.389687, 30.395733, 0.0)
(39.085682, 30.334282, 0.0)
(38.940285, 30.304670, 0.0)
(38.870491, 30.308224, 0.0)
(38.796848, 30.331930, 0.0)
(38.687622, 30.319073, 0.0)
(36.788525, 30.496521, 0.0)
(33.340141, 30.265270, 0.0)
(31.938129, 30.241909, 0.0)
(31.563053, 30.293249, 0.0)
(31.471331, 30.239054, 0.0)
(31.445728, 30.268169, 0.0)
(31.402388, 30.265211, 0.0)
(31.401564, 30.211872, 0.0)
(31.706738, 30.205091, 0.0)
(33.008526, 30.260321, 0.0)
(33.088535, 30.239513, 0.0)
(33.030479, 30.240156, 0.0)
(32.915291, 30.297834, 0.0)
(30.384853, 30.802345, 0.0)
(30.044617, 30.718660, 0.0)
(29.971762, 30.575924, 0.0)
(29.921194, 30.533882, 0.0)
(29.895514, 30.593039, 0.0)
(29.884872, 30.623629, 0.0)
(29.867556, 30.641434, 0.0)
(29.862211, 30.643740, 0.0)
(29.849302, 30.629063, 0.0)
(29.840277, 30.614092, 0.0)
(29.840042, 30.623013, 0.0)
(29.821413, 30.630999, 0.0)
(29.800745, 30.673990, 0.0)
(29.787960, 30.690020, 0.0)
(29.774593, 30.701950, 0.0)
(29.254866, 30.363564, 0.0)
(28.961868, 30.087687, 0.0)
(28.981302, 30.058674, 0.0)
(28.984520, 30.055334, 0.0)
(28.981678, 30.026947, 0.0)
(29.001091, 29.992380, 0.0)
(29.001894, 29.916073, 0.0)
(29.991798, 29.811304, 0.0)
(30.894499, 29.582409, 0.0)
(31.017590, 29.536085, 0.0)
(31.168215, 29.500891, 0.0)
(33.567509, 29.518873, 0.0)
(34.350189, 29.555256, 0.0)
(34.529289, 29.473671, 0.0)
(34.607452, 29.347342, 0.0)
(34.658249, 29.307158, 0.0)
(33.612972, 29.717482, 0.0)
(33.557854, 29.720055, 0.0)
(33.669380, 29.738060, 0.0)
(33.871201, 29.699074, 0.0)
(34.034870, 29.663908, 0.0)
(35.106667, 29.748749, 0.0)
(39.691589, 29.749952, 0.0)
(40.911400, 30.023085, 0.0)
(41.058662, 29.986286, 0.0)
(41.087299, 30.023085, 0.0)
(41.103786, 30.014017, 0.0)
(41.123497, 29.991974, 0.0)
(41.115044, 29.967680, 0.0)
(41.090179, 29.912615, 0.0)
(41.094677, 29.937931, 0.0)
(41.106056, 29.992208, 0.0)
(41.089951, 30.031555, 0.0)
(41.153255, 30.067705, 0.0)
(42.377808, 30.408993, 0.0)
(42.450230, 30.405941, 0.0)
(42.457188, 30.372524, 0.0)
(42.476948, 30.392612, 0.0)
(42.504509, 30.408478, 0.0)
(42.518024, 30.489649, 0.0)
(42.527782, 30.511198, 0.0)
(43.330517, 30.973642, 0.0)
(43.884937, 31.042807, 0.0)
(43.920654, 30.953606, 0.0)
(43.901993, 30.944317, 0.0)
(43.912334, 31.005966, 0.0)
(43.924213, 30.993124, 0.0)
(43.918747, 30.985739, 0.0)
(43.620808, 32.206665, 0.0)
(43.908916, 32.944523, 0.0)
(44.242634, 31.911028, 0.0)
(44.113647, 30.981653, 0.0)
(44.192284, 30.698744, 0.0)
(44.215298, 30.634966, 0.0)
(44.229477, 30.666430, 0.0)
(44.252777, 30.625410, 0.0)
(44.198002, 30.581947, 0.0)
(44.211918, 30.536318, 0.0)
(44.251705, 30.587450, 0.0)
(44.214359, 30.654825, 0.0)
(44.233471, 30.605560, 0.0)
(44.238232, 30.596827, 0.0)
(44.191116, 30.538025, 0.0)
(44.178848, 30.441914, 0.0)
(44.129650, 30.395454, 0.0)
(44.092838, 30.387846, 0.0)
(44.021828, 30.367123, 0.0)
(42.418034, 30.237823, 0.0)
(42.215267, 30.184187, 0.0)
(42.168125, 30.019455, 0.0)
(42.074078, 29.915876, 0.0)
(41.970146, 29.799524, 0.0)
(40.381874, 29.596798, 0.0)
(37.136944, 29.280659, 0.0)
(35.858082, 29.289972, 0.0)
(35.740654, 29.114103, 0.0)
(35.695679, 29.013124, 0.0)
(35.666985, 28.934896, 0.0)
(35.602421, 28.873871, 0.0)
(35.628281, 28.867409, 0.0)
(38.459717, 29.300919, 0.0)
(38.475525, 29.288214, 0.0)
(38.332260, 29.195976, 0.0)
(38.194233, 29.086926, 0.0)
(37.988224, 29.005257, 0.0)
(37.833775, 28.936365, 0.0)
(37.625080, 28.922955, 0.0)
(33.977432, 29.446762, 0.0)
(32.458874, 29.395620, 0.0)
(32.278633, 29.263914, 0.0)
(32.198582, 29.259306, 0.0)
(32.108719, 29.170202, 0.0)
(32.063190, 29.150843, 0.0)
(32.045380, 29.123938, 0.0)
(32.016567, 29.151060, 0.0)
(31.968954, 29.221802, 0.0)
(31.303974, 29.662300, 0.0)
(30.451759, 29.643700, 0.0)
(30.216171, 29.507021, 0.0)
(30.201406, 29.442972, 0.0)
(30.167328, 29.527628, 0.0)
(30.126228, 29.657785, 0.0)
(30.110109, 29.664125, 0.0)
(30.048977, 29.731518, 0.0)
(29.991322, 29.712954, 0.0)
(29.987728, 29.699060, 0.0)
(29.962776, 29.704174, 0.0)
(29.913460, 29.759344, 0.0)
(29.881615, 29.769588, 0.0)
(29.828592, 29.784615, 0.0)
(29.797470, 29.805267, 0.0)
(29.784801, 29.735764, 0.0)
(29.103882, 29.533854, 0.0)
(28.950960, 29.458809, 0.0)
(28.958086, 29.423607, 0.0)
(28.944218, 29.451157, 0.0)
(28.931013, 29.410666, 0.0)
(28.935787, 29.372128, 0.0)
(28.979448, 29.222418, 0.0)
(28.979259, 28.734118, 0.0)
(28.991470, 28.660110, 0.0)
(29.029514, 28.569695, 0.0)
(29.433903, 28.394247, 0.0)
(32.501854, 28.121677, 0.0)
(32.754333, 28.049999, 0.0)
(32.880676, 27.963955, 0.0)
(33.349308, 27.835695, 0.0)
(35.758591, 28.127195, 0.0)
(36.040409, 28.142527, 0.0)
(36.162971, 28.081968, 0.0)
(36.293346, 28.085632, 0.0)
(36.389549, 28.081503, 0.0)
(36.478218, 28.058733, 0.0)
(36.584846, 28.012411, 0.0)
(36.642467, 28.057461, 0.0)
(36.762913, 28.062782, 0.0)
(36.844269, 28.111116, 0.0)
(36.952221, 28.136868, 0.0)
(37.735531, 28.311018, 0.0)
(41.458912, 29.196505, 0.0)
(42.683903, 29.646078, 0.0)
(42.742298, 29.677773, 0.0)
(42.766438, 29.631552, 0.0)
(42.789104, 29.563192, 0.0)
(42.829731, 29.538752, 0.0)
(42.838551, 29.515736, 0.0)
(42.881676, 29.480755, 0.0)
(43.088318, 29.646568, 0.0)
(44.263584, 30.311235, 0.0)
(44.327393, 30.246336, 0.0)
(44.249897, 30.232927, 0.0)
(44.213268, 30.259884, 0.0)
(44.188175, 30.234808, 0.0)
(44.158070, 30.164270, 0.0)
(44.170177, 30.137808, 0.0)
(44.131134, 30.185289, 0.0)
(44.486832, 30.632689, 0.0)
(44.505436, 30.677061, 0.0)
(44.503437, 30.675493, 0.0)
(44.491020, 30.654165, 0.0)
(44.506557, 30.610575, 0.0)
(44.466679, 30.613914, 0.0)
(44.493538, 30.619665, 0.0)
(44.442585, 30.664499, 0.0)
(43.680447, 29.749638, 0.0)
(43.678562, 29.786287, 0.0)
(43.752800, 29.727654, 0.0)
(43.735161, 29.662561, 0.0)
(43.718296, 29.661711, 0.0)
(43.731426, 29.647369, 0.0)
(43.732491, 29.694885, 0.0)
(43.729797, 29.633558, 0.0)
(43.723484, 29.614069, 0.0)
(43.716633, 29.584957, 0.0)
(43.709316, 29.541216, 0.0)
(43.691048, 29.525776, 0.0)
(43.675884, 29.516392, 0.0)
(43.657684, 29.467846, 0.0)
(43.649937, 29.471449, 0.0)
(43.608124, 29.402561, 0.0)
(42.765320, 29.002531, 0.0)
(40.073673, 28.001825, 0.0)
(39.614212, 27.937531, 0.0)
(39.537968, 27.857807, 0.0)
(38.238518, 28.172283, 0.0)
(36.494759, 28.254660, 0.0)
(36.129154, 28.136131, 0.0)
(35.949039, 27.986677, 0.0)
(35.855877, 27.913898, 0.0)
(35.719578, 27.890335, 0.0)
(35.652485, 27.940315, 0.0)
(35.599400, 27.956043, 0.0)
(35.557663, 27.940544, 0.0)
(35.515232, 27.872429, 0.0)
(35.405544, 27.813339, 0.0)
(35.339874, 27.737005, 0.0)
(35.324287, 27.715593, 0.0)
(35.240253, 27.750191, 0.0)
(35.141563, 27.781094, 0.0)
(32.674393, 28.353615, 0.0)
(30.877909, 28.502247, 0.0)
(30.161194, 28.336977, 0.0)
(29.876469, 28.171928, 0.0)
(29.833363, 28.060242, 0.0)
(29.806604, 28.028666, 0.0)
(29.815561, 28.050745, 0.0)
(29.763531, 28.008869, 0.0)
(30.232811, 27.876202, 0.0)
(30.248795, 27.743141, 0.0)
(30.205870, 27.669249, 0.0)
(30.193306, 27.681009, 0.0)
(30.175255, 27.656818, 0.0)
(30.145609, 27.636255, 0.0)
(30.050449, 27.747173, 0.0)
(0.000000, 0.000000, 1.0)
(29.209684, 29.179487, 0.0)
(29.185745, 28.518309, 0.0)
(29.091400, 28.259726, 0.0)
(29.005714, 28.113594, 0.0)
(29.010956, 28.156858, 0.0)
(28.976379, 28.180176, 0.0)
(28.925688, 28.091066, 0.0)
(28.889214, 28.056229, 0.0)
(28.865999, 28.145964, 0.0)
(28.838064, 28.233635, 0.0)
(28.815109, 28.249496, 0.0)
(28.779396, 28.256399, 0.0)
(28.781107, 28.249510, 0.0)
(28.726227, 28.242172, 0.0)
(28.698523, 28.279299, 0.0)
(28.718279, 28.308954, 0.0)
(28.735649, 28.326084, 0.0)
(28.421930, 28.283936, 0.0)
(28.340473, 28.227928, 0.0)
(28.371853, 28.161474, 0.0)
(28.368515, 28.017727, 0.0)
(28.598726, 27.894278, 0.0)
(33.490860, 27.120251, 0.0)
(34.821499, 26.766598, 0.0)
(34.988762, 26.663124, 0.0)
(35.102348, 26.615414, 0.0)
(35.283772, 26.515949, 0.0)
(35.426403, 26.494375, 0.0)
(35.511940, 26.495562, 0.0)
(35.591461, 26.495779, 0.0)
(35.691952, 26.544115, 0.0)
(35.747234, 26.582159, 0.0)
(35.893402, 26.592690, 0.0)
(39.234856, 27.590950, 0.0)
(40.097424, 27.986921, 0.0)
(40.214481, 27.936728, 0.0)
(40.257221, 27.966391, 0.0)
(40.290123, 27.967466, 0.0)
(40.309170, 27.962502, 0.0)
(40.319790, 27.960838, 0.0)
(41.437454, 28.485638, 0.0)
(42.551739, 28.801508, 0.0)
(42.638763, 28.804192, 0.0)
(42.642765, 28.783352, 0.0)
(42.650162, 28.777838, 0.0)
(42.643620, 28.786390, 0.0)
(42.655090, 28.787855, 0.0)
(42.690063, 28.762339, 0.0)
(42.644073, 28.689137, 0.0)
(42.677746, 28.680872, 0.0)
(42.871845, 28.913511, 0.0)
(42.848885, 29.018013, 0.0)
(43.966557, 29.704069, 0.0)
(43.917385, 29.570490, 0.0)
(43.890072, 29.480522, 0.0)
(43.961639, 29.454882, 0.0)
(43.900517, 29.409000, 0.0)
(43.933121, 29.428440, 0.0)
(43.882843, 29.466442, 0.0)
(43.888645, 29.474138, 0.0)
(43.901066, 29.475576, 0.0)
(43.962254, 29.454306, 0.0)
(43.913784, 29.374594, 0.0)
(43.920746, 29.332859, 0.0)
(43.961552, 29.389172, 0.0)
(43.970718, 29.417974, 0.0)
(43.982273, 29.414358, 0.0)
(43.985870, 29.431173, 0.0)
(43.992550, 29.420855, 0.0)
(44.000443, 29.435507, 0.0)
(43.977570, 29.433638, 0.0)
(43.995300, 29.462748, 0.0)
(43.964367, 29.490755, 0.0)
(43.974224, 29.501982, 0.0)
(43.980606, 29.527874, 0.0)
(43.974224, 29.501982, 0.0)
(43.912991, 29.447527, 0.0)
(43.842743, 29.342218, 0.0)
(43.820160, 29.314226, 0.0)
(42.550671, 28.521675, 0.0)
(42.484127, 28.521713, 0.0)
(42.449295, 28.467512, 0.0)
(42.358608, 28.409653, 0.0)
(42.287689, 28.297474, 0.0)
(42.178295, 28.215792, 0.0)
(42.104847, 28.210287, 0.0)
(41.719238, 28.074776, 0.0)
(37.242329, 27.392662, 0.0)
(33.640224, 27.665983, 0.0)
(32.546200, 28.276922, 0.0)
(32.740059, 27.901737, 0.0)
(32.681992, 27.646036, 0.0)
(32.626194, 27.535610, 0.0)
(32.608330, 27.584360, 0.0)
(32.585590, 27.677057, 0.0)
(32.594006, 27.677134, 0.0)
(32.575771, 27.616222, 0.0)
(32.558819, 27.529896, 0.0)
(32.530994, 27.487827, 0.0)
(32.492771, 27.503267, 0.0)
(32.464897, 27.549753, 0.0)
(32.395832, 27.576834, 0.0)
(32.322281, 27.710226, 0.0)
(33.155251, 27.532595, 0.0)
(34.712788, 27.259615, 0.0)
(34.653839, 27.174423, 0.0)
(34.389511, 27.141813, 0.0)
(34.216595, 27.127447, 0.0)
(34.053646, 27.163815, 0.0)
(33.898445, 27.177515, 0.0)
(33.732887, 27.206007, 0.0)
(33.369534, 27.278214, 0.0)
(32.623707, 27.300920, 0.0)
(32.439796, 27.279696, 0.0)
(32.272785, 27.329790, 0.0)
(32.157188, 27.343336, 0.0)
(32.019104, 27.356552, 0.0)
(30.620827, 27.662245, 0.0)
(30.420015, 27.685575, 0.0)
(30.324514, 27.632812, 0.0)
(30.159595, 27.557362, 0.0)
(30.110806, 27.542313, 0.0)
(30.031822, 27.574907, 0.0)
(29.977571, 27.606245, 0.0)
(29.949032, 27.581615, 0.0)
(30.027168, 27.568205, 0.0)
(30.015434, 27.560831, 0.0)
(29.986889, 27.517155, 0.0)
(29.931324, 27.447924, 0.0)
(29.925262, 27.459103, 0.0)
(29.923983, 27.493877, 0.0)
(29.921829, 27.528290, 0.0)
(29.928665, 27.551035, 0.0)
(29.944744, 27.549711, 0.0)
(29.982952, 27.522806, 0.0)
(29.964928, 27.435648, 0.0)
(30.000204, 27.340422, 0.0)
(30.139120, 26.982529, 0.0)
(30.285027, 26.927935, 0.0)
(30.472132, 26.829208, 0.0)
(30.677719, 26.743616, 0.0)
(30.949038, 26.672773, 0.0)
(31.151981, 26.637478, 0.0)
(31.529955, 26.652802, 0.0)
(32.994343, 27.045128, 0.0)
(33.268574, 27.030125, 0.0)
(33.466110, 27.024004, 0.0)
(33.679985, 27.015520, 0.0)
(33.907780, 26.984514, 0.0)
(34.469620, 26.884079, 0.0)
(35.012772, 26.712517, 0.0)
(35.228527, 26.668262, 0.0)
(35.351849, 26.671915, 0.0)
(35.574463, 26.700989, 0.0)
(36.024323, 26.773741, 0.0)
(37.271004, 26.974758, 0.0)
(37.503113, 26.926064, 0.0)
(37.645409, 26.913942, 0.0)
(37.867569, 26.925209, 0.0)
(38.052540, 26.955978, 0.0)
(38.244934, 27.052126, 0.0)
(39.332237, 27.144871, 0.0)
(39.539841, 27.150614, 0.0)
(39.647984, 27.152288, 0.0)
(39.813606, 27.085703, 0.0)
(39.866951, 27.011604, 0.0)
(39.958694, 27.061390, 0.0)
(40.087582, 27.137068, 0.0)
(40.140907, 27.180719, 0.0)
(41.273811, 27.499212, 0.0)
(41.427498, 27.467747, 0.0)
(41.452503, 27.407969, 0.0)
(41.521717, 27.394997, 0.0)
(41.551071, 27.370632, 0.0)
(41.628635, 27.359655, 0.0)
(41.675552, 27.372488, 0.0)
(41.731129, 27.376396, 0.0)
(42.885811, 28.080320, 0.0)
(43.417286, 28.296398, 0.0)
(43.454781, 28.212265, 0.0)
(43.443729, 28.142134, 0.0)
(43.494488, 28.096174, 0.0)
(43.575298, 28.196207, 0.0)
(43.600986, 28.221556, 0.0)
(43.596184, 28.167032, 0.0)
(43.626904, 28.084389, 0.0)
(43.650837, 28.022417, 0.0)
(43.672142, 27.960588, 0.0)
(43.640919, 27.955647, 0.0)
(43.627274, 27.969145, 0.0)
(43.609261, 28.037474, 0.0)
(43.578934, 28.040148, 0.0)
(43.491798, 28.013109, 0.0)
(43.433762, 27.911720, 0.0)
(43.323608, 27.824501, 0.0)
(43.121979, 27.689816, 0.0)
(42.977547, 27.661539, 0.0)
(42.867710, 27.610096, 0.0)
(42.634888, 27.531580, 0.0)
(41.821724, 27.078386, 0.0)
(41.594784, 26.995733, 0.0)
(41.489590, 26.918661, 0.0)
(41.287739, 26.868057, 0.0)
(41.159607, 26.819645, 0.0)
(41.029224, 26.846584, 0.0)
(40.886497, 26.796171, 0.0)
(40.743053, 26.796144, 0.0)
(40.620445, 26.763582, 0.0)
(40.471451, 26.712317, 0.0)
(40.352787, 26.637215, 0.0)
(38.971466, 26.300808, 0.0)
(38.666939, 26.318903, 0.0)
(38.518028, 26.308599, 0.0)
(38.327759, 26.295122, 0.0)
(38.166904, 26.277063, 0.0)
(36.286663, 26.117632, 0.0)
(36.041313, 26.130718, 0.0)
(35.913212, 26.049604, 0.0)
(35.778580, 26.050655, 0.0)
(35.666546, 26.146336, 0.0)
(35.538261, 26.165892, 0.0)
(35.423737, 26.150181, 0.0)
(35.325985, 26.097473, 0.0)
(34.955280, 26.038237, 0.0)
(33.226120, 26.064283, 0.0)
(32.958160, 26.067017, 0.0)
(32.885193, 26.111340, 0.0)
(32.767677, 26.163986, 0.0)
(32.709896, 26.161057, 0.0)
(32.627892, 26.179352, 0.0)
(32.517174, 26.139132, 0.0)
(31.780077, 27.886984, 0.0)
(30.479792, 27.969854, 0.0)
(30.548529, 26.771069, 0.0)
(30.457609, 26.409145, 0.0)
(30.403528, 26.464317, 0.0)
(30.344488, 26.496983, 0.0)
(30.266026, 26.481104, 0.0)
(30.170633, 26.469135, 0.0)
(28.893000, 26.961119, 0.0)
(28.475746, 27.085148, 0.0)
(28.397778, 27.132677, 0.0)
(28.369993, 27.115921, 0.0)
(28.301409, 27.163769, 0.0)
(28.229177, 27.181108, 0.0)
(28.311182, 26.983292, 0.0)
(28.206514, 26.611219, 0.0)
(28.239973, 26.578735, 0.0)
(28.334152, 26.493292, 0.0)
(29.673063, 26.402187, 0.0)
(30.414736, 26.321421, 0.0)
(30.607647, 26.229691, 0.0)
(30.758228, 26.077812, 0.0)
(30.904575, 25.988260, 0.0)
(31.024921, 26.003736, 0.0)
(31.208780, 25.996069, 0.0)
(31.387119, 25.976061, 0.0)
(31.556389, 25.946840, 0.0)
(32.527706, 25.932112, 0.0)
(33.051365, 25.912506, 0.0)
(33.353230, 25.855423, 0.0)
(33.627670, 25.846909, 0.0)
(33.948708, 25.853289, 0.0)
(34.128902, 25.852821, 0.0)
(34.313999, 25.812551, 0.0)
(34.784367, 25.830986, 0.0)
(35.938648, 25.802387, 0.0)
(36.126213, 25.730982, 0.0)
(36.299137, 25.716122, 0.0)
(36.512424, 25.738714, 0.0)
(36.601128, 25.754910, 0.0)
(37.653419, 25.942163, 0.0)
(38.610519, 25.949165, 0.0)
(38.761223, 25.896952, 0.0)
(38.883701, 25.812017, 0.0)
(39.088772, 25.838093, 0.0)
(39.245281, 25.877735, 0.0)
(39.765114, 26.066044, 0.0)
(40.800262, 26.404465, 0.0)
(40.964275, 26.434919, 0.0)
(40.991192, 26.353163, 0.0)
(41.235695, 26.129963, 0.0)
(42.293499, 26.655642, 0.0)
(42.498940, 26.730639, 0.0)
(42.555126, 26.771582, 0.0)
(42.634506, 26.799557, 0.0)
(42.725937, 26.798632, 0.0)
(42.854439, 26.764719, 0.0)
(42.896629, 26.696602, 0.0)
(42.983475, 26.691040, 0.0)
(43.081451, 26.723284, 0.0)
(43.099358, 26.734779, 0.0)
(43.118301, 26.712805, 0.0)
(43.147243, 26.681110, 0.0)
(43.199207, 26.680826, 0.0)
(43.207642, 26.624044, 0.0)
(43.203281, 26.553144, 0.0)
(43.256359, 26.535769, 0.0)
(43.364658, 26.601889, 0.0)
(43.517452, 26.632168, 0.0)
(44.819134, 27.291603, 0.0)
(44.811153, 27.211063, 0.0)
(44.829895, 27.120068, 0.0)
(44.818600, 27.063679, 0.0)
(44.806427, 27.039614, 0.0)
(44.780163, 27.018925, 0.0)
(44.759617, 27.030037, 0.0)
(44.661995, 26.948608, 0.0)
(44.600464, 26.928970, 0.0)
(43.976578, 26.670530, 0.0)
(42.982513, 26.298210, 0.0)
(42.739628, 26.180717, 0.0)
(42.611839, 26.177349, 0.0)
(42.521378, 26.159155, 0.0)
(42.372120, 26.121426, 0.0)
(42.226261, 26.092642, 0.0)
(42.094810, 26.059311, 0.0)
(41.954250, 26.021605, 0.0)
(41.822952, 25.919672, 0.0)
(40.681057, 25.672081, 0.0)
(40.420834, 25.655972, 0.0)
(40.300781, 25.614172, 0.0)
(40.113136, 25.601547, 0.0)
(39.996494, 25.567892, 0.0)
(39.033672, 25.292156, 0.0)
(38.207485, 25.003700, 0.0)
(37.993156, 24.938997, 0.0)
(37.832741, 24.953266, 0.0)
(37.604809, 24.963533, 0.0)
(37.452232, 24.932354, 0.0)
(37.331146, 24.922920, 0.0)
(36.079124, 25.073057, 0.0)
(35.159374, 24.995918, 0.0)
(34.952129, 24.977991, 0.0)
(34.801090, 24.948092, 0.0)
(34.667870, 24.942142, 0.0)
(34.539425, 24.939533, 0.0)
(32.263775, 25.453428, 0.0)
(31.379242, 25.515472, 0.0)
(31.224482, 25.396900, 0.0)
(31.139183, 25.351629, 0.0)
(31.066673, 25.315327, 0.0)
(31.022938, 25.356047, 0.0)
(31.014664, 25.356039, 0.0)
(30.982893, 25.365717, 0.0)
(30.949354, 25.349522, 0.0)
(30.208282, 25.726656, 0.0)
(29.364801, 25.956692, 0.0)
(29.257053, 25.994928, 0.0)
(29.232418, 25.984673, 0.0)
(29.203381, 25.997080, 0.0)
(29.179874, 26.020765, 0.0)
(29.152437, 26.031143, 0.0)
(29.100101, 25.986685, 0.0)
(28.832907, 26.061350, 0.0)
(28.596214, 25.957438, 0.0)
(28.587835, 25.975677, 0.0)
(28.585957, 25.966112, 0.0)
(28.625795, 25.953230, 0.0)
(28.633751, 25.951519, 0.0)
(28.665026, 25.943031, 0.0)
(28.730284, 25.841316, 0.0)
(28.822582, 25.740141, 0.0)
(29.516855, 25.382177, 0.0)
(29.745510, 25.278475, 0.0)
(29.946552, 25.274767, 0.0)
(30.154783, 25.199514, 0.0)
(30.440195, 25.077219, 0.0)
(30.632275, 24.967117, 0.0)
(30.851927, 24.868086, 0.0)
(31.010729, 24.893387, 0.0)
(31.189371, 24.901115, 0.0)
(32.406712, 24.894360, 0.0)
(33.681721, 24.900936, 0.0)
(33.899651, 24.852301, 0.0)
(34.062519, 24.791336, 0.0)
(34.237408, 24.735321, 0.0)
(34.435795, 24.752541, 0.0)
(35.557457, 24.719076, 0.0)
(35.835854, 24.707262, 0.0)
(35.988682, 24.673077, 0.0)
(36.155548, 24.590233, 0.0)
(36.269535, 24.449453, 0.0)
(38.217476, 24.589321, 0.0)
(38.979939, 24.603952, 0.0)
(39.103859, 24.616142, 0.0)
(39.180561, 24.591663, 0.0)
(39.323612, 24.621782, 0.0)
(39.393478, 24.627035, 0.0)
(39.517124, 24.603626, 0.0)
(39.616341, 24.556669, 0.0)
(39.672241, 24.588572, 0.0)
(41.817814, 25.456207, 0.0)
(42.154575, 25.586027, 0.0)
(42.168274, 25.501860, 0.0)
(42.266800, 25.472513, 0.0)
(42.312443, 25.331724, 0.0)
(42.369732, 25.316698, 0.0)
(42.415840, 25.331358, 0.0)
(43.410255, 26.010704, 0.0)
(43.738194, 26.119265, 0.0)
(43.768047, 26.095812, 0.0)
(43.826611, 26.055450, 0.0)
(43.851646, 25.993320, 0.0)
(43.869144, 25.958364, 0.0)
(43.927113, 25.961859, 0.0)
(43.934757, 26.004114, 0.0)
(43.958828, 26.054134, 0.0)
(44.098503, 26.087889, 0.0)
(44.771282, 26.542952, 0.0)
(44.833229, 26.408791, 0.0)
(44.810062, 26.377480, 0.0)
(44.810062, 26.377480, 0.0)
(44.811356, 26.402803, 0.0)
(44.814754, 26.402443, 0.0)
(44.806767, 26.423613, 0.0)
(44.797165, 26.398912, 0.0)
(45.062412, 26.205149, 0.0)
(45.048313, 26.047461, 0.0)
(45.010262, 25.973751, 0.0)
(45.004223, 25.973751, 0.0)
(44.978497, 25.934809, 0.0)
(44.927837, 25.951860, 0.0)
(44.845818, 25.867268, 0.0)
(43.134705, 25.182484, 0.0)
(43.015465, 25.086809, 0.0)
(42.984257, 24.955973, 0.0)
(42.848537, 24.899544, 0.0)
(42.773731, 24.921967, 0.0)
(42.645741, 24.877621, 0.0)
(42.488949, 24.822172, 0.0)
(42.380497, 24.771460, 0.0)
(41.510162, 24.578524, 0.0)
(40.739132, 24.398497, 0.0)
(40.546143, 24.348085, 0.0)
(40.379372, 24.343739, 0.0)
(40.156487, 24.317636, 0.0)
(39.970112, 24.271086, 0.0)
(39.804047, 24.264645, 0.0)
(39.627476, 24.117973, 0.0)
(38.233776, 23.929272, 0.0)
(37.978771, 23.953381, 0.0)
(37.849712, 23.935125, 0.0)
(37.699123, 23.979704, 0.0)
(37.518211, 23.927990, 0.0)
(37.399170, 23.934885, 0.0)
(35.759827, 23.992319, 0.0)
(35.003834, 23.970169, 0.0)
(34.826664, 23.942751, 0.0)
(34.683781, 23.923229, 0.0)
(34.606953, 23.954147, 0.0)
(34.488209, 23.941465, 0.0)
(31.532366, 24.723284, 0.0)
(30.478760, 24.832420, 0.0)
(30.345592, 24.715992, 0.0)
(30.276070, 24.663937, 0.0)
(30.245186, 24.709591, 0.0)
(30.216152, 24.729227, 0.0)
(30.199598, 24.732681, 0.0)
(30.189650, 24.725281, 0.0)
(30.175194, 24.724825, 0.0)
(30.094692, 24.649397, 0.0)
(29.920166, 24.672741, 0.0)
(29.902225, 24.718229, 0.0)
(29.848587, 24.801996, 0.0)
(29.746120, 24.866562, 0.0)
(29.336515, 25.024872, 0.0)
(29.060093, 24.969378, 0.0)
(28.959396, 24.904623, 0.0)
(28.944107, 24.893429, 0.0)
(28.959175, 24.933542, 0.0)
(28.950993, 24.960535, 0.0)
(28.956545, 24.944036, 0.0)
(28.971291, 24.909950, 0.0)
(28.973831, 24.865990, 0.0)
(29.016460, 24.776825, 0.0)
(29.468803, 24.061539, 0.0)
(29.527901, 24.006241, 0.0)
(29.542118, 24.008989, 0.0)
(29.599480, 24.036701, 0.0)
(29.728924, 24.026077, 0.0)
(29.841677, 23.963436, 0.0)
(29.961897, 23.883101, 0.0)
(31.036264, 23.803234, 0.0)
(32.072990, 23.927862, 0.0)
(32.236782, 23.949615, 0.0)
(33.200768, 23.826998, 0.0)
(33.931843, 24.048147, 0.0)
(34.140900, 23.970249, 0.0)
(34.376686, 23.862831, 0.0)
(34.594521, 23.842354, 0.0)
(34.732208, 23.837048, 0.0)
(34.911060, 23.876032, 0.0)
(35.092106, 23.907915, 0.0)
(35.205338, 23.933195, 0.0)
(35.759956, 23.753099, 0.0)
(36.245842, 23.513029, 0.0)
(36.396763, 23.456923, 0.0)
(36.528454, 23.459793, 0.0)
(37.450302, 23.547960, 0.0)
(37.757713, 23.557247, 0.0)
(37.902077, 23.556484, 0.0)
(37.981750, 23.489044, 0.0)
(39.361397, 24.015251, 0.0)
(40.681374, 24.864050, 0.0)
(40.617771, 23.932102, 0.0)
(40.845695, 24.025391, 0.0)
(41.041698, 24.133051, 0.0)
(41.141026, 24.098898, 0.0)
(41.217628, 24.052633, 0.0)
(41.278786, 23.982077, 0.0)
(41.345612, 23.980175, 0.0)
(41.375999, 24.002159, 0.0)
(41.971516, 24.376738, 0.0)
(43.502087, 25.354748, 0.0)
(43.553886, 25.304792, 0.0)
(43.554661, 25.281160, 0.0)
(43.572933, 25.245249, 0.0)
(43.583817, 25.226177, 0.0)
(43.667866, 25.231003, 0.0)
(43.697304, 25.242043, 0.0)
(43.709599, 25.260706, 0.0)
(43.756660, 25.269396, 0.0)
(44.378807, 25.501026, 0.0)
(44.522621, 25.439533, 0.0)
(44.527939, 25.322052, 0.0)
(44.530136, 25.361620, 0.0)
(44.552399, 25.393209, 0.0)
(44.560211, 25.391270, 0.0)
(44.541351, 25.338785, 0.0)
(44.532383, 25.292046, 0.0)
(44.533482, 25.268620, 0.0)
(44.396740, 25.077806, 0.0)
(44.278103, 24.676790, 0.0)
(44.247181, 24.596615, 0.0)
(44.239120, 24.647146, 0.0)
(44.203266, 24.661940, 0.0)
(44.172367, 24.573654, 0.0)
(44.096626, 24.506819, 0.0)
(43.991688, 24.420713, 0.0)
(43.923676, 24.474045, 0.0)
(43.261806, 24.253658, 0.0)
(41.815422, 23.747438, 0.0)
(41.706501, 23.697058, 0.0)
(41.671112, 23.624247, 0.0)
(41.510220, 23.560869, 0.0)
(41.436092, 23.580856, 0.0)
(41.328011, 23.539837, 0.0)
(41.211815, 23.545628, 0.0)
(41.087460, 23.537138, 0.0)
(40.999889, 23.498917, 0.0)
(39.664536, 23.418308, 0.0)
(39.351261, 23.363642, 0.0)
(39.170189, 23.257128, 0.0)
(39.077435, 23.240822, 0.0)
(38.896351, 23.192984, 0.0)
(36.664490, 23.078451, 0.0)
(36.343372, 23.067049, 0.0)
(36.238773, 22.965763, 0.0)
(36.023479, 22.931234, 0.0)
(35.878510, 22.925129, 0.0)
(35.778133, 22.944307, 0.0)
(35.691151, 22.982552, 0.0)
(35.569553, 23.016121, 0.0)
(34.919186, 23.097736, 0.0)
(32.558235, 23.217688, 0.0)
(32.226135, 23.224287, 0.0)
(32.114742, 23.221985, 0.0)
(31.976982, 23.255522, 0.0)
(31.901024, 23.296806, 0.0)
(31.846582, 23.323439, 0.0)
(31.807945, 23.297609, 0.0)
(31.728178, 23.274889, 0.0)
(31.714035, 23.248390, 0.0)
(31.658688, 23.247532, 0.0)
(31.611950, 23.290825, 0.0)
(30.793270, 23.679697, 0.0)
(30.451847, 23.817249, 0.0)
(30.395878, 23.815855, 0.0)
(30.311575, 23.783115, 0.0)
(30.288157, 23.717916, 0.0)
(30.263594, 23.736317, 0.0)
(29.209387, 24.222858, 0.0)
(29.059528, 24.256758, 0.0)
(29.031952, 24.251440, 0.0)
(29.003355, 24.213924, 0.0)
(28.996126, 24.175690, 0.0)
(29.010286, 24.123077, 0.0)
(29.022133, 24.152275, 0.0)
(29.036026, 24.193565, 0.0)
(29.032131, 24.219543, 0.0)
(29.093948, 24.270992, 0.0)
(30.489628, 23.800879, 0.0)
(30.714357, 23.689173, 0.0)
(30.772100, 23.642473, 0.0)
(30.857040, 23.607161, 0.0)
(30.962267, 23.602757, 0.0)
(31.067045, 23.592525, 0.0)
(31.213743, 23.513239, 0.0)
(31.316238, 23.404602, 0.0)
(31.482134, 23.382830, 0.0)
(31.574217, 23.343887, 0.0)
(32.865402, 23.117949, 0.0)
(32.932587, 23.128542, 0.0)
(32.858349, 23.243099, 0.0)
(33.552738, 22.780521, 0.0)
(33.955463, 23.499117, 0.0)
(36.431999, 22.907085, 0.0)
(38.363407, 23.243191, 0.0)
(39.291553, 23.627258, 0.0)
(39.459061, 23.616199, 0.0)
(39.564896, 23.549595, 0.0)
(39.717266, 23.491020, 0.0)
(39.749710, 23.479546, 0.0)
(39.815575, 23.507692, 0.0)
(39.878681, 23.533756, 0.0)
(39.981766, 23.611578, 0.0)
(41.907555, 24.260712, 0.0)
(42.895695, 24.581450, 0.0)
(43.001919, 24.480318, 0.0)
(43.010708, 24.410593, 0.0)
(43.050442, 24.426035, 0.0)
(43.099899, 24.426830, 0.0)
(43.125885, 24.406544, 0.0)
(43.128017, 24.353165, 0.0)
(43.576622, 24.693218, 0.0)
(44.247948, 25.274967, 0.0)
(44.263531, 25.250420, 0.0)
(44.250900, 25.217407, 0.0)
(44.255913, 25.245455, 0.0)
(44.272568, 25.228659, 0.0)
(44.301113, 25.152512, 0.0)
(44.274872, 25.030813, 0.0)
(44.255657, 24.961407, 0.0)
(44.289715, 24.901035, 0.0)
(44.287292, 24.931570, 0.0)
(44.281258, 24.963017, 0.0)
(44.288696, 24.951611, 0.0)
(44.282997, 24.950371, 0.0)
(44.284786, 24.841526, 0.0)
(44.273376, 24.830605, 0.0)
(44.282372, 24.838926, 0.0)
(44.313309, 24.871128, 0.0)
(44.310963, 24.887890, 0.0)
(44.052082, 24.466200, 0.0)
(43.602734, 23.773115, 0.0)
(43.506042, 23.598446, 0.0)
(43.504551, 23.590467, 0.0)
(43.497139, 23.625090, 0.0)
(43.472054, 23.626293, 0.0)
(43.398247, 23.638422, 0.0)
(43.311081, 23.600992, 0.0)
(43.275173, 23.595892, 0.0)
(43.111126, 23.464912, 0.0)
(41.795689, 22.996981, 0.0)
(41.657909, 22.960850, 0.0)
(41.599869, 22.933628, 0.0)
(41.495773, 22.932257, 0.0)
(41.330429, 22.832354, 0.0)
(41.258041, 22.784435, 0.0)
(41.063583, 22.716982, 0.0)
(38.296726, 22.248596, 0.0)
(37.868225, 22.299969, 0.0)
(37.764870, 22.219650, 0.0)
(37.670521, 22.182692, 0.0)
(37.568512, 22.128996, 0.0)
(37.453197, 22.100574, 0.0)
(37.374382, 22.148859, 0.0)
(37.275253, 22.203259, 0.0)
(37.164036, 22.229021, 0.0)
(36.812607, 22.348179, 0.0)
(34.043030, 22.513676, 0.0)
(33.594612, 22.510904, 0.0)
(33.485405, 22.473669, 0.0)
(33.398113, 22.446569, 0.0)
(33.307644, 22.445726, 0.0)
(33.281036, 22.465158, 0.0)
(33.236774, 22.528410, 0.0)
(33.187912, 22.593346, 0.0)
(33.158535, 22.567774, 0.0)
(33.073215, 22.513121, 0.0)
(33.005306, 22.500738, 0.0)
(32.971741, 22.517094, 0.0)
(31.885586, 22.854242, 0.0)
(29.440792, 23.560440, 0.0)
(29.140501, 23.431971, 0.0)
(28.985941, 23.372152, 0.0)
(28.802935, 23.373716, 0.0)
(28.728214, 23.349251, 0.0)
(28.626198, 23.317272, 0.0)
(28.574335, 23.345699, 0.0)
(28.536989, 23.334915, 0.0)
(28.535898, 23.313335, 0.0)
(28.525211, 23.289608, 0.0)
(28.537472, 23.268976, 0.0)
(28.486275, 23.307873, 0.0)
(28.485914, 23.351114, 0.0)
(28.486275, 23.307873, 0.0)
(28.110134, 23.455500, 0.0)
(27.999010, 23.332415, 0.0)
(27.993132, 23.321045, 0.0)
(28.001833, 23.317482, 0.0)
(28.012964, 23.312998, 0.0)
(28.012964, 23.301615, 0.0)
(28.030813, 23.287964, 0.0)
(28.189026, 23.110479, 0.0)
(28.689510, 22.552141, 0.0)
(28.803408, 22.456060, 0.0)
(31.102043, 21.922403, 0.0)
(35.356495, 21.681511, 0.0)
(38.628132, 22.060398, 0.0)
(40.769550, 22.600121, 0.0)
(41.583363, 22.839363, 0.0)
(41.661930, 22.849468, 0.0)
(41.669224, 22.839123, 0.0)
(39.163624, 21.889246, 0.0)
(39.101601, 21.857481, 0.0)
(39.156124, 21.821838, 0.0)
(39.163834, 21.819695, 0.0)
(39.067474, 21.768284, 0.0)
(35.111164, 21.584936, 0.0)
(34.976658, 21.499086, 0.0)
(35.332382, 21.470407, 0.0)
(35.589012, 21.424925, 0.0)
(35.935162, 21.400738, 0.0)
(36.235874, 21.369556, 0.0)
(36.488934, 21.297619, 0.0)
(36.733734, 21.287699, 0.0)
(37.052597, 21.315569, 0.0)
(38.839386, 21.851854, 0.0)
(39.123688, 21.913811, 0.0)
(39.279625, 21.894712, 0.0)
(39.495144, 21.955568, 0.0)
(39.591988, 21.882484, 0.0)
(39.738148, 21.891893, 0.0)
(39.918526, 21.976423, 0.0)
(40.074280, 22.045805, 0.0)
(40.203857, 22.098953, 0.0)
(40.468288, 22.139400, 0.0)
(42.208061, 23.066368, 0.0)
(42.318882, 23.060257, 0.0)
(42.375023, 23.073917, 0.0)
(42.465168, 23.098494, 0.0)
(42.546227, 23.155680, 0.0)
(42.575665, 23.193924, 0.0)
(42.598705, 23.146442, 0.0)
(42.623676, 23.116472, 0.0)
(42.711182, 23.164278, 0.0)
(42.736897, 23.173883, 0.0)
(42.747181, 23.178492, 0.0)
(43.108150, 23.472931, 0.0)
(43.735332, 23.916496, 0.0)
(43.837643, 23.939814, 0.0)
(43.867638, 23.819843, 0.0)
(43.865257, 23.745358, 0.0)
(43.917347, 23.779472, 0.0)
(43.939194, 23.795362, 0.0)
(43.948238, 23.761654, 0.0)
(43.948238, 23.761654, 0.0)
(43.954678, 23.732393, 0.0)
(43.971806, 23.403673, 0.0)
(43.904129, 23.251347, 0.0)
(43.893757, 23.240507, 0.0)
(43.893757, 23.240507, 0.0)
(43.849377, 23.210814, 0.0)
(43.747734, 23.151045, 0.0)
(43.676453, 23.047987, 0.0)
(41.911850, 22.007692, 0.0)
(41.693176, 21.908350, 0.0)
(41.615955, 21.817751, 0.0)
(41.462650, 21.796175, 0.0)
(41.369144, 21.771015, 0.0)
(41.121452, 21.668415, 0.0)
(41.052673, 21.622818, 0.0)
(40.917389, 21.505339, 0.0)
(40.104378, 21.281757, 0.0)
(39.182957, 21.039530, 0.0)
(38.986679, 20.954515, 0.0)
(38.803326, 20.903732, 0.0)
(38.592793, 20.848364, 0.0)
(38.417847, 20.756973, 0.0)
(38.248569, 20.627693, 0.0)
(38.091846, 20.556120, 0.0)
(37.737476, 20.555128, 0.0)
(36.191757, 20.566093, 0.0)
(36.000175, 20.554785, 0.0)
(35.926754, 20.528479, 0.0)
(35.133400, 20.622936, 0.0)
(32.171726, 21.239729, 0.0)
(31.194248, 21.483828, 0.0)
(31.018475, 21.512518, 0.0)
(30.907598, 21.515867, 0.0)
(30.870934, 21.543407, 0.0)
(30.818796, 21.598408, 0.0)
(30.772465, 21.587133, 0.0)
(30.746944, 21.553165, 0.0)
(30.687548, 21.526981, 0.0)
(30.293455, 21.695654, 0.0)
(29.204090, 22.091255, 0.0)
(29.089449, 22.174707, 0.0)
(29.070436, 22.189011, 0.0)
(29.062548, 22.198982, 0.0)
(29.010231, 22.104616, 0.0)
(28.934412, 22.070154, 0.0)
(28.864441, 21.987097, 0.0)
(28.761532, 22.088802, 0.0)
(28.534973, 22.356369, 0.0)
(28.149906, 21.964748, 0.0)
(28.059528, 22.321760, 0.0)
(28.042973, 22.278124, 0.0)
(28.026033, 22.225964, 0.0)
(28.007896, 22.201626, 0.0)
(28.026033, 22.225964, 0.0)
(28.044498, 22.322206, 0.0)
(28.060289, 22.307405, 0.0)
(28.094021, 22.292414, 0.0)
(28.123686, 22.228540, 0.0)
(28.141367, 22.177450, 0.0)
(28.184130, 22.144335, 0.0)
(29.068888, 21.745096, 0.0)
(29.187164, 21.706242, 0.0)
(29.332767, 21.632746, 0.0)
(29.556112, 21.561104, 0.0)
(31.145365, 21.205128, 0.0)
(31.661333, 21.022966, 0.0)
(31.828497, 20.898581, 0.0)
(32.000462, 20.848000, 0.0)
(32.196098, 20.810179, 0.0)
(32.316677, 20.778091, 0.0)
(32.440407, 20.714693, 0.0)
(32.672188, 20.667406, 0.0)
(33.702038, 20.379795, 0.0)
(33.908310, 20.335835, 0.0)
(33.995193, 20.313225, 0.0)
(34.215118, 20.316076, 0.0)
(34.397022, 20.336353, 0.0)
(34.549561, 20.371422, 0.0)
(36.526108, 20.470650, 0.0)
(36.734840, 20.347788, 0.0)
(36.763538, 20.311230, 0.0)
(37.210632, 20.381956, 0.0)
(40.484726, 21.550013, 0.0)
(41.082954, 21.779625, 0.0)
(41.257896, 21.879513, 0.0)
(41.342316, 21.825357, 0.0)
(41.417358, 21.829370, 0.0)
(41.481644, 21.841164, 0.0)
(41.543022, 21.840185, 0.0)
(41.646088, 21.950247, 0.0)
(41.670288, 22.006153, 0.0)
(41.719933, 22.065706, 0.0)
(41.731369, 22.087000, 0.0)
(42.994961, 22.858868, 0.0)
(43.848045, 23.543653, 0.0)
(43.878265, 23.535866, 0.0)
(43.875294, 23.550695, 0.0)
(43.887375, 23.567245, 0.0)
(43.878265, 23.524004, 0.0)
(43.871311, 23.503279, 0.0)
(43.913620, 23.447630, 0.0)
(43.857182, 23.300539, 0.0)
(43.855373, 23.252071, 0.0)
(43.847210, 23.223862, 0.0)
(43.876190, 23.267494, 0.0)
(43.873348, 23.272999, 0.0)
(43.889698, 23.251450, 0.0)
(43.884979, 23.157156, 0.0)
(43.861176, 23.070028, 0.0)
(44.133625, 23.287645, 0.0)
(44.223022, 23.411108, 0.0)
(44.188789, 23.414581, 0.0)
(44.212204, 23.443693, 0.0)
(44.191132, 23.408264, 0.0)
(44.174019, 23.380297, 0.0)
(44.145123, 23.330147, 0.0)
(44.183708, 23.340979, 0.0)
(44.127422, 23.272924, 0.0)
(44.160576, 23.342836, 0.0)
(44.140297, 23.419144, 0.0)
(44.173622, 23.379021, 0.0)
(44.423771, 24.448038, 0.0)
(44.495457, 25.789011, 0.0)
(44.457932, 26.028206, 0.0)
(44.468208, 26.040171, 0.0)
(44.495201, 26.030148, 0.0)
(44.659321, 25.795050, 0.0)
(44.714561, 25.689587, 0.0)
(44.719231, 25.676308, 0.0)
(44.747795, 25.723886, 0.0)
(44.768341, 25.774359, 0.0)
(44.754887, 25.800627, 0.0)
(44.802036, 25.973372, 0.0)
(45.077198, 27.384096, 0.0)
(45.096138, 29.377420, 0.0)
(44.872211, 30.426193, 0.0)
(44.613979, 31.569500, 0.0)
(44.542374, 31.653194, 0.0)
(44.556526, 31.566498, 0.0)
(44.548641, 31.550457, 0.0)
(44.548439, 31.527384, 0.0)
(44.562237, 31.526667, 0.0)
(44.609371, 31.500063, 0.0)
(44.660038, 31.137728, 0.0)
(44.739029, 30.530169, 0.0)
(44.724007, 30.464752, 0.0)
(44.693321, 30.571629, 0.0)
(44.743095, 30.646395, 0.0)
(44.764400, 30.533295, 0.0)
(44.750042, 30.488579, 0.0)
(44.913273, 30.055527, 0.0)
(44.998131, 29.988640, 0.0)
(45.012486, 30.065392, 0.0)
(45.013428, 30.084734, 0.0)
(45.019146, 30.104851, 0.0)
(44.870274, 31.047869, 0.0)
(44.722637, 32.018936, 0.0)
(44.582508, 32.163677, 0.0)
(44.556950, 32.137745, 0.0)
(44.564594, 32.154167, 0.0)
(44.488552, 32.154427, 0.0)
(44.546780, 32.076393, 0.0)
(44.537209, 31.986626, 0.0)
(44.545025, 31.936596, 0.0)
(44.611721, 31.959246, 0.0)
(44.537796, 31.992008, 0.0)
(44.532166, 31.997622, 0.0)
(44.565468, 31.980556, 0.0)
(44.523151, 31.977201, 0.0)
(44.496506, 32.004665, 0.0)
(44.497551, 31.874857, 0.0)
(44.452499, 31.852160, 0.0)
(44.381363, 31.868397, 0.0)
(41.749592, 31.517271, 0.0)
(41.103012, 31.474112, 0.0)
(41.008492, 31.395510, 0.0)
(40.965824, 31.242828, 0.0)
(40.928505, 31.131649, 0.0)
(43.581059, 31.331545, 0.0)
(44.212029, 31.317940, 0.0)
(44.246529, 31.196005, 0.0)
(44.294662, 31.104067, 0.0)
(44.608486, 30.183807, 0.0)
(44.811275, 28.843605, 0.0)
(44.779533, 28.593624, 0.0)
(44.789833, 28.513447, 0.0)
(44.833351, 28.459282, 0.0)
(44.785862, 28.387247, 0.0)
(44.793659, 28.278154, 0.0)
(44.811977, 28.109364, 0.0)
(44.789833, 27.960070, 0.0)
(44.755863, 27.916603, 0.0)
(44.790913, 27.877756, 0.0)
(44.785374, 27.874443, 0.0)
(44.769337, 27.830360, 0.0)
(44.745808, 27.735514, 0.0)
(44.756737, 27.688831, 0.0)
(44.747131, 27.644087, 0.0)
(44.753910, 27.575508, 0.0)
(44.753910, 27.575508, 0.0)
(44.749603, 27.575920, 0.0)
(44.755917, 27.571028, 0.0)
(44.802540, 27.055315, 0.0)
(44.791107, 26.846390, 0.0)
(44.760082, 26.756340, 0.0)
(44.766735, 26.722580, 0.0)
(44.792999, 26.752470, 0.0)
(44.763004, 26.721542, 0.0)
(44.757439, 26.657667, 0.0)
(44.757351, 26.470675, 0.0)
(44.584290, 25.160015, 0.0)
(44.490963, 24.919174, 0.0)
(44.499866, 24.894802, 0.0)
(44.503956, 24.881132, 0.0)
(44.505516, 24.889635, 0.0)
(44.495163, 24.896269, 0.0)
(44.500202, 24.860899, 0.0)
(44.479958, 24.729670, 0.0)
(44.468540, 24.633068, 0.0)
(44.485832, 24.655281, 0.0)
(44.533428, 24.694534, 0.0)
(44.279472, 24.086733, 0.0)
(44.218296, 23.968594, 0.0)
(44.216473, 23.923237, 0.0)
(44.215965, 23.808838, 0.0)
(44.197369, 23.770792, 0.0)
(44.187691, 23.754751, 0.0)
(44.181961, 23.746983, 0.0)
(44.154259, 23.798851, 0.0)
(43.608990, 23.495510, 0.0)
(43.561363, 23.373022, 0.0)
(43.505985, 23.240736, 0.0)
(43.491329, 23.254702, 0.0)
(43.494167, 23.249878, 0.0)
(43.499146, 23.345161, 0.0)
(43.802769, 24.265152, 0.0)
(44.106358, 26.066923, 0.0)
(44.006355, 27.047413, 0.0)
(43.981956, 27.087595, 0.0)
(43.971771, 27.083897, 0.0)
(44.327427, 27.464561, 0.0)
(44.366791, 27.545685, 0.0)
(44.385666, 27.573450, 0.0)
(44.399689, 27.633652, 0.0)
(44.410980, 27.544100, 0.0)
(44.386944, 27.529144, 0.0)
(44.393993, 27.543873, 0.0)
(44.387676, 27.582972, 0.0)
(44.361874, 27.658007, 0.0)
(44.362942, 27.713762, 0.0)
(44.355659, 27.721846, 0.0)
(44.349903, 27.736069, 0.0)
(44.386658, 27.731203, 0.0)
(44.389137, 27.764690, 0.0)
(44.387260, 27.816414, 0.0)
(44.370945, 27.874765, 0.0)
(44.100132, 28.152252, 0.0)
(44.062824, 29.194447, 0.0)
(44.331142, 29.824760, 0.0)
(44.218170, 30.190243, 0.0)
(44.107357, 30.104891, 0.0)
(44.141624, 30.093760, 0.0)
(44.222374, 30.204447, 0.0)
(44.204819, 30.191095, 0.0)
(44.211693, 30.245119, 0.0)
(44.215519, 30.234823, 0.0)
(44.218063, 30.234114, 0.0)
(44.227226, 30.281168, 0.0)
(44.184895, 30.307379, 0.0)
(44.185242, 30.356646, 0.0)
(44.201588, 30.457932, 0.0)
(44.200905, 30.513098, 0.0)
(44.220627, 30.435194, 0.0)
(44.193562, 30.384087, 0.0)
(44.170048, 30.319733, 0.0)
(44.173737, 30.356934, 0.0)
(44.173355, 30.394526, 0.0)
(44.166920, 30.387733, 0.0)
(44.166714, 30.370617, 0.0)
(44.147060, 30.371054, 0.0)
(44.092247, 30.363874, 0.0)
(44.043278, 30.355225, 0.0)
(44.137070, 30.355894, 0.0)
(44.119682, 30.382477, 0.0)
(44.119980, 30.396257, 0.0)
(44.123276, 30.399376, 0.0)
(44.052513, 30.331341, 0.0)
(44.030151, 30.233133, 0.0)
(44.015133, 30.249714, 0.0)
(43.946335, 30.310432, 0.0)
(43.930637, 30.312031, 0.0)
(43.917038, 30.296011, 0.0)
(43.738770, 30.275394, 0.0)
(43.520248, 30.318325, 0.0)
(43.511993, 30.250776, 0.0)
(43.678101, 29.511562, 0.0)
(43.731800, 26.237743, 0.0)
(43.566250, 25.790052, 0.0)
(43.584541, 26.223532, 0.0)
(43.564224, 26.196154, 0.0)
(43.512341, 26.065102, 0.0)
(43.497501, 25.969231, 0.0)
(43.522228, 25.966728, 0.0)
(44.034286, 26.901098, 0.0)
(44.019718, 27.154947, 0.0)
(44.007801, 27.114635, 0.0)
(44.012718, 27.027693, 0.0)
(43.991653, 26.956911, 0.0)
(43.990952, 26.762987, 0.0)
(43.869263, 24.872883, 0.0)
(43.736671, 24.313391, 0.0)
(43.699635, 24.283020, 0.0)
(43.681156, 24.222538, 0.0)
(43.683529, 24.162920, 0.0)
(43.642200, 24.054514, 0.0)
(43.557270, 23.655689, 0.0)
(43.508133, 23.334173, 0.0)
(43.510975, 23.275055, 0.0)
(43.523365, 23.314920, 0.0)
(43.521908, 23.249628, 0.0)
(43.537106, 23.178936, 0.0)
(43.544258, 23.073278, 0.0)
(43.468887, 22.767422, 0.0)
(43.338867, 22.412956, 0.0)
(43.325760, 22.423578, 0.0)
(43.337307, 22.477633, 0.0)
(43.356213, 22.477884, 0.0)
(43.384064, 22.449230, 0.0)
(43.330387, 22.352699, 0.0)
(43.343666, 22.366657, 0.0)
(43.348389, 22.398006, 0.0)
(43.345150, 22.440687, 0.0)
(43.364502, 22.459736, 0.0)
(43.362511, 22.466192, 0.0)
(43.362400, 22.483442, 0.0)
(43.350288, 22.452307, 0.0)
(43.323250, 22.447222, 0.0)
(43.328720, 22.525095, 0.0)
(43.309872, 22.560492, 0.0)
(43.305344, 22.611830, 0.0)
(43.284676, 22.626040, 0.0)
(43.291840, 22.574598, 0.0)
(43.265720, 22.544521, 0.0)
(43.114529, 22.509102, 0.0)
(42.604813, 22.534988, 0.0)
(42.522213, 22.567228, 0.0)
(42.507759, 22.529676, 0.0)
(42.491013, 22.504477, 0.0)
(42.493786, 22.527903, 0.0)
(42.483723, 22.516600, 0.0)
(42.871929, 23.446743, 0.0)
(43.255379, 25.367933, 0.0)
(43.206970, 25.540922, 0.0)
(43.208340, 25.549410, 0.0)
(43.236294, 25.556124, 0.0)
(43.177151, 25.218462, 0.0)
(43.138950, 24.734491, 0.0)
(43.109859, 24.757748, 0.0)
(43.131802, 24.892918, 0.0)
(43.123779, 24.977760, 0.0)
(43.104923, 25.031126, 0.0)
(43.109856, 25.090418, 0.0)
(43.464813, 26.495977, 0.0)
(43.392776, 27.272884, 0.0)
(43.360870, 27.353121, 0.0)
(43.217514, 27.205236, 0.0)
(43.319927, 27.271202, 0.0)
(43.364067, 27.266041, 0.0)
(43.355171, 27.237118, 0.0)
(43.320232, 27.233877, 0.0)
(43.334839, 27.240864, 0.0)
(43.336643, 27.324959, 0.0)
(43.370632, 27.419764, 0.0)
(43.379185, 27.514837, 0.0)
(43.378288, 27.576965, 0.0)
(43.528744, 28.765009, 0.0)
(43.268829, 30.014725, 0.0)
(43.205444, 30.111670, 0.0)
(43.202438, 30.114868, 0.0)
(43.197266, 30.157120, 0.0)
(43.191185, 30.207970, 0.0)
(43.198002, 30.274166, 0.0)
(43.186306, 30.239054, 0.0)
(43.190151, 30.145454, 0.0)
(43.217175, 30.463137, 0.0)
(43.025337, 31.809809, 0.0)
(42.936993, 31.929615, 0.0)
(42.945717, 31.876345, 0.0)
(42.925529, 31.822012, 0.0)
(42.932072, 31.791142, 0.0)
(42.906868, 31.777271, 0.0)
(42.882694, 31.721197, 0.0)
(42.893780, 31.733364, 0.0)
(42.881386, 31.802790, 0.0)
(42.868160, 31.888716, 0.0)
(42.854290, 31.936453, 0.0)
(42.843830, 31.945259, 0.0)
(42.800785, 31.925320, 0.0)
(42.705742, 31.893381, 0.0)
(42.656059, 31.930029, 0.0)
(42.605099, 32.041260, 0.0)
(42.579025, 32.074551, 0.0)
(42.148766, 32.234657, 0.0)
(42.059505, 32.238777, 0.0)
(42.033798, 32.108322, 0.0)
(42.049438, 32.026291, 0.0)
(42.384178, 30.728033, 0.0)
(42.508259, 29.968616, 0.0)
(42.505665, 29.867142, 0.0)
(42.531513, 29.775862, 0.0)
(42.540977, 29.600965, 0.0)
(42.505928, 29.397648, 0.0)
(42.493229, 29.178112, 0.0)
(42.532249, 29.147427, 0.0)
(42.582264, 29.132946, 0.0)
(42.593174, 29.036631, 0.0)
(42.593449, 28.917948, 0.0)
(42.614151, 28.789946, 0.0)
(42.587872, 28.663927, 0.0)
(42.592331, 28.527390, 0.0)
(42.624813, 27.929495, 0.0)
(42.608524, 27.755440, 0.0)
(42.567509, 27.677996, 0.0)
(42.576298, 27.576080, 0.0)
(42.563984, 27.384615, 0.0)
(42.568039, 27.239281, 0.0)
(42.651478, 26.283989, 0.0)
(42.635838, 26.099369, 0.0)
(42.627121, 26.072130, 0.0)
(42.626064, 26.024765, 0.0)
(42.619648, 25.981365, 0.0)
(42.512772, 25.238213, 0.0)
(42.589302, 24.537134, 0.0)
(42.544514, 24.319279, 0.0)
(42.519325, 24.318985, 0.0)
(42.489262, 24.344564, 0.0)
(42.472904, 24.341156, 0.0)
(42.507870, 24.251680, 0.0)
(42.497681, 24.210194, 0.0)
(42.463970, 24.150877, 0.0)
(42.210098, 23.834711, 0.0)
(42.105526, 23.693195, 0.0)
(42.103035, 23.659428, 0.0)
(42.092388, 23.592899, 0.0)
(42.067062, 22.979866, 0.0)
(41.993183, 22.546316, 0.0)
(41.954365, 22.491865, 0.0)
(41.927391, 22.467905, 0.0)
(41.909767, 22.442999, 0.0)
(41.911407, 22.476393, 0.0)
(41.922306, 22.378164, 0.0)
(41.881569, 22.198975, 0.0)
(41.823730, 22.059118, 0.0)
(41.810398, 22.004877, 0.0)
(41.807301, 22.131998, 0.0)
(41.798969, 22.175543, 0.0)
(41.800083, 22.183115, 0.0)
(41.793732, 22.186615, 0.0)
(41.275223, 22.106277, 0.0)
(40.987682, 22.027403, 0.0)
(40.942162, 22.008873, 0.0)
(40.895584, 22.053728, 0.0)
(40.876411, 22.128204, 0.0)
(40.929367, 22.249155, 0.0)
(40.874737, 22.310087, 0.0)
(41.582561, 23.727823, 0.0)
(41.902348, 26.329296, 0.0)
(41.842793, 26.525177, 0.0)
(41.819595, 26.531597, 0.0)
(41.832500, 26.570282, 0.0)
(41.793545, 26.588818, 0.0)
(41.819649, 26.620695, 0.0)
(41.843315, 26.580708, 0.0)
(41.809971, 26.582993, 0.0)
(41.825554, 26.594063, 0.0)
(41.784779, 26.611008, 0.0)
(41.755745, 26.636307, 0.0)
(41.765335, 26.644850, 0.0)
(41.684010, 26.760839, 0.0)
(41.819462, 28.447426, 0.0)
(42.056465, 30.352194, 0.0)
(41.902573, 30.433090, 0.0)
(41.867325, 29.944595, 0.0)
(41.885426, 29.745989, 0.0)
(41.895103, 29.674711, 0.0)
(41.891071, 29.663832, 0.0)
(41.898937, 29.667021, 0.0)
(41.895103, 29.674711, 0.0)
(41.894543, 29.724953, 0.0)
(41.901474, 29.722527, 0.0)
(41.918041, 29.736120, 0.0)
(41.909721, 29.695778, 0.0)
(41.696835, 30.476357, 0.0)
(41.447170, 31.558805, 0.0)
(41.380749, 31.657190, 0.0)
(41.378338, 31.630098, 0.0)
(41.349800, 31.662653, 0.0)
(41.326721, 31.596266, 0.0)
(41.303066, 31.563042, 0.0)
(41.285603, 31.550743, 0.0)
(41.294346, 31.579645, 0.0)
(41.298836, 31.584660, 0.0)
(41.285137, 31.580374, 0.0)
(41.307102, 31.612497, 0.0)
(41.322647, 31.567408, 0.0)
(41.303581, 31.506317, 0.0)
(41.290592, 31.450392, 0.0)
(41.323677, 31.502558, 0.0)
(41.325733, 31.557865, 0.0)
(41.333561, 31.587643, 0.0)
(41.327049, 31.602266, 0.0)
(41.309971, 31.583952, 0.0)
(41.314106, 31.555908, 0.0)
(41.299175, 31.583868, 0.0)
(41.268085, 31.574047, 0.0)
(41.142921, 31.615730, 0.0)
(40.378448, 31.717268, 0.0)
(40.282169, 31.741299, 0.0)
(40.265572, 31.621025, 0.0)
(40.244587, 31.482868, 0.0)
(40.244362, 31.380278, 0.0)
(40.620674, 30.387939, 0.0)
(40.634525, 30.218227, 0.0)
(40.648438, 30.058086, 0.0)
(40.722523, 29.950243, 0.0)
(40.776890, 29.860798, 0.0)
(40.887714, 29.446419, 0.0)
(41.151093, 26.819613, 0.0)
(40.805553, 25.320347, 0.0)
(40.708706, 25.298899, 0.0)
(40.702061, 25.309023, 0.0)
(40.721344, 25.218672, 0.0)
(40.700920, 25.069761, 0.0)
(40.689884, 25.010231, 0.0)
(40.712498, 25.057943, 0.0)
(40.746490, 25.101015, 0.0)
(40.792709, 25.127975, 0.0)
(40.820145, 25.093546, 0.0)
(40.818504, 25.052938, 0.0)
(40.819660, 24.951733, 0.0)
(40.763222, 24.895000, 0.0)
(40.770065, 24.917789, 0.0)
(40.769173, 25.007622, 0.0)
(40.732616, 25.028131, 0.0)
(40.761585, 24.992186, 0.0)
(40.731083, 24.920734, 0.0)
(40.714622, 24.868412, 0.0)
(40.727009, 24.828775, 0.0)
(40.708710, 24.835516, 0.0)
(40.715553, 24.824657, 0.0)
(40.728672, 24.790960, 0.0)
(40.726791, 24.797573, 0.0)
(40.744892, 24.693521, 0.0)
(40.608646, 23.235128, 0.0)
(40.422665, 22.719320, 0.0)
(40.394653, 22.603582, 0.0)
(40.375763, 22.597149, 0.0)
(40.359501, 22.570719, 0.0)
(40.368942, 22.424793, 0.0)
(40.234745, 22.011665, 0.0)
(40.138729, 21.752779, 0.0)
(40.136673, 21.725128, 0.0)
(40.167797, 21.732571, 0.0)
(40.155834, 21.718452, 0.0)
(40.137646, 21.706163, 0.0)
(40.140385, 21.646109, 0.0)
(40.123596, 21.607086, 0.0)
(40.124855, 21.606153, 0.0)
(40.136372, 21.616854, 0.0)
(40.123314, 21.611046, 0.0)
(40.124779, 21.621185, 0.0)
(40.131428, 21.625101, 0.0)
(39.283531, 21.595325, 0.0)
(39.165356, 21.529181, 0.0)
(39.123497, 21.558908, 0.0)
(39.121387, 21.611834, 0.0)
(39.172897, 21.660759, 0.0)
(39.130836, 21.707264, 0.0)
(39.130577, 21.816723, 0.0)
(39.675552, 23.249928, 0.0)
(39.784485, 24.198164, 0.0)
(39.838684, 24.316076, 0.0)
(39.866657, 24.431549, 0.0)
(39.858288, 24.524374, 0.0)
(39.857307, 24.590769, 0.0)
(39.790695, 24.515577, 0.0)
(39.774117, 24.465837, 0.0)
(39.770771, 24.503401, 0.0)
(39.793369, 24.737423, 0.0)
(39.836082, 24.840025, 0.0)
(39.818966, 24.895172, 0.0)
(39.619255, 25.273891, 0.0)
(39.716473, 28.386263, 0.0)
(39.691910, 28.052523, 0.0)
(39.761318, 28.094028, 0.0)
(39.807476, 28.128056, 0.0)
(39.781269, 28.104200, 0.0)
(39.748676, 27.983131, 0.0)
(39.769627, 28.004389, 0.0)
(39.784592, 28.110252, 0.0)
(39.776791, 28.130608, 0.0)
(39.766048, 28.131453, 0.0)
(39.776875, 28.108904, 0.0)
(39.779682, 28.135456, 0.0)
(39.760960, 28.149029, 0.0)
(39.790531, 28.197042, 0.0)
(39.777897, 28.216774, 0.0)
(40.156517, 31.334686, 0.0)
(39.863926, 32.476944, 0.0)
(39.704899, 32.235718, 0.0)
(39.630512, 32.074879, 0.0)
(39.596226, 32.056396, 0.0)
(39.616459, 32.010075, 0.0)
(39.642658, 32.007061, 0.0)
(39.617554, 32.008278, 0.0)
(39.621243, 31.994572, 0.0)
(39.650253, 31.914768, 0.0)
(39.596302, 31.890877, 0.0)
(39.562614, 31.886223, 0.0)
(39.570686, 31.897001, 0.0)
(39.555969, 31.927992, 0.0)
(39.561794, 32.005276, 0.0)
(39.566959, 31.911430, 0.0)
(39.531841, 31.869223, 0.0)
(39.499718, 31.895815, 0.0)
(39.488956, 31.959835, 0.0)
(39.447910, 32.043339, 0.0)
(39.313892, 32.000580, 0.0)
(38.366798, 31.654024, 0.0)
(38.206100, 31.610964, 0.0)
(38.177017, 31.494143, 0.0)
(38.110069, 31.482790, 0.0)
(38.108551, 31.407175, 0.0)
(38.616611, 30.562204, 0.0)
(38.662006, 30.244778, 0.0)
(38.693462, 30.065062, 0.0)
(38.661209, 29.855886, 0.0)
(38.673206, 29.668159, 0.0)
(38.688786, 29.608307, 0.0)
(38.702621, 29.535025, 0.0)
(38.724094, 29.444998, 0.0)
(38.714729, 29.343023, 0.0)
(38.730316, 29.214867, 0.0)
(38.748650, 29.154039, 0.0)
(38.746944, 27.934469, 0.0)
(38.719528, 27.605686, 0.0)
(38.708370, 27.563835, 0.0)
(38.698742, 27.507187, 0.0)
(38.705517, 27.408682, 0.0)
(38.740601, 26.876944, 0.0)
(38.605694, 26.194931, 0.0)
(38.585987, 26.134281, 0.0)
(38.570118, 26.112431, 0.0)
(38.582584, 26.015800, 0.0)
(38.407444, 24.995342, 0.0)
(38.367500, 24.379713, 0.0)
(38.342785, 24.324511, 0.0)
(38.303875, 24.273483, 0.0)
(38.347336, 24.274376, 0.0)
(38.311882, 24.341923, 0.0)
(38.339115, 24.371597, 0.0)
(38.360546, 23.600157, 0.0)
(38.234154, 23.226492, 0.0)
(38.157547, 22.951784, 0.0)
(38.124023, 22.500387, 0.0)
(38.092312, 22.470724, 0.0)
(38.081573, 22.500301, 0.0)
(38.061031, 22.475849, 0.0)
(38.038364, 22.447723, 0.0)
(38.062496, 22.407974, 0.0)
(38.115269, 22.393362, 0.0)
(38.107899, 22.413675, 0.0)
(38.097099, 22.388443, 0.0)
(38.064987, 22.107841, 0.0)
(38.040390, 22.040897, 0.0)
(38.034393, 21.972761, 0.0)
(38.007179, 21.883139, 0.0)
(37.995022, 21.817167, 0.0)
(38.006371, 21.837990, 0.0)
(38.002193, 21.839920, 0.0)
(37.973045, 21.800611, 0.0)
(37.502014, 21.666876, 0.0)
(37.451412, 21.630354, 0.0)
(37.425648, 21.597971, 0.0)
(37.421478, 21.601213, 0.0)
(36.970318, 21.579256, 0.0)
(36.670914, 21.584833, 0.0)
(36.666843, 21.579021, 0.0)
(36.674580, 21.545784, 0.0)
(36.678650, 21.442341, 0.0)
(36.684719, 21.454908, 0.0)
(37.359455, 22.788961, 0.0)
(37.469543, 23.917751, 0.0)
(37.422272, 23.964287, 0.0)
(37.402607, 23.957647, 0.0)
(37.417366, 23.932238, 0.0)
(37.429615, 23.920744, 0.0)
(37.431461, 23.965958, 0.0)
(37.467091, 23.976496, 0.0)
(37.407619, 24.000494, 0.0)
(37.438801, 24.224321, 0.0)
(37.882080, 26.344616, 0.0)
(37.942741, 27.850195, 0.0)
(37.881550, 28.083952, 0.0)
(37.761280, 28.121424, 0.0)
(37.826015, 28.411276, 0.0)
(37.847157, 28.544537, 0.0)
(37.824375, 28.540949, 0.0)
(37.825344, 28.528826, 0.0)
(37.830967, 28.477379, 0.0)
(37.826317, 28.460176, 0.0)
(37.844925, 28.461269, 0.0)
(37.853302, 28.484537, 0.0)
(37.833252, 28.502417, 0.0)
(37.827381, 28.520535, 0.0)
(37.837215, 28.531151, 0.0)
(38.389389, 29.903528, 0.0)
(38.265308, 30.904961, 0.0)
(38.187840, 31.028881, 0.0)
(38.196411, 31.066168, 0.0)
(38.190964, 31.040194, 0.0)
(38.183701, 31.041803, 0.0)
(38.181980, 31.045153, 0.0)
(38.161819, 30.997034, 0.0)
(38.150818, 31.046974, 0.0)
(37.729179, 31.050014, 0.0)
(37.703354, 31.493322, 0.0)
(37.731068, 31.568298, 0.0)
(37.727131, 31.524082, 0.0)
(37.690205, 31.499477, 0.0)
(37.678726, 31.490477, 0.0)
(37.637268, 31.591722, 0.0)
(37.621941, 31.614185, 0.0)
(37.603916, 31.690950, 0.0)
(37.598785, 31.728891, 0.0)
(37.583614, 31.743649, 0.0)
(37.557369, 31.741764, 0.0)
(37.474812, 31.767181, 0.0)
(37.469860, 31.822527, 0.0)
(37.402233, 31.860954, 0.0)
(36.220112, 32.128498, 0.0)
(35.969795, 32.043091, 0.0)
(35.916763, 31.907692, 0.0)
(35.854321, 31.814699, 0.0)
(35.845375, 31.753845, 0.0)
(35.834286, 31.743692, 0.0)
(36.312572, 31.235056, 0.0)
(36.359245, 31.047602, 0.0)
(36.343922, 30.968212, 0.0)
(36.379730, 30.795563, 0.0)
(36.142212, 29.011698, 0.0)
(36.046909, 27.893021, 0.0)
(36.047455, 27.723614, 0.0)
(36.048527, 27.692930, 0.0)
(36.040119, 27.633459, 0.0)
(36.205582, 27.278736, 0.0)
(36.220749, 26.943840, 0.0)
(36.163971, 26.842064, 0.0)
(36.177906, 26.833420, 0.0)
(36.177906, 26.833420, 0.0)
(36.171444, 26.777414, 0.0)
(36.074345, 26.225821, 0.0)
(36.069851, 26.080942, 0.0)
(36.060116, 26.042105, 0.0)
(36.040096, 25.957897, 0.0)
(36.039013, 25.943153, 0.0)
(36.034977, 25.955345, 0.0)
(36.042500, 25.956575, 0.0)
(36.055565, 25.754974, 0.0)
(36.070850, 25.640862, 0.0)
(36.057941, 25.487991, 0.0)
(36.029655, 25.398849, 0.0)
(36.058067, 25.358042, 0.0)
(36.064503, 25.371096, 0.0)
(36.082314, 25.281162, 0.0)
(36.139950, 24.315136, 0.0)
(36.105705, 24.130484, 0.0)
(36.072083, 24.038462, 0.0)
(36.080143, 24.008791, 0.0)
(36.060402, 23.963745, 0.0)
(36.076691, 23.950525, 0.0)
(36.062294, 23.941805, 0.0)
(36.133667, 23.153780, 0.0)
(36.033550, 22.012547, 0.0)
(35.951385, 21.881338, 0.0)
(35.907410, 21.836796, 0.0)
(35.920444, 21.828306, 0.0)
(35.905090, 21.861790, 0.0)
(35.939003, 21.852015, 0.0)
(35.927334, 21.558556, 0.0)
(35.922886, 21.455967, 0.0)
(35.879704, 21.439653, 0.0)
(35.828121, 21.443121, 0.0)
(35.833851, 21.454908, 0.0)
(35.831619, 21.520372, 0.0)
(35.835743, 21.555536, 0.0)
(35.817951, 21.600000, 0.0)
(35.824158, 21.568609, 0.0)
(35.787605, 21.529875, 0.0)
(34.794838, 21.878693, 0.0)
(34.700893, 21.922991, 0.0)
(34.709251, 21.966103, 0.0)
(34.684181, 22.036364, 0.0)
(34.639996, 22.016941, 0.0)
(34.653503, 22.055660, 0.0)
(34.649181, 22.060074, 0.0)
(34.599331, 22.150436, 0.0)
(35.246468, 24.081652, 0.0)
(35.353909, 25.412481, 0.0)
(35.317654, 25.558975, 0.0)
(35.325836, 25.574146, 0.0)
(35.303055, 25.508358, 0.0)
(35.309620, 25.452826, 0.0)
(35.327972, 25.496725, 0.0)
(35.187817, 25.402687, 0.0)
(35.053452, 25.226967, 0.0)
(35.027611, 25.302145, 0.0)
(35.060520, 25.332558, 0.0)
(35.079147, 25.363850, 0.0)
(35.095329, 25.411690, 0.0)
(35.124924, 25.447344, 0.0)
(35.156658, 25.495314, 0.0)
(35.165699, 26.460014, 0.0)
(35.256149, 27.856167, 0.0)
(35.296265, 28.060101, 0.0)
(35.253582, 27.993731, 0.0)
(35.214264, 27.952717, 0.0)
(35.303802, 28.278057, 0.0)
(35.327637, 28.213367, 0.0)
(35.297195, 28.219654, 0.0)
(35.287464, 28.194813, 0.0)
(35.292431, 28.208380, 0.0)
(35.290844, 28.192539, 0.0)
(35.307686, 28.208311, 0.0)
(35.311436, 28.240238, 0.0)
(35.311687, 28.285410, 0.0)
(35.326412, 28.439610, 0.0)
(35.348858, 28.661684, 0.0)
(35.545486, 30.783108, 0.0)
(35.537937, 31.249939, 0.0)
(35.614086, 31.640285, 0.0)
(35.619911, 31.830194, 0.0)
(35.603466, 31.817533, 0.0)
(35.550526, 31.766411, 0.0)
(35.573029, 31.697241, 0.0)
(35.572620, 31.691984, 0.0)
(35.573093, 31.686537, 0.0)
(35.573593, 31.702349, 0.0)
(35.569382, 31.765491, 0.0)
(35.582130, 31.807692, 0.0)
(35.152500, 31.889904, 0.0)
(34.880165, 31.854223, 0.0)
(34.842495, 31.771864, 0.0)
(34.822681, 31.797943, 0.0)
(34.810894, 31.875736, 0.0)
(34.807339, 31.907803, 0.0)
(34.775665, 31.908497, 0.0)
(34.717686, 31.875015, 0.0)
(34.071941, 32.073349, 0.0)
(33.579151, 32.108658, 0.0)
(33.497448, 32.059994, 0.0)
(33.484409, 32.063816, 0.0)
(33.452179, 32.005287, 0.0)
(33.811157, 31.085672, 0.0)
(33.762794, 30.682627, 0.0)
(33.709667, 30.539701, 0.0)
(33.722847, 30.483526, 0.0)
(33.734795, 30.420732, 0.0)
(33.790527, 30.330826, 0.0)
(34.073471, 29.846973, 0.0)
(34.153271, 29.597155, 0.0)
(34.160606, 29.461370, 0.0)
(34.198650, 29.276979, 0.0)
(34.184559, 29.205536, 0.0)
(34.178547, 29.076477, 0.0)
(34.201271, 29.029543, 0.0)
(34.080868, 28.347336, 0.0)
(33.924740, 27.648645, 0.0)
(33.892570, 27.446154, 0.0)
(33.869781, 27.314285, 0.0)
(33.832191, 27.182858, 0.0)
(33.826885, 27.073780, 0.0)
(33.825607, 26.960875, 0.0)
(33.820114, 26.784821, 0.0)
(33.838482, 26.063995, 0.0)
(33.780041, 25.608097, 0.0)
(33.773312, 25.495857, 0.0)
(33.785442, 25.456898, 0.0)
(33.764931, 25.403419, 0.0)
(33.776962, 25.326929, 0.0)
(33.743725, 25.146772, 0.0)
(33.722107, 24.947138, 0.0)
(33.684155, 24.162071, 0.0)
(33.670601, 24.083107, 0.0)
(33.648396, 24.071177, 0.0)
(33.635399, 24.012358, 0.0)
(33.631550, 23.928535, 0.0)
(33.662861, 23.726330, 0.0)
(33.705982, 22.378807, 0.0)
(33.582031, 22.167400, 0.0)
(33.576504, 22.234102, 0.0)
(33.605270, 22.153301, 0.0)
(33.641464, 22.126133, 0.0)
(33.664742, 22.090008, 0.0)
(33.622986, 21.965481, 0.0)
(33.544201, 21.567627, 0.0)
(33.560074, 21.543264, 0.0)
(33.541882, 21.560038, 0.0)
(33.538666, 21.549484, 0.0)
(33.512161, 21.517845, 0.0)
(33.558228, 21.504608, 0.0)
(33.501698, 21.488977, 0.0)
(33.512127, 21.462301, 0.0)
(33.498024, 21.477402, 0.0)
(32.578556, 22.024292, 0.0)
(32.451775, 22.123560, 0.0)
(32.444893, 22.119320, 0.0)
(32.423599, 22.039225, 0.0)
(32.356491, 21.980579, 0.0)
(32.315067, 21.974424, 0.0)
(32.299767, 22.061693, 0.0)
(32.172699, 22.976887, 0.0)
(32.284351, 25.312820, 0.0)
(32.602196, 26.818184, 0.0)
(32.591259, 26.910267, 0.0)
(32.544159, 26.829815, 0.0)
(32.518059, 26.856926, 0.0)
(32.522232, 26.959900, 0.0)
(32.512253, 27.021452, 0.0)
(32.503262, 27.124607, 0.0)
(32.556526, 27.196999, 0.0)
(32.560860, 27.177717, 0.0)
(32.520729, 27.158567, 0.0)
(32.754681, 27.003668, 0.0)
(33.006615, 26.993200, 0.0)
(33.041130, 27.139116, 0.0)
(33.052654, 27.184336, 0.0)
(33.049461, 27.241272, 0.0)
(33.070755, 27.274719, 0.0)
(33.071518, 27.296860, 0.0)
(33.056709, 27.292217, 0.0)
(33.069450, 27.327070, 0.0)
(32.758999, 27.743725, 0.0)
(32.714149, 27.896009, 0.0)
(32.682785, 27.902786, 0.0)
(32.685482, 29.931343, 0.0)
(33.171215, 31.248640, 0.0)
(33.195545, 30.479549, 0.0)
(33.160877, 29.991056, 0.0)
(33.102535, 29.917881, 0.0)
(33.146919, 29.838814, 0.0)
(33.156910, 29.832888, 0.0)
(33.139324, 29.783972, 0.0)
(33.126316, 29.872391, 0.0)
(33.130981, 30.154003, 0.0)
(33.143219, 32.158157, 0.0)
(33.155846, 32.122189, 0.0)
(33.126129, 31.966858, 0.0)
(33.058285, 31.839956, 0.0)
(33.080681, 31.805464, 0.0)
(33.075130, 31.897461, 0.0)
(33.069714, 32.012199, 0.0)
(33.040695, 32.092308, 0.0)
(33.037609, 32.101376, 0.0)
(33.037739, 32.104877, 0.0)
(32.980999, 32.084946, 0.0)
(32.509624, 32.126568, 0.0)
(32.226231, 31.888952, 0.0)
(32.204956, 31.890839, 0.0)
(32.179886, 31.896000, 0.0)
(32.123543, 31.878286, 0.0)
(32.095108, 31.876163, 0.0)
(32.051754, 31.771215, 0.0)
(31.795677, 31.680779, 0.0)
(31.485762, 31.109129, 0.0)
(31.396917, 30.901995, 0.0)
(31.368032, 30.850243, 0.0)
(31.333725, 30.767548, 0.0)
(31.597080, 29.367701, 0.0)
(31.485161, 28.353443, 0.0)
(31.409954, 28.158987, 0.0)
(31.403511, 28.057022, 0.0)
(31.397511, 27.995670, 0.0)
(31.465639, 27.902092, 0.0)
(32.002239, 27.409798, 0.0)
(32.089157, 27.138620, 0.0)
(32.103909, 27.001738, 0.0)
(32.107986, 26.937689, 0.0)
(32.113216, 26.888771, 0.0)
(31.761398, 26.605371, 0.0)
(31.574539, 26.184011, 0.0)
(31.567553, 26.100964, 0.0)
(31.583744, 26.070135, 0.0)
(31.555460, 26.007057, 0.0)
(31.567848, 25.965368, 0.0)
(31.724535, 25.643929, 0.0)
(31.880604, 24.075329, 0.0)
(31.801487, 23.646334, 0.0)
(31.813461, 23.614916, 0.0)
(31.756912, 23.545115, 0.0)
(31.783138, 23.511936, 0.0)
(31.783876, 23.525829, 0.0)
(31.785271, 23.443565, 0.0)
(31.789400, 22.737597, 0.0)
(31.791615, 22.726128, 0.0)
(31.772772, 22.709814, 0.0)
(31.762238, 22.664125, 0.0)
(31.753511, 22.632231, 0.0)
(31.769419, 22.616930, 0.0)
(31.699423, 22.247963, 0.0)
(31.670128, 22.144547, 0.0)
(31.672525, 22.056515, 0.0)
(31.636801, 21.982693, 0.0)
(31.586681, 21.924280, 0.0)
(31.559069, 22.000832, 0.0)
(31.583178, 22.053486, 0.0)
(31.595343, 22.016634, 0.0)
(31.564034, 21.962084, 0.0)
(31.570152, 21.911888, 0.0)
(31.555748, 21.865719, 0.0)
(31.536484, 21.806335, 0.0)
(31.534590, 21.800135, 0.0)
(31.512106, 21.862028, 0.0)
(31.513987, 21.886534, 0.0)
(30.932737, 22.130070, 0.0)
(30.843666, 22.051165, 0.0)
(30.815760, 21.945889, 0.0)
(30.816902, 21.998381, 0.0)
(30.801001, 22.053486, 0.0)
(30.785625, 22.074917, 0.0)
(30.776192, 22.083326, 0.0)
(30.479605, 22.842060, 0.0)
(30.491329, 24.597633, 0.0)
(30.357529, 25.730637, 0.0)
(30.289228, 26.532351, 0.0)
(30.244427, 26.854944, 0.0)
(30.236008, 26.629917, 0.0)
(30.404163, 26.223845, 0.0)
(30.416285, 26.052860, 0.0)
(30.406551, 26.032309, 0.0)
(30.396917, 26.051788, 0.0)
(30.431547, 26.149632, 0.0)
(30.440754, 26.227005, 0.0)
(30.433331, 26.286909, 0.0)
(30.453188, 26.326565, 0.0)
(30.445505, 26.347380, 0.0)
(30.455061, 26.372047, 0.0)
(30.464142, 26.398008, 0.0)
(30.465174, 26.429844, 0.0)
(30.456638, 26.505684, 0.0)
(30.455803, 26.580664, 0.0)
(30.486387, 26.554720, 0.0)
(30.474789, 26.530733, 0.0)
(30.474932, 26.547132, 0.0)
(30.860567, 27.463324, 0.0)
(31.009617, 29.550135, 0.0)
(30.907417, 29.669188, 0.0)
(30.886227, 29.714935, 0.0)
(30.886728, 29.751465, 0.0)
(30.874159, 29.748030, 0.0)
(30.877113, 29.808025, 0.0)
(30.895937, 29.851210, 0.0)
(30.872044, 29.917831, 0.0)
(30.902540, 30.012211, 0.0)
(30.914679, 29.972563, 0.0)
(30.863529, 29.888260, 0.0)
(30.844692, 29.901268, 0.0)
(30.880188, 30.027115, 0.0)
(31.809917, 32.520447, 0.0)
(31.717075, 32.941578, 0.0)
(31.572765, 32.987106, 0.0)
(31.483469, 32.929230, 0.0)
(31.491674, 32.906738, 0.0)
(31.475338, 32.931450, 0.0)
(31.480701, 32.950672, 0.0)
(31.460941, 32.974220, 0.0)
(31.454092, 33.007355, 0.0)
(31.453199, 33.038288, 0.0)
(31.411900, 33.015499, 0.0)
(31.396763, 32.987999, 0.0)
(31.364147, 32.997963, 0.0)
(30.550129, 31.034470, 0.0)
(30.420019, 30.947771, 0.0)
(30.345524, 30.933746, 0.0)
(30.291409, 30.954544, 0.0)
(30.238392, 30.870922, 0.0)
(30.203939, 30.867811, 0.0)
(30.198931, 30.892159, 0.0)
(30.192106, 30.919395, 0.0)
(30.187462, 30.932148, 0.0)
(30.163893, 30.838434, 0.0)
(30.167419, 30.773272, 0.0)
(30.114233, 30.657652, 0.0)
(30.125443, 30.620577, 0.0)
(30.125357, 30.624601, 0.0)
(29.685385, 28.724348, 0.0)
(29.459093, 26.982677, 0.0)
(29.364733, 26.811928, 0.0)
(29.314629, 26.658915, 0.0)
(29.271332, 26.567818, 0.0)
(29.267994, 26.510241, 0.0)
(29.490639, 26.630011, 0.0)
(29.604090, 26.849985, 0.0)
(29.604935, 26.807047, 0.0)
(29.612240, 26.692909, 0.0)
(29.581232, 26.528151, 0.0)
(29.595375, 26.461168, 0.0)
(29.826880, 25.899565, 0.0)
(30.110674, 24.495420, 0.0)
(30.094368, 24.246971, 0.0)
(30.101246, 24.195190, 0.0)
(30.085653, 24.158356, 0.0)
(30.069054, 24.070190, 0.0)
(30.075949, 24.029600, 0.0)
(30.077578, 24.021458, 0.0)
(30.083815, 24.045300, 0.0)
(30.169178, 23.394100, 0.0)
(30.159775, 23.273434, 0.0)
(30.114124, 23.188595, 0.0)
(30.059177, 23.093515, 0.0)
(30.085651, 23.047573, 0.0)
(30.128674, 23.044979, 0.0)
(30.131021, 23.079773, 0.0)
(30.113735, 23.080439, 0.0)
(30.105640, 23.067526, 0.0)
(30.077969, 22.979294, 0.0)
(30.055431, 22.925129, 0.0)
(30.054466, 22.935448, 0.0)
(30.029697, 22.944096, 0.0)
(30.032141, 22.917439, 0.0)
(30.026329, 22.939991, 0.0)
(30.054882, 22.984940, 0.0)
(30.043329, 22.950418, 0.0)
(30.009243, 22.851391, 0.0)
(30.007666, 22.820404, 0.0)
(29.719374, 22.676155, 0.0)
(29.654074, 22.703262, 0.0)
(29.681696, 22.730831, 0.0)
(29.705976, 22.778112, 0.0)
(29.703629, 22.804619, 0.0)
(29.679661, 22.846836, 0.0)
(29.678278, 22.874514, 0.0)
(28.614780, 23.939011, 0.0)
(28.391647, 24.260427, 0.0)
(28.356821, 24.653336, 0.0)
(28.351849, 24.697786, 0.0)
(28.339933, 24.641571, 0.0)
(28.256851, 24.614355, 0.0)
(28.239683, 24.634125, 0.0)
(28.284542, 24.735981, 0.0)
(28.290842, 24.814699, 0.0)
(28.295441, 24.842979, 0.0)
(28.712730, 25.081661, 0.0)
(28.802643, 25.250111, 0.0)
(28.821831, 25.274071, 0.0)
(28.796766, 25.308292, 0.0)
(28.867445, 25.713732, 0.0)
(29.221037, 27.705658, 0.0)
(29.507118, 29.178726, 0.0)
(29.461079, 29.474016, 0.0)
(29.351213, 29.343237, 0.0)
(29.251751, 29.290974, 0.0)
(29.251429, 29.280333, 0.0)
(29.256138, 29.334486, 0.0)
(29.257505, 29.422333, 0.0)
(29.262821, 29.442553, 0.0)
(29.248123, 29.464615, 0.0)
(29.245878, 29.405668, 0.0)
(29.092731, 29.458105, 0.0)
(28.771694, 29.870152, 0.0)
(28.751795, 29.945299, 0.0)
(28.743681, 29.979029, 0.0)
(28.748634, 30.044651, 0.0)
(28.771118, 30.065933, 0.0)
(28.774939, 30.052147, 0.0)
(28.753271, 30.039097, 0.0)
(28.800625, 30.087763, 0.0)
(29.549076, 31.479019, 0.0)
(29.515450, 31.795784, 0.0)
(29.442375, 31.815840, 0.0)
(29.217079, 31.941010, 0.0)
(29.018322, 31.815845, 0.0)
(28.994978, 31.732738, 0.0)
(28.972130, 31.714336, 0.0)
(28.987547, 31.740448, 0.0)
(28.999985, 31.807085, 0.0)
(28.976871, 31.871935, 0.0)
(28.974506, 31.896681, 0.0)
(29.000704, 31.927734, 0.0)
(28.984146, 31.860771, 0.0)
(28.953772, 31.825506, 0.0)
(29.143108, 33.682861, 0.0)
(28.877277, 34.264614, 0.0)
(28.880701, 33.767109, 0.0)
(28.882479, 33.497871, 0.0)
(28.883062, 33.369343, 0.0)
(28.831625, 33.273922, 0.0)
(28.816525, 33.162174, 0.0)
(28.752958, 33.022297, 0.0)
(28.528339, 31.886414, 0.0)
(27.776453, 29.996731, 0.0)
(27.617071, 29.751444, 0.0)
(27.572918, 29.630232, 0.0)
(27.538095, 29.577213, 0.0)
(27.541918, 29.536303, 0.0)
(27.544912, 29.446115, 0.0)
(27.499037, 29.347748, 0.0)
(27.525095, 29.214205, 0.0)
(27.855515, 28.765257, 0.0)
(28.442759, 26.752201, 0.0)
(28.275229, 26.074142, 0.0)
(28.171070, 26.028831, 0.0)
(28.154869, 25.995907, 0.0)
(28.167278, 25.958075, 0.0)
(28.142824, 25.795889, 0.0)
(28.110674, 25.713413, 0.0)
(28.111753, 25.656044, 0.0)
(28.121290, 25.702469, 0.0)
(28.119318, 25.709023, 0.0)
(28.108173, 25.693972, 0.0)
(28.112452, 25.683197, 0.0)
(28.076996, 27.433481, 0.0)
(27.980694, 27.305622, 0.0)
(27.920126, 27.203146, 0.0)
(27.903419, 27.200352, 0.0)
(27.862751, 27.169712, 0.0)
(27.852196, 27.156271, 0.0)
(27.844776, 27.098434, 0.0)
(27.879683, 26.974154, 0.0)
(27.818361, 26.853342, 0.0)
(27.848949, 26.052511, 0.0)
(27.854349, 24.799608, 0.0)
(27.828672, 24.727377, 0.0)
(27.797983, 24.730282, 0.0)
(27.806753, 24.664917, 0.0)
(27.789270, 24.585421, 0.0)
(27.777357, 24.557489, 0.0)
(27.779215, 24.514631, 0.0)
(27.825125, 23.833153, 0.0)
(27.827538, 23.665741, 0.0)
(27.834436, 23.659008, 0.0)
(27.841791, 23.603149, 0.0)
(27.822737, 23.479174, 0.0)
(27.824219, 23.376375, 0.0)
(27.855291, 23.346418, 0.0)
(27.846821, 23.392857, 0.0)
(27.859428, 23.398634, 0.0)
(27.857077, 23.368013, 0.0)
(27.867039, 23.333954, 0.0)
(27.857199, 23.347967, 0.0)
(27.829245, 23.314112, 0.0)
(27.851028, 23.336008, 0.0)
(27.836735, 23.379591, 0.0)
(27.842918, 23.397938, 0.0)
(27.847237, 23.477001, 0.0)
(27.840725, 23.472483, 0.0)
(27.769711, 23.411077, 0.0)
(27.304615, 24.135654, 0.0)
(27.236883, 24.268505, 0.0)
(27.149647, 24.575232, 0.0)
(27.096764, 25.220774, 0.0)
(27.135052, 25.301849, 0.0)
(27.130594, 25.311913, 0.0)
(27.120399, 25.348061, 0.0)
(27.121147, 25.410650, 0.0)
(27.139097, 25.557543, 0.0)
(27.582689, 28.062426, 0.0)
(27.690971, 30.207411, 0.0)
(27.812847, 31.190645, 0.0)
(27.943481, 31.412346, 0.0)
(27.842245, 31.257029, 0.0)
(27.774401, 31.192854, 0.0)
(27.597801, 29.863022, 0.0)
(27.436472, 28.306486, 0.0)
(27.342775, 28.184231, 0.0)
(27.292416, 28.261469, 0.0)
(27.295734, 28.217510, 0.0)
(27.283649, 28.213327, 0.0)
(27.248909, 28.204144, 0.0)
(27.259916, 28.271015, 0.0)
(27.278645, 28.333181, 0.0)
(27.264791, 28.413830, 0.0)
(27.270462, 28.475307, 0.0)
(27.282730, 28.453024, 0.0)
(27.264538, 28.402859, 0.0)
(27.570478, 29.563871, 0.0)
(27.551189, 31.158203, 0.0)
(27.650980, 31.318224, 0.0)
(27.615849, 31.339115, 0.0)
(27.581495, 31.391609, 0.0)
(27.565704, 31.329746, 0.0)
(27.548286, 31.320248, 0.0)
(27.557722, 31.305050, 0.0)
(27.568560, 31.373100, 0.0)
(27.578278, 31.429789, 0.0)
(27.562925, 31.459589, 0.0)
(27.581245, 31.512348, 0.0)
(27.583040, 31.448215, 0.0)
(27.527920, 31.405825, 0.0)
(27.537600, 31.394129, 0.0)
(27.563295, 31.453730, 0.0)
(27.578491, 31.504026, 0.0)
(27.895323, 33.066853, 0.0)
(27.841011, 33.255581, 0.0)
(27.777643, 33.220757, 0.0)
(27.744629, 33.219742, 0.0)
(27.709797, 33.220779, 0.0)
(27.707706, 33.242493, 0.0)
(27.702341, 33.301140, 0.0)
(27.700535, 33.374851, 0.0)
(27.708290, 33.384754, 0.0)
(27.731798, 33.342064, 0.0)
(27.719149, 33.300205, 0.0)
(27.704224, 33.275578, 0.0)
(27.699152, 33.282593, 0.0)
(27.722898, 33.340881, 0.0)
(27.740404, 33.365803, 0.0)
(27.740139, 33.350170, 0.0)
(27.749252, 33.348026, 0.0)
(27.744091, 33.326180, 0.0)
(27.699533, 33.304852, 0.0)
(27.733877, 33.317043, 0.0)
(27.738447, 33.331631, 0.0)
(27.736715, 33.330940, 0.0)
(27.843510, 33.136982, 0.0)
(27.794697, 33.000076, 0.0)
(27.774464, 32.976513, 0.0)
(27.768200, 32.961498, 0.0)
(27.759228, 32.951317, 0.0)
(27.772322, 33.027184, 0.0)
(27.774157, 33.037823, 0.0)
(27.768328, 33.065956, 0.0)
(27.763105, 33.021263, 0.0)
(27.754593, 32.968468, 0.0)
(27.740904, 32.971039, 0.0)
(28.073746, 33.232388, 0.0)
(28.274725, 33.608868, 0.0)
(28.269829, 33.257526, 0.0)
(28.301441, 32.934349, 0.0)
(28.460258, 34.759167, 0.0)
(28.552944, 34.157867, 0.0)
(28.308386, 33.383049, 0.0)
(28.296429, 33.111263, 0.0)
(28.300812, 33.000446, 0.0)
(28.282635, 32.775902, 0.0)
(28.291985, 32.705013, 0.0)
(28.278967, 32.662895, 0.0)
(28.277195, 32.667618, 0.0)
(28.274242, 32.651260, 0.0)
(28.269373, 32.672073, 0.0)
(28.273054, 32.620232, 0.0)
(28.265909, 32.593266, 0.0)
(28.351246, 33.971077, 0.0)
