(33.605221, 24.296627, 0.0)
(33.365673, 23.969454, 0.0)
(33.273785, 24.016373, 0.0)
(33.239609, 24.020180, 0.0)
(33.208675, 24.084154, 0.0)
(32.974594, 24.395350, 0.0)
(33.005280, 24.492689, 0.0)
(32.987144, 24.501354, 0.0)
(32.969952, 24.491604, 0.0)
(33.046242, 24.511282, 0.0)
(33.013176, 24.502842, 0.0)
(33.034695, 24.548145, 0.0)
(33.066574, 24.513126, 0.0)
(33.074547, 24.473274, 0.0)
(33.038799, 24.486073, 0.0)
(33.046181, 24.497601, 0.0)
(33.076057, 24.508070, 0.0)
(33.068439, 24.526306, 0.0)
(33.075779, 24.522062, 0.0)
(33.070080, 24.519772, 0.0)
(33.066715, 24.499311, 0.0)
(33.078075, 24.459778, 0.0)
(33.056690, 24.415926, 0.0)
(33.036629, 24.452818, 0.0)
(33.029575, 24.438257, 0.0)
(33.025749, 24.432528, 0.0)
(33.004128, 24.480894, 0.0)
(33.225887, 24.407843, 0.0)
(33.249111, 24.417046, 0.0)
(33.230667, 24.448767, 0.0)
(33.227116, 24.427973, 0.0)
(33.229122, 24.427866, 0.0)
(33.217625, 24.399117, 0.0)
(33.221855, 24.407307, 0.0)
(33.207893, 24.407957, 0.0)
(33.240574, 24.353878, 0.0)
(33.186607, 24.325884, 0.0)
(33.218723, 24.390814, 0.0)
(33.209259, 25.554272, 0.0)
(33.160919, 24.695337, 0.0)
(33.023243, 24.257153, 0.0)
(32.760380, 24.753845, 0.0)
(32.720119, 28.390642, 0.0)
(33.005779, 25.048275, 0.0)
(32.968773, 24.488255, 0.0)
(32.927898, 24.394333, 0.0)
(32.943108, 24.466396, 0.0)
(32.909664, 24.431860, 0.0)
(32.941029, 24.456892, 0.0)
(32.969635, 24.469717, 0.0)
(33.011726, 24.487196, 0.0)
(32.993717, 24.474020, 0.0)
(33.033508, 24.492308, 0.0)
(33.000465, 24.478832, 0.0)
(33.155628, 24.552557, 0.0)
(33.168915, 24.617826, 0.0)
(33.141537, 24.618399, 0.0)
(33.142467, 24.613832, 0.0)
(33.160416, 24.601709, 0.0)
(33.190727, 24.587254, 0.0)
(33.201702, 24.552088, 0.0)
(33.214821, 24.524782, 0.0)
(33.222656, 24.526077, 0.0)
(33.222935, 24.498249, 0.0)
(33.216805, 24.488337, 0.0)
(33.211029, 24.534466, 0.0)
(33.220551, 24.513725, 0.0)
(33.217903, 24.525564, 0.0)
(33.211029, 24.534466, 0.0)
(33.199219, 24.927380, 0.0)
(33.365318, 25.087692, 0.0)
(33.260464, 24.487453, 0.0)
(33.236237, 24.369768, 0.0)
(33.286064, 24.375570, 0.0)
(33.307129, 24.421026, 0.0)
(33.226833, 24.457621, 0.0)
(33.251797, 24.469862, 0.0)
(33.253208, 24.467789, 0.0)
(33.250374, 24.475832, 0.0)
(33.247192, 24.466919, 0.0)
(33.242165, 24.532333, 0.0)
(33.237766, 24.547979, 0.0)
(33.282391, 24.529331, 0.0)
(33.281803, 24.543674, 0.0)
(33.055061, 24.549131, 0.0)
(32.968472, 24.585327, 0.0)
(32.940754, 24.590614, 0.0)
(32.925243, 24.604525, 0.0)
(32.922516, 24.627848, 0.0)
(32.908112, 24.631449, 0.0)
(32.971397, 24.638344, 0.0)
(33.141190, 25.726059, 0.0)
(33.113300, 24.873672, 0.0)
(33.077755, 24.546402, 0.0)
(33.077888, 24.488804, 0.0)
(33.030651, 24.505932, 0.0)
(33.027130, 24.531836, 0.0)
(33.062424, 24.545685, 0.0)
(33.072105, 24.571791, 0.0)
(33.038883, 24.596416, 0.0)
(33.029892, 24.572308, 0.0)
(33.028439, 24.602406, 0.0)
(33.035152, 24.564787, 0.0)
(33.015949, 24.599653, 0.0)
(33.027065, 24.575850, 0.0)
(32.990204, 24.555984, 0.0)
(32.956165, 24.571804, 0.0)
(32.950768, 24.587608, 0.0)
(32.948200, 24.582405, 0.0)
(32.934795, 24.585148, 0.0)
(32.926964, 24.594793, 0.0)
(32.938843, 24.641909, 0.0)
(32.936935, 24.623192, 0.0)
(32.941391, 24.622719, 0.0)
(32.940071, 24.627535, 0.0)
(32.960297, 24.623470, 0.0)
(32.957813, 24.614937, 0.0)
(32.975456, 24.602453, 0.0)
(32.942852, 24.602966, 0.0)
(32.944485, 24.641949, 0.0)
(32.943844, 24.638039, 0.0)
(32.966984, 24.676704, 0.0)
(32.966984, 24.676704, 0.0)
(32.968494, 24.681257, 0.0)
(32.965561, 24.710293, 0.0)
(32.960686, 24.683689, 0.0)
(32.962238, 24.689144, 0.0)
(32.962749, 24.674786, 0.0)
(32.949776, 24.685957, 0.0)
(32.936104, 24.639086, 0.0)
(32.913158, 24.644054, 0.0)
(32.918415, 24.668861, 0.0)
(32.905014, 24.667784, 0.0)
(32.895649, 24.665993, 0.0)
(32.892067, 24.690302, 0.0)
(32.883099, 24.683716, 0.0)
(32.894951, 24.661333, 0.0)
(32.915298, 24.644102, 0.0)
(32.902744, 24.666355, 0.0)
(32.917137, 24.640041, 0.0)
(32.933811, 24.646206, 0.0)
(32.918083, 24.634226, 0.0)
(32.898781, 24.641102, 0.0)
(32.897770, 24.657570, 0.0)
(32.908569, 24.660772, 0.0)
(32.972260, 24.669811, 0.0)
(32.981068, 24.653833, 0.0)
(32.964199, 24.639029, 0.0)
(32.966244, 24.618774, 0.0)
(32.958458, 24.604738, 0.0)
(32.979805, 24.596678, 0.0)
(32.974075, 24.580280, 0.0)
(32.969002, 24.572071, 0.0)
(32.961010, 24.583595, 0.0)
(32.963337, 24.588703, 0.0)
(32.957783, 24.580158, 0.0)
(32.961590, 24.571692, 0.0)
(32.974419, 24.558481, 0.0)
(32.982719, 24.562607, 0.0)
(32.983799, 24.557314, 0.0)
(32.987164, 24.553738, 0.0)
(32.993004, 24.559244, 0.0)
(33.139915, 24.604425, 0.0)
(36.790939, 26.713062, 0.0)
(38.990524, 28.426397, 0.0)
(40.065559, 29.386038, 0.0)
(40.166641, 29.389874, 0.0)
(40.071434, 29.437428, 0.0)
(40.071056, 29.451637, 0.0)
(40.069145, 29.465872, 0.0)
(40.075653, 29.481403, 0.0)
(40.061077, 29.479969, 0.0)
(40.051704, 29.484318, 0.0)
(40.018627, 29.323879, 0.0)
(40.008228, 29.344156, 0.0)
(40.002666, 29.326075, 0.0)
(39.989651, 29.294258, 0.0)
(39.945316, 29.263981, 0.0)
(39.936230, 29.271463, 0.0)
(39.894039, 29.309338, 0.0)
(39.890541, 29.334890, 0.0)
(39.878696, 29.318298, 0.0)
(39.879692, 29.333591, 0.0)
(39.857265, 29.314640, 0.0)
(39.834904, 29.287731, 0.0)
(39.828922, 29.280151, 0.0)
(39.815216, 29.269199, 0.0)
(39.802898, 29.394199, 0.0)
(39.790817, 29.339821, 0.0)
(39.759762, 29.395372, 0.0)
(39.785355, 29.376923, 0.0)
(39.762367, 29.405338, 0.0)
(39.754112, 29.424892, 0.0)
(39.732258, 29.414867, 0.0)
(39.729317, 29.397875, 0.0)
(39.736683, 29.357407, 0.0)
(39.842861, 26.098072, 0.0)
(40.211868, 22.950144, 0.0)
(39.994686, 21.442970, 0.0)
(39.744843, 21.710133, 0.0)
(39.734814, 21.690842, 0.0)
(39.775875, 21.631519, 0.0)
(40.144550, 21.872404, 0.0)
(40.225094, 21.878733, 0.0)
(40.109909, 21.793533, 0.0)
(40.090538, 21.757736, 0.0)
(40.087307, 21.655836, 0.0)
(40.165535, 21.686510, 0.0)
(40.175209, 21.438381, 0.0)
(39.997353, 21.375603, 0.0)
(39.857960, 21.380907, 0.0)
(39.831036, 21.412230, 0.0)
(39.804962, 21.420820, 0.0)
(39.779064, 21.417664, 0.0)
(39.745594, 21.358070, 0.0)
(39.718094, 21.364431, 0.0)
(39.706585, 21.367460, 0.0)
(39.715778, 21.332354, 0.0)
(39.699986, 21.301313, 0.0)
(39.685436, 21.287748, 0.0)
(39.658154, 21.288412, 0.0)
(39.648643, 21.310907, 0.0)
(39.646667, 21.310232, 0.0)
(39.640030, 21.309200, 0.0)
(39.631290, 21.335794, 0.0)
(39.624580, 21.342510, 0.0)
(39.748165, 21.450089, 0.0)
(39.715939, 21.500561, 0.0)
(39.694798, 21.470968, 0.0)
(39.696648, 21.430975, 0.0)
(38.277424, 20.988998, 0.0)
(33.851555, 20.482946, 0.0)
(27.276461, 23.296391, 0.0)
(27.100273, 23.827887, 0.0)
(27.177172, 23.855433, 0.0)
(27.224977, 23.741247, 0.0)
(27.238264, 23.689171, 0.0)
(27.043592, 24.661171, 0.0)
(27.338539, 27.150309, 0.0)
(27.220076, 28.162745, 0.0)
(27.155338, 28.294882, 0.0)
(27.057375, 28.292746, 0.0)
(26.771557, 28.738825, 0.0)
(26.439014, 29.659388, 0.0)
(26.357094, 29.679401, 0.0)
(26.318539, 29.622433, 0.0)
(26.301044, 29.620197, 0.0)
(26.307398, 29.583693, 0.0)
(26.205149, 29.930401, 0.0)
(26.092869, 30.117060, 0.0)
(26.104046, 30.149651, 0.0)
(26.051554, 30.116854, 0.0)
(26.042389, 30.125874, 0.0)
(26.390242, 30.307545, 0.0)
(26.356693, 29.581402, 0.0)
(26.322809, 29.440474, 0.0)
(26.302467, 29.400877, 0.0)
(26.310833, 29.357206, 0.0)
(26.305758, 29.392351, 0.0)
(26.299719, 29.348572, 0.0)
(26.300358, 29.342381, 0.0)
(26.283379, 29.344423, 0.0)
(26.620338, 29.256554, 0.0)
(31.344131, 26.838591, 0.0)
(33.692314, 23.932474, 0.0)
(33.901558, 21.046776, 0.0)
(33.578537, 20.474581, 0.0)
(33.523788, 20.486391, 0.0)
(33.484196, 20.380714, 0.0)
(30.743168, 20.373196, 0.0)
(26.750168, 21.599072, 0.0)
(25.250751, 22.264257, 0.0)
(24.972115, 22.445984, 0.0)
(24.968966, 22.314875, 0.0)
(24.961586, 22.231209, 0.0)
(24.435211, 22.645451, 0.0)
(24.346952, 22.682022, 0.0)
(24.405462, 22.578373, 0.0)
(24.319679, 22.653288, 0.0)
(24.350494, 23.316751, 0.0)
(24.367590, 23.409649, 0.0)
(24.525667, 22.734863, 0.0)
(24.578588, 22.747442, 0.0)
(24.563362, 22.885206, 0.0)
(24.563726, 22.939222, 0.0)
(24.581505, 22.947451, 0.0)
(24.583853, 22.981668, 0.0)
(24.609808, 22.942196, 0.0)
(24.624228, 22.897156, 0.0)
(24.661343, 22.877357, 0.0)
(24.688538, 22.867311, 0.0)
(24.688005, 22.830631, 0.0)
(24.702431, 22.824366, 0.0)
(24.699131, 22.808571, 0.0)
(24.687248, 22.791918, 0.0)
(24.692574, 22.829206, 0.0)
(28.531609, 22.758041, 0.0)
(32.671375, 23.934664, 0.0)
(33.786549, 25.010775, 0.0)
(33.635067, 25.101110, 0.0)
(33.457310, 25.057142, 0.0)
(33.350323, 24.951899, 0.0)
(33.321175, 24.934439, 0.0)
(33.262074, 24.857279, 0.0)
(33.202698, 24.811586, 0.0)
(33.190701, 24.794405, 0.0)
(33.172161, 24.789427, 0.0)
(33.159660, 24.727783, 0.0)
(33.155758, 24.612631, 0.0)
(33.137447, 24.579742, 0.0)
(33.129810, 24.596146, 0.0)
(33.119289, 24.576458, 0.0)
(33.115891, 24.566961, 0.0)
(33.098640, 24.555849, 0.0)
(33.108978, 24.522444, 0.0)
(33.099739, 24.486713, 0.0)
(33.088356, 24.479670, 0.0)
(33.069401, 24.483341, 0.0)
(33.066231, 24.498272, 0.0)
(33.075752, 24.497705, 0.0)
(33.075573, 24.513491, 0.0)
(33.065193, 24.467157, 0.0)
(33.071121, 24.431583, 0.0)
(33.285252, 25.140247, 0.0)
(33.191944, 24.378969, 0.0)
(33.164162, 24.284103, 0.0)
(33.151745, 24.361042, 0.0)
(33.146744, 24.345932, 0.0)
(33.169281, 24.355066, 0.0)
(33.137829, 24.345203, 0.0)
(33.137943, 24.372677, 0.0)
(33.111305, 24.376616, 0.0)
(33.110935, 24.399693, 0.0)
(31.231558, 25.688961, 0.0)
(28.856735, 28.078087, 0.0)
(27.625763, 29.485275, 0.0)
(27.431894, 29.651777, 0.0)
(27.393389, 29.681820, 0.0)
(27.392225, 29.652845, 0.0)
(27.394493, 29.658360, 0.0)
(27.412924, 29.634724, 0.0)
(30.870142, 29.386854, 0.0)
(31.060890, 29.648390, 0.0)
(31.023312, 29.607439, 0.0)
(31.100506, 29.545662, 0.0)
(31.142437, 29.493462, 0.0)
(31.194752, 29.465826, 0.0)
(31.273184, 29.492085, 0.0)
(31.361158, 29.508678, 0.0)
(33.009048, 29.795860, 0.0)
(33.237053, 29.763083, 0.0)
(33.317200, 29.756508, 0.0)
(33.403866, 29.732414, 0.0)
(33.489002, 29.711302, 0.0)
(34.037041, 29.838007, 0.0)
(34.888962, 29.905149, 0.0)
(35.027496, 29.917522, 0.0)
(35.093552, 29.889662, 0.0)
(35.161514, 29.857668, 0.0)
(35.196625, 29.821098, 0.0)
(36.507332, 29.943325, 0.0)
(37.643169, 29.653278, 0.0)
(37.714218, 29.636755, 0.0)
(37.725014, 29.597288, 0.0)
(37.753372, 29.595726, 0.0)
(37.801479, 29.569593, 0.0)
(37.822006, 29.608311, 0.0)
(37.894787, 29.544264, 0.0)
(39.542797, 29.686995, 0.0)
(39.702927, 29.458935, 0.0)
(39.704067, 29.300463, 0.0)
(39.722149, 29.321236, 0.0)
(39.751900, 29.308140, 0.0)
(39.769566, 29.323986, 0.0)
(39.773106, 29.315826, 0.0)
(39.766781, 29.269882, 0.0)
(39.789913, 29.254112, 0.0)
(39.864876, 29.216650, 0.0)
(40.018059, 29.025040, 0.0)
(40.016106, 28.967052, 0.0)
(40.032795, 29.018068, 0.0)
(39.988571, 28.909401, 0.0)
(39.965794, 28.859270, 0.0)
(39.955379, 28.907963, 0.0)
(39.932240, 28.823679, 0.0)
(39.900223, 28.748430, 0.0)
(39.849457, 28.651440, 0.0)
(39.099010, 29.084864, 0.0)
(38.896923, 29.100056, 0.0)
(38.831226, 29.096378, 0.0)
(38.681858, 29.115667, 0.0)
(36.900539, 29.221241, 0.0)
(36.778069, 29.208107, 0.0)
(36.639378, 29.232862, 0.0)
(36.560177, 29.172480, 0.0)
(36.486153, 29.136250, 0.0)
(36.405872, 29.117256, 0.0)
(34.688454, 29.274214, 0.0)
(34.488754, 29.240664, 0.0)
(34.358593, 29.237064, 0.0)
(34.299328, 29.240604, 0.0)
(33.513096, 29.451605, 0.0)
(33.231770, 29.515852, 0.0)
(33.262218, 29.451752, 0.0)
(33.197212, 29.362375, 0.0)
(33.090813, 29.430023, 0.0)
(31.100027, 29.754295, 0.0)
(30.609005, 29.815077, 0.0)
(30.592745, 29.688526, 0.0)
(30.559074, 29.685333, 0.0)
(30.491703, 29.503355, 0.0)
(30.473148, 29.501436, 0.0)
(30.420155, 29.446102, 0.0)
(30.258656, 29.431547, 0.0)
(27.997211, 29.897635, 0.0)
(27.261644, 29.975697, 0.0)
(27.099985, 29.783243, 0.0)
(27.059341, 29.708025, 0.0)
(27.008442, 29.669065, 0.0)
(26.955126, 29.662844, 0.0)
(26.909739, 29.609898, 0.0)
(26.900177, 29.606960, 0.0)
(26.898531, 29.583176, 0.0)
(26.863710, 29.520679, 0.0)
(26.857445, 29.492577, 0.0)
(26.855062, 29.483761, 0.0)
(26.825928, 29.474733, 0.0)
(26.695229, 29.579884, 0.0)
(26.293285, 29.792604, 0.0)
(26.276821, 29.854801, 0.0)
(26.284508, 29.815952, 0.0)
(26.276047, 29.835148, 0.0)
(26.262434, 29.832720, 0.0)
(26.159386, 29.820932, 0.0)
(26.257771, 29.737753, 0.0)
(26.312618, 29.690842, 0.0)
(26.281597, 29.692371, 0.0)
(26.293386, 29.630964, 0.0)
(26.337009, 29.613962, 0.0)
(26.422989, 29.549490, 0.0)
(27.835796, 29.116419, 0.0)
(29.858414, 28.631062, 0.0)
(30.010750, 28.688679, 0.0)
(30.033854, 28.643089, 0.0)
(30.067196, 28.643749, 0.0)
(30.193331, 28.955267, 0.0)
(30.509701, 29.075113, 0.0)
(30.651281, 29.039026, 0.0)
(30.753624, 29.459846, 0.0)
(34.790955, 30.387537, 0.0)
(34.844990, 29.967537, 0.0)
(34.846519, 29.561022, 0.0)
(34.921112, 29.232937, 0.0)
(34.956680, 29.075708, 0.0)
(34.981586, 29.078350, 0.0)
(35.057850, 29.070808, 0.0)
(35.132175, 29.080616, 0.0)
(35.251034, 29.030312, 0.0)
(35.417084, 29.018585, 0.0)
(36.006115, 29.216476, 0.0)
(38.293354, 29.005289, 0.0)
(38.805847, 28.608870, 0.0)
(38.838593, 28.461983, 0.0)
(38.876064, 28.450586, 0.0)
(38.919697, 28.464285, 0.0)
(38.924637, 28.435995, 0.0)
(38.937077, 28.452110, 0.0)
(38.949883, 28.409914, 0.0)
(38.969204, 28.388941, 0.0)
(39.254635, 28.563763, 0.0)
(40.271324, 28.953846, 0.0)
(40.314690, 28.979881, 0.0)
(40.299694, 28.916500, 0.0)
(40.307060, 28.876842, 0.0)
(40.278206, 28.887817, 0.0)
(40.277950, 28.848446, 0.0)
(40.269871, 28.837770, 0.0)
(40.274372, 28.853168, 0.0)
(40.273861, 28.812754, 0.0)
(40.267590, 28.800632, 0.0)
(40.265835, 28.793056, 0.0)
(40.256878, 28.764559, 0.0)
(40.204014, 28.644672, 0.0)
(40.215313, 28.552057, 0.0)
(40.173645, 28.475981, 0.0)
(40.103451, 28.408802, 0.0)
(39.501087, 28.416655, 0.0)
(39.388397, 28.428164, 0.0)
(38.816429, 28.469122, 0.0)
(38.685974, 28.478453, 0.0)
(38.619106, 28.466291, 0.0)
(38.527168, 28.442051, 0.0)
(38.391098, 28.517076, 0.0)
(38.133232, 28.445091, 0.0)
(36.845581, 28.371185, 0.0)
(36.267906, 28.531036, 0.0)
(36.059498, 28.528528, 0.0)
(35.900043, 28.462484, 0.0)
(35.743340, 28.461229, 0.0)
(35.712070, 28.762131, 0.0)
(32.655083, 30.158012, 0.0)
(32.539959, 29.410147, 0.0)
(32.493038, 28.934622, 0.0)
(32.434883, 28.752079, 0.0)
(32.265839, 28.688768, 0.0)
(29.924341, 29.133326, 0.0)
(28.880116, 29.006754, 0.0)
(28.749304, 28.921938, 0.0)
(28.731400, 28.916681, 0.0)
(28.718109, 28.864128, 0.0)
(28.690006, 28.886442, 0.0)
(28.618965, 28.918503, 0.0)
(28.582708, 28.790224, 0.0)
(28.588575, 28.780996, 0.0)
(28.508415, 28.745501, 0.0)
(28.463644, 28.718103, 0.0)
(28.418764, 28.726480, 0.0)
(27.989616, 28.765631, 0.0)
(26.618988, 28.870258, 0.0)
(26.501987, 28.840506, 0.0)
(26.496428, 28.830057, 0.0)
(26.478127, 28.833166, 0.0)
(26.479658, 28.827816, 0.0)
(26.476557, 28.841026, 0.0)
(26.465429, 28.815712, 0.0)
(26.470070, 28.802086, 0.0)
(26.290638, 28.817247, 0.0)
(25.726330, 28.868258, 0.0)
(25.680361, 28.841852, 0.0)
(25.682745, 28.817972, 0.0)
(25.702869, 28.819433, 0.0)
(25.760122, 28.811165, 0.0)
(25.778883, 28.768841, 0.0)
(25.818497, 28.680513, 0.0)
(25.898315, 28.634501, 0.0)
(26.008118, 28.560656, 0.0)
(26.203724, 28.442846, 0.0)
(27.315128, 28.221869, 0.0)
(27.434914, 28.206417, 0.0)
(27.573391, 28.137806, 0.0)
(27.686064, 28.139030, 0.0)
(27.828180, 28.121475, 0.0)
(29.016933, 28.012394, 0.0)
(29.395687, 28.120741, 0.0)
(29.551128, 28.102268, 0.0)
(29.772003, 28.007866, 0.0)
(29.974159, 27.964706, 0.0)
(31.296844, 27.964663, 0.0)
(31.788275, 28.057583, 0.0)
(31.983831, 28.079182, 0.0)
(32.200111, 28.071175, 0.0)
(32.425632, 28.021835, 0.0)
(32.602467, 27.992580, 0.0)
(32.783634, 27.939960, 0.0)
(32.973583, 27.918625, 0.0)
(33.165031, 27.893917, 0.0)
(33.515060, 27.839287, 0.0)
(34.708344, 28.022032, 0.0)
(34.910862, 28.020439, 0.0)
(35.036552, 28.000671, 0.0)
(35.105137, 27.999660, 0.0)
(35.202290, 27.995110, 0.0)
(35.949856, 28.194220, 0.0)
(37.284737, 28.233418, 0.0)
(37.457909, 28.267866, 0.0)
(37.509624, 28.199194, 0.0)
(37.532120, 28.203644, 0.0)
(38.061039, 28.321186, 0.0)
(39.928055, 28.554968, 0.0)
(39.961552, 28.367729, 0.0)
(39.917328, 28.312540, 0.0)
(39.928795, 28.280462, 0.0)
(39.935051, 28.315990, 0.0)
(39.922218, 28.346260, 0.0)
(39.920048, 28.363480, 0.0)
(39.932922, 28.346737, 0.0)
(39.916763, 28.372952, 0.0)
(39.920086, 28.386251, 0.0)
(39.918888, 28.433882, 0.0)
(39.913174, 28.420820, 0.0)
(39.905193, 28.353775, 0.0)
(39.890575, 28.340328, 0.0)
(39.883213, 28.352993, 0.0)
(39.827091, 28.349432, 0.0)
(39.827698, 28.392668, 0.0)
(39.551266, 28.334105, 0.0)
(38.938522, 28.112501, 0.0)
(38.879707, 28.111681, 0.0)
(38.836067, 28.092432, 0.0)
(38.799507, 27.964199, 0.0)
(37.532444, 28.787661, 0.0)
(37.405563, 28.305164, 0.0)
(37.287296, 28.079754, 0.0)
(37.116062, 27.952236, 0.0)
(35.676991, 28.029959, 0.0)
(35.515388, 27.906183, 0.0)
(35.441631, 27.784718, 0.0)
(35.312336, 27.702114, 0.0)
(35.226917, 27.672495, 0.0)
(34.628395, 27.814985, 0.0)
(34.073128, 27.777111, 0.0)
(33.984016, 27.768707, 0.0)
(33.832840, 27.740015, 0.0)
(33.362759, 27.909363, 0.0)
(32.203873, 27.976189, 0.0)
(32.060108, 27.982786, 0.0)
(31.948877, 27.930422, 0.0)
(31.782055, 27.842131, 0.0)
(31.673801, 27.867775, 0.0)
(30.454283, 27.992165, 0.0)
(28.910149, 27.951406, 0.0)
(28.771799, 27.924160, 0.0)
(28.728323, 27.948132, 0.0)
(28.671532, 27.897884, 0.0)
(28.613056, 27.847511, 0.0)
(28.601885, 27.846439, 0.0)
(28.554522, 27.859886, 0.0)
(27.897064, 28.045332, 0.0)
(26.490900, 28.377741, 0.0)
(26.372301, 28.317335, 0.0)
(26.409634, 28.309744, 0.0)
(26.408064, 28.294470, 0.0)
(26.387150, 28.330818, 0.0)
(26.390635, 28.315966, 0.0)
(26.360956, 28.309273, 0.0)
(25.631027, 28.386038, 0.0)
(25.341854, 28.440777, 0.0)
(25.376057, 28.357033, 0.0)
(25.331566, 28.332911, 0.0)
(25.352499, 28.313139, 0.0)
(25.373924, 28.295658, 0.0)
(25.461725, 28.230539, 0.0)
(25.528440, 28.175728, 0.0)
(25.577349, 28.136637, 0.0)
(25.700930, 28.143946, 0.0)
(27.175539, 27.607880, 0.0)
(28.165209, 27.311159, 0.0)
(28.259781, 27.283968, 0.0)
(28.298859, 27.246668, 0.0)
(28.354313, 27.227732, 0.0)
(28.408167, 27.199322, 0.0)
(28.475779, 27.156733, 0.0)
(28.558046, 27.145449, 0.0)
(28.646355, 27.751068, 0.0)
(30.024570, 28.690979, 0.0)
(29.893190, 27.654379, 0.0)
(30.019953, 27.257816, 0.0)
(30.157524, 27.161486, 0.0)
(30.266893, 27.178530, 0.0)
(32.020092, 27.293980, 0.0)
(32.370544, 27.340260, 0.0)
(32.502937, 27.312498, 0.0)
(32.633297, 27.271713, 0.0)
(32.792103, 27.281462, 0.0)
(34.182076, 27.182110, 0.0)
(34.449497, 27.165812, 0.0)
(34.639980, 27.166935, 0.0)
(34.771717, 27.178419, 0.0)
(34.964161, 27.180119, 0.0)
(38.123634, 27.463449, 0.0)
(39.031452, 27.521132, 0.0)
(39.085312, 27.476706, 0.0)
(39.053009, 27.461903, 0.0)
(39.085747, 27.459248, 0.0)
(39.734314, 27.831608, 0.0)
(40.187828, 27.901003, 0.0)
(40.209297, 27.856216, 0.0)
(40.200089, 27.860947, 0.0)
(40.188084, 27.838461, 0.0)
(40.202282, 27.837475, 0.0)
(40.131596, 27.830572, 0.0)
(40.134022, 27.804110, 0.0)
(40.171181, 27.838211, 0.0)
(40.164036, 27.798239, 0.0)
(40.161175, 27.820164, 0.0)
(40.174129, 27.821274, 0.0)
(40.182327, 27.817728, 0.0)
(40.177120, 27.789841, 0.0)
(40.153927, 27.793427, 0.0)
(40.137024, 27.770010, 0.0)
(40.125607, 27.755676, 0.0)
(40.084621, 27.748404, 0.0)
(39.995720, 27.714529, 0.0)
(39.918221, 27.678062, 0.0)
(39.881920, 27.610447, 0.0)
(39.478477, 27.507551, 0.0)
(38.862923, 27.391209, 0.0)
(38.784344, 27.326931, 0.0)
(38.759186, 27.313860, 0.0)
(38.684750, 27.253361, 0.0)
(38.634693, 27.203442, 0.0)
(38.321636, 27.191860, 0.0)
(35.567898, 27.558098, 0.0)
(35.394421, 26.900682, 0.0)
(35.322666, 26.727865, 0.0)
(35.301617, 26.676643, 0.0)
(35.236996, 26.662418, 0.0)
(35.010597, 26.633760, 0.0)
(34.168724, 26.914761, 0.0)
(34.031303, 26.920725, 0.0)
(33.976109, 26.914051, 0.0)
(33.866779, 26.874962, 0.0)
(33.557426, 26.905632, 0.0)
(32.500061, 26.950806, 0.0)
(32.283066, 26.921637, 0.0)
(32.202892, 26.870802, 0.0)
(32.117558, 26.901478, 0.0)
(32.032936, 26.844494, 0.0)
(30.770132, 26.968178, 0.0)
(27.911469, 27.386847, 0.0)
(27.477846, 27.373928, 0.0)
(27.428719, 27.335361, 0.0)
(27.424797, 27.384274, 0.0)
(27.427294, 27.374321, 0.0)
(27.410145, 27.307808, 0.0)
(27.345718, 27.349854, 0.0)
(27.350012, 27.314524, 0.0)
(27.296185, 27.327015, 0.0)
(25.778244, 27.894724, 0.0)
(25.499701, 27.972944, 0.0)
(25.503592, 27.876657, 0.0)
(25.502235, 27.886711, 0.0)
(25.496870, 27.897795, 0.0)
(25.516275, 27.897976, 0.0)
(25.491381, 27.898340, 0.0)
(25.476547, 27.852999, 0.0)
(25.486107, 27.854105, 0.0)
(25.493320, 27.825848, 0.0)
(25.516430, 27.778793, 0.0)
(25.559757, 27.721136, 0.0)
(25.618288, 27.681982, 0.0)
(25.713465, 27.633110, 0.0)
(25.770651, 27.582994, 0.0)
(25.838320, 27.551094, 0.0)
(25.954144, 27.454872, 0.0)
(26.013115, 27.438885, 0.0)
(26.146101, 27.428709, 0.0)
(26.317375, 27.267326, 0.0)
(28.564823, 29.142145, 0.0)
(28.436316, 27.441868, 0.0)
(28.446247, 26.815895, 0.0)
(28.427330, 26.593470, 0.0)
(28.511040, 26.563305, 0.0)
(29.825291, 26.455233, 0.0)
(30.324343, 26.411104, 0.0)
(30.478504, 26.406010, 0.0)
(30.613482, 26.406815, 0.0)
(30.806890, 26.374201, 0.0)
(32.062637, 26.403032, 0.0)
(32.346554, 26.395452, 0.0)
(32.469402, 26.375183, 0.0)
(32.608418, 26.329103, 0.0)
(32.751831, 26.819487, 0.0)
(38.060127, 26.795364, 0.0)
(38.069794, 26.170307, 0.0)
(38.080830, 26.119215, 0.0)
(38.094532, 26.143463, 0.0)
(38.083702, 26.129406, 0.0)
(38.131718, 26.155865, 0.0)
(38.130745, 26.173006, 0.0)
(39.346054, 26.945133, 0.0)
(39.644360, 27.096371, 0.0)
(39.631031, 27.110935, 0.0)
(39.610622, 27.082273, 0.0)
(39.618896, 27.066616, 0.0)
(39.641705, 27.002295, 0.0)
(39.626713, 26.970728, 0.0)
(40.255241, 27.116741, 0.0)
(40.369354, 27.033079, 0.0)
(40.363499, 27.033590, 0.0)
(40.386265, 27.025640, 0.0)
(40.406204, 27.046818, 0.0)
(40.325127, 27.104765, 0.0)
(40.323700, 27.065172, 0.0)
(40.323231, 27.079422, 0.0)
(40.282909, 27.046627, 0.0)
(40.261738, 26.998106, 0.0)
(39.724789, 26.767185, 0.0)
(38.293781, 26.226625, 0.0)
(38.198872, 26.157949, 0.0)
(38.206665, 26.073372, 0.0)
(38.120022, 26.040279, 0.0)
(38.036552, 26.009878, 0.0)
(37.956593, 25.986647, 0.0)
(37.868824, 25.945307, 0.0)
(37.829700, 25.931360, 0.0)
(37.610352, 25.812403, 0.0)
(36.590569, 25.758682, 0.0)
(32.996880, 27.516951, 0.0)
(32.904255, 26.385126, 0.0)
(32.827618, 25.828640, 0.0)
(32.773178, 25.674294, 0.0)
(32.732937, 25.657686, 0.0)
(32.749035, 25.635662, 0.0)
(32.735996, 25.634056, 0.0)
(32.736389, 25.673592, 0.0)
(32.700588, 25.691404, 0.0)
(32.650269, 25.706949, 0.0)
(32.640335, 25.698290, 0.0)
(32.624683, 25.716167, 0.0)
(31.958931, 25.771587, 0.0)
(31.174620, 25.876869, 0.0)
(31.057638, 25.865055, 0.0)
(31.025862, 25.860582, 0.0)
(30.977530, 25.854080, 0.0)
(30.794176, 25.890667, 0.0)
(29.426153, 26.195765, 0.0)
(29.265482, 26.207029, 0.0)
(29.233212, 26.206160, 0.0)
(29.153744, 26.177809, 0.0)
(28.953983, 26.243927, 0.0)
(27.636116, 26.583708, 0.0)
(27.473587, 26.560139, 0.0)
(27.452469, 26.542727, 0.0)
(27.354769, 26.555288, 0.0)
(27.255381, 26.507507, 0.0)
(26.388321, 26.614052, 0.0)
(25.582724, 26.705950, 0.0)
(25.472975, 26.694277, 0.0)
(25.445059, 26.635584, 0.0)
(25.406605, 26.658577, 0.0)
(25.401972, 26.657013, 0.0)
(25.373323, 26.582293, 0.0)
(25.317087, 26.590519, 0.0)
(25.045626, 26.625839, 0.0)
(25.027452, 26.568285, 0.0)
(25.058573, 26.558544, 0.0)
(25.073910, 26.530844, 0.0)
(25.124880, 26.488920, 0.0)
(25.146152, 26.478466, 0.0)
(25.211603, 26.434536, 0.0)
(26.342449, 26.067486, 0.0)
(26.524855, 26.008718, 0.0)
(26.582445, 25.990801, 0.0)
(26.663345, 26.045094, 0.0)
(30.638298, 26.098200, 0.0)
(30.732185, 25.535990, 0.0)
(30.805292, 25.233828, 0.0)
(30.935900, 25.193708, 0.0)
(31.024792, 25.195213, 0.0)
(31.121717, 25.141098, 0.0)
(31.241127, 25.129911, 0.0)
(31.357891, 25.138834, 0.0)
(31.443171, 25.098764, 0.0)
(33.110477, 25.125399, 0.0)
(33.892754, 25.135622, 0.0)
(33.989262, 25.108179, 0.0)
(34.023403, 25.117199, 0.0)
(34.063347, 25.095995, 0.0)
(34.136925, 25.091074, 0.0)
(34.309055, 25.115385, 0.0)
(36.143799, 25.538906, 0.0)
(36.422531, 25.535378, 0.0)
(36.444580, 25.511711, 0.0)
(36.500534, 25.418234, 0.0)
(36.468987, 25.448874, 0.0)
(36.526024, 25.426044, 0.0)
(38.274220, 25.952000, 0.0)
(39.655323, 26.190641, 0.0)
(39.683811, 26.085436, 0.0)
(39.651428, 26.076883, 0.0)
(39.664467, 26.056316, 0.0)
(39.775810, 26.101656, 0.0)
(40.401001, 26.173134, 0.0)
(40.453968, 26.079969, 0.0)
(40.442005, 26.056696, 0.0)
(40.434875, 26.107813, 0.0)
(40.415943, 26.089094, 0.0)
(40.407433, 26.067755, 0.0)
(40.373932, 26.018587, 0.0)
(40.344677, 26.061855, 0.0)
(40.378242, 25.959131, 0.0)
(40.353275, 25.988598, 0.0)
(40.324165, 25.951914, 0.0)
(40.250660, 25.928205, 0.0)
(39.704342, 25.563993, 0.0)
(39.659920, 25.353176, 0.0)
(39.628189, 25.264938, 0.0)
(39.508625, 25.231102, 0.0)
(39.472729, 25.264589, 0.0)
(39.426170, 25.194407, 0.0)
(38.479416, 25.338093, 0.0)
(38.230911, 25.290052, 0.0)
(38.178516, 25.314846, 0.0)
(38.114754, 25.242430, 0.0)
(38.027386, 25.323570, 0.0)
(36.532696, 24.928181, 0.0)
(33.442417, 25.275740, 0.0)
(31.718090, 25.212988, 0.0)
(32.121109, 24.830446, 0.0)
(32.072445, 24.698578, 0.0)
(32.050415, 24.670406, 0.0)
(32.039227, 24.660879, 0.0)
(32.010986, 24.634247, 0.0)
(31.998941, 24.621962, 0.0)
(31.950321, 24.594286, 0.0)
(31.869329, 24.581818, 0.0)
(31.810049, 24.585562, 0.0)
(31.739162, 24.586058, 0.0)
(30.862640, 24.954081, 0.0)
(30.649128, 24.954088, 0.0)
(30.540579, 24.998892, 0.0)
(30.420227, 25.036648, 0.0)
(29.430058, 25.366667, 0.0)
(28.968288, 25.500278, 0.0)
(28.903225, 25.489363, 0.0)
(28.806347, 25.448086, 0.0)
(28.656590, 25.407917, 0.0)
(28.023922, 25.644222, 0.0)
(27.175009, 25.769165, 0.0)
(27.082985, 25.792643, 0.0)
(27.001318, 25.776518, 0.0)
(26.964767, 25.789391, 0.0)
(26.823706, 25.808157, 0.0)
(25.681942, 26.297436, 0.0)
(25.554050, 26.330036, 0.0)
(25.599468, 26.227751, 0.0)
(25.538252, 26.209351, 0.0)
(25.486666, 26.167538, 0.0)
(25.458340, 26.183565, 0.0)
(25.456369, 26.216270, 0.0)
(25.479548, 26.215973, 0.0)
(25.521597, 26.200991, 0.0)
(25.534925, 26.199667, 0.0)
(25.530005, 26.152517, 0.0)
(25.640041, 26.109684, 0.0)
(27.711454, 25.280794, 0.0)
(27.849710, 25.164286, 0.0)
(27.925232, 25.151392, 0.0)
(28.018167, 25.117582, 0.0)
(28.102161, 25.101187, 0.0)
(28.207281, 25.087179, 0.0)
(28.249880, 25.036535, 0.0)
(28.894934, 26.009050, 0.0)
(32.968685, 26.381958, 0.0)
(32.756824, 25.319117, 0.0)
(32.715462, 24.782673, 0.0)
(32.722481, 24.609934, 0.0)
(32.711838, 24.579395, 0.0)
(32.713268, 24.568899, 0.0)
(32.719513, 24.576035, 0.0)
(32.732719, 24.560347, 0.0)
(32.746353, 24.525873, 0.0)
(32.807770, 24.479462, 0.0)
(32.854050, 24.464289, 0.0)
(32.936356, 24.461485, 0.0)
(33.780022, 24.600216, 0.0)
(36.049450, 24.839624, 0.0)
(36.212315, 24.775829, 0.0)
(36.216465, 24.766579, 0.0)
(36.267635, 24.737122, 0.0)
(36.983650, 24.918806, 0.0)
(39.125912, 25.514381, 0.0)
(39.331665, 25.378880, 0.0)
(39.330959, 25.406593, 0.0)
(39.375301, 25.413946, 0.0)
(39.331879, 25.411179, 0.0)
(39.319637, 25.420750, 0.0)
(39.340382, 25.376804, 0.0)
(39.453392, 25.484512, 0.0)
(40.150318, 25.803448, 0.0)
(40.139172, 25.813017, 0.0)
(40.103054, 25.796923, 0.0)
(40.094158, 25.757183, 0.0)
(40.106930, 25.765097, 0.0)
(40.121716, 25.723658, 0.0)
(40.132473, 25.763508, 0.0)
(40.115227, 25.697304, 0.0)
(40.139618, 25.744726, 0.0)
(40.144680, 25.682617, 0.0)
(40.117989, 25.704206, 0.0)
(40.090294, 25.739470, 0.0)
(40.077072, 25.734520, 0.0)
(39.998150, 25.725683, 0.0)
(39.376892, 25.259363, 0.0)
(39.325420, 25.170326, 0.0)
(39.329178, 25.149250, 0.0)
(39.182461, 25.050632, 0.0)
(39.158787, 25.057251, 0.0)
(39.053497, 25.023241, 0.0)
(38.975056, 25.036036, 0.0)
(38.820179, 25.084152, 0.0)
(34.798481, 25.040796, 0.0)
(34.644386, 24.309244, 0.0)
(34.618080, 24.225969, 0.0)
(34.649792, 24.202215, 0.0)
(34.641979, 24.230288, 0.0)
(34.657372, 24.273399, 0.0)
(34.584972, 24.283550, 0.0)
(34.534424, 24.264746, 0.0)
(34.442215, 24.358335, 0.0)
(30.149664, 25.703951, 0.0)
(30.202110, 24.606827, 0.0)
(30.177366, 24.271425, 0.0)
(30.210560, 24.253990, 0.0)
(30.211485, 24.282272, 0.0)
(30.184200, 24.291283, 0.0)
(30.159435, 24.291237, 0.0)
(29.995760, 24.324757, 0.0)
(27.095221, 25.347446, 0.0)
(26.403873, 25.542343, 0.0)
(26.388308, 25.559500, 0.0)
(26.384333, 25.514704, 0.0)
(26.397108, 25.481394, 0.0)
(26.392838, 25.454721, 0.0)
(26.383673, 25.451620, 0.0)
(26.279787, 25.391304, 0.0)
(24.617180, 26.509064, 0.0)
(24.741022, 25.922699, 0.0)
(24.802423, 25.855913, 0.0)
(24.838085, 25.851685, 0.0)
(24.809811, 25.864630, 0.0)
(24.800041, 25.879374, 0.0)
(24.806679, 25.864923, 0.0)
(24.816889, 25.884964, 0.0)
(24.871950, 25.852934, 0.0)
(24.894451, 25.801399, 0.0)
(24.909044, 25.773102, 0.0)
(24.928072, 25.712374, 0.0)
(25.062197, 25.612650, 0.0)
(27.434698, 24.634750, 0.0)
(27.480684, 24.548443, 0.0)
(27.449711, 24.534582, 0.0)
(27.497992, 24.441200, 0.0)
(27.549252, 24.851387, 0.0)
(31.678591, 23.747753, 0.0)
(31.635887, 23.083645, 0.0)
(31.610102, 23.017427, 0.0)
(31.648901, 22.997217, 0.0)
(31.649048, 23.069216, 0.0)
(31.698902, 23.046846, 0.0)
(31.658630, 22.993872, 0.0)
(31.732124, 23.004597, 0.0)
(32.962135, 23.190458, 0.0)
(33.030041, 23.167980, 0.0)
(33.021797, 23.159330, 0.0)
(33.020912, 23.123730, 0.0)
(33.015205, 23.072189, 0.0)
(33.264915, 23.979088, 0.0)
(37.708820, 24.689762, 0.0)
(37.414062, 23.466476, 0.0)
(37.365826, 23.251858, 0.0)
(37.346584, 23.327810, 0.0)
(37.330570, 23.333839, 0.0)
(37.325199, 23.373699, 0.0)
(37.312851, 23.389021, 0.0)
(37.305103, 23.389528, 0.0)
(37.320976, 23.422569, 0.0)
(37.303883, 23.413187, 0.0)
(37.326748, 23.401958, 0.0)
(37.346588, 23.368830, 0.0)
(39.015278, 24.178165, 0.0)
(39.600811, 24.473015, 0.0)
(39.603180, 24.517736, 0.0)
(39.569469, 24.472193, 0.0)
(39.589531, 24.474331, 0.0)
(39.577564, 24.464918, 0.0)
(39.539421, 24.489494, 0.0)
(39.549946, 24.486414, 0.0)
(39.557755, 24.453548, 0.0)
(39.571651, 24.468367, 0.0)
(39.576336, 24.448849, 0.0)
(39.534489, 24.448656, 0.0)
(39.519455, 24.486597, 0.0)
(39.519146, 24.498953, 0.0)
(39.661770, 24.611088, 0.0)
(39.663815, 24.633846, 0.0)
(39.643154, 24.610449, 0.0)
(39.634556, 24.606176, 0.0)
(39.606644, 24.583763, 0.0)
(39.535042, 24.543131, 0.0)
(39.512009, 24.468418, 0.0)
(39.472649, 24.412884, 0.0)
(39.356785, 24.310852, 0.0)
(39.271481, 24.251245, 0.0)
(38.213570, 23.826721, 0.0)
(38.021744, 23.815523, 0.0)
(37.958714, 23.800549, 0.0)
(37.884548, 23.803623, 0.0)
(37.699421, 23.753296, 0.0)
(36.427475, 23.453371, 0.0)
(33.082821, 23.057724, 0.0)
(33.020607, 22.734480, 0.0)
(33.016979, 22.774038, 0.0)
(32.990032, 22.814295, 0.0)
(32.967678, 22.824783, 0.0)
(32.946678, 22.849457, 0.0)
(32.906078, 22.856680, 0.0)
(32.884556, 22.854719, 0.0)
(32.835960, 22.774008, 0.0)
(30.600576, 23.578022, 0.0)
(30.572981, 23.161091, 0.0)
(30.565502, 23.204353, 0.0)
(30.527056, 23.210157, 0.0)
(29.987059, 23.391729, 0.0)
(26.931437, 24.256094, 0.0)
(26.155724, 24.462397, 0.0)
(26.138330, 24.413170, 0.0)
(26.161118, 24.314362, 0.0)
(26.128611, 24.310379, 0.0)
(26.054386, 24.275585, 0.0)
(26.047953, 24.275585, 0.0)
(26.000576, 24.253950, 0.0)
(24.879934, 24.876776, 0.0)
(24.707626, 24.902964, 0.0)
(24.729248, 24.894154, 0.0)
(24.728622, 24.826466, 0.0)
(24.735859, 24.797239, 0.0)
(24.748045, 24.785849, 0.0)
(24.770258, 24.738792, 0.0)
(24.791937, 24.713331, 0.0)
(24.783726, 24.698502, 0.0)
(24.812618, 24.628372, 0.0)
(24.805134, 24.619085, 0.0)
(24.824209, 24.618401, 0.0)
(24.859224, 24.557257, 0.0)
(24.942980, 24.410158, 0.0)
(25.011011, 24.389219, 0.0)
(25.050009, 24.386732, 0.0)
(25.135469, 24.322969, 0.0)
(29.164053, 23.557917, 0.0)
(29.484152, 22.579655, 0.0)
(29.600048, 22.525927, 0.0)
(29.621077, 22.575676, 0.0)
(29.660450, 22.598392, 0.0)
(29.746576, 22.594574, 0.0)
(29.778072, 22.591677, 0.0)
(29.720377, 22.588114, 0.0)
(34.208992, 22.646770, 0.0)
(33.908566, 22.190077, 0.0)
(33.932194, 22.208729, 0.0)
(33.930187, 22.248608, 0.0)
(33.941124, 22.273783, 0.0)
(33.899544, 22.259501, 0.0)
(33.898277, 22.288162, 0.0)
(33.902439, 22.303656, 0.0)
(33.882477, 22.297344, 0.0)
(33.917049, 22.310942, 0.0)
(33.958569, 22.327568, 0.0)
(34.988792, 22.475464, 0.0)
(37.321442, 23.127840, 0.0)
(38.088387, 23.361172, 0.0)
(38.074509, 23.329199, 0.0)
(38.061020, 23.283258, 0.0)
(38.033558, 23.282827, 0.0)
(38.049015, 23.257132, 0.0)
(38.052151, 23.271795, 0.0)
(38.996559, 23.697216, 0.0)
(39.666679, 23.988617, 0.0)
(39.707848, 24.005383, 0.0)
(39.668934, 24.041752, 0.0)
(39.637741, 24.013994, 0.0)
(39.637501, 23.986561, 0.0)
(39.656445, 23.947153, 0.0)
(39.629795, 23.972572, 0.0)
(39.619667, 23.991011, 0.0)
(39.629417, 23.970339, 0.0)
(39.624863, 24.018545, 0.0)
(39.580666, 24.124874, 0.0)
(39.286510, 24.587284, 0.0)
(39.221386, 23.552675, 0.0)
(39.085117, 23.308598, 0.0)
(39.051964, 23.334894, 0.0)
(39.034492, 23.351753, 0.0)
(39.016788, 23.312691, 0.0)
(38.977573, 23.289846, 0.0)
(38.929760, 23.294827, 0.0)
(36.970261, 23.205420, 0.0)
(32.828445, 22.071989, 0.0)
(32.752640, 21.613605, 0.0)
(32.745514, 21.538712, 0.0)
(32.770260, 21.572924, 0.0)
(32.791615, 21.560886, 0.0)
(32.799450, 21.512907, 0.0)
(32.794243, 21.510620, 0.0)
(32.791550, 21.509333, 0.0)
(32.789501, 21.518917, 0.0)
(32.818691, 21.495262, 0.0)
(32.779133, 21.507624, 0.0)
(27.291853, 23.197325, 0.0)
(27.308544, 22.635132, 0.0)
(27.346590, 22.616615, 0.0)
(27.328119, 22.612972, 0.0)
(27.302719, 22.568075, 0.0)
(27.294460, 22.531441, 0.0)
(27.283237, 22.509661, 0.0)
(27.236675, 22.525057, 0.0)
(27.196167, 22.538046, 0.0)
(27.193661, 22.543819, 0.0)
(29.092316, 22.487545, 0.0)
(29.043961, 22.481707, 0.0)
(28.959391, 22.474894, 0.0)
(28.881115, 22.454878, 0.0)
(28.841820, 22.444950, 0.0)
(28.271875, 22.803713, 0.0)
(26.989660, 23.341713, 0.0)
(26.896307, 23.336613, 0.0)
(26.854010, 23.341581, 0.0)
(26.801386, 23.316467, 0.0)
(26.772886, 23.319651, 0.0)
(25.675707, 23.861275, 0.0)
(25.387283, 23.977001, 0.0)
(25.390734, 23.875086, 0.0)
(25.349894, 23.898005, 0.0)
(25.310596, 23.892269, 0.0)
(24.673212, 24.263987, 0.0)
(24.601156, 24.262564, 0.0)
(24.614275, 24.268559, 0.0)
(24.610777, 24.249937, 0.0)
(24.633268, 24.228491, 0.0)
(24.650763, 24.201399, 0.0)
(24.668303, 24.183210, 0.0)
(24.716515, 24.021969, 0.0)
(28.405146, 22.234789, 0.0)
(28.497347, 21.989237, 0.0)
(28.549398, 22.022015, 0.0)
(28.604090, 21.997154, 0.0)
(28.647797, 21.994696, 0.0)
(28.715092, 21.908186, 0.0)
(35.779274, 22.048780, 0.0)
(35.730816, 21.830345, 0.0)
(35.661224, 21.804319, 0.0)
(35.684624, 21.821539, 0.0)
(35.641888, 21.800751, 0.0)
(31.746744, 22.058979, 0.0)
(30.541876, 22.265924, 0.0)
(30.619709, 22.179365, 0.0)
(30.747332, 22.101519, 0.0)
(32.477909, 21.944561, 0.0)
(32.705029, 21.851820, 0.0)
(32.815018, 21.800646, 0.0)
(33.058445, 21.751568, 0.0)
(33.164566, 21.710299, 0.0)
(33.462833, 21.696533, 0.0)
(34.586151, 21.791162, 0.0)
(34.751133, 21.749783, 0.0)
(34.858280, 21.761600, 0.0)
(34.937302, 21.752333, 0.0)
(35.047764, 21.767605, 0.0)
(37.159801, 22.404881, 0.0)
(38.097157, 22.734318, 0.0)
(38.175449, 22.678326, 0.0)
(38.187225, 22.696468, 0.0)
(38.184418, 22.654804, 0.0)
(38.252144, 22.631907, 0.0)
(38.362160, 22.646154, 0.0)
(38.500500, 22.691856, 0.0)
(39.708794, 22.985447, 0.0)
(39.771133, 23.073603, 0.0)
(39.733665, 23.066797, 0.0)
(39.705791, 23.047010, 0.0)
(39.681198, 23.038006, 0.0)
(39.651657, 23.018085, 0.0)
(39.651131, 23.028627, 0.0)
(39.649876, 22.997803, 0.0)
(39.620808, 22.950626, 0.0)
(39.577168, 22.929157, 0.0)
(39.507294, 22.887180, 0.0)
(39.467251, 22.820210, 0.0)
(39.238537, 22.683451, 0.0)
(38.089817, 22.094856, 0.0)
(37.995209, 22.100128, 0.0)
(38.044010, 22.009897, 0.0)
(38.027786, 21.945839, 0.0)
(37.912540, 22.094315, 0.0)
(36.445969, 21.510164, 0.0)
(36.404312, 21.443327, 0.0)
(36.377304, 21.488268, 0.0)
(36.326672, 21.458015, 0.0)
(36.193367, 21.465578, 0.0)
(35.908718, 21.702677, 0.0)
(33.056862, 22.470484, 0.0)
(32.745525, 21.577879, 0.0)
(32.706841, 21.398199, 0.0)
(32.684277, 21.398941, 0.0)
(32.674072, 21.391546, 0.0)
(32.656788, 21.360624, 0.0)
(32.610767, 21.407305, 0.0)
(32.583801, 21.402035, 0.0)
(31.850513, 21.555038, 0.0)
(30.223709, 21.661539, 0.0)
(30.146955, 21.606098, 0.0)
(30.126030, 21.571609, 0.0)
(30.069847, 21.568399, 0.0)
(29.656164, 21.607224, 0.0)
(25.625923, 22.756353, 0.0)
(25.697905, 22.832012, 0.0)
(25.713835, 22.880285, 0.0)
(25.715689, 22.895439, 0.0)
(25.720943, 22.879053, 0.0)
(25.712837, 22.863312, 0.0)
(25.617130, 22.897764, 0.0)
(24.739992, 23.593473, 0.0)
(24.725639, 23.599854, 0.0)
(24.761261, 23.514658, 0.0)
(24.776163, 23.476851, 0.0)
(24.747253, 23.475573, 0.0)
(24.747931, 23.465715, 0.0)
(24.724752, 23.507410, 0.0)
(24.810305, 23.265623, 0.0)
(25.653940, 22.656200, 0.0)
(25.698023, 22.430834, 0.0)
(25.768286, 22.549150, 0.0)
(25.831089, 22.544239, 0.0)
(25.835003, 22.522795, 0.0)
(25.879705, 22.472626, 0.0)
(25.905886, 22.429186, 0.0)
(26.692347, 22.144823, 0.0)
(29.483438, 21.439804, 0.0)
(29.541246, 21.340242, 0.0)
(29.535418, 21.290743, 0.0)
(29.554491, 21.271708, 0.0)
(29.567133, 21.271927, 0.0)
(31.121025, 21.406387, 0.0)
(31.066851, 20.989859, 0.0)
(31.029997, 20.995989, 0.0)
(31.046032, 21.022015, 0.0)
(31.093687, 21.007336, 0.0)
(31.118320, 21.026497, 0.0)
(31.118425, 21.004927, 0.0)
(31.130051, 20.979975, 0.0)
(31.170500, 20.970076, 0.0)
(31.228922, 20.901443, 0.0)
(33.591202, 20.855835, 0.0)
(33.687511, 20.820410, 0.0)
(33.678356, 20.788130, 0.0)
(33.721470, 20.780333, 0.0)
(33.784946, 20.772903, 0.0)
(33.828884, 20.745556, 0.0)
(34.276104, 20.858688, 0.0)
(36.113216, 21.386206, 0.0)
(36.206707, 21.374113, 0.0)
(36.225040, 21.318298, 0.0)
(36.292221, 21.321964, 0.0)
(36.338863, 21.326273, 0.0)
(37.171906, 21.618275, 0.0)
(38.841381, 22.304085, 0.0)
(38.906834, 22.298058, 0.0)
(38.842663, 22.308113, 0.0)
(38.847733, 22.328346, 0.0)
(38.825497, 22.347555, 0.0)
(38.771824, 22.339922, 0.0)
(38.749569, 22.319334, 0.0)
(38.738777, 22.340147, 0.0)
(38.719799, 22.304319, 0.0)
(38.741920, 22.294506, 0.0)
(38.749352, 22.293253, 0.0)
(38.751446, 22.257448, 0.0)
(38.728683, 22.234364, 0.0)
(38.705780, 22.243076, 0.0)
(38.715652, 22.269684, 0.0)
(38.723076, 22.267862, 0.0)
(38.680481, 22.250605, 0.0)
(38.662334, 22.319944, 0.0)
(38.656158, 22.316458, 0.0)
(38.624928, 22.277288, 0.0)
(38.605728, 22.394991, 0.0)
(39.020859, 23.296856, 0.0)
(39.830238, 24.459187, 0.0)
(39.729565, 24.056051, 0.0)
(39.577358, 24.085632, 0.0)
(39.564537, 24.083986, 0.0)
(39.608810, 24.117029, 0.0)
(39.604118, 24.132683, 0.0)
(39.608955, 24.148170, 0.0)
(39.604168, 24.164604, 0.0)
(40.063313, 25.285706, 0.0)
(40.367405, 26.843233, 0.0)
(40.315620, 27.038227, 0.0)
(40.251614, 26.992060, 0.0)
(40.215172, 27.007874, 0.0)
(40.183296, 27.049631, 0.0)
(40.158096, 27.071663, 0.0)
(40.168953, 27.111246, 0.0)
(40.161125, 27.156399, 0.0)
(40.151672, 27.153603, 0.0)
(40.167152, 27.175724, 0.0)
(40.170620, 27.181610, 0.0)
(40.158398, 27.178280, 0.0)
(40.279079, 27.768961, 0.0)
(40.362453, 28.643517, 0.0)
(40.215843, 30.438566, 0.0)
(40.150337, 30.041426, 0.0)
(40.083839, 30.095810, 0.0)
(40.046997, 30.052874, 0.0)
(40.039013, 30.057899, 0.0)
(40.053951, 30.080097, 0.0)
(40.019215, 30.063557, 0.0)
(40.011723, 30.066635, 0.0)
(39.990677, 30.051405, 0.0)
(39.998837, 30.094570, 0.0)
(39.987812, 30.094215, 0.0)
(39.950863, 30.085684, 0.0)
(39.906422, 30.832222, 0.0)
(39.853172, 31.017891, 0.0)
(39.836082, 30.892553, 0.0)
(39.805706, 30.996645, 0.0)
(39.781319, 31.003254, 0.0)
(39.782421, 30.971254, 0.0)
(39.783745, 30.920710, 0.0)
(39.758186, 30.954576, 0.0)
(39.719654, 30.904808, 0.0)
(39.669212, 30.966814, 0.0)
(39.630238, 30.922714, 0.0)
(39.596977, 30.819540, 0.0)
(39.543156, 30.759029, 0.0)
(39.764896, 30.577673, 0.0)
(39.848694, 30.295139, 0.0)
(39.812893, 30.136805, 0.0)
(39.800426, 29.929440, 0.0)
(39.918896, 29.534201, 0.0)
(40.051247, 28.889780, 0.0)
(40.062698, 28.704861, 0.0)
(40.064278, 28.682030, 0.0)
(40.031288, 28.551228, 0.0)
(40.037518, 28.427416, 0.0)
(40.052895, 28.654364, 0.0)
(39.949074, 25.981382, 0.0)
(39.869835, 25.184046, 0.0)
(39.815357, 25.224630, 0.0)
(39.795708, 25.190321, 0.0)
(39.799976, 25.194740, 0.0)
(39.737530, 25.161253, 0.0)
(39.713043, 25.141413, 0.0)
(39.720333, 25.135168, 0.0)
(39.743244, 25.090696, 0.0)
(39.981064, 25.437656, 0.0)
(39.986137, 25.426453, 0.0)
(39.936562, 25.354465, 0.0)
(39.934132, 25.319241, 0.0)
(39.925224, 25.191490, 0.0)
(39.940186, 25.141806, 0.0)
(39.918762, 25.067776, 0.0)
(39.890945, 24.967503, 0.0)
(39.868027, 24.629906, 0.0)
(39.756454, 24.126644, 0.0)
(39.693447, 23.960588, 0.0)
(39.674198, 23.923077, 0.0)
(39.639576, 23.893333, 0.0)
(39.606552, 23.058319, 0.0)
(39.506386, 22.838333, 0.0)
(39.540634, 22.808254, 0.0)
(39.518845, 22.759085, 0.0)
(39.459579, 22.710447, 0.0)
(39.441105, 22.702391, 0.0)
(39.434692, 22.677639, 0.0)
(39.400238, 22.643368, 0.0)
(39.358723, 22.588236, 0.0)
(39.356991, 22.570690, 0.0)
(39.333294, 22.552874, 0.0)
(39.311993, 22.524401, 0.0)
(39.135227, 22.651176, 0.0)
(38.744278, 22.946806, 0.0)
(39.047859, 24.509695, 0.0)
(38.983643, 24.324713, 0.0)
(38.937160, 24.317757, 0.0)
(38.926899, 24.369881, 0.0)
(38.942257, 24.375708, 0.0)
(38.943943, 24.395720, 0.0)
(38.967880, 24.414274, 0.0)
(38.980049, 24.470217, 0.0)
(39.335106, 24.866283, 0.0)
(39.356125, 24.961172, 0.0)
(39.354931, 24.968973, 0.0)
(39.338840, 24.976210, 0.0)
(39.373589, 26.251263, 0.0)
(39.541203, 26.701149, 0.0)
(39.450073, 26.612972, 0.0)
(39.450851, 26.647808, 0.0)
(39.453026, 26.659208, 0.0)
(39.442097, 26.644011, 0.0)
(39.427444, 26.696949, 0.0)
(39.434185, 26.719603, 0.0)
(39.433777, 26.705009, 0.0)
(39.449375, 26.778948, 0.0)
(39.493904, 28.052578, 0.0)
(39.672333, 29.331924, 0.0)
(39.606743, 29.437103, 0.0)
(39.508163, 29.436682, 0.0)
(39.478119, 29.451649, 0.0)
(39.449406, 29.492483, 0.0)
(39.435005, 29.464891, 0.0)
(39.444557, 29.479879, 0.0)
(39.436344, 29.483511, 0.0)
(39.413525, 29.468132, 0.0)
(39.450203, 29.439556, 0.0)
(39.432140, 29.431795, 0.0)
(39.430565, 29.424431, 0.0)
(39.264954, 30.385580, 0.0)
(39.301991, 30.754694, 0.0)
(39.255020, 30.961687, 0.0)
(39.229641, 30.878746, 0.0)
(39.157578, 30.894447, 0.0)
(39.135738, 30.933157, 0.0)
(39.130375, 30.912777, 0.0)
(39.123470, 30.884546, 0.0)
(39.106537, 30.930698, 0.0)
(39.092461, 30.902609, 0.0)
(39.081863, 30.852528, 0.0)
(39.072941, 30.896038, 0.0)
(39.035309, 30.914152, 0.0)
(38.434113, 30.487701, 0.0)
(38.248661, 30.260015, 0.0)
(38.216877, 30.207016, 0.0)
(38.745770, 29.999573, 0.0)
(38.835419, 29.850531, 0.0)
(38.805199, 29.769361, 0.0)
(38.796246, 29.668447, 0.0)
(38.813633, 29.545359, 0.0)
(38.849548, 29.406040, 0.0)
(38.845139, 29.326094, 0.0)
(38.860897, 29.217415, 0.0)
(38.845158, 29.099524, 0.0)
(39.027248, 28.791740, 0.0)
(39.047001, 28.584394, 0.0)
(39.005939, 28.476322, 0.0)
(39.010918, 28.383476, 0.0)
(39.003040, 28.298359, 0.0)
(38.973995, 28.176531, 0.0)
(38.979137, 28.208645, 0.0)
(38.961983, 24.727119, 0.0)
(38.956051, 23.882423, 0.0)
(38.907497, 23.867908, 0.0)
(38.879086, 23.846693, 0.0)
(38.830368, 23.828558, 0.0)
(38.823380, 23.850292, 0.0)
(38.786228, 23.865440, 0.0)
(38.744495, 23.839930, 0.0)
(38.722267, 23.836630, 0.0)
(38.696960, 23.813711, 0.0)
(38.727825, 23.776190, 0.0)
(38.721199, 23.712046, 0.0)
(38.524128, 22.896816, 0.0)
(38.440002, 22.445230, 0.0)
(38.463531, 22.448709, 0.0)
(38.419136, 22.475544, 0.0)
(38.389545, 22.452620, 0.0)
(38.359360, 22.497074, 0.0)
(38.365746, 22.506666, 0.0)
(38.364937, 22.490931, 0.0)
(38.368893, 22.510023, 0.0)
(38.360485, 22.499767, 0.0)
(38.459309, 22.462515, 0.0)
(38.457237, 22.337765, 0.0)
(38.488873, 22.320778, 0.0)
(38.482430, 22.308277, 0.0)
(38.462692, 22.285379, 0.0)
(38.451900, 22.277842, 0.0)
(38.420750, 22.267385, 0.0)
(38.420750, 22.267385, 0.0)
(38.110493, 22.177860, 0.0)
(38.025593, 22.148754, 0.0)
(38.007458, 22.133684, 0.0)
(37.978439, 22.066528, 0.0)
(37.977394, 22.189907, 0.0)
(38.256279, 24.738462, 0.0)
(38.141041, 24.004923, 0.0)
(38.163349, 24.009083, 0.0)
(38.092308, 23.995626, 0.0)
(38.102631, 24.001884, 0.0)
(38.112171, 24.023851, 0.0)
(38.107235, 24.208565, 0.0)
(38.309452, 26.258318, 0.0)
(38.290890, 25.596884, 0.0)
(38.291725, 25.545967, 0.0)
(38.303322, 25.592123, 0.0)
(38.309624, 25.618935, 0.0)
(38.295296, 25.632778, 0.0)
(38.290939, 25.634525, 0.0)
(38.303795, 25.674862, 0.0)
(38.341080, 26.886534, 0.0)
(38.279640, 27.293016, 0.0)
(38.254684, 27.311655, 0.0)
(38.240932, 27.346712, 0.0)
(38.222427, 27.337557, 0.0)
(38.223785, 27.433073, 0.0)
(38.117290, 27.486801, 0.0)
(38.373173, 29.743685, 0.0)
(38.322075, 29.498135, 0.0)
(38.355541, 29.513090, 0.0)
(38.350403, 29.480736, 0.0)
(38.332203, 29.504847, 0.0)
(38.337608, 29.486296, 0.0)
(38.313732, 29.457781, 0.0)
(38.265995, 29.703997, 0.0)
(38.046413, 30.119904, 0.0)
(37.961910, 30.218884, 0.0)
(37.950233, 30.211842, 0.0)
(37.932064, 30.222979, 0.0)
(37.932919, 30.188902, 0.0)
(37.901161, 30.230803, 0.0)
(37.897018, 30.216158, 0.0)
(37.892109, 30.192513, 0.0)
(37.700367, 29.665409, 0.0)
(37.571564, 28.629263, 0.0)
(37.530556, 28.564365, 0.0)
(37.535328, 28.545973, 0.0)
(37.530678, 28.523411, 0.0)
(37.493286, 28.481634, 0.0)
(37.460861, 28.527681, 0.0)
(37.437355, 28.504616, 0.0)
(37.453152, 28.439560, 0.0)
(37.451324, 28.358603, 0.0)
(37.899078, 29.193539, 0.0)
(37.848740, 29.265417, 0.0)
(37.789913, 29.058355, 0.0)
(37.728199, 28.884844, 0.0)
(37.750492, 28.694580, 0.0)
(37.703781, 28.481211, 0.0)
(37.653225, 28.309187, 0.0)
(37.651344, 28.160507, 0.0)
(37.642021, 28.188377, 0.0)
(37.642025, 28.078812, 0.0)
(37.610519, 28.028215, 0.0)
(37.647179, 27.878431, 0.0)
(37.615585, 27.800739, 0.0)
(37.422661, 27.517698, 0.0)
(37.442699, 27.465286, 0.0)
(37.424667, 27.261538, 0.0)
(37.454662, 27.202057, 0.0)
(37.446762, 27.005590, 0.0)
(37.415813, 26.912430, 0.0)
(37.466057, 26.679901, 0.0)
(37.577915, 26.102983, 0.0)
(37.645100, 25.979156, 0.0)
(37.663120, 25.913725, 0.0)
(37.589195, 25.768490, 0.0)
(37.572254, 25.378891, 0.0)
(37.326843, 24.054701, 0.0)
(37.299213, 23.816076, 0.0)
(37.292141, 23.717648, 0.0)
(37.327168, 22.955259, 0.0)
(37.247936, 21.959564, 0.0)
(37.195183, 21.898438, 0.0)
(37.174191, 21.917196, 0.0)
(37.151123, 21.905777, 0.0)
(37.154774, 21.885046, 0.0)
(37.110489, 21.875542, 0.0)
(37.114452, 21.829744, 0.0)
(37.092819, 21.812078, 0.0)
(37.085953, 21.795622, 0.0)
(37.083389, 21.724302, 0.0)
(37.086704, 21.718193, 0.0)
(37.106781, 21.693024, 0.0)
(37.064857, 21.694489, 0.0)
(37.024693, 21.687946, 0.0)
(37.020645, 21.694853, 0.0)
(37.040287, 21.670969, 0.0)
(36.430897, 21.429371, 0.0)
(36.347500, 21.401810, 0.0)
(36.351940, 21.390860, 0.0)
(36.333607, 21.388334, 0.0)
(36.322025, 21.373466, 0.0)
(36.328190, 21.397352, 0.0)
(35.969585, 21.748508, 0.0)
(36.540504, 23.451952, 0.0)
(36.498020, 23.143301, 0.0)
(36.520775, 23.283018, 0.0)
(36.514530, 23.302336, 0.0)
(36.464767, 23.269144, 0.0)
(36.641895, 25.502319, 0.0)
(36.611000, 24.991926, 0.0)
(36.579174, 25.004623, 0.0)
(36.583828, 25.065357, 0.0)
(36.581764, 25.093248, 0.0)
(36.586288, 25.154034, 0.0)
(36.589874, 25.159420, 0.0)
(36.592125, 25.887827, 0.0)
(36.606159, 26.527983, 0.0)
(36.566994, 26.589272, 0.0)
(36.548008, 26.526285, 0.0)
(36.543297, 26.543982, 0.0)
(36.548771, 26.564995, 0.0)
(36.854225, 31.580189, 0.0)
(36.875061, 30.697199, 0.0)
(36.783497, 30.392759, 0.0)
(36.753326, 30.312702, 0.0)
(36.737011, 30.252163, 0.0)
(36.721306, 30.239202, 0.0)
(36.746273, 30.277403, 0.0)
(36.742306, 30.256292, 0.0)
(36.746758, 30.289278, 0.0)
(36.711136, 30.319510, 0.0)
(36.712509, 30.328794, 0.0)
(36.699097, 30.349295, 0.0)
(36.702522, 30.328985, 0.0)
(36.591034, 30.797262, 0.0)
(36.548519, 30.942936, 0.0)
(36.521107, 30.990948, 0.0)
(36.515743, 30.969589, 0.0)
(36.528343, 30.941057, 0.0)
(36.107861, 31.124926, 0.0)
(35.562325, 31.293394, 0.0)
(35.505108, 31.337374, 0.0)
(35.480705, 31.341612, 0.0)
(35.457924, 31.309181, 0.0)
(35.471622, 31.280537, 0.0)
(35.468815, 31.260324, 0.0)
(35.507790, 31.213194, 0.0)
(36.054462, 30.781733, 0.0)
(36.002487, 30.511789, 0.0)
(35.957222, 30.406433, 0.0)
(35.999626, 30.269852, 0.0)
(36.001060, 30.111660, 0.0)
(35.951893, 29.867098, 0.0)
(35.840237, 29.592596, 0.0)
(35.829430, 26.725275, 0.0)
(35.797470, 25.787493, 0.0)
(35.766094, 25.580524, 0.0)
(35.753056, 25.526941, 0.0)
(35.743782, 25.488062, 0.0)
(35.811157, 25.370554, 0.0)
(35.772995, 25.310146, 0.0)
(35.763031, 25.291471, 0.0)
(35.790863, 25.281055, 0.0)
(35.849297, 25.406593, 0.0)
(35.969765, 25.773661, 0.0)
(35.927048, 25.672045, 0.0)
(35.908863, 25.596689, 0.0)
(35.915577, 25.507906, 0.0)
(35.851597, 25.328823, 0.0)
(35.909424, 25.201412, 0.0)
(35.841911, 24.815016, 0.0)
(35.844788, 24.122478, 0.0)
(35.789345, 23.934586, 0.0)
(35.726791, 23.852434, 0.0)
(35.480629, 22.919033, 0.0)
(35.440571, 21.980892, 0.0)
(35.435894, 21.917332, 0.0)
(35.368481, 21.869139, 0.0)
(35.340359, 21.870350, 0.0)
(35.124737, 21.428965, 0.0)
(35.122128, 21.217411, 0.0)
(35.139748, 21.159277, 0.0)
(35.113216, 21.153500, 0.0)
(35.083805, 21.136917, 0.0)
(35.068676, 21.125847, 0.0)
(35.499653, 21.287384, 0.0)
(35.537025, 21.360146, 0.0)
(35.487415, 21.327337, 0.0)
(35.469460, 21.333651, 0.0)
(35.467686, 21.298346, 0.0)
(35.441418, 21.263695, 0.0)
(35.429337, 21.292307, 0.0)
(35.065498, 21.335506, 0.0)
(34.519539, 21.365499, 0.0)
(34.470684, 21.327473, 0.0)
(34.457733, 21.331709, 0.0)
(34.399147, 21.384615, 0.0)
(34.413433, 21.816624, 0.0)
(34.616158, 23.368547, 0.0)
(34.564167, 23.366701, 0.0)
(34.593521, 23.397675, 0.0)
(34.587601, 23.411818, 0.0)
(34.530563, 23.435024, 0.0)
(34.999405, 25.701176, 0.0)
(34.921585, 25.326561, 0.0)
(34.900642, 25.384035, 0.0)
(34.888565, 25.401661, 0.0)
(34.905552, 25.430990, 0.0)
(34.926262, 25.487850, 0.0)
(34.857922, 26.458897, 0.0)
(34.756783, 26.696648, 0.0)
(34.725868, 26.722588, 0.0)
(34.688915, 26.776722, 0.0)
(34.678684, 26.773352, 0.0)
(35.379501, 30.381624, 0.0)
(35.170521, 29.614286, 0.0)
(35.151100, 29.369715, 0.0)
(35.124638, 29.348251, 0.0)
(35.060329, 29.275229, 0.0)
(35.068058, 29.292805, 0.0)
(35.091766, 29.317516, 0.0)
(35.086430, 29.311508, 0.0)
(35.109596, 29.358047, 0.0)
(35.048847, 29.650734, 0.0)
(35.138412, 30.833248, 0.0)
(35.169262, 31.048325, 0.0)
(35.094185, 31.045544, 0.0)
(35.059856, 31.009176, 0.0)
(35.051689, 30.999889, 0.0)
(35.048500, 30.937204, 0.0)
(35.048203, 30.951305, 0.0)
(34.972317, 30.969046, 0.0)
(34.988400, 30.988762, 0.0)
(34.994663, 31.010668, 0.0)
(34.999748, 30.994408, 0.0)
(34.843891, 30.990562, 0.0)
(34.215199, 31.016174, 0.0)
(34.098629, 30.992321, 0.0)
(34.126095, 30.892920, 0.0)
(34.085960, 30.754608, 0.0)
(34.067982, 30.717663, 0.0)
(34.017895, 30.568165, 0.0)
(34.197750, 30.113359, 0.0)
(34.199722, 29.804092, 0.0)
(34.114555, 29.649920, 0.0)
(34.142105, 29.459372, 0.0)
(34.123131, 29.318943, 0.0)
(34.051910, 29.127916, 0.0)
(34.042107, 28.968399, 0.0)
(34.112904, 28.828583, 0.0)
(34.057762, 28.613049, 0.0)
(34.103191, 28.093208, 0.0)
(34.300579, 28.191454, 0.0)
(34.193665, 27.607883, 0.0)
(34.038719, 26.818560, 0.0)
(33.979294, 26.433102, 0.0)
(33.949574, 26.302839, 0.0)
(33.962139, 26.213097, 0.0)
(33.928783, 26.140055, 0.0)
(33.932270, 26.057077, 0.0)
(33.934818, 25.912373, 0.0)
(33.916466, 25.746674, 0.0)
(33.904465, 25.685944, 0.0)
(33.931198, 25.609118, 0.0)
(33.730690, 24.273678, 0.0)
(33.648773, 23.996632, 0.0)
(33.625275, 23.969231, 0.0)
(33.600262, 23.916071, 0.0)
(33.605152, 23.878025, 0.0)
(33.602669, 23.742006, 0.0)
(33.599457, 22.153847, 0.0)
(33.454411, 21.769396, 0.0)
(33.364223, 21.738091, 0.0)
(33.366100, 21.670477, 0.0)
(33.390434, 21.650351, 0.0)
(33.371914, 21.666391, 0.0)
(33.396557, 21.647432, 0.0)
(33.393131, 21.641026, 0.0)
(33.361519, 21.639160, 0.0)
(33.373840, 21.645796, 0.0)
(33.378971, 21.650837, 0.0)
(33.393131, 21.641026, 0.0)
(33.362724, 21.619122, 0.0)
(33.364098, 21.613001, 0.0)
(33.285324, 21.618412, 0.0)
(32.798958, 21.405720, 0.0)
(32.740856, 21.358530, 0.0)
(32.748848, 21.333124, 0.0)
(32.747887, 21.338970, 0.0)
(32.725655, 21.327652, 0.0)
(32.716156, 21.365767, 0.0)
(32.523399, 21.526609, 0.0)
(32.790913, 23.881166, 0.0)
(32.682175, 23.758276, 0.0)
(32.703342, 23.831802, 0.0)
(32.672073, 23.814758, 0.0)
(32.633270, 23.838821, 0.0)
(32.639442, 23.794558, 0.0)
(33.037956, 26.440779, 0.0)
(32.817101, 25.400555, 0.0)
(32.828709, 25.186939, 0.0)
(32.821243, 25.248667, 0.0)
(32.774815, 25.234755, 0.0)
(33.236263, 28.725220, 0.0)
(33.046520, 27.043978, 0.0)
(32.916733, 26.634512, 0.0)
(32.894802, 26.648525, 0.0)
(32.874466, 26.660002, 0.0)
(32.887863, 26.699488, 0.0)
(32.870716, 26.745859, 0.0)
(32.885948, 26.782812, 0.0)
(32.871368, 26.794758, 0.0)
(33.156994, 27.555693, 0.0)
(33.194656, 27.831512, 0.0)
(33.147594, 27.850182, 0.0)
(33.164307, 27.860970, 0.0)
(33.184486, 27.914742, 0.0)
(33.170925, 27.927069, 0.0)
(33.596333, 29.473963, 0.0)
(33.704685, 30.744287, 0.0)
(33.601723, 30.832647, 0.0)
(33.500042, 30.838137, 0.0)
(33.446392, 30.876326, 0.0)
(33.446617, 30.876020, 0.0)
(33.383537, 30.895699, 0.0)
(33.369682, 30.907394, 0.0)
(33.348835, 30.926880, 0.0)
(33.371098, 30.921923, 0.0)
(33.396648, 30.910614, 0.0)
(33.109825, 31.258554, 0.0)
(32.900780, 31.565367, 0.0)
(32.873665, 31.636791, 0.0)
(32.866608, 31.605625, 0.0)
(32.860455, 31.593771, 0.0)
(32.844730, 31.596172, 0.0)
(32.827576, 31.604128, 0.0)
(32.824223, 31.555630, 0.0)
(32.791676, 31.510721, 0.0)
(32.759743, 30.995375, 0.0)
(32.683212, 30.386793, 0.0)
(32.628269, 30.203421, 0.0)
(32.580269, 30.097868, 0.0)
(32.597622, 30.141171, 0.0)
(32.020378, 31.386702, 0.0)
(32.077251, 28.893093, 0.0)
(31.987041, 27.942987, 0.0)
(31.983185, 27.596319, 0.0)
(31.988256, 27.530941, 0.0)
(31.974163, 27.416069, 0.0)
(31.984732, 27.320341, 0.0)
(31.968779, 27.211760, 0.0)
(31.954927, 27.111588, 0.0)
(31.973951, 26.989679, 0.0)
(31.963005, 26.905397, 0.0)
(31.953018, 26.785549, 0.0)
(31.816860, 25.896116, 0.0)
(31.541739, 21.770756, 0.0)
(31.595480, 21.710880, 0.0)
(31.565485, 21.763548, 0.0)
(31.535276, 21.740997, 0.0)
(31.519747, 21.705633, 0.0)
(31.541739, 21.710325, 0.0)
(31.515810, 21.715559, 0.0)
(31.489189, 21.701424, 0.0)
(31.529165, 21.712341, 0.0)
(30.870047, 21.664089, 0.0)
(30.797688, 21.662197, 0.0)
(30.791555, 21.616659, 0.0)
(30.798998, 21.582045, 0.0)
(30.792154, 21.541616, 0.0)
(30.809706, 21.507172, 0.0)
(30.833179, 21.491230, 0.0)
(30.812506, 21.469784, 0.0)
(30.807343, 21.465427, 0.0)
(30.805542, 21.471359, 0.0)
(30.818296, 21.484949, 0.0)
(30.818296, 21.484949, 0.0)
(30.809902, 21.473772, 0.0)
(30.809902, 21.473772, 0.0)
(30.813431, 21.447464, 0.0)
(30.813431, 21.447464, 0.0)
(30.813431, 21.447464, 0.0)
(30.815199, 21.441641, 0.0)
(30.810759, 21.441641, 0.0)
(30.506420, 21.660225, 0.0)
(30.461535, 21.643816, 0.0)
(30.449013, 21.665487, 0.0)
(30.362040, 21.678698, 0.0)
(30.863510, 24.485285, 0.0)
(30.743000, 23.925083, 0.0)
(30.676622, 23.917068, 0.0)
(30.674036, 23.974415, 0.0)
(30.677477, 24.009750, 0.0)
(30.650410, 23.993793, 0.0)
(30.844213, 25.970985, 0.0)
(30.750095, 25.626951, 0.0)
(30.736708, 25.636517, 0.0)
(30.726923, 25.719690, 0.0)
(30.737965, 25.740335, 0.0)
(30.714886, 25.775507, 0.0)
(31.079731, 27.742657, 0.0)
(30.960861, 27.088942, 0.0)
(30.944149, 26.999445, 0.0)
(30.944613, 27.074041, 0.0)
(30.947279, 27.141352, 0.0)
(31.112080, 27.608553, 0.0)
(31.497694, 29.198965, 0.0)
(31.431122, 29.516085, 0.0)
(31.368807, 29.519499, 0.0)
(31.347660, 29.553493, 0.0)
(31.322889, 29.572247, 0.0)
(31.321213, 29.575012, 0.0)
(31.287634, 29.581501, 0.0)
(31.309916, 29.700924, 0.0)
(31.668640, 30.565739, 0.0)
(31.640923, 30.798525, 0.0)
(31.616335, 30.757437, 0.0)
(31.593973, 30.734821, 0.0)
(31.326530, 31.025246, 0.0)
(30.981964, 31.600971, 0.0)
(30.910601, 31.697615, 0.0)
(30.871870, 31.732441, 0.0)
(30.858559, 31.740561, 0.0)
(30.878664, 31.702427, 0.0)
(30.802347, 31.716640, 0.0)
(30.778681, 31.686268, 0.0)
(30.762293, 31.656601, 0.0)
(30.770168, 31.636810, 0.0)
(30.748892, 31.587730, 0.0)
(30.683243, 31.556774, 0.0)
(30.650982, 31.500175, 0.0)
(30.588438, 31.413563, 0.0)
(30.628870, 31.057615, 0.0)
(30.677778, 30.257122, 0.0)
(30.580406, 30.025246, 0.0)
(30.554764, 29.946854, 0.0)
(30.525927, 29.834085, 0.0)
(30.524960, 29.711084, 0.0)
(30.532663, 29.565498, 0.0)
(30.518415, 29.369255, 0.0)
(30.249865, 28.835281, 0.0)
(30.197765, 28.532103, 0.0)
(30.130754, 28.341000, 0.0)
(30.161528, 28.208666, 0.0)
(30.169189, 28.107718, 0.0)
(30.114737, 28.676603, 0.0)
(30.056122, 26.661818, 0.0)
(29.848494, 25.213926, 0.0)
(29.865904, 24.796082, 0.0)
(29.875122, 24.748074, 0.0)
(29.862436, 24.725105, 0.0)
(29.858852, 24.687418, 0.0)
(29.860229, 24.611605, 0.0)
(29.851812, 24.511889, 0.0)
(29.876900, 24.437946, 0.0)
(29.886358, 24.423229, 0.0)
(29.857418, 24.357948, 0.0)
(29.831373, 24.298674, 0.0)
(29.791985, 24.251963, 0.0)
(29.739342, 23.810492, 0.0)
(29.606842, 22.500187, 0.0)
(29.523642, 22.391817, 0.0)
(29.495461, 22.385681, 0.0)
(29.461903, 22.224476, 0.0)
(29.097664, 21.869276, 0.0)
(29.052361, 21.809807, 0.0)
(29.053596, 21.763496, 0.0)
(29.058132, 21.772491, 0.0)
(29.063583, 21.739195, 0.0)
(29.015064, 21.710035, 0.0)
(28.987062, 21.715019, 0.0)
(28.994497, 21.797144, 0.0)
(28.813232, 22.279228, 0.0)
(28.766766, 22.054451, 0.0)
(28.757416, 22.185629, 0.0)
(28.759468, 22.182093, 0.0)
(28.727245, 22.183384, 0.0)
(28.721682, 22.181997, 0.0)
(28.695280, 22.203594, 0.0)
(28.686335, 22.223993, 0.0)
(28.557734, 22.225891, 0.0)
(28.858252, 24.997475, 0.0)
(28.806248, 24.665497, 0.0)
(28.784187, 24.710833, 0.0)
(28.816031, 24.725880, 0.0)
(28.809559, 24.755808, 0.0)
(28.768349, 24.728069, 0.0)
(29.197664, 27.838560, 0.0)
(28.979433, 27.065893, 0.0)
(28.906107, 26.929825, 0.0)
(28.899675, 26.945873, 0.0)
(28.896679, 26.939894, 0.0)
(28.899765, 26.944609, 0.0)
(28.909872, 26.914953, 0.0)
(28.911531, 26.918995, 0.0)
(28.917389, 26.923258, 0.0)
(28.913250, 26.964548, 0.0)
(28.921633, 26.984926, 0.0)
(28.946854, 27.211960, 0.0)
(29.441633, 28.594492, 0.0)
(29.470348, 29.097208, 0.0)
(29.412157, 29.106295, 0.0)
(29.358206, 29.073660, 0.0)
(29.351662, 29.068489, 0.0)
(29.351662, 29.068489, 0.0)
(29.348986, 29.081795, 0.0)
(29.601658, 29.629957, 0.0)
(30.133505, 31.177315, 0.0)
(30.099251, 31.364143, 0.0)
(30.097904, 31.353365, 0.0)
(30.103685, 31.349520, 0.0)
(30.089466, 31.395329, 0.0)
(30.055099, 31.358944, 0.0)
(30.046446, 31.352226, 0.0)
(30.036350, 31.324396, 0.0)
(30.059414, 31.311531, 0.0)
(30.090147, 31.343435, 0.0)
(29.682135, 31.187183, 0.0)
(29.561159, 31.132601, 0.0)
(29.532806, 31.101379, 0.0)
(29.477209, 31.077482, 0.0)
(29.469318, 31.085464, 0.0)
(29.430374, 31.063744, 0.0)
(29.392694, 31.064266, 0.0)
(29.355413, 30.968372, 0.0)
(28.709906, 30.253992, 0.0)
(28.360121, 29.372484, 0.0)
(28.263924, 29.107580, 0.0)
(28.193544, 28.963181, 0.0)
(28.189665, 28.871050, 0.0)
(28.158237, 28.826256, 0.0)
(28.385872, 29.140965, 0.0)
(28.408903, 29.159031, 0.0)
(28.369225, 29.111404, 0.0)
(28.361898, 29.029564, 0.0)
(28.381145, 28.936703, 0.0)
(28.317213, 28.799114, 0.0)
(28.316357, 28.748178, 0.0)
(28.324778, 28.578991, 0.0)
(28.357311, 28.464499, 0.0)
(28.350842, 28.391527, 0.0)
(28.296865, 28.310387, 0.0)
(28.286749, 28.206930, 0.0)
(28.274897, 28.125732, 0.0)
(28.266560, 28.013910, 0.0)
(27.245502, 30.042585, 0.0)
(27.877129, 26.906887, 0.0)
(27.913361, 26.271736, 0.0)
(27.934385, 26.092861, 0.0)
(27.921768, 26.028803, 0.0)
(27.953651, 25.907410, 0.0)
(27.909744, 25.849051, 0.0)
(27.889872, 25.738827, 0.0)
(27.872047, 25.650122, 0.0)
(27.895098, 25.527636, 0.0)
(28.043648, 24.138502, 0.0)
(28.000650, 23.986465, 0.0)
(27.966076, 23.913750, 0.0)
(27.900053, 23.854605, 0.0)
(27.833721, 23.484465, 0.0)
(27.743496, 22.464245, 0.0)
(27.743443, 22.382259, 0.0)
(27.684401, 22.344341, 0.0)
(27.703115, 22.313492, 0.0)
(27.703897, 22.295187, 0.0)
(27.707354, 22.288473, 0.0)
(27.694618, 22.286514, 0.0)
(27.692560, 22.299950, 0.0)
(27.657356, 22.337271, 0.0)
(26.984972, 22.299231, 0.0)
(27.016562, 22.330534, 0.0)
(27.020761, 22.367025, 0.0)
(26.981678, 22.377623, 0.0)
(26.561958, 22.794708, 0.0)
(26.474468, 22.940516, 0.0)
(26.484447, 22.956043, 0.0)
(26.497379, 22.923256, 0.0)
(26.623064, 22.969826, 0.0)
(27.116575, 25.544397, 0.0)
(27.024017, 25.361359, 0.0)
(26.919550, 25.481085, 0.0)
(26.902969, 25.506451, 0.0)
(26.898762, 25.529671, 0.0)
(26.906113, 25.550190, 0.0)
(26.871487, 25.529751, 0.0)
(27.967766, 29.205166, 0.0)
(27.979769, 28.790659, 0.0)
(27.897484, 28.529781, 0.0)
(27.868214, 28.587992, 0.0)
(27.897211, 28.816679, 0.0)
(27.809752, 28.877625, 0.0)
(27.764694, 28.885090, 0.0)
(27.775198, 28.930834, 0.0)
(27.758022, 28.925390, 0.0)
(27.723858, 28.900017, 0.0)
(28.364128, 29.432629, 0.0)
(28.458054, 29.689575, 0.0)
(28.376463, 29.679745, 0.0)
(28.354574, 29.663723, 0.0)
(28.333910, 29.640335, 0.0)
(28.274750, 29.589512, 0.0)
(28.274153, 29.603186, 0.0)
(27.974747, 29.810760, 0.0)
(27.812721, 29.898918, 0.0)
(27.784779, 29.855640, 0.0)
(27.774754, 29.892803, 0.0)
(27.775438, 29.899025, 0.0)
(27.773724, 29.874527, 0.0)
(27.777658, 29.850681, 0.0)
(27.788177, 29.869976, 0.0)
(27.578293, 30.441856, 0.0)
(27.496910, 30.929007, 0.0)
(27.487530, 30.947479, 0.0)
(27.467651, 30.935965, 0.0)
(27.434526, 30.920292, 0.0)
(27.424925, 30.915939, 0.0)
(27.425341, 30.912941, 0.0)
(27.432495, 30.904737, 0.0)
(27.427998, 30.874308, 0.0)
(27.406975, 30.849508, 0.0)
(27.404375, 30.830528, 0.0)
(27.362867, 30.682268, 0.0)
(27.341799, 30.627146, 0.0)
(27.326971, 30.584139, 0.0)
(27.098267, 30.180458, 0.0)
(26.983231, 29.974506, 0.0)
(26.989956, 29.896461, 0.0)
(26.963255, 29.766672, 0.0)
(26.899303, 29.664717, 0.0)
(26.870043, 29.522991, 0.0)
(26.871920, 29.423714, 0.0)
(26.912588, 29.259424, 0.0)
(26.876722, 29.165487, 0.0)
(26.874130, 29.034899, 0.0)
(26.843401, 28.932941, 0.0)
(26.926399, 28.854084, 0.0)
(26.642839, 28.614159, 0.0)
(26.424879, 23.870142, 0.0)
(26.415485, 23.482361, 0.0)
(26.369972, 23.553335, 0.0)
(26.253822, 23.635910, 0.0)
(26.183416, 23.604790, 0.0)
(26.201303, 23.536997, 0.0)
(26.213463, 23.484756, 0.0)
(26.168543, 23.982294, 0.0)
(26.179577, 24.454136, 0.0)
(26.160559, 24.314232, 0.0)
(26.161592, 24.308376, 0.0)
(26.162016, 24.293762, 0.0)
(26.147514, 24.282022, 0.0)
(26.142582, 24.241596, 0.0)
(26.176779, 24.144451, 0.0)
(26.164909, 24.085365, 0.0)
(26.146027, 23.992437, 0.0)
(26.250988, 23.311136, 0.0)
(26.265329, 23.170078, 0.0)
(26.257929, 23.158911, 0.0)
(26.222271, 23.137688, 0.0)
(26.275692, 23.126959, 0.0)
(26.275692, 23.148430, 0.0)
(26.263584, 23.133846, 0.0)
(26.129343, 22.968327, 0.0)
(26.054714, 23.099596, 0.0)
(26.008961, 22.824223, 0.0)
(26.033155, 22.956617, 0.0)
(26.030277, 23.038095, 0.0)
(26.027609, 23.037104, 0.0)
(25.966894, 23.076223, 0.0)
(25.935478, 23.121630, 0.0)
(25.772472, 23.294138, 0.0)
(0.000000, 0.000000, 1.0)
(25.822536, 26.021254, 0.0)
(25.704947, 25.890335, 0.0)
(25.690619, 25.986168, 0.0)
(25.669312, 26.045340, 0.0)
(25.653940, 26.047096, 0.0)
(25.652838, 26.065393, 0.0)
(25.621262, 26.123430, 0.0)
(25.627407, 26.167961, 0.0)
(25.608315, 26.188286, 0.0)
(25.593313, 26.151823, 0.0)
(25.557919, 26.057306, 0.0)
(26.568102, 30.491180, 0.0)
(26.565525, 29.719753, 0.0)
(26.502821, 29.467852, 0.0)
(26.480476, 29.454788, 0.0)
(26.460602, 29.500591, 0.0)
(26.458099, 29.471605, 0.0)
(26.430952, 29.476795, 0.0)
(26.386316, 29.520376, 0.0)
(26.388964, 29.515276, 0.0)
(26.351551, 29.525686, 0.0)
(26.347523, 29.543444, 0.0)
(26.387449, 29.539467, 0.0)
(26.404909, 30.284504, 0.0)
(26.425592, 30.596464, 0.0)
(26.415192, 30.642799, 0.0)
(26.388184, 30.633104, 0.0)
(26.351679, 30.661188, 0.0)
(26.397364, 30.621742, 0.0)
(26.381218, 30.591959, 0.0)
(26.347178, 30.642868, 0.0)
(26.340036, 30.827717, 0.0)
(26.261709, 31.027540, 0.0)
(26.263296, 31.055422, 0.0)
(26.186464, 31.100534, 0.0)
(26.151545, 31.129398, 0.0)
(26.306646, 31.377071, 0.0)
(26.548941, 32.220722, 0.0)
(26.555683, 32.410740, 0.0)
(26.526798, 32.423824, 0.0)
(26.422960, 32.393276, 0.0)
(26.336620, 32.384193, 0.0)
(26.332630, 32.404465, 0.0)
(26.323427, 32.399757, 0.0)
(26.309637, 32.413876, 0.0)
(26.288137, 32.419792, 0.0)
(26.196819, 32.138908, 0.0)
(25.981588, 31.927572, 0.0)
(25.938551, 31.944334, 0.0)
(25.917873, 31.858244, 0.0)
(25.838575, 31.665934, 0.0)
(25.752863, 31.484470, 0.0)
(25.668142, 31.080387, 0.0)
(25.666786, 30.848196, 0.0)
(25.539282, 30.788494, 0.0)
(25.487810, 30.569098, 0.0)
(25.395325, 30.483479, 0.0)
(25.438629, 30.379080, 0.0)
(25.403376, 30.159811, 0.0)
(25.133535, 29.630926, 0.0)
(24.574280, 26.461889, 0.0)
(24.539165, 26.127567, 0.0)
(24.528004, 26.156975, 0.0)
(24.495760, 26.163839, 0.0)
(24.485483, 26.165808, 0.0)
(24.474379, 26.144165, 0.0)
(24.581499, 26.410229, 0.0)
(25.025248, 27.332642, 0.0)
(24.977097, 27.378296, 0.0)
(24.933485, 27.264795, 0.0)
(24.870731, 27.134966, 0.0)
(24.852226, 27.096786, 0.0)
(24.813013, 27.011091, 0.0)
(24.816326, 26.885311, 0.0)
(24.787779, 26.830769, 0.0)
(24.747360, 26.376785, 0.0)
(24.611872, 25.967730, 0.0)
(24.592697, 25.848406, 0.0)
(24.585072, 25.814812, 0.0)
(24.493696, 25.726593, 0.0)
(24.516329, 25.522390, 0.0)
(24.512794, 25.454973, 0.0)
(24.547720, 25.301489, 0.0)
(24.511616, 24.997158, 0.0)
(24.393141, 24.253199, 0.0)
(24.368866, 24.150064, 0.0)
(24.347746, 24.139486, 0.0)
(24.337526, 24.100180, 0.0)
(24.314238, 24.124702, 0.0)
(24.301563, 24.128727, 0.0)
(24.264898, 24.134874, 0.0)
(24.251242, 24.132484, 0.0)
(24.242266, 24.137011, 0.0)
(24.236465, 24.140936, 0.0)
(24.234671, 24.136112, 0.0)
(24.206964, 24.174109, 0.0)
(24.206442, 24.257143, 0.0)
(24.161070, 24.430079, 0.0)
(23.400171, 28.485535, 0.0)
(24.489267, 26.874664, 0.0)
(24.485491, 26.603312, 0.0)
(24.467869, 26.667873, 0.0)
(24.432411, 26.789434, 0.0)
(24.420845, 26.806587, 0.0)
(24.399670, 26.841444, 0.0)
(24.348188, 26.899742, 0.0)
(24.317247, 26.905188, 0.0)
(24.292871, 26.930769, 0.0)
(24.258041, 26.803837, 0.0)
(24.169798, 29.571154, 0.0)
(24.147978, 28.331013, 0.0)
(24.087873, 28.262365, 0.0)
(24.081015, 28.321190, 0.0)
(24.026896, 28.398117, 0.0)
(24.005606, 28.418337, 0.0)
(23.944838, 28.520735, 0.0)
(23.933178, 28.535589, 0.0)
(23.978594, 28.499075, 0.0)
(23.987906, 28.504616, 0.0)
(23.985863, 28.532803, 0.0)
(24.037067, 28.667604, 0.0)
(25.222490, 30.379301, 0.0)
(25.594414, 31.441441, 0.0)
(25.501348, 31.723673, 0.0)
(25.438108, 31.679556, 0.0)
(25.365002, 31.658741, 0.0)
(25.298668, 31.875296, 0.0)
(25.167551, 32.056587, 0.0)
(25.138912, 32.146465, 0.0)
(25.133648, 32.076889, 0.0)
(25.145290, 32.033279, 0.0)
(25.143536, 32.026455, 0.0)
(25.139874, 32.034031, 0.0)
(25.106995, 32.055260, 0.0)
(25.101419, 32.063217, 0.0)
(25.123354, 32.067539, 0.0)
(25.105057, 32.049671, 0.0)
(25.095234, 32.027897, 0.0)
(25.094276, 32.029408, 0.0)
(25.087517, 32.049664, 0.0)
(25.515202, 32.094837, 0.0)
(25.716326, 32.139488, 0.0)
(25.679619, 32.193176, 0.0)
(25.658821, 32.143635, 0.0)
(25.604780, 32.124119, 0.0)
(25.570606, 32.134689, 0.0)
(25.567717, 32.133614, 0.0)
(25.559885, 32.171192, 0.0)
(25.590233, 32.159668, 0.0)
(25.601768, 32.132545, 0.0)
(25.667849, 32.176857, 0.0)
(25.713657, 32.174442, 0.0)
(25.723845, 32.175682, 0.0)
(25.498207, 32.501556, 0.0)
(25.287060, 32.633469, 0.0)
(25.359385, 32.626572, 0.0)
(25.387747, 32.576660, 0.0)
(25.381445, 32.605270, 0.0)
(25.258347, 32.606697, 0.0)
(25.240938, 32.629864, 0.0)
(25.226994, 32.647400, 0.0)
(25.207607, 32.696651, 0.0)
(25.185970, 32.679699, 0.0)
(25.162577, 32.660511, 0.0)
(25.136349, 32.672398, 0.0)
(25.828815, 32.138119, 0.0)
(26.253185, 31.600279, 0.0)
(26.258730, 31.469543, 0.0)
(26.209320, 31.499126, 0.0)
(26.194132, 31.470478, 0.0)
(26.173410, 31.465191, 0.0)
(25.847567, 31.720051, 0.0)
(25.728762, 31.839386, 0.0)
(25.710306, 31.816847, 0.0)
(25.718328, 31.851597, 0.0)
(25.440048, 32.596024, 0.0)
(25.333561, 32.834389, 0.0)
(25.343069, 32.828014, 0.0)
(25.318089, 32.845367, 0.0)
(25.286797, 32.828583, 0.0)
(25.264135, 32.850952, 0.0)
(25.276833, 32.854897, 0.0)
(25.379686, 32.796043, 0.0)
(27.325420, 31.593699, 0.0)
(30.027193, 30.400654, 0.0)
(31.163179, 29.566105, 0.0)
(31.118376, 29.199024, 0.0)
(31.078058, 29.026384, 0.0)
(31.064756, 28.975111, 0.0)
(32.358070, 28.744524, 0.0)
(35.557625, 27.422132, 0.0)
(36.457474, 26.214285, 0.0)
(36.485134, 26.015800, 0.0)
(36.511398, 26.064896, 0.0)
(36.515617, 25.997379, 0.0)
(36.482216, 25.995287, 0.0)
(36.412106, 25.958092, 0.0)
(36.394413, 25.955679, 0.0)
(36.375683, 25.977922, 0.0)
(36.339901, 25.959463, 0.0)
(36.268692, 25.969231, 0.0)
(32.596710, 27.004734, 0.0)
(26.428423, 31.890827, 0.0)
(25.871605, 31.963417, 0.0)
(25.578106, 32.207104, 0.0)
(25.500830, 32.148106, 0.0)
(25.434458, 32.096645, 0.0)
(25.393356, 32.053459, 0.0)
(25.262819, 32.111851, 0.0)
(25.317537, 32.088142, 0.0)
(25.328650, 32.586826, 0.0)
(25.355413, 32.822868, 0.0)
(25.256536, 32.777195, 0.0)
(25.223391, 32.761948, 0.0)
(25.200569, 32.740673, 0.0)
(25.070251, 32.896347, 0.0)
