(34.497265, 31.966934, 0.0)
(34.507149, 31.919838, 0.0)
(34.460766, 31.964157, 0.0)
(34.680702, 33.220207, 0.0)
(34.657124, 33.169231, 0.0)
(34.636234, 33.091389, 0.0)
(34.658649, 33.065571, 0.0)
(34.667950, 33.036469, 0.0)
(34.609367, 33.051270, 0.0)
(34.579144, 33.074127, 0.0)
(34.611736, 33.052139, 0.0)
(34.616089, 33.082691, 0.0)
(34.610363, 33.052097, 0.0)
(34.625206, 33.039902, 0.0)
(34.597073, 33.052292, 0.0)
(34.550575, 33.093193, 0.0)
(34.652756, 34.209381, 0.0)
(34.586029, 33.001568, 0.0)
(34.543354, 32.690971, 0.0)
(34.575211, 32.752819, 0.0)
(34.547874, 32.849499, 0.0)
(34.560204, 32.880760, 0.0)
(34.570751, 32.871769, 0.0)
(34.558109, 32.927006, 0.0)
(34.528103, 32.943699, 0.0)
(34.510803, 32.911087, 0.0)
(34.450134, 32.966381, 0.0)
(34.514393, 32.856567, 0.0)
(34.506958, 32.912369, 0.0)
(34.482056, 32.921646, 0.0)
(34.497345, 32.955025, 0.0)
(34.511814, 32.969467, 0.0)
(34.511124, 32.987724, 0.0)
(34.509533, 32.990738, 0.0)
(34.484291, 33.003502, 0.0)
(34.507950, 32.996891, 0.0)
(34.530090, 32.993210, 0.0)
(34.489498, 32.985229, 0.0)
(34.515236, 32.982140, 0.0)
(34.516178, 32.958603, 0.0)
(34.510529, 32.969948, 0.0)
(34.493488, 32.980118, 0.0)
(34.486244, 33.006466, 0.0)
(34.509621, 33.016609, 0.0)
(34.509621, 33.016609, 0.0)
(35.012661, 33.067524, 0.0)
(35.445831, 33.128204, 0.0)
(35.444153, 33.110016, 0.0)
(35.431637, 33.130459, 0.0)
(35.425407, 33.125370, 0.0)
(35.440071, 33.112904, 0.0)
(35.336018, 33.076611, 0.0)
(34.731586, 33.671673, 0.0)
(34.637634, 32.955341, 0.0)
(34.668674, 32.921112, 0.0)
(34.774113, 32.957333, 0.0)
(34.775017, 32.983414, 0.0)
(34.730068, 32.978809, 0.0)
(34.671757, 32.992630, 0.0)
(34.696262, 33.007145, 0.0)
(34.702679, 33.003078, 0.0)
(34.734035, 33.050026, 0.0)
(34.731644, 33.025837, 0.0)
(34.742004, 33.080307, 0.0)
(34.729950, 33.052647, 0.0)
(34.736069, 33.078327, 0.0)
(34.758358, 33.079777, 0.0)
(34.728565, 33.076118, 0.0)
(34.645271, 33.135860, 0.0)
(34.654625, 33.012821, 0.0)
(34.658119, 32.672901, 0.0)
(34.645042, 32.674355, 0.0)
(34.713528, 32.694771, 0.0)
(34.706928, 32.682739, 0.0)
(34.690975, 32.645561, 0.0)
(34.697128, 32.657196, 0.0)
(34.743881, 32.684975, 0.0)
(34.715019, 32.708675, 0.0)
(34.676666, 32.692448, 0.0)
(34.700825, 32.699539, 0.0)
(34.658810, 32.730919, 0.0)
(34.640228, 32.759109, 0.0)
(34.602093, 32.802219, 0.0)
(34.591293, 32.801693, 0.0)
(34.576382, 32.808224, 0.0)
(34.572739, 32.838535, 0.0)
(34.581741, 32.874310, 0.0)
(34.565769, 32.856640, 0.0)
(34.571316, 32.859512, 0.0)
(34.566582, 32.829182, 0.0)
(34.566475, 32.829029, 0.0)
(34.577705, 32.852161, 0.0)
(34.568169, 32.835644, 0.0)
(34.576916, 32.871723, 0.0)
(34.573017, 32.875473, 0.0)
(34.514221, 32.939075, 0.0)
(34.488976, 32.956696, 0.0)
(34.512596, 33.006367, 0.0)
(34.503639, 32.970596, 0.0)
(34.492569, 33.012089, 0.0)
(34.500412, 33.027473, 0.0)
(34.504353, 33.067768, 0.0)
(34.504574, 33.081753, 0.0)
(34.494656, 33.112595, 0.0)
(34.496494, 33.106873, 0.0)
(34.495872, 33.132416, 0.0)
(34.515606, 33.121799, 0.0)
(34.553959, 33.093014, 0.0)
(34.522141, 33.116161, 0.0)
(34.490547, 33.123184, 0.0)
(34.510742, 33.100159, 0.0)
(34.505478, 33.117161, 0.0)
(34.500660, 33.152977, 0.0)
(34.489456, 33.141560, 0.0)
(34.484192, 33.130344, 0.0)
(34.588409, 34.187771, 0.0)
(34.521027, 33.233585, 0.0)
(34.502457, 32.938759, 0.0)
(34.510494, 32.989933, 0.0)
(34.505627, 33.013763, 0.0)
(34.498947, 33.007439, 0.0)
(34.513699, 33.047535, 0.0)
(34.510559, 33.041885, 0.0)
(34.517361, 33.076855, 0.0)
(34.536568, 33.060741, 0.0)
(34.527378, 33.065174, 0.0)
(34.520126, 33.076496, 0.0)
(34.503532, 33.073505, 0.0)
(34.512238, 33.060532, 0.0)
(34.533318, 33.046734, 0.0)
(34.525433, 33.051159, 0.0)
(34.509621, 33.058937, 0.0)
(34.529289, 33.029533, 0.0)
(34.515789, 33.067070, 0.0)
(34.473759, 33.118050, 0.0)
(34.481133, 33.075050, 0.0)
(34.506989, 33.056313, 0.0)
(34.477627, 33.094879, 0.0)
(34.483192, 33.100521, 0.0)
(34.500935, 33.126556, 0.0)
(34.505844, 33.138985, 0.0)
(34.474503, 33.163303, 0.0)
(34.496887, 33.161964, 0.0)
(34.414005, 33.133259, 0.0)
(34.609337, 34.446945, 0.0)
(34.674072, 34.225075, 0.0)
(34.638321, 33.137711, 0.0)
(34.589596, 32.923809, 0.0)
(34.619175, 32.943493, 0.0)
(34.562077, 32.956997, 0.0)
(34.673584, 33.427822, 0.0)
(34.473930, 33.364128, 0.0)
(34.545994, 32.929523, 0.0)
(34.568504, 32.931992, 0.0)
(34.571877, 32.975990, 0.0)
(34.553642, 32.989803, 0.0)
(34.548347, 32.976524, 0.0)
(34.561634, 32.973167, 0.0)
(34.556274, 32.974953, 0.0)
(34.527233, 33.023571, 0.0)
(34.534233, 32.998894, 0.0)
(34.522728, 33.020439, 0.0)
(34.533489, 32.982864, 0.0)
(34.531902, 32.995750, 0.0)
(34.524990, 33.001694, 0.0)
(34.514717, 33.010120, 0.0)
(34.613625, 33.011162, 0.0)
(39.004013, 35.349380, 0.0)
(41.010735, 37.311958, 0.0)
(41.135014, 37.444469, 0.0)
(41.029953, 37.423077, 0.0)
(40.996658, 37.388737, 0.0)
(40.959404, 37.410435, 0.0)
(41.635044, 37.687492, 0.0)
(41.659344, 37.687939, 0.0)
(41.619656, 37.687004, 0.0)
(41.619656, 37.687004, 0.0)
(41.616756, 37.673885, 0.0)
(41.616756, 37.673885, 0.0)
(41.613312, 37.702179, 0.0)
(41.601475, 37.735535, 0.0)
(41.575596, 37.735680, 0.0)
(41.587761, 37.763420, 0.0)
(41.596569, 37.769276, 0.0)
(41.594810, 37.783115, 0.0)
(41.575302, 37.751450, 0.0)
(41.570728, 37.753937, 0.0)
(41.535862, 37.756943, 0.0)
(41.509148, 37.769413, 0.0)
(41.531776, 37.761608, 0.0)
(41.562275, 37.784241, 0.0)
(41.490986, 37.817387, 0.0)
(41.378254, 37.871281, 0.0)
(41.404087, 37.926174, 0.0)
(41.394989, 37.914288, 0.0)
(41.390457, 37.917980, 0.0)
(41.374031, 37.889698, 0.0)
(41.352032, 37.894848, 0.0)
(41.380676, 37.927471, 0.0)
(41.367390, 37.910553, 0.0)
(41.336559, 37.895069, 0.0)
(41.331402, 37.920174, 0.0)
(41.319141, 37.943348, 0.0)
(41.306263, 37.959805, 0.0)
(41.296986, 37.958431, 0.0)
(41.298054, 37.798138, 0.0)
(41.356354, 33.469589, 0.0)
(41.187103, 30.266186, 0.0)
(41.114841, 29.959593, 0.0)
(41.078403, 30.054438, 0.0)
(41.044724, 30.094736, 0.0)
(41.066040, 30.131357, 0.0)
(40.780090, 29.317684, 0.0)
(40.779961, 29.170052, 0.0)
(40.782352, 29.197697, 0.0)
(40.734959, 29.259317, 0.0)
(40.753311, 29.231430, 0.0)
(40.783855, 29.186073, 0.0)
(40.779377, 29.201572, 0.0)
(40.760399, 29.173859, 0.0)
(40.766674, 29.114277, 0.0)
(40.754848, 29.093594, 0.0)
(40.740398, 29.123936, 0.0)
(40.714043, 29.137556, 0.0)
(40.702419, 29.136889, 0.0)
(40.689636, 29.114580, 0.0)
(40.686375, 29.105934, 0.0)
(40.682121, 29.153473, 0.0)
(40.707207, 29.130667, 0.0)
(40.707684, 29.084335, 0.0)
(40.679874, 29.119442, 0.0)
(40.591877, 29.104307, 0.0)
(40.602913, 29.102240, 0.0)
(40.608887, 29.044630, 0.0)
(40.584599, 29.055271, 0.0)
(40.592133, 29.041651, 0.0)
(40.597500, 29.043161, 0.0)
(40.609913, 29.068003, 0.0)
(40.603909, 29.037363, 0.0)
(40.584190, 29.043968, 0.0)
(40.546883, 29.044680, 0.0)
(40.527824, 29.039600, 0.0)
(40.566132, 29.021393, 0.0)
(38.607464, 29.634949, 0.0)
(34.617760, 32.377560, 0.0)
(31.681746, 35.205193, 0.0)
(29.839890, 37.190800, 0.0)
(29.584980, 37.485989, 0.0)
(29.560694, 37.405769, 0.0)
(29.522051, 37.345757, 0.0)
(29.454828, 37.332825, 0.0)
(29.381540, 37.253628, 0.0)
(29.350599, 37.253368, 0.0)
(29.296848, 37.243019, 0.0)
(29.196905, 37.262302, 0.0)
(29.172848, 37.241665, 0.0)
(29.182384, 37.230927, 0.0)
(29.124285, 37.252113, 0.0)
(29.050371, 37.292934, 0.0)
(29.052856, 37.276447, 0.0)
(29.094149, 37.271851, 0.0)
(29.037056, 37.248260, 0.0)
(29.020506, 37.262508, 0.0)
(28.995680, 37.281296, 0.0)
(28.987473, 37.298512, 0.0)
(28.977505, 37.304321, 0.0)
(28.978004, 37.366795, 0.0)
(28.980446, 37.323730, 0.0)
(28.964924, 37.370277, 0.0)
(28.987823, 37.383961, 0.0)
(28.991631, 37.387157, 0.0)
(28.970352, 37.378990, 0.0)
(28.946493, 37.398930, 0.0)
(28.930069, 37.341602, 0.0)
(28.986002, 37.320057, 0.0)
(29.035543, 37.299507, 0.0)
(29.018419, 37.312077, 0.0)
(28.978806, 37.341476, 0.0)
(28.975863, 37.333126, 0.0)
(29.002731, 37.332108, 0.0)
(29.024319, 37.317783, 0.0)
(29.057648, 37.298626, 0.0)
(29.020061, 36.569534, 0.0)
(26.262001, 30.252956, 0.0)
(26.280922, 30.719585, 0.0)
(26.280922, 30.719585, 0.0)
(26.273582, 30.671041, 0.0)
(26.269972, 30.658020, 0.0)
(26.134384, 30.636194, 0.0)
(26.005039, 30.502739, 0.0)
(25.986082, 30.521683, 0.0)
(25.957964, 30.532246, 0.0)
(25.962927, 30.528028, 0.0)
(25.962927, 30.528028, 0.0)
(26.044430, 30.346113, 0.0)
(28.552637, 29.922359, 0.0)
(29.425514, 30.130693, 0.0)
(29.333944, 30.221478, 0.0)
(29.239733, 30.276310, 0.0)
(29.199905, 30.302551, 0.0)
(29.265663, 30.285070, 0.0)
(29.249247, 30.312572, 0.0)
(29.187939, 30.365072, 0.0)
(29.143499, 30.414593, 0.0)
(29.114777, 30.438852, 0.0)
(29.146393, 30.430904, 0.0)
(29.199009, 30.409468, 0.0)
(29.211395, 30.420879, 0.0)
(29.201487, 30.443956, 0.0)
(29.222101, 30.455994, 0.0)
(29.212460, 30.453463, 0.0)
(29.212460, 30.453463, 0.0)
(29.208769, 30.441580, 0.0)
(29.261515, 30.369644, 0.0)
(29.271469, 30.348673, 0.0)
(29.270851, 30.372528, 0.0)
(29.304226, 30.395233, 0.0)
(30.759514, 30.718952, 0.0)
(34.965176, 33.305786, 0.0)
(34.917946, 33.358459, 0.0)
(34.847248, 33.271393, 0.0)
(34.789200, 33.231270, 0.0)
(34.734612, 33.191383, 0.0)
(34.697937, 33.166470, 0.0)
(34.700191, 33.192822, 0.0)
(34.707127, 33.178284, 0.0)
(34.630466, 33.181988, 0.0)
(34.641144, 33.189262, 0.0)
(34.656097, 33.193260, 0.0)
(34.652000, 33.221210, 0.0)
(34.634132, 33.231979, 0.0)
(34.606537, 33.220409, 0.0)
(34.603436, 33.216652, 0.0)
(34.620193, 33.213497, 0.0)
(34.631889, 33.241283, 0.0)
(34.605782, 33.223385, 0.0)
(34.583187, 33.249046, 0.0)
(34.583187, 33.249046, 0.0)
(34.586002, 33.261238, 0.0)
(34.548840, 33.262955, 0.0)
(34.587803, 33.278450, 0.0)
(34.592724, 33.277740, 0.0)
(34.545994, 33.288204, 0.0)
(34.527794, 33.288689, 0.0)
(34.543137, 33.311089, 0.0)
(34.546608, 33.324375, 0.0)
(34.487949, 33.392162, 0.0)
(34.487949, 33.392162, 0.0)
(34.522060, 33.381897, 0.0)
(34.522644, 33.394112, 0.0)
(34.508968, 33.423561, 0.0)
(34.529076, 33.406593, 0.0)
(34.531898, 33.399578, 0.0)
(34.463058, 33.401398, 0.0)
(34.516186, 33.370403, 0.0)
(34.476051, 33.403297, 0.0)
(34.417835, 33.426373, 0.0)
(34.379124, 33.425755, 0.0)
(34.348366, 33.466152, 0.0)
(33.453091, 34.391479, 0.0)
(31.749620, 37.359226, 0.0)
(31.672686, 37.901772, 0.0)
(31.735807, 37.726265, 0.0)
(31.761812, 37.619049, 0.0)
(31.866650, 37.610497, 0.0)
(31.953756, 37.629822, 0.0)
(31.972715, 37.676155, 0.0)
(32.176609, 38.174706, 0.0)
(32.271591, 38.474857, 0.0)
(32.354118, 38.449604, 0.0)
(32.443031, 38.464996, 0.0)
(32.536312, 38.470592, 0.0)
(32.703228, 38.485931, 0.0)
(34.432404, 38.661377, 0.0)
(34.585617, 38.804523, 0.0)
(34.591225, 38.800434, 0.0)
(34.691887, 38.808372, 0.0)
(34.808723, 38.803539, 0.0)
(34.894142, 38.825756, 0.0)
(34.986870, 38.855511, 0.0)
(35.637764, 38.984158, 0.0)
(36.975273, 38.956409, 0.0)
(37.095112, 39.003319, 0.0)
(37.129669, 39.040699, 0.0)
(37.165577, 39.020466, 0.0)
(37.250587, 39.013840, 0.0)
(38.510632, 38.967327, 0.0)
(40.878075, 38.570801, 0.0)
(41.159977, 38.336903, 0.0)
(41.076591, 38.203205, 0.0)
(41.126949, 38.099903, 0.0)
(41.140541, 38.055138, 0.0)
(41.112545, 37.958973, 0.0)
(41.105438, 37.900505, 0.0)
(41.149258, 37.799526, 0.0)
(41.158474, 37.805855, 0.0)
(41.146713, 37.762897, 0.0)
(41.167686, 37.754887, 0.0)
(41.221561, 37.745750, 0.0)
(41.154568, 37.651829, 0.0)
(41.156502, 37.674191, 0.0)
(41.161232, 37.670124, 0.0)
(41.168373, 37.697105, 0.0)
(41.165318, 37.684475, 0.0)
(41.172981, 37.667095, 0.0)
(41.633579, 37.722931, 0.0)
(41.664955, 37.660393, 0.0)
(41.616390, 37.636307, 0.0)
(41.614342, 37.622265, 0.0)
(41.630322, 37.595222, 0.0)
(41.645649, 37.596046, 0.0)
(41.631557, 37.602104, 0.0)
(41.597946, 37.556511, 0.0)
(39.551052, 37.094296, 0.0)
(39.406185, 37.242981, 0.0)
(39.448391, 37.294262, 0.0)
(39.402851, 37.300060, 0.0)
(39.381283, 37.289074, 0.0)
(39.381561, 37.349319, 0.0)
(39.304058, 37.312309, 0.0)
(38.916080, 37.405972, 0.0)
(37.943058, 38.027927, 0.0)
(37.863777, 38.045403, 0.0)
(37.784054, 38.050926, 0.0)
(37.701481, 38.044678, 0.0)
(37.625759, 38.131695, 0.0)
(36.108013, 38.346931, 0.0)
(35.827526, 38.496468, 0.0)
(35.784557, 38.500256, 0.0)
(35.689796, 38.507668, 0.0)
(35.597828, 38.568897, 0.0)
(35.526802, 38.635880, 0.0)
(35.297825, 38.672588, 0.0)
(33.972813, 38.692837, 0.0)
(33.838192, 38.723663, 0.0)
(33.791454, 38.704845, 0.0)
(33.707626, 38.685364, 0.0)
(33.593472, 38.730850, 0.0)
(32.754009, 38.910656, 0.0)
(32.294140, 38.992218, 0.0)
(32.211079, 38.997524, 0.0)
(32.093395, 38.984192, 0.0)
(32.052483, 38.991451, 0.0)
(31.994429, 38.980289, 0.0)
(31.899546, 39.026978, 0.0)
(31.818081, 39.073498, 0.0)
(29.214197, 39.428326, 0.0)
(27.742249, 39.723644, 0.0)
(27.704346, 39.569389, 0.0)
(27.693800, 39.431038, 0.0)
(27.669687, 39.300358, 0.0)
(27.670700, 39.266556, 0.0)
(27.626230, 39.195839, 0.0)
(27.634943, 39.180065, 0.0)
(27.607372, 39.171555, 0.0)
(27.604839, 39.170773, 0.0)
(27.590111, 39.161594, 0.0)
(27.593548, 39.158226, 0.0)
(27.583702, 39.145664, 0.0)
(27.525461, 39.134945, 0.0)
(27.479378, 39.127758, 0.0)
(27.499184, 39.116673, 0.0)
(27.513002, 39.130157, 0.0)
(27.567894, 39.139660, 0.0)
(27.532167, 39.115921, 0.0)
(27.529865, 39.133564, 0.0)
(27.546925, 39.136631, 0.0)
(27.537062, 39.063465, 0.0)
(27.626522, 39.119953, 0.0)
(27.897129, 39.043175, 0.0)
(31.238787, 38.528427, 0.0)
(31.416689, 38.697224, 0.0)
(31.445848, 38.721115, 0.0)
(31.545807, 38.742474, 0.0)
(31.221741, 38.838173, 0.0)
(31.061792, 38.819664, 0.0)
(31.220449, 38.808281, 0.0)
(31.345795, 38.830502, 0.0)
(31.407288, 38.912106, 0.0)
(31.513609, 38.951870, 0.0)
(31.617889, 38.952229, 0.0)
(31.795309, 38.965263, 0.0)
(31.888554, 38.974186, 0.0)
(32.016102, 38.983765, 0.0)
(32.165665, 38.982239, 0.0)
(32.255455, 39.008389, 0.0)
(34.089905, 38.749447, 0.0)
(34.329468, 38.837299, 0.0)
(34.423161, 38.810791, 0.0)
(34.559631, 38.853497, 0.0)
(34.806667, 38.801537, 0.0)
(36.191822, 38.910416, 0.0)
(36.662880, 38.892841, 0.0)
(36.773041, 38.837841, 0.0)
(36.882618, 38.815739, 0.0)
(36.996181, 38.803463, 0.0)
(37.070454, 38.822273, 0.0)
(37.148296, 38.838543, 0.0)
(37.257805, 38.829742, 0.0)
(37.335037, 38.814270, 0.0)
(37.841255, 38.856522, 0.0)
(38.217941, 38.644978, 0.0)
(38.279919, 38.645000, 0.0)
(38.343346, 38.622055, 0.0)
(38.416641, 38.638123, 0.0)
(39.391037, 38.689018, 0.0)
(39.484138, 38.720066, 0.0)
(39.469582, 38.622620, 0.0)
(39.481510, 38.482658, 0.0)
(39.513622, 38.402351, 0.0)
(39.511787, 38.312088, 0.0)
(40.616089, 37.751492, 0.0)
(40.895889, 36.982586, 0.0)
(40.789330, 36.581985, 0.0)
(40.802906, 36.397015, 0.0)
(40.802822, 36.229053, 0.0)
(40.782490, 36.252907, 0.0)
(40.750904, 36.201160, 0.0)
(40.750645, 36.208225, 0.0)
(41.015194, 36.610451, 0.0)
(41.156467, 36.841911, 0.0)
(41.139091, 36.823658, 0.0)
(41.156071, 36.819691, 0.0)
(41.161045, 36.819870, 0.0)
(41.163830, 36.852188, 0.0)
(40.879421, 36.799461, 0.0)
(39.216759, 36.566563, 0.0)
(39.196682, 36.722176, 0.0)
(39.166782, 36.689957, 0.0)
(39.116840, 36.682472, 0.0)
(38.959583, 36.728226, 0.0)
(38.854832, 36.779930, 0.0)
(36.676846, 37.114140, 0.0)
(36.568413, 37.234509, 0.0)
(36.532986, 37.213203, 0.0)
(36.335217, 37.339085, 0.0)
(36.189968, 37.377964, 0.0)
(36.027039, 37.415386, 0.0)
(35.890205, 37.503201, 0.0)
(35.750988, 37.522522, 0.0)
(35.614025, 37.533417, 0.0)
(35.445450, 37.593857, 0.0)
(35.061016, 37.661110, 0.0)
(34.146595, 37.691589, 0.0)
(33.946461, 37.725258, 0.0)
(33.809746, 37.743736, 0.0)
(33.614555, 37.800240, 0.0)
(33.507954, 37.788712, 0.0)
(33.444584, 37.790844, 0.0)
(33.322952, 37.809666, 0.0)
(32.314316, 37.971729, 0.0)
(31.337372, 38.009022, 0.0)
(31.199198, 38.012344, 0.0)
(31.143291, 38.036251, 0.0)
(31.076687, 38.053333, 0.0)
(31.000156, 38.040237, 0.0)
(30.823261, 38.067871, 0.0)
(30.766224, 38.056908, 0.0)
(30.692591, 38.065861, 0.0)
(30.642136, 38.103695, 0.0)
(30.383446, 38.226761, 0.0)
(28.021214, 38.830769, 0.0)
(27.736370, 38.918285, 0.0)
(27.726578, 38.845135, 0.0)
(27.678364, 38.755363, 0.0)
(27.662170, 38.745300, 0.0)
(27.642185, 38.744846, 0.0)
(27.675699, 38.721806, 0.0)
(27.521639, 38.661003, 0.0)
(27.548161, 38.620850, 0.0)
(27.522497, 38.608459, 0.0)
(27.563408, 38.611847, 0.0)
(27.030905, 38.559685, 0.0)
(27.027906, 38.517189, 0.0)
(27.011015, 38.447605, 0.0)
(26.988726, 38.413383, 0.0)
(26.998363, 38.318722, 0.0)
(27.016314, 38.227299, 0.0)
(26.931534, 38.140141, 0.0)
(26.934305, 37.941128, 0.0)
(26.978985, 37.904240, 0.0)
(27.030905, 37.882904, 0.0)
(28.671797, 37.462353, 0.0)
(29.531958, 37.437023, 0.0)
(29.663523, 37.476925, 0.0)
(29.807056, 37.457294, 0.0)
(30.003035, 37.483196, 0.0)
(30.115284, 37.529198, 0.0)
(30.342329, 37.505276, 0.0)
(30.478830, 37.525066, 0.0)
(30.659149, 37.574127, 0.0)
(30.812290, 37.604237, 0.0)
(30.936136, 37.598881, 0.0)
(31.102835, 37.605526, 0.0)
(31.277445, 37.622936, 0.0)
(31.923903, 37.615417, 0.0)
(33.307907, 37.553482, 0.0)
(33.531071, 37.537498, 0.0)
(33.618675, 37.580605, 0.0)
(33.783421, 37.563362, 0.0)
(33.934696, 37.595486, 0.0)
(34.229462, 37.582752, 0.0)
(34.451214, 37.593521, 0.0)
(35.702854, 37.642815, 0.0)
(36.924854, 37.559307, 0.0)
(37.085407, 37.534267, 0.0)
(37.240597, 37.563179, 0.0)
(37.414501, 37.585720, 0.0)
(37.522594, 37.545578, 0.0)
(37.669113, 37.535648, 0.0)
(37.755638, 37.528481, 0.0)
(37.892155, 37.495220, 0.0)
(37.985165, 37.490322, 0.0)
(38.081577, 37.490139, 0.0)
(38.219242, 37.478573, 0.0)
(39.568073, 37.532352, 0.0)
(40.300877, 37.312874, 0.0)
(40.291431, 37.181328, 0.0)
(40.294609, 37.077934, 0.0)
(40.353683, 36.932068, 0.0)
(40.387646, 36.844833, 0.0)
(40.403336, 36.778412, 0.0)
(40.395771, 36.785587, 0.0)
(40.459457, 36.826534, 0.0)
(40.963566, 36.913609, 0.0)
(40.989933, 36.926456, 0.0)
(40.972546, 36.889484, 0.0)
(40.986107, 36.889069, 0.0)
(40.985638, 36.869869, 0.0)
(41.007812, 36.837643, 0.0)
(40.993214, 36.845486, 0.0)
(41.003010, 36.863567, 0.0)
(40.994221, 36.845055, 0.0)
(40.957314, 36.644493, 0.0)
(40.872459, 36.353493, 0.0)
(40.887596, 35.970520, 0.0)
(40.774010, 35.936848, 0.0)
(38.860683, 36.005341, 0.0)
(38.900673, 35.992401, 0.0)
(38.903881, 35.966190, 0.0)
(38.792831, 35.982998, 0.0)
(38.694347, 35.987499, 0.0)
(38.585045, 36.079262, 0.0)
(38.379578, 36.142563, 0.0)
(38.232487, 36.174892, 0.0)
(38.100273, 36.152466, 0.0)
(37.965412, 36.188126, 0.0)
(37.762085, 36.181229, 0.0)
(37.613216, 36.190430, 0.0)
(37.450363, 36.213295, 0.0)
(37.337013, 36.309860, 0.0)
(37.043667, 36.466351, 0.0)
(35.670601, 36.618176, 0.0)
(35.533058, 36.738583, 0.0)
(35.366402, 36.778625, 0.0)
(35.276085, 36.811420, 0.0)
(35.069378, 36.857605, 0.0)
(34.837112, 36.878922, 0.0)
(34.542885, 36.910149, 0.0)
(31.606684, 37.186928, 0.0)
(31.233454, 37.302288, 0.0)
(31.173685, 37.245911, 0.0)
(31.088001, 37.263607, 0.0)
(30.983292, 37.300438, 0.0)
(30.878874, 37.367489, 0.0)
(30.730915, 37.391102, 0.0)
(30.675556, 37.378155, 0.0)
(30.645535, 37.411415, 0.0)
(30.101240, 37.594055, 0.0)
(28.436464, 37.900818, 0.0)
(28.192886, 37.898403, 0.0)
(28.204834, 37.800961, 0.0)
(28.220806, 37.712627, 0.0)
(28.132105, 37.678169, 0.0)
(27.329479, 37.779022, 0.0)
(27.284790, 37.504520, 0.0)
(27.277645, 37.344402, 0.0)
(27.225006, 37.260937, 0.0)
(27.206957, 37.209206, 0.0)
(27.217583, 37.226578, 0.0)
(27.246614, 37.263397, 0.0)
(27.198336, 37.241562, 0.0)
(26.849400, 37.274147, 0.0)
(26.772385, 36.991001, 0.0)
(26.769281, 36.931282, 0.0)
(26.745258, 36.953125, 0.0)
(26.751713, 36.915081, 0.0)
(26.761463, 36.863125, 0.0)
(26.752317, 36.874310, 0.0)
(26.752043, 36.858788, 0.0)
(26.766020, 36.850163, 0.0)
(26.783728, 36.844120, 0.0)
(26.814234, 36.803501, 0.0)
(28.705229, 36.470760, 0.0)
(29.282755, 36.374504, 0.0)
(29.376810, 36.303486, 0.0)
(29.524296, 36.350689, 0.0)
(29.643612, 36.340584, 0.0)
(29.858294, 36.343700, 0.0)
(30.067257, 36.392479, 0.0)
(30.252956, 36.388428, 0.0)
(30.509544, 36.373878, 0.0)
(30.753706, 36.372787, 0.0)
(30.983070, 36.359657, 0.0)
(31.207954, 36.389656, 0.0)
(31.436064, 36.408390, 0.0)
(31.617025, 36.395523, 0.0)
(31.773548, 36.403732, 0.0)
(33.298634, 36.295216, 0.0)
(34.670963, 36.064499, 0.0)
(34.872387, 36.076923, 0.0)
(35.017231, 36.111355, 0.0)
(35.128876, 36.052292, 0.0)
(35.249210, 36.047604, 0.0)
(35.345486, 36.051479, 0.0)
(35.512249, 36.053921, 0.0)
(35.706928, 36.038334, 0.0)
(35.804008, 36.028755, 0.0)
(37.808537, 36.217239, 0.0)
(38.827763, 36.264980, 0.0)
(38.944992, 36.238907, 0.0)
(38.954823, 36.197758, 0.0)
(39.014774, 36.090618, 0.0)
(39.031132, 36.054123, 0.0)
(39.068790, 35.967628, 0.0)
(39.076027, 35.918533, 0.0)
(39.087036, 35.907986, 0.0)
(39.124485, 35.888405, 0.0)
(39.189613, 35.880814, 0.0)
(39.197731, 35.874020, 0.0)
(39.230808, 35.859299, 0.0)
(39.318890, 35.861969, 0.0)
(40.693146, 35.946358, 0.0)
(40.768417, 35.927334, 0.0)
(40.743462, 35.930584, 0.0)
(40.745190, 35.936443, 0.0)
(40.787144, 35.884361, 0.0)
(40.765800, 35.901268, 0.0)
(40.799706, 35.898914, 0.0)
(40.849186, 35.936363, 0.0)
(40.807949, 35.935005, 0.0)
(40.812145, 35.922691, 0.0)
(41.085567, 35.815029, 0.0)
(41.106728, 35.506435, 0.0)
(41.081486, 35.522671, 0.0)
(41.085629, 35.514133, 0.0)
(41.074368, 35.532272, 0.0)
(41.046276, 35.537563, 0.0)
(40.822861, 34.976036, 0.0)
(40.767109, 34.856770, 0.0)
(40.729427, 34.810982, 0.0)
(40.593658, 34.754929, 0.0)
(39.530968, 34.971428, 0.0)
(39.409908, 34.988590, 0.0)
(39.284145, 35.021420, 0.0)
(39.124096, 35.003078, 0.0)
(39.013062, 35.183258, 0.0)
(37.381165, 35.229805, 0.0)
(37.247467, 35.202755, 0.0)
(37.138870, 35.193916, 0.0)
(36.897861, 35.251522, 0.0)
(36.704197, 35.691639, 0.0)
(32.898670, 35.940685, 0.0)
(33.023346, 35.116882, 0.0)
(32.991459, 34.832455, 0.0)
(32.931862, 34.846619, 0.0)
(32.878017, 34.855835, 0.0)
(32.766903, 34.863499, 0.0)
(32.671577, 34.893547, 0.0)
(32.592777, 34.903458, 0.0)
(32.513432, 34.884163, 0.0)
(32.403923, 34.957111, 0.0)
(32.349308, 34.937469, 0.0)
(32.269733, 34.914173, 0.0)
(32.182796, 34.948055, 0.0)
(31.828838, 35.085869, 0.0)
(29.896002, 35.399513, 0.0)
(29.733307, 35.465252, 0.0)
(29.675503, 35.518833, 0.0)
(29.559729, 35.534180, 0.0)
(29.481796, 35.552498, 0.0)
(28.649874, 35.832485, 0.0)
(28.028637, 35.913055, 0.0)
(27.939947, 35.954235, 0.0)
(27.888479, 35.987122, 0.0)
(27.817646, 36.061539, 0.0)
(27.568199, 36.119404, 0.0)
(26.753265, 36.235138, 0.0)
(26.656588, 36.279198, 0.0)
(26.638546, 36.247654, 0.0)
(26.590612, 36.248409, 0.0)
(26.549784, 36.269028, 0.0)
(26.536238, 36.259762, 0.0)
(26.517185, 36.278873, 0.0)
(26.092888, 36.332184, 0.0)
(25.998867, 36.121872, 0.0)
(25.995483, 36.127159, 0.0)
(25.993826, 36.093800, 0.0)
(25.996481, 36.084728, 0.0)
(26.001524, 36.065968, 0.0)
(26.023840, 36.043282, 0.0)
(26.025118, 36.040874, 0.0)
(26.040575, 36.002415, 0.0)
(26.131002, 35.951672, 0.0)
(27.841339, 35.395226, 0.0)
(28.604912, 35.136349, 0.0)
(28.759371, 35.117771, 0.0)
(28.888014, 35.076653, 0.0)
(28.995310, 35.053467, 0.0)
(29.168459, 35.012527, 0.0)
(29.468733, 35.003822, 0.0)
(29.646183, 34.950676, 0.0)
(30.315992, 34.815899, 0.0)
(33.899345, 34.352718, 0.0)
(34.094093, 34.494217, 0.0)
(34.181263, 34.478569, 0.0)
(34.256729, 34.498543, 0.0)
(34.386570, 34.503185, 0.0)
(34.471924, 34.496933, 0.0)
(34.588379, 34.530636, 0.0)
(34.630745, 34.543407, 0.0)
(34.714119, 34.540371, 0.0)
(34.844345, 34.540112, 0.0)
(34.980267, 34.548012, 0.0)
(35.020527, 34.558720, 0.0)
(35.066914, 34.532986, 0.0)
(35.209095, 34.530704, 0.0)
(35.238308, 34.541924, 0.0)
(35.362446, 34.544403, 0.0)
(35.496540, 34.602127, 0.0)
(35.595764, 34.617516, 0.0)
(35.701950, 34.658653, 0.0)
(35.819042, 34.637924, 0.0)
(36.523808, 34.678154, 0.0)
(36.723297, 34.736683, 0.0)
(36.826202, 34.697437, 0.0)
(36.946819, 34.689232, 0.0)
(37.493721, 34.709251, 0.0)
(39.841389, 34.793232, 0.0)
(40.022461, 34.837803, 0.0)
(40.057831, 34.840954, 0.0)
(40.077648, 34.752659, 0.0)
(40.127491, 34.677212, 0.0)
(40.218430, 34.598793, 0.0)
(40.253174, 34.598103, 0.0)
(40.308903, 34.627766, 0.0)
(40.848019, 34.823566, 0.0)
(41.372356, 34.791046, 0.0)
(41.367428, 34.753639, 0.0)
(41.326641, 34.685612, 0.0)
(41.345280, 34.642670, 0.0)
(41.336304, 34.610161, 0.0)
(41.319160, 34.630936, 0.0)
(41.309208, 34.660995, 0.0)
(41.315491, 34.679134, 0.0)
(41.305470, 34.652241, 0.0)
(40.367081, 33.803013, 0.0)
(40.240368, 33.294872, 0.0)
(40.245716, 33.346569, 0.0)
(40.172485, 33.359386, 0.0)
(40.132835, 33.342987, 0.0)
(39.599300, 33.393917, 0.0)
(39.395008, 33.736122, 0.0)
(39.239235, 33.802799, 0.0)
(39.075474, 33.685074, 0.0)
(38.954235, 33.668877, 0.0)
(38.734909, 33.712753, 0.0)
(38.514362, 33.703888, 0.0)
(38.312965, 33.718132, 0.0)
(38.104855, 33.728462, 0.0)
(37.921494, 33.745064, 0.0)
(37.666000, 33.752571, 0.0)
(36.848400, 33.825153, 0.0)
(36.093029, 33.728325, 0.0)
(35.903580, 33.730736, 0.0)
(35.713352, 33.781784, 0.0)
(35.520988, 33.827988, 0.0)
(35.327938, 33.853848, 0.0)
(35.146027, 33.847416, 0.0)
(34.960686, 33.952446, 0.0)
(34.773026, 33.987179, 0.0)
(34.635933, 33.993183, 0.0)
(34.397537, 33.986103, 0.0)
(32.752384, 34.112740, 0.0)
(32.490211, 34.139980, 0.0)
(32.448753, 34.064533, 0.0)
(32.287304, 34.069843, 0.0)
(32.145535, 34.093700, 0.0)
(32.027504, 34.139893, 0.0)
(31.922522, 34.173584, 0.0)
(31.060888, 34.488838, 0.0)
(29.619654, 34.833332, 0.0)
(29.452427, 34.838009, 0.0)
(29.394768, 34.825947, 0.0)
(29.330366, 34.833061, 0.0)
(29.227713, 34.876007, 0.0)
(28.348190, 35.373821, 0.0)
(27.589945, 35.486225, 0.0)
(27.480328, 35.432007, 0.0)
(27.430481, 35.476566, 0.0)
(27.379124, 35.463131, 0.0)
(27.378693, 35.444462, 0.0)
(27.331924, 35.468788, 0.0)
(26.902870, 35.541782, 0.0)
(26.666595, 35.501297, 0.0)
(26.643492, 35.452946, 0.0)
(26.653313, 35.439915, 0.0)
(26.626080, 35.430912, 0.0)
(26.267605, 35.554165, 0.0)
(26.165794, 35.507549, 0.0)
(26.167389, 35.465618, 0.0)
(26.137609, 35.442749, 0.0)
(26.145937, 35.412106, 0.0)
(26.181170, 35.350708, 0.0)
(26.231779, 35.297916, 0.0)
(26.293600, 35.202709, 0.0)
(29.908298, 33.673847, 0.0)
(30.379667, 33.636528, 0.0)
(30.456121, 33.647552, 0.0)
(30.481974, 33.660488, 0.0)
(30.584555, 33.642567, 0.0)
(30.709414, 33.637135, 0.0)
(30.833204, 33.612637, 0.0)
(30.925356, 33.610432, 0.0)
(31.100824, 33.575752, 0.0)
(31.241583, 33.563007, 0.0)
(31.347696, 33.549652, 0.0)
(31.558445, 33.527206, 0.0)
(31.763729, 33.509617, 0.0)
(31.931833, 33.484955, 0.0)
(32.120068, 33.492756, 0.0)
(32.375320, 33.485989, 0.0)
(32.616333, 33.468891, 0.0)
(32.836842, 33.453117, 0.0)
(34.946301, 33.356049, 0.0)
(35.433575, 33.376766, 0.0)
(35.487656, 33.348644, 0.0)
(35.693356, 33.401260, 0.0)
(35.840225, 33.375950, 0.0)
(36.009365, 33.411316, 0.0)
(36.117176, 33.421120, 0.0)
(36.323795, 33.484715, 0.0)
(36.420212, 33.511333, 0.0)
(36.550850, 33.514301, 0.0)
(37.008362, 33.598984, 0.0)
(38.076469, 33.639519, 0.0)
(38.209557, 33.683784, 0.0)
(38.283974, 33.656502, 0.0)
(38.346165, 33.683018, 0.0)
(38.486034, 33.720215, 0.0)
(40.537983, 34.000839, 0.0)
(40.733315, 33.913795, 0.0)
(40.719929, 33.867531, 0.0)
(40.740131, 33.913944, 0.0)
(40.719021, 33.832840, 0.0)
(40.708557, 33.834244, 0.0)
(40.660378, 33.848503, 0.0)
(40.667645, 33.854137, 0.0)
(40.717899, 33.782932, 0.0)
(40.764545, 33.751110, 0.0)
(40.807510, 33.697708, 0.0)
(41.158195, 33.781078, 0.0)
(41.410606, 33.652138, 0.0)
(41.367908, 33.600689, 0.0)
(41.297981, 33.630856, 0.0)
(41.275696, 33.641472, 0.0)
(41.294796, 33.623669, 0.0)
(41.273117, 33.605671, 0.0)
(41.235523, 33.629017, 0.0)
(41.220364, 33.632252, 0.0)
(41.148060, 33.561558, 0.0)
(40.247219, 33.137871, 0.0)
(38.956944, 32.670315, 0.0)
(38.934841, 32.639042, 0.0)
(38.877098, 32.668858, 0.0)
(38.741447, 32.693001, 0.0)
(38.645416, 32.699596, 0.0)
(38.473988, 32.721664, 0.0)
(38.352669, 32.760063, 0.0)
(38.212700, 32.689690, 0.0)
(38.075981, 32.659241, 0.0)
(37.971004, 32.653934, 0.0)
(37.845673, 32.643574, 0.0)
(37.696060, 32.657574, 0.0)
(37.466877, 32.640667, 0.0)
(36.279400, 32.531990, 0.0)
(36.074478, 32.556965, 0.0)
(35.943848, 32.571980, 0.0)
(35.792503, 32.629353, 0.0)
(35.633972, 32.609703, 0.0)
(34.441387, 32.695141, 0.0)
(33.136250, 32.659977, 0.0)
(33.012352, 32.631725, 0.0)
(32.887787, 32.598442, 0.0)
(32.728157, 32.651878, 0.0)
(32.580582, 32.696262, 0.0)
(30.798437, 32.975147, 0.0)
(30.578909, 33.104073, 0.0)
(30.466282, 33.078976, 0.0)
(30.380638, 33.116135, 0.0)
(30.252100, 33.189400, 0.0)
(30.182392, 33.189575, 0.0)
(30.151443, 33.222069, 0.0)
(30.101694, 33.283443, 0.0)
(29.968479, 33.350689, 0.0)
(28.819206, 33.616531, 0.0)
(28.659544, 33.747963, 0.0)
(28.535553, 33.796112, 0.0)
(28.460995, 33.860859, 0.0)
(28.355370, 33.885899, 0.0)
(27.431906, 34.276924, 0.0)
(27.285576, 34.315544, 0.0)
(27.219601, 34.282005, 0.0)
(27.137297, 34.259422, 0.0)
(27.124027, 34.263153, 0.0)
(27.052763, 34.290302, 0.0)
(26.963917, 34.301796, 0.0)
(26.940847, 34.344429, 0.0)
(26.396341, 34.625641, 0.0)
(26.076860, 34.736366, 0.0)
(26.049561, 34.722141, 0.0)
(26.019138, 34.643570, 0.0)
(26.029242, 34.604267, 0.0)
(26.034485, 34.633846, 0.0)
(26.017696, 34.579128, 0.0)
(26.030443, 34.563885, 0.0)
(26.078480, 34.387260, 0.0)
(26.115606, 33.780056, 0.0)
(26.156614, 33.655739, 0.0)
(26.248896, 33.647129, 0.0)
(26.399855, 33.550880, 0.0)
(26.487049, 33.505054, 0.0)
(28.311918, 33.093380, 0.0)
(28.793449, 32.983589, 0.0)
(28.912287, 32.882988, 0.0)
(29.085020, 32.787292, 0.0)
(29.306686, 32.754906, 0.0)
(29.476280, 32.719147, 0.0)
(29.665537, 32.727978, 0.0)
(29.834795, 32.779060, 0.0)
(29.982306, 32.771114, 0.0)
(31.061211, 32.522903, 0.0)
(32.437534, 32.181351, 0.0)
(32.640972, 32.156815, 0.0)
(32.772354, 32.186920, 0.0)
(32.996517, 32.183743, 0.0)
(33.145077, 32.139278, 0.0)
(33.353386, 32.162796, 0.0)
(33.529484, 32.199451, 0.0)
(33.721504, 32.208641, 0.0)
(35.160152, 32.181103, 0.0)
(36.595531, 32.067081, 0.0)
(36.725754, 32.131054, 0.0)
(36.792435, 32.122517, 0.0)
(36.868141, 32.092171, 0.0)
(36.983105, 32.100594, 0.0)
(37.065918, 32.127594, 0.0)
(37.147152, 32.170544, 0.0)
(37.243931, 32.148865, 0.0)
(37.299595, 32.127720, 0.0)
(37.675766, 32.187454, 0.0)
(39.154072, 32.211605, 0.0)
(39.181999, 32.259007, 0.0)
(39.200115, 32.353973, 0.0)
(39.227268, 32.365459, 0.0)
(39.290901, 32.412727, 0.0)
(39.303028, 32.407757, 0.0)
(39.313236, 32.410934, 0.0)
(39.651440, 32.472458, 0.0)
(41.387978, 32.994965, 0.0)
(41.496132, 32.952045, 0.0)
(41.388397, 32.870434, 0.0)
(41.386024, 32.876041, 0.0)
(41.351871, 32.864864, 0.0)
(41.365349, 32.853729, 0.0)
(41.412521, 32.899975, 0.0)
(41.418938, 32.868916, 0.0)
(41.358631, 32.850967, 0.0)
(41.330193, 32.827351, 0.0)
(41.318756, 32.806671, 0.0)
(41.295780, 32.823006, 0.0)
(40.026005, 32.087959, 0.0)
(39.828018, 31.805704, 0.0)
(39.836185, 31.813868, 0.0)
(39.810173, 31.864683, 0.0)
(39.752300, 31.902636, 0.0)
(39.707825, 31.902231, 0.0)
(39.628002, 31.860514, 0.0)
(39.397324, 31.836123, 0.0)
(37.590717, 31.513456, 0.0)
(37.312256, 31.569231, 0.0)
(37.263817, 31.483076, 0.0)
(37.103188, 31.463215, 0.0)
(36.972378, 31.485428, 0.0)
(36.837273, 31.484694, 0.0)
(36.693874, 31.528206, 0.0)
(36.584606, 31.448763, 0.0)
(36.446175, 31.422392, 0.0)
(36.274410, 31.441542, 0.0)
(36.157272, 31.411425, 0.0)
(36.042294, 31.448856, 0.0)
(35.904213, 31.452015, 0.0)
(35.722652, 31.456171, 0.0)
(34.272335, 31.439663, 0.0)
(34.072262, 31.558813, 0.0)
(33.947369, 31.528618, 0.0)
(33.844044, 31.540548, 0.0)
(33.706249, 31.489994, 0.0)
(32.782719, 31.627401, 0.0)
(30.275215, 31.951735, 0.0)
(29.958954, 32.068878, 0.0)
(29.924452, 32.086441, 0.0)
(29.842005, 32.123077, 0.0)
(29.798887, 32.183613, 0.0)
(29.528524, 32.243423, 0.0)
(28.140945, 32.498489, 0.0)
(28.051779, 32.558178, 0.0)
(27.999033, 32.528374, 0.0)
(27.961464, 32.532207, 0.0)
(27.934061, 32.554985, 0.0)
(27.130945, 32.906166, 0.0)
(26.857027, 33.009289, 0.0)
(26.845089, 33.041599, 0.0)
(26.804192, 33.066666, 0.0)
(26.795586, 33.049393, 0.0)
(26.789980, 33.022667, 0.0)
(26.779404, 33.020550, 0.0)
(26.738153, 33.019100, 0.0)
(26.721243, 33.062347, 0.0)
(26.674942, 33.081673, 0.0)
(26.623890, 33.126537, 0.0)
(26.617781, 33.122345, 0.0)
(26.612883, 33.121498, 0.0)
(26.274551, 33.168926, 0.0)
(26.180664, 33.197586, 0.0)
(26.248865, 33.152706, 0.0)
(26.257874, 33.135323, 0.0)
(26.535963, 32.811771, 0.0)
(26.994333, 32.005482, 0.0)
(27.039289, 31.934002, 0.0)
(27.080732, 31.956835, 0.0)
(27.119438, 31.961445, 0.0)
(27.766956, 31.699539, 0.0)
(27.928907, 31.583035, 0.0)
(27.957508, 31.519613, 0.0)
(28.122671, 31.407234, 0.0)
(29.201523, 31.244728, 0.0)
(29.535467, 31.214985, 0.0)
(29.750328, 31.199854, 0.0)
(29.832880, 31.154030, 0.0)
(29.943716, 31.159124, 0.0)
(30.073400, 31.174419, 0.0)
(30.223223, 31.122383, 0.0)
(30.449154, 31.148148, 0.0)
(33.832134, 30.877155, 0.0)
(34.113705, 31.017735, 0.0)
(34.173630, 31.006636, 0.0)
(34.328098, 31.029932, 0.0)
(34.392113, 31.040358, 0.0)
(34.379841, 31.037374, 0.0)
(34.495487, 31.064121, 0.0)
(34.563709, 31.042318, 0.0)
(34.713860, 31.051992, 0.0)
(34.776951, 31.010944, 0.0)
(34.878487, 30.991564, 0.0)
(35.012184, 31.009073, 0.0)
(37.178223, 31.272493, 0.0)
(39.567581, 31.345989, 0.0)
(39.554695, 31.470375, 0.0)
(39.506523, 31.433208, 0.0)
(39.523781, 31.418444, 0.0)
(39.525978, 31.398048, 0.0)
(39.554108, 31.396549, 0.0)
(39.597618, 31.396004, 0.0)
(39.635166, 31.402618, 0.0)
(39.656483, 31.428572, 0.0)
(39.676857, 31.440964, 0.0)
(39.727440, 31.391855, 0.0)
(39.732761, 31.379606, 0.0)
(40.885727, 31.641026, 0.0)
(40.936962, 31.631157, 0.0)
(40.926311, 31.624577, 0.0)
(40.901440, 31.686075, 0.0)
(40.892704, 31.700708, 0.0)
(41.445087, 31.838461, 0.0)
(41.486374, 31.834806, 0.0)
(41.391434, 31.742802, 0.0)
(41.397236, 31.781111, 0.0)
(41.373821, 31.769426, 0.0)
(41.366795, 31.813047, 0.0)
(41.331020, 31.820148, 0.0)
(41.339886, 31.829231, 0.0)
(41.327911, 31.797911, 0.0)
(41.319263, 31.806540, 0.0)
(41.279385, 31.814651, 0.0)
(41.247475, 31.766802, 0.0)
(41.226982, 31.712223, 0.0)
(39.152935, 30.845148, 0.0)
(39.130196, 30.907286, 0.0)
(39.233139, 30.885897, 0.0)
(39.265762, 30.910530, 0.0)
(39.193428, 30.904015, 0.0)
(39.127258, 30.889704, 0.0)
(39.079659, 30.891333, 0.0)
(39.002693, 30.849716, 0.0)
(38.878071, 30.807882, 0.0)
(38.774437, 30.760887, 0.0)
(38.397854, 30.721632, 0.0)
(36.858322, 30.494820, 0.0)
(36.698841, 30.480461, 0.0)
(36.550484, 30.484959, 0.0)
(36.384819, 30.484913, 0.0)
(36.277397, 30.445715, 0.0)
(36.101593, 30.448484, 0.0)
(35.977566, 30.455889, 0.0)
(35.220779, 30.458651, 0.0)
(33.798550, 30.229788, 0.0)
(33.716583, 30.213778, 0.0)
(33.682892, 30.259094, 0.0)
(33.540707, 30.242990, 0.0)
(33.480618, 30.271276, 0.0)
(33.470901, 30.273552, 0.0)
(33.439133, 30.279739, 0.0)
(32.008427, 30.529806, 0.0)
(31.000168, 30.706184, 0.0)
(30.910589, 30.725216, 0.0)
(30.882792, 30.701006, 0.0)
(30.814224, 30.726847, 0.0)
(30.774820, 30.748224, 0.0)
(29.432365, 31.178364, 0.0)
(28.405163, 31.428553, 0.0)
(28.328779, 31.439255, 0.0)
(28.317280, 31.427679, 0.0)
(28.275181, 31.420383, 0.0)
(28.247362, 31.446583, 0.0)
(28.225670, 31.445318, 0.0)
(28.137568, 31.461046, 0.0)
(28.067089, 31.471951, 0.0)
(26.899002, 31.965315, 0.0)
(26.808340, 32.062508, 0.0)
(26.791363, 32.048569, 0.0)
(26.732906, 32.090366, 0.0)
(26.705202, 32.103298, 0.0)
(26.663877, 32.105812, 0.0)
(26.663689, 32.116161, 0.0)
(26.049955, 32.350601, 0.0)
(25.843285, 32.402592, 0.0)
(25.833733, 32.404434, 0.0)
(25.828922, 32.406494, 0.0)
(25.827383, 32.412884, 0.0)
(25.841101, 32.400635, 0.0)
(26.163643, 32.136631, 0.0)
(27.167103, 31.353144, 0.0)
(27.258434, 31.272728, 0.0)
(27.254580, 31.325100, 0.0)
(27.316635, 31.211966, 0.0)
(27.354982, 31.217602, 0.0)
(27.451813, 31.171469, 0.0)
(27.581057, 31.135075, 0.0)
(27.750710, 31.087553, 0.0)
(27.931467, 31.038616, 0.0)
(29.629704, 30.625193, 0.0)
(30.154089, 30.568598, 0.0)
(30.266556, 30.513338, 0.0)
(30.424128, 30.488829, 0.0)
(30.546255, 30.480986, 0.0)
(30.707609, 30.432838, 0.0)
(30.848007, 30.409794, 0.0)
(30.954792, 30.389252, 0.0)
(31.301176, 30.364456, 0.0)
(33.431244, 29.916523, 0.0)
(33.540855, 29.931284, 0.0)
(33.665169, 29.949099, 0.0)
(33.769676, 29.903551, 0.0)
(33.845692, 29.911261, 0.0)
(34.064297, 29.890110, 0.0)
(35.517387, 29.805454, 0.0)
(35.611153, 29.788574, 0.0)
(35.625938, 29.768431, 0.0)
(35.668682, 29.804724, 0.0)
(35.804016, 29.776388, 0.0)
(35.934055, 29.816986, 0.0)
(35.984501, 29.803551, 0.0)
(38.150547, 30.192350, 0.0)
(38.679043, 30.276220, 0.0)
(38.714882, 30.256172, 0.0)
(38.712505, 30.270445, 0.0)
(38.818119, 30.289803, 0.0)
(38.841225, 30.317228, 0.0)
(38.877270, 30.293381, 0.0)
(38.943237, 30.311050, 0.0)
(39.001537, 30.354847, 0.0)
(40.414986, 30.658941, 0.0)
(40.645439, 30.725132, 0.0)
(40.633572, 30.747068, 0.0)
(40.595226, 30.745562, 0.0)
(40.592377, 30.718597, 0.0)
(40.605278, 30.704165, 0.0)
(40.610050, 30.683235, 0.0)
(40.741711, 30.707693, 0.0)
(41.408821, 30.842571, 0.0)
(41.443092, 30.850716, 0.0)
(41.403355, 30.855646, 0.0)
(41.383724, 30.837225, 0.0)
(41.369522, 30.824594, 0.0)
(41.335045, 30.812918, 0.0)
(41.296837, 30.820131, 0.0)
(41.311245, 30.817141, 0.0)
(40.560051, 30.354656, 0.0)
(39.737335, 29.808735, 0.0)
(39.750767, 29.800133, 0.0)
(39.831146, 29.782505, 0.0)
(39.763039, 29.759583, 0.0)
(39.678646, 29.786003, 0.0)
(39.541550, 29.733002, 0.0)
(37.083801, 29.308865, 0.0)
(36.940369, 29.502941, 0.0)
(36.895969, 29.499176, 0.0)
(36.836330, 29.515251, 0.0)
(36.766277, 29.527273, 0.0)
(36.634808, 29.497030, 0.0)
(36.560963, 29.519203, 0.0)
(36.453606, 29.451908, 0.0)
(36.366554, 29.442911, 0.0)
(36.212276, 29.457682, 0.0)
(36.044960, 29.435194, 0.0)
(35.042274, 29.322681, 0.0)
(34.180477, 29.246113, 0.0)
(34.024849, 29.264889, 0.0)
(33.911369, 29.273571, 0.0)
(33.811867, 29.298603, 0.0)
(33.684509, 29.267254, 0.0)
(33.590847, 29.324663, 0.0)
(33.383038, 29.288540, 0.0)
(33.305408, 29.334049, 0.0)
(33.185699, 29.408215, 0.0)
(31.675528, 29.669470, 0.0)
(30.016298, 29.883078, 0.0)
(29.879877, 29.929768, 0.0)
(29.852688, 29.912567, 0.0)
(29.784582, 29.912390, 0.0)
(29.632734, 29.925274, 0.0)
(29.608259, 29.917490, 0.0)
(28.874891, 30.239100, 0.0)
(27.693411, 30.577230, 0.0)
(27.576107, 30.566589, 0.0)
(27.603199, 30.565346, 0.0)
(27.563078, 30.618240, 0.0)
(27.508118, 30.631842, 0.0)
(27.494564, 30.630850, 0.0)
(27.495882, 30.634508, 0.0)
(27.482222, 30.630613, 0.0)
(27.453629, 30.603714, 0.0)
(26.647062, 31.062584, 0.0)
(26.264032, 31.280760, 0.0)
(26.249588, 31.270220, 0.0)
(26.259823, 31.277079, 0.0)
(26.253782, 31.295021, 0.0)
(26.255180, 31.281380, 0.0)
(25.881386, 31.464218, 0.0)
(25.831013, 31.495771, 0.0)
(25.846153, 31.492308, 0.0)
(25.826254, 31.499369, 0.0)
(25.813896, 31.475113, 0.0)
(25.869783, 31.415606, 0.0)
(25.917194, 31.404049, 0.0)
(29.942249, 29.676035, 0.0)
(30.174980, 29.706215, 0.0)
(30.177738, 29.671093, 0.0)
(30.202219, 29.685240, 0.0)
(30.300089, 29.646515, 0.0)
(30.433632, 29.588812, 0.0)
(30.604511, 29.563253, 0.0)
(30.676956, 29.491171, 0.0)
(30.767504, 29.463266, 0.0)
(30.896109, 29.417358, 0.0)
(31.058603, 29.359684, 0.0)
(31.244789, 29.340836, 0.0)
(31.311035, 29.322041, 0.0)
(31.524134, 29.277580, 0.0)
(33.796276, 28.953163, 0.0)
(34.666431, 28.862106, 0.0)
(34.745125, 28.864311, 0.0)
(34.773464, 28.836630, 0.0)
(34.829269, 28.836773, 0.0)
(34.978199, 28.821913, 0.0)
(35.060078, 28.780781, 0.0)
(35.154690, 28.783440, 0.0)
(35.206917, 28.780546, 0.0)
(35.320889, 28.774090, 0.0)
(36.020370, 28.889378, 0.0)
(38.920410, 29.095858, 0.0)
(39.089546, 29.069559, 0.0)
(39.061256, 29.055902, 0.0)
(39.054886, 29.043684, 0.0)
(39.047840, 29.046993, 0.0)
(39.084015, 29.067228, 0.0)
(39.114372, 29.084351, 0.0)
(39.122997, 29.095041, 0.0)
(39.134144, 29.131035, 0.0)
(39.140270, 29.132179, 0.0)
(39.195702, 29.162752, 0.0)
(39.216469, 29.114386, 0.0)
(39.223507, 29.164103, 0.0)
(39.238747, 29.178568, 0.0)
(39.253643, 29.171331, 0.0)
(40.032467, 29.432842, 0.0)
(41.083160, 29.857384, 0.0)
(41.058842, 29.861258, 0.0)
(41.021729, 29.830433, 0.0)
(41.022255, 29.834208, 0.0)
(40.937561, 29.869371, 0.0)
(40.891918, 29.944881, 0.0)
(40.894608, 29.862349, 0.0)
(40.891037, 29.814926, 0.0)
(41.388294, 30.019091, 0.0)
(41.403149, 30.003819, 0.0)
(41.337666, 29.970579, 0.0)
(41.349270, 30.018505, 0.0)
(41.342342, 30.014301, 0.0)
(40.488468, 29.320871, 0.0)
(40.474865, 29.241379, 0.0)
(40.474865, 29.241379, 0.0)
(40.434933, 29.241581, 0.0)
(40.391846, 29.185425, 0.0)
(39.107178, 28.815697, 0.0)
(37.721382, 28.559488, 0.0)
(37.721703, 28.549540, 0.0)
(37.668537, 28.543205, 0.0)
(37.504822, 28.516134, 0.0)
(37.449818, 28.524475, 0.0)
(37.367790, 28.526955, 0.0)
(37.347015, 28.525497, 0.0)
(37.286388, 28.513287, 0.0)
(37.229687, 28.504332, 0.0)
(37.141869, 28.461813, 0.0)
(34.440292, 28.288027, 0.0)
(34.043640, 28.246679, 0.0)
(34.057735, 28.272018, 0.0)
(34.041267, 28.281397, 0.0)
(34.009834, 28.302549, 0.0)
(33.994568, 28.306210, 0.0)
(33.955730, 28.303190, 0.0)
(33.939358, 28.289570, 0.0)
(33.798958, 28.321201, 0.0)
(32.791653, 28.859604, 0.0)
(32.634434, 28.344500, 0.0)
(32.389526, 28.238190, 0.0)
(32.278820, 28.383934, 0.0)
(32.246445, 28.421188, 0.0)
(32.210144, 28.409649, 0.0)
(32.160091, 28.443726, 0.0)
(32.105778, 28.477936, 0.0)
(32.001667, 28.499146, 0.0)
(29.474068, 29.170898, 0.0)
(28.915411, 29.298548, 0.0)
(28.846418, 29.303709, 0.0)
(28.823826, 29.296989, 0.0)
(28.745537, 29.347008, 0.0)
(28.680019, 29.350187, 0.0)
(27.922382, 29.853100, 0.0)
(27.150625, 30.274319, 0.0)
(27.107155, 30.204676, 0.0)
(27.125210, 30.211023, 0.0)
(27.073538, 30.197285, 0.0)
(27.035776, 30.201080, 0.0)
(27.004784, 30.161476, 0.0)
(26.996231, 30.133780, 0.0)
(26.076485, 30.716719, 0.0)
(26.007034, 30.710623, 0.0)
(26.026550, 30.698809, 0.0)
(26.077030, 30.674656, 0.0)
(26.077030, 30.674656, 0.0)
(26.087721, 30.629032, 0.0)
(26.115215, 30.603415, 0.0)
(26.130970, 30.556376, 0.0)
(26.732836, 30.187468, 0.0)
(28.017710, 29.332897, 0.0)
(27.992132, 29.312284, 0.0)
(27.992132, 29.312284, 0.0)
(28.084143, 29.294210, 0.0)
(28.145628, 29.285219, 0.0)
(28.226494, 29.243967, 0.0)
(28.338831, 29.219492, 0.0)
(30.523586, 28.604862, 0.0)
(31.932831, 28.174301, 0.0)
(32.079201, 28.120016, 0.0)
(32.121258, 28.084103, 0.0)
(32.144920, 28.061539, 0.0)
(32.181782, 28.062954, 0.0)
(32.260448, 28.050220, 0.0)
(32.319935, 28.072987, 0.0)
(32.365654, 28.028717, 0.0)
(32.397854, 28.015657, 0.0)
(32.463249, 28.002375, 0.0)
(32.702236, 27.986748, 0.0)
(34.287922, 27.835573, 0.0)
(34.342205, 27.835199, 0.0)
(34.342579, 27.861683, 0.0)
(34.385094, 27.871954, 0.0)
(34.490086, 27.894840, 0.0)
(34.265594, 27.891806, 0.0)
(34.249763, 27.859545, 0.0)
(34.270596, 27.839596, 0.0)
(34.384808, 27.820179, 0.0)
(34.463669, 27.808969, 0.0)
(36.009342, 27.943352, 0.0)
(36.355629, 27.992884, 0.0)
(36.454056, 27.978125, 0.0)
(36.534260, 28.011488, 0.0)
(36.678608, 28.059101, 0.0)
(39.592022, 28.731951, 0.0)
(39.639240, 28.752014, 0.0)
(39.594654, 28.692701, 0.0)
(39.585876, 28.658165, 0.0)
(39.576221, 28.639265, 0.0)
(39.589935, 28.625340, 0.0)
(39.587925, 28.651396, 0.0)
(39.601368, 28.696688, 0.0)
(39.595249, 28.696167, 0.0)
(39.632877, 28.683540, 0.0)
(39.763577, 28.750595, 0.0)
(40.979771, 29.154808, 0.0)
(41.002167, 29.186539, 0.0)
(40.932930, 29.121368, 0.0)
(40.929790, 29.126907, 0.0)
(40.940033, 29.115534, 0.0)
(40.979187, 29.078913, 0.0)
(40.908123, 29.079678, 0.0)
(41.429031, 29.333168, 0.0)
(41.449127, 29.354588, 0.0)
(41.399029, 29.319658, 0.0)
(41.367516, 29.326094, 0.0)
(41.370667, 29.320192, 0.0)
(41.374020, 29.268456, 0.0)
(41.364075, 29.283819, 0.0)
(41.348747, 29.259674, 0.0)
(41.330994, 29.256353, 0.0)
(41.307690, 29.250214, 0.0)
(41.620373, 30.643660, 0.0)
(41.548443, 31.546946, 0.0)
(41.549515, 31.534502, 0.0)
(41.574657, 31.485315, 0.0)
(41.587177, 31.509266, 0.0)
(41.574871, 31.548717, 0.0)
(41.577713, 31.555088, 0.0)
(41.630524, 31.531317, 0.0)
(41.644032, 31.645870, 0.0)
(41.833492, 33.675274, 0.0)
(41.813148, 34.193916, 0.0)
(41.820827, 34.183624, 0.0)
(41.825516, 34.186764, 0.0)
(41.820827, 34.183624, 0.0)
(41.832676, 34.177959, 0.0)
(41.829430, 34.165722, 0.0)
(41.819290, 34.173996, 0.0)
(41.835659, 34.188519, 0.0)
(41.847218, 34.159374, 0.0)
(41.835659, 34.188519, 0.0)
(41.817314, 34.193275, 0.0)
(41.851795, 34.219818, 0.0)
(41.838150, 34.213921, 0.0)
(42.133537, 35.611977, 0.0)
(41.949528, 36.452049, 0.0)
(41.946499, 36.489445, 0.0)
(41.952503, 36.463825, 0.0)
(41.932373, 36.440533, 0.0)
(41.942066, 36.441170, 0.0)
(41.959862, 36.457043, 0.0)
(41.914970, 36.461971, 0.0)
(41.906345, 36.464649, 0.0)
(41.539223, 36.960896, 0.0)
(41.521511, 37.161247, 0.0)
(41.589481, 37.162334, 0.0)
(41.581501, 37.170616, 0.0)
(41.573669, 37.182945, 0.0)
(41.550911, 37.169231, 0.0)
(41.602116, 37.273319, 0.0)
(41.776814, 37.689915, 0.0)
(41.768314, 37.752945, 0.0)
(41.768314, 37.752945, 0.0)
(41.772549, 37.747440, 0.0)
(41.763561, 37.752682, 0.0)
(41.763561, 37.752682, 0.0)
(41.765289, 37.760284, 0.0)
(41.728508, 37.789280, 0.0)
(41.744999, 37.781788, 0.0)
(41.749344, 37.766434, 0.0)
(41.688713, 37.782173, 0.0)
(41.653114, 37.697292, 0.0)
(41.702953, 37.727043, 0.0)
(41.493000, 37.683002, 0.0)
(40.199802, 37.323658, 0.0)
(40.235531, 37.394821, 0.0)
(40.327446, 37.414761, 0.0)
(41.042976, 36.994247, 0.0)
(41.534420, 36.186649, 0.0)
(41.488518, 36.000332, 0.0)
(41.504902, 36.012711, 0.0)
(41.551472, 36.033882, 0.0)
(41.855038, 35.414825, 0.0)
(42.066788, 33.483978, 0.0)
(41.895645, 31.911089, 0.0)
(41.861488, 31.477114, 0.0)
(41.874374, 31.518358, 0.0)
(41.897907, 31.596100, 0.0)
(41.973717, 31.585201, 0.0)
(41.952991, 31.582310, 0.0)
(41.973907, 31.566593, 0.0)
(41.904362, 31.519329, 0.0)
(41.923355, 31.446609, 0.0)
(41.941170, 31.422907, 0.0)
(41.888103, 31.365995, 0.0)
(41.557262, 31.102757, 0.0)
(41.412838, 30.609716, 0.0)
(41.397491, 30.620579, 0.0)
(41.382645, 30.642569, 0.0)
(41.389202, 30.646547, 0.0)
(41.405251, 30.617933, 0.0)
(41.431606, 29.781208, 0.0)
(41.308544, 29.275675, 0.0)
(41.311047, 29.369646, 0.0)
(41.293415, 29.401073, 0.0)
(41.283123, 29.453720, 0.0)
(41.279999, 29.485949, 0.0)
(41.280910, 29.473471, 0.0)
(41.287464, 29.508987, 0.0)
(41.264019, 29.533522, 0.0)
(41.258289, 29.496357, 0.0)
(41.241276, 29.460983, 0.0)
(41.241947, 29.433765, 0.0)
(41.256855, 29.420118, 0.0)
(41.233040, 29.424913, 0.0)
(41.233040, 29.424913, 0.0)
(40.880322, 29.205208, 0.0)
(40.755497, 29.028572, 0.0)
(40.768845, 29.012257, 0.0)
(40.778271, 28.999496, 0.0)
(40.775784, 29.013765, 0.0)
(40.773087, 29.000957, 0.0)
(40.760403, 29.002954, 0.0)
(40.762466, 29.014259, 0.0)
(40.755089, 28.981070, 0.0)
(40.752781, 28.987545, 0.0)
(40.755505, 29.023926, 0.0)
(40.740192, 29.026592, 0.0)
(40.106415, 28.864504, 0.0)
(40.084053, 28.881277, 0.0)
(40.129082, 28.909485, 0.0)
(40.385860, 29.988398, 0.0)
(40.632797, 32.036922, 0.0)
(40.783653, 32.398849, 0.0)
(40.851368, 32.300220, 0.0)
(40.773396, 32.329269, 0.0)
(40.759041, 32.346825, 0.0)
(40.746773, 32.348282, 0.0)
(40.786377, 32.326004, 0.0)
(41.262390, 32.332069, 0.0)
(41.292267, 32.315674, 0.0)
(41.317368, 32.372894, 0.0)
(41.316174, 32.409016, 0.0)
(41.360226, 32.502216, 0.0)
(41.369743, 32.575645, 0.0)
(41.361980, 32.607643, 0.0)
(41.415550, 33.848854, 0.0)
(41.354412, 35.194069, 0.0)
(41.334652, 35.188911, 0.0)
(41.352982, 35.181519, 0.0)
(41.342422, 35.178692, 0.0)
(41.350590, 35.251553, 0.0)
(41.322117, 35.260296, 0.0)
(41.314240, 35.288113, 0.0)
(41.296356, 35.291962, 0.0)
(41.304348, 35.228764, 0.0)
(41.375061, 35.217438, 0.0)
(41.369537, 35.229939, 0.0)
(41.337360, 35.210445, 0.0)
(41.333248, 35.336906, 0.0)
(41.335602, 35.344795, 0.0)
(41.330189, 35.378082, 0.0)
(41.364162, 35.483364, 0.0)
(41.674957, 36.359928, 0.0)
(41.382397, 36.800335, 0.0)
(41.361843, 36.801666, 0.0)
(41.395931, 36.784325, 0.0)
(41.392754, 36.760960, 0.0)
(41.402615, 36.740910, 0.0)
(41.400970, 36.733376, 0.0)
(41.395443, 36.755901, 0.0)
(41.417419, 36.782139, 0.0)
(41.413189, 36.798065, 0.0)
(41.393272, 36.833797, 0.0)
(41.378983, 36.835346, 0.0)
(40.675919, 36.891022, 0.0)
(40.693192, 36.792515, 0.0)
(40.756969, 36.783630, 0.0)
(40.738510, 36.802437, 0.0)
(40.726723, 36.887733, 0.0)
(40.739883, 36.894482, 0.0)
(40.737995, 36.899841, 0.0)
(40.722530, 36.919975, 0.0)
(40.720539, 36.929356, 0.0)
(40.741421, 36.892860, 0.0)
(40.740356, 36.886028, 0.0)
(40.723351, 36.942844, 0.0)
(40.707397, 36.930019, 0.0)
(40.714725, 36.946671, 0.0)
(40.717243, 36.960255, 0.0)
(40.703251, 36.962078, 0.0)
(40.703251, 36.962078, 0.0)
(40.734638, 36.885406, 0.0)
(40.764565, 36.711998, 0.0)
(41.037956, 34.788918, 0.0)
(41.069733, 34.343811, 0.0)
(41.080223, 34.433537, 0.0)
(41.078632, 34.442802, 0.0)
(41.101837, 34.419010, 0.0)
(41.140656, 34.360256, 0.0)
(40.576668, 31.831678, 0.0)
(40.491405, 29.388144, 0.0)
(40.487064, 29.323866, 0.0)
(40.481697, 29.473261, 0.0)
(40.476723, 29.489977, 0.0)
(40.476994, 29.497059, 0.0)
(40.486126, 29.535385, 0.0)
(40.500263, 29.533667, 0.0)
(40.487915, 29.555521, 0.0)
(40.728817, 29.829811, 0.0)
(40.815514, 29.967379, 0.0)
(40.815514, 29.967379, 0.0)
(40.813114, 30.016243, 0.0)
(40.815178, 30.016567, 0.0)
(40.799423, 29.986923, 0.0)
(40.790447, 30.000862, 0.0)
(40.764698, 29.982738, 0.0)
(40.795097, 29.980793, 0.0)
(40.815319, 29.945087, 0.0)
(40.807045, 29.977289, 0.0)
(40.815506, 29.953302, 0.0)
(40.427303, 29.483601, 0.0)
(40.444622, 29.440001, 0.0)
(40.453125, 29.452715, 0.0)
(40.478962, 29.461632, 0.0)
(40.463406, 29.460377, 0.0)
(40.447765, 29.424391, 0.0)
(40.528236, 29.272583, 0.0)
(40.449409, 28.819118, 0.0)
(40.418915, 28.786280, 0.0)
(40.397686, 28.817469, 0.0)
(40.391941, 28.816729, 0.0)
(40.396366, 28.831968, 0.0)
(40.397564, 28.805687, 0.0)
(40.400871, 28.769842, 0.0)
(40.410099, 28.765991, 0.0)
(39.982899, 28.655949, 0.0)
(39.924232, 28.715010, 0.0)
(39.932804, 28.635897, 0.0)
(40.016003, 28.653870, 0.0)
(39.992222, 28.664503, 0.0)
(39.950939, 28.686680, 0.0)
(39.957150, 28.720207, 0.0)
(39.989864, 28.788912, 0.0)
(39.892933, 29.895418, 0.0)
(40.228767, 31.755148, 0.0)
(40.203003, 32.083576, 0.0)
(40.173656, 32.046482, 0.0)
(40.184971, 32.043400, 0.0)
(40.195946, 32.061047, 0.0)
(40.208405, 32.070709, 0.0)
(40.271694, 32.120579, 0.0)
(40.273750, 32.165077, 0.0)
(40.296066, 32.193623, 0.0)
(40.336143, 32.229591, 0.0)
(40.328251, 32.258274, 0.0)
(40.314594, 32.349918, 0.0)
(40.324852, 32.328205, 0.0)
(40.380745, 32.300598, 0.0)
(40.381504, 32.345387, 0.0)
(40.366341, 32.443996, 0.0)
(40.374454, 32.466793, 0.0)
(40.404728, 32.520569, 0.0)
(40.412094, 32.601952, 0.0)
(40.417286, 32.663002, 0.0)
(40.761818, 33.996658, 0.0)
(40.590763, 34.421104, 0.0)
(40.574017, 34.430683, 0.0)
(40.584835, 34.432579, 0.0)
(40.614735, 34.406307, 0.0)
(40.618530, 34.511177, 0.0)
(40.600636, 34.545204, 0.0)
(40.299320, 35.206348, 0.0)
(40.371368, 36.410774, 0.0)
(40.386044, 36.532249, 0.0)
(40.362888, 36.467625, 0.0)
(40.327915, 36.491783, 0.0)
(40.326351, 36.507648, 0.0)
(40.557571, 36.808487, 0.0)
(40.571583, 36.993202, 0.0)
(40.532799, 37.015118, 0.0)
(40.537708, 37.018963, 0.0)
(40.530743, 36.958042, 0.0)
(40.519611, 36.967453, 0.0)
(40.518948, 37.005814, 0.0)
(40.518353, 37.009197, 0.0)
(40.507126, 36.967644, 0.0)
(40.502705, 37.013729, 0.0)
(40.469284, 37.042503, 0.0)
(40.092255, 37.430847, 0.0)
(40.066349, 37.528702, 0.0)
(40.080688, 37.531555, 0.0)
(40.065666, 37.474461, 0.0)
(40.060326, 37.507225, 0.0)
(40.065117, 37.521507, 0.0)
(40.073662, 37.469810, 0.0)
(40.024048, 37.524307, 0.0)
(39.046516, 37.178020, 0.0)
(39.040688, 37.156563, 0.0)
(39.092842, 37.165585, 0.0)
(39.066532, 37.123379, 0.0)
(39.584709, 35.852039, 0.0)
(39.898079, 33.756008, 0.0)
(40.023983, 32.260338, 0.0)
(39.864929, 31.843546, 0.0)
(39.849297, 31.835218, 0.0)
(39.896019, 31.953045, 0.0)
(39.886162, 31.949793, 0.0)
(39.869301, 31.951735, 0.0)
(39.877686, 31.938982, 0.0)
(39.885693, 31.922558, 0.0)
(39.894192, 31.933247, 0.0)
(39.898533, 31.972887, 0.0)
(39.931252, 31.970053, 0.0)
(39.960892, 31.938644, 0.0)
(39.961372, 31.916018, 0.0)
(39.978931, 31.903141, 0.0)
(39.635345, 31.553892, 0.0)
(39.368607, 30.141222, 0.0)
(39.350441, 29.329115, 0.0)
(39.315208, 29.401167, 0.0)
(39.276787, 29.440502, 0.0)
(39.294132, 29.440834, 0.0)
(39.281822, 29.428782, 0.0)
(39.618000, 29.536024, 0.0)
(39.659512, 29.458035, 0.0)
(39.647514, 29.469179, 0.0)
(39.624241, 29.496893, 0.0)
(39.664211, 29.551332, 0.0)
(39.279305, 29.417059, 0.0)
(39.208111, 29.288050, 0.0)
(39.247795, 29.261644, 0.0)
(39.228592, 29.299122, 0.0)
(39.258850, 29.340359, 0.0)
(39.285210, 29.301550, 0.0)
(39.275532, 29.340523, 0.0)
(39.220722, 29.318829, 0.0)
(39.206299, 29.275505, 0.0)
(39.212593, 29.271013, 0.0)
(39.216331, 29.222795, 0.0)
(39.188824, 29.291452, 0.0)
(39.209541, 29.291485, 0.0)
(39.227776, 29.273806, 0.0)
(39.223030, 29.291494, 0.0)
(39.228477, 29.289879, 0.0)
(39.227776, 29.273806, 0.0)
(39.223515, 29.277876, 0.0)
(39.216885, 29.269056, 0.0)
(39.223515, 29.277876, 0.0)
(39.207867, 29.282717, 0.0)
(39.198257, 29.353846, 0.0)
(39.204075, 29.390118, 0.0)
(39.191967, 29.406477, 0.0)
(38.455727, 29.372269, 0.0)
(38.389481, 29.424429, 0.0)
(38.406403, 29.408283, 0.0)
(38.431068, 29.428255, 0.0)
(38.408566, 29.447439, 0.0)
(38.415268, 29.519707, 0.0)
(38.442394, 29.622551, 0.0)
(38.452293, 29.661539, 0.0)
(38.853008, 30.125153, 0.0)
(38.956619, 30.352663, 0.0)
(38.964417, 30.396612, 0.0)
(38.970402, 30.470436, 0.0)
(38.972462, 30.493330, 0.0)
(38.976131, 30.633219, 0.0)
(38.960011, 30.715813, 0.0)
(38.962292, 31.203663, 0.0)
(39.116207, 33.345642, 0.0)
(39.102055, 33.870491, 0.0)
(39.072968, 33.828766, 0.0)
(39.060509, 33.812714, 0.0)
(39.046001, 33.828571, 0.0)
(39.072395, 33.840225, 0.0)
(39.080547, 33.838791, 0.0)
(39.084763, 33.814945, 0.0)
(39.058136, 33.849689, 0.0)
(39.044495, 33.851879, 0.0)
(39.071259, 33.875763, 0.0)
(39.086063, 33.859432, 0.0)
(39.070065, 33.883148, 0.0)
(39.080460, 33.902035, 0.0)
(39.075542, 33.898701, 0.0)
(39.054676, 34.693569, 0.0)
(39.208721, 36.578186, 0.0)
(39.162865, 36.727661, 0.0)
(39.145023, 36.647522, 0.0)
(39.119331, 36.695385, 0.0)
(39.124161, 36.646069, 0.0)
(39.116123, 36.635563, 0.0)
(39.116123, 36.635563, 0.0)
(39.113388, 36.628357, 0.0)
(39.106262, 36.606312, 0.0)
(39.113388, 36.628357, 0.0)
(39.139271, 36.657204, 0.0)
(39.143002, 36.690971, 0.0)
(39.116573, 36.729527, 0.0)
(39.116627, 36.727623, 0.0)
(39.138885, 36.704201, 0.0)
(39.134171, 36.738960, 0.0)
(39.022087, 36.838867, 0.0)
(38.727081, 37.310879, 0.0)
(38.742313, 37.329388, 0.0)
(38.755146, 37.304615, 0.0)
(38.719376, 37.307152, 0.0)
(38.747784, 37.284996, 0.0)
(38.740669, 37.229576, 0.0)
(38.755035, 37.199104, 0.0)
(38.737320, 37.235924, 0.0)
(37.535740, 36.373409, 0.0)
(37.402664, 36.004177, 0.0)
(37.399006, 36.032917, 0.0)
(37.408794, 36.030983, 0.0)
(37.442318, 35.975441, 0.0)
(38.001076, 35.465374, 0.0)
(38.066685, 34.711376, 0.0)
(38.039104, 34.584316, 0.0)
(38.027122, 34.563313, 0.0)
(38.086452, 34.489758, 0.0)
(38.079533, 34.377907, 0.0)
(37.974789, 33.669693, 0.0)
(37.978611, 33.559780, 0.0)
(37.982246, 33.431564, 0.0)
(37.964279, 33.456665, 0.0)
(37.991165, 33.444103, 0.0)
(38.316662, 32.363213, 0.0)
(38.122890, 30.905176, 0.0)
(38.053646, 30.562649, 0.0)
(38.052025, 30.696503, 0.0)
(38.083038, 30.781504, 0.0)
(38.132343, 30.785269, 0.0)
(38.164822, 30.762901, 0.0)
(38.177063, 30.745480, 0.0)
(38.183784, 30.750462, 0.0)
(38.145027, 30.741224, 0.0)
(38.150017, 30.716068, 0.0)
(38.123940, 30.711269, 0.0)
(38.110046, 30.698797, 0.0)
(38.115978, 30.728807, 0.0)
(38.092251, 30.684326, 0.0)
(38.122387, 30.622097, 0.0)
(38.144165, 30.551506, 0.0)
(38.224072, 30.495419, 0.0)
(38.270306, 30.500311, 0.0)
(38.246861, 30.502739, 0.0)
(38.189133, 30.516747, 0.0)
(38.152946, 30.555614, 0.0)
(38.152946, 30.555614, 0.0)
(38.002392, 30.474962, 0.0)
(37.743977, 30.118582, 0.0)
(37.768066, 30.037724, 0.0)
(37.769085, 30.028654, 0.0)
(37.763172, 30.006857, 0.0)
(37.765724, 30.000614, 0.0)
(37.696789, 29.939260, 0.0)
(37.318462, 29.362534, 0.0)
(37.342369, 29.355520, 0.0)
(37.314064, 29.409523, 0.0)
(37.310143, 29.439709, 0.0)
(37.319111, 29.434076, 0.0)
(37.320518, 29.477615, 0.0)
(37.288059, 29.540571, 0.0)
(37.292141, 29.508812, 0.0)
(37.332829, 29.470533, 0.0)
(37.338459, 29.470718, 0.0)
(37.376030, 29.509502, 0.0)
(37.342167, 29.537130, 0.0)
(37.331718, 29.571970, 0.0)
(37.319710, 29.613516, 0.0)
(37.326885, 29.658400, 0.0)
(37.365559, 29.699671, 0.0)
(37.351246, 29.737349, 0.0)
(37.325893, 29.779160, 0.0)
(37.048813, 31.730532, 0.0)
(37.263935, 33.486683, 0.0)
(37.386978, 34.487022, 0.0)
(37.341244, 34.495304, 0.0)
(37.309711, 34.502472, 0.0)
(37.323559, 34.509567, 0.0)
(37.342964, 34.514641, 0.0)
(37.307152, 34.518299, 0.0)
(37.311188, 34.557457, 0.0)
(36.932411, 33.274639, 0.0)
(37.072029, 31.980160, 0.0)
(37.128487, 32.095589, 0.0)
(37.051357, 32.278374, 0.0)
(37.062977, 32.319614, 0.0)
(37.080032, 32.354641, 0.0)
(37.061398, 32.434391, 0.0)
(37.045097, 32.483448, 0.0)
(37.062977, 32.528393, 0.0)
(37.117535, 32.583828, 0.0)
(37.229469, 33.238136, 0.0)
(37.319267, 34.095894, 0.0)
(37.323105, 34.116100, 0.0)
(37.331318, 34.070454, 0.0)
(37.347267, 34.150818, 0.0)
(37.341999, 34.295925, 0.0)
(37.303219, 34.286774, 0.0)
(37.337311, 34.347538, 0.0)
(37.322865, 34.380249, 0.0)
(37.222519, 36.573803, 0.0)
(37.201935, 37.216064, 0.0)
(37.223110, 37.182720, 0.0)
(37.216187, 37.142376, 0.0)
(37.185051, 37.100731, 0.0)
(37.207775, 37.064899, 0.0)
(37.181255, 37.082417, 0.0)
(37.182842, 37.073685, 0.0)
(37.198875, 37.072624, 0.0)
(37.197567, 37.097504, 0.0)
(37.174355, 37.128471, 0.0)
(37.173939, 37.147732, 0.0)
(37.207462, 37.183205, 0.0)
(37.190777, 37.213890, 0.0)
(37.171219, 37.200001, 0.0)
(37.187111, 37.209290, 0.0)
(37.185158, 37.222168, 0.0)
(37.189930, 37.233814, 0.0)
(37.183529, 37.245335, 0.0)
(37.179192, 37.282204, 0.0)
(35.792103, 36.983971, 0.0)
(35.677570, 36.958389, 0.0)
(35.680538, 36.954872, 0.0)
(35.661194, 36.965218, 0.0)
(35.670074, 36.930271, 0.0)
(35.678108, 36.865337, 0.0)
(36.025543, 36.360069, 0.0)
(36.237267, 35.806934, 0.0)
(36.268772, 35.742161, 0.0)
(36.271641, 35.677467, 0.0)
(36.269009, 35.511932, 0.0)
(36.207008, 35.408363, 0.0)
(35.897480, 33.285923, 0.0)
(35.883942, 30.663908, 0.0)
(35.798641, 30.045109, 0.0)
(35.788670, 30.223385, 0.0)
(35.742107, 30.272505, 0.0)
(35.747822, 30.276922, 0.0)
(35.749298, 30.276922, 0.0)
(35.797123, 30.281973, 0.0)
(35.811848, 30.239201, 0.0)
(35.801704, 30.233671, 0.0)
(35.826107, 30.245512, 0.0)
(35.865894, 30.273037, 0.0)
(36.112747, 30.632196, 0.0)
(36.073170, 30.693930, 0.0)
(36.077385, 30.651806, 0.0)
(36.063774, 30.603062, 0.0)
(36.085712, 30.589588, 0.0)
(36.061062, 30.557453, 0.0)
(35.561562, 29.825531, 0.0)
(35.609901, 29.166002, 0.0)
(35.618904, 29.175022, 0.0)
(35.609112, 29.238008, 0.0)
(35.606380, 29.289343, 0.0)
(35.626228, 29.288532, 0.0)
(35.899712, 29.037848, 0.0)
(35.887650, 28.935709, 0.0)
(35.852367, 28.955774, 0.0)
(35.870464, 28.959408, 0.0)
(35.882702, 28.937336, 0.0)
(35.870464, 28.959408, 0.0)
(35.461357, 28.655651, 0.0)
(35.420811, 28.393847, 0.0)
(35.456829, 28.437286, 0.0)
(35.452599, 28.441252, 0.0)
(35.441971, 28.445816, 0.0)
(35.413937, 28.454910, 0.0)
(35.446648, 28.379719, 0.0)
(35.465206, 28.352448, 0.0)
(35.438427, 28.357082, 0.0)
(35.430645, 28.365049, 0.0)
(35.602993, 28.335133, 0.0)
(35.634102, 28.345875, 0.0)
(35.605099, 28.356598, 0.0)
(35.614285, 28.376974, 0.0)
(35.266819, 28.483288, 0.0)
(34.835369, 28.660315, 0.0)
(34.812592, 28.653337, 0.0)
(34.803806, 28.673117, 0.0)
(34.833733, 28.744471, 0.0)
(34.859035, 28.795897, 0.0)
(34.852848, 28.873091, 0.0)
(34.864841, 28.949541, 0.0)
(34.760155, 29.197203, 0.0)
(35.214844, 32.036850, 0.0)
(35.177814, 31.631792, 0.0)
(35.114956, 31.727400, 0.0)
(35.129093, 31.910427, 0.0)
(35.134117, 31.970959, 0.0)
(35.137733, 31.993067, 0.0)
(35.075451, 31.918606, 0.0)
(35.215740, 33.200191, 0.0)
(35.137886, 32.229202, 0.0)
(35.187943, 32.314152, 0.0)
(35.229454, 32.435452, 0.0)
(35.207508, 32.519806, 0.0)
(35.234535, 32.557121, 0.0)
(35.260845, 32.748177, 0.0)
(35.522923, 34.643806, 0.0)
(35.501579, 34.764156, 0.0)
(35.452156, 34.724274, 0.0)
(35.460560, 34.738705, 0.0)
(35.481213, 34.719231, 0.0)
(35.477173, 34.677551, 0.0)
(35.445667, 34.665634, 0.0)
(35.407909, 34.664856, 0.0)
(35.583408, 35.689827, 0.0)
(35.669514, 36.742443, 0.0)
(35.608295, 36.824738, 0.0)
(35.563293, 36.785255, 0.0)
(35.577610, 36.757973, 0.0)
(35.569538, 36.741890, 0.0)
(35.569721, 36.755810, 0.0)
(35.586067, 36.779243, 0.0)
(35.554245, 36.827061, 0.0)
(35.565056, 36.850510, 0.0)
(35.623905, 36.903316, 0.0)
(35.548672, 36.880417, 0.0)
(35.544342, 36.916737, 0.0)
(35.530594, 36.917850, 0.0)
(35.530231, 36.903828, 0.0)
(35.627464, 36.898857, 0.0)
(35.530231, 36.903828, 0.0)
(35.495911, 36.900700, 0.0)
(35.512733, 36.939068, 0.0)
(35.051590, 36.758015, 0.0)
(34.396938, 35.550480, 0.0)
(34.503784, 33.959080, 0.0)
(34.419483, 32.130489, 0.0)
(34.161324, 31.058043, 0.0)
(33.976482, 30.595121, 0.0)
(34.040791, 30.665312, 0.0)
(34.023350, 30.826546, 0.0)
(33.994980, 30.876768, 0.0)
(33.996475, 30.895098, 0.0)
(34.004086, 30.887064, 0.0)
(34.034683, 30.886797, 0.0)
(34.062637, 30.906258, 0.0)
(34.063393, 30.925190, 0.0)
(34.024822, 30.929169, 0.0)
(34.044666, 30.952106, 0.0)
(34.074726, 30.931007, 0.0)
(34.067268, 30.985413, 0.0)
(33.896526, 31.919985, 0.0)
(33.903267, 31.990417, 0.0)
(33.945934, 31.931623, 0.0)
(33.899509, 31.914162, 0.0)
(33.920311, 31.899158, 0.0)
(33.929661, 31.879757, 0.0)
(33.952045, 31.900259, 0.0)
(33.954720, 31.915384, 0.0)
(33.943634, 31.857155, 0.0)
(33.955410, 31.795290, 0.0)
(33.955612, 31.779526, 0.0)
(33.950310, 31.743975, 0.0)
(33.940620, 31.700542, 0.0)
(33.967709, 31.643501, 0.0)
(33.993526, 31.615421, 0.0)
(33.969765, 31.576332, 0.0)
(33.943073, 31.521692, 0.0)
(34.114944, 30.912872, 0.0)
(34.072311, 30.655203, 0.0)
(34.092739, 30.575781, 0.0)
(34.089058, 30.536125, 0.0)
(34.072567, 30.481558, 0.0)
(33.964306, 29.468222, 0.0)
(33.974667, 29.005564, 0.0)
(33.977463, 29.000206, 0.0)
(33.979839, 29.012316, 0.0)
(33.989197, 28.997057, 0.0)
(33.990086, 28.951738, 0.0)
(33.979553, 28.940561, 0.0)
(33.976650, 28.943417, 0.0)
(33.953152, 28.910532, 0.0)
(33.729168, 28.465342, 0.0)
(33.695309, 28.462141, 0.0)
(33.682724, 28.469744, 0.0)
(33.662685, 28.480684, 0.0)
(33.681366, 28.492308, 0.0)
(33.665253, 28.532087, 0.0)
(33.652988, 28.596685, 0.0)
(33.604469, 28.625065, 0.0)
(33.588486, 28.619671, 0.0)
(33.588486, 28.619671, 0.0)
(32.982098, 29.591343, 0.0)
(32.890656, 29.700001, 0.0)
(32.916004, 29.699051, 0.0)
(32.878147, 29.820047, 0.0)
(32.884007, 29.917160, 0.0)
(32.878952, 30.018068, 0.0)
(32.907597, 30.113213, 0.0)
(32.962624, 30.230091, 0.0)
(32.894173, 30.345169, 0.0)
(32.925297, 30.405300, 0.0)
(32.981384, 30.872118, 0.0)
(33.142975, 31.969503, 0.0)
(33.136250, 32.082233, 0.0)
(33.127014, 32.112728, 0.0)
(33.129425, 32.141823, 0.0)
(33.123680, 32.155067, 0.0)
(33.134544, 32.231350, 0.0)
(33.082100, 32.299019, 0.0)
(33.093616, 32.331894, 0.0)
(33.114815, 32.358997, 0.0)
(33.090157, 32.373688, 0.0)
(33.295216, 33.230213, 0.0)
(33.323254, 33.559902, 0.0)
(33.286106, 33.546860, 0.0)
(33.290287, 33.552242, 0.0)
(33.285610, 33.636951, 0.0)
(33.280758, 33.668133, 0.0)
(33.246365, 33.818092, 0.0)
(33.356453, 35.253059, 0.0)
(33.367538, 35.646397, 0.0)
(33.308361, 35.644173, 0.0)
(33.300591, 35.684597, 0.0)
(33.310211, 35.699326, 0.0)
(33.320873, 35.729176, 0.0)
(33.303352, 35.732430, 0.0)
(33.278240, 35.779911, 0.0)
(33.322201, 35.944359, 0.0)
(33.810104, 37.650997, 0.0)
(33.773876, 37.873520, 0.0)
(33.750233, 37.864098, 0.0)
(33.729439, 37.830044, 0.0)
(33.716515, 37.813019, 0.0)
(33.707333, 37.821091, 0.0)
(33.642700, 37.805042, 0.0)
(33.618011, 37.803013, 0.0)
(33.610676, 37.800289, 0.0)
(33.583626, 37.813366, 0.0)
(33.592491, 37.820606, 0.0)
(33.577938, 37.816395, 0.0)
(33.576031, 37.814758, 0.0)
(33.541927, 37.858059, 0.0)
(33.550270, 37.873394, 0.0)
(33.546513, 37.871658, 0.0)
(33.517986, 37.857853, 0.0)
(32.439613, 37.116638, 0.0)
(32.279957, 37.116009, 0.0)
(32.278706, 37.101040, 0.0)
(32.231007, 37.027939, 0.0)
(32.219242, 37.035164, 0.0)
(32.191082, 36.941513, 0.0)
(32.182919, 36.853214, 0.0)
(32.163280, 36.794010, 0.0)
(32.521389, 35.929539, 0.0)
(32.549122, 35.372669, 0.0)
(32.524792, 35.274513, 0.0)
(32.564526, 35.173389, 0.0)
(32.581833, 35.130402, 0.0)
(32.543919, 35.065685, 0.0)
(32.558525, 35.007774, 0.0)
(32.560165, 34.893112, 0.0)
(32.558613, 34.806702, 0.0)
(32.577412, 34.804714, 0.0)
(32.371582, 33.985058, 0.0)
(32.428444, 33.393917, 0.0)
(32.450272, 33.278728, 0.0)
(32.437321, 33.205639, 0.0)
(32.395500, 33.155251, 0.0)
(32.384029, 33.075939, 0.0)
(32.371323, 33.034824, 0.0)
(32.325722, 32.957405, 0.0)
(32.310711, 32.912254, 0.0)
(32.039070, 32.468613, 0.0)
(32.028809, 32.098866, 0.0)
(32.033264, 32.094570, 0.0)
(32.029232, 32.044937, 0.0)
(32.017136, 32.004025, 0.0)
(32.230965, 31.544949, 0.0)
(32.246273, 30.152782, 0.0)
(32.171097, 28.695385, 0.0)
(32.195850, 28.555370, 0.0)
(32.117546, 28.633251, 0.0)
(32.124104, 28.722929, 0.0)
(32.161777, 28.724379, 0.0)
(32.123512, 28.740446, 0.0)
(32.128754, 28.712318, 0.0)
(32.206451, 28.709478, 0.0)
(32.200436, 28.706604, 0.0)
(32.167355, 28.696850, 0.0)
(32.118572, 28.726627, 0.0)
(32.196850, 28.749565, 0.0)
(32.154049, 28.757322, 0.0)
(32.088512, 28.778103, 0.0)
(32.132912, 28.784523, 0.0)
(32.115814, 28.787582, 0.0)
(32.141830, 28.799282, 0.0)
(31.874096, 28.871708, 0.0)
(31.677317, 28.896027, 0.0)
(31.641056, 28.906445, 0.0)
(31.633993, 28.887726, 0.0)
(31.663414, 28.883396, 0.0)
(31.628578, 28.885334, 0.0)
(31.022881, 29.141615, 0.0)
(30.828014, 29.276964, 0.0)
(30.839268, 29.305052, 0.0)
(30.832838, 29.391167, 0.0)
(30.842680, 29.431351, 0.0)
(30.861679, 29.538462, 0.0)
(31.041218, 29.933668, 0.0)
(31.382542, 30.846560, 0.0)
(31.357540, 30.968782, 0.0)
(31.375723, 31.003193, 0.0)
(31.381227, 31.037655, 0.0)
(31.341888, 31.096853, 0.0)
(31.312208, 31.179291, 0.0)
(31.344273, 31.231207, 0.0)
(31.355713, 31.292307, 0.0)
(31.161589, 32.173794, 0.0)
(31.193111, 33.156673, 0.0)
(31.127655, 33.232658, 0.0)
(31.069010, 33.264679, 0.0)
(31.089300, 33.289795, 0.0)
(31.099230, 33.341026, 0.0)
(31.093401, 33.359280, 0.0)
(31.091228, 33.399490, 0.0)
(31.123295, 33.440762, 0.0)
(31.148184, 33.454201, 0.0)
(31.153076, 33.474422, 0.0)
(31.136801, 33.529800, 0.0)
(31.130136, 33.574902, 0.0)
(31.128187, 33.602413, 0.0)
(31.629635, 34.572815, 0.0)
(31.613802, 35.056168, 0.0)
(31.579136, 35.049992, 0.0)
(31.571262, 35.090916, 0.0)
(31.558125, 35.117950, 0.0)
(31.537149, 35.263504, 0.0)
(31.639906, 36.789173, 0.0)
(31.632244, 36.982433, 0.0)
(31.594030, 36.935940, 0.0)
(31.558781, 36.978359, 0.0)
(31.470388, 36.967197, 0.0)
(31.463028, 36.964577, 0.0)
(31.486855, 36.936123, 0.0)
(31.457222, 36.966515, 0.0)
(31.435774, 36.945045, 0.0)
(31.432026, 36.957279, 0.0)
(31.434975, 36.963448, 0.0)
(31.529762, 37.072411, 0.0)
(31.583815, 37.280872, 0.0)
(31.596575, 37.289864, 0.0)
(31.566767, 37.298557, 0.0)
(31.548655, 37.348885, 0.0)
(31.513298, 37.391357, 0.0)
(31.040798, 37.139496, 0.0)
(31.010527, 37.184280, 0.0)
(30.998646, 37.200470, 0.0)
(30.973370, 37.246624, 0.0)
(30.793381, 37.170322, 0.0)
(30.170691, 36.554451, 0.0)
(30.072151, 36.464844, 0.0)
(30.004515, 36.436630, 0.0)
(30.014063, 36.388489, 0.0)
(30.020939, 36.340111, 0.0)
(29.997026, 36.335239, 0.0)
(30.030910, 36.305073, 0.0)
(30.032814, 36.276711, 0.0)
(30.009981, 36.226669, 0.0)
(29.978163, 36.181767, 0.0)
(30.372253, 35.987141, 0.0)
(30.702736, 35.733879, 0.0)
(30.682444, 35.690105, 0.0)
(30.674803, 35.611965, 0.0)
(30.687565, 35.552631, 0.0)
(30.698643, 35.446156, 0.0)
(30.697533, 35.429344, 0.0)
(30.655455, 35.357681, 0.0)
(30.643078, 35.250351, 0.0)
(30.638979, 35.109440, 0.0)
(30.413118, 34.214130, 0.0)
(30.376642, 31.801617, 0.0)
(30.179945, 31.270235, 0.0)
(30.175299, 31.298981, 0.0)
(30.198305, 31.319628, 0.0)
(30.168619, 31.314022, 0.0)
(30.159788, 31.288311, 0.0)
(30.166897, 31.321743, 0.0)
(30.189926, 31.300526, 0.0)
(30.177948, 31.322119, 0.0)
(30.158773, 31.278099, 0.0)
(30.187618, 31.251158, 0.0)
(30.160843, 31.226795, 0.0)
(30.151403, 31.207415, 0.0)
(30.135601, 31.205069, 0.0)
(30.149208, 31.202518, 0.0)
(30.154566, 31.176167, 0.0)
(30.057272, 30.496199, 0.0)
(30.094156, 29.864296, 0.0)
(30.071466, 29.823776, 0.0)
(30.074833, 29.820179, 0.0)
(30.065445, 29.813368, 0.0)
(30.075764, 29.754648, 0.0)
(29.924635, 29.370268, 0.0)
(29.911528, 29.229490, 0.0)
(29.927219, 29.212950, 0.0)
(29.925917, 29.207829, 0.0)
(29.920311, 29.206118, 0.0)
(29.908571, 29.205900, 0.0)
(29.912701, 29.219400, 0.0)
(29.924452, 29.240072, 0.0)
(29.911547, 29.258677, 0.0)
(29.891117, 29.276085, 0.0)
(29.897671, 29.279648, 0.0)
(29.851965, 29.285452, 0.0)
(29.125946, 29.868809, 0.0)
(28.888050, 30.175196, 0.0)
(28.888271, 30.165375, 0.0)
(28.883984, 30.184927, 0.0)
(28.866909, 30.252611, 0.0)
(28.869160, 30.328457, 0.0)
(29.065096, 30.565990, 0.0)
(29.622341, 32.182232, 0.0)
(29.834089, 33.000137, 0.0)
(29.826071, 33.106308, 0.0)
(29.742119, 33.121368, 0.0)
(29.754095, 33.178101, 0.0)
(29.775835, 33.207848, 0.0)
(29.773666, 33.224655, 0.0)
(29.225433, 33.417484, 0.0)
(29.217825, 33.511093, 0.0)
(29.186077, 33.515549, 0.0)
(29.079744, 33.631100, 0.0)
(29.066380, 33.662891, 0.0)
(29.091702, 33.666481, 0.0)
(29.098043, 33.681713, 0.0)
(29.048594, 33.744717, 0.0)
(29.035381, 33.800171, 0.0)
(29.032421, 33.834114, 0.0)
(29.044937, 33.866665, 0.0)
(29.080442, 33.840385, 0.0)
(29.083958, 33.861103, 0.0)
(29.120697, 33.854786, 0.0)
(29.114925, 33.837318, 0.0)
(29.117067, 33.888424, 0.0)
(29.246683, 35.262985, 0.0)
(29.363916, 35.858364, 0.0)
(29.351002, 35.870979, 0.0)
(29.315277, 35.933346, 0.0)
(29.279951, 35.939110, 0.0)
(29.278902, 35.966026, 0.0)
(29.526781, 36.297306, 0.0)
(29.784241, 37.213928, 0.0)
(29.743059, 37.375557, 0.0)
(29.745634, 37.337513, 0.0)
(29.729855, 37.338211, 0.0)
(29.729132, 37.348553, 0.0)
(29.719521, 37.363632, 0.0)
(29.703276, 37.398842, 0.0)
(29.671999, 37.384857, 0.0)
(29.103292, 37.668228, 0.0)
(29.033964, 37.748692, 0.0)
(29.026541, 37.758808, 0.0)
(28.978140, 37.747791, 0.0)
(29.029964, 37.772640, 0.0)
(29.022268, 37.777889, 0.0)
(29.019178, 37.772141, 0.0)
(28.919577, 37.715809, 0.0)
(28.946241, 37.660877, 0.0)
(29.031340, 37.670307, 0.0)
(28.986761, 37.664185, 0.0)
(28.932604, 37.680374, 0.0)
(28.909239, 37.694401, 0.0)
(28.914412, 37.696888, 0.0)
(28.928123, 37.671848, 0.0)
(28.937223, 37.643093, 0.0)
(28.948931, 37.603172, 0.0)
(28.908003, 37.584103, 0.0)
(28.909651, 37.496010, 0.0)
(28.894556, 37.418518, 0.0)
(28.888620, 37.352928, 0.0)
(28.902081, 37.268673, 0.0)
(28.890436, 37.174191, 0.0)
(28.895662, 36.254856, 0.0)
(28.907413, 35.359783, 0.0)
(28.884161, 35.261539, 0.0)
(28.849358, 35.242073, 0.0)
(28.829548, 35.164837, 0.0)
(28.806389, 35.039494, 0.0)
(28.800333, 34.870319, 0.0)
(28.812332, 34.822563, 0.0)
(28.774776, 34.765236, 0.0)
(28.794315, 34.689743, 0.0)
(28.814074, 34.556744, 0.0)
(28.477360, 34.368591, 0.0)
(28.428976, 34.274303, 0.0)
(28.458290, 34.214088, 0.0)
(28.446121, 34.186882, 0.0)
(28.479523, 34.040176, 0.0)
(28.239235, 33.108948, 0.0)
(28.212339, 32.325275, 0.0)
(28.189972, 32.236759, 0.0)
(28.185621, 32.224121, 0.0)
(28.189878, 32.207752, 0.0)
(28.163157, 32.176548, 0.0)
(28.208563, 32.109333, 0.0)
(28.217150, 32.073593, 0.0)
(28.280428, 31.436184, 0.0)
(28.237709, 30.285912, 0.0)
(28.166813, 30.098219, 0.0)
(28.177090, 30.121677, 0.0)
(28.110367, 30.196033, 0.0)
(28.118788, 30.168304, 0.0)
(28.144590, 30.169624, 0.0)
(28.150190, 30.156286, 0.0)
(28.137308, 30.188225, 0.0)
(28.142540, 30.167372, 0.0)
(28.151588, 30.135300, 0.0)
(28.121092, 30.142899, 0.0)
(28.125055, 30.137304, 0.0)
(28.110182, 30.146297, 0.0)
(28.113649, 30.165567, 0.0)
(28.118513, 30.168667, 0.0)
(28.103659, 30.166248, 0.0)
(28.111282, 30.169510, 0.0)
(28.100273, 30.185732, 0.0)
(28.084143, 30.195084, 0.0)
(27.598053, 30.533991, 0.0)
(27.570356, 30.573900, 0.0)
(27.561144, 30.551226, 0.0)
(27.494864, 30.602661, 0.0)
(27.449440, 30.616964, 0.0)
(27.496492, 30.624048, 0.0)
(27.485186, 30.662802, 0.0)
(27.548223, 31.888262, 0.0)
(27.828449, 32.772888, 0.0)
(27.851183, 32.851467, 0.0)
(27.827593, 32.854233, 0.0)
(27.847832, 32.889771, 0.0)
(27.839758, 32.963745, 0.0)
(27.801765, 33.060898, 0.0)
(27.814125, 33.094959, 0.0)
(27.821674, 33.117924, 0.0)
(27.689369, 33.302711, 0.0)
(27.568996, 33.888203, 0.0)
(27.603916, 33.942635, 0.0)
(27.626925, 33.973007, 0.0)
(27.662645, 34.044174, 0.0)
(27.663296, 34.091026, 0.0)
(27.675453, 34.111641, 0.0)
(27.697092, 34.162498, 0.0)
(27.673157, 34.227200, 0.0)
(27.668510, 34.231182, 0.0)
(27.705097, 34.199959, 0.0)
(27.636541, 35.278797, 0.0)
(27.776251, 35.853180, 0.0)
(27.788013, 35.900890, 0.0)
(27.788874, 35.908096, 0.0)
(27.785854, 35.937817, 0.0)
(27.782467, 36.000160, 0.0)
(27.810381, 36.021370, 0.0)
(27.779121, 36.045956, 0.0)
(27.803869, 36.033642, 0.0)
(27.793257, 36.057949, 0.0)
(27.789331, 36.093204, 0.0)
(28.062897, 36.789932, 0.0)
(28.183626, 37.628326, 0.0)
(28.164740, 37.682693, 0.0)
(28.163818, 37.654991, 0.0)
(28.159981, 37.667511, 0.0)
(28.147329, 37.623867, 0.0)
(28.165064, 37.589142, 0.0)
(28.160494, 37.472492, 0.0)
(28.235294, 37.978115, 0.0)
(28.228241, 38.146091, 0.0)
(28.218151, 38.165600, 0.0)
(28.207600, 38.192471, 0.0)
(28.196348, 38.230686, 0.0)
(28.171494, 38.240067, 0.0)
(28.181807, 38.265911, 0.0)
(28.211266, 38.257763, 0.0)
(28.218475, 38.243824, 0.0)
(28.193285, 38.217808, 0.0)
(28.175819, 38.217308, 0.0)
(28.196562, 38.259071, 0.0)
(28.197088, 38.279728, 0.0)
(27.751228, 37.982956, 0.0)
(27.266649, 36.276546, 0.0)
(27.298422, 33.726749, 0.0)
(27.202559, 32.521404, 0.0)
(27.113903, 32.557713, 0.0)
(27.105242, 32.680965, 0.0)
(27.050043, 32.725441, 0.0)
(27.001167, 33.543831, 0.0)
(27.206007, 35.101032, 0.0)
(27.184357, 35.136497, 0.0)
(27.128262, 35.040997, 0.0)
(27.118679, 35.022930, 0.0)
(27.096277, 35.005459, 0.0)
(27.076885, 34.998180, 0.0)
(27.061968, 34.967079, 0.0)
(27.070034, 34.897491, 0.0)
(27.062658, 34.790379, 0.0)
(27.058977, 34.738216, 0.0)
(27.056623, 34.708981, 0.0)
(27.067438, 34.653423, 0.0)
(27.047579, 34.560638, 0.0)
(27.038708, 34.525333, 0.0)
(27.042185, 34.468739, 0.0)
(27.077604, 34.391491, 0.0)
(27.076962, 34.346802, 0.0)
(27.085552, 34.260502, 0.0)
(27.105227, 34.177006, 0.0)
(27.107540, 34.135334, 0.0)
(27.080673, 34.058193, 0.0)
(26.974623, 32.831921, 0.0)
(26.959660, 32.134502, 0.0)
(26.965971, 32.083344, 0.0)
(26.957003, 32.076481, 0.0)
(26.957985, 32.062332, 0.0)
(26.858963, 30.930548, 0.0)
(26.887083, 30.414480, 0.0)
(26.865141, 30.461369, 0.0)
(26.834417, 30.524418, 0.0)
(26.837397, 30.517725, 0.0)
(26.818296, 30.509699, 0.0)
(26.836807, 30.493805, 0.0)
(26.850910, 30.486250, 0.0)
(26.845570, 30.482374, 0.0)
(26.852602, 30.511538, 0.0)
(26.851957, 30.537745, 0.0)
(26.842098, 30.589809, 0.0)
(26.861227, 30.578129, 0.0)
(26.864939, 30.559313, 0.0)
(26.837130, 30.587631, 0.0)
(26.816729, 30.556259, 0.0)
(26.820358, 30.536253, 0.0)
(26.816807, 30.515976, 0.0)
(26.532976, 30.721201, 0.0)
(26.421661, 30.774530, 0.0)
(26.435858, 30.777456, 0.0)
(26.428246, 30.799927, 0.0)
(26.418564, 30.800442, 0.0)
(26.421148, 30.805830, 0.0)
(26.405497, 30.814514, 0.0)
(26.360359, 30.864534, 0.0)
(26.409807, 32.012985, 0.0)
(26.669750, 34.127178, 0.0)
(26.760666, 34.584866, 0.0)
(26.729858, 34.587681, 0.0)
(26.664120, 34.631912, 0.0)
(26.635452, 34.698975, 0.0)
(26.623587, 34.705589, 0.0)
(26.629753, 34.713631, 0.0)
(26.606033, 34.760189, 0.0)
(26.558195, 34.793999, 0.0)
(26.215448, 34.770756, 0.0)
(26.181160, 34.552986, 0.0)
(26.213806, 34.578251, 0.0)
(26.193933, 34.684284, 0.0)
(26.169689, 34.751549, 0.0)
(26.160673, 34.833717, 0.0)
(26.128819, 34.874725, 0.0)
(26.561329, 36.207497, 0.0)
(26.895411, 37.498344, 0.0)
(26.913042, 37.705807, 0.0)
(26.849188, 37.685818, 0.0)
(26.760910, 37.705540, 0.0)
(26.729513, 37.740635, 0.0)
(26.702034, 37.785240, 0.0)
(26.698120, 37.789913, 0.0)
(26.712637, 37.786797, 0.0)
(26.714380, 37.635563, 0.0)
(26.758211, 37.627090, 0.0)
(26.762321, 37.654579, 0.0)
(26.767960, 37.632652, 0.0)
(26.758369, 37.634048, 0.0)
(26.748877, 37.639160, 0.0)
(26.745245, 37.670792, 0.0)
(26.748877, 37.639160, 0.0)
(26.773544, 37.634926, 0.0)
(26.747562, 37.701637, 0.0)
(26.714851, 37.600761, 0.0)
(26.599497, 37.856850, 0.0)
(26.812195, 38.385521, 0.0)
(26.839960, 38.513130, 0.0)
(26.806971, 38.544868, 0.0)
(26.821730, 38.599617, 0.0)
(26.764688, 38.596565, 0.0)
(26.743515, 38.570049, 0.0)
(26.763861, 38.573895, 0.0)
(26.768085, 38.561375, 0.0)
(26.767712, 38.536110, 0.0)
(26.746134, 38.518795, 0.0)
(26.757011, 38.540741, 0.0)
(26.754900, 38.534111, 0.0)
(26.737993, 38.557201, 0.0)
(26.752792, 38.568886, 0.0)
(26.764605, 38.612663, 0.0)
(26.735151, 38.568508, 0.0)
(26.735857, 38.537556, 0.0)
(26.758579, 38.560486, 0.0)
(26.743240, 38.549168, 0.0)
(26.750059, 38.516838, 0.0)
(26.757011, 38.517948, 0.0)
(26.822096, 38.467964, 0.0)
(29.366364, 36.409393, 0.0)
(34.562702, 31.557362, 0.0)
(34.442001, 31.104664, 0.0)
(34.367538, 30.817379, 0.0)
(34.415611, 30.869764, 0.0)
(34.507225, 30.998718, 0.0)
(34.526966, 31.019260, 0.0)
