(34.958656, 35.562782, 0.0)
(34.467762, 35.224854, 0.0)
(34.699348, 35.025345, 0.0)
(34.877022, 34.744293, 0.0)
(35.018852, 34.991264, 0.0)
(34.998020, 35.230839, 0.0)
(35.016438, 35.193043, 0.0)
(35.037788, 35.148209, 0.0)
(34.929943, 35.163429, 0.0)
(34.937702, 35.084900, 0.0)
(34.950584, 35.111362, 0.0)
(34.974415, 35.097755, 0.0)
(35.037537, 35.059128, 0.0)
(35.078064, 34.956535, 0.0)
(35.055305, 34.968910, 0.0)
(35.034260, 34.980690, 0.0)
(35.035648, 34.926529, 0.0)
(35.006477, 34.896637, 0.0)
(34.982925, 34.840042, 0.0)
(34.991676, 34.839481, 0.0)
(34.986439, 34.842331, 0.0)
(34.997757, 34.836105, 0.0)
(34.974430, 34.884178, 0.0)
(34.910492, 34.973427, 0.0)
(34.907837, 35.036713, 0.0)
(34.914669, 35.058037, 0.0)
(34.924427, 35.112656, 0.0)
(34.909863, 35.144859, 0.0)
(34.873753, 35.117653, 0.0)
(34.877872, 35.041737, 0.0)
(34.860367, 35.076328, 0.0)
(34.872047, 35.093620, 0.0)
(34.893917, 35.115311, 0.0)
(34.895912, 35.146172, 0.0)
(34.889000, 35.175007, 0.0)
(34.894241, 35.183727, 0.0)
(34.884804, 35.191250, 0.0)
(34.853962, 35.221016, 0.0)
(34.844765, 35.218052, 0.0)
(34.830189, 35.205166, 0.0)
(34.837936, 35.162678, 0.0)
(34.837070, 35.140789, 0.0)
(34.843323, 35.127304, 0.0)
(34.718834, 35.225697, 0.0)
(34.709053, 35.224995, 0.0)
(34.715324, 35.229492, 0.0)
(34.717251, 35.187576, 0.0)
(34.708038, 35.212482, 0.0)
(34.670177, 35.147690, 0.0)
(34.694443, 35.163578, 0.0)
(34.685326, 35.219349, 0.0)
(34.681854, 35.209606, 0.0)
(34.683445, 35.210583, 0.0)
(34.714882, 35.233345, 0.0)
(34.701309, 35.224678, 0.0)
(34.731476, 35.249107, 0.0)
(34.717510, 35.243168, 0.0)
(34.709148, 35.252419, 0.0)
(34.716965, 35.238785, 0.0)
(34.734734, 35.228333, 0.0)
(34.738300, 35.220337, 0.0)
(34.797379, 35.185715, 0.0)
(34.780186, 35.225124, 0.0)
(34.963467, 35.200291, 0.0)
(35.018867, 35.215965, 0.0)
(34.955647, 35.156578, 0.0)
(34.902409, 35.179058, 0.0)
(34.907806, 35.138100, 0.0)
(34.921112, 35.088192, 0.0)
(34.930332, 35.081047, 0.0)
(34.955513, 35.054153, 0.0)
(34.936474, 35.047123, 0.0)
(34.969379, 35.035995, 0.0)
(34.920158, 35.055363, 0.0)
(34.940685, 35.065708, 0.0)
(34.939999, 35.078255, 0.0)
(34.954693, 35.084248, 0.0)
(34.940910, 35.100838, 0.0)
(34.914284, 35.114635, 0.0)
(34.933678, 35.091213, 0.0)
(34.939850, 35.103268, 0.0)
(34.935165, 35.091404, 0.0)
(34.929863, 35.102001, 0.0)
(34.911304, 35.093399, 0.0)
(34.902229, 35.122597, 0.0)
(34.871178, 35.082703, 0.0)
(34.821342, 35.074364, 0.0)
(34.859604, 35.019047, 0.0)
(34.854214, 34.979332, 0.0)
(34.883373, 34.989758, 0.0)
(34.644100, 35.031334, 0.0)
(34.576847, 35.036377, 0.0)
(34.596130, 35.122589, 0.0)
(34.609810, 35.114094, 0.0)
(34.611240, 35.112419, 0.0)
(34.604752, 35.105865, 0.0)
(34.598644, 35.073105, 0.0)
(34.572922, 35.074074, 0.0)
(34.618576, 35.050259, 0.0)
(34.487022, 37.334824, 0.0)
(34.685028, 35.833500, 0.0)
(34.687370, 35.125248, 0.0)
(34.747910, 34.997341, 0.0)
(34.625217, 35.020390, 0.0)
(34.624149, 34.983002, 0.0)
(34.709965, 34.987244, 0.0)
(34.751015, 34.975449, 0.0)
(34.689598, 34.987190, 0.0)
(34.716763, 34.984001, 0.0)
(34.731773, 34.989632, 0.0)
(34.768570, 35.017700, 0.0)
(34.790188, 35.015221, 0.0)
(34.791496, 34.992607, 0.0)
(34.757545, 34.996147, 0.0)
(34.753674, 34.973511, 0.0)
(34.770985, 34.959293, 0.0)
(34.809624, 34.956631, 0.0)
(34.815670, 34.951744, 0.0)
(34.801792, 34.935020, 0.0)
(34.813549, 34.953129, 0.0)
(34.845291, 34.979908, 0.0)
(34.945797, 34.819981, 0.0)
(34.915146, 34.760204, 0.0)
(34.924084, 34.775723, 0.0)
(34.960091, 34.784962, 0.0)
(34.879990, 34.745056, 0.0)
(34.915234, 34.761860, 0.0)
(34.924347, 34.791241, 0.0)
(34.925171, 34.783176, 0.0)
(34.694077, 34.837154, 0.0)
(34.620869, 34.824368, 0.0)
(34.605236, 34.825745, 0.0)
(34.647919, 34.836311, 0.0)
(34.700138, 34.884144, 0.0)
(34.674091, 34.878521, 0.0)
(34.609013, 34.867256, 0.0)
(34.586224, 34.905514, 0.0)
(34.570564, 34.937637, 0.0)
(34.767979, 34.925270, 0.0)
(35.125629, 34.795628, 0.0)
(35.113682, 34.727875, 0.0)
(35.101059, 34.738419, 0.0)
(35.082108, 34.744270, 0.0)
(35.089828, 34.730309, 0.0)
(35.115276, 34.736458, 0.0)
(34.594868, 34.936459, 0.0)
(34.538040, 34.972202, 0.0)
(34.579445, 34.971256, 0.0)
(34.583076, 34.978371, 0.0)
(34.536240, 34.984913, 0.0)
(34.478836, 34.973537, 0.0)
(34.511898, 34.968826, 0.0)
(34.472103, 35.028244, 0.0)
(34.493088, 35.050167, 0.0)
(34.573723, 35.045971, 0.0)
(34.559982, 35.035896, 0.0)
(34.558510, 35.048519, 0.0)
(34.774139, 35.019505, 0.0)
(34.822838, 35.010784, 0.0)
(34.806202, 35.001205, 0.0)
(34.790546, 35.010941, 0.0)
(34.817322, 34.991875, 0.0)
(34.831841, 34.962448, 0.0)
(34.864449, 34.989098, 0.0)
(34.823303, 35.041931, 0.0)
(34.672436, 35.058350, 0.0)
(34.669842, 35.048569, 0.0)
(34.675507, 35.082954, 0.0)
(34.756248, 35.083164, 0.0)
(34.770447, 35.040062, 0.0)
(34.791672, 35.033672, 0.0)
(34.711323, 35.076019, 0.0)
(34.755375, 35.167385, 0.0)
(37.418663, 36.201946, 0.0)
(39.500916, 36.995304, 0.0)
(40.664574, 37.267693, 0.0)
(41.209381, 37.258991, 0.0)
(41.208305, 37.163715, 0.0)
(41.014683, 37.174484, 0.0)
(40.885841, 37.183662, 0.0)
(40.794453, 37.178730, 0.0)
(40.785210, 37.151764, 0.0)
(40.756622, 37.160686, 0.0)
(41.110523, 37.483189, 0.0)
(41.128830, 37.509178, 0.0)
(41.095955, 37.505642, 0.0)
(41.139618, 37.578636, 0.0)
(41.116478, 37.515411, 0.0)
(41.055889, 37.516548, 0.0)
(41.063892, 37.511475, 0.0)
(41.076885, 37.515823, 0.0)
(41.047993, 37.503674, 0.0)
(41.049904, 37.525429, 0.0)
(41.051086, 37.535133, 0.0)
(41.049965, 37.534248, 0.0)
(41.010822, 37.535156, 0.0)
(41.043812, 37.658569, 0.0)
(41.031361, 37.628551, 0.0)
(41.069908, 37.688046, 0.0)
(41.090355, 37.698784, 0.0)
(41.069023, 37.672398, 0.0)
(41.078468, 37.706001, 0.0)
(41.008060, 37.666027, 0.0)
(41.061760, 37.701214, 0.0)
(41.073139, 37.736614, 0.0)
(41.062645, 37.782951, 0.0)
(41.050079, 37.800705, 0.0)
(41.017570, 37.770626, 0.0)
(40.758686, 36.955086, 0.0)
(40.967239, 34.375763, 0.0)
(41.262428, 33.211540, 0.0)
(41.216400, 32.949017, 0.0)
(41.146191, 32.865192, 0.0)
(41.224518, 32.158539, 0.0)
(41.247730, 31.990490, 0.0)
(41.275612, 31.732538, 0.0)
(41.262436, 31.687878, 0.0)
(41.221798, 31.635414, 0.0)
(41.204643, 31.584940, 0.0)
(41.228992, 31.546350, 0.0)
(41.213947, 31.523970, 0.0)
(41.176586, 31.537849, 0.0)
(41.194580, 31.514149, 0.0)
(41.201462, 31.469347, 0.0)
(41.210110, 31.504337, 0.0)
(41.214787, 31.423481, 0.0)
(41.193367, 31.387440, 0.0)
(41.164200, 31.392984, 0.0)
(41.117584, 31.381311, 0.0)
(41.119328, 31.362276, 0.0)
(41.105042, 31.375278, 0.0)
(41.139767, 31.416044, 0.0)
(41.104202, 31.527651, 0.0)
(38.868935, 31.828503, 0.0)
(37.122395, 32.201550, 0.0)
(37.114773, 32.201660, 0.0)
(37.130817, 32.159515, 0.0)
(37.109974, 32.133400, 0.0)
(37.076027, 32.084053, 0.0)
(37.082947, 32.022015, 0.0)
(37.105583, 32.007599, 0.0)
(37.121975, 32.008221, 0.0)
(37.101612, 31.957623, 0.0)
(37.148129, 32.029594, 0.0)
(37.146133, 32.079086, 0.0)
(37.131889, 32.042278, 0.0)
(34.711559, 33.148846, 0.0)
(32.152142, 35.415962, 0.0)
(30.530352, 37.642460, 0.0)
(29.889408, 38.853962, 0.0)
(29.812092, 38.887432, 0.0)
(29.737638, 38.769833, 0.0)
(29.702835, 38.705933, 0.0)
(29.225746, 39.752388, 0.0)
(29.183058, 40.010292, 0.0)
(29.191351, 39.940006, 0.0)
(29.168261, 39.860649, 0.0)
(29.130648, 39.835285, 0.0)
(29.070206, 39.813839, 0.0)
(29.052216, 39.799950, 0.0)
(29.058960, 39.814976, 0.0)
(29.066799, 39.855732, 0.0)
(29.059080, 39.866135, 0.0)
(29.070093, 39.881306, 0.0)
(29.069010, 39.889328, 0.0)
(29.089367, 39.885727, 0.0)
(29.086275, 39.889118, 0.0)
(29.060760, 39.876163, 0.0)
(29.035519, 39.921818, 0.0)
(28.965921, 39.440540, 0.0)
(28.762669, 37.448952, 0.0)
(28.744568, 36.350578, 0.0)
(28.704451, 36.081928, 0.0)
(28.695095, 36.003517, 0.0)
(28.662724, 36.041504, 0.0)
(28.665419, 36.035637, 0.0)
(28.657290, 36.055374, 0.0)
(28.646601, 36.057293, 0.0)
(28.627855, 36.064713, 0.0)
(28.568439, 36.107292, 0.0)
(28.577631, 36.042011, 0.0)
(28.652695, 35.981434, 0.0)
(28.683954, 36.007221, 0.0)
(28.279882, 34.115891, 0.0)
(28.080835, 33.399929, 0.0)
(28.052797, 33.411358, 0.0)
(28.038170, 33.486645, 0.0)
(28.014076, 33.496334, 0.0)
(27.846052, 33.474586, 0.0)
(27.770548, 33.232365, 0.0)
(27.779953, 33.187649, 0.0)
(27.787600, 33.180153, 0.0)
(27.777920, 33.195728, 0.0)
(27.754930, 33.244862, 0.0)
(27.754362, 33.289970, 0.0)
(27.788963, 33.299454, 0.0)
(27.797318, 33.299507, 0.0)
(27.802525, 33.305504, 0.0)
(27.790667, 33.321308, 0.0)
(27.782377, 33.308281, 0.0)
(27.776434, 33.300426, 0.0)
(27.770613, 33.259228, 0.0)
(27.766611, 33.271400, 0.0)
(27.767048, 33.258278, 0.0)
(27.775719, 33.266953, 0.0)
(27.793949, 33.303055, 0.0)
(27.802332, 33.295746, 0.0)
(27.812283, 33.280754, 0.0)
(27.793686, 33.309349, 0.0)
(27.782377, 33.308281, 0.0)
(27.775970, 33.313286, 0.0)
(27.787003, 33.283916, 0.0)
(27.796427, 33.265007, 0.0)
(27.794830, 33.243122, 0.0)
(27.817368, 33.255661, 0.0)
(30.387978, 32.635487, 0.0)
(32.742355, 32.703037, 0.0)
(32.907764, 32.634644, 0.0)
(32.796303, 32.576725, 0.0)
(32.760063, 32.595245, 0.0)
(32.770618, 32.587994, 0.0)
(33.599297, 33.212776, 0.0)
(34.824673, 35.038616, 0.0)
(34.842434, 35.128559, 0.0)
(34.783318, 35.034992, 0.0)
(34.779072, 34.985016, 0.0)
(34.760475, 34.968609, 0.0)
(34.756069, 34.945374, 0.0)
(34.792820, 34.937653, 0.0)
(34.743935, 34.958199, 0.0)
(34.729889, 34.950279, 0.0)
(34.989372, 34.717144, 0.0)
(35.213329, 34.512161, 0.0)
(35.176418, 34.555115, 0.0)
(35.156540, 34.557617, 0.0)
(35.163315, 34.565006, 0.0)
(35.101448, 34.515598, 0.0)
(34.912037, 34.349617, 0.0)
(34.859509, 34.270786, 0.0)
(34.827698, 34.272247, 0.0)
(34.823837, 34.271210, 0.0)
(34.781479, 34.246658, 0.0)
(34.768555, 34.211384, 0.0)
(34.787045, 34.222397, 0.0)
(34.814743, 34.171249, 0.0)
(34.809761, 34.221722, 0.0)
(34.802326, 34.269241, 0.0)
(34.768375, 34.347904, 0.0)
(34.806160, 34.295742, 0.0)
(34.799248, 34.302742, 0.0)
(34.771530, 34.314049, 0.0)
(34.790169, 34.292747, 0.0)
(34.767681, 34.242226, 0.0)
(34.756317, 34.164841, 0.0)
(34.745522, 34.134350, 0.0)
(34.747715, 34.096939, 0.0)
(34.744492, 34.181362, 0.0)
(34.715569, 34.211201, 0.0)
(34.751385, 34.251106, 0.0)
(34.782772, 34.371216, 0.0)
(33.546474, 35.324883, 0.0)
(31.190868, 37.253883, 0.0)
(30.077887, 39.047558, 0.0)
(29.478508, 39.689323, 0.0)
(29.342535, 39.726639, 0.0)
(29.324066, 39.639305, 0.0)
(29.336634, 39.691765, 0.0)
(29.355383, 39.702518, 0.0)
(29.365019, 39.676735, 0.0)
(30.875475, 39.589436, 0.0)
(31.336666, 39.599339, 0.0)
(31.367126, 39.657200, 0.0)
(31.408897, 39.706097, 0.0)
(31.451466, 39.809444, 0.0)
(31.433367, 39.832664, 0.0)
(31.580648, 39.892941, 0.0)
(33.777264, 39.769848, 0.0)
(33.921047, 39.779049, 0.0)
(33.903687, 39.826096, 0.0)
(33.848763, 39.855885, 0.0)
(33.905296, 39.849342, 0.0)
(35.000763, 39.889328, 0.0)
(35.928009, 39.585438, 0.0)
(35.972519, 39.611008, 0.0)
(36.232021, 39.661755, 0.0)
(37.784901, 39.246155, 0.0)
(38.044300, 39.068836, 0.0)
(38.176033, 38.948586, 0.0)
(38.225471, 38.862583, 0.0)
(38.239143, 38.844002, 0.0)
(38.237671, 38.774025, 0.0)
(38.400364, 38.691528, 0.0)
(38.435467, 38.670025, 0.0)
(39.732582, 38.499424, 0.0)
(40.862728, 38.134117, 0.0)
(41.063240, 37.981083, 0.0)
(41.095970, 37.873924, 0.0)
(41.102959, 37.861015, 0.0)
(41.121857, 37.824478, 0.0)
(41.137699, 37.772392, 0.0)
(41.166489, 37.755394, 0.0)
(41.137508, 37.708794, 0.0)
(41.147160, 37.665848, 0.0)
(41.139675, 37.669163, 0.0)
(41.132439, 37.654873, 0.0)
(41.116917, 37.645126, 0.0)
(41.096264, 37.669334, 0.0)
(41.081802, 37.661949, 0.0)
(41.088001, 37.650166, 0.0)
(41.062977, 37.665985, 0.0)
(41.022842, 37.642937, 0.0)
(41.040058, 37.597359, 0.0)
(41.279537, 37.261589, 0.0)
(41.545273, 36.888760, 0.0)
(41.494869, 36.737206, 0.0)
(41.457611, 36.750427, 0.0)
(41.475742, 36.735245, 0.0)
(40.948994, 36.801003, 0.0)
(38.223656, 37.396015, 0.0)
(37.699486, 37.533306, 0.0)
(37.720074, 37.543648, 0.0)
(37.612244, 37.589161, 0.0)
(37.515621, 37.722038, 0.0)
(37.501041, 37.817318, 0.0)
(37.483070, 37.846859, 0.0)
(37.453243, 37.931751, 0.0)
(37.474819, 38.077690, 0.0)
(37.435196, 38.183872, 0.0)
(37.353046, 38.229702, 0.0)
(36.667068, 38.625580, 0.0)
(34.527637, 39.235722, 0.0)
(34.057011, 39.308319, 0.0)
(34.045616, 39.254459, 0.0)
(33.308979, 39.499096, 0.0)
(31.468842, 39.654793, 0.0)
(31.094646, 39.558025, 0.0)
(31.123972, 39.453033, 0.0)
(31.093840, 39.424572, 0.0)
(31.069506, 39.386868, 0.0)
(30.964722, 39.398788, 0.0)
(30.956913, 39.398014, 0.0)
(30.971043, 39.388920, 0.0)
(30.971865, 39.353554, 0.0)
(31.013292, 39.365108, 0.0)
(31.024158, 39.371990, 0.0)
(31.008259, 39.407459, 0.0)
(31.026545, 39.410877, 0.0)
(30.895788, 39.437305, 0.0)
(30.009686, 39.736698, 0.0)
(29.822178, 39.719490, 0.0)
(29.808552, 39.727222, 0.0)
(29.810368, 39.697357, 0.0)
(29.800720, 39.705647, 0.0)
(29.820375, 39.669003, 0.0)
(29.809864, 39.707584, 0.0)
(29.846386, 39.629936, 0.0)
(29.875767, 39.595016, 0.0)
(29.899752, 39.592346, 0.0)
(29.912685, 39.617004, 0.0)
(29.901640, 39.632385, 0.0)
(29.887274, 39.665115, 0.0)
(29.921631, 39.651798, 0.0)
(29.926668, 39.664242, 0.0)
(29.951927, 39.683811, 0.0)
(29.985491, 39.691071, 0.0)
(29.962261, 39.675117, 0.0)
(29.952658, 39.733093, 0.0)
(29.966263, 39.763283, 0.0)
(29.987080, 39.739574, 0.0)
(30.272491, 39.628349, 0.0)
(32.197826, 39.017471, 0.0)
(32.649853, 38.911041, 0.0)
(32.759853, 38.920628, 0.0)
(32.821880, 38.896603, 0.0)
(34.557384, 38.787903, 0.0)
(36.165783, 38.547691, 0.0)
(36.562038, 38.295113, 0.0)
(36.537865, 38.164867, 0.0)
(36.547806, 38.121883, 0.0)
(36.553471, 38.083725, 0.0)
(36.189510, 38.182476, 0.0)
(35.215748, 38.412754, 0.0)
(35.225670, 38.387024, 0.0)
(35.237301, 38.347195, 0.0)
(35.253780, 38.342319, 0.0)
(35.311935, 38.355766, 0.0)
(35.661232, 38.555557, 0.0)
(37.997410, 38.152096, 0.0)
(38.981667, 37.911209, 0.0)
(39.056103, 37.838699, 0.0)
(39.032928, 37.795544, 0.0)
(39.036240, 37.759998, 0.0)
(39.084030, 37.736107, 0.0)
(39.156754, 37.637512, 0.0)
(39.225208, 37.604763, 0.0)
(39.657684, 37.627449, 0.0)
(40.537254, 37.264107, 0.0)
(40.668041, 37.197765, 0.0)
(40.617104, 37.157772, 0.0)
(40.559177, 37.170944, 0.0)
(40.568382, 37.138138, 0.0)
(40.571735, 37.144573, 0.0)
(40.583572, 37.175732, 0.0)
(40.558792, 37.166218, 0.0)
(40.548100, 37.142780, 0.0)
(40.551529, 37.149933, 0.0)
(40.572060, 37.155819, 0.0)
(40.591892, 37.120346, 0.0)
(40.606232, 37.104752, 0.0)
(40.588909, 37.095043, 0.0)
(40.874401, 36.976791, 0.0)
(41.199970, 36.768364, 0.0)
(41.196926, 36.722424, 0.0)
(41.192825, 36.690117, 0.0)
(41.209042, 36.617538, 0.0)
(41.211559, 36.503948, 0.0)
(41.233059, 36.466309, 0.0)
(41.234325, 36.424603, 0.0)
(41.247242, 36.374805, 0.0)
(41.184029, 36.352386, 0.0)
(41.205894, 36.400608, 0.0)
(41.228889, 36.407261, 0.0)
(39.329739, 36.619843, 0.0)
(38.847210, 36.702740, 0.0)
(38.857445, 36.726379, 0.0)
(38.782841, 36.784191, 0.0)
(38.729080, 36.890820, 0.0)
(37.903965, 37.129383, 0.0)
(34.373161, 37.827332, 0.0)
(33.235039, 37.903904, 0.0)
(33.091328, 37.856598, 0.0)
(33.123333, 37.786633, 0.0)
(33.078812, 37.797146, 0.0)
(33.057819, 37.798885, 0.0)
(32.992668, 37.843128, 0.0)
(33.059258, 37.831543, 0.0)
(33.086868, 37.752155, 0.0)
(33.083958, 37.720409, 0.0)
(33.078999, 37.760826, 0.0)
(30.945637, 38.670502, 0.0)
(29.281929, 39.015575, 0.0)
(29.189054, 38.903107, 0.0)
(29.192629, 38.832878, 0.0)
(29.196684, 38.883644, 0.0)
(29.177984, 38.854492, 0.0)
(29.199163, 38.869602, 0.0)
(29.198101, 38.889000, 0.0)
(29.217367, 38.869728, 0.0)
(29.214586, 38.823830, 0.0)
(29.172104, 38.762695, 0.0)
(29.149370, 38.784569, 0.0)
(29.145048, 38.757343, 0.0)
(29.170862, 38.759293, 0.0)
(29.188324, 38.777843, 0.0)
(29.212717, 38.825768, 0.0)
(29.229208, 38.864872, 0.0)
(29.256071, 38.927746, 0.0)
(29.261967, 38.989925, 0.0)
(29.276220, 39.031704, 0.0)
(29.284601, 39.029526, 0.0)
(29.260275, 39.017082, 0.0)
(29.239840, 39.001583, 0.0)
(29.231958, 38.995377, 0.0)
(29.239220, 39.057049, 0.0)
(29.236618, 39.061371, 0.0)
(29.251858, 39.079216, 0.0)
(29.167427, 38.623310, 0.0)
(29.085712, 38.384945, 0.0)
(29.082542, 38.359310, 0.0)
(29.084797, 38.336704, 0.0)
(29.070992, 38.306000, 0.0)
(29.049314, 38.345978, 0.0)
(29.025925, 38.348957, 0.0)
(29.047449, 38.269848, 0.0)
(29.218180, 38.225842, 0.0)
(31.583883, 37.594669, 0.0)
(31.915291, 37.599815, 0.0)
(31.927656, 37.623032, 0.0)
(31.975393, 37.636322, 0.0)
(32.240856, 37.838573, 0.0)
(34.429321, 37.725845, 0.0)
(34.625828, 37.674591, 0.0)
(34.669518, 37.597511, 0.0)
(34.699711, 37.520416, 0.0)
(34.750015, 37.544216, 0.0)
(34.755482, 37.498306, 0.0)
(34.672447, 37.520145, 0.0)
(34.136879, 37.668697, 0.0)
(34.209343, 37.650955, 0.0)
(34.298717, 37.654472, 0.0)
(34.314194, 37.673260, 0.0)
(34.412445, 37.776810, 0.0)
(34.619339, 37.785645, 0.0)
(35.589905, 37.781013, 0.0)
(35.969936, 37.723400, 0.0)
(36.107712, 37.760601, 0.0)
(36.494892, 37.767689, 0.0)
(38.037392, 37.611458, 0.0)
(38.276531, 37.642738, 0.0)
(38.287102, 37.654736, 0.0)
(38.320271, 37.643288, 0.0)
(38.425343, 37.564232, 0.0)
(38.512310, 37.472004, 0.0)
(39.634991, 37.278358, 0.0)
(40.389931, 36.977879, 0.0)
(40.392899, 36.868084, 0.0)
(40.397945, 36.829857, 0.0)
(40.416985, 36.824871, 0.0)
(40.430771, 36.762672, 0.0)
(40.423080, 36.695698, 0.0)
(40.429886, 36.695984, 0.0)
(40.442451, 36.693024, 0.0)
(40.445225, 36.650459, 0.0)
(41.125580, 36.472927, 0.0)
(41.309757, 36.319004, 0.0)
(41.276539, 36.272266, 0.0)
(41.263405, 36.287029, 0.0)
(41.271008, 36.293869, 0.0)
(41.267220, 36.298599, 0.0)
(41.276531, 36.345798, 0.0)
(41.258034, 36.358139, 0.0)
(41.280479, 36.357185, 0.0)
(41.275826, 36.379177, 0.0)
(41.237865, 36.375156, 0.0)
(41.242432, 36.318844, 0.0)
(40.475128, 36.094910, 0.0)
(40.219894, 36.100700, 0.0)
(40.240692, 36.088066, 0.0)
(40.237095, 36.156780, 0.0)
(40.171410, 36.278988, 0.0)
(38.732265, 36.398628, 0.0)
(36.718292, 36.681736, 0.0)
(36.530689, 36.727474, 0.0)
(36.473511, 36.714794, 0.0)
(36.421623, 36.705311, 0.0)
(36.385136, 36.688503, 0.0)
(36.352592, 36.669056, 0.0)
(36.345276, 36.615292, 0.0)
(36.289742, 36.651669, 0.0)
(36.178318, 36.667557, 0.0)
(36.169266, 36.695171, 0.0)
(35.820427, 36.732933, 0.0)
(33.318398, 37.534534, 0.0)
(31.544859, 38.040962, 0.0)
(31.165335, 37.833061, 0.0)
(31.147856, 37.631985, 0.0)
(31.067961, 37.592232, 0.0)
(31.039169, 37.577759, 0.0)
(31.036079, 37.550869, 0.0)
(31.023596, 37.573971, 0.0)
(31.038088, 37.589848, 0.0)
(31.002306, 37.617325, 0.0)
(31.020386, 37.609001, 0.0)
(30.986708, 37.585289, 0.0)
(30.963728, 37.563656, 0.0)
(30.914164, 37.672878, 0.0)
(30.877340, 37.686111, 0.0)
(30.871582, 37.741215, 0.0)
(30.848965, 37.758434, 0.0)
(29.777422, 38.289253, 0.0)
(29.343382, 38.390820, 0.0)
(29.331621, 38.326653, 0.0)
(29.309147, 38.329552, 0.0)
(29.299053, 38.301620, 0.0)
(29.295023, 38.270508, 0.0)
(29.286589, 38.235630, 0.0)
(29.237583, 38.235088, 0.0)
(29.260445, 38.171989, 0.0)
(29.215242, 38.184258, 0.0)
(28.932867, 38.282448, 0.0)
(28.841875, 38.169315, 0.0)
(28.994799, 38.045959, 0.0)
(29.047874, 38.006756, 0.0)
(29.008068, 38.037884, 0.0)
(29.003279, 38.040623, 0.0)
(28.962414, 38.004379, 0.0)
(28.911705, 37.966618, 0.0)
(28.907385, 37.954720, 0.0)
(29.646469, 37.477783, 0.0)
(30.410631, 37.040092, 0.0)
(30.506704, 37.037781, 0.0)
(30.604509, 37.104542, 0.0)
(30.743130, 37.059601, 0.0)
(30.960712, 37.004017, 0.0)
(31.077291, 36.897766, 0.0)
(31.273726, 36.883972, 0.0)
(31.956947, 36.986313, 0.0)
(32.114304, 36.891006, 0.0)
(32.305168, 36.821774, 0.0)
(32.440025, 36.751877, 0.0)
(32.629097, 36.761848, 0.0)
(33.581982, 36.618187, 0.0)
(33.977547, 36.648506, 0.0)
(34.108444, 36.599152, 0.0)
(34.210079, 36.603489, 0.0)
(34.329887, 36.616634, 0.0)
(34.482368, 36.575386, 0.0)
(35.741131, 36.475819, 0.0)
(36.058296, 36.385803, 0.0)
(36.245071, 36.336639, 0.0)
(36.512276, 36.251236, 0.0)
(36.571430, 36.271973, 0.0)
(36.657681, 36.373245, 0.0)
(38.226799, 36.500885, 0.0)
(39.930149, 36.086929, 0.0)
(40.168335, 35.900330, 0.0)
(40.164795, 35.836491, 0.0)
(40.217045, 35.823696, 0.0)
(40.230606, 35.833141, 0.0)
(40.787254, 35.947880, 0.0)
(41.055161, 35.979416, 0.0)
(41.002369, 35.961800, 0.0)
(41.012276, 35.924545, 0.0)
(41.121811, 35.926476, 0.0)
(41.208920, 35.946415, 0.0)
(41.243179, 35.929626, 0.0)
(41.263603, 35.837914, 0.0)
(41.407234, 35.765579, 0.0)
(41.540783, 35.755554, 0.0)
(41.578033, 35.704700, 0.0)
(41.584663, 35.749535, 0.0)
(41.455761, 35.758881, 0.0)
(41.478195, 35.743382, 0.0)
(41.452850, 35.768234, 0.0)
(41.389740, 35.597969, 0.0)
(41.350151, 35.057816, 0.0)
(41.336399, 34.940262, 0.0)
(41.305637, 34.841354, 0.0)
(41.300831, 34.822536, 0.0)
(41.298130, 34.824791, 0.0)
(41.324028, 34.825005, 0.0)
(40.754890, 34.666328, 0.0)
(39.246826, 34.431320, 0.0)
(39.234131, 34.379097, 0.0)
(39.208202, 34.358765, 0.0)
(39.127277, 34.331715, 0.0)
(37.702019, 34.440189, 0.0)
(36.356918, 34.852852, 0.0)
(36.148170, 34.966293, 0.0)
(36.077457, 34.990913, 0.0)
(35.995613, 35.039604, 0.0)
(35.962402, 35.062115, 0.0)
(35.906857, 35.111908, 0.0)
(35.838631, 35.086487, 0.0)
(35.728970, 35.069252, 0.0)
(35.676632, 35.016102, 0.0)
(35.613827, 35.023670, 0.0)
(35.526684, 35.062271, 0.0)
(35.408615, 35.120857, 0.0)
(35.286942, 35.219082, 0.0)
(35.191998, 35.284370, 0.0)
(35.031593, 35.364426, 0.0)
(34.915146, 35.323235, 0.0)
(34.106487, 35.605412, 0.0)
(32.299332, 36.130482, 0.0)
(32.066860, 36.209541, 0.0)
(31.958290, 36.165310, 0.0)
(31.900301, 36.200729, 0.0)
(30.163046, 36.991688, 0.0)
(29.783695, 37.060818, 0.0)
(29.745699, 37.040947, 0.0)
(29.705675, 37.042171, 0.0)
(29.701073, 37.029716, 0.0)
(29.703154, 37.059528, 0.0)
(29.730244, 37.002930, 0.0)
(29.736961, 36.990955, 0.0)
(29.720688, 37.007256, 0.0)
(29.724466, 36.973579, 0.0)
(29.711506, 36.886433, 0.0)
(29.728672, 36.936363, 0.0)
(28.944290, 37.312134, 0.0)
(28.835398, 37.354435, 0.0)
(28.855787, 37.409084, 0.0)
(28.846807, 37.386494, 0.0)
(28.793360, 37.397179, 0.0)
(28.800226, 37.397373, 0.0)
(28.821247, 37.367573, 0.0)
(28.818947, 37.372364, 0.0)
(28.842705, 37.385891, 0.0)
(28.854061, 37.375057, 0.0)
(28.857811, 37.375259, 0.0)
(28.864424, 37.364773, 0.0)
(29.107119, 37.152969, 0.0)
(30.897346, 35.583549, 0.0)
(30.953371, 35.469402, 0.0)
(31.018406, 35.369293, 0.0)
(31.064627, 35.374458, 0.0)
(32.263935, 35.269737, 0.0)
(32.502777, 35.267479, 0.0)
(32.616085, 35.201614, 0.0)
(32.690460, 35.127392, 0.0)
(32.849506, 35.135956, 0.0)
(33.013752, 35.141014, 0.0)
(33.139809, 35.071934, 0.0)
(33.270649, 35.019402, 0.0)
(33.354801, 35.002575, 0.0)
(33.474457, 34.971840, 0.0)
(33.555244, 34.976803, 0.0)
(33.608208, 34.962345, 0.0)
(33.664509, 34.985779, 0.0)
(33.712215, 35.023594, 0.0)
(34.855507, 35.072388, 0.0)
(35.242832, 35.185661, 0.0)
(35.354012, 35.157356, 0.0)
(35.491386, 35.158089, 0.0)
(36.578705, 35.259754, 0.0)
(36.937141, 35.267448, 0.0)
(37.149441, 35.191059, 0.0)
(37.618935, 35.353577, 0.0)
(39.544334, 35.444683, 0.0)
(40.480099, 35.386574, 0.0)
(40.606800, 35.262791, 0.0)
(40.535053, 35.197659, 0.0)
(40.540398, 35.223499, 0.0)
(40.469074, 35.119999, 0.0)
(40.483620, 35.139915, 0.0)
(40.498966, 35.154995, 0.0)
(40.473743, 35.097740, 0.0)
(40.502872, 35.088295, 0.0)
(40.492546, 35.093521, 0.0)
(41.230118, 35.121323, 0.0)
(41.436008, 35.052143, 0.0)
(41.477352, 35.008144, 0.0)
(41.493984, 34.999252, 0.0)
(41.514828, 34.993664, 0.0)
(41.506355, 34.998455, 0.0)
(41.492451, 34.986183, 0.0)
(41.524364, 34.937489, 0.0)
(41.520500, 34.936321, 0.0)
(41.525864, 34.908115, 0.0)
(41.376141, 34.673573, 0.0)
(41.343193, 34.513058, 0.0)
(41.312149, 34.545761, 0.0)
(41.315392, 34.618748, 0.0)
(41.306240, 34.613403, 0.0)
(41.305153, 34.616806, 0.0)
(41.278858, 34.599316, 0.0)
(38.703087, 34.263248, 0.0)
(36.416775, 34.233864, 0.0)
(36.085960, 34.282356, 0.0)
(36.054226, 34.288643, 0.0)
(36.003887, 34.368233, 0.0)
(35.908577, 34.370293, 0.0)
(35.814964, 34.396648, 0.0)
(35.734104, 34.475456, 0.0)
(35.696896, 34.492542, 0.0)
(35.666630, 34.504055, 0.0)
(35.568344, 34.515327, 0.0)
(35.508930, 34.447945, 0.0)
(35.524261, 34.492493, 0.0)
(35.512173, 34.502815, 0.0)
(35.475494, 34.505318, 0.0)
(35.425320, 34.482735, 0.0)
(35.420532, 34.514122, 0.0)
(35.431599, 34.580585, 0.0)
(35.370983, 34.445080, 0.0)
(35.344486, 34.411438, 0.0)
(33.188744, 34.800457, 0.0)
(32.071411, 35.175705, 0.0)
(31.939508, 35.147762, 0.0)
(31.866983, 35.179005, 0.0)
(31.811460, 35.310661, 0.0)
(31.799166, 35.329876, 0.0)
(31.671251, 35.398499, 0.0)
(29.673916, 36.388107, 0.0)
(29.368828, 36.519646, 0.0)
(29.336082, 36.527012, 0.0)
(29.287762, 36.483391, 0.0)
(29.289579, 36.372955, 0.0)
(29.299959, 36.345890, 0.0)
(29.282244, 36.336720, 0.0)
(29.310310, 36.307018, 0.0)
(29.337173, 36.335602, 0.0)
(29.351974, 36.362675, 0.0)
(29.369106, 36.417377, 0.0)
(29.365374, 36.419247, 0.0)
(28.815489, 36.680107, 0.0)
(28.424788, 36.806923, 0.0)
(28.355690, 36.801605, 0.0)
(28.428789, 36.790226, 0.0)
(28.436646, 36.787163, 0.0)
(28.420559, 36.790020, 0.0)
(28.387703, 36.776810, 0.0)
(28.406759, 36.774574, 0.0)
(28.415762, 36.763935, 0.0)
(28.408112, 36.765575, 0.0)
(28.350523, 36.762184, 0.0)
(28.552086, 36.345768, 0.0)
(28.849926, 35.610836, 0.0)
(28.864674, 35.515549, 0.0)
(28.902464, 35.548325, 0.0)
(29.270037, 35.277252, 0.0)
(30.427294, 34.773949, 0.0)
(30.684715, 34.672924, 0.0)
(30.862282, 34.549450, 0.0)
(31.137362, 34.471237, 0.0)
(31.402401, 34.410034, 0.0)
(31.668184, 34.335091, 0.0)
(31.952412, 34.238003, 0.0)
(33.128296, 33.896915, 0.0)
(34.540108, 33.601799, 0.0)
(34.777405, 33.767250, 0.0)
(34.924358, 33.922417, 0.0)
(35.086067, 33.955261, 0.0)
(35.144508, 34.041897, 0.0)
(36.339043, 33.991776, 0.0)
(38.743828, 34.058178, 0.0)
(39.630299, 34.108849, 0.0)
(39.765495, 34.134354, 0.0)
(39.764866, 34.120575, 0.0)
(39.805256, 34.151115, 0.0)
(39.789814, 34.062359, 0.0)
(39.816780, 34.057491, 0.0)
(39.824963, 34.038063, 0.0)
(39.850803, 34.028145, 0.0)
(39.944866, 34.036114, 0.0)
(40.966503, 33.979507, 0.0)
(41.210171, 34.045605, 0.0)
(41.206917, 34.091328, 0.0)
(41.218578, 34.075283, 0.0)
(41.218697, 34.101997, 0.0)
(41.213039, 34.163692, 0.0)
(41.217907, 34.093521, 0.0)
(41.209263, 34.126591, 0.0)
(41.161087, 34.130470, 0.0)
(41.130459, 34.080475, 0.0)
(41.137787, 34.075134, 0.0)
(41.168118, 34.059769, 0.0)
(41.460239, 34.065083, 0.0)
(41.514240, 34.092308, 0.0)
(41.518845, 34.143536, 0.0)
(41.540802, 34.147465, 0.0)
(41.553707, 34.136925, 0.0)
(41.557171, 34.183792, 0.0)
(41.561035, 34.139347, 0.0)
(41.531643, 34.146034, 0.0)
(41.533226, 34.130917, 0.0)
(41.531357, 34.130459, 0.0)
(41.536930, 34.129913, 0.0)
(41.518478, 34.138168, 0.0)
(41.465179, 34.121048, 0.0)
(40.842167, 33.737259, 0.0)
(40.783108, 33.638035, 0.0)
(40.732563, 33.629936, 0.0)
(40.671387, 33.623062, 0.0)
(39.392467, 33.302071, 0.0)
(38.066013, 33.104881, 0.0)
(37.990601, 33.058994, 0.0)
(37.842213, 33.074429, 0.0)
(37.636383, 33.128170, 0.0)
(37.523121, 33.108974, 0.0)
(37.341122, 33.094738, 0.0)
(37.167831, 33.099918, 0.0)
(37.051006, 33.068138, 0.0)
(36.802711, 33.046371, 0.0)
(36.627972, 33.060116, 0.0)
(36.234482, 33.029091, 0.0)
(33.775845, 33.382278, 0.0)
(33.463291, 33.438034, 0.0)
(33.356453, 33.510323, 0.0)
(33.299080, 33.539581, 0.0)
(31.902781, 34.172119, 0.0)
(31.513710, 34.303802, 0.0)
(31.380039, 34.313847, 0.0)
(31.406357, 34.302383, 0.0)
(31.402519, 34.267956, 0.0)
(31.415722, 34.252045, 0.0)
(31.403482, 34.307392, 0.0)
(30.067383, 35.161320, 0.0)
(29.233965, 35.543797, 0.0)
(29.153557, 35.625668, 0.0)
(29.103037, 35.599426, 0.0)
(29.019756, 35.595867, 0.0)
(28.773556, 35.751740, 0.0)
(28.328074, 35.889992, 0.0)
(28.324293, 35.890881, 0.0)
(28.345728, 35.887100, 0.0)
(28.342215, 35.862949, 0.0)
(28.300211, 35.941879, 0.0)
(28.313923, 35.974964, 0.0)
(28.300211, 35.968681, 0.0)
(28.328863, 35.986504, 0.0)
(28.137217, 36.031563, 0.0)
(27.898321, 35.759037, 0.0)
(27.905329, 35.655659, 0.0)
(27.888998, 35.701134, 0.0)
(27.848345, 35.698608, 0.0)
(27.819082, 35.727406, 0.0)
(27.828434, 35.742592, 0.0)
(27.894367, 35.733814, 0.0)
(27.911106, 35.749680, 0.0)
(27.916004, 35.762211, 0.0)
(27.884102, 35.747009, 0.0)
(27.882181, 35.725060, 0.0)
(27.893486, 35.656261, 0.0)
(28.783291, 34.910839, 0.0)
(28.904444, 34.737938, 0.0)
(28.955797, 34.703621, 0.0)
(29.021482, 34.640182, 0.0)
(29.212496, 34.472706, 0.0)
(31.260408, 33.737923, 0.0)
(32.207626, 33.420341, 0.0)
(32.466476, 33.375187, 0.0)
(32.769367, 33.120907, 0.0)
(33.058376, 32.932110, 0.0)
(33.178005, 32.798531, 0.0)
(33.175182, 32.779488, 0.0)
(33.261055, 32.772343, 0.0)
(33.321049, 32.801907, 0.0)
(33.435143, 32.859695, 0.0)
(33.555664, 32.872986, 0.0)
(33.650002, 32.902966, 0.0)
(33.729465, 32.909149, 0.0)
(35.220505, 32.860584, 0.0)
(36.141693, 33.021301, 0.0)
(36.448822, 33.070889, 0.0)
(36.573914, 33.017113, 0.0)
(36.763615, 32.977329, 0.0)
(37.455006, 33.005692, 0.0)
(39.267971, 33.007030, 0.0)
(39.737583, 33.111332, 0.0)
(39.801735, 33.135693, 0.0)
(39.885555, 33.250938, 0.0)
(40.051941, 33.292755, 0.0)
(41.137783, 33.480667, 0.0)
(41.380825, 33.494801, 0.0)
(41.355568, 33.631077, 0.0)
(41.356724, 33.604080, 0.0)
(41.321590, 33.596581, 0.0)
(41.575420, 33.384918, 0.0)
(41.621342, 33.318817, 0.0)
(41.626232, 33.316875, 0.0)
(41.617096, 33.268997, 0.0)
(41.588360, 33.240910, 0.0)
(41.534386, 33.250637, 0.0)
(41.532928, 33.151302, 0.0)
(41.680817, 32.959911, 0.0)
(41.823868, 32.796432, 0.0)
(41.847782, 32.796089, 0.0)
(41.855152, 32.896832, 0.0)
(41.864201, 32.924580, 0.0)
(41.875923, 32.964684, 0.0)
(41.858784, 33.028221, 0.0)
(41.857754, 32.948048, 0.0)
(41.852886, 32.943512, 0.0)
(41.838985, 32.935009, 0.0)
(41.415100, 32.813461, 0.0)
(41.227840, 32.468128, 0.0)
(41.244564, 32.397709, 0.0)
(41.263477, 32.500671, 0.0)
(41.224316, 32.464020, 0.0)
(40.323341, 32.510437, 0.0)
(39.214233, 32.451923, 0.0)
(39.171127, 32.452541, 0.0)
(39.110245, 32.353413, 0.0)
(39.084206, 32.388374, 0.0)
(39.071159, 32.368984, 0.0)
(39.036270, 32.367268, 0.0)
(38.979481, 32.343357, 0.0)
(36.608952, 32.174538, 0.0)
(36.382122, 32.114151, 0.0)
(36.373009, 32.147205, 0.0)
(36.332932, 32.156643, 0.0)
(36.292629, 32.186058, 0.0)
(36.250759, 32.158546, 0.0)
(36.173321, 32.191772, 0.0)
(33.938396, 32.287041, 0.0)
(32.853035, 33.225964, 0.0)
(32.080196, 33.250134, 0.0)
(31.726917, 33.147568, 0.0)
(31.639862, 33.240772, 0.0)
(31.664288, 33.271503, 0.0)
(31.649305, 33.288074, 0.0)
(31.626812, 33.305912, 0.0)
(31.610554, 33.326374, 0.0)
(31.544760, 33.352783, 0.0)
(31.518818, 33.352352, 0.0)
(31.520874, 33.344872, 0.0)
(31.502295, 33.354271, 0.0)
(31.474644, 33.385990, 0.0)
(31.381758, 33.408085, 0.0)
(29.570370, 34.343601, 0.0)
(29.147591, 34.506920, 0.0)
(29.076529, 34.567982, 0.0)
(29.035820, 34.609325, 0.0)
(29.023165, 34.619846, 0.0)
(29.009573, 34.647243, 0.0)
(28.379152, 34.990868, 0.0)
(28.255295, 34.992661, 0.0)
(28.261963, 34.954872, 0.0)
(28.254721, 34.961540, 0.0)
(28.242750, 34.968624, 0.0)
(28.193588, 34.948330, 0.0)
(28.174212, 34.919727, 0.0)
(28.166151, 34.839355, 0.0)
(28.166830, 34.853493, 0.0)
(28.165003, 34.843822, 0.0)
(28.143126, 34.893120, 0.0)
(28.150969, 34.916740, 0.0)
(28.214464, 34.296520, 0.0)
(28.218855, 34.197929, 0.0)
(28.229984, 34.252422, 0.0)
(28.253307, 34.254585, 0.0)
(28.651957, 34.011456, 0.0)
(30.227230, 33.176022, 0.0)
(30.358143, 33.120804, 0.0)
(30.480297, 33.105354, 0.0)
(30.693382, 33.025852, 0.0)
(30.992517, 32.965874, 0.0)
(31.263163, 32.948116, 0.0)
(31.498503, 32.926125, 0.0)
(31.754316, 32.838932, 0.0)
(32.008839, 32.801048, 0.0)
(32.276344, 32.728329, 0.0)
(33.464329, 32.523319, 0.0)
(34.805393, 32.321770, 0.0)
(35.038105, 32.342476, 0.0)
(35.274948, 32.336452, 0.0)
(35.405518, 32.361385, 0.0)
(37.839447, 32.380157, 0.0)
(39.784988, 32.590679, 0.0)
(40.316330, 32.769291, 0.0)
(40.345982, 32.844830, 0.0)
(40.344254, 32.821903, 0.0)
(40.383389, 32.678886, 0.0)
(40.421604, 32.729328, 0.0)
(40.458088, 32.748287, 0.0)
(41.133942, 32.557243, 0.0)
(41.349010, 32.666439, 0.0)
(41.338375, 32.707058, 0.0)
(41.342945, 32.727318, 0.0)
(41.347412, 32.749252, 0.0)
(41.338169, 32.724701, 0.0)
(41.346233, 32.703152, 0.0)
(41.356133, 32.691601, 0.0)
(41.338531, 32.682446, 0.0)
(41.325249, 32.647404, 0.0)
(41.353870, 32.673737, 0.0)
(41.320934, 32.657223, 0.0)
(41.393120, 32.709358, 0.0)
(41.659561, 32.700256, 0.0)
(41.676254, 32.693707, 0.0)
(41.662933, 32.754807, 0.0)
(41.649567, 32.735096, 0.0)
(41.664379, 32.695190, 0.0)
(41.706947, 32.626827, 0.0)
(41.711876, 32.684185, 0.0)
(41.692631, 32.705578, 0.0)
(41.738331, 32.662315, 0.0)
(41.760670, 32.635654, 0.0)
(41.775974, 32.606358, 0.0)
(41.727261, 32.707447, 0.0)
(41.196892, 32.189903, 0.0)
(41.117027, 32.016647, 0.0)
(41.146648, 31.937567, 0.0)
(41.123859, 31.893717, 0.0)
(40.922543, 31.835384, 0.0)
(38.852898, 31.574327, 0.0)
(38.742138, 31.547117, 0.0)
(38.731022, 31.548717, 0.0)
(38.705502, 31.617800, 0.0)
(38.610325, 31.661539, 0.0)
(38.142071, 31.661604, 0.0)
(35.719395, 31.973997, 0.0)
(33.962372, 32.628983, 0.0)
(33.426453, 32.384239, 0.0)
(33.184937, 31.994032, 0.0)
(33.003326, 31.950117, 0.0)
(32.933460, 31.974461, 0.0)
(32.931759, 31.998623, 0.0)
(32.936867, 32.033794, 0.0)
(32.904381, 32.084557, 0.0)
(32.908920, 32.130451, 0.0)
(32.892212, 32.151131, 0.0)
(32.929512, 32.166462, 0.0)
(32.925846, 32.195694, 0.0)
(32.910477, 32.204403, 0.0)
(32.921337, 32.206547, 0.0)
(32.929253, 32.235706, 0.0)
(32.894444, 32.267014, 0.0)
(32.877907, 32.249901, 0.0)
(32.840378, 32.269558, 0.0)
(32.746567, 32.275661, 0.0)
(32.597317, 32.363098, 0.0)
(30.885323, 32.881313, 0.0)
(30.624889, 32.989243, 0.0)
(30.604561, 32.991989, 0.0)
(30.523727, 33.023525, 0.0)
(30.519285, 33.024101, 0.0)
(29.782436, 33.451427, 0.0)
(28.482046, 34.048950, 0.0)
(28.369249, 34.074867, 0.0)
(28.382994, 34.073448, 0.0)
(28.387779, 34.076736, 0.0)
(28.396332, 34.078747, 0.0)
(28.407993, 34.080696, 0.0)
(28.062868, 34.343365, 0.0)
(27.991222, 34.422028, 0.0)
(28.022110, 34.350040, 0.0)
(28.020283, 34.343861, 0.0)
(27.952723, 34.402229, 0.0)
(27.909740, 34.381718, 0.0)
(27.911634, 34.323238, 0.0)
(27.937897, 34.316593, 0.0)
(27.936417, 34.332306, 0.0)
(27.932547, 34.358807, 0.0)
(28.968611, 33.467117, 0.0)
(29.158102, 33.291679, 0.0)
(29.228029, 33.232742, 0.0)
(29.266621, 33.224895, 0.0)
(29.367029, 33.173046, 0.0)
(29.494291, 33.084572, 0.0)
(29.601635, 32.990631, 0.0)
(29.734541, 32.913422, 0.0)
(30.814890, 32.589771, 0.0)
(31.036852, 32.513237, 0.0)
(31.191185, 32.452663, 0.0)
(31.308310, 32.400169, 0.0)
(31.364077, 32.383606, 0.0)
(31.865887, 32.171982, 0.0)
(32.427483, 31.949736, 0.0)
(32.719372, 31.795027, 0.0)
(32.756481, 31.811819, 0.0)
(33.033455, 31.716084, 0.0)
(34.564262, 31.536787, 0.0)
(36.825169, 31.469862, 0.0)
(37.067730, 31.561920, 0.0)
(37.136692, 31.591719, 0.0)
(37.181187, 31.611897, 0.0)
(37.814476, 31.611067, 0.0)
(39.989685, 31.910866, 0.0)
(40.620930, 31.910593, 0.0)
(40.663460, 32.005165, 0.0)
(40.652054, 31.972330, 0.0)
(40.643738, 32.008530, 0.0)
(40.680931, 32.009914, 0.0)
(40.729633, 32.057598, 0.0)
(40.743031, 32.065723, 0.0)
(40.729370, 32.069813, 0.0)
(40.706753, 32.057331, 0.0)
(40.783203, 32.016171, 0.0)
(40.776047, 31.978418, 0.0)
(40.784626, 31.978298, 0.0)
(40.801823, 31.962173, 0.0)
(40.948788, 31.969231, 0.0)
(41.393402, 31.883598, 0.0)
(41.482876, 31.819521, 0.0)
(41.480366, 31.954573, 0.0)
(41.486263, 31.975908, 0.0)
(41.482288, 31.959242, 0.0)
(41.495590, 31.957895, 0.0)
(41.522232, 31.908949, 0.0)
(41.557236, 31.872189, 0.0)
(41.529350, 31.808722, 0.0)
(41.495712, 31.807610, 0.0)
(41.518208, 31.787083, 0.0)
(41.511753, 31.880718, 0.0)
(40.257343, 31.506037, 0.0)
(38.680367, 31.087749, 0.0)
(38.663910, 31.071083, 0.0)
(38.691864, 31.049704, 0.0)
(38.659397, 31.060406, 0.0)
(38.407085, 31.020622, 0.0)
(35.696060, 30.645035, 0.0)
(33.647747, 30.861217, 0.0)
(32.862656, 31.218258, 0.0)
(32.760574, 31.287420, 0.0)
(32.768280, 31.300406, 0.0)
(32.711113, 31.347420, 0.0)
(32.674873, 31.379871, 0.0)
(32.662247, 31.422441, 0.0)
(32.618160, 31.429869, 0.0)
(32.627960, 31.425262, 0.0)
(32.612156, 31.448570, 0.0)
(32.561249, 31.490271, 0.0)
(32.523239, 31.469477, 0.0)
(32.502243, 31.500517, 0.0)
(32.499878, 31.522011, 0.0)
(32.508877, 31.525196, 0.0)
(32.516869, 31.496382, 0.0)
(32.508472, 31.441135, 0.0)
(32.511250, 31.428986, 0.0)
(32.503532, 31.407232, 0.0)
(32.515190, 31.356049, 0.0)
(32.513538, 31.329016, 0.0)
(31.849958, 31.638693, 0.0)
(30.128349, 32.378040, 0.0)
(29.060568, 32.971771, 0.0)
(28.926920, 33.032967, 0.0)
(28.961422, 33.038292, 0.0)
(28.952631, 33.059486, 0.0)
(28.325916, 33.633156, 0.0)
(27.995567, 33.967525, 0.0)
(27.931086, 34.003883, 0.0)
(27.895294, 34.000992, 0.0)
(27.902458, 33.951088, 0.0)
(27.870012, 33.981598, 0.0)
(27.892336, 33.973286, 0.0)
(27.915873, 33.912605, 0.0)
(27.923456, 33.943378, 0.0)
(27.994991, 33.947678, 0.0)
(28.011242, 33.924065, 0.0)
(27.837101, 33.938530, 0.0)
(27.775444, 33.864853, 0.0)
(27.802263, 33.837692, 0.0)
(27.842363, 33.832005, 0.0)
(27.850681, 33.845890, 0.0)
(27.817228, 33.847454, 0.0)
(27.805685, 33.835606, 0.0)
(27.814888, 33.805630, 0.0)
(27.828583, 33.817944, 0.0)
(28.094337, 33.345505, 0.0)
(28.150219, 33.231266, 0.0)
(28.165953, 33.238213, 0.0)
(28.698015, 33.031185, 0.0)
(29.690523, 32.599083, 0.0)
(29.936449, 32.508907, 0.0)
(31.251574, 31.961962, 0.0)
(32.087620, 31.604139, 0.0)
(32.327118, 31.536905, 0.0)
(32.590862, 31.457067, 0.0)
(32.853817, 31.345570, 0.0)
(33.102016, 31.294611, 0.0)
(33.336258, 31.240789, 0.0)
(33.548382, 31.169291, 0.0)
(33.687096, 31.150698, 0.0)
(33.904785, 31.144779, 0.0)
(34.083145, 31.117292, 0.0)
(34.220390, 31.121511, 0.0)
(34.400112, 31.045904, 0.0)
(34.626740, 31.034552, 0.0)
(34.817776, 31.046658, 0.0)
(34.913006, 31.027769, 0.0)
(35.067436, 31.016411, 0.0)
(35.156345, 30.952862, 0.0)
(36.460835, 30.931564, 0.0)
(37.291393, 30.979679, 0.0)
(37.386631, 30.966795, 0.0)
(37.402664, 30.917662, 0.0)
(38.494629, 30.953442, 0.0)
(40.235882, 31.224842, 0.0)
(40.907307, 31.287975, 0.0)
(40.932884, 31.314501, 0.0)
(40.967621, 31.349758, 0.0)
(41.036270, 31.387804, 0.0)
(41.027657, 31.392691, 0.0)
(41.024437, 31.464712, 0.0)
(41.006668, 31.483534, 0.0)
(40.982487, 31.433119, 0.0)
(40.987473, 31.422367, 0.0)
(41.067703, 31.377913, 0.0)
(41.076309, 31.387337, 0.0)
(41.065365, 31.384912, 0.0)
(41.168591, 31.366198, 0.0)
(41.791832, 31.585115, 0.0)
(41.890469, 31.635984, 0.0)
(41.842068, 31.615511, 0.0)
(41.851528, 31.653343, 0.0)
(41.867756, 31.579597, 0.0)
(41.888359, 31.583353, 0.0)
(41.868492, 31.639906, 0.0)
(41.861671, 31.570292, 0.0)
(41.236591, 31.188671, 0.0)
(41.169609, 30.913992, 0.0)
(41.194550, 30.841700, 0.0)
(41.181126, 30.902008, 0.0)
(41.152832, 30.983385, 0.0)
(41.081345, 30.923725, 0.0)
(38.658104, 30.592022, 0.0)
(37.465626, 30.517521, 0.0)
(37.400902, 30.476994, 0.0)
(37.337555, 30.455076, 0.0)
(37.300201, 30.490870, 0.0)
(37.217209, 30.528761, 0.0)
(37.183979, 30.566515, 0.0)
(37.108875, 30.554667, 0.0)
(37.079414, 30.589769, 0.0)
(36.825001, 30.596144, 0.0)
(34.560707, 30.783001, 0.0)
(34.441891, 30.809752, 0.0)
(34.483204, 30.809767, 0.0)
(34.456841, 30.794554, 0.0)
(34.458427, 30.812426, 0.0)
(34.392235, 30.865219, 0.0)
(34.366829, 30.849705, 0.0)
(34.400101, 30.848072, 0.0)
(34.403721, 30.859507, 0.0)
(34.341286, 30.840084, 0.0)
(34.338017, 30.808161, 0.0)
(34.326057, 30.794325, 0.0)
(32.837326, 31.173077, 0.0)
(31.487389, 31.520386, 0.0)
(31.289236, 31.538803, 0.0)
(31.282978, 31.522627, 0.0)
(31.173170, 31.531513, 0.0)
(31.142559, 31.526196, 0.0)
(31.075144, 31.552301, 0.0)
(29.848761, 32.270321, 0.0)
(28.516155, 32.870689, 0.0)
(28.394379, 32.938534, 0.0)
(28.424044, 32.996651, 0.0)
(28.419230, 32.972008, 0.0)
(28.409515, 32.901775, 0.0)
(28.389784, 32.898491, 0.0)
(28.379602, 32.871941, 0.0)
(28.354980, 32.829971, 0.0)
(28.295280, 32.840683, 0.0)
(28.288910, 32.837383, 0.0)
(28.312456, 32.871700, 0.0)
(28.339302, 32.869488, 0.0)
(28.349794, 32.938221, 0.0)
(28.362099, 32.990578, 0.0)
(28.063831, 33.259171, 0.0)
(27.970726, 33.295742, 0.0)
(27.912422, 33.323414, 0.0)
(27.901960, 33.322674, 0.0)
(27.845264, 33.297852, 0.0)
(27.842888, 33.226383, 0.0)
(27.844698, 33.241661, 0.0)
(27.928595, 33.221531, 0.0)
(28.425611, 32.595840, 0.0)
(28.652464, 32.486969, 0.0)
(28.642508, 32.553162, 0.0)
(28.786472, 32.439823, 0.0)
(30.797688, 31.575645, 0.0)
(30.982834, 31.464252, 0.0)
(31.111446, 31.402328, 0.0)
(31.257677, 31.319485, 0.0)
(31.469213, 31.252697, 0.0)
(31.659302, 31.186520, 0.0)
(31.856703, 31.086409, 0.0)
(32.530056, 30.867985, 0.0)
(33.649204, 30.531731, 0.0)
(33.899776, 30.466116, 0.0)
(34.049465, 30.373770, 0.0)
(34.170403, 30.367979, 0.0)
(34.280415, 30.338333, 0.0)
(34.391273, 30.283194, 0.0)
(34.743412, 30.229246, 0.0)
(36.758953, 30.226032, 0.0)
(37.029270, 30.235336, 0.0)
(37.100948, 30.188082, 0.0)
(37.220478, 30.224726, 0.0)
(37.275459, 30.247831, 0.0)
(37.577785, 30.290941, 0.0)
(39.500294, 30.513765, 0.0)
(40.027657, 30.695023, 0.0)
(40.042381, 30.742620, 0.0)
(40.043720, 30.699598, 0.0)
(40.229393, 30.681925, 0.0)
(41.282925, 31.077976, 0.0)
(41.375637, 31.074366, 0.0)
(41.329960, 31.047884, 0.0)
(41.312672, 31.076769, 0.0)
(41.287052, 31.067795, 0.0)
(41.283405, 31.090302, 0.0)
(41.264462, 31.087961, 0.0)
(41.216385, 31.063545, 0.0)
(41.267765, 31.032032, 0.0)
(41.267410, 31.059000, 0.0)
(41.260033, 31.060034, 0.0)
(41.638088, 31.162107, 0.0)
(42.092148, 31.274683, 0.0)
(42.156635, 31.266691, 0.0)
(42.148518, 31.258682, 0.0)
(42.147884, 31.229239, 0.0)
(42.073978, 31.192200, 0.0)
(42.069447, 31.137020, 0.0)
(42.029938, 31.097044, 0.0)
(42.019791, 31.144720, 0.0)
(42.003593, 31.147062, 0.0)
(41.998497, 31.229532, 0.0)
(41.957970, 31.301517, 0.0)
(41.981987, 31.314775, 0.0)
(41.956547, 31.380938, 0.0)
(41.877293, 31.338192, 0.0)
(41.879673, 32.309956, 0.0)
(41.816654, 32.760017, 0.0)
(41.736759, 32.752079, 0.0)
(41.751469, 32.689526, 0.0)
(41.748089, 32.700138, 0.0)
(41.764721, 32.701004, 0.0)
(41.787685, 32.733578, 0.0)
(41.824387, 32.751160, 0.0)
(41.841450, 32.779404, 0.0)
(41.975395, 32.946335, 0.0)
(42.081699, 34.255379, 0.0)
(41.982647, 34.975040, 0.0)
(41.882843, 35.309456, 0.0)
(41.825695, 35.820156, 0.0)
(41.791500, 35.940392, 0.0)
(41.784431, 35.907394, 0.0)
(41.782299, 35.815617, 0.0)
(41.782318, 35.858318, 0.0)
(41.769932, 35.814915, 0.0)
(41.719452, 35.816994, 0.0)
(41.752029, 35.830624, 0.0)
(41.762634, 35.752220, 0.0)
(41.749382, 35.783474, 0.0)
(41.761543, 35.813274, 0.0)
(41.716385, 35.749802, 0.0)
(41.734707, 35.795254, 0.0)
(41.759823, 35.806625, 0.0)
(41.766125, 35.818172, 0.0)
(41.787117, 35.798840, 0.0)
(41.757652, 35.829262, 0.0)
(41.759281, 35.845013, 0.0)
(41.611195, 36.312782, 0.0)
(41.608910, 36.642433, 0.0)
(41.579742, 36.625347, 0.0)
(41.554604, 36.623840, 0.0)
(41.501942, 36.653320, 0.0)
(41.516903, 36.579952, 0.0)
(41.558968, 36.637783, 0.0)
(41.563854, 36.733917, 0.0)
(41.574028, 36.850475, 0.0)
(41.529663, 36.824821, 0.0)
(41.546459, 36.751320, 0.0)
(41.510815, 36.700890, 0.0)
(41.507812, 36.697681, 0.0)
(41.499691, 36.638493, 0.0)
(41.480217, 36.620522, 0.0)
(41.475433, 36.633175, 0.0)
(41.510300, 36.665520, 0.0)
(41.150257, 36.638947, 0.0)
(40.958191, 36.656216, 0.0)
(40.940620, 36.671295, 0.0)
(40.983814, 36.608780, 0.0)
(41.039749, 36.532070, 0.0)
(41.074711, 36.404396, 0.0)
(41.332504, 36.205940, 0.0)
(41.336754, 36.168457, 0.0)
(41.332504, 36.179409, 0.0)
(41.337231, 36.126072, 0.0)
(41.385040, 36.171234, 0.0)
(41.431015, 35.631721, 0.0)
(41.426674, 35.044559, 0.0)
(41.419594, 34.994640, 0.0)
(41.418201, 34.997478, 0.0)
(41.422371, 34.987846, 0.0)
(41.455723, 34.981415, 0.0)
(41.463928, 34.957745, 0.0)
(41.457333, 34.912415, 0.0)
(41.516575, 34.284710, 0.0)
(41.573822, 33.522617, 0.0)
(41.603146, 33.468452, 0.0)
(41.619282, 33.563496, 0.0)
(41.604053, 33.556484, 0.0)
(41.634144, 33.550610, 0.0)
(41.652420, 33.504333, 0.0)
(41.678497, 33.513817, 0.0)
(41.673615, 33.493591, 0.0)
(41.665588, 33.498379, 0.0)
(41.504890, 33.037010, 0.0)
(41.500977, 32.820515, 0.0)
(41.494232, 32.834431, 0.0)
(41.482292, 32.892307, 0.0)
(41.489731, 32.827209, 0.0)
(41.522793, 32.083477, 0.0)
(41.600704, 31.167372, 0.0)
(41.558529, 31.158131, 0.0)
(41.523674, 31.275684, 0.0)
(41.501335, 31.296947, 0.0)
(41.507515, 31.351210, 0.0)
(41.528381, 31.292522, 0.0)
(41.554100, 31.351492, 0.0)
(41.534695, 31.282919, 0.0)
(41.519905, 31.326538, 0.0)
(41.498669, 31.286850, 0.0)
(41.553570, 31.290133, 0.0)
(41.543762, 31.319347, 0.0)
(41.527660, 31.317284, 0.0)
(41.474468, 31.305128, 0.0)
(41.473366, 31.300039, 0.0)
(41.463104, 31.277782, 0.0)
(41.010994, 31.375566, 0.0)
(40.816502, 31.336954, 0.0)
(40.784748, 31.301952, 0.0)
(40.761883, 31.301569, 0.0)
(40.766823, 31.308739, 0.0)
(40.762894, 31.332293, 0.0)
(41.065357, 32.211327, 0.0)
(41.064823, 33.036812, 0.0)
(41.055981, 33.198734, 0.0)
(41.059021, 33.210899, 0.0)
(41.082375, 33.247440, 0.0)
(41.100159, 33.277763, 0.0)
(41.069389, 33.298103, 0.0)
(41.095184, 33.259926, 0.0)
(41.123657, 33.218693, 0.0)
(41.144257, 33.387360, 0.0)
(40.882687, 33.981159, 0.0)
(40.753078, 34.567215, 0.0)
(40.791042, 35.175697, 0.0)
(40.947025, 35.352303, 0.0)
(40.993931, 35.270550, 0.0)
(40.951504, 35.298046, 0.0)
(40.908642, 35.258610, 0.0)
(40.907005, 35.185555, 0.0)
(40.930660, 35.228237, 0.0)
(40.931000, 35.246120, 0.0)
(40.956932, 35.291653, 0.0)
(40.972698, 35.367298, 0.0)
(40.981014, 35.414913, 0.0)
(40.995335, 35.485889, 0.0)
(40.802177, 36.093071, 0.0)
(40.672134, 36.131012, 0.0)
(40.606689, 36.094673, 0.0)
(40.537670, 36.071445, 0.0)
(40.664516, 36.123707, 0.0)
(40.801956, 36.421635, 0.0)
(40.800636, 36.698643, 0.0)
(40.765125, 36.719093, 0.0)
(40.750050, 36.765148, 0.0)
(40.781021, 36.887337, 0.0)
(40.785183, 36.899418, 0.0)
(40.777336, 36.939861, 0.0)
(40.801701, 36.953781, 0.0)
(40.821297, 36.908714, 0.0)
(40.819092, 36.909039, 0.0)
(40.809715, 36.885704, 0.0)
(40.798584, 36.866310, 0.0)
(40.814671, 36.850651, 0.0)
(40.817719, 36.874962, 0.0)
(40.803562, 36.898865, 0.0)
(40.680233, 36.882664, 0.0)
(40.395821, 36.633659, 0.0)
(40.383499, 36.618103, 0.0)
(40.392639, 36.592701, 0.0)
(40.401562, 36.609192, 0.0)
(40.377304, 36.610111, 0.0)
(40.400864, 36.596382, 0.0)
(40.412758, 36.576130, 0.0)
(40.404434, 36.578564, 0.0)
(40.365723, 36.605522, 0.0)
(40.363522, 36.579849, 0.0)
(40.377426, 36.532909, 0.0)
(40.400486, 36.527924, 0.0)
(40.380871, 36.519283, 0.0)
(40.197178, 36.054646, 0.0)
(40.255760, 35.421066, 0.0)
(40.180119, 35.110313, 0.0)
(40.241108, 35.137196, 0.0)
(40.246216, 35.114075, 0.0)
(40.214573, 35.051689, 0.0)
(40.207222, 35.030060, 0.0)
(40.209839, 35.036785, 0.0)
(40.460434, 34.764458, 0.0)
(40.521339, 34.558765, 0.0)
(40.531532, 34.537319, 0.0)
(40.540592, 34.519264, 0.0)
(40.596752, 34.509541, 0.0)
(40.570328, 34.242924, 0.0)
(40.456242, 32.745159, 0.0)
(40.367496, 32.541538, 0.0)
(40.324562, 32.605034, 0.0)
(40.350563, 32.632381, 0.0)
(40.434406, 32.589294, 0.0)
(40.430862, 32.522690, 0.0)
(40.435337, 31.615229, 0.0)
(40.409889, 31.557310, 0.0)
(40.417904, 31.631748, 0.0)
(40.412758, 31.560440, 0.0)
(40.448692, 31.588179, 0.0)
(40.419926, 31.541531, 0.0)
(40.404881, 31.571966, 0.0)
(40.397076, 31.568722, 0.0)
(40.375366, 31.516630, 0.0)
(40.222404, 30.668295, 0.0)
(40.184475, 30.419189, 0.0)
(40.202423, 30.561729, 0.0)
(40.229458, 30.563768, 0.0)
(40.256763, 30.643435, 0.0)
(40.214104, 30.705877, 0.0)
(40.205299, 30.663736, 0.0)
(40.209557, 30.591566, 0.0)
(40.228920, 30.590210, 0.0)
(40.209557, 30.591566, 0.0)
(40.209557, 30.591566, 0.0)
(40.189632, 30.580088, 0.0)
(40.199539, 30.589842, 0.0)
(40.203419, 30.609163, 0.0)
(39.682098, 31.059652, 0.0)
(39.612431, 31.071144, 0.0)
(39.610241, 31.178108, 0.0)
(39.625877, 31.152962, 0.0)
(39.593815, 31.106527, 0.0)
(39.765030, 31.947521, 0.0)
(39.668800, 32.742695, 0.0)
(39.624611, 32.856293, 0.0)
(39.567749, 32.797100, 0.0)
(39.573612, 32.844715, 0.0)
(39.586472, 32.882740, 0.0)
(39.574802, 32.953205, 0.0)
(39.594501, 32.886154, 0.0)
(39.765434, 33.967445, 0.0)
(39.925877, 35.052307, 0.0)
(39.848560, 35.237915, 0.0)
(39.831142, 35.249008, 0.0)
(39.834194, 35.256550, 0.0)
(39.835457, 35.263298, 0.0)
(39.822788, 35.262745, 0.0)
(39.844250, 35.282413, 0.0)
(39.855831, 35.314766, 0.0)
(39.576633, 35.713818, 0.0)
(39.278431, 36.644585, 0.0)
(39.233498, 36.740276, 0.0)
(39.198811, 36.773426, 0.0)
(39.176403, 36.799774, 0.0)
(39.185837, 36.768379, 0.0)
(39.185024, 36.782612, 0.0)
(39.188030, 36.818100, 0.0)
(39.063034, 36.836124, 0.0)
(39.067318, 36.788185, 0.0)
(39.526142, 36.988125, 0.0)
(39.637379, 36.956341, 0.0)
(39.639954, 36.976715, 0.0)
(39.627399, 36.959858, 0.0)
(39.633469, 36.998924, 0.0)
(39.645119, 36.989094, 0.0)
(39.622437, 37.039841, 0.0)
(39.256943, 37.380726, 0.0)
(39.177692, 37.515614, 0.0)
(39.101280, 37.508450, 0.0)
(39.107533, 37.500202, 0.0)
(39.098137, 37.498489, 0.0)
(39.091679, 37.486416, 0.0)
(39.061203, 37.552036, 0.0)
(39.070530, 37.557003, 0.0)
(39.072483, 37.551743, 0.0)
(39.104271, 37.517876, 0.0)
(39.091648, 37.511497, 0.0)
(39.098839, 37.475838, 0.0)
(39.119400, 37.347450, 0.0)
(39.095337, 37.260674, 0.0)
(38.720108, 35.991356, 0.0)
(38.799538, 35.200520, 0.0)
(38.775501, 35.029732, 0.0)
(38.790985, 34.970776, 0.0)
(38.778568, 35.031414, 0.0)
(38.770073, 35.010887, 0.0)
(38.783485, 35.004837, 0.0)
(38.774067, 35.022026, 0.0)
(38.723995, 35.014732, 0.0)
(38.733082, 35.039715, 0.0)
(38.735645, 34.973995, 0.0)
(38.782387, 34.967873, 0.0)
(39.038052, 34.140583, 0.0)
(39.073345, 33.775265, 0.0)
(39.105305, 33.832775, 0.0)
(39.134212, 33.874901, 0.0)
(39.196358, 33.920746, 0.0)
(39.149742, 33.841663, 0.0)
(39.178024, 33.840431, 0.0)
(39.170074, 33.809303, 0.0)
(38.732731, 32.964306, 0.0)
(38.711922, 32.174068, 0.0)
(38.729290, 32.159054, 0.0)
(38.741932, 32.210064, 0.0)
(38.730869, 32.215729, 0.0)
(38.817688, 32.279388, 0.0)
(38.831406, 32.283382, 0.0)
(38.811237, 32.084633, 0.0)
(38.907959, 31.146667, 0.0)
(38.901733, 31.014744, 0.0)
(38.951496, 31.016722, 0.0)
(38.934669, 31.032635, 0.0)
(38.943764, 31.097660, 0.0)
(38.941093, 31.057562, 0.0)
(38.731998, 30.937120, 0.0)
(38.259785, 30.664009, 0.0)
(38.249245, 30.657633, 0.0)
(38.236935, 30.677895, 0.0)
(38.256176, 30.633621, 0.0)
(38.272869, 30.624664, 0.0)
(38.258511, 30.640354, 0.0)
(38.263004, 30.651922, 0.0)
(38.247437, 30.666826, 0.0)
(38.287613, 30.717506, 0.0)
(38.301350, 30.702328, 0.0)
(38.306904, 30.723507, 0.0)
(38.124496, 30.678314, 0.0)
(37.382866, 34.034687, 0.0)
(37.328907, 33.582970, 0.0)
(37.428802, 33.590073, 0.0)
(38.122463, 36.185658, 0.0)
(38.113079, 35.828960, 0.0)
(38.108662, 35.678707, 0.0)
(38.117260, 35.644279, 0.0)
(38.116253, 35.583183, 0.0)
(38.131653, 35.513508, 0.0)
(38.128212, 35.546349, 0.0)
(38.128094, 35.600410, 0.0)
(38.139439, 35.632919, 0.0)
(38.163239, 35.622154, 0.0)
(38.176769, 35.721764, 0.0)
(38.171535, 35.711849, 0.0)
(38.128582, 35.793617, 0.0)
(38.134457, 35.784927, 0.0)
(38.239628, 35.925575, 0.0)
(38.524696, 36.971035, 0.0)
(38.500278, 37.173347, 0.0)
(38.440304, 37.191647, 0.0)
(38.424362, 37.227268, 0.0)
(38.434841, 37.254730, 0.0)
(38.426838, 37.293915, 0.0)
(38.446964, 37.273129, 0.0)
(38.418705, 37.284554, 0.0)
(37.985546, 37.360149, 0.0)
(37.956493, 37.308502, 0.0)
(37.991142, 37.323875, 0.0)
(37.991364, 37.371326, 0.0)
(37.998867, 37.392460, 0.0)
(37.987572, 37.401733, 0.0)
(38.008747, 37.507690, 0.0)
(38.003300, 37.564972, 0.0)
(37.854507, 37.856220, 0.0)
(37.786995, 38.024055, 0.0)
(37.795345, 37.952374, 0.0)
(37.805626, 37.925335, 0.0)
(37.786476, 38.023720, 0.0)
(37.766273, 38.023438, 0.0)
(37.761215, 38.048409, 0.0)
(37.748379, 38.105171, 0.0)
(37.771690, 38.091618, 0.0)
(37.411655, 37.567566, 0.0)
(37.304535, 37.299347, 0.0)
(37.299000, 37.035072, 0.0)
(37.206268, 36.943939, 0.0)
(37.187271, 36.881187, 0.0)
(37.227955, 36.790031, 0.0)
(37.307915, 36.669365, 0.0)
(37.397865, 36.422646, 0.0)
(37.633900, 35.897373, 0.0)
(37.663002, 35.586815, 0.0)
(37.665733, 35.492001, 0.0)
(37.659908, 35.396786, 0.0)
(37.642006, 35.334953, 0.0)
(37.629070, 35.178654, 0.0)
(37.654499, 35.177715, 0.0)
(37.413235, 34.419914, 0.0)
(37.268410, 33.558975, 0.0)
(37.215675, 33.387344, 0.0)
(37.204674, 33.452538, 0.0)
(37.212017, 33.454132, 0.0)
(37.237175, 33.411335, 0.0)
(37.239853, 33.451473, 0.0)
(37.236271, 33.414776, 0.0)
(37.242496, 33.364735, 0.0)
(37.254677, 33.346169, 0.0)
(37.364162, 31.954399, 0.0)
(37.376179, 31.372017, 0.0)
(37.386208, 31.472883, 0.0)
(37.394928, 31.525167, 0.0)
(37.384838, 31.528206, 0.0)
(37.351959, 31.545757, 0.0)
(37.312416, 31.533386, 0.0)
(37.279282, 31.508759, 0.0)
(37.322105, 31.498455, 0.0)
(36.954872, 31.052631, 0.0)
(36.832634, 30.791866, 0.0)
(36.847767, 30.782749, 0.0)
(36.878559, 30.799791, 0.0)
(36.868675, 30.834389, 0.0)
(36.872581, 30.858538, 0.0)
(36.870209, 30.870359, 0.0)
(36.860420, 30.901518, 0.0)
(36.746181, 30.872311, 0.0)
(36.644875, 30.689737, 0.0)
(36.657574, 30.691555, 0.0)
(36.666805, 30.690109, 0.0)
(36.669701, 30.708237, 0.0)
(36.662899, 30.728657, 0.0)
(36.660107, 30.749826, 0.0)
(36.664417, 30.734537, 0.0)
(36.697521, 30.770332, 0.0)
(36.688957, 30.739626, 0.0)
(36.673378, 30.766977, 0.0)
(36.651001, 30.745893, 0.0)
(36.650059, 30.681553, 0.0)
(36.528278, 31.025251, 0.0)
(36.581448, 32.093822, 0.0)
(36.521278, 33.047695, 0.0)
(36.524349, 33.282642, 0.0)
(36.492104, 33.286213, 0.0)
(36.482597, 33.276001, 0.0)
(36.481247, 33.281815, 0.0)
(36.460258, 33.313461, 0.0)
(36.455215, 33.365170, 0.0)
(36.468128, 33.363312, 0.0)
(36.557659, 33.431183, 0.0)
(36.562267, 33.467545, 0.0)
(36.534897, 33.493454, 0.0)
(36.484966, 33.577602, 0.0)
(36.483490, 33.624790, 0.0)
(36.506027, 33.615383, 0.0)
(36.615749, 33.819096, 0.0)
(36.428642, 36.016079, 0.0)
(36.587650, 37.722874, 0.0)
(36.619205, 38.553646, 0.0)
(36.492668, 38.564766, 0.0)
(36.468964, 38.545658, 0.0)
(36.461605, 38.621498, 0.0)
(36.417431, 38.664989, 0.0)
(36.521549, 38.827309, 0.0)
(36.951870, 38.938305, 0.0)
(37.009106, 38.938251, 0.0)
(37.015587, 38.920742, 0.0)
(37.048382, 38.870388, 0.0)
(37.077423, 38.861217, 0.0)
(37.068272, 38.855297, 0.0)
(37.089336, 38.912895, 0.0)
(37.088627, 38.849720, 0.0)
(37.096375, 38.829269, 0.0)
(37.077171, 38.802643, 0.0)
(37.056725, 38.826443, 0.0)
(36.920887, 38.402912, 0.0)
(37.028072, 37.336014, 0.0)
(36.900364, 37.084446, 0.0)
(36.849445, 36.874008, 0.0)
(36.825443, 36.719273, 0.0)
(36.822121, 36.683254, 0.0)
(36.806198, 36.692055, 0.0)
(36.821507, 36.707321, 0.0)
(36.783451, 36.626160, 0.0)
(36.757912, 36.566677, 0.0)
(36.780457, 36.568848, 0.0)
(36.772682, 36.484406, 0.0)
(36.740692, 36.496601, 0.0)
(36.552727, 36.444172, 0.0)
(35.799347, 35.910072, 0.0)
(35.746716, 35.754871, 0.0)
(35.781815, 35.703712, 0.0)
(35.776493, 35.730038, 0.0)
(35.777954, 35.725079, 0.0)
(35.781330, 35.746449, 0.0)
(35.796791, 35.716129, 0.0)
(35.784962, 35.740887, 0.0)
(35.748432, 35.744267, 0.0)
(35.902477, 35.454060, 0.0)
(36.100983, 33.472294, 0.0)
(35.920597, 31.817793, 0.0)
(35.902954, 31.476713, 0.0)
(35.996075, 31.533447, 0.0)
(35.942322, 31.095976, 0.0)
(35.911835, 31.049196, 0.0)
(35.894630, 31.068937, 0.0)
(35.866375, 31.040833, 0.0)
(35.871346, 31.005682, 0.0)
(35.899574, 30.990929, 0.0)
(35.904446, 30.968006, 0.0)
(35.900715, 30.965263, 0.0)
(35.894196, 30.946190, 0.0)
(35.882195, 30.928850, 0.0)
(35.688107, 30.733322, 0.0)
(35.650536, 30.694799, 0.0)
(35.659359, 30.776037, 0.0)
(35.586624, 30.806038, 0.0)
(35.590843, 30.822346, 0.0)
(35.551361, 30.814960, 0.0)
(35.525234, 30.840427, 0.0)
(35.490570, 30.842484, 0.0)
(35.480167, 30.874802, 0.0)
(35.455151, 30.845011, 0.0)
(35.463863, 30.823189, 0.0)
(35.494148, 30.856785, 0.0)
(35.479698, 30.854763, 0.0)
(35.460957, 30.873508, 0.0)
(35.388641, 30.882841, 0.0)
(35.386654, 30.888081, 0.0)
(35.388641, 30.882841, 0.0)
(35.386654, 30.888081, 0.0)
(35.386654, 30.888081, 0.0)
(35.378609, 30.880669, 0.0)
(35.380634, 30.871836, 0.0)
(35.401249, 30.860800, 0.0)
(35.392361, 30.844593, 0.0)
(35.398384, 30.838369, 0.0)
(35.441582, 30.807522, 0.0)
(35.449036, 30.767229, 0.0)
(35.436848, 30.733135, 0.0)
(34.864326, 30.759560, 0.0)
(34.687630, 30.727385, 0.0)
(34.737057, 30.677719, 0.0)
(34.721664, 30.724295, 0.0)
(34.709751, 30.753593, 0.0)
(34.718006, 30.767706, 0.0)
(34.723831, 31.294359, 0.0)
(34.884472, 33.039410, 0.0)
(34.858532, 33.964779, 0.0)
(34.837536, 33.979706, 0.0)
(34.763454, 33.986015, 0.0)
(34.708969, 33.989285, 0.0)
(34.716076, 34.026917, 0.0)
(34.681202, 33.977047, 0.0)
(34.802582, 34.183311, 0.0)
(35.274139, 36.296284, 0.0)
(35.548805, 38.053425, 0.0)
(35.490932, 38.718479, 0.0)
(35.401844, 38.762753, 0.0)
(35.380859, 38.770939, 0.0)
(35.260242, 38.880733, 0.0)
(35.292618, 38.787682, 0.0)
(35.280392, 38.858131, 0.0)
(35.277508, 38.874695, 0.0)
(35.267933, 38.940411, 0.0)
(35.233112, 38.975365, 0.0)
(35.165913, 39.035152, 0.0)
(35.166630, 39.110306, 0.0)
(35.158035, 39.135113, 0.0)
(35.178139, 39.159149, 0.0)
(35.145462, 39.223328, 0.0)
(35.126766, 39.405602, 0.0)
(35.165787, 40.038589, 0.0)
(35.215126, 40.158855, 0.0)
(35.142776, 40.115700, 0.0)
(35.119728, 40.095676, 0.0)
(35.124691, 40.002197, 0.0)
(35.072464, 40.015163, 0.0)
(35.030628, 39.998623, 0.0)
(35.073467, 39.984535, 0.0)
(35.024345, 39.989670, 0.0)
(34.952126, 39.872635, 0.0)
(34.899414, 39.866570, 0.0)
(34.899471, 39.784275, 0.0)
(34.922611, 39.813877, 0.0)
(34.926003, 39.844978, 0.0)
(34.865108, 39.843506, 0.0)
(34.870781, 39.863220, 0.0)
(34.862583, 39.786789, 0.0)
(34.872635, 39.767780, 0.0)
(34.942753, 39.726952, 0.0)
(34.914455, 39.699146, 0.0)
(34.867214, 39.672440, 0.0)
(34.817558, 39.620567, 0.0)
(0.000000, 0.000000, 1.0)
(33.636475, 33.898979, 0.0)
(33.949715, 32.153519, 0.0)
(33.898262, 31.481928, 0.0)
(33.919075, 31.480972, 0.0)
(33.926628, 31.508505, 0.0)
(33.908451, 31.509771, 0.0)
(33.668037, 31.272070, 0.0)
(33.552254, 31.057699, 0.0)
(33.543575, 31.006321, 0.0)
(33.580025, 31.008492, 0.0)
(33.595711, 30.988993, 0.0)
(33.160988, 30.934731, 0.0)
(33.087502, 30.856764, 0.0)
(33.096642, 30.845257, 0.0)
(33.072430, 30.808294, 0.0)
(33.075043, 30.788836, 0.0)
(33.069172, 30.833069, 0.0)
(33.043053, 30.866367, 0.0)
(33.032757, 30.865696, 0.0)
(33.052334, 30.872349, 0.0)
(33.052334, 30.872349, 0.0)
(33.064934, 30.863268, 0.0)
(33.057453, 30.871565, 0.0)
(33.063892, 30.876062, 0.0)
(33.057331, 30.884394, 0.0)
(33.064888, 30.893642, 0.0)
(33.061005, 30.875404, 0.0)
(32.947685, 30.879948, 0.0)
(33.187748, 30.804468, 0.0)
(33.414036, 30.731596, 0.0)
(33.462048, 30.727959, 0.0)
(33.437729, 30.759501, 0.0)
(33.412704, 30.756756, 0.0)
(33.412273, 30.787680, 0.0)
(33.417629, 30.787500, 0.0)
(33.416668, 30.765392, 0.0)
(33.397320, 30.780680, 0.0)
(33.372738, 30.795040, 0.0)
(33.332657, 30.794182, 0.0)
(33.312294, 30.795841, 0.0)
(33.316223, 30.795841, 0.0)
(33.334637, 30.774912, 0.0)
(33.313438, 30.806917, 0.0)
(33.340599, 30.840967, 0.0)
(33.341663, 30.852858, 0.0)
(33.355030, 30.858871, 0.0)
(33.369423, 30.845007, 0.0)
(33.313549, 30.824411, 0.0)
(33.296963, 30.823931, 0.0)
(33.280289, 30.798674, 0.0)
(32.756824, 30.997440, 0.0)
(32.688385, 31.046154, 0.0)
(32.665550, 31.051273, 0.0)
(32.635441, 31.100088, 0.0)
(32.643349, 31.109158, 0.0)
(32.697495, 31.158974, 0.0)
(32.980659, 32.635826, 0.0)
(32.892307, 32.916859, 0.0)
(32.815079, 32.940704, 0.0)
(32.792511, 32.919556, 0.0)
(32.804329, 32.934727, 0.0)
(32.836639, 32.923603, 0.0)
(32.808380, 32.910267, 0.0)
(32.828308, 33.280952, 0.0)
(33.175022, 34.899368, 0.0)
(33.044487, 35.206303, 0.0)
(32.936279, 35.211918, 0.0)
(32.987141, 35.205441, 0.0)
(32.996140, 35.190186, 0.0)
(32.993340, 35.220345, 0.0)
(32.988850, 35.201218, 0.0)
(32.964516, 35.276947, 0.0)
(32.960712, 35.294247, 0.0)
(32.936970, 35.304203, 0.0)
(32.938217, 35.337894, 0.0)
(32.924576, 35.290726, 0.0)
(33.277981, 36.114594, 0.0)
(33.517429, 37.839153, 0.0)
(33.547535, 38.579582, 0.0)
(33.425259, 38.681828, 0.0)
(33.423798, 38.692757, 0.0)
(33.395824, 38.696716, 0.0)
(33.374809, 38.811741, 0.0)
(33.371265, 38.850880, 0.0)
(33.394585, 38.856274, 0.0)
(33.372730, 38.985188, 0.0)
(33.354454, 39.011604, 0.0)
(33.305546, 39.151897, 0.0)
(33.310505, 39.138035, 0.0)
(33.305950, 39.236225, 0.0)
(33.271759, 39.190285, 0.0)
(33.280212, 39.297710, 0.0)
(33.241375, 39.393948, 0.0)
(33.244106, 39.446712, 0.0)
(33.271549, 39.497456, 0.0)
(33.273975, 39.568886, 0.0)
(33.290127, 39.645588, 0.0)
(33.294083, 39.663082, 0.0)
(33.269054, 39.754089, 0.0)
(33.248554, 39.764183, 0.0)
(33.237938, 39.704041, 0.0)
(33.213161, 39.753601, 0.0)
(33.220737, 39.754089, 0.0)
(33.196594, 39.738361, 0.0)
(31.624073, 34.727242, 0.0)
(31.989613, 32.684505, 0.0)
(32.033787, 32.003811, 0.0)
(32.069000, 32.057873, 0.0)
(32.012718, 32.083462, 0.0)
(31.988556, 31.862516, 0.0)
(31.958132, 31.799583, 0.0)
(31.952307, 31.780863, 0.0)
(31.927357, 31.808895, 0.0)
(31.867573, 31.814322, 0.0)
(31.866016, 31.837549, 0.0)
(31.921757, 31.815006, 0.0)
(31.951036, 31.824694, 0.0)
(31.893902, 31.828438, 0.0)
(31.840082, 31.842196, 0.0)
(31.654472, 31.658028, 0.0)
(31.587721, 31.527384, 0.0)
(31.592569, 31.528524, 0.0)
(31.587721, 31.527384, 0.0)
(31.577616, 31.533661, 0.0)
(31.572863, 31.531984, 0.0)
(31.575920, 31.542078, 0.0)
(31.573393, 31.541626, 0.0)
(31.568670, 31.543701, 0.0)
(31.488537, 31.567717, 0.0)
(31.495270, 31.545774, 0.0)
(31.535116, 31.509327, 0.0)
(31.551548, 31.492924, 0.0)
(31.551548, 31.492924, 0.0)
(31.544121, 31.502790, 0.0)
(31.530085, 31.511463, 0.0)
(31.544310, 31.510408, 0.0)
(31.538778, 31.554247, 0.0)
(31.514803, 31.576336, 0.0)
(31.552553, 31.556072, 0.0)
(31.563086, 31.542175, 0.0)
(31.583717, 31.456907, 0.0)
(31.593676, 31.420034, 0.0)
(31.568920, 31.384356, 0.0)
(31.535597, 31.355162, 0.0)
(31.548109, 31.383057, 0.0)
(31.573528, 31.381289, 0.0)
(31.578953, 31.410246, 0.0)
(31.606842, 31.448397, 0.0)
(31.585035, 31.477236, 0.0)
(31.593212, 31.469061, 0.0)
(31.600657, 31.471041, 0.0)
(31.044502, 31.677763, 0.0)
(30.952587, 31.691427, 0.0)
(30.923601, 31.705406, 0.0)
(30.943922, 31.701063, 0.0)
(30.952074, 31.695841, 0.0)
(30.989830, 31.689739, 0.0)
(30.948133, 31.708139, 0.0)
(30.905855, 31.703098, 0.0)
(30.736641, 33.232716, 0.0)
(30.472744, 33.277714, 0.0)
(30.598368, 32.710396, 0.0)
(30.585495, 32.540752, 0.0)
(30.572599, 32.494755, 0.0)
(30.511499, 32.537495, 0.0)
(30.527824, 32.500393, 0.0)
(30.787651, 33.016670, 0.0)
(31.362207, 35.206573, 0.0)
(31.538139, 36.282021, 0.0)
(31.398079, 36.323795, 0.0)
(31.275227, 36.383102, 0.0)
(31.239471, 36.400002, 0.0)
(31.254301, 36.370335, 0.0)
(31.213652, 36.425682, 0.0)
(31.244801, 36.449951, 0.0)
(31.270155, 36.472065, 0.0)
(31.269161, 36.510468, 0.0)
(31.283749, 36.546928, 0.0)
(31.323769, 36.587185, 0.0)
(31.356415, 36.679039, 0.0)
(31.344164, 36.754879, 0.0)
(31.363920, 36.849487, 0.0)
(31.355646, 36.865059, 0.0)
(31.365768, 36.997341, 0.0)
(31.474585, 37.210938, 0.0)
(31.491560, 37.222885, 0.0)
(31.492319, 37.202080, 0.0)
(31.465916, 37.182884, 0.0)
(31.421467, 37.167191, 0.0)
(31.398920, 37.193642, 0.0)
(31.324947, 37.183540, 0.0)
(30.941925, 36.576061, 0.0)
(30.783484, 36.305172, 0.0)
(30.751068, 36.164135, 0.0)
(30.704313, 36.099804, 0.0)
(30.755980, 36.132328, 0.0)
(30.771263, 36.050350, 0.0)
(30.753191, 36.063358, 0.0)
(30.754873, 36.086479, 0.0)
(30.744617, 36.059475, 0.0)
(30.756208, 36.021057, 0.0)
(30.686768, 36.063202, 0.0)
(30.645636, 36.018982, 0.0)
(30.682884, 35.916492, 0.0)
(30.715563, 35.868305, 0.0)
(30.714359, 35.855598, 0.0)
(30.702427, 35.827282, 0.0)
(30.659588, 35.852642, 0.0)
(30.369440, 36.405796, 0.0)
(30.238857, 36.591698, 0.0)
(30.222185, 36.676476, 0.0)
(30.207022, 36.679157, 0.0)
(30.202477, 36.693626, 0.0)
(30.231649, 36.683552, 0.0)
(30.227278, 36.706196, 0.0)
(30.219570, 36.773090, 0.0)
(30.207888, 36.786861, 0.0)
(30.197109, 36.823036, 0.0)
(30.171024, 36.793430, 0.0)
(30.171024, 36.793430, 0.0)
(30.271582, 36.394901, 0.0)
(30.294155, 36.107857, 0.0)
(30.309578, 35.951874, 0.0)
(30.294909, 35.968102, 0.0)
(30.290302, 35.878632, 0.0)
(30.239023, 35.859882, 0.0)
(30.163080, 35.805347, 0.0)
(30.162033, 35.755692, 0.0)
(30.134586, 34.968891, 0.0)
(30.037287, 33.661106, 0.0)
(29.874659, 32.640354, 0.0)
(29.701370, 32.623222, 0.0)
(29.696175, 32.668858, 0.0)
(29.703720, 32.680126, 0.0)
(29.703970, 32.717747, 0.0)
(29.706285, 32.745327, 0.0)
(29.710653, 32.728935, 0.0)
(29.889313, 32.496437, 0.0)
(29.994463, 32.190823, 0.0)
(29.959677, 32.175900, 0.0)
(29.940187, 32.185848, 0.0)
(29.896795, 32.135944, 0.0)
(29.988184, 32.163559, 0.0)
(29.990335, 32.165375, 0.0)
(29.986189, 32.169910, 0.0)
(29.959986, 32.168106, 0.0)
(29.718267, 32.212997, 0.0)
(29.527538, 32.128403, 0.0)
(29.509710, 32.144630, 0.0)
(29.487547, 32.186035, 0.0)
(29.450468, 32.224602, 0.0)
(29.445879, 32.228168, 0.0)
(29.457712, 32.200779, 0.0)
(29.474998, 32.167450, 0.0)
(29.464882, 32.181526, 0.0)
(29.449215, 32.180222, 0.0)
(29.447647, 32.186680, 0.0)
(29.455929, 32.190483, 0.0)
(29.287218, 32.819668, 0.0)
(29.036665, 34.342251, 0.0)
(29.043083, 35.611584, 0.0)
(29.139742, 35.855072, 0.0)
(29.118151, 35.730709, 0.0)
(29.086977, 35.768234, 0.0)
(29.027437, 35.806221, 0.0)
(28.999483, 35.817886, 0.0)
(28.978025, 35.864719, 0.0)
(28.971098, 35.873795, 0.0)
(28.969133, 35.901459, 0.0)
(28.947578, 35.893368, 0.0)
(29.399479, 36.181107, 0.0)
(29.598383, 36.821014, 0.0)
(29.567371, 36.911308, 0.0)
(29.595749, 36.838711, 0.0)
(29.563908, 36.855667, 0.0)
(29.521463, 36.837967, 0.0)
(29.507738, 36.914822, 0.0)
(29.475666, 36.918453, 0.0)
(29.492485, 36.943588, 0.0)
(29.529959, 37.336834, 0.0)
(29.720558, 38.727211, 0.0)
(29.719067, 39.082928, 0.0)
(29.640697, 39.058044, 0.0)
(29.638899, 39.080544, 0.0)
(29.589584, 39.159657, 0.0)
(29.891035, 39.002907, 0.0)
(30.055828, 39.015144, 0.0)
(30.056225, 38.946491, 0.0)
(30.055645, 39.013470, 0.0)
(30.034550, 39.029324, 0.0)
(30.006584, 39.136051, 0.0)
(29.736586, 39.127697, 0.0)
(29.701931, 39.092026, 0.0)
(29.721994, 39.048630, 0.0)
(29.725599, 39.106197, 0.0)
(29.721062, 39.132675, 0.0)
(29.703671, 39.135830, 0.0)
(29.732435, 39.107105, 0.0)
(29.729210, 39.166637, 0.0)
(29.765615, 39.176582, 0.0)
(29.779518, 39.264297, 0.0)
(29.788298, 39.282700, 0.0)
(29.822060, 39.283688, 0.0)
(29.864388, 39.248108, 0.0)
(29.847004, 39.318089, 0.0)
(29.825451, 39.321838, 0.0)
(29.833902, 39.313892, 0.0)
(29.853914, 39.356083, 0.0)
(29.856264, 39.337170, 0.0)
(29.864540, 39.337646, 0.0)
(29.851934, 39.398815, 0.0)
(29.749592, 39.372337, 0.0)
(29.368986, 39.122803, 0.0)
(29.108007, 38.973900, 0.0)
(29.048977, 38.826836, 0.0)
(29.025391, 38.717266, 0.0)
(28.987679, 38.692574, 0.0)
(29.145895, 38.301537, 0.0)
(29.219593, 37.510609, 0.0)
(29.242289, 37.313854, 0.0)
(29.284288, 37.229298, 0.0)
(29.275957, 37.204559, 0.0)
(28.935661, 36.802681, 0.0)
(28.755827, 36.507763, 0.0)
(28.728550, 36.355690, 0.0)
(28.715141, 36.265312, 0.0)
(28.721104, 36.232338, 0.0)
(28.735371, 36.199326, 0.0)
(28.722282, 36.199547, 0.0)
(28.735867, 36.165131, 0.0)
(28.681822, 36.238758, 0.0)
(28.685997, 36.236862, 0.0)
(28.673185, 36.214497, 0.0)
(28.665613, 36.193657, 0.0)
(28.667904, 36.068748, 0.0)
(28.718063, 36.010628, 0.0)
(28.738569, 35.952972, 0.0)
(28.700304, 35.960888, 0.0)
(28.556934, 34.514549, 0.0)
(28.542221, 32.939053, 0.0)
(28.533079, 32.956154, 0.0)
(28.547899, 33.098564, 0.0)
(28.578247, 33.118114, 0.0)
(28.587515, 33.063114, 0.0)
(28.612926, 32.637764, 0.0)
(28.582582, 32.637577, 0.0)
(28.557755, 32.687450, 0.0)
(28.537756, 32.679169, 0.0)
(28.528618, 32.693817, 0.0)
(28.534060, 32.714329, 0.0)
(28.574034, 32.705326, 0.0)
(28.566973, 32.717262, 0.0)
(28.569983, 32.729195, 0.0)
(28.577820, 32.763020, 0.0)
(28.588545, 32.806713, 0.0)
(28.584641, 32.824726, 0.0)
(28.581057, 32.811932, 0.0)
(28.594797, 32.828735, 0.0)
(28.571817, 32.839821, 0.0)
(28.563452, 32.830898, 0.0)
(28.529821, 32.811859, 0.0)
(27.947805, 33.360077, 0.0)
(27.844061, 33.400284, 0.0)
(27.921846, 33.339607, 0.0)
(27.928347, 33.327202, 0.0)
(27.843161, 33.383076, 0.0)
(27.843569, 33.368782, 0.0)
(27.818659, 33.364017, 0.0)
(27.829105, 34.096485, 0.0)
(28.064045, 35.939899, 0.0)
(28.077709, 36.458992, 0.0)
(28.043482, 36.486336, 0.0)
(28.011751, 36.514324, 0.0)
(28.004557, 36.529140, 0.0)
(27.999495, 36.602806, 0.0)
(27.962727, 36.572800, 0.0)
(27.940292, 36.503922, 0.0)
(28.008343, 37.342426, 0.0)
(28.003250, 38.215874, 0.0)
(28.214230, 38.476997, 0.0)
(28.428158, 38.589561, 0.0)
(28.436893, 38.881069, 0.0)
(28.372116, 38.932281, 0.0)
(28.336315, 38.960247, 0.0)
(28.355835, 38.979401, 0.0)
(28.360783, 39.021973, 0.0)
(29.095005, 39.967915, 0.0)
(29.173397, 40.368149, 0.0)
(29.186449, 40.475750, 0.0)
(29.135183, 40.455250, 0.0)
(29.148951, 40.546795, 0.0)
(29.154129, 40.642735, 0.0)
(29.114450, 40.648205, 0.0)
(29.126974, 40.652664, 0.0)
(29.146885, 40.641800, 0.0)
(29.244371, 40.705055, 0.0)
(29.225433, 40.707619, 0.0)
(29.220072, 40.778297, 0.0)
(29.257803, 40.741539, 0.0)
(29.247520, 40.746422, 0.0)
(29.230001, 40.768547, 0.0)
(29.113514, 40.799843, 0.0)
(29.160482, 40.787003, 0.0)
(29.169662, 40.804020, 0.0)
(29.142174, 40.865944, 0.0)
(29.189201, 40.933861, 0.0)
(29.201490, 40.905895, 0.0)
(29.213453, 40.904266, 0.0)
(29.192120, 40.931019, 0.0)
(29.163279, 40.931679, 0.0)
(29.182440, 40.929398, 0.0)
(29.174389, 40.962421, 0.0)
(29.201351, 40.994503, 0.0)
(29.190872, 41.040970, 0.0)
(29.234734, 41.109066, 0.0)
(29.237219, 41.129513, 0.0)
(29.299734, 41.195507, 0.0)
(29.188841, 41.229103, 0.0)
(28.476028, 40.484161, 0.0)
(28.371588, 40.071255, 0.0)
(28.317347, 39.976330, 0.0)
(28.278633, 39.744610, 0.0)
(28.276451, 39.612743, 0.0)
(28.257446, 39.442566, 0.0)
(28.157717, 39.316532, 0.0)
(28.156837, 39.198364, 0.0)
(28.136950, 39.149426, 0.0)
(27.746069, 38.535194, 0.0)
(27.691536, 37.845200, 0.0)
(27.621229, 37.681232, 0.0)
(27.634228, 37.617996, 0.0)
(27.568607, 37.565884, 0.0)
(27.554770, 37.530140, 0.0)
(27.590620, 37.458176, 0.0)
(27.583153, 37.435726, 0.0)
(27.686659, 36.760738, 0.0)
(27.800291, 36.648132, 0.0)
(27.551279, 34.849194, 0.0)
(27.611992, 33.688694, 0.0)
(27.736259, 33.270638, 0.0)
(27.691437, 33.294521, 0.0)
(27.499775, 33.471027, 0.0)
(27.515379, 33.443806, 0.0)
(27.519754, 33.443741, 0.0)
(27.549812, 33.462944, 0.0)
(27.561079, 33.506214, 0.0)
(27.528963, 33.512455, 0.0)
(27.533503, 33.504444, 0.0)
(27.609921, 33.462532, 0.0)
(27.620361, 33.440197, 0.0)
(27.567099, 33.456367, 0.0)
(27.509163, 33.507629, 0.0)
(27.226040, 33.508919, 0.0)
(27.207218, 33.536041, 0.0)
(27.180584, 33.578922, 0.0)
(27.177874, 33.584938, 0.0)
(27.182980, 33.584488, 0.0)
(27.198042, 33.549442, 0.0)
(27.185783, 33.534393, 0.0)
(27.189991, 33.480968, 0.0)
(27.178370, 33.451958, 0.0)
(27.155973, 33.392498, 0.0)
(27.109037, 33.343468, 0.0)
(27.103838, 33.369167, 0.0)
(27.052023, 33.440605, 0.0)
(27.068426, 33.494682, 0.0)
(27.085421, 33.494019, 0.0)
(27.112791, 33.543968, 0.0)
(27.136305, 33.587097, 0.0)
(27.081192, 33.801182, 0.0)
(26.976923, 35.139385, 0.0)
(26.901711, 35.642391, 0.0)
(26.861082, 35.622112, 0.0)
(26.803709, 35.667229, 0.0)
(26.796774, 35.719196, 0.0)
(26.805016, 35.740883, 0.0)
(26.830339, 35.762772, 0.0)
(26.917515, 35.986664, 0.0)
(26.887913, 36.154076, 0.0)
(26.743380, 37.603340, 0.0)
(26.668148, 38.344105, 0.0)
(26.795830, 38.175217, 0.0)
(26.977713, 37.892998, 0.0)
(27.253963, 37.922371, 0.0)
(27.248652, 37.981644, 0.0)
(27.157928, 38.042847, 0.0)
(27.149858, 38.080101, 0.0)
(27.160049, 38.097855, 0.0)
(27.168003, 38.136974, 0.0)
(27.160553, 38.171932, 0.0)
(27.438667, 38.400002, 0.0)
(27.626728, 38.583973, 0.0)
(27.619427, 38.617226, 0.0)
(27.601038, 38.726181, 0.0)
(27.598450, 38.775066, 0.0)
(27.466654, 39.246025, 0.0)
(27.471518, 39.333832, 0.0)
(27.475801, 39.307400, 0.0)
(27.436106, 39.444118, 0.0)
(27.458693, 39.386135, 0.0)
(27.774651, 39.812466, 0.0)
(28.003214, 40.331150, 0.0)
(27.964417, 40.343464, 0.0)
(28.010658, 40.453030, 0.0)
(27.901747, 40.464478, 0.0)
(27.942255, 40.577038, 0.0)
(27.991365, 40.620937, 0.0)
(28.033609, 40.662331, 0.0)
(28.046482, 40.703568, 0.0)
(28.057375, 40.737812, 0.0)
(28.066183, 40.736507, 0.0)
(28.052389, 40.797352, 0.0)
(28.041811, 40.804146, 0.0)
(28.076616, 40.832432, 0.0)
(28.087788, 40.915447, 0.0)
(28.246149, 41.040558, 0.0)
(28.241703, 41.121723, 0.0)
(28.209240, 41.073486, 0.0)
(28.209723, 41.102734, 0.0)
(28.248915, 41.089275, 0.0)
(28.243732, 41.048855, 0.0)
(28.229435, 41.051498, 0.0)
(28.237877, 41.048687, 0.0)
(28.234871, 41.034626, 0.0)
(28.225237, 41.097485, 0.0)
(28.231215, 41.185486, 0.0)
(28.234077, 41.216118, 0.0)
(28.251902, 41.264336, 0.0)
(28.282299, 41.251331, 0.0)
(28.308771, 41.263763, 0.0)
(28.281246, 41.353848, 0.0)
(28.278210, 41.332664, 0.0)
(28.253250, 41.334202, 0.0)
(28.222237, 41.393810, 0.0)
(28.189856, 41.424919, 0.0)
(28.215307, 41.385269, 0.0)
(28.228550, 41.412266, 0.0)
(28.260405, 41.436680, 0.0)
(28.227482, 41.496792, 0.0)
