(35.094006, 28.566448, 0.0)
(34.924667, 28.646658, 0.0)
(35.634583, 28.582962, 0.0)
(35.626736, 27.274523, 0.0)
(35.622513, 26.586235, 0.0)
(35.625523, 26.207239, 0.0)
(35.651665, 26.177641, 0.0)
(35.592392, 26.139179, 0.0)
(35.606236, 26.248640, 0.0)
(35.593483, 26.276443, 0.0)
(35.609951, 26.281336, 0.0)
(35.613579, 26.257938, 0.0)
(35.576191, 26.195013, 0.0)
(35.563354, 26.109505, 0.0)
(35.559772, 26.109489, 0.0)
(35.519325, 26.115734, 0.0)
(35.509125, 26.147133, 0.0)
(35.527683, 26.109535, 0.0)
(35.553421, 26.072182, 0.0)
(35.574177, 26.043644, 0.0)
(35.614342, 26.034439, 0.0)
(35.617676, 26.033009, 0.0)
(35.605961, 25.999134, 0.0)
(35.613411, 25.985361, 0.0)
(35.628227, 25.979883, 0.0)
(35.633877, 25.941601, 0.0)
(35.653893, 25.960238, 0.0)
(35.635269, 25.893581, 0.0)
(35.661552, 25.881527, 0.0)
(35.709003, 25.832424, 0.0)
(35.753891, 25.809406, 0.0)
(35.767094, 25.807129, 0.0)
(35.787754, 25.800941, 0.0)
(35.791527, 25.777050, 0.0)
(35.760044, 25.736523, 0.0)
(35.752327, 25.741852, 0.0)
(35.746841, 25.722034, 0.0)
(35.753452, 25.707069, 0.0)
(35.749584, 25.693350, 0.0)
(35.748306, 25.675459, 0.0)
(35.755344, 25.681704, 0.0)
(35.765652, 25.672491, 0.0)
(35.761208, 25.686909, 0.0)
(35.748306, 25.675459, 0.0)
(35.746151, 25.687578, 0.0)
(35.750954, 25.642475, 0.0)
(35.748772, 25.662056, 0.0)
(35.773487, 25.649027, 0.0)
(35.776966, 25.629196, 0.0)
(35.754601, 25.635681, 0.0)
(35.733444, 25.660368, 0.0)
(35.720150, 25.658806, 0.0)
(35.703026, 25.634632, 0.0)
(35.603874, 25.895601, 0.0)
(35.559872, 26.730030, 0.0)
(35.446201, 25.986343, 0.0)
(35.540997, 25.646154, 0.0)
(35.473301, 25.505716, 0.0)
(35.442142, 25.459579, 0.0)
(35.413940, 25.467369, 0.0)
(35.414883, 25.509192, 0.0)
(35.405399, 25.545856, 0.0)
(35.434189, 25.506744, 0.0)
(35.446110, 25.560789, 0.0)
(35.467411, 25.550663, 0.0)
(35.434895, 25.572474, 0.0)
(35.454597, 25.607708, 0.0)
(35.483299, 25.631611, 0.0)
(35.522476, 25.649841, 0.0)
(35.507542, 25.669455, 0.0)
(35.489433, 25.696848, 0.0)
(35.480957, 25.720037, 0.0)
(35.439369, 25.746756, 0.0)
(35.414291, 25.658730, 0.0)
(35.372772, 25.664419, 0.0)
(35.363720, 25.662848, 0.0)
(35.359264, 25.678749, 0.0)
(35.351971, 25.693920, 0.0)
(35.337749, 25.669544, 0.0)
(35.347187, 25.677204, 0.0)
(35.363079, 25.674681, 0.0)
(35.380058, 25.658173, 0.0)
(35.416546, 25.667936, 0.0)
(35.413525, 25.639309, 0.0)
(35.401180, 25.662230, 0.0)
(35.407841, 25.625063, 0.0)
(35.388699, 25.634533, 0.0)
(35.327084, 25.674301, 0.0)
(35.294136, 25.721758, 0.0)
(35.292549, 25.755194, 0.0)
(35.307281, 25.719009, 0.0)
(35.377529, 25.718689, 0.0)
(35.384785, 25.684824, 0.0)
(35.407822, 25.674053, 0.0)
(35.417473, 25.677515, 0.0)
(35.398533, 25.709772, 0.0)
(35.380463, 25.705494, 0.0)
(35.379646, 25.685600, 0.0)
(35.418182, 25.670099, 0.0)
(35.474018, 25.678303, 0.0)
(35.485924, 25.679920, 0.0)
(35.482162, 25.707617, 0.0)
(35.435558, 25.679430, 0.0)
(35.398258, 25.690750, 0.0)
(35.404102, 25.689720, 0.0)
(35.415474, 25.693316, 0.0)
(35.436050, 25.717474, 0.0)
(35.458782, 25.716022, 0.0)
(35.436050, 25.717474, 0.0)
(35.431038, 25.733982, 0.0)
(35.410763, 25.695938, 0.0)
(35.412102, 25.719463, 0.0)
(35.450489, 25.767553, 0.0)
(35.460682, 25.725605, 0.0)
(35.452206, 25.713308, 0.0)
(35.458782, 25.706614, 0.0)
(35.455261, 25.721699, 0.0)
(35.417267, 25.744566, 0.0)
(35.393314, 25.777010, 0.0)
(35.394676, 25.795509, 0.0)
(35.408413, 25.799778, 0.0)
(35.463837, 25.813087, 0.0)
(35.471146, 25.828453, 0.0)
(35.465645, 25.818436, 0.0)
(35.466087, 25.811466, 0.0)
(35.481941, 25.847885, 0.0)
(35.485142, 25.851355, 0.0)
(35.491707, 25.866629, 0.0)
(35.478401, 25.853327, 0.0)
(35.487591, 25.885973, 0.0)
(35.467175, 25.859932, 0.0)
(35.457375, 25.875692, 0.0)
(35.453732, 25.865305, 0.0)
(35.466057, 25.869051, 0.0)
(35.466602, 25.856607, 0.0)
(35.470528, 25.849480, 0.0)
(35.447510, 25.814272, 0.0)
(35.401001, 25.776293, 0.0)
(35.363258, 27.227468, 0.0)
(35.180214, 27.174294, 0.0)
(35.269886, 25.843578, 0.0)
(35.321136, 25.528566, 0.0)
(35.307213, 25.495325, 0.0)
(35.285286, 25.609011, 0.0)
(35.280106, 25.669989, 0.0)
(35.281010, 25.657389, 0.0)
(35.273918, 25.684437, 0.0)
(35.267582, 25.752220, 0.0)
(35.243114, 25.721914, 0.0)
(35.243526, 25.711639, 0.0)
(35.226944, 25.706078, 0.0)
(35.252609, 25.732439, 0.0)
(35.288376, 25.785624, 0.0)
(35.267269, 25.728832, 0.0)
(35.258312, 25.714365, 0.0)
(35.257435, 25.724861, 0.0)
(35.217419, 25.700617, 0.0)
(35.209793, 25.709503, 0.0)
(35.212891, 25.706924, 0.0)
(35.183174, 25.737679, 0.0)
(37.363811, 27.388563, 0.0)
(40.079464, 30.262354, 0.0)
(40.907860, 31.368835, 0.0)
(40.918652, 31.408592, 0.0)
(40.867378, 31.317070, 0.0)
(40.863365, 31.305323, 0.0)
(40.870296, 31.234657, 0.0)
(40.799698, 30.935076, 0.0)
(40.952602, 31.612839, 0.0)
(40.944622, 31.005249, 0.0)
(41.014141, 30.838245, 0.0)
(41.015362, 30.815987, 0.0)
(41.028446, 30.763056, 0.0)
(41.045856, 30.864042, 0.0)
(41.037674, 30.795855, 0.0)
(41.064243, 30.817142, 0.0)
(41.102779, 30.784319, 0.0)
(41.069622, 30.785303, 0.0)
(41.023441, 30.851709, 0.0)
(40.989914, 30.874058, 0.0)
(40.960960, 30.887949, 0.0)
(41.009274, 30.945999, 0.0)
(41.159031, 31.251162, 0.0)
(41.234474, 31.293478, 0.0)
(41.246326, 31.336529, 0.0)
(41.239193, 31.387836, 0.0)
(41.207623, 31.409979, 0.0)
(41.167339, 31.438244, 0.0)
(41.170639, 31.404848, 0.0)
(41.140812, 31.430199, 0.0)
(41.150593, 31.413563, 0.0)
(41.191715, 31.435898, 0.0)
(41.231590, 31.446480, 0.0)
(41.229961, 31.452991, 0.0)
(41.220047, 31.466307, 0.0)
(41.161900, 31.410824, 0.0)
(41.268536, 27.417751, 0.0)
(41.763397, 24.350033, 0.0)
(41.840397, 23.780325, 0.0)
(41.788525, 23.898577, 0.0)
(41.759285, 23.985741, 0.0)
(41.744450, 24.021719, 0.0)
(41.703766, 24.090017, 0.0)
(41.635155, 24.191427, 0.0)
(41.589165, 24.156601, 0.0)
(39.773014, 23.410139, 0.0)
(39.565525, 23.397934, 0.0)
(39.665131, 23.385544, 0.0)
(39.686192, 23.394314, 0.0)
(39.689713, 23.398058, 0.0)
(40.118973, 23.612606, 0.0)
(41.367229, 23.996344, 0.0)
(41.409180, 24.042315, 0.0)
(41.359913, 24.036053, 0.0)
(41.374229, 24.028784, 0.0)
(41.403946, 24.032887, 0.0)
(41.421871, 23.977486, 0.0)
(39.552372, 23.344109, 0.0)
(38.229488, 23.005091, 0.0)
(38.222980, 23.007986, 0.0)
(38.280437, 22.981817, 0.0)
(38.271038, 22.988008, 0.0)
(38.286968, 22.963610, 0.0)
(39.968014, 23.599148, 0.0)
(40.609566, 23.771002, 0.0)
(40.582581, 23.800987, 0.0)
(40.567875, 23.794529, 0.0)
(40.552216, 23.824102, 0.0)
(40.546364, 23.830898, 0.0)
(40.466667, 23.844675, 0.0)
(40.442272, 23.812756, 0.0)
(40.444317, 23.772308, 0.0)
(40.330383, 23.727156, 0.0)
(36.797913, 23.704218, 0.0)
(33.270035, 25.690948, 0.0)
(30.971949, 28.102001, 0.0)
(30.006346, 28.991865, 0.0)
(29.979691, 29.006330, 0.0)
(29.987804, 28.924204, 0.0)
(29.991812, 28.869871, 0.0)
(29.863827, 28.711254, 0.0)
(0.000000, 0.000000, 1.0)
(28.709690, 31.347837, 0.0)
(28.607071, 30.762075, 0.0)
(28.643684, 30.476738, 0.0)
(28.642262, 30.203989, 0.0)
(28.679543, 30.040657, 0.0)
(28.666943, 29.966850, 0.0)
(28.577654, 29.951082, 0.0)
(28.525631, 29.937344, 0.0)
(28.524620, 29.954422, 0.0)
(28.522297, 29.964144, 0.0)
(28.512009, 29.977129, 0.0)
(28.497913, 30.018833, 0.0)
(28.479753, 30.008274, 0.0)
(28.472115, 30.007463, 0.0)
(28.487726, 30.013716, 0.0)
(28.510113, 30.046133, 0.0)
(28.511648, 30.083710, 0.0)
(28.514931, 30.117468, 0.0)
(28.515045, 30.094303, 0.0)
(28.500406, 30.093378, 0.0)
(28.487787, 30.106865, 0.0)
(28.480095, 30.132729, 0.0)
(28.479832, 30.156824, 0.0)
(28.452965, 30.148466, 0.0)
(28.436470, 30.154831, 0.0)
(28.177086, 28.083498, 0.0)
(28.221952, 23.931900, 0.0)
(28.508503, 22.969387, 0.0)
(28.514433, 23.056780, 0.0)
(28.459713, 23.191862, 0.0)
(28.420380, 23.249914, 0.0)
(28.404779, 23.267591, 0.0)
(28.401047, 23.266300, 0.0)
(28.411339, 23.278858, 0.0)
(28.266745, 23.167986, 0.0)
(28.179192, 23.052307, 0.0)
(28.154253, 23.142387, 0.0)
(28.187426, 23.170059, 0.0)
(28.196327, 23.161451, 0.0)
(28.185707, 23.118471, 0.0)
(28.190363, 23.090881, 0.0)
(28.163454, 23.052269, 0.0)
(28.110323, 24.575531, 0.0)
(28.354673, 24.459023, 0.0)
(28.057037, 23.200497, 0.0)
(28.005995, 22.890554, 0.0)
(28.061266, 22.889458, 0.0)
(28.090281, 23.034698, 0.0)
(28.116173, 23.043613, 0.0)
(28.115606, 23.079340, 0.0)
(28.104242, 23.107834, 0.0)
(28.180218, 23.085579, 0.0)
(28.225302, 23.088560, 0.0)
(28.259567, 23.066196, 0.0)
(28.258539, 23.065361, 0.0)
(28.268435, 23.055910, 0.0)
(28.274513, 23.064615, 0.0)
(28.262182, 23.060513, 0.0)
(28.245533, 23.055914, 0.0)
(28.250811, 23.079958, 0.0)
(29.424791, 23.172991, 0.0)
(33.216019, 25.014811, 0.0)
(34.880329, 26.514841, 0.0)
(34.882038, 26.498306, 0.0)
(34.731808, 26.427652, 0.0)
(34.694611, 26.363235, 0.0)
(34.707191, 26.320530, 0.0)
(35.013622, 26.079163, 0.0)
(35.183548, 25.918327, 0.0)
(35.216530, 25.934925, 0.0)
(35.208378, 25.964264, 0.0)
(35.144508, 25.920599, 0.0)
(35.127617, 25.917789, 0.0)
(35.103535, 25.934177, 0.0)
(35.125179, 25.934010, 0.0)
(35.164043, 25.957857, 0.0)
(35.187172, 25.767004, 0.0)
(35.212688, 25.728117, 0.0)
(35.198353, 25.733192, 0.0)
(35.154930, 25.751678, 0.0)
(35.090199, 25.750072, 0.0)
(35.094463, 25.765226, 0.0)
(35.118633, 25.799814, 0.0)
(35.104134, 25.777847, 0.0)
(35.081821, 25.778349, 0.0)
(35.079010, 25.834047, 0.0)
(35.085655, 25.874126, 0.0)
(35.085941, 25.881546, 0.0)
(35.108105, 25.894596, 0.0)
(35.095741, 25.899916, 0.0)
(35.119598, 25.926172, 0.0)
(35.133381, 25.898346, 0.0)
(35.120514, 25.927092, 0.0)
(35.130302, 25.946507, 0.0)
(35.115803, 25.940578, 0.0)
(35.125793, 25.956959, 0.0)
(35.127277, 25.942537, 0.0)
(35.113636, 25.936899, 0.0)
(35.087738, 25.929861, 0.0)
(33.017693, 26.800743, 0.0)
(30.030069, 28.780718, 0.0)
(29.107346, 29.593235, 0.0)
(29.084694, 29.644148, 0.0)
(29.128016, 29.534195, 0.0)
(29.093554, 29.540075, 0.0)
(29.043852, 29.521385, 0.0)
(28.986713, 29.533306, 0.0)
(29.086285, 29.551870, 0.0)
(30.890848, 29.851095, 0.0)
(30.988539, 29.838480, 0.0)
(31.006323, 29.770315, 0.0)
(31.050949, 29.774082, 0.0)
(31.064589, 29.837755, 0.0)
(31.500511, 29.936815, 0.0)
(32.898277, 30.310581, 0.0)
(33.079140, 30.325754, 0.0)
(33.189842, 30.206673, 0.0)
(33.343761, 30.267656, 0.0)
(33.504375, 30.235992, 0.0)
(35.590004, 30.311304, 0.0)
(36.098850, 30.476482, 0.0)
(36.133884, 30.496515, 0.0)
(36.220428, 30.505339, 0.0)
(36.325943, 30.537666, 0.0)
(36.445427, 30.418402, 0.0)
(36.509640, 31.527895, 0.0)
(39.275108, 32.257915, 0.0)
(39.337189, 31.420015, 0.0)
(39.508133, 30.842339, 0.0)
(39.630527, 30.499140, 0.0)
(39.692684, 30.408089, 0.0)
(39.748260, 30.353397, 0.0)
(39.747055, 30.373320, 0.0)
(39.758755, 30.389215, 0.0)
(39.819813, 30.431746, 0.0)
(40.299072, 30.763653, 0.0)
(40.387917, 30.712374, 0.0)
(40.423706, 30.679337, 0.0)
(40.457333, 30.693167, 0.0)
(40.477051, 30.677361, 0.0)
(40.477577, 30.693546, 0.0)
(40.495068, 30.729540, 0.0)
(40.496601, 30.729427, 0.0)
(40.497681, 30.717703, 0.0)
(40.499077, 30.659632, 0.0)
(40.499130, 30.668724, 0.0)
(40.511078, 30.638683, 0.0)
(40.493549, 30.638786, 0.0)
(40.462429, 30.585676, 0.0)
(40.466431, 30.585226, 0.0)
(40.446125, 30.568411, 0.0)
(40.435371, 30.499130, 0.0)
(40.032848, 30.511194, 0.0)
(37.441761, 30.208481, 0.0)
(37.085011, 30.151592, 0.0)
(37.019886, 30.136616, 0.0)
(36.901733, 30.061689, 0.0)
(36.790020, 30.073114, 0.0)
(36.714569, 30.096533, 0.0)
(36.627541, 30.107964, 0.0)
(36.549408, 30.100481, 0.0)
(36.542274, 30.098663, 0.0)
(37.831444, 30.182770, 0.0)
(37.802391, 30.204863, 0.0)
(37.681698, 30.194447, 0.0)
(37.405907, 30.135431, 0.0)
(34.169460, 29.935186, 0.0)
(33.494476, 29.664207, 0.0)
(33.394432, 29.690369, 0.0)
(33.275631, 29.702465, 0.0)
(33.221256, 29.765932, 0.0)
(33.130600, 29.834023, 0.0)
(33.085102, 29.848896, 0.0)
(33.065025, 29.860212, 0.0)
(33.021866, 29.930702, 0.0)
(32.972931, 29.950039, 0.0)
(32.900600, 29.978281, 0.0)
(32.824829, 29.999884, 0.0)
(32.590565, 30.121037, 0.0)
(30.324511, 30.393444, 0.0)
(30.073557, 30.421301, 0.0)
(30.095465, 30.346596, 0.0)
(30.050747, 30.361280, 0.0)
(30.005764, 30.369476, 0.0)
(29.972233, 30.355797, 0.0)
(29.890142, 30.357220, 0.0)
(29.839645, 30.350315, 0.0)
(29.751617, 30.311131, 0.0)
(29.711754, 30.285812, 0.0)
(29.697084, 30.241858, 0.0)
(29.700174, 30.216476, 0.0)
(29.686220, 30.189531, 0.0)
(29.685324, 30.185741, 0.0)
(29.656277, 30.163458, 0.0)
(29.628876, 30.113075, 0.0)
(29.306820, 30.093254, 0.0)
(28.910540, 29.624714, 0.0)
(28.870955, 29.509731, 0.0)
(28.914833, 29.457951, 0.0)
(28.945469, 29.402781, 0.0)
(28.959316, 29.338484, 0.0)
(29.009588, 29.278973, 0.0)
(29.033760, 29.251282, 0.0)
(29.068521, 29.271645, 0.0)
(30.172987, 29.166975, 0.0)
(31.793543, 29.159864, 0.0)
(31.937757, 29.172070, 0.0)
(32.072563, 29.141407, 0.0)
(32.159847, 29.108103, 0.0)
(32.291687, 29.120588, 0.0)
(32.401180, 29.111948, 0.0)
(32.535629, 29.135809, 0.0)
(32.642269, 29.166214, 0.0)
(32.842430, 29.179716, 0.0)
(32.931435, 29.173452, 0.0)
(33.096615, 29.186813, 0.0)
(33.299610, 29.172272, 0.0)
(34.125366, 29.154558, 0.0)
(35.875977, 29.365749, 0.0)
(36.046543, 29.459820, 0.0)
(36.056904, 29.519331, 0.0)
(36.127197, 29.483442, 0.0)
(36.244511, 29.504026, 0.0)
(36.322357, 29.524487, 0.0)
(38.055347, 29.730152, 0.0)
(39.400948, 29.816830, 0.0)
(39.487846, 29.890356, 0.0)
(39.467949, 29.904581, 0.0)
(39.479481, 29.886780, 0.0)
(39.466881, 29.888929, 0.0)
(39.476215, 29.897465, 0.0)
(39.853844, 30.116684, 0.0)
(40.565174, 30.221237, 0.0)
(40.611374, 30.269053, 0.0)
(40.595936, 30.310408, 0.0)
(40.594955, 30.324646, 0.0)
(40.615788, 30.341230, 0.0)
(40.659447, 30.342134, 0.0)
(40.644653, 30.364912, 0.0)
(40.588924, 30.395794, 0.0)
(40.561718, 30.433804, 0.0)
(40.570889, 30.453333, 0.0)
(40.577965, 30.466558, 0.0)
(40.580009, 30.487055, 0.0)
(40.582211, 30.537271, 0.0)
(40.584637, 30.562912, 0.0)
(40.608944, 30.564163, 0.0)
(40.609840, 30.584707, 0.0)
(40.599773, 30.603777, 0.0)
(40.605862, 30.598618, 0.0)
(40.584755, 30.552057, 0.0)
(40.524406, 30.546957, 0.0)
(40.504948, 30.532984, 0.0)
(40.449528, 30.530022, 0.0)
(40.425682, 30.515688, 0.0)
(40.420387, 30.484715, 0.0)
(40.402534, 30.454905, 0.0)
(40.350605, 30.380674, 0.0)
(38.341057, 30.090334, 0.0)
(37.989220, 29.903889, 0.0)
(37.941334, 29.873837, 0.0)
(37.842304, 29.865868, 0.0)
(37.753334, 29.797749, 0.0)
(37.641872, 29.790316, 0.0)
(37.514969, 29.678101, 0.0)
(37.368389, 29.693300, 0.0)
(37.235424, 29.647367, 0.0)
(37.102882, 29.647720, 0.0)
(36.962509, 29.579062, 0.0)
(36.792435, 29.604956, 0.0)
(36.657867, 29.478760, 0.0)
(36.525379, 29.476690, 0.0)
(34.932831, 29.475248, 0.0)
(33.653137, 29.084755, 0.0)
(33.489784, 29.055336, 0.0)
(33.457901, 29.072878, 0.0)
(33.430668, 29.064951, 0.0)
(33.414696, 29.044374, 0.0)
(33.408405, 29.020710, 0.0)
(33.360924, 29.029507, 0.0)
(33.291878, 29.065870, 0.0)
(33.241436, 29.070919, 0.0)
(33.163322, 29.107088, 0.0)
(30.922112, 29.485926, 0.0)
(30.287533, 29.380152, 0.0)
(30.272058, 29.396549, 0.0)
(30.228508, 29.346317, 0.0)
(30.222210, 29.333281, 0.0)
(30.188097, 29.357269, 0.0)
(30.165134, 29.401781, 0.0)
(29.899908, 29.395617, 0.0)
(29.133579, 28.991079, 0.0)
(29.066301, 28.960697, 0.0)
(29.089546, 28.983240, 0.0)
(29.070213, 28.957676, 0.0)
(29.007532, 28.943104, 0.0)
(29.007654, 28.950581, 0.0)
(28.963478, 28.973270, 0.0)
(28.965538, 28.973797, 0.0)
(28.955511, 28.962143, 0.0)
(28.932390, 28.975281, 0.0)
(28.924789, 28.959827, 0.0)
(28.921608, 28.978025, 0.0)
(28.924599, 28.972307, 0.0)
(28.941021, 28.956675, 0.0)
(28.965017, 28.962372, 0.0)
(28.996544, 28.958832, 0.0)
(29.030027, 28.943041, 0.0)
(29.082041, 28.968122, 0.0)
(29.092234, 29.007042, 0.0)
(30.271282, 28.549927, 0.0)
(30.893545, 28.467882, 0.0)
(30.969633, 28.457811, 0.0)
(31.101606, 28.390770, 0.0)
(31.284117, 28.425735, 0.0)
(31.524586, 28.459574, 0.0)
(31.707405, 28.501703, 0.0)
(32.210476, 28.475338, 0.0)
(34.243404, 28.382082, 0.0)
(34.497486, 28.369148, 0.0)
(34.561935, 28.326096, 0.0)
(34.669964, 28.440445, 0.0)
(35.059612, 29.940714, 0.0)
(36.260319, 30.727430, 0.0)
(36.600468, 29.729506, 0.0)
(36.679405, 29.140743, 0.0)
(36.852802, 28.768356, 0.0)
(36.891701, 28.671291, 0.0)
(36.899490, 28.666706, 0.0)
(36.923531, 28.662655, 0.0)
(37.047569, 28.676924, 0.0)
(37.099949, 28.693323, 0.0)
(38.627045, 29.032824, 0.0)
(39.203827, 29.238483, 0.0)
(39.203819, 29.224081, 0.0)
(39.198063, 29.255568, 0.0)
(39.210098, 29.244417, 0.0)
(39.357319, 29.305704, 0.0)
(40.184971, 29.485767, 0.0)
(40.256386, 29.548826, 0.0)
(40.241615, 29.567667, 0.0)
(40.239700, 29.575596, 0.0)
(40.247311, 29.618305, 0.0)
(40.250740, 29.602116, 0.0)
(40.320274, 29.646206, 0.0)
(40.367664, 29.614523, 0.0)
(40.531754, 29.522272, 0.0)
(41.042850, 29.413013, 0.0)
(41.199360, 29.352537, 0.0)
(41.142174, 29.341623, 0.0)
(41.058750, 29.386223, 0.0)
(40.973740, 29.468571, 0.0)
(40.895370, 29.498150, 0.0)
(40.880554, 29.500591, 0.0)
(40.895458, 29.410196, 0.0)
(40.910313, 29.350468, 0.0)
(40.895088, 29.320854, 0.0)
(40.841934, 29.295673, 0.0)
(40.748726, 29.281895, 0.0)
(40.633862, 29.311884, 0.0)
(40.532639, 29.336468, 0.0)
(39.921700, 29.176403, 0.0)
(38.617432, 28.700739, 0.0)
(38.519535, 28.601154, 0.0)
(38.529285, 28.566357, 0.0)
(38.493008, 28.495152, 0.0)
(38.443207, 28.464968, 0.0)
(38.377663, 28.441725, 0.0)
(38.306847, 28.481928, 0.0)
(38.216839, 28.457430, 0.0)
(38.128563, 28.461765, 0.0)
(37.990814, 28.398531, 0.0)
(35.510159, 28.300396, 0.0)
(35.070667, 28.144686, 0.0)
(35.003250, 28.120695, 0.0)
(34.862362, 28.120756, 0.0)
(34.785950, 28.136646, 0.0)
(34.663963, 28.103773, 0.0)
(34.575974, 28.148043, 0.0)
(34.550930, 28.155554, 0.0)
(34.507629, 28.150024, 0.0)
(32.967876, 28.218416, 0.0)
(32.077175, 28.119457, 0.0)
(31.949575, 28.074493, 0.0)
(31.983702, 28.075342, 0.0)
(31.939257, 28.107920, 0.0)
(31.997982, 28.140455, 0.0)
(32.006233, 28.172340, 0.0)
(31.996490, 28.186951, 0.0)
(31.956043, 28.226881, 0.0)
(31.901281, 28.246408, 0.0)
(31.895363, 28.260027, 0.0)
(31.723183, 28.394510, 0.0)
(29.991083, 28.393955, 0.0)
(29.724089, 28.365543, 0.0)
(29.709555, 28.378727, 0.0)
(29.670723, 28.347651, 0.0)
(29.627558, 28.343575, 0.0)
(29.583300, 28.297501, 0.0)
(29.512836, 28.298210, 0.0)
(29.456192, 28.308903, 0.0)
(29.423895, 28.306097, 0.0)
(29.167612, 28.316153, 0.0)
(28.826778, 27.969030, 0.0)
(28.760424, 27.947151, 0.0)
(28.772358, 27.922459, 0.0)
(28.793341, 27.918179, 0.0)
(28.831970, 27.910446, 0.0)
(28.838493, 27.916607, 0.0)
(28.909393, 27.929024, 0.0)
(28.925983, 27.895309, 0.0)
(29.029844, 27.892355, 0.0)
(29.105812, 27.885399, 0.0)
(29.184511, 27.869843, 0.0)
(29.921673, 27.579948, 0.0)
(31.474369, 27.525066, 0.0)
(31.692039, 27.592287, 0.0)
(31.852875, 27.602585, 0.0)
(32.082237, 27.604952, 0.0)
(32.271339, 27.586151, 0.0)
(32.442524, 27.551786, 0.0)
(32.542694, 27.504503, 0.0)
(32.771809, 27.484264, 0.0)
(32.978718, 27.431850, 0.0)
(33.182602, 27.389814, 0.0)
(33.335396, 27.389570, 0.0)
(33.514091, 27.385883, 0.0)
(33.704563, 27.409622, 0.0)
(34.028172, 27.400421, 0.0)
(36.669624, 27.757261, 0.0)
(37.067600, 27.928865, 0.0)
(37.178688, 27.941807, 0.0)
(37.280266, 27.950886, 0.0)
(37.560043, 27.981358, 0.0)
(39.517422, 28.536871, 0.0)
(39.711525, 28.600163, 0.0)
(39.699955, 28.655249, 0.0)
(39.719063, 28.674088, 0.0)
(39.773647, 28.688526, 0.0)
(39.797134, 28.695213, 0.0)
(39.858688, 28.669279, 0.0)
(39.909420, 28.689137, 0.0)
(39.926125, 28.685179, 0.0)
(39.964520, 28.707645, 0.0)
(40.043922, 28.750614, 0.0)
(40.058182, 28.728796, 0.0)
(40.477146, 28.781807, 0.0)
(41.042084, 28.834494, 0.0)
(41.087116, 28.919708, 0.0)
(41.090347, 28.916349, 0.0)
(41.097816, 28.923077, 0.0)
(41.126343, 28.913088, 0.0)
(41.149963, 28.913734, 0.0)
(41.149963, 28.913734, 0.0)
(41.148502, 28.883011, 0.0)
(41.161770, 28.821497, 0.0)
(41.124092, 28.808344, 0.0)
(41.122425, 28.802500, 0.0)
(41.341522, 28.675856, 0.0)
(41.349068, 28.609402, 0.0)
(41.298031, 28.576654, 0.0)
(41.193394, 28.527473, 0.0)
(41.079391, 28.388060, 0.0)
(40.989529, 28.311165, 0.0)
(40.860901, 28.245718, 0.0)
(40.719315, 28.156584, 0.0)
(40.518166, 28.109026, 0.0)
(40.275501, 28.044638, 0.0)
(40.055012, 28.055815, 0.0)
(39.817448, 27.980059, 0.0)
(39.587337, 27.870085, 0.0)
(39.348625, 27.938253, 0.0)
(39.050991, 27.857718, 0.0)
(38.789909, 27.806351, 0.0)
(38.493546, 27.733953, 0.0)
(38.240128, 27.730080, 0.0)
(38.001579, 27.652109, 0.0)
(37.717667, 27.604296, 0.0)
(37.483803, 27.610825, 0.0)
(37.257874, 27.630684, 0.0)
(36.978146, 27.583830, 0.0)
(36.740665, 27.617287, 0.0)
(36.505898, 27.572626, 0.0)
(35.210751, 27.445814, 0.0)
(34.825035, 27.335541, 0.0)
(34.666904, 27.278887, 0.0)
(34.489403, 27.259417, 0.0)
(34.398415, 27.261988, 0.0)
(34.269497, 27.261908, 0.0)
(34.109291, 27.251516, 0.0)
(31.709404, 27.318705, 0.0)
(30.984316, 27.254742, 0.0)
(30.923622, 27.245844, 0.0)
(30.906271, 27.296019, 0.0)
(30.854568, 27.353510, 0.0)
(30.806070, 27.358997, 0.0)
(30.765368, 27.333132, 0.0)
(30.717173, 27.293114, 0.0)
(30.621506, 27.332359, 0.0)
(30.548689, 27.372086, 0.0)
(30.503853, 27.379824, 0.0)
(28.986126, 27.229036, 0.0)
(28.842926, 27.212250, 0.0)
(28.849737, 27.207083, 0.0)
(28.837507, 27.218613, 0.0)
(28.803688, 27.239527, 0.0)
(28.775356, 27.241999, 0.0)
(28.747957, 27.220028, 0.0)
(28.712242, 27.236460, 0.0)
(28.748302, 27.198355, 0.0)
(28.743010, 27.160452, 0.0)
(28.771860, 27.121513, 0.0)
(28.825886, 27.100418, 0.0)
(28.828495, 27.065540, 0.0)
(28.906033, 27.018332, 0.0)
(28.987957, 26.981867, 0.0)
(29.015156, 26.933537, 0.0)
(29.103067, 26.926477, 0.0)
(29.226738, 26.955755, 0.0)
(29.360329, 26.957247, 0.0)
(29.716530, 26.857641, 0.0)
(30.955832, 26.654387, 0.0)
(31.275568, 26.567789, 0.0)
(31.468992, 26.703514, 0.0)
(31.676241, 26.713001, 0.0)
(31.894863, 26.749699, 0.0)
(32.154781, 26.720766, 0.0)
(32.346943, 26.747644, 0.0)
(32.574669, 26.764711, 0.0)
(32.834080, 26.790827, 0.0)
(33.045734, 26.812607, 0.0)
(33.248924, 26.815344, 0.0)
(33.502544, 26.812117, 0.0)
(35.866047, 26.958529, 0.0)
(36.527679, 27.063503, 0.0)
(36.724026, 27.113390, 0.0)
(36.836880, 27.156473, 0.0)
(36.961914, 27.148067, 0.0)
(37.063873, 27.135769, 0.0)
(37.181259, 27.212191, 0.0)
(37.245293, 27.203156, 0.0)
(38.965485, 27.700788, 0.0)
(40.912880, 28.485445, 0.0)
(41.170521, 28.686539, 0.0)
(41.131786, 28.700684, 0.0)
(41.125008, 28.721529, 0.0)
(41.063236, 28.731392, 0.0)
(41.045982, 28.724224, 0.0)
(41.026588, 28.752575, 0.0)
(41.022591, 28.721104, 0.0)
(41.019005, 28.719868, 0.0)
(41.034111, 28.675571, 0.0)
(41.088203, 28.676481, 0.0)
(41.118279, 28.646044, 0.0)
(41.121490, 28.649401, 0.0)
(41.137768, 28.638340, 0.0)
(41.166817, 28.602383, 0.0)
(41.237202, 28.610720, 0.0)
(41.279221, 28.601601, 0.0)
(41.300888, 28.559540, 0.0)
(41.722214, 28.485275, 0.0)
(41.841961, 28.337612, 0.0)
(41.820713, 28.333344, 0.0)
(41.851662, 28.310854, 0.0)
(41.880882, 28.320456, 0.0)
(41.864304, 28.266979, 0.0)
(41.805237, 28.252625, 0.0)
(41.759174, 28.175184, 0.0)
(41.731197, 28.084867, 0.0)
(41.695137, 28.050261, 0.0)
(41.256012, 27.839008, 0.0)
(40.359898, 27.454584, 0.0)
(40.230503, 27.382721, 0.0)
(40.124847, 27.353096, 0.0)
(39.912464, 27.300293, 0.0)
(39.646545, 27.202354, 0.0)
(39.401428, 27.151670, 0.0)
(39.130699, 27.075272, 0.0)
(38.854374, 27.023325, 0.0)
(38.507515, 26.968077, 0.0)
(38.228024, 26.982103, 0.0)
(37.893486, 26.907021, 0.0)
(37.620899, 26.917625, 0.0)
(37.357613, 26.870169, 0.0)
(37.108700, 26.801668, 0.0)
(36.884167, 26.791576, 0.0)
(36.614609, 26.785736, 0.0)
(36.397808, 26.788004, 0.0)
(35.968334, 26.747826, 0.0)
(33.412952, 26.394306, 0.0)
(33.150482, 26.388136, 0.0)
(32.984386, 26.434031, 0.0)
(32.819740, 26.472582, 0.0)
(32.651745, 26.508455, 0.0)
(32.493416, 26.525244, 0.0)
(32.384266, 26.528730, 0.0)
(32.282207, 26.530779, 0.0)
(32.130249, 26.584946, 0.0)
(31.981030, 26.547743, 0.0)
(31.086720, 26.800922, 0.0)
(29.596390, 26.817955, 0.0)
(29.388508, 26.790657, 0.0)
(29.383833, 26.783049, 0.0)
(29.376911, 26.795652, 0.0)
(29.342325, 26.814360, 0.0)
(29.318953, 26.819080, 0.0)
(29.307673, 26.818340, 0.0)
(29.306488, 26.796888, 0.0)
(29.284540, 26.779501, 0.0)
(29.237110, 26.806047, 0.0)
(29.167419, 26.833885, 0.0)
(29.112207, 26.804729, 0.0)
(29.077721, 26.793846, 0.0)
(29.046532, 26.789684, 0.0)
(29.012032, 27.475813, 0.0)
(28.181458, 27.745054, 0.0)
(28.378477, 26.774031, 0.0)
(28.479017, 26.350315, 0.0)
(28.507277, 26.180573, 0.0)
(28.615692, 26.147606, 0.0)
(28.700182, 26.118004, 0.0)
(28.815855, 26.067034, 0.0)
(30.763693, 25.721081, 0.0)
(31.204948, 25.708960, 0.0)
(31.429098, 25.695253, 0.0)
(31.567322, 25.748753, 0.0)
(31.770617, 25.728922, 0.0)
(31.962460, 25.714144, 0.0)
(32.105354, 25.676502, 0.0)
(32.109798, 26.452677, 0.0)
(34.042877, 28.183836, 0.0)
(33.827015, 26.816172, 0.0)
(33.864532, 26.112032, 0.0)
(34.211296, 25.758736, 0.0)
(34.350815, 25.711142, 0.0)
(34.516449, 25.738741, 0.0)
(34.699963, 25.781826, 0.0)
(35.771671, 25.916769, 0.0)
(36.235386, 26.096710, 0.0)
(36.449615, 26.136992, 0.0)
(36.658810, 26.157043, 0.0)
(36.792934, 26.195034, 0.0)
(36.930782, 26.261932, 0.0)
(39.004395, 26.774481, 0.0)
(39.763626, 27.031811, 0.0)
(39.859932, 27.141647, 0.0)
(39.868446, 27.172907, 0.0)
(39.908195, 27.176939, 0.0)
(39.954914, 27.174049, 0.0)
(39.987778, 27.109709, 0.0)
(40.015808, 27.137024, 0.0)
(40.040920, 27.191864, 0.0)
(40.721645, 27.535641, 0.0)
(41.184528, 27.684418, 0.0)
(41.198647, 27.698370, 0.0)
(41.183796, 27.713724, 0.0)
(41.194981, 27.682680, 0.0)
(41.230595, 27.674507, 0.0)
(41.225674, 27.700174, 0.0)
(41.206409, 27.679325, 0.0)
(41.171288, 27.733334, 0.0)
(41.163841, 27.732126, 0.0)
(41.164692, 27.718904, 0.0)
(41.157444, 27.697796, 0.0)
(41.144093, 27.662779, 0.0)
(41.141674, 27.632738, 0.0)
(41.070477, 27.579424, 0.0)
(41.015945, 27.518217, 0.0)
(40.955929, 27.503754, 0.0)
(40.810448, 27.401533, 0.0)
(40.680561, 27.335651, 0.0)
(40.461613, 27.289839, 0.0)
(40.266869, 27.229143, 0.0)
(40.087036, 27.134016, 0.0)
(39.909615, 27.020046, 0.0)
(39.649506, 26.908987, 0.0)
(39.443916, 26.797890, 0.0)
(38.126167, 26.041197, 0.0)
(37.450420, 25.577770, 0.0)
(37.164211, 25.464514, 0.0)
(36.915077, 25.476719, 0.0)
(36.725563, 25.435213, 0.0)
(36.491894, 25.408773, 0.0)
(36.372467, 25.450239, 0.0)
(36.172539, 25.452803, 0.0)
(35.970104, 25.418844, 0.0)
(35.822323, 25.443842, 0.0)
(35.656643, 25.455011, 0.0)
(35.541599, 25.516228, 0.0)
(34.651920, 25.588205, 0.0)
(32.868904, 25.460604, 0.0)
(32.646729, 25.506041, 0.0)
(32.575264, 25.469807, 0.0)
(32.430649, 25.505405, 0.0)
(32.337048, 25.544102, 0.0)
(32.223953, 25.584064, 0.0)
(32.158138, 25.663792, 0.0)
(32.020699, 25.682283, 0.0)
(30.321465, 25.903273, 0.0)
(30.086525, 25.889984, 0.0)
(30.063259, 25.939499, 0.0)
(30.045034, 25.917219, 0.0)
(29.986042, 25.950958, 0.0)
(29.944620, 25.972019, 0.0)
(29.873604, 25.972307, 0.0)
(29.802061, 25.999348, 0.0)
(29.755615, 26.052197, 0.0)
(29.701586, 26.099136, 0.0)
(28.818651, 26.309523, 0.0)
(28.703514, 26.304235, 0.0)
(28.682606, 26.287762, 0.0)
(28.600525, 26.283209, 0.0)
(28.602345, 26.273758, 0.0)
(28.538921, 26.271265, 0.0)
(28.501181, 26.289577, 0.0)
(28.499578, 26.302160, 0.0)
(28.515673, 26.335297, 0.0)
(28.513227, 26.363255, 0.0)
(28.518515, 26.300859, 0.0)
(28.524889, 26.271202, 0.0)
(28.546244, 26.257692, 0.0)
(28.630774, 26.241154, 0.0)
(28.737782, 26.187326, 0.0)
(28.833626, 26.142475, 0.0)
(30.573046, 25.415144, 0.0)
(31.167629, 25.250269, 0.0)
(31.398722, 25.246439, 0.0)
(31.517509, 25.250305, 0.0)
(31.758530, 25.260353, 0.0)
(31.948879, 25.207272, 0.0)
(32.204021, 25.128231, 0.0)
(32.396893, 25.155293, 0.0)
(32.561199, 25.147913, 0.0)
(32.735462, 25.172091, 0.0)
(32.967129, 25.178255, 0.0)
(33.123455, 25.150446, 0.0)
(33.287853, 25.179625, 0.0)
(33.497326, 25.123268, 0.0)
(33.700508, 25.139311, 0.0)
(34.040455, 25.106646, 0.0)
(35.871826, 25.206854, 0.0)
(36.098709, 25.250887, 0.0)
(36.255253, 25.274101, 0.0)
(36.420963, 25.289309, 0.0)
(36.591946, 25.341021, 0.0)
(36.743927, 25.377668, 0.0)
(36.928070, 25.431448, 0.0)
(38.600426, 26.015747, 0.0)
(39.048744, 26.198378, 0.0)
(39.168133, 26.242685, 0.0)
(39.230999, 26.261425, 0.0)
(39.283321, 26.306002, 0.0)
(39.344460, 26.342930, 0.0)
(40.390739, 26.786863, 0.0)
(41.026588, 26.850094, 0.0)
(41.078396, 26.906403, 0.0)
(41.078259, 26.912064, 0.0)
(41.124569, 26.924860, 0.0)
(41.156593, 26.990236, 0.0)
(41.180859, 27.066914, 0.0)
(41.176620, 27.026781, 0.0)
(41.141869, 27.016998, 0.0)
(41.162563, 26.962488, 0.0)
(41.198730, 26.917967, 0.0)
(41.196724, 26.916428, 0.0)
(41.192055, 26.896559, 0.0)
(41.170479, 26.899443, 0.0)
(41.175838, 26.891861, 0.0)
(41.162369, 26.904881, 0.0)
(41.125019, 26.869011, 0.0)
(40.877033, 26.714636, 0.0)
(39.146637, 25.670658, 0.0)
(39.002140, 25.595695, 0.0)
(39.014881, 25.523375, 0.0)
(38.953190, 25.521362, 0.0)
(39.049175, 25.455961, 0.0)
(40.144520, 25.589573, 0.0)
(40.155796, 25.550398, 0.0)
(39.895954, 25.410860, 0.0)
(39.665623, 25.317995, 0.0)
(39.420895, 25.248728, 0.0)
(39.158829, 25.176683, 0.0)
(38.868595, 25.120647, 0.0)
(38.547215, 24.975082, 0.0)
(38.454666, 25.200001, 0.0)
(38.193909, 25.290150, 0.0)
(37.870480, 25.170341, 0.0)
(37.624859, 25.092556, 0.0)
(37.361805, 25.026947, 0.0)
(37.100933, 25.007889, 0.0)
(36.865517, 24.949165, 0.0)
(36.630474, 24.901190, 0.0)
(36.363838, 24.894228, 0.0)
(36.132759, 24.853064, 0.0)
(35.452503, 24.820705, 0.0)
(34.141239, 24.539392, 0.0)
(33.942333, 24.553036, 0.0)
(33.739113, 24.586899, 0.0)
(33.467163, 24.575636, 0.0)
(32.360252, 27.919121, 0.0)
(30.981489, 28.685751, 0.0)
(31.083759, 26.538160, 0.0)
(31.199047, 25.329889, 0.0)
(31.059059, 24.759867, 0.0)
(30.834894, 24.696224, 0.0)
(30.681677, 24.742180, 0.0)
(30.207468, 24.929314, 0.0)
(30.101175, 24.963820, 0.0)
(30.084229, 24.975405, 0.0)
(30.000652, 25.039816, 0.0)
(29.772253, 25.160355, 0.0)
(28.923227, 25.406237, 0.0)
(28.903809, 25.459961, 0.0)
(28.931780, 25.452147, 0.0)
(28.847437, 25.430075, 0.0)
(28.848366, 25.413113, 0.0)
(28.427353, 25.536787, 0.0)
(27.933292, 25.497030, 0.0)
(27.894186, 25.541521, 0.0)
(27.890558, 25.553505, 0.0)
(27.872334, 25.567211, 0.0)
(27.890924, 25.544373, 0.0)
(27.951073, 25.521637, 0.0)
(27.991604, 25.471193, 0.0)
(28.051344, 25.399548, 0.0)
(28.063410, 25.236629, 0.0)
(28.319540, 25.181627, 0.0)
(28.657564, 29.326788, 0.0)
(29.190788, 28.686691, 0.0)
(29.928730, 26.069992, 0.0)
(30.290947, 24.811951, 0.0)
(30.481607, 24.313816, 0.0)
(30.632545, 24.193571, 0.0)
(30.779251, 24.283354, 0.0)
(30.889875, 24.339455, 0.0)
(32.752708, 24.329407, 0.0)
(33.480629, 24.382187, 0.0)
(33.664165, 24.457253, 0.0)
(33.842415, 24.442816, 0.0)
(34.020107, 24.416969, 0.0)
(34.452404, 24.441738, 0.0)
(36.285713, 24.618963, 0.0)
(36.516094, 24.669994, 0.0)
(36.602863, 24.707073, 0.0)
(36.710747, 24.719494, 0.0)
(37.597691, 24.934662, 0.0)
(39.369415, 25.491842, 0.0)
(39.474201, 25.536182, 0.0)
(39.471287, 25.556479, 0.0)
(39.512501, 25.577757, 0.0)
(39.568707, 25.583818, 0.0)
(39.615211, 25.629700, 0.0)
(39.629868, 25.622286, 0.0)
(39.628796, 25.663473, 0.0)
(39.632595, 25.646738, 0.0)
(39.649376, 25.677896, 0.0)
(40.502598, 26.253897, 0.0)
(40.928413, 26.536226, 0.0)
(40.965656, 26.553070, 0.0)
(40.941860, 26.555500, 0.0)
(40.909443, 26.578754, 0.0)
(40.889919, 26.592140, 0.0)
(40.894768, 26.605576, 0.0)
(40.894768, 26.605576, 0.0)
(40.895100, 26.615652, 0.0)
(40.943516, 26.643995, 0.0)
(40.957829, 26.637056, 0.0)
(40.970089, 26.636635, 0.0)
(40.984539, 26.642817, 0.0)
(40.968319, 26.658039, 0.0)
(40.942760, 26.655319, 0.0)
(40.954731, 26.667017, 0.0)
(40.929585, 26.617504, 0.0)
(40.908459, 26.580957, 0.0)
(40.840302, 26.516125, 0.0)
(40.579174, 26.361654, 0.0)
(39.872570, 25.597961, 0.0)
(39.734436, 25.480942, 0.0)
(39.716316, 25.448288, 0.0)
(39.601521, 25.357355, 0.0)
(39.553108, 25.290831, 0.0)
(39.451073, 25.212912, 0.0)
(39.282154, 25.140385, 0.0)
(39.100536, 25.074966, 0.0)
(38.913338, 25.029392, 0.0)
(38.680344, 24.926516, 0.0)
(38.469112, 24.858757, 0.0)
(38.258190, 24.752291, 0.0)
(38.027031, 24.657478, 0.0)
(37.818089, 24.609049, 0.0)
(37.638569, 24.536489, 0.0)
(37.462723, 24.482874, 0.0)
(36.466885, 24.308811, 0.0)
(34.269356, 23.763056, 0.0)
(34.086189, 23.755787, 0.0)
(33.971489, 23.793266, 0.0)
(33.810005, 23.785332, 0.0)
(33.704208, 23.766087, 0.0)
(33.662754, 23.753626, 0.0)
(33.614323, 23.739183, 0.0)
(33.542744, 23.733004, 0.0)
(33.461239, 23.758471, 0.0)
(33.369118, 23.760439, 0.0)
(32.646111, 23.846046, 0.0)
(30.427746, 23.921753, 0.0)
(30.269554, 23.973064, 0.0)
(30.259533, 23.996696, 0.0)
(30.209480, 24.022564, 0.0)
(30.218342, 24.021744, 0.0)
(30.126307, 24.045280, 0.0)
(29.092533, 24.246758, 0.0)
(29.023592, 24.233704, 0.0)
(29.058899, 24.194225, 0.0)
(29.034857, 24.183165, 0.0)
(29.012314, 24.153538, 0.0)
(28.894644, 24.240410, 0.0)
(28.366262, 24.343668, 0.0)
(28.298988, 24.358234, 0.0)
(28.300268, 24.344904, 0.0)
(28.326080, 24.288269, 0.0)
(28.372072, 24.305668, 0.0)
(28.400248, 24.277620, 0.0)
(28.367298, 24.306206, 0.0)
(28.337812, 24.326075, 0.0)
(28.372396, 24.379374, 0.0)
(28.403049, 24.360756, 0.0)
(28.426722, 24.373514, 0.0)
(28.470308, 24.401442, 0.0)
(28.490322, 24.382729, 0.0)
(28.531645, 24.370018, 0.0)
(29.374197, 24.016996, 0.0)
(31.073690, 23.506531, 0.0)
(31.290358, 23.515507, 0.0)
(31.357374, 23.539454, 0.0)
(31.566530, 23.495895, 0.0)
(31.775263, 23.510899, 0.0)
(31.919056, 23.521109, 0.0)
(32.122723, 23.605522, 0.0)
(32.379925, 23.615921, 0.0)
(34.919029, 23.487278, 0.0)
(35.660515, 23.576937, 0.0)
(35.794880, 23.628687, 0.0)
(35.908157, 23.685471, 0.0)
(36.005981, 23.734482, 0.0)
(34.071331, 23.622005, 0.0)
(33.457783, 23.594879, 0.0)
(33.541130, 23.617813, 0.0)
(33.722359, 23.624084, 0.0)
(35.593769, 23.815701, 0.0)
(36.974884, 24.002573, 0.0)
(37.177277, 24.039894, 0.0)
(37.270386, 24.069042, 0.0)
(37.397160, 24.066078, 0.0)
(37.497536, 24.077732, 0.0)
(37.580761, 24.099270, 0.0)
(38.321144, 24.375458, 0.0)
(40.256893, 25.012577, 0.0)
(40.360332, 25.119276, 0.0)
(40.359428, 25.147314, 0.0)
(40.385605, 25.188585, 0.0)
(40.374416, 25.191563, 0.0)
(40.396194, 25.164879, 0.0)
(40.386749, 25.203728, 0.0)
(40.367046, 25.197203, 0.0)
(39.695332, 24.915300, 0.0)
(39.748943, 24.922853, 0.0)
(40.025558, 25.033527, 0.0)
(41.135948, 25.612774, 0.0)
(41.245667, 25.653366, 0.0)
(41.269756, 25.641350, 0.0)
(41.330559, 25.656767, 0.0)
(41.328880, 25.649525, 0.0)
(41.295273, 25.631338, 0.0)
(41.530285, 25.491920, 0.0)
(41.625378, 25.112778, 0.0)
(41.577053, 25.155697, 0.0)
(41.549664, 25.144539, 0.0)
(41.550804, 25.194109, 0.0)
(41.539391, 25.170017, 0.0)
(41.536774, 25.141113, 0.0)
(41.497124, 25.117496, 0.0)
(41.467968, 25.080399, 0.0)
(41.368587, 25.025990, 0.0)
(41.277470, 24.978554, 0.0)
(41.230755, 24.955778, 0.0)
(40.772446, 24.736277, 0.0)
(39.720768, 24.167177, 0.0)
(39.607670, 24.101452, 0.0)
(39.421402, 24.050108, 0.0)
(39.297920, 23.971809, 0.0)
(39.089645, 23.940403, 0.0)
(38.898876, 23.845587, 0.0)
(38.667477, 23.739567, 0.0)
(38.472950, 23.706686, 0.0)
(38.265984, 23.588219, 0.0)
(38.097580, 23.595400, 0.0)
(37.855888, 23.531179, 0.0)
(36.793373, 23.283123, 0.0)
(36.403763, 23.165007, 0.0)
(36.331589, 23.167904, 0.0)
(36.128483, 23.109020, 0.0)
(36.006161, 23.066706, 0.0)
(35.882938, 23.047365, 0.0)
(35.757473, 23.022343, 0.0)
(34.523842, 22.928545, 0.0)
(33.498791, 22.858702, 0.0)
(33.396942, 22.861376, 0.0)
(33.311108, 22.915318, 0.0)
(33.183880, 22.937101, 0.0)
(33.054367, 22.928143, 0.0)
(32.821232, 23.006149, 0.0)
(29.886175, 23.429005, 0.0)
(29.413218, 23.585032, 0.0)
(29.410089, 23.653793, 0.0)
(29.416676, 23.645372, 0.0)
(29.400801, 23.641901, 0.0)
(29.407906, 23.646570, 0.0)
(29.389027, 23.658394, 0.0)
(29.364635, 23.708900, 0.0)
(29.358587, 23.714354, 0.0)
(29.363293, 23.722078, 0.0)
(29.351740, 23.743395, 0.0)
(29.304840, 23.650246, 0.0)
(29.113689, 25.484200, 0.0)
(28.201038, 27.285528, 0.0)
(28.254436, 24.861538, 0.0)
(28.303963, 23.940817, 0.0)
(28.363585, 23.752693, 0.0)
(28.376129, 23.841099, 0.0)
(28.381063, 23.892893, 0.0)
(28.402149, 23.965714, 0.0)
(28.406149, 23.966757, 0.0)
(28.430534, 23.983379, 0.0)
(28.467976, 23.971262, 0.0)
(28.536575, 23.837955, 0.0)
(30.312931, 23.121586, 0.0)
(30.553040, 23.063185, 0.0)
(30.573805, 23.057787, 0.0)
(30.716694, 23.042610, 0.0)
(30.911409, 23.016500, 0.0)
(31.102903, 22.967653, 0.0)
(31.352177, 22.934399, 0.0)
(31.580141, 22.877176, 0.0)
(31.816736, 22.877916, 0.0)
(32.060505, 22.875437, 0.0)
(32.305706, 22.868265, 0.0)
(33.665031, 22.774294, 0.0)
(34.045319, 22.766085, 0.0)
(34.256886, 22.754763, 0.0)
(34.368481, 22.749628, 0.0)
(34.454933, 22.751064, 0.0)
(34.564598, 22.761745, 0.0)
(34.700958, 22.792242, 0.0)
(34.840446, 22.757008, 0.0)
(34.946373, 22.734629, 0.0)
(35.083389, 22.716789, 0.0)
(35.190750, 22.731197, 0.0)
(36.345802, 22.915836, 0.0)
(37.442120, 23.133745, 0.0)
(37.581631, 23.173889, 0.0)
(37.612198, 23.190037, 0.0)
(37.673969, 23.228312, 0.0)
(37.746223, 23.231895, 0.0)
(38.962418, 23.703924, 0.0)
(39.577572, 24.006750, 0.0)
(39.615292, 24.049128, 0.0)
(39.615292, 24.049128, 0.0)
(39.656731, 24.078648, 0.0)
(39.979122, 24.279909, 0.0)
(41.210907, 24.802723, 0.0)
(41.378075, 24.804983, 0.0)
(41.337212, 24.826679, 0.0)
(41.315384, 24.865774, 0.0)
(41.305893, 24.873035, 0.0)
(41.293613, 24.867849, 0.0)
(41.266342, 24.876791, 0.0)
(41.259991, 24.855764, 0.0)
(41.256279, 24.828650, 0.0)
(41.259457, 24.910769, 0.0)
(41.246601, 24.939600, 0.0)
(41.248554, 24.959896, 0.0)
(41.236301, 24.979263, 0.0)
(41.217533, 24.992615, 0.0)
(41.214470, 24.989967, 0.0)
(41.188576, 24.973286, 0.0)
(41.180145, 24.948505, 0.0)
(40.025826, 24.257343, 0.0)
(38.682899, 23.537807, 0.0)
(38.581944, 23.501560, 0.0)
(38.567474, 23.554790, 0.0)
(38.479515, 23.533432, 0.0)
(38.359734, 23.547556, 0.0)
(38.257034, 23.492992, 0.0)
(38.236263, 23.497381, 0.0)
(38.222908, 23.433491, 0.0)
(38.099220, 23.392321, 0.0)
(37.958614, 23.436789, 0.0)
(37.809654, 23.473022, 0.0)
(37.634987, 23.486517, 0.0)
(37.530704, 23.492085, 0.0)
(37.460697, 23.456486, 0.0)
(37.430996, 23.432230, 0.0)
(37.330963, 23.340433, 0.0)
(35.973885, 23.023796, 0.0)
(34.535843, 22.613754, 0.0)
(34.400074, 22.621063, 0.0)
(34.366638, 22.593407, 0.0)
(34.255226, 22.615948, 0.0)
(34.173325, 22.669619, 0.0)
(34.112129, 22.696304, 0.0)
(34.039597, 22.705006, 0.0)
(34.024113, 22.700073, 0.0)
(33.929436, 22.634521, 0.0)
(33.916973, 22.613520, 0.0)
(32.784786, 22.754961, 0.0)
(31.395388, 22.860334, 0.0)
(31.327873, 22.935043, 0.0)
(31.389015, 23.001661, 0.0)
(31.378496, 23.007036, 0.0)
(31.357256, 22.936501, 0.0)
(31.357063, 22.946371, 0.0)
(31.367813, 22.935223, 0.0)
(31.390055, 22.904921, 0.0)
(31.407120, 22.886246, 0.0)
(31.411125, 22.906027, 0.0)
(31.240879, 23.028578, 0.0)
(29.839905, 23.309170, 0.0)
(29.748165, 23.329443, 0.0)
(29.740812, 23.233313, 0.0)
(29.800768, 23.139250, 0.0)
(29.908045, 23.092964, 0.0)
(29.494322, 23.314230, 0.0)
(29.006319, 23.409508, 0.0)
(28.926704, 23.510704, 0.0)
(28.869791, 23.538866, 0.0)
(28.852776, 23.552065, 0.0)
(28.874260, 23.544556, 0.0)
(28.903004, 23.522604, 0.0)
(28.894873, 23.460447, 0.0)
(28.875025, 23.466141, 0.0)
(28.851433, 23.491488, 0.0)
(28.847954, 23.501905, 0.0)
(29.079939, 23.421013, 0.0)
(30.761253, 22.816223, 0.0)
(31.026854, 22.801363, 0.0)
(31.133974, 22.760574, 0.0)
(31.301157, 22.654497, 0.0)
(31.468279, 22.625578, 0.0)
(31.670145, 22.595474, 0.0)
(31.883581, 22.571836, 0.0)
(32.122417, 22.513916, 0.0)
(34.518932, 22.394468, 0.0)
(35.715965, 22.321150, 0.0)
(36.133755, 23.985199, 0.0)
(35.344635, 22.401834, 0.0)
(35.200600, 22.015043, 0.0)
(35.321991, 22.011702, 0.0)
(35.424465, 22.098850, 0.0)
(35.487541, 22.162912, 0.0)
(35.550011, 22.212996, 0.0)
(35.582668, 22.235146, 0.0)
(36.673122, 22.506109, 0.0)
(37.372505, 22.688627, 0.0)
(37.488422, 22.757183, 0.0)
(37.521160, 22.788542, 0.0)
(37.622707, 22.847927, 0.0)
(37.787895, 22.911705, 0.0)
(39.055634, 23.476152, 0.0)
(39.173122, 23.582670, 0.0)
(39.183167, 23.628365, 0.0)
(39.194939, 23.685040, 0.0)
(40.213634, 24.177496, 0.0)
(41.039356, 24.598497, 0.0)
(41.222355, 24.645569, 0.0)
(41.214149, 24.679482, 0.0)
(41.211399, 24.680777, 0.0)
(41.240849, 24.649393, 0.0)
(41.253048, 24.659399, 0.0)
(41.260475, 24.697983, 0.0)
(41.250614, 24.686106, 0.0)
(41.278824, 24.661259, 0.0)
(41.287956, 24.705898, 0.0)
(41.296047, 24.712959, 0.0)
(41.294380, 24.730700, 0.0)
(41.521294, 24.900835, 0.0)
(41.751419, 25.157776, 0.0)
(41.732296, 25.149431, 0.0)
(41.727421, 25.153549, 0.0)
(41.723515, 25.159571, 0.0)
(41.717335, 25.135160, 0.0)
(41.677879, 25.116236, 0.0)
(41.661552, 25.132095, 0.0)
(41.640118, 25.174826, 0.0)
(41.626888, 25.182655, 0.0)
(41.782780, 25.764103, 0.0)
(41.894566, 27.222401, 0.0)
(41.875935, 27.388611, 0.0)
(41.868988, 27.369862, 0.0)
(41.870949, 27.391218, 0.0)
(41.864601, 27.415907, 0.0)
(41.841778, 27.405987, 0.0)
(41.882290, 27.427969, 0.0)
(41.875336, 27.454777, 0.0)
(41.860233, 27.483412, 0.0)
(41.863602, 27.504400, 0.0)
(41.958740, 27.947468, 0.0)
(41.906105, 28.428558, 0.0)
(41.891899, 28.431749, 0.0)
(41.886360, 28.401144, 0.0)
(41.893017, 28.411722, 0.0)
(41.898514, 28.440012, 0.0)
(41.894657, 28.456173, 0.0)
(41.897411, 28.569351, 0.0)
(41.823833, 30.207165, 0.0)
(41.688412, 30.419647, 0.0)
(41.621902, 30.376200, 0.0)
(41.563816, 30.358675, 0.0)
(41.557404, 30.352835, 0.0)
(41.566814, 30.298643, 0.0)
(41.596191, 30.273270, 0.0)
(41.599224, 30.274223, 0.0)
(41.583668, 30.306173, 0.0)
(41.563442, 30.338127, 0.0)
(41.459129, 30.569496, 0.0)
(41.200798, 31.479307, 0.0)
(41.161964, 31.544037, 0.0)
(41.180161, 31.520517, 0.0)
(41.184002, 31.502323, 0.0)
(41.232224, 31.406555, 0.0)
(41.199329, 31.438932, 0.0)
(41.177082, 31.420742, 0.0)
(41.146343, 31.421394, 0.0)
(41.136646, 31.443693, 0.0)
(41.144875, 31.451359, 0.0)
(41.166683, 31.429811, 0.0)
(41.167400, 31.385431, 0.0)
(41.133060, 31.366804, 0.0)
(41.031490, 31.500704, 0.0)
(40.923912, 31.738390, 0.0)
(40.882614, 31.793795, 0.0)
(40.858219, 31.754610, 0.0)
(40.830784, 31.717037, 0.0)
(40.796021, 31.689732, 0.0)
(40.780552, 31.655308, 0.0)
(40.763462, 31.654186, 0.0)
(40.776619, 31.591278, 0.0)
(40.780849, 31.541695, 0.0)
(40.784496, 31.458824, 0.0)
(40.786674, 31.380974, 0.0)
(40.789066, 31.240551, 0.0)
(41.028351, 30.319273, 0.0)
(41.109314, 29.840401, 0.0)
(41.084396, 29.729610, 0.0)
(41.102230, 29.649958, 0.0)
(41.108158, 29.502548, 0.0)
(41.147919, 29.350300, 0.0)
(41.174183, 29.270977, 0.0)
(41.212437, 29.112633, 0.0)
(41.221302, 28.999462, 0.0)
(41.364292, 28.704609, 0.0)
(41.354149, 28.694368, 0.0)
(41.333981, 28.595274, 0.0)
(41.352650, 28.468142, 0.0)
(41.359837, 28.407255, 0.0)
(41.340088, 28.347281, 0.0)
(41.241264, 27.386402, 0.0)
(41.251297, 26.679008, 0.0)
(41.251732, 26.681280, 0.0)
(41.239540, 26.674837, 0.0)
(41.260807, 26.602499, 0.0)
(41.274475, 26.552736, 0.0)
(41.507206, 26.527334, 0.0)
(41.533585, 26.515650, 0.0)
(41.504791, 26.512154, 0.0)
(41.474545, 26.445530, 0.0)
(41.490078, 26.428875, 0.0)
(41.502106, 26.395828, 0.0)
(41.480953, 25.838264, 0.0)
(41.489361, 24.694235, 0.0)
(41.467670, 24.577438, 0.0)
(41.430470, 24.654545, 0.0)
(41.401947, 24.642902, 0.0)
(41.375912, 24.659773, 0.0)
(41.359993, 24.659773, 0.0)
(41.360142, 24.658173, 0.0)
(41.299107, 24.656584, 0.0)
(41.296062, 24.636114, 0.0)
(41.293526, 24.621630, 0.0)
(41.270409, 24.605518, 0.0)
(41.252857, 24.589365, 0.0)
(41.238152, 24.537436, 0.0)
(41.235001, 24.535809, 0.0)
(41.236198, 24.523077, 0.0)
(41.228134, 24.508825, 0.0)
(41.202709, 24.537931, 0.0)
(41.162788, 24.505457, 0.0)
(41.159016, 24.464348, 0.0)
(41.181293, 24.466547, 0.0)
(41.194855, 24.527510, 0.0)
(41.195705, 24.593540, 0.0)
(41.060020, 25.598577, 0.0)
(41.029289, 26.047640, 0.0)
(41.065807, 26.091322, 0.0)
(41.061001, 26.121296, 0.0)
(41.071705, 26.219561, 0.0)
(41.046539, 26.300331, 0.0)
(41.012646, 26.347115, 0.0)
(41.004780, 26.423832, 0.0)
(41.237614, 27.145977, 0.0)
(41.268398, 27.805481, 0.0)
(41.281548, 27.835003, 0.0)
(41.304985, 27.860815, 0.0)
(41.249958, 27.893705, 0.0)
(41.209633, 27.874975, 0.0)
(41.176262, 27.884489, 0.0)
(41.144051, 27.892252, 0.0)
(40.999416, 27.839346, 0.0)
(40.810200, 27.764805, 0.0)
(40.822456, 27.741074, 0.0)
(40.829605, 27.740908, 0.0)
(40.855892, 27.761299, 0.0)
(40.878296, 27.760870, 0.0)
(40.892746, 27.750607, 0.0)
(40.643429, 28.659973, 0.0)
(40.815506, 30.913303, 0.0)
(40.719296, 30.505110, 0.0)
(40.772957, 30.126303, 0.0)
(40.817142, 30.102161, 0.0)
(40.859478, 30.110115, 0.0)
(40.901840, 30.142117, 0.0)
(40.889927, 30.171913, 0.0)
(40.828400, 30.213120, 0.0)
(40.791084, 30.229425, 0.0)
(40.770832, 30.277304, 0.0)
(40.774834, 30.284533, 0.0)
(40.735474, 30.841940, 0.0)
(40.644527, 31.148399, 0.0)
(40.626381, 31.164324, 0.0)
(40.589249, 31.157623, 0.0)
(40.575008, 31.170696, 0.0)
(40.555893, 31.207994, 0.0)
(40.555683, 31.217224, 0.0)
(40.542175, 31.227819, 0.0)
(40.527893, 31.219276, 0.0)
(40.485443, 31.247759, 0.0)
(40.410172, 31.267254, 0.0)
(40.323139, 31.282051, 0.0)
(40.284145, 31.268354, 0.0)
(40.276669, 31.251616, 0.0)
(40.343567, 31.152800, 0.0)
(40.360638, 31.101973, 0.0)
(40.102512, 30.678036, 0.0)
(40.062565, 30.520107, 0.0)
(40.061562, 30.444172, 0.0)
(40.067009, 30.272133, 0.0)
(40.086723, 30.170681, 0.0)
(40.103058, 30.082067, 0.0)
(40.135468, 30.005917, 0.0)
(40.201572, 29.847338, 0.0)
(40.306992, 29.416178, 0.0)
(40.270317, 29.299330, 0.0)
(40.248978, 29.207539, 0.0)
(40.241039, 29.024984, 0.0)
(40.273449, 28.910358, 0.0)
(40.216770, 29.320768, 0.0)
(40.218884, 29.299488, 0.0)
(40.411888, 27.967552, 0.0)
(40.470947, 27.452539, 0.0)
(40.447014, 27.366570, 0.0)
(40.505936, 27.329903, 0.0)
(40.513641, 27.279610, 0.0)
(40.574181, 27.165968, 0.0)
(40.440250, 25.802689, 0.0)
(40.468506, 25.509977, 0.0)
(40.484528, 25.573069, 0.0)
(40.471107, 25.533510, 0.0)
(40.479076, 25.503883, 0.0)
(40.506142, 25.467789, 0.0)
(40.737335, 25.162931, 0.0)
(40.798756, 24.840284, 0.0)
(40.815823, 24.821268, 0.0)
(40.817341, 24.847692, 0.0)
(40.822926, 24.873457, 0.0)
(40.758610, 24.865099, 0.0)
(40.714626, 24.852230, 0.0)
(40.702675, 24.848473, 0.0)
(40.706287, 24.843655, 0.0)
(40.722492, 24.841026, 0.0)
(40.692825, 24.742256, 0.0)
(40.374809, 23.728476, 0.0)
(40.344162, 23.674335, 0.0)
(40.355831, 23.688334, 0.0)
(40.368504, 23.701880, 0.0)
(40.376900, 23.699932, 0.0)
(40.376900, 23.699932, 0.0)
(40.345898, 23.723761, 0.0)
(40.271988, 23.706469, 0.0)
(40.260990, 23.734165, 0.0)
(40.252918, 23.733290, 0.0)
(40.241013, 23.697523, 0.0)
(40.224010, 23.705393, 0.0)
(40.231213, 23.708204, 0.0)
(40.239239, 23.758932, 0.0)
(40.172623, 24.401859, 0.0)
(40.129318, 24.945356, 0.0)
(40.128117, 25.059685, 0.0)
(40.127411, 25.075216, 0.0)
(40.130688, 25.161203, 0.0)
(40.123890, 25.250977, 0.0)
(40.124657, 25.304068, 0.0)
(40.179489, 25.431795, 0.0)
(40.362728, 26.114891, 0.0)
(40.391273, 26.177689, 0.0)
(40.408276, 26.237804, 0.0)
(40.401169, 26.241272, 0.0)
(40.391682, 26.260849, 0.0)
(40.333088, 26.299133, 0.0)
(40.313690, 26.326521, 0.0)
(40.289726, 26.399200, 0.0)
(40.104702, 27.099974, 0.0)
(40.082901, 27.284140, 0.0)
(40.078579, 27.247337, 0.0)
(40.070305, 27.294323, 0.0)
(40.043175, 27.308041, 0.0)
(40.042854, 27.382790, 0.0)
(40.052387, 27.409575, 0.0)
(40.105675, 27.699076, 0.0)
(40.139042, 28.440973, 0.0)
(40.140282, 28.508753, 0.0)
(40.119637, 28.525940, 0.0)
(40.082367, 28.571665, 0.0)
(40.078007, 28.620565, 0.0)
(40.069057, 28.697025, 0.0)
(40.064861, 28.737745, 0.0)
(39.331455, 30.232269, 0.0)
(39.070793, 30.479277, 0.0)
(39.051819, 30.465714, 0.0)
(39.016354, 30.438484, 0.0)
(38.973438, 30.430635, 0.0)
(38.926052, 30.458223, 0.0)
(38.915012, 30.417231, 0.0)
(38.967068, 30.393873, 0.0)
(38.984051, 30.378986, 0.0)
(38.998428, 30.401423, 0.0)
(38.925549, 30.417822, 0.0)
(38.859474, 30.441704, 0.0)
(38.819981, 30.462725, 0.0)
(38.796051, 30.458017, 0.0)
(38.814934, 30.464199, 0.0)
(38.869965, 30.443556, 0.0)
(38.903252, 30.427481, 0.0)
(38.897808, 30.374063, 0.0)
(38.887337, 30.329435, 0.0)
(38.845928, 30.274597, 0.0)
(38.854153, 30.216545, 0.0)
(38.861782, 30.128439, 0.0)
(38.879883, 30.021530, 0.0)
(39.240223, 29.779755, 0.0)
(39.385742, 29.555546, 0.0)
(39.421932, 29.513882, 0.0)
(39.413387, 29.371923, 0.0)
(39.425465, 29.280256, 0.0)
(39.451385, 29.169588, 0.0)
(39.444138, 29.090548, 0.0)
(39.413353, 28.960018, 0.0)
(39.438560, 28.846939, 0.0)
(39.428123, 28.690598, 0.0)
(39.223240, 28.131645, 0.0)
(38.944344, 27.909157, 0.0)
(39.364429, 27.089518, 0.0)
(39.462570, 26.308887, 0.0)
(39.439774, 26.104551, 0.0)
(39.445820, 26.117054, 0.0)
(39.442047, 26.048288, 0.0)
(39.453739, 25.957365, 0.0)
(39.525631, 24.806572, 0.0)
(39.534740, 24.787693, 0.0)
(39.516762, 24.846153, 0.0)
(39.499428, 24.787342, 0.0)
(39.469200, 24.339027, 0.0)
(39.439140, 23.653749, 0.0)
(39.438480, 23.672657, 0.0)
(39.427212, 23.685585, 0.0)
(39.431232, 23.678026, 0.0)
(39.447933, 23.625544, 0.0)
(39.331398, 23.100302, 0.0)
(39.321026, 23.047916, 0.0)
(39.314098, 23.062014, 0.0)
(39.301815, 23.064285, 0.0)
(39.335644, 23.028561, 0.0)
(39.356480, 22.982731, 0.0)
(39.363815, 22.961094, 0.0)
(39.343655, 22.966900, 0.0)
(39.316345, 22.967424, 0.0)
(39.311363, 22.967602, 0.0)
(39.307667, 22.970682, 0.0)
(39.334148, 22.935066, 0.0)
(39.355526, 22.887695, 0.0)
(39.352383, 22.863142, 0.0)
(39.336605, 22.850607, 0.0)
(39.305061, 22.826168, 0.0)
(39.294201, 22.870928, 0.0)
(39.274830, 22.886713, 0.0)
(39.264359, 22.924248, 0.0)
(39.070492, 23.112635, 0.0)
(38.942329, 23.609961, 0.0)
(38.909145, 23.661221, 0.0)
(38.915218, 23.746607, 0.0)
(38.899982, 23.872448, 0.0)
(38.884426, 23.968199, 0.0)
(38.908852, 24.060814, 0.0)
(38.928879, 24.186695, 0.0)
(38.925148, 24.329237, 0.0)
(39.011417, 24.650284, 0.0)
(39.117676, 25.581583, 0.0)
(39.116856, 25.734468, 0.0)
(39.098225, 25.783632, 0.0)
(39.098099, 25.879358, 0.0)
(39.090992, 25.945221, 0.0)
(39.068398, 25.970545, 0.0)
(39.022861, 26.036901, 0.0)
(38.909924, 26.248529, 0.0)
(38.436462, 27.249151, 0.0)
(38.407269, 27.350428, 0.0)
(38.420551, 27.339096, 0.0)
(38.424973, 27.379763, 0.0)
(38.453968, 27.393621, 0.0)
(38.466469, 27.407600, 0.0)
(38.477852, 27.457911, 0.0)
(38.473171, 27.505426, 0.0)
(38.766388, 28.407457, 0.0)
(38.798836, 28.886602, 0.0)
(38.775753, 28.968441, 0.0)
(38.755901, 28.984705, 0.0)
(38.751854, 29.019611, 0.0)
(38.534294, 29.646702, 0.0)
(38.285801, 30.818264, 0.0)
(38.266891, 30.910505, 0.0)
(38.291512, 30.809704, 0.0)
(38.259483, 30.779890, 0.0)
(38.262844, 30.779947, 0.0)
(38.238125, 30.737648, 0.0)
(38.195202, 30.725792, 0.0)
(38.205551, 30.743303, 0.0)
(38.212795, 30.782799, 0.0)
(38.199215, 30.797808, 0.0)
(38.198086, 30.797571, 0.0)
(38.173470, 30.793344, 0.0)
(38.143917, 30.793093, 0.0)
(38.112785, 30.794380, 0.0)
(38.115173, 30.788664, 0.0)
(38.113853, 30.784460, 0.0)
(38.104282, 30.776737, 0.0)
(38.070286, 30.750511, 0.0)
(38.028149, 30.748903, 0.0)
(37.997169, 30.729357, 0.0)
(37.990070, 30.696554, 0.0)
(37.979805, 30.599884, 0.0)
(37.983677, 30.524313, 0.0)
(37.981117, 30.436199, 0.0)
(37.681522, 29.609371, 0.0)
(37.709206, 29.375622, 0.0)
(37.720604, 29.244085, 0.0)
(37.715561, 29.119873, 0.0)
(37.750252, 29.018347, 0.0)
(37.810112, 28.826887, 0.0)
(37.889755, 28.700714, 0.0)
(37.915844, 28.534988, 0.0)
(37.932930, 28.459618, 0.0)
(37.896389, 28.573198, 0.0)
(36.570889, 27.947432, 0.0)
(37.354286, 26.601259, 0.0)
(37.426441, 25.869987, 0.0)
(37.423798, 25.625633, 0.0)
(37.426609, 25.568792, 0.0)
(37.407192, 25.501888, 0.0)
(37.351814, 25.463526, 0.0)
(37.478756, 25.434273, 0.0)
(37.796478, 25.274061, 0.0)
(37.856602, 25.202034, 0.0)
(37.902382, 25.133083, 0.0)
(37.940582, 25.100536, 0.0)
(37.959148, 25.028584, 0.0)
(37.847412, 24.498066, 0.0)
(37.778782, 23.246391, 0.0)
(37.772736, 23.207790, 0.0)
(37.744480, 23.206312, 0.0)
(37.748867, 23.161715, 0.0)
(37.760044, 23.092848, 0.0)
(37.763687, 23.053509, 0.0)
(37.764236, 23.057833, 0.0)
(37.770187, 23.042854, 0.0)
(37.747200, 22.775112, 0.0)
(37.721935, 22.179295, 0.0)
(37.722034, 22.229914, 0.0)
(37.715572, 22.320688, 0.0)
(37.693161, 22.325569, 0.0)
(37.653484, 22.255617, 0.0)
(37.641041, 22.278202, 0.0)
(37.627628, 22.338978, 0.0)
(37.577053, 22.405161, 0.0)
(37.529018, 22.446186, 0.0)
(37.468185, 22.487949, 0.0)
(37.406693, 22.519606, 0.0)
(37.397091, 22.532545, 0.0)
(37.393433, 22.563381, 0.0)
(37.418953, 22.615454, 0.0)
(37.391808, 22.634792, 0.0)
(37.392891, 22.708477, 0.0)
(37.302765, 22.938623, 0.0)
(37.141762, 23.655916, 0.0)
(37.143082, 23.809746, 0.0)
(37.161022, 23.865316, 0.0)
(37.157471, 23.942917, 0.0)
(37.151409, 24.045242, 0.0)
(37.133663, 24.128801, 0.0)
(37.133217, 24.179043, 0.0)
(37.352089, 24.828938, 0.0)
(37.308983, 25.052734, 0.0)
(37.281044, 25.168890, 0.0)
(37.237953, 25.275202, 0.0)
(37.229218, 25.396770, 0.0)
(37.210236, 25.443436, 0.0)
(37.206394, 25.548044, 0.0)
(36.970371, 26.788582, 0.0)
(36.939079, 27.062946, 0.0)
(36.920574, 27.118708, 0.0)
(36.909653, 27.127357, 0.0)
(36.878132, 27.179182, 0.0)
(36.874920, 27.234228, 0.0)
(36.875347, 27.246334, 0.0)
(36.902000, 27.262070, 0.0)
(36.903305, 27.316801, 0.0)
(36.927845, 27.354574, 0.0)
(36.942753, 27.506166, 0.0)
(37.216331, 29.156061, 0.0)
(37.165001, 29.589581, 0.0)
(37.095467, 29.541700, 0.0)
(37.059093, 29.487434, 0.0)
(37.055313, 29.479977, 0.0)
(37.058136, 29.460814, 0.0)
(37.059162, 29.470921, 0.0)
(37.048130, 29.477242, 0.0)
(36.793999, 29.745335, 0.0)
(36.677948, 30.040016, 0.0)
(36.645855, 30.097227, 0.0)
(36.632225, 30.116667, 0.0)
(36.620403, 30.133226, 0.0)
(36.624031, 30.124964, 0.0)
(36.612453, 30.133034, 0.0)
(36.609806, 30.123838, 0.0)
(36.623291, 30.115889, 0.0)
(36.631165, 30.110312, 0.0)
(36.602955, 30.140318, 0.0)
(36.589626, 30.122993, 0.0)
(36.589626, 30.076550, 0.0)
(36.552753, 30.044554, 0.0)
(36.534885, 30.046915, 0.0)
(36.553097, 29.987503, 0.0)
(36.525093, 30.037626, 0.0)
(35.715389, 30.821472, 0.0)
(36.231544, 29.505102, 0.0)
(36.184898, 28.615580, 0.0)
(36.176929, 28.088629, 0.0)
(36.222134, 27.852758, 0.0)
(36.185444, 27.610046, 0.0)
(36.190140, 27.401749, 0.0)
(36.248085, 27.176741, 0.0)
(36.272644, 27.101913, 0.0)
(36.275448, 27.054255, 0.0)
(36.288765, 26.985918, 0.0)
(36.261532, 26.952089, 0.0)
(36.254093, 26.938322, 0.0)
(36.274265, 26.930071, 0.0)
(36.324135, 26.104250, 0.0)
(36.443970, 24.658134, 0.0)
(36.439831, 24.549929, 0.0)
(36.445686, 24.654135, 0.0)
(36.420334, 24.638403, 0.0)
(36.419102, 24.664616, 0.0)
(36.396378, 24.672131, 0.0)
(36.357388, 24.686649, 0.0)
(36.381962, 24.703827, 0.0)
(36.265953, 24.000595, 0.0)
(36.117741, 22.504774, 0.0)
(36.122814, 22.502600, 0.0)
(36.146572, 22.585817, 0.0)
(36.150990, 22.586586, 0.0)
(36.151539, 22.586031, 0.0)
(36.154987, 22.590487, 0.0)
(36.161678, 21.960604, 0.0)
(36.160797, 21.932867, 0.0)
(36.157814, 21.947395, 0.0)
(36.161850, 21.951077, 0.0)
(36.169350, 21.949986, 0.0)
(36.168800, 21.938047, 0.0)
(36.195431, 21.938282, 0.0)
(36.226189, 21.912071, 0.0)
(36.212364, 21.848377, 0.0)
(36.229351, 21.864515, 0.0)
(36.178150, 21.945713, 0.0)
(36.088261, 22.142241, 0.0)
(36.081818, 22.149460, 0.0)
(36.072262, 22.126389, 0.0)
(36.038658, 22.105200, 0.0)
(36.012756, 22.070835, 0.0)
(36.005924, 22.103573, 0.0)
(35.984646, 22.149149, 0.0)
(35.912930, 22.168030, 0.0)
(35.888168, 22.197231, 0.0)
(35.632278, 22.623386, 0.0)
(35.517242, 23.285494, 0.0)
(35.514450, 23.394098, 0.0)
(35.507645, 23.425367, 0.0)
(35.528957, 23.492811, 0.0)
(35.557228, 23.532146, 0.0)
(35.567818, 23.583960, 0.0)
(35.581741, 23.630367, 0.0)
(35.597263, 23.659729, 0.0)
(35.613487, 23.674566, 0.0)
(35.600830, 23.744909, 0.0)
(35.659515, 24.093229, 0.0)
(35.718529, 24.871168, 0.0)
(35.757133, 24.898403, 0.0)
(35.794575, 24.856310, 0.0)
(35.752071, 24.890388, 0.0)
(35.704552, 24.913500, 0.0)
(35.675701, 24.933693, 0.0)
(35.671486, 25.476923, 0.0)
(35.686298, 27.311659, 0.0)
(35.654976, 27.433504, 0.0)
(35.605381, 27.396509, 0.0)
(35.560238, 27.378469, 0.0)
(35.533535, 27.315966, 0.0)
(35.531288, 27.302675, 0.0)
(35.539707, 27.320440, 0.0)
(35.538979, 27.400354, 0.0)
(35.608940, 27.473505, 0.0)
(35.640202, 27.463181, 0.0)
(35.680450, 27.587833, 0.0)
(35.688309, 27.556086, 0.0)
(35.626568, 29.235704, 0.0)
(35.555180, 29.860678, 0.0)
(35.495331, 29.852663, 0.0)
(35.459442, 29.868610, 0.0)
(35.423717, 29.902151, 0.0)
(35.357533, 29.970982, 0.0)
(35.268112, 29.975552, 0.0)
(35.232265, 30.002670, 0.0)
(35.195492, 30.042366, 0.0)
(35.189766, 30.053465, 0.0)
(35.206093, 30.071600, 0.0)
(35.239063, 30.105572, 0.0)
(35.234158, 30.167198, 0.0)
(35.226063, 30.197199, 0.0)
(35.204613, 30.243572, 0.0)
(35.179909, 30.254545, 0.0)
(35.116707, 30.267601, 0.0)
(35.099934, 30.229355, 0.0)
(35.089600, 30.220470, 0.0)
(35.153233, 30.133236, 0.0)
(35.115662, 30.053040, 0.0)
(34.589371, 29.488098, 0.0)
(34.535011, 29.164379, 0.0)
(34.522270, 29.121267, 0.0)
(34.489662, 29.046459, 0.0)
(34.439178, 28.871231, 0.0)
(34.527573, 28.734438, 0.0)
(34.539829, 28.521904, 0.0)
(34.548737, 28.336651, 0.0)
(34.481884, 28.179474, 0.0)
(34.421017, 27.929470, 0.0)
(34.394650, 27.842232, 0.0)
(34.349178, 27.838945, 0.0)
(34.198368, 29.603203, 0.0)
(0.000000, 0.000000, 1.0)
(34.327488, 28.181040, 0.0)
(34.420273, 27.112087, 0.0)
(34.537655, 26.538012, 0.0)
(34.561954, 26.386246, 0.0)
(34.578644, 26.316919, 0.0)
(34.591049, 26.338783, 0.0)
(34.661808, 26.221930, 0.0)
(34.663391, 26.124722, 0.0)
(34.659943, 26.070704, 0.0)
(34.602516, 25.199722, 0.0)
(34.571201, 23.718487, 0.0)
(34.586403, 23.738440, 0.0)
(34.589325, 23.777742, 0.0)
(34.553589, 23.735010, 0.0)
(34.529060, 23.735571, 0.0)
(34.542992, 23.352642, 0.0)
(34.462887, 21.847530, 0.0)
(34.494671, 21.818575, 0.0)
(34.530270, 21.873541, 0.0)
(34.546131, 21.885273, 0.0)
(34.570625, 21.863962, 0.0)
(34.583122, 21.852386, 0.0)
(34.606285, 21.865587, 0.0)
(34.623161, 21.882565, 0.0)
(34.622749, 21.870073, 0.0)
(34.605011, 21.828438, 0.0)
(34.611481, 21.819847, 0.0)
(34.612850, 21.814857, 0.0)
(34.613022, 21.817421, 0.0)
(34.611233, 21.822235, 0.0)
(34.602711, 21.847990, 0.0)
(34.561268, 21.873177, 0.0)
(34.531773, 21.908142, 0.0)
(34.482944, 21.958254, 0.0)
(34.429592, 21.987267, 0.0)
(34.389538, 22.013311, 0.0)
(34.376019, 22.033148, 0.0)
(34.371639, 22.085423, 0.0)
(34.195744, 22.345160, 0.0)
(33.857880, 23.342295, 0.0)
(33.788548, 23.493536, 0.0)
(33.767109, 23.529089, 0.0)
(33.743267, 23.640059, 0.0)
(33.757225, 23.703213, 0.0)
(33.781578, 23.760792, 0.0)
(33.789970, 23.819206, 0.0)
(33.793537, 23.854649, 0.0)
(33.773731, 23.953798, 0.0)
(33.762245, 24.047895, 0.0)
(33.738041, 24.111265, 0.0)
(33.677231, 23.989389, 0.0)
(33.252663, 28.424591, 0.0)
(33.708385, 26.696037, 0.0)
(33.690567, 26.022259, 0.0)
(33.689167, 25.952820, 0.0)
(33.654697, 26.013365, 0.0)
(33.655952, 26.121378, 0.0)
(33.677246, 26.152590, 0.0)
(33.687038, 26.167904, 0.0)
(33.606064, 28.552462, 0.0)
(33.618935, 30.133236, 0.0)
(33.584045, 30.171841, 0.0)
(33.556190, 30.084797, 0.0)
(33.543846, 30.021957, 0.0)
(33.585224, 29.969938, 0.0)
(33.548393, 29.976536, 0.0)
(33.578335, 29.952066, 0.0)
(33.559818, 29.911726, 0.0)
(33.588902, 29.862564, 0.0)
(33.591541, 29.875957, 0.0)
(33.618916, 29.849773, 0.0)
(33.660168, 29.810890, 0.0)
(33.686050, 29.760937, 0.0)
(33.688042, 29.755253, 0.0)
(33.761608, 29.749887, 0.0)
(33.775093, 29.761118, 0.0)
(33.790443, 29.758232, 0.0)
(33.803837, 29.775331, 0.0)
(33.821075, 29.765701, 0.0)
(33.831680, 29.760056, 0.0)
(33.811863, 29.747622, 0.0)
(33.808155, 29.724495, 0.0)
(33.719547, 29.718233, 0.0)
(33.684666, 29.735039, 0.0)
(33.707260, 29.745266, 0.0)
(33.714970, 29.743057, 0.0)
(33.624996, 29.725149, 0.0)
(33.582436, 29.667101, 0.0)
(33.535324, 29.654804, 0.0)
(32.881687, 29.750149, 0.0)
(32.778709, 29.716400, 0.0)
(32.711884, 29.634987, 0.0)
(32.706730, 29.588678, 0.0)
(32.712227, 29.478935, 0.0)
(32.729500, 29.374071, 0.0)
(32.778511, 29.335194, 0.0)
(32.768661, 29.233839, 0.0)
(32.778103, 29.149904, 0.0)
(33.027840, 28.778595, 0.0)
(33.101223, 28.207966, 0.0)
(33.134895, 28.058834, 0.0)
(33.103035, 27.951868, 0.0)
(33.088970, 27.892912, 0.0)
(33.050762, 27.795887, 0.0)
(33.032944, 27.696220, 0.0)
(33.035839, 27.714136, 0.0)
(32.921486, 28.683872, 0.0)
(32.417465, 28.622925, 0.0)
(32.745502, 27.100842, 0.0)
(32.841492, 26.154686, 0.0)
(32.890472, 25.618036, 0.0)
(32.956039, 25.342844, 0.0)
(32.880070, 25.223164, 0.0)
(32.881828, 25.201050, 0.0)
(32.867580, 25.166420, 0.0)
(32.868160, 25.132214, 0.0)
(32.970917, 24.722019, 0.0)
(33.064873, 23.710533, 0.0)
(33.064674, 23.624624, 0.0)
(33.063782, 23.681253, 0.0)
(33.069374, 23.677166, 0.0)
(33.060207, 23.533922, 0.0)
(32.942654, 22.700510, 0.0)
(32.940422, 22.662807, 0.0)
(32.881313, 22.710865, 0.0)
(32.833027, 22.720348, 0.0)
(32.818295, 22.693422, 0.0)
(32.805309, 22.690826, 0.0)
(32.726646, 22.411903, 0.0)
(32.729046, 22.299999, 0.0)
(32.726486, 22.313326, 0.0)
(32.709942, 22.288525, 0.0)
(32.692398, 22.291958, 0.0)
(32.690041, 22.290655, 0.0)
(32.665581, 22.287968, 0.0)
(32.659992, 22.297873, 0.0)
(32.636993, 22.302271, 0.0)
(32.620861, 22.280039, 0.0)
(32.574009, 22.285658, 0.0)
(32.564461, 22.302597, 0.0)
(32.516979, 22.344316, 0.0)
(32.312653, 22.849455, 0.0)
(31.904278, 24.162970, 0.0)
(31.827774, 24.314682, 0.0)
(31.830101, 24.334587, 0.0)
(31.831261, 24.357981, 0.0)
(31.816010, 24.429247, 0.0)
(31.846336, 24.452557, 0.0)
(31.824005, 24.472897, 0.0)
(31.839006, 24.473246, 0.0)
(31.852577, 24.559683, 0.0)
(31.884052, 24.576305, 0.0)
(31.867270, 24.600430, 0.0)
(31.945072, 24.689270, 0.0)
(32.285248, 25.177429, 0.0)
(32.357437, 25.233866, 0.0)
(32.373096, 25.195086, 0.0)
(32.400539, 25.199121, 0.0)
(32.409344, 25.242058, 0.0)
(32.418674, 25.259972, 0.0)
(32.187912, 25.656914, 0.0)
(32.155876, 27.124287, 0.0)
(32.155304, 27.378693, 0.0)
(32.153542, 27.336790, 0.0)
(32.139893, 27.320318, 0.0)
(32.108963, 27.289831, 0.0)
(32.110931, 27.314779, 0.0)
(32.147346, 27.400110, 0.0)
(32.529114, 28.868340, 0.0)
(32.525787, 29.100487, 0.0)
(32.485237, 29.047155, 0.0)
(32.481579, 29.004234, 0.0)
(32.481224, 28.971611, 0.0)
(32.488907, 28.966833, 0.0)
(32.502617, 28.947886, 0.0)
(32.445011, 28.958008, 0.0)
(32.294762, 29.128416, 0.0)
(32.065495, 29.493765, 0.0)
(32.055492, 29.578947, 0.0)
(32.014854, 29.603508, 0.0)
(31.920866, 29.619318, 0.0)
(31.926350, 29.610443, 0.0)
(31.925148, 29.618279, 0.0)
(31.915131, 29.625340, 0.0)
(31.994982, 29.653906, 0.0)
(31.973982, 29.699942, 0.0)
(31.949074, 29.716204, 0.0)
(31.968372, 29.745396, 0.0)
(31.938185, 29.771692, 0.0)
(31.883139, 29.795429, 0.0)
(31.804806, 29.837769, 0.0)
(31.689726, 29.878630, 0.0)
(31.624067, 29.906418, 0.0)
(31.535053, 29.931158, 0.0)
(31.506903, 29.906111, 0.0)
(31.531120, 29.859034, 0.0)
(31.536028, 29.796307, 0.0)
(31.446285, 29.701714, 0.0)
(31.049812, 29.172729, 0.0)
(31.039381, 28.948765, 0.0)
(31.057909, 28.923077, 0.0)
(31.057909, 28.820028, 0.0)
(31.038776, 28.708975, 0.0)
(31.016758, 28.633774, 0.0)
(30.992483, 28.500278, 0.0)
(30.992350, 28.370106, 0.0)
(31.000622, 28.176216, 0.0)
(31.008829, 28.021196, 0.0)
(31.106403, 27.829773, 0.0)
(31.116678, 27.704540, 0.0)
(31.095514, 27.498812, 0.0)
(31.096577, 26.551134, 0.0)
(31.089706, 26.190104, 0.0)
(31.018177, 26.119450, 0.0)
(30.990646, 25.997419, 0.0)
(30.987051, 25.943478, 0.0)
(31.017902, 25.820972, 0.0)
(31.060659, 25.552917, 0.0)
(31.306150, 23.546257, 0.0)
(31.258144, 22.990845, 0.0)
(31.239407, 23.048231, 0.0)
(31.235260, 23.101923, 0.0)
(31.225702, 23.087322, 0.0)
(31.238560, 23.127220, 0.0)
(31.242611, 23.128756, 0.0)
(31.270601, 23.124506, 0.0)
(31.292322, 23.125092, 0.0)
(31.327160, 23.115360, 0.0)
(31.359970, 23.125254, 0.0)
(31.374247, 23.117512, 0.0)
(31.384441, 23.106583, 0.0)
(31.402098, 23.064735, 0.0)
(31.389776, 23.006536, 0.0)
(31.382822, 22.970720, 0.0)
(31.373690, 22.950438, 0.0)
(31.379091, 22.921314, 0.0)
(31.391150, 22.905285, 0.0)
(31.375189, 22.906118, 0.0)
(31.371830, 22.889059, 0.0)
(31.375530, 22.861589, 0.0)
(31.254444, 22.846600, 0.0)
(30.988100, 22.723103, 0.0)
(30.974535, 22.725988, 0.0)
(30.973364, 22.748892, 0.0)
(30.946552, 22.758694, 0.0)
(30.932198, 22.783848, 0.0)
(30.934822, 22.804031, 0.0)
(30.928377, 22.833841, 0.0)
(30.928059, 22.858414, 0.0)
(30.945139, 22.907101, 0.0)
(30.578035, 23.742802, 0.0)
(30.519636, 24.147217, 0.0)
(30.530277, 24.199362, 0.0)
(30.519945, 24.237391, 0.0)
(30.512833, 24.255243, 0.0)
(30.504377, 24.331104, 0.0)
(30.521893, 24.401659, 0.0)
(30.508333, 24.491228, 0.0)
(30.521032, 24.514362, 0.0)
(30.520231, 24.523516, 0.0)
(30.531050, 24.644178, 0.0)
(30.989536, 26.031715, 0.0)
(30.936417, 26.602564, 0.0)
(30.896635, 26.655310, 0.0)
(30.845245, 26.638363, 0.0)
(30.839397, 26.673424, 0.0)
(30.837185, 26.714970, 0.0)
(30.857065, 26.720623, 0.0)
(30.466219, 26.955816, 0.0)
(30.345312, 27.050167, 0.0)
(30.365383, 27.090506, 0.0)
(30.350863, 27.121466, 0.0)
(30.360056, 27.186142, 0.0)
(30.622446, 27.300461, 0.0)
(30.792625, 27.357914, 0.0)
(30.796318, 27.398281, 0.0)
(30.752237, 27.417128, 0.0)
(30.744965, 27.515646, 0.0)
(30.737295, 27.551071, 0.0)
(30.749477, 27.568903, 0.0)
(30.750221, 27.564999, 0.0)
(30.767939, 27.612631, 0.0)
(30.775364, 27.661242, 0.0)
(30.851921, 28.451712, 0.0)
(30.845232, 29.022545, 0.0)
(30.788427, 29.079763, 0.0)
(30.709318, 29.073540, 0.0)
(30.679058, 29.116390, 0.0)
(30.685873, 29.136345, 0.0)
(30.675608, 29.148882, 0.0)
(30.674780, 29.129393, 0.0)
(30.521223, 28.740276, 0.0)
(30.419338, 28.461702, 0.0)
(30.351831, 28.535360, 0.0)
(30.249741, 28.580379, 0.0)
(30.201511, 28.563629, 0.0)
(30.208424, 28.553207, 0.0)
(30.277306, 28.549669, 0.0)
(30.330393, 28.524696, 0.0)
(30.362835, 28.461294, 0.0)
(30.343260, 28.373182, 0.0)
(30.325294, 28.323219, 0.0)
(30.304472, 28.272573, 0.0)
(30.322418, 28.209757, 0.0)
(30.342978, 28.081757, 0.0)
(30.406034, 27.895840, 0.0)
(30.399639, 27.801958, 0.0)
(30.387901, 27.684917, 0.0)
(30.127077, 27.621454, 0.0)
(30.099710, 27.550962, 0.0)
(30.102289, 27.444702, 0.0)
(30.142418, 27.373159, 0.0)
(30.148090, 27.208942, 0.0)
(30.234442, 28.761745, 0.0)
(29.905216, 28.764280, 0.0)
(29.885094, 27.635431, 0.0)
(29.908752, 26.918842, 0.0)
(29.938108, 26.482254, 0.0)
(29.962107, 26.279306, 0.0)
(30.003464, 26.133173, 0.0)
(30.128792, 25.672934, 0.0)
(30.128937, 24.793144, 0.0)
(30.129988, 24.691765, 0.0)
(30.103159, 24.650454, 0.0)
(30.118032, 24.568434, 0.0)
(30.102636, 24.522652, 0.0)
(30.098850, 24.462231, 0.0)
(30.112083, 24.394127, 0.0)
(30.117220, 24.373882, 0.0)
(30.038692, 23.771852, 0.0)
(30.026220, 23.519943, 0.0)
(30.043749, 23.512556, 0.0)
(30.032579, 23.469574, 0.0)
(30.070974, 23.404810, 0.0)
(30.097195, 23.278633, 0.0)
(30.067698, 23.252188, 0.0)
(30.057230, 23.213146, 0.0)
(30.039772, 23.195356, 0.0)
(30.013918, 23.170603, 0.0)
(29.965023, 23.162447, 0.0)
(29.955877, 23.163588, 0.0)
(29.952065, 23.156492, 0.0)
(29.929930, 23.161018, 0.0)
(29.867321, 23.182064, 0.0)
(29.782148, 23.239161, 0.0)
(29.735071, 23.295429, 0.0)
(29.719992, 23.325874, 0.0)
(29.681160, 23.372328, 0.0)
(29.673794, 23.405327, 0.0)
(29.655842, 23.420687, 0.0)
(29.380844, 23.848492, 0.0)
(29.416460, 24.965935, 0.0)
(29.390038, 25.248034, 0.0)
(29.345301, 25.254566, 0.0)
(29.280897, 25.324106, 0.0)
(29.262856, 25.346376, 0.0)
(29.248455, 25.397161, 0.0)
(29.272398, 25.457893, 0.0)
(29.260654, 25.491331, 0.0)
(29.256350, 25.521868, 0.0)
(29.237301, 25.586611, 0.0)
(29.225174, 25.667070, 0.0)
(29.226204, 25.728546, 0.0)
(29.291494, 25.910845, 0.0)
(29.606144, 26.915474, 0.0)
(29.632608, 27.326571, 0.0)
(29.630194, 27.349140, 0.0)
(29.620464, 27.914894, 0.0)
(29.585800, 28.655478, 0.0)
(29.532215, 28.748493, 0.0)
(29.508869, 28.756323, 0.0)
(29.485342, 28.753609, 0.0)
(29.495272, 28.760691, 0.0)
(29.524015, 28.753456, 0.0)
(29.537867, 28.758766, 0.0)
(29.517776, 28.741972, 0.0)
(29.522280, 28.751207, 0.0)
(29.504295, 28.764168, 0.0)
(29.486000, 28.805031, 0.0)
(29.477539, 28.817493, 0.0)
(29.496378, 28.858938, 0.0)
(29.503824, 28.916550, 0.0)
(29.543404, 28.941153, 0.0)
(29.559278, 28.944740, 0.0)
(29.567265, 29.002457, 0.0)
(29.600107, 29.456934, 0.0)
(29.711407, 30.104422, 0.0)
(29.682219, 30.202490, 0.0)
(29.658178, 30.194328, 0.0)
(29.691481, 30.235731, 0.0)
(29.674614, 30.236063, 0.0)
(29.677835, 30.256910, 0.0)
(29.656185, 30.278955, 0.0)
(29.672083, 30.291603, 0.0)
(29.649658, 30.325537, 0.0)
(29.665421, 30.338030, 0.0)
(29.663961, 30.303543, 0.0)
(29.656693, 30.274544, 0.0)
(29.633083, 30.207417, 0.0)
(29.622871, 30.146860, 0.0)
(29.591784, 30.115438, 0.0)
(29.574879, 30.035093, 0.0)
(29.577629, 29.984865, 0.0)
(29.092293, 29.233139, 0.0)
(29.035757, 28.888641, 0.0)
(29.039709, 28.814028, 0.0)
(29.017942, 28.699654, 0.0)
(29.016800, 28.593122, 0.0)
(29.017948, 28.524225, 0.0)
(29.043293, 28.414850, 0.0)
(29.047873, 28.273533, 0.0)
(29.050829, 28.196234, 0.0)
(28.927593, 27.630493, 0.0)
(28.937502, 28.937017, 0.0)
(28.595114, 29.218548, 0.0)
(28.880974, 28.084341, 0.0)
(28.896111, 27.267681, 0.0)
(28.851156, 26.723461, 0.0)
(28.890610, 26.461895, 0.0)
(28.884384, 26.460281, 0.0)
(28.887928, 26.434069, 0.0)
(28.902927, 26.415340, 0.0)
(28.932451, 26.406622, 0.0)
(29.223028, 25.711338, 0.0)
(29.255722, 25.368961, 0.0)
(29.269562, 25.296528, 0.0)
(29.292213, 25.251223, 0.0)
(29.342783, 25.188227, 0.0)
(29.230003, 25.198568, 0.0)
(29.032421, 25.140156, 0.0)
(29.020273, 25.086636, 0.0)
(29.029776, 25.059191, 0.0)
(29.022100, 25.008512, 0.0)
(29.035538, 24.996632, 0.0)
(29.060616, 24.933180, 0.0)
(29.043806, 24.890825, 0.0)
(28.918667, 24.581303, 0.0)
(28.813507, 23.827126, 0.0)
(28.739340, 23.716965, 0.0)
(28.709766, 23.791304, 0.0)
(28.702898, 23.783070, 0.0)
(28.734720, 23.783030, 0.0)
(28.684872, 23.762335, 0.0)
(28.647993, 23.729147, 0.0)
(28.624762, 23.755991, 0.0)
(28.600956, 23.747234, 0.0)
(28.579477, 23.748087, 0.0)
(28.583796, 23.748310, 0.0)
(28.582748, 23.748438, 0.0)
(28.578196, 23.711679, 0.0)
(28.532944, 23.725815, 0.0)
(28.496868, 23.760731, 0.0)
(28.485224, 23.782183, 0.0)
(28.478710, 23.818851, 0.0)
(28.777187, 24.729847, 0.0)
(28.598967, 25.859983, 0.0)
(28.576523, 25.958773, 0.0)
(28.488592, 25.904049, 0.0)
(28.384985, 26.330564, 0.0)
(28.788439, 29.853333, 0.0)
(29.133186, 29.206249, 0.0)
(29.104246, 28.480848, 0.0)
(29.026169, 28.058495, 0.0)
(29.034000, 27.891703, 0.0)
(29.039675, 27.856236, 0.0)
(29.011665, 27.897551, 0.0)
(29.005291, 27.906912, 0.0)
(28.993073, 27.935410, 0.0)
(29.002911, 27.899462, 0.0)
(28.734142, 28.345612, 0.0)
(28.588449, 28.683523, 0.0)
(28.632690, 28.681990, 0.0)
(28.670761, 28.706930, 0.0)
(28.695200, 28.680111, 0.0)
(28.699688, 28.729309, 0.0)
(28.686800, 28.773626, 0.0)
(28.698940, 28.849039, 0.0)
(28.717360, 28.863287, 0.0)
(28.706434, 28.888716, 0.0)
(28.710968, 28.921818, 0.0)
(28.698206, 28.939434, 0.0)
(28.688206, 28.971100, 0.0)
(28.679306, 28.997175, 0.0)
(28.670521, 29.048368, 0.0)
(28.661757, 29.039221, 0.0)
(28.651321, 29.108160, 0.0)
(28.653410, 29.148924, 0.0)
(29.008423, 30.045889, 0.0)
(29.004282, 30.348843, 0.0)
(28.920855, 30.411930, 0.0)
(28.890522, 30.452705, 0.0)
(28.880348, 30.478376, 0.0)
(28.897955, 30.482840, 0.0)
(28.896770, 30.506151, 0.0)
(28.892174, 30.524557, 0.0)
(28.877083, 30.577877, 0.0)
(28.902121, 30.624832, 0.0)
(28.921726, 30.664873, 0.0)
(28.914488, 30.686588, 0.0)
(28.920696, 30.686884, 0.0)
(28.930651, 30.703350, 0.0)
(28.936693, 30.681486, 0.0)
(28.968981, 30.671473, 0.0)
(29.000021, 30.654242, 0.0)
(29.012091, 30.688665, 0.0)
(29.017883, 30.693047, 0.0)
(29.015331, 30.672215, 0.0)
(28.989996, 30.693258, 0.0)
(28.971836, 30.693630, 0.0)
(28.957203, 30.670710, 0.0)
(28.975367, 30.696331, 0.0)
(28.979952, 30.691450, 0.0)
(28.977503, 30.695843, 0.0)
(28.993034, 30.654118, 0.0)
(28.959845, 30.626188, 0.0)
(28.960676, 30.621479, 0.0)
(28.957382, 30.608604, 0.0)
(28.811451, 30.707317, 0.0)
(28.787321, 30.734657, 0.0)
(28.801310, 30.711607, 0.0)
(28.797186, 31.144482, 0.0)
(28.973469, 32.206905, 0.0)
(28.951197, 31.568842, 0.0)
(28.992132, 31.271641, 0.0)
(28.952639, 31.092104, 0.0)
(28.944061, 31.038177, 0.0)
(28.922447, 30.986538, 0.0)
(28.908306, 30.945419, 0.0)
(28.927216, 30.955103, 0.0)
